EndNode1[0]<--->Repeater1[0]
REAL
    0.478717  -0.00163211 -0.000761945      0.37809
 -0.00163211    0.0176859   0.00973165 -1.27687e-05
-0.000761945   0.00973165    0.0167866   0.00147716
     0.37809 -1.27687e-05   0.00147716     0.486811
IMAGINARY
           0   0.00277963  -0.00526569   0.00486663
 -0.00277963            0   -0.0075548   0.00287763
  0.00526569    0.0075548            0 -9.30636e-05
 -0.00486663  -0.00287763  9.30636e-05            0
EndNode2[0]<--->HoM1[0]
REAL
    0.481874 -0.000459327  -0.00373301      0.37817
-0.000459327    0.0147362   0.00550904  -0.00249844
 -0.00373301   0.00550904    0.0194518   0.00253648
     0.37817  -0.00249844   0.00253648     0.483938
IMAGINARY
           0  -0.00355418  0.000180059    0.0158349
  0.00355418            0  0.000130463   0.00555319
-0.000180059 -0.000130463            0  0.000838428
  -0.0158349  -0.00555319 -0.000838428            0
Repeater1[0]<--->EndNode1[0]
REAL
    0.478717 -0.000761945  -0.00163211      0.37809
-0.000761945    0.0167866   0.00973165   0.00147716
 -0.00163211   0.00973165    0.0176859 -1.27687e-05
     0.37809   0.00147716 -1.27687e-05     0.486811
IMAGINARY
           0  -0.00526569   0.00277963   0.00486663
  0.00526569            0    0.0075548 -9.30636e-05
 -0.00277963   -0.0075548            0   0.00287763
 -0.00486663  9.30636e-05  -0.00287763            0
Repeater1[0]<--->HoM1[0]
REAL
    0.481874  -0.00373301 -0.000459327      0.37817
 -0.00373301    0.0194518   0.00550904   0.00253648
-0.000459327   0.00550904    0.0147362  -0.00249844
     0.37817   0.00253648  -0.00249844     0.483938
IMAGINARY
           0  0.000180059  -0.00355418    0.0158349
-0.000180059            0 -0.000130463  0.000838428
  0.00355418  0.000130463            0   0.00555319
  -0.0158349 -0.000838428  -0.00555319            0
EndNode1[0]<--->Repeater1[0]
REAL
  0.482249  0.0194852  0.0162437    0.37423
 0.0194852  0.0180473  0.0074217 0.00483802
 0.0162437  0.0074217  0.0189349 0.00305046
   0.37423 0.00483802 0.00305046   0.480769
IMAGINARY
           0    0.0177467   -0.0176254  4.63254e-05
  -0.0177467            0  -0.00458903  -0.00270227
   0.0176254   0.00458903            0    0.0131999
-4.63254e-05   0.00270227   -0.0131999            0
EndNode2[0]<--->HoM1[0]
REAL
   0.482409  0.00296883  0.00365855    0.381437
 0.00296883   0.0119261 -0.00167955  -0.0102906
 0.00365855 -0.00167955   0.0205725 -0.00873585
   0.381437  -0.0102906 -0.00873585    0.485092
IMAGINARY
          0  0.00212455   0.0114118  0.00131601
-0.00212455           0  0.00366932  -0.0152489
 -0.0114118 -0.00366932           0  0.00761571
-0.00131601   0.0152489 -0.00761571           0
Repeater1[0]<--->EndNode1[0]
REAL
  0.482249  0.0162437  0.0194852    0.37423
 0.0162437  0.0189349  0.0074217 0.00305046
 0.0194852  0.0074217  0.0180473 0.00483802
   0.37423 0.00305046 0.00483802   0.480769
IMAGINARY
           0   -0.0176254    0.0177467  4.63254e-05
   0.0176254            0   0.00458903    0.0131999
  -0.0177467  -0.00458903            0  -0.00270227
-4.63254e-05   -0.0131999   0.00270227            0
Repeater1[0]<--->HoM1[0]
REAL
   0.482409  0.00365855  0.00296883    0.381437
 0.00365855   0.0205725 -0.00167955 -0.00873585
 0.00296883 -0.00167955   0.0119261  -0.0102906
   0.381437 -0.00873585  -0.0102906    0.485092
IMAGINARY
          0   0.0114118  0.00212455  0.00131601
 -0.0114118           0 -0.00366932  0.00761571
-0.00212455  0.00366932           0  -0.0152489
-0.00131601 -0.00761571   0.0152489           0
EndNode1[0]<--->Repeater1[0]
REAL
    0.486747   0.00153369 -8.23239e-05     0.378484
  0.00153369    0.0174699    0.0120404 -0.000377658
-8.23239e-05    0.0120404    0.0156627   0.00199283
    0.378484 -0.000377658   0.00199283      0.48012
IMAGINARY
           0   0.00595326   -0.0037796    0.0024398
 -0.00595326            0 -0.000370019  -0.00215286
   0.0037796  0.000370019            0   0.00880184
  -0.0024398   0.00215286  -0.00880184            0
EndNode2[0]<--->HoM1[0]
REAL
    0.482896  -0.00590521 -0.000748048     0.378548
 -0.00590521    0.0180208  0.000157732 -0.000899151
-0.000748048  0.000157732    0.0192425    0.0045575
    0.378548 -0.000899151    0.0045575     0.479841
IMAGINARY
          0  0.00171821  -0.0042359  0.00034697
-0.00171821           0  0.00111502 -0.00140262
  0.0042359 -0.00111502           0 -0.00065146
-0.00034697  0.00140262  0.00065146           0
Repeater1[0]<--->EndNode1[0]
REAL
    0.486747 -8.23239e-05   0.00153369     0.378484
-8.23239e-05    0.0156627    0.0120404   0.00199283
  0.00153369    0.0120404    0.0174699 -0.000377658
    0.378484   0.00199283 -0.000377658      0.48012
IMAGINARY
           0   -0.0037796   0.00595326    0.0024398
   0.0037796            0  0.000370019   0.00880184
 -0.00595326 -0.000370019            0  -0.00215286
  -0.0024398  -0.00880184   0.00215286            0
Repeater1[0]<--->HoM1[0]
REAL
    0.482896 -0.000748048  -0.00590521     0.378548
-0.000748048    0.0192425  0.000157732    0.0045575
 -0.00590521  0.000157732    0.0180208 -0.000899151
    0.378548    0.0045575 -0.000899151     0.479841
IMAGINARY
          0  -0.0042359  0.00171821  0.00034697
  0.0042359           0 -0.00111502 -0.00065146
-0.00171821  0.00111502           0 -0.00140262
-0.00034697  0.00065146  0.00140262           0
EndNode1[0]<--->Repeater1[0]
REAL
    0.47968  0.00593587 -0.00329537    0.375836
 0.00593587   0.0189855  0.00397306 -0.00192384
-0.00329537  0.00397306   0.0198754 -0.00190963
   0.375836 -0.00192384 -0.00190963     0.48146
IMAGINARY
           0  0.000898454  -0.00824346 -2.79598e-05
-0.000898454            0  -0.00847696   0.00248615
  0.00824346   0.00847696            0  -0.00340805
 2.79598e-05  -0.00248615   0.00340805            0
EndNode2[0]<--->HoM1[0]
REAL
    0.478261 -0.000213913  -0.00598894     0.372238
-0.000213913    0.0129831   0.00257081  -0.00179732
 -0.00598894   0.00257081    0.0147947  0.000977272
    0.372238  -0.00179732  0.000977272     0.493961
IMAGINARY
          0 -0.00374675  0.00122359 -0.00479277
 0.00374675           0  -0.0085795   0.0148105
-0.00122359   0.0085795           0 -0.00316704
 0.00479277  -0.0148105  0.00316704           0
Repeater1[0]<--->EndNode1[0]
REAL
    0.47968 -0.00329537  0.00593587    0.375836
-0.00329537   0.0198754  0.00397306 -0.00190963
 0.00593587  0.00397306   0.0189855 -0.00192384
   0.375836 -0.00190963 -0.00192384     0.48146
IMAGINARY
           0  -0.00824346  0.000898454 -2.79598e-05
  0.00824346            0   0.00847696  -0.00340805
-0.000898454  -0.00847696            0   0.00248615
 2.79598e-05   0.00340805  -0.00248615            0
Repeater1[0]<--->HoM1[0]
REAL
    0.478261  -0.00598894 -0.000213913     0.372238
 -0.00598894    0.0147947   0.00257081  0.000977272
-0.000213913   0.00257081    0.0129831  -0.00179732
    0.372238  0.000977272  -0.00179732     0.493961
IMAGINARY
          0  0.00122359 -0.00374675 -0.00479277
-0.00122359           0   0.0085795 -0.00316704
 0.00374675  -0.0085795           0   0.0148105
 0.00479277  0.00316704  -0.0148105           0
EndNode1[0]<--->Repeater1[0]
REAL
    0.483211    -0.007323 -0.000229535     0.382627
   -0.007323     0.018315  -0.00491841   -0.0100109
-0.000229535  -0.00491841    0.0201465       0.0048
    0.382627   -0.0100109       0.0048     0.478327
IMAGINARY
          0 -0.00295569   0.0107224 -0.00417446
 0.00295569           0  0.00402226 -0.00437419
 -0.0107224 -0.00402226           0 -0.00218337
 0.00417446  0.00437419  0.00218337           0
EndNode2[0]<--->HoM1[0]
REAL
    0.484753 -5.51937e-05  0.000230685     0.375424
-5.51937e-05    0.0172612   0.00875749  -0.00129743
 0.000230685   0.00875749    0.0172612   0.00142673
    0.375424  -0.00129743   0.00142673     0.480725
IMAGINARY
           0  0.000529037  -0.00530663    0.0099748
-0.000529037            0  -0.00905737   0.00454559
  0.00530663   0.00905737            0   0.00449379
  -0.0099748  -0.00454559  -0.00449379            0
Repeater1[0]<--->EndNode1[0]
REAL
    0.483211 -0.000229535    -0.007323     0.382627
-0.000229535    0.0201465  -0.00491841       0.0048
   -0.007323  -0.00491841     0.018315   -0.0100109
    0.382627       0.0048   -0.0100109     0.478327
IMAGINARY
          0   0.0107224 -0.00295569 -0.00417446
 -0.0107224           0 -0.00402226 -0.00218337
 0.00295569  0.00402226           0 -0.00437419
 0.00417446  0.00218337  0.00437419           0
Repeater1[0]<--->HoM1[0]
REAL
    0.484753  0.000230685 -5.51937e-05     0.375424
 0.000230685    0.0172612   0.00875749   0.00142673
-5.51937e-05   0.00875749    0.0172612  -0.00129743
    0.375424   0.00142673  -0.00129743     0.480725
IMAGINARY
           0  -0.00530663  0.000529037    0.0099748
  0.00530663            0   0.00905737   0.00449379
-0.000529037  -0.00905737            0   0.00454559
  -0.0099748  -0.00449379  -0.00454559            0
EndNode1[0]<--->Repeater1[0]
REAL
   0.479424 -0.00156425  0.00572085    0.384007
-0.00156425   0.0152851 0.000492105  0.00302463
 0.00572085 0.000492105   0.0194004   0.0124207
   0.384007  0.00302463   0.0124207    0.485891
IMAGINARY
           0   0.00844434   0.00128536   0.00347862
 -0.00844434            0 -0.000191109    -0.012344
 -0.00128536  0.000191109            0   0.00231945
 -0.00347862     0.012344  -0.00231945            0
EndNode2[0]<--->HoM1[0]
REAL
  0.483919 0.00794509 0.00366899   0.376129
0.00794509  0.0162308 0.00567012 0.00833345
0.00366899 0.00567012  0.0135257 0.00375348
  0.376129 0.00833345 0.00375348   0.486324
IMAGINARY
          0  0.00459371  0.00149121  0.00127871
-0.00459371           0   -0.010633 -0.00178901
-0.00149121    0.010633           0  0.00136222
-0.00127871  0.00178901 -0.00136222           0
Repeater1[0]<--->EndNode1[0]
REAL
   0.479424  0.00572085 -0.00156425    0.384007
 0.00572085   0.0194004 0.000492105   0.0124207
-0.00156425 0.000492105   0.0152851  0.00302463
   0.384007   0.0124207  0.00302463    0.485891
IMAGINARY
           0   0.00128536   0.00844434   0.00347862
 -0.00128536            0  0.000191109   0.00231945
 -0.00844434 -0.000191109            0    -0.012344
 -0.00347862  -0.00231945     0.012344            0
Repeater1[0]<--->HoM1[0]
REAL
  0.483919 0.00366899 0.00794509   0.376129
0.00366899  0.0135257 0.00567012 0.00375348
0.00794509 0.00567012  0.0162308 0.00833345
  0.376129 0.00375348 0.00833345   0.486324
IMAGINARY
          0  0.00149121  0.00459371  0.00127871
-0.00149121           0    0.010633  0.00136222
-0.00459371   -0.010633           0 -0.00178901
-0.00127871 -0.00136222  0.00178901           0
EndNode1[0]<--->Repeater1[0]
REAL
    0.482997  -0.00174614 -0.000761898     0.372347
 -0.00174614    0.0204634    0.0090587  0.000908311
-0.000761898    0.0090587    0.0120373  -0.00249983
    0.372347  0.000908311  -0.00249983     0.484502
IMAGINARY
          0  0.00161455   0.0071824   0.0078019
-0.00161455           0   0.0127341  -0.0095395
 -0.0071824  -0.0127341           0  0.00192111
 -0.0078019   0.0095395 -0.00192111           0
EndNode2[0]<--->HoM1[0]
REAL
   0.475711   0.0039548  0.00794345    0.375619
  0.0039548   0.0219194  0.00819236  0.00071844
 0.00794345  0.00819236   0.0186611 0.000226798
   0.375619  0.00071844 0.000226798    0.483709
IMAGINARY
           0  -0.00626708    0.0100053  0.000104312
  0.00626708            0   0.00981155  -0.00580615
  -0.0100053  -0.00981155            0  -0.00153136
-0.000104312   0.00580615   0.00153136            0
Repeater1[0]<--->EndNode1[0]
REAL
    0.482997 -0.000761898  -0.00174614     0.372347
-0.000761898    0.0120373    0.0090587  -0.00249983
 -0.00174614    0.0090587    0.0204634  0.000908311
    0.372347  -0.00249983  0.000908311     0.484502
IMAGINARY
          0   0.0071824  0.00161455   0.0078019
 -0.0071824           0  -0.0127341  0.00192111
-0.00161455   0.0127341           0  -0.0095395
 -0.0078019 -0.00192111   0.0095395           0
Repeater1[0]<--->HoM1[0]
REAL
   0.475711  0.00794345   0.0039548    0.375619
 0.00794345   0.0186611  0.00819236 0.000226798
  0.0039548  0.00819236   0.0219194  0.00071844
   0.375619 0.000226798  0.00071844    0.483709
IMAGINARY
           0    0.0100053  -0.00626708  0.000104312
  -0.0100053            0  -0.00981155  -0.00153136
  0.00626708   0.00981155            0  -0.00580615
-0.000104312   0.00153136   0.00580615            0
EndNode1[0]<--->Repeater1[0]
REAL
   0.473888 -0.00178395  0.00759655     0.37254
-0.00178395   0.0179051  0.00216397  0.00128971
 0.00759655  0.00216397    0.022083 -0.00147435
    0.37254  0.00128971 -0.00147435    0.486124
IMAGINARY
           0   0.00545527   0.00939488 -0.000925844
 -0.00545527            0   0.00473566  -0.00125637
 -0.00939488  -0.00473566            0  -0.00234785
 0.000925844   0.00125637   0.00234785            0
EndNode2[0]<--->HoM1[0]
REAL
   0.490131  0.00551772  0.00176678    0.384579
 0.00551772   0.0170058  0.00130904  0.00748967
 0.00176678  0.00130904   0.0173094 -0.00415202
   0.384579  0.00748967 -0.00415202    0.475554
IMAGINARY
          0  0.00214218  0.00360311  -0.0072886
-0.00214218           0 -0.00565121  -0.0016919
-0.00360311  0.00565121           0   0.0103541
  0.0072886   0.0016919  -0.0103541           0
Repeater1[0]<--->EndNode1[0]
REAL
   0.473888  0.00759655 -0.00178395     0.37254
 0.00759655    0.022083  0.00216397 -0.00147435
-0.00178395  0.00216397   0.0179051  0.00128971
    0.37254 -0.00147435  0.00128971    0.486124
IMAGINARY
           0   0.00939488   0.00545527 -0.000925844
 -0.00939488            0  -0.00473566  -0.00234785
 -0.00545527   0.00473566            0  -0.00125637
 0.000925844   0.00234785   0.00125637            0
Repeater1[0]<--->HoM1[0]
REAL
   0.490131  0.00176678  0.00551772    0.384579
 0.00176678   0.0173094  0.00130904 -0.00415202
 0.00551772  0.00130904   0.0170058  0.00748967
   0.384579 -0.00415202  0.00748967    0.475554
IMAGINARY
          0  0.00360311  0.00214218  -0.0072886
-0.00360311           0  0.00565121   0.0103541
-0.00214218 -0.00565121           0  -0.0016919
  0.0072886  -0.0103541   0.0016919           0
EndNode1[0]<--->Repeater1[0]
REAL
   0.491734  0.00499807  0.00454626    0.376491
 0.00499807   0.0165314   0.0087203  0.00380199
 0.00454626   0.0087203   0.0144274 -0.00708513
   0.376491  0.00380199 -0.00708513    0.477307
IMAGINARY
          0 -0.00391566  0.00950049  -0.0153096
 0.00391566           0  -0.0135217 -0.00438001
-0.00950049   0.0135217           0 -0.00391566
  0.0153096  0.00438001  0.00391566           0
EndNode2[0]<--->HoM1[0]
REAL
   0.488561  0.00554807     0.01061    0.371188
 0.00554807   0.0168573  0.00136382 -0.00403303
    0.01061  0.00136382   0.0147502  0.00629057
   0.371188 -0.00403303  0.00629057    0.479831
IMAGINARY
           0   0.00519586  -0.00679063   -0.0028791
 -0.00519586            0  -0.00406534 -0.000209668
  0.00679063   0.00406534            0  -0.00206806
   0.0028791  0.000209668   0.00206806            0
Repeater1[0]<--->EndNode1[0]
REAL
   0.491734  0.00454626  0.00499807    0.376491
 0.00454626   0.0144274   0.0087203 -0.00708513
 0.00499807   0.0087203   0.0165314  0.00380199
   0.376491 -0.00708513  0.00380199    0.477307
IMAGINARY
          0  0.00950049 -0.00391566  -0.0153096
-0.00950049           0   0.0135217 -0.00391566
 0.00391566  -0.0135217           0 -0.00438001
  0.0153096  0.00391566  0.00438001           0
Repeater1[0]<--->HoM1[0]
REAL
   0.488561     0.01061  0.00554807    0.371188
    0.01061   0.0147502  0.00136382  0.00629057
 0.00554807  0.00136382   0.0168573 -0.00403303
   0.371188  0.00629057 -0.00403303    0.479831
IMAGINARY
           0  -0.00679063   0.00519586   -0.0028791
  0.00679063            0   0.00406534  -0.00206806
 -0.00519586  -0.00406534            0 -0.000209668
   0.0028791   0.00206806  0.000209668            0
EndNode1[0]<--->Repeater1[0]
REAL
  0.472646 0.00766403 0.00500101   0.377667
0.00766403  0.0212257 0.00785549 0.00592238
0.00500101 0.00785549  0.0149477 0.00646355
  0.377667 0.00592238 0.00646355   0.491181
IMAGINARY
          0  -0.0123377 -0.00306085 -0.00331235
  0.0123377           0  0.00599891  0.00470313
 0.00306085 -0.00599891           0 -0.00423443
 0.00331235 -0.00470313  0.00423443           0
EndNode2[0]<--->HoM1[0]
REAL
   0.491818  -0.0017037 0.000657048    0.372842
 -0.0017037   0.0163631  0.00818763 -0.00258069
0.000657048  0.00818763    0.017598   0.0033314
   0.372842 -0.00258069   0.0033314     0.47422
IMAGINARY
          0   0.0138913  0.00154291  -0.0103002
 -0.0138913           0  -0.0103002 -0.00558772
-0.00154291   0.0103002           0  -0.0126467
  0.0103002  0.00558772   0.0126467           0
Repeater1[0]<--->EndNode1[0]
REAL
  0.472646 0.00500101 0.00766403   0.377667
0.00500101  0.0149477 0.00785549 0.00646355
0.00766403 0.00785549  0.0212257 0.00592238
  0.377667 0.00646355 0.00592238   0.491181
IMAGINARY
          0 -0.00306085  -0.0123377 -0.00331235
 0.00306085           0 -0.00599891 -0.00423443
  0.0123377  0.00599891           0  0.00470313
 0.00331235  0.00423443 -0.00470313           0
Repeater1[0]<--->HoM1[0]
REAL
   0.491818 0.000657048  -0.0017037    0.372842
0.000657048    0.017598  0.00818763   0.0033314
 -0.0017037  0.00818763   0.0163631 -0.00258069
   0.372842   0.0033314 -0.00258069     0.47422
IMAGINARY
          0  0.00154291   0.0138913  -0.0103002
-0.00154291           0   0.0103002  -0.0126467
 -0.0138913  -0.0103002           0 -0.00558772
  0.0103002   0.0126467  0.00558772           0
EndNode1[0]<--->Repeater1[0]
REAL
   0.497748   -0.007095 -0.00497884    0.381662
  -0.007095   0.0162113    0.004995 -0.00866434
-0.00497884    0.004995   0.0168118 -0.00175058
   0.381662 -0.00866434 -0.00175058    0.469228
IMAGINARY
          0  -0.0025307  0.00475517 -0.00243221
  0.0025307           0  0.00393915  0.00372968
-0.00475517 -0.00393915           0  0.00707616
 0.00243221 -0.00372968 -0.00707616           0
EndNode2[0]<--->HoM1[0]
REAL
  0.456382 0.00455618 0.00109417   0.374325
0.00455618  0.0125497 0.00124815 0.00425587
0.00109417 0.00124815  0.0195898 0.00171102
  0.374325 0.00425587 0.00171102   0.511478
IMAGINARY
          0  -0.0133647   0.0113483  0.00285389
  0.0133647           0  0.00270333 -0.00602286
 -0.0113483 -0.00270333           0  0.00833512
-0.00285389  0.00602286 -0.00833512           0
Repeater1[0]<--->EndNode1[0]
REAL
   0.497748 -0.00497884   -0.007095    0.381662
-0.00497884   0.0168118    0.004995 -0.00175058
  -0.007095    0.004995   0.0162113 -0.00866434
   0.381662 -0.00175058 -0.00866434    0.469228
IMAGINARY
          0  0.00475517  -0.0025307 -0.00243221
-0.00475517           0 -0.00393915  0.00707616
  0.0025307  0.00393915           0  0.00372968
 0.00243221 -0.00707616 -0.00372968           0
Repeater1[0]<--->HoM1[0]
REAL
  0.456382 0.00109417 0.00455618   0.374325
0.00109417  0.0195898 0.00124815 0.00171102
0.00455618 0.00124815  0.0125497 0.00425587
  0.374325 0.00171102 0.00425587   0.511478
IMAGINARY
          0   0.0113483  -0.0133647  0.00285389
 -0.0113483           0 -0.00270333  0.00833512
  0.0133647  0.00270333           0 -0.00602286
-0.00285389 -0.00833512  0.00602286           0
EndNode1[0]<--->Repeater1[0]
REAL
   0.489228 -0.00715207 -0.00746675    0.379005
-0.00715207   0.0122681  0.00263729  0.00595708
-0.00746675  0.00263729   0.0158588  0.00745401
   0.379005  0.00595708  0.00745401    0.482645
IMAGINARY
          0 -0.00416233  0.00663768 -0.00989717
 0.00416233           0 -0.00778109  0.00267909
-0.00663768  0.00778109           0 -0.00278828
 0.00989717 -0.00267909  0.00278828           0
EndNode2[0]<--->HoM1[0]
REAL
  0.486755 0.00136157 -0.0109176   0.371822
0.00136157  0.0162553  0.0145489 0.00714004
-0.0109176  0.0145489  0.0147502 0.00271821
  0.371822 0.00714004 0.00271821    0.48224
IMAGINARY
           0    0.0112631   0.00527548  0.000587372
  -0.0112631            0  -0.00190896   0.00320937
 -0.00527548   0.00190896            0  -0.00914191
-0.000587372  -0.00320937   0.00914191            0
Repeater1[0]<--->EndNode1[0]
REAL
   0.489228 -0.00746675 -0.00715207    0.379005
-0.00746675   0.0158588  0.00263729  0.00745401
-0.00715207  0.00263729   0.0122681  0.00595708
   0.379005  0.00745401  0.00595708    0.482645
IMAGINARY
          0  0.00663768 -0.00416233 -0.00989717
-0.00663768           0  0.00778109 -0.00278828
 0.00416233 -0.00778109           0  0.00267909
 0.00989717  0.00278828 -0.00267909           0
Repeater1[0]<--->HoM1[0]
REAL
  0.486755 -0.0109176 0.00136157   0.371822
-0.0109176  0.0147502  0.0145489 0.00271821
0.00136157  0.0145489  0.0162553 0.00714004
  0.371822 0.00271821 0.00714004    0.48224
IMAGINARY
           0   0.00527548    0.0112631  0.000587372
 -0.00527548            0   0.00190896  -0.00914191
  -0.0112631  -0.00190896            0   0.00320937
-0.000587372   0.00914191  -0.00320937            0
EndNode1[0]<--->Repeater1[0]
REAL
   0.493947  -0.0121026  0.00285372    0.373503
 -0.0121026   0.0181598 0.000861417 -0.00808853
 0.00285372 0.000861417   0.0160412  -0.0086871
   0.373503 -0.00808853  -0.0086871    0.471852
IMAGINARY
          0 -0.00721025  0.00362547  0.00796486
 0.00721025           0  -0.0094718   0.0114099
-0.00362547   0.0094718           0 -0.00310815
-0.00796486  -0.0114099  0.00310815           0
EndNode2[0]<--->HoM1[0]
REAL
   0.482831  0.00989534  0.00310112    0.371513
 0.00989534   0.0162651 -0.00046759 0.000665071
 0.00310112 -0.00046759   0.0141566 -0.00673174
   0.371513 0.000665071 -0.00673174    0.486747
IMAGINARY
          0  0.00278613  0.00211389 -0.00659733
-0.00278613           0  0.00763807  0.00181123
-0.00211389 -0.00763807           0 -0.00127647
 0.00659733 -0.00181123  0.00127647           0
Repeater1[0]<--->EndNode1[0]
REAL
   0.493947  0.00285372  -0.0121026    0.373503
 0.00285372   0.0160412 0.000861417  -0.0086871
 -0.0121026 0.000861417   0.0181598 -0.00808853
   0.373503  -0.0086871 -0.00808853    0.471852
IMAGINARY
          0  0.00362547 -0.00721025  0.00796486
-0.00362547           0   0.0094718 -0.00310815
 0.00721025  -0.0094718           0   0.0114099
-0.00796486  0.00310815  -0.0114099           0
Repeater1[0]<--->HoM1[0]
REAL
   0.482831  0.00310112  0.00989534    0.371513
 0.00310112   0.0141566 -0.00046759 -0.00673174
 0.00989534 -0.00046759   0.0162651 0.000665071
   0.371513 -0.00673174 0.000665071    0.486747
IMAGINARY
          0  0.00211389  0.00278613 -0.00659733
-0.00211389           0 -0.00763807 -0.00127647
-0.00278613  0.00763807           0  0.00181123
 0.00659733  0.00127647 -0.00181123           0
EndNode1[0]<--->Repeater1[0]
REAL
   0.482655  -0.0022613 0.000901398    0.374014
 -0.0022613   0.0187029   0.0123706 0.000751743
0.000901398   0.0123706   0.0211161 0.000908729
   0.374014 0.000751743 0.000908729    0.477526
IMAGINARY
          0 -0.00910266  0.00236936  0.00558218
 0.00910266           0  0.00843076  0.00627796
-0.00236936 -0.00843076           0  -0.0057213
-0.00558218 -0.00627796   0.0057213           0
EndNode2[0]<--->HoM1[0]
REAL
   0.482885   0.0052031 -0.00614333    0.385715
  0.0052031   0.0177262     0.00662  0.00468048
-0.00614333     0.00662   0.0168093 -0.00900649
   0.385715  0.00468048 -0.00900649    0.482579
IMAGINARY
          0 -0.00031369  0.00705717  0.00459453
 0.00031369           0 -0.00214805 -0.00943954
-0.00705717  0.00214805           0 -0.00802461
-0.00459453  0.00943954  0.00802461           0
Repeater1[0]<--->EndNode1[0]
REAL
   0.482655 0.000901398  -0.0022613    0.374014
0.000901398   0.0211161   0.0123706 0.000908729
 -0.0022613   0.0123706   0.0187029 0.000751743
   0.374014 0.000908729 0.000751743    0.477526
IMAGINARY
          0  0.00236936 -0.00910266  0.00558218
-0.00236936           0 -0.00843076  -0.0057213
 0.00910266  0.00843076           0  0.00627796
-0.00558218   0.0057213 -0.00627796           0
Repeater1[0]<--->HoM1[0]
REAL
   0.482885 -0.00614333   0.0052031    0.385715
-0.00614333   0.0168093     0.00662 -0.00900649
  0.0052031     0.00662   0.0177262  0.00468048
   0.385715 -0.00900649  0.00468048    0.482579
IMAGINARY
          0  0.00705717 -0.00031369  0.00459453
-0.00705717           0  0.00214805 -0.00802461
 0.00031369 -0.00214805           0 -0.00943954
-0.00459453  0.00802461  0.00943954           0
EndNode1[0]<--->Repeater1[0]
REAL
   0.472547 0.000841851 -0.00128491    0.375734
0.000841851    0.015479  0.00315493 -0.00158431
-0.00128491  0.00315493   0.0151869 -0.00703333
   0.375734 -0.00158431 -0.00703333    0.496787
IMAGINARY
           0   0.00972471  -0.00279614  -0.00333026
 -0.00972471            0  -0.00197116 -0.000230492
  0.00279614   0.00197116            0   0.00086851
  0.00333026  0.000230492  -0.00086851            0
EndNode2[0]<--->HoM1[0]
REAL
   0.477751   -0.011929 -0.00175022    0.377567
  -0.011929   0.0171377  0.00199815   -0.011078
-0.00175022  0.00199815   0.0147324 -0.00844525
   0.377567   -0.011078 -0.00844525    0.490379
IMAGINARY
          0  0.00960391  -0.0010093  0.00176772
-0.00960391           0  0.00447856  0.00480292
  0.0010093 -0.00447856           0 -0.00307887
-0.00176772 -0.00480292  0.00307887           0
Repeater1[0]<--->EndNode1[0]
REAL
   0.472547 -0.00128491 0.000841851    0.375734
-0.00128491   0.0151869  0.00315493 -0.00703333
0.000841851  0.00315493    0.015479 -0.00158431
   0.375734 -0.00703333 -0.00158431    0.496787
IMAGINARY
           0  -0.00279614   0.00972471  -0.00333026
  0.00279614            0   0.00197116   0.00086851
 -0.00972471  -0.00197116            0 -0.000230492
  0.00333026  -0.00086851  0.000230492            0
Repeater1[0]<--->HoM1[0]
REAL
   0.477751 -0.00175022   -0.011929    0.377567
-0.00175022   0.0147324  0.00199815 -0.00844525
  -0.011929  0.00199815   0.0171377   -0.011078
   0.377567 -0.00844525   -0.011078    0.490379
IMAGINARY
          0  -0.0010093  0.00960391  0.00176772
  0.0010093           0 -0.00447856 -0.00307887
-0.00960391  0.00447856           0  0.00480292
-0.00176772  0.00307887 -0.00480292           0
EndNode1[0]<--->Repeater1[0]
REAL
   0.482934 -0.00249054 -0.00340902    0.373349
-0.00249054   0.0200599  0.00271203 -0.00386371
-0.00340902  0.00271203   0.0230539  0.00642993
   0.373349 -0.00386371  0.00642993    0.473952
IMAGINARY
           0  0.000628531  -0.00258789   0.00386138
-0.000628531            0   0.00107136   0.00508129
  0.00258789  -0.00107136            0   -0.0122155
 -0.00386138  -0.00508129    0.0122155            0
EndNode2[0]<--->HoM1[0]
REAL
    0.483344   0.00111177 -0.000532682     0.376776
  0.00111177    0.0172733   0.00225602  0.000831368
-0.000532682   0.00225602    0.0166564  -0.00111177
    0.376776  0.000831368  -0.00111177     0.482727
IMAGINARY
          0  0.00379707 -0.00597197 -0.00139341
-0.00379707           0  0.00636778 -0.00687125
 0.00597197 -0.00636778           0 -0.00187796
 0.00139341  0.00687125  0.00187796           0
Repeater1[0]<--->EndNode1[0]
REAL
   0.482934 -0.00340902 -0.00249054    0.373349
-0.00340902   0.0230539  0.00271203  0.00642993
-0.00249054  0.00271203   0.0200599 -0.00386371
   0.373349  0.00642993 -0.00386371    0.473952
IMAGINARY
           0  -0.00258789  0.000628531   0.00386138
  0.00258789            0  -0.00107136   -0.0122155
-0.000628531   0.00107136            0   0.00508129
 -0.00386138    0.0122155  -0.00508129            0
Repeater1[0]<--->HoM1[0]
REAL
    0.483344 -0.000532682   0.00111177     0.376776
-0.000532682    0.0166564   0.00225602  -0.00111177
  0.00111177   0.00225602    0.0172733  0.000831368
    0.376776  -0.00111177  0.000831368     0.482727
IMAGINARY
          0 -0.00597197  0.00379707 -0.00139341
 0.00597197           0 -0.00636778 -0.00187796
-0.00379707  0.00636778           0 -0.00687125
 0.00139341  0.00187796  0.00687125           0
EndNode1[0]<--->Repeater1[0]
REAL
   0.473606 -0.00240909 -0.00422089    0.369808
-0.00240909   0.0172979  0.00264128  0.00992317
-0.00422089  0.00264128   0.0178944  0.00300933
   0.369808  0.00992317  0.00300933    0.491202
IMAGINARY
           0  0.000447319   0.00120143   0.00167353
-0.000447319            0  -0.00401509   -0.0010515
 -0.00120143   0.00401509            0 -0.000297394
 -0.00167353    0.0010515  0.000297394            0
EndNode2[0]<--->HoM1[0]
REAL
   0.484702  0.00434482   0.0035573    0.384656
 0.00434482   0.0151469   0.0115643 -0.00231814
  0.0035573   0.0115643   0.0169646 -0.00279587
   0.384656 -0.00231814 -0.00279587    0.483187
IMAGINARY
          0 -0.00171991 -0.00100593 -0.00431692
 0.00171991           0 -0.00149877  0.00414871
 0.00100593  0.00149877           0 -0.00202148
 0.00431692 -0.00414871  0.00202148           0
Repeater1[0]<--->EndNode1[0]
REAL
   0.473606 -0.00422089 -0.00240909    0.369808
-0.00422089   0.0178944  0.00264128  0.00300933
-0.00240909  0.00264128   0.0172979  0.00992317
   0.369808  0.00300933  0.00992317    0.491202
IMAGINARY
           0   0.00120143  0.000447319   0.00167353
 -0.00120143            0   0.00401509 -0.000297394
-0.000447319  -0.00401509            0   -0.0010515
 -0.00167353  0.000297394    0.0010515            0
Repeater1[0]<--->HoM1[0]
REAL
   0.484702   0.0035573  0.00434482    0.384656
  0.0035573   0.0169646   0.0115643 -0.00279587
 0.00434482   0.0115643   0.0151469 -0.00231814
   0.384656 -0.00279587 -0.00231814    0.483187
IMAGINARY
          0 -0.00100593 -0.00171991 -0.00431692
 0.00100593           0  0.00149877 -0.00202148
 0.00171991 -0.00149877           0  0.00414871
 0.00431692  0.00202148 -0.00414871           0
EndNode1[0]<--->Repeater1[0]
REAL
   0.488337  0.00463687 -0.00348899    0.379834
 0.00463687   0.0158493   0.0111617  0.00459484
-0.00348899   0.0111617   0.0203349  0.00626361
   0.379834  0.00459484  0.00626361    0.475478
IMAGINARY
          0 -0.00902463  0.00993838  0.00671609
 0.00902463           0 -0.00792455 -0.00160008
-0.00993838  0.00792455           0 -0.00258943
-0.00671609  0.00160008  0.00258943           0
EndNode2[0]<--->HoM1[0]
REAL
   0.487752 -0.00465568  -0.0077456    0.379458
-0.00465568   0.0192248  0.00750876 -0.00194721
 -0.0077456  0.00750876   0.0164341 -0.00712482
   0.379458 -0.00194721 -0.00712482    0.476589
IMAGINARY
          0 -0.00758941  0.00597361  0.00230425
 0.00758941           0   0.0141059 -0.00642555
-0.00597361  -0.0141059           0  0.00653488
-0.00230425  0.00642555 -0.00653488           0
Repeater1[0]<--->EndNode1[0]
REAL
   0.488337 -0.00348899  0.00463687    0.379834
-0.00348899   0.0203349   0.0111617  0.00626361
 0.00463687   0.0111617   0.0158493  0.00459484
   0.379834  0.00626361  0.00459484    0.475478
IMAGINARY
          0  0.00993838 -0.00902463  0.00671609
-0.00993838           0  0.00792455 -0.00258943
 0.00902463 -0.00792455           0 -0.00160008
-0.00671609  0.00258943  0.00160008           0
Repeater1[0]<--->HoM1[0]
REAL
   0.487752  -0.0077456 -0.00465568    0.379458
 -0.0077456   0.0164341  0.00750876 -0.00712482
-0.00465568  0.00750876   0.0192248 -0.00194721
   0.379458 -0.00712482 -0.00194721    0.476589
IMAGINARY
          0  0.00597361 -0.00758941  0.00230425
-0.00597361           0  -0.0141059  0.00653488
 0.00758941   0.0141059           0 -0.00642555
-0.00230425 -0.00653488  0.00642555           0
EndNode1[0]<--->Repeater1[0]
REAL
   0.489312 -0.00645393  0.00156725    0.383002
-0.00645393    0.018448  0.00673269  -0.0120759
 0.00156725  0.00673269   0.0175695 -0.00466395
   0.383002  -0.0120759 -0.00466395    0.474671
IMAGINARY
           0  0.000312384   0.00780913    0.0170628
-0.000312384            0   0.00170748   0.00404067
 -0.00780913  -0.00170748            0   -0.0146245
  -0.0170628  -0.00404067    0.0146245            0
EndNode2[0]<--->HoM1[0]
REAL
  0.482511 0.00262346 0.00448486   0.385531
0.00262346  0.0221226 0.00527064 0.00026291
0.00448486 0.00527064  0.0152466 0.00924598
  0.385531 0.00026291 0.00924598    0.48012
IMAGINARY
           0  -0.00312396   -0.0051825  -0.00316705
  0.00312396            0    0.0103227   0.00239785
   0.0051825   -0.0103227            0 -0.000588914
  0.00316705  -0.00239785  0.000588914            0
Repeater1[0]<--->EndNode1[0]
REAL
   0.489312  0.00156725 -0.00645393    0.383002
 0.00156725   0.0175695  0.00673269 -0.00466395
-0.00645393  0.00673269    0.018448  -0.0120759
   0.383002 -0.00466395  -0.0120759    0.474671
IMAGINARY
           0   0.00780913  0.000312384    0.0170628
 -0.00780913            0  -0.00170748   -0.0146245
-0.000312384   0.00170748            0   0.00404067
  -0.0170628    0.0146245  -0.00404067            0
Repeater1[0]<--->HoM1[0]
REAL
  0.482511 0.00448486 0.00262346   0.385531
0.00448486  0.0152466 0.00527064 0.00924598
0.00262346 0.00527064  0.0221226 0.00026291
  0.385531 0.00924598 0.00026291    0.48012
IMAGINARY
           0   -0.0051825  -0.00312396  -0.00316705
   0.0051825            0   -0.0103227 -0.000588914
  0.00312396    0.0103227            0   0.00239785
  0.00316705  0.000588914  -0.00239785            0
EndNode1[0]<--->Repeater1[0]
REAL
    0.485554 -0.000857462  -0.00622224     0.379343
-0.000857462    0.0185731   0.00378505   -0.0075446
 -0.00622224   0.00378505    0.0165094   -0.0120306
    0.379343   -0.0075446   -0.0120306     0.479363
IMAGINARY
          0  0.00532576 -0.00434369  0.00538723
-0.00532576           0 -0.00176841 -0.00801117
 0.00434369  0.00176841           0  0.00226578
-0.00538723  0.00801117 -0.00226578           0
EndNode2[0]<--->HoM1[0]
REAL
   0.475141 0.000387833   0.0028317    0.391008
0.000387833   0.0148854  0.00171127 -0.00357464
  0.0028317  0.00171127   0.0199464 -0.00439972
   0.391008 -0.00357464 -0.00439972    0.490027
IMAGINARY
           0   0.00993602   -0.0108857  -0.00836304
 -0.00993602            0  -0.00611686   0.00140561
   0.0108857   0.00611686            0 -0.000455901
  0.00836304  -0.00140561  0.000455901            0
Repeater1[0]<--->EndNode1[0]
REAL
    0.485554  -0.00622224 -0.000857462     0.379343
 -0.00622224    0.0165094   0.00378505   -0.0120306
-0.000857462   0.00378505    0.0185731   -0.0075446
    0.379343   -0.0120306   -0.0075446     0.479363
IMAGINARY
          0 -0.00434369  0.00532576  0.00538723
 0.00434369           0  0.00176841  0.00226578
-0.00532576 -0.00176841           0 -0.00801117
-0.00538723 -0.00226578  0.00801117           0
Repeater1[0]<--->HoM1[0]
REAL
   0.475141   0.0028317 0.000387833    0.391008
  0.0028317   0.0199464  0.00171127 -0.00439972
0.000387833  0.00171127   0.0148854 -0.00357464
   0.391008 -0.00439972 -0.00357464    0.490027
IMAGINARY
           0   -0.0108857   0.00993602  -0.00836304
   0.0108857            0   0.00611686 -0.000455901
 -0.00993602  -0.00611686            0   0.00140561
  0.00836304  0.000455901  -0.00140561            0
EndNode1[0]<--->Repeater1[0]
REAL
    0.474805 -0.000468446   0.00160075     0.378097
-0.000468446    0.0173965   0.00760863  -0.00845842
  0.00160075   0.00760863    0.0203959  -0.00120787
    0.378097  -0.00845842  -0.00120787     0.487403
IMAGINARY
          0 -0.00143308 -0.00404658 -0.00279285
 0.00143308           0  0.00901818  0.00814121
 0.00404658 -0.00901818           0 -0.00478469
 0.00279285 -0.00814121  0.00478469           0
EndNode2[0]<--->HoM1[0]
REAL
  0.487717  0.0046361 0.00996504   0.377121
 0.0046361  0.0230677 0.00166722 0.00162141
0.00996504 0.00166722  0.0176753  0.0117038
  0.377121 0.00162141  0.0117038    0.47154
IMAGINARY
          0  -0.0120428   0.0082332 -0.00225231
  0.0120428           0 -0.00678845  0.00748627
 -0.0082332  0.00678845           0 -0.00851341
 0.00225231 -0.00748627  0.00851341           0
Repeater1[0]<--->EndNode1[0]
REAL
    0.474805   0.00160075 -0.000468446     0.378097
  0.00160075    0.0203959   0.00760863  -0.00120787
-0.000468446   0.00760863    0.0173965  -0.00845842
    0.378097  -0.00120787  -0.00845842     0.487403
IMAGINARY
          0 -0.00404658 -0.00143308 -0.00279285
 0.00404658           0 -0.00901818 -0.00478469
 0.00143308  0.00901818           0  0.00814121
 0.00279285  0.00478469 -0.00814121           0
Repeater1[0]<--->HoM1[0]
REAL
  0.487717 0.00996504  0.0046361   0.377121
0.00996504  0.0176753 0.00166722  0.0117038
 0.0046361 0.00166722  0.0230677 0.00162141
  0.377121  0.0117038 0.00162141    0.47154
IMAGINARY
          0   0.0082332  -0.0120428 -0.00225231
 -0.0082332           0  0.00678845 -0.00851341
  0.0120428 -0.00678845           0  0.00748627
 0.00225231  0.00851341 -0.00748627           0
EndNode1[0]<--->Repeater1[0]
REAL
    0.48426  0.00758485 -0.00262531    0.382723
 0.00758485   0.0185349  0.00228167  0.00615184
-0.00262531  0.00228167   0.0147102 -0.00375167
   0.382723  0.00615184 -0.00375167    0.482495
IMAGINARY
          0  -0.0043517  0.00245991 -0.00463367
  0.0043517           0  -0.0120827  0.00350312
-0.00245991   0.0120827           0 -0.00846881
 0.00463367 -0.00350312  0.00846881           0
EndNode2[0]<--->HoM1[0]
REAL
    0.47599  0.00133672 -0.00519767    0.379438
 0.00133672   0.0153061  0.00429016  0.00954289
-0.00519767  0.00429016   0.0198079 -0.00358425
   0.379438  0.00954289 -0.00358425    0.488896
IMAGINARY
          0    0.012329  0.00446956 -0.00497634
  -0.012329           0  0.00243219  -0.0103727
-0.00446956 -0.00243219           0 -0.00908229
 0.00497634   0.0103727  0.00908229           0
Repeater1[0]<--->EndNode1[0]
REAL
    0.48426 -0.00262531  0.00758485    0.382723
-0.00262531   0.0147102  0.00228167 -0.00375167
 0.00758485  0.00228167   0.0185349  0.00615184
   0.382723 -0.00375167  0.00615184    0.482495
IMAGINARY
          0  0.00245991  -0.0043517 -0.00463367
-0.00245991           0   0.0120827 -0.00846881
  0.0043517  -0.0120827           0  0.00350312
 0.00463367  0.00846881 -0.00350312           0
Repeater1[0]<--->HoM1[0]
REAL
    0.47599 -0.00519767  0.00133672    0.379438
-0.00519767   0.0198079  0.00429016 -0.00358425
 0.00133672  0.00429016   0.0153061  0.00954289
   0.379438 -0.00358425  0.00954289    0.488896
IMAGINARY
          0  0.00446956    0.012329 -0.00497634
-0.00446956           0 -0.00243219 -0.00908229
  -0.012329  0.00243219           0  -0.0103727
 0.00497634  0.00908229   0.0103727           0
EndNode1[0]<--->Repeater1[0]
REAL
   0.473285 -0.00257479  -0.0121931    0.381644
-0.00257479   0.0206436  0.00843858  0.00467082
 -0.0121931  0.00843858   0.0173042  -0.0129303
   0.381644  0.00467082  -0.0129303    0.488767
IMAGINARY
           0  -0.00321518  -0.00376118  0.000678894
  0.00321518            0  -0.00696728   0.00465831
  0.00376118   0.00696728            0  -0.00366281
-0.000678894  -0.00465831   0.00366281            0
EndNode2[0]<--->HoM1[0]
REAL
   0.479098 -0.00293964 -0.00235081    0.375832
-0.00293964   0.0156391  0.00644998 -0.00220016
-0.00235081  0.00644998   0.0216541 -0.00100454
   0.375832 -0.00220016 -0.00100454    0.483609
IMAGINARY
           0   0.00290163   0.00136872 -0.000697776
 -0.00290163            0   0.00265384   0.00210036
 -0.00136872  -0.00265384            0  -0.00244914
 0.000697776  -0.00210036   0.00244914            0
Repeater1[0]<--->EndNode1[0]
REAL
   0.473285  -0.0121931 -0.00257479    0.381644
 -0.0121931   0.0173042  0.00843858  -0.0129303
-0.00257479  0.00843858   0.0206436  0.00467082
   0.381644  -0.0129303  0.00467082    0.488767
IMAGINARY
           0  -0.00376118  -0.00321518  0.000678894
  0.00376118            0   0.00696728  -0.00366281
  0.00321518  -0.00696728            0   0.00465831
-0.000678894   0.00366281  -0.00465831            0
Repeater1[0]<--->HoM1[0]
REAL
   0.479098 -0.00235081 -0.00293964    0.375832
-0.00235081   0.0216541  0.00644998 -0.00100454
-0.00293964  0.00644998   0.0156391 -0.00220016
   0.375832 -0.00100454 -0.00220016    0.483609
IMAGINARY
           0   0.00136872   0.00290163 -0.000697776
 -0.00136872            0  -0.00265384  -0.00244914
 -0.00290163   0.00265384            0   0.00210036
 0.000697776   0.00244914  -0.00210036            0
EndNode1[0]<--->Repeater1[0]
REAL
    0.474187   0.00495479  -0.00103708     0.378188
