EndNode1[0]<--->Repeater1[0]
REAL
   0.450393 -0.00589032 -0.00875973    0.246957
-0.00589032   0.0453721  0.00134831 -0.00317661
-0.00875973  0.00134831   0.0435572 -0.00663547
   0.246957 -0.00317661 -0.00663547    0.460678
IMAGINARY
          0  0.00318245 -0.00813149 -0.00107353
-0.00318245           0 -0.00284449 -0.00519377
 0.00813149  0.00284449           0  0.00529726
 0.00107353  0.00519377 -0.00529726           0
EndNode2[0]<--->HoM1[0]
REAL
   0.458851 -0.00273066  -0.0115552    0.241313
-0.00273066   0.0405565   0.0102004  0.00368597
 -0.0115552   0.0102004   0.0467732 -0.00180929
   0.241313  0.00368597 -0.00180929    0.453819
IMAGINARY
           0  -0.00171383  0.000966442    0.0059783
  0.00171383            0   0.00892039   0.00111565
-0.000966442  -0.00892039            0   -0.0027478
  -0.0059783  -0.00111565    0.0027478            0
Repeater1[0]<--->EndNode1[0]
REAL
   0.450393 -0.00875973 -0.00589032    0.246957
-0.00875973   0.0435572  0.00134831 -0.00663547
-0.00589032  0.00134831   0.0453721 -0.00317661
   0.246957 -0.00663547 -0.00317661    0.460678
IMAGINARY
          0 -0.00813149  0.00318245 -0.00107353
 0.00813149           0  0.00284449  0.00529726
-0.00318245 -0.00284449           0 -0.00519377
 0.00107353 -0.00529726  0.00519377           0
Repeater1[0]<--->HoM1[0]
REAL
   0.458851  -0.0115552 -0.00273066    0.241313
 -0.0115552   0.0467732   0.0102004 -0.00180929
-0.00273066   0.0102004   0.0405565  0.00368597
   0.241313 -0.00180929  0.00368597    0.453819
IMAGINARY
           0  0.000966442  -0.00171383    0.0059783
-0.000966442            0  -0.00892039   -0.0027478
  0.00171383   0.00892039            0   0.00111565
  -0.0059783    0.0027478  -0.00111565            0
EndNode1[0]<--->Repeater1[0]
REAL
   0.458333  0.00075819  0.00297938    0.251647
 0.00075819   0.0482143  0.00260841 -0.00253149
 0.00297938  0.00260841   0.0410714 -0.00359486
   0.251647 -0.00253149 -0.00359486    0.452381
IMAGINARY
           0  -0.00875302  -0.00378189   0.00666283
  0.00875302            0   0.00881933   0.00215419
  0.00378189  -0.00881933            0 -0.000273315
 -0.00666283  -0.00215419  0.000273315            0
EndNode2[0]<--->HoM1[0]
REAL
   0.456933 -0.00762065 0.000343589    0.238725
-0.00762065   0.0448992 0.000985284 -0.00582182
0.000343589 0.000985284   0.0464264  0.00184629
   0.238725 -0.00582182  0.00184629    0.451741
IMAGINARY
          0 -0.00847217  0.00379342  0.00252603
 0.00847217           0 -0.00567069  0.00667308
-0.00379342  0.00567069           0 -0.00289147
-0.00252603 -0.00667308  0.00289147           0
Repeater1[0]<--->EndNode1[0]
REAL
   0.458333  0.00297938  0.00075819    0.251647
 0.00297938   0.0410714  0.00260841 -0.00359486
 0.00075819  0.00260841   0.0482143 -0.00253149
   0.251647 -0.00359486 -0.00253149    0.452381
IMAGINARY
           0  -0.00378189  -0.00875302   0.00666283
  0.00378189            0  -0.00881933 -0.000273315
  0.00875302   0.00881933            0   0.00215419
 -0.00666283  0.000273315  -0.00215419            0
Repeater1[0]<--->HoM1[0]
REAL
   0.456933 0.000343589 -0.00762065    0.238725
0.000343589   0.0464264 0.000985284  0.00184629
-0.00762065 0.000985284   0.0448992 -0.00582182
   0.238725  0.00184629 -0.00582182    0.451741
IMAGINARY
          0  0.00379342 -0.00847217  0.00252603
-0.00379342           0  0.00567069 -0.00289147
 0.00847217 -0.00567069           0  0.00667308
-0.00252603  0.00289147 -0.00667308           0
EndNode1[0]<--->Repeater1[0]
REAL
    0.45267  0.00848482  0.00517126     0.24328
 0.00848482   0.0430825  0.00905782 0.000711093
 0.00517126  0.00905782   0.0412621  0.00614564
    0.24328 0.000711093  0.00614564    0.462985
IMAGINARY
          0  -0.0006399 -0.00669101  0.00403319
  0.0006399           0 -0.00118291 -0.00353121
 0.00669101  0.00118291           0 -0.00484158
-0.00403319  0.00353121  0.00484158           0
EndNode2[0]<--->HoM1[0]
REAL
   0.465188   0.0031983 -0.00465965    0.244863
  0.0031983   0.0425139  0.00322176 -0.00211702
-0.00465965  0.00322176   0.0440542 -0.00614468
   0.244863 -0.00211702 -0.00614468    0.448244
IMAGINARY
           0   0.00380281 -0.000688971  0.000601184
 -0.00380281            0   0.00384985  -0.00113474
 0.000688971  -0.00384985            0  -0.00745023
-0.000601184   0.00113474   0.00745023            0
Repeater1[0]<--->EndNode1[0]
REAL
    0.45267  0.00517126  0.00848482     0.24328
 0.00517126   0.0412621  0.00905782  0.00614564
 0.00848482  0.00905782   0.0430825 0.000711093
    0.24328  0.00614564 0.000711093    0.462985
IMAGINARY
          0 -0.00669101  -0.0006399  0.00403319
 0.00669101           0  0.00118291 -0.00484158
  0.0006399 -0.00118291           0 -0.00353121
-0.00403319  0.00484158  0.00353121           0
Repeater1[0]<--->HoM1[0]
REAL
   0.465188 -0.00465965   0.0031983    0.244863
-0.00465965   0.0440542  0.00322176 -0.00614468
  0.0031983  0.00322176   0.0425139 -0.00211702
   0.244863 -0.00614468 -0.00211702    0.448244
IMAGINARY
           0 -0.000688971   0.00380281  0.000601184
 0.000688971            0  -0.00384985  -0.00745023
 -0.00380281   0.00384985            0  -0.00113474
-0.000601184   0.00745023   0.00113474            0
EndNode1[0]<--->Repeater1[0]
REAL
    0.446158 -0.000412993   0.00624627     0.244507
-0.000412993     0.046582   0.00976486   0.00913118
  0.00624627   0.00976486    0.0393224    0.0049175
    0.244507   0.00913118    0.0049175     0.467937
IMAGINARY
          0   0.0026499  0.00786361  0.00615414
 -0.0026499           0  0.00644843  0.00710118
-0.00786361 -0.00644843           0 -0.00763816
-0.00615414 -0.00710118  0.00763816           0
EndNode2[0]<--->HoM1[0]
REAL
    0.448318   0.00353854   -0.0077974     0.243621
  0.00353854    0.0521444  -0.00297897   7.3103e-05
  -0.0077974  -0.00297897    0.0502931 -0.000864741
    0.243621   7.3103e-05 -0.000864741     0.449244
IMAGINARY
           0    0.0051432    0.0018846  0.000993115
  -0.0051432            0  0.000843995   0.00639452
  -0.0018846 -0.000843995            0  -0.00366479
-0.000993115  -0.00639452   0.00366479            0
Repeater1[0]<--->EndNode1[0]
REAL
    0.446158   0.00624627 -0.000412993     0.244507
  0.00624627    0.0393224   0.00976486    0.0049175
-0.000412993   0.00976486     0.046582   0.00913118
    0.244507    0.0049175   0.00913118     0.467937
IMAGINARY
          0  0.00786361   0.0026499  0.00615414
-0.00786361           0 -0.00644843 -0.00763816
 -0.0026499  0.00644843           0  0.00710118
-0.00615414  0.00763816 -0.00710118           0
Repeater1[0]<--->HoM1[0]
REAL
    0.448318   -0.0077974   0.00353854     0.243621
  -0.0077974    0.0502931  -0.00297897 -0.000864741
  0.00353854  -0.00297897    0.0521444   7.3103e-05
    0.243621 -0.000864741   7.3103e-05     0.449244
IMAGINARY
           0    0.0018846    0.0051432  0.000993115
  -0.0018846            0 -0.000843995  -0.00366479
  -0.0051432  0.000843995            0   0.00639452
-0.000993115   0.00366479  -0.00639452            0
EndNode1[0]<--->Repeater1[0]
REAL
   0.442628  0.00573253 -0.00174701    0.252466
 0.00573253   0.0481381 -0.00040737  0.00233524
-0.00174701 -0.00040737   0.0442022  0.00103218
   0.252466  0.00233524  0.00103218    0.465032
IMAGINARY
           0    0.0093384 -0.000659102  -0.00895351
  -0.0093384            0  -0.00177355   0.00610375
 0.000659102   0.00177355            0  -0.00480119
  0.00895351  -0.00610375   0.00480119            0
EndNode2[0]<--->HoM1[0]
REAL
   0.451242  0.00572636 -0.00192878    0.240112
 0.00572636   0.0460327  0.00186304 -0.00433842
-0.00192878  0.00186304   0.0466384 0.000235118
   0.240112 -0.00433842 0.000235118    0.456087
IMAGINARY
           0  -0.00383728   0.00305318  -0.00119315
  0.00383728            0 -0.000598969   0.00693146
 -0.00305318  0.000598969            0   0.00245479
  0.00119315  -0.00693146  -0.00245479            0
Repeater1[0]<--->EndNode1[0]
REAL
   0.442628 -0.00174701  0.00573253    0.252466
-0.00174701   0.0442022 -0.00040737  0.00103218
 0.00573253 -0.00040737   0.0481381  0.00233524
   0.252466  0.00103218  0.00233524    0.465032
IMAGINARY
           0 -0.000659102    0.0093384  -0.00895351
 0.000659102            0   0.00177355  -0.00480119
  -0.0093384  -0.00177355            0   0.00610375
  0.00895351   0.00480119  -0.00610375            0
Repeater1[0]<--->HoM1[0]
REAL
   0.451242 -0.00192878  0.00572636    0.240112
-0.00192878   0.0466384  0.00186304 0.000235118
 0.00572636  0.00186304   0.0460327 -0.00433842
   0.240112 0.000235118 -0.00433842    0.456087
IMAGINARY
           0   0.00305318  -0.00383728  -0.00119315
 -0.00305318            0  0.000598969   0.00245479
  0.00383728 -0.000598969            0   0.00693146
  0.00119315  -0.00245479  -0.00693146            0
EndNode1[0]<--->Repeater1[0]
REAL
   0.457803  -0.0045899 -0.00940463    0.243535
 -0.0045899   0.0390879 -0.00827643 -0.00864591
-0.00940463 -0.00827643   0.0393841 -0.00563874
   0.243535 -0.00864591 -0.00563874    0.463725
IMAGINARY
           0   0.00236316 -0.000617622  -0.00990047
 -0.00236316            0  0.000934545   0.00393888
 0.000617622 -0.000934545            0   -0.0093076
  0.00990047  -0.00393888    0.0093076            0
EndNode2[0]<--->HoM1[0]
REAL
   0.460857  -0.0066694 -0.00523058    0.250301
 -0.0066694   0.0457903  0.00501197 -0.00418047
-0.00523058  0.00501197   0.0425406   0.0015085
   0.250301 -0.00418047   0.0015085    0.450812
IMAGINARY
           0    0.0021971   -0.0022364 -0.000680515
  -0.0021971            0    -0.010552   -0.0090098
   0.0022364     0.010552            0    0.0151281
 0.000680515    0.0090098   -0.0151281            0
Repeater1[0]<--->EndNode1[0]
REAL
   0.457803 -0.00940463  -0.0045899    0.243535
-0.00940463   0.0393841 -0.00827643 -0.00563874
 -0.0045899 -0.00827643   0.0390879 -0.00864591
   0.243535 -0.00563874 -0.00864591    0.463725
IMAGINARY
           0 -0.000617622   0.00236316  -0.00990047
 0.000617622            0 -0.000934545   -0.0093076
 -0.00236316  0.000934545            0   0.00393888
  0.00990047    0.0093076  -0.00393888            0
Repeater1[0]<--->HoM1[0]
REAL
   0.460857 -0.00523058  -0.0066694    0.250301
-0.00523058   0.0425406  0.00501197   0.0015085
 -0.0066694  0.00501197   0.0457903 -0.00418047
   0.250301   0.0015085 -0.00418047    0.450812
IMAGINARY
           0   -0.0022364    0.0021971 -0.000680515
   0.0022364            0     0.010552    0.0151281
  -0.0021971    -0.010552            0   -0.0090098
 0.000680515   -0.0151281    0.0090098            0
EndNode1[0]<--->Repeater1[0]
REAL
   0.45857 -0.0131344  0.0023438   0.239815
-0.0131344  0.0436733 0.00792451 0.00488947
 0.0023438 0.00792451  0.0421777 0.00017476
  0.239815 0.00488947 0.00017476   0.455579
IMAGINARY
           0   0.00336676    0.0015567  -0.00849993
 -0.00336676            0 -2.53502e-05   -0.0113253
  -0.0015567  2.53502e-05            0   0.00159266
  0.00849993    0.0113253  -0.00159266            0
EndNode2[0]<--->HoM1[0]
REAL
   0.457546   0.0101718 -0.00449503    0.240382
  0.0101718   0.0441044 -0.00222229  0.00132761
-0.00449503 -0.00222229   0.0441044 -0.00670267
   0.240382  0.00132761 -0.00670267    0.454245
IMAGINARY
           0   0.00372754  -0.00488405  -0.00873831
 -0.00372754            0 -0.000390073  -0.00533248
  0.00488405  0.000390073            0   0.00282934
  0.00873831   0.00533248  -0.00282934            0
Repeater1[0]<--->EndNode1[0]
REAL
   0.45857  0.0023438 -0.0131344   0.239815
 0.0023438  0.0421777 0.00792451 0.00017476
-0.0131344 0.00792451  0.0436733 0.00488947
  0.239815 0.00017476 0.00488947   0.455579
IMAGINARY
           0    0.0015567   0.00336676  -0.00849993
  -0.0015567            0  2.53502e-05   0.00159266
 -0.00336676 -2.53502e-05            0   -0.0113253
  0.00849993  -0.00159266    0.0113253            0
Repeater1[0]<--->HoM1[0]
REAL
   0.457546 -0.00449503   0.0101718    0.240382
-0.00449503   0.0441044 -0.00222229 -0.00670267
  0.0101718 -0.00222229   0.0441044  0.00132761
   0.240382 -0.00670267  0.00132761    0.454245
IMAGINARY
           0  -0.00488405   0.00372754  -0.00873831
  0.00488405            0  0.000390073   0.00282934
 -0.00372754 -0.000390073            0  -0.00533248
  0.00873831  -0.00282934   0.00533248            0
EndNode1[0]<--->Repeater1[0]
REAL
    0.454156   0.00786184  -0.00165337     0.250143
  0.00786184    0.0440098   0.00416835   0.00725095
 -0.00165337   0.00416835    0.0424817 -0.000448829
    0.250143   0.00725095 -0.000448829     0.459352
IMAGINARY
           0  -0.00447353 -8.22729e-05   0.00752791
  0.00447353            0   0.00575171    0.0117102
 8.22729e-05  -0.00575171            0  -0.00417287
 -0.00752791   -0.0117102   0.00417287            0
EndNode2[0]<--->HoM1[0]
REAL
   0.451437   0.0017898  0.00825486    0.239361
  0.0017898   0.0378215 -0.00488909  0.00634141
 0.00825486 -0.00488909   0.0423601  0.00193691
   0.239361  0.00634141  0.00193691    0.468381
IMAGINARY
          0  0.00683119  0.00243346   0.0011668
-0.00683119           0  0.00932883 -0.00136017
-0.00243346 -0.00932883           0 -0.00483794
 -0.0011668  0.00136017  0.00483794           0
Repeater1[0]<--->EndNode1[0]
REAL
    0.454156  -0.00165337   0.00786184     0.250143
 -0.00165337    0.0424817   0.00416835 -0.000448829
  0.00786184   0.00416835    0.0440098   0.00725095
    0.250143 -0.000448829   0.00725095     0.459352
IMAGINARY
           0 -8.22729e-05  -0.00447353   0.00752791
 8.22729e-05            0  -0.00575171  -0.00417287
  0.00447353   0.00575171            0    0.0117102
 -0.00752791   0.00417287   -0.0117102            0
Repeater1[0]<--->HoM1[0]
REAL
   0.451437  0.00825486   0.0017898    0.239361
 0.00825486   0.0423601 -0.00488909  0.00193691
  0.0017898 -0.00488909   0.0378215  0.00634141
   0.239361  0.00193691  0.00634141    0.468381
IMAGINARY
          0  0.00243346  0.00683119   0.0011668
-0.00243346           0 -0.00932883 -0.00483794
-0.00683119  0.00932883           0 -0.00136017
 -0.0011668  0.00483794  0.00136017           0
EndNode1[0]<--->Repeater1[0]
REAL
   0.456424 -0.00396267  -0.0088637    0.248094
-0.00396267   0.0440252  0.00297325   0.0137447
 -0.0088637  0.00297325   0.0425277  0.00640318
   0.248094   0.0137447  0.00640318    0.457023
IMAGINARY
           0  -0.00260627   0.00950934   0.00184478
  0.00260627            0 -9.95803e-05  -0.00241295
 -0.00950934  9.95803e-05            0   0.00438037
 -0.00184478   0.00241295  -0.00438037            0
EndNode2[0]<--->HoM1[0]
REAL
   0.453196  0.00552381 -0.00405066    0.243697
 0.00552381   0.0433202  0.00265561  -0.0106859
-0.00405066  0.00265561   0.0433202 -0.00537496
   0.243697  -0.0106859 -0.00537496    0.460164
IMAGINARY
           0   0.00616785   0.00288884  -0.00738538
 -0.00616785            0 -0.000698451   0.00810183
 -0.00288884  0.000698451            0  -0.00993178
  0.00738538  -0.00810183   0.00993178            0
Repeater1[0]<--->EndNode1[0]
REAL
   0.456424  -0.0088637 -0.00396267    0.248094
 -0.0088637   0.0425277  0.00297325  0.00640318
-0.00396267  0.00297325   0.0440252   0.0137447
   0.248094  0.00640318   0.0137447    0.457023
IMAGINARY
           0   0.00950934  -0.00260627   0.00184478
 -0.00950934            0  9.95803e-05   0.00438037
  0.00260627 -9.95803e-05            0  -0.00241295
 -0.00184478  -0.00438037   0.00241295            0
Repeater1[0]<--->HoM1[0]
REAL
   0.453196 -0.00405066  0.00552381    0.243697
-0.00405066   0.0433202  0.00265561 -0.00537496
 0.00552381  0.00265561   0.0433202  -0.0106859
   0.243697 -0.00537496  -0.0106859    0.460164
IMAGINARY
           0   0.00288884   0.00616785  -0.00738538
 -0.00288884            0  0.000698451  -0.00993178
 -0.00616785 -0.000698451            0   0.00810183
  0.00738538   0.00993178  -0.00810183            0
EndNode1[0]<--->Repeater1[0]
REAL
    0.457058    0.0114011    0.0112748     0.243003
   0.0114011    0.0463596   0.00174826 -0.000776917
   0.0112748   0.00174826    0.0421991   0.00239611
    0.243003 -0.000776917   0.00239611     0.454383
IMAGINARY
          0 -0.00273716 -0.00564496  -0.0015534
 0.00273716           0  0.00337933   0.0134857
 0.00564496 -0.00337933           0  0.00575284
  0.0015534  -0.0134857 -0.00575284           0
EndNode2[0]<--->HoM1[0]
REAL
    0.439124    0.0116073   0.00512563     0.244301
   0.0116073    0.0460094 -0.000644038   0.00435235
  0.00512563 -0.000644038    0.0378717 -0.000671194
    0.244301   0.00435235 -0.000671194     0.476995
IMAGINARY
           0 -0.000577701  -0.00731651    0.0028594
 0.000577701            0  -0.00517154   -0.0103034
  0.00731651   0.00517154            0 -0.000577701
  -0.0028594    0.0103034  0.000577701            0
Repeater1[0]<--->EndNode1[0]
REAL
    0.457058    0.0112748    0.0114011     0.243003
   0.0112748    0.0421991   0.00174826   0.00239611
   0.0114011   0.00174826    0.0463596 -0.000776917
    0.243003   0.00239611 -0.000776917     0.454383
IMAGINARY
          0 -0.00564496 -0.00273716  -0.0015534
 0.00564496           0 -0.00337933  0.00575284
 0.00273716  0.00337933           0   0.0134857
  0.0015534 -0.00575284  -0.0134857           0
Repeater1[0]<--->HoM1[0]
REAL
    0.439124   0.00512563    0.0116073     0.244301
  0.00512563    0.0378717 -0.000644038 -0.000671194
   0.0116073 -0.000644038    0.0460094   0.00435235
    0.244301 -0.000671194   0.00435235     0.476995
IMAGINARY
           0  -0.00731651 -0.000577701    0.0028594
  0.00731651            0   0.00517154 -0.000577701
 0.000577701  -0.00517154            0   -0.0103034
  -0.0028594  0.000577701    0.0103034            0
EndNode1[0]<--->Repeater1[0]
REAL
  0.480136  0.0188997  0.0109887    0.24142
 0.0188997  0.0384971 0.00479859 -0.0076614
 0.0109887 0.00479859  0.0458885 0.00287892
   0.24142 -0.0076614 0.00287892   0.435479
IMAGINARY
           0  0.000732785   0.00850018 -0.000424423
-0.000732785            0  -0.00307616  -0.00506221
 -0.00850018   0.00307616            0   0.00330309
 0.000424423   0.00506221  -0.00330309            0
EndNode2[0]<--->HoM1[0]
REAL
   0.447329 -0.00939526 -0.00154722    0.242481
-0.00939526   0.0429722  0.00166241  0.00261202
-0.00154722  0.00166241   0.0441659 0.000420508
   0.242481  0.00261202 0.000420508    0.465533
IMAGINARY
          0  0.00293721 -0.00932469  0.00535444
-0.00293721           0 -0.00141027 -0.00542547
 0.00932469  0.00141027           0  0.00428735
-0.00535444  0.00542547 -0.00428735           0
Repeater1[0]<--->EndNode1[0]
REAL
  0.480136  0.0109887  0.0188997    0.24142
 0.0109887  0.0458885 0.00479859 0.00287892
 0.0188997 0.00479859  0.0384971 -0.0076614
   0.24142 0.00287892 -0.0076614   0.435479
IMAGINARY
           0   0.00850018  0.000732785 -0.000424423
 -0.00850018            0   0.00307616   0.00330309
-0.000732785  -0.00307616            0  -0.00506221
 0.000424423  -0.00330309   0.00506221            0
Repeater1[0]<--->HoM1[0]
REAL
   0.447329 -0.00154722 -0.00939526    0.242481
-0.00154722   0.0441659  0.00166241 0.000420508
-0.00939526  0.00166241   0.0429722  0.00261202
   0.242481 0.000420508  0.00261202    0.465533
IMAGINARY
          0 -0.00932469  0.00293721  0.00535444
 0.00932469           0  0.00141027  0.00428735
-0.00293721 -0.00141027           0 -0.00542547
-0.00535444 -0.00428735  0.00542547           0
EndNode1[0]<--->Repeater1[0]
REAL
   0.460036  0.00247951 -0.00339502    0.249097
 0.00247951   0.0464772 0.000142611  0.00217773
-0.00339502 0.000142611    0.044405  0.00543285
   0.249097  0.00217773  0.00543285    0.449082
IMAGINARY
          0 -0.00448171 -0.00531616  0.00600801
 0.00448171           0 -0.00297403  0.00352297
 0.00531616  0.00297403           0 -0.00866832
-0.00600801 -0.00352297  0.00866832           0
EndNode2[0]<--->HoM1[0]
REAL
   0.458321  0.00382987 -0.00269102    0.238153
 0.00382987   0.0421273  0.00229813  0.00133763
-0.00269102  0.00229813   0.0445175  0.00233555
   0.238153  0.00133763  0.00233555    0.455034
IMAGINARY
           0  -0.00905599  -0.00613207 -8.63604e-05
  0.00905599            0  -0.00502796  -0.00493804
  0.00613207   0.00502796            0    0.0093635
 8.63604e-05   0.00493804   -0.0093635            0
Repeater1[0]<--->EndNode1[0]
REAL
   0.460036 -0.00339502  0.00247951    0.249097
-0.00339502    0.044405 0.000142611  0.00543285
 0.00247951 0.000142611   0.0464772  0.00217773
   0.249097  0.00543285  0.00217773    0.449082
IMAGINARY
          0 -0.00531616 -0.00448171  0.00600801
 0.00531616           0  0.00297403 -0.00866832
 0.00448171 -0.00297403           0  0.00352297
-0.00600801  0.00866832 -0.00352297           0
Repeater1[0]<--->HoM1[0]
REAL
   0.458321 -0.00269102  0.00382987    0.238153
-0.00269102   0.0445175  0.00229813  0.00233555
 0.00382987  0.00229813   0.0421273  0.00133763
   0.238153  0.00233555  0.00133763    0.455034
IMAGINARY
           0  -0.00613207  -0.00905599 -8.63604e-05
  0.00613207            0   0.00502796    0.0093635
  0.00905599  -0.00502796            0  -0.00493804
 8.63604e-05   -0.0093635   0.00493804            0
EndNode1[0]<--->Repeater1[0]
REAL
   0.470245 0.000677509  0.00292565    0.244482
0.000677509   0.0423313 -0.00447652 -0.00603492
 0.00292565 -0.00447652   0.0407975 -0.00378678
   0.244482 -0.00603492 -0.00378678    0.446626
IMAGINARY
          0 -0.00275006 -0.00612337 -0.00255194
 0.00275006           0  0.00497032  0.00612337
 0.00612337 -0.00497032           0  -0.0026039
 0.00255194 -0.00612337   0.0026039           0
EndNode2[0]<--->HoM1[0]
REAL
    0.449173 -0.000660768   0.00245988     0.247094
-0.000660768    0.0567376   0.00383054  -0.00554249
  0.00245988   0.00383054    0.0472813   0.00435991
    0.247094  -0.00554249   0.00435991     0.446809
IMAGINARY
           0  1.43066e-05  -0.00846317   0.00332812
-1.43066e-05            0   0.00119267 -0.000770861
  0.00846317  -0.00119267            0   0.00316462
 -0.00332812  0.000770861  -0.00316462            0
Repeater1[0]<--->EndNode1[0]
REAL
   0.470245  0.00292565 0.000677509    0.244482
 0.00292565   0.0407975 -0.00447652 -0.00378678
0.000677509 -0.00447652   0.0423313 -0.00603492
   0.244482 -0.00378678 -0.00603492    0.446626
IMAGINARY
          0 -0.00612337 -0.00275006 -0.00255194
 0.00612337           0 -0.00497032  -0.0026039
 0.00275006  0.00497032           0  0.00612337
 0.00255194   0.0026039 -0.00612337           0
Repeater1[0]<--->HoM1[0]
REAL
    0.449173   0.00245988 -0.000660768     0.247094
  0.00245988    0.0472813   0.00383054   0.00435991
-0.000660768   0.00383054    0.0567376  -0.00554249
    0.247094   0.00435991  -0.00554249     0.446809
IMAGINARY
           0  -0.00846317  1.43066e-05   0.00332812
  0.00846317            0  -0.00119267   0.00316462
-1.43066e-05   0.00119267            0 -0.000770861
 -0.00332812  -0.00316462  0.000770861            0
EndNode1[0]<--->Repeater1[0]
REAL
    0.450621   0.00781576   0.00117601     0.241738
  0.00781576    0.0410999   0.00684704   0.00254755
  0.00117601   0.00684704    0.0422827 -0.000517575
    0.241738   0.00254755 -0.000517575     0.465996
IMAGINARY
           0    0.0118566   -0.0134112  0.000368314
  -0.0118566            0   -0.0047985  -0.00341121
   0.0134112    0.0047985            0  -0.00157623
-0.000368314   0.00341121   0.00157623            0
EndNode2[0]<--->HoM1[0]
REAL
    0.452474     0.010378 -0.000838055      0.24076
    0.010378    0.0443778  -0.00740637   0.00840464
-0.000838055  -0.00740637    0.0470765   0.00172853
     0.24076   0.00840464   0.00172853     0.456072
IMAGINARY
           0    0.0011382  -0.00165852   0.00391767
  -0.0011382            0 -0.000705055   0.00043603
  0.00165852  0.000705055            0  8.42972e-05
 -0.00391767  -0.00043603 -8.42972e-05            0
Repeater1[0]<--->EndNode1[0]
REAL
    0.450621   0.00117601   0.00781576     0.241738
  0.00117601    0.0422827   0.00684704 -0.000517575
  0.00781576   0.00684704    0.0410999   0.00254755
    0.241738 -0.000517575   0.00254755     0.465996
IMAGINARY
           0   -0.0134112    0.0118566  0.000368314
   0.0134112            0    0.0047985  -0.00157623
  -0.0118566   -0.0047985            0  -0.00341121
-0.000368314   0.00157623   0.00341121            0
Repeater1[0]<--->HoM1[0]
REAL
    0.452474 -0.000838055     0.010378      0.24076
-0.000838055    0.0470765  -0.00740637   0.00172853
    0.010378  -0.00740637    0.0443778   0.00840464
     0.24076   0.00172853   0.00840464     0.456072
IMAGINARY
           0  -0.00165852    0.0011382   0.00391767
  0.00165852            0  0.000705055  8.42972e-05
  -0.0011382 -0.000705055            0   0.00043603
 -0.00391767 -8.42972e-05  -0.00043603            0
EndNode1[0]<--->Repeater1[0]
REAL
    0.457846 -0.000748055  -0.00601414     0.254057
-0.000748055    0.0447045  -0.00179622   0.00300028
 -0.00601414  -0.00179622    0.0450045  0.000748055
    0.254057   0.00300028  0.000748055     0.452445
IMAGINARY
           0  -0.00736328  -0.00210743  -0.00186549
  0.00736328            0   -0.0107623  0.000435193
  0.00210743    0.0107623            0   0.00204251
  0.00186549 -0.000435193  -0.00204251            0
EndNode2[0]<--->HoM1[0]
REAL
   0.460351 0.000381729 -0.00610225    0.246304
0.000381729   0.0423729   0.0191717 -0.00669537
-0.00610225   0.0191717   0.0429782  0.00348732
   0.246304 -0.00669537  0.00348732    0.454298
IMAGINARY
          0 -0.00399094  0.00432491 -0.00368699
 0.00399094           0  0.00149593  0.00106468
-0.00432491 -0.00149593           0  0.00291302
 0.00368699 -0.00106468 -0.00291302           0
Repeater1[0]<--->EndNode1[0]
REAL
    0.457846  -0.00601414 -0.000748055     0.254057
 -0.00601414    0.0450045  -0.00179622  0.000748055
-0.000748055  -0.00179622    0.0447045   0.00300028
    0.254057  0.000748055   0.00300028     0.452445
IMAGINARY
           0  -0.00210743  -0.00736328  -0.00186549
  0.00210743            0    0.0107623   0.00204251
  0.00736328   -0.0107623            0  0.000435193
  0.00186549  -0.00204251 -0.000435193            0
Repeater1[0]<--->HoM1[0]
REAL
   0.460351 -0.00610225 0.000381729    0.246304
-0.00610225   0.0429782   0.0191717  0.00348732
0.000381729   0.0191717   0.0423729 -0.00669537
   0.246304  0.00348732 -0.00669537    0.454298
IMAGINARY
          0  0.00432491 -0.00399094 -0.00368699
-0.00432491           0 -0.00149593  0.00291302
 0.00399094  0.00149593           0  0.00106468
 0.00368699 -0.00291302 -0.00106468           0
EndNode1[0]<--->Repeater1[0]
REAL
    0.45874 -0.00572885 -0.00482085    0.237909
-0.00572885    0.043774  0.00419337  0.00390955
-0.00482085  0.00419337   0.0440698  0.00208365
   0.237909  0.00390955  0.00208365    0.453416
IMAGINARY
           0  -0.00253405    0.0020445  -0.00169511
  0.00253405            0   0.00364297  0.000669614
  -0.0020445  -0.00364297            0  -0.00108477
  0.00169511 -0.000669614   0.00108477            0
EndNode2[0]<--->HoM1[0]
REAL
   0.451387 -0.00748461  0.00156547    0.241336
-0.00748461   0.0414508  0.00727983 -0.00371932
 0.00156547  0.00727983   0.0429747  9.9991e-05
   0.241336 -0.00371932  9.9991e-05    0.464188
IMAGINARY
           0  -0.00240324   0.00679066 -0.000884044
  0.00240324            0   0.00752317  -0.00431388
 -0.00679066  -0.00752317            0   0.00828559
 0.000884044   0.00431388  -0.00828559            0
Repeater1[0]<--->EndNode1[0]
REAL
    0.45874 -0.00482085 -0.00572885    0.237909
-0.00482085   0.0440698  0.00419337  0.00208365
-0.00572885  0.00419337    0.043774  0.00390955
   0.237909  0.00208365  0.00390955    0.453416
IMAGINARY
           0    0.0020445  -0.00253405  -0.00169511
  -0.0020445            0  -0.00364297  -0.00108477
  0.00253405   0.00364297            0  0.000669614
  0.00169511   0.00108477 -0.000669614            0
Repeater1[0]<--->HoM1[0]
REAL
   0.451387  0.00156547 -0.00748461    0.241336
 0.00156547   0.0429747  0.00727983  9.9991e-05
-0.00748461  0.00727983   0.0414508 -0.00371932
   0.241336  9.9991e-05 -0.00371932    0.464188
IMAGINARY
           0   0.00679066  -0.00240324 -0.000884044
 -0.00679066            0  -0.00752317   0.00828559
  0.00240324   0.00752317            0  -0.00431388
 0.000884044  -0.00828559   0.00431388            0
EndNode1[0]<--->Repeater1[0]
REAL
     0.46076  -0.00120886 -1.05273e-05      0.25237
 -0.00120886    0.0465972   0.00594561 -0.000447208
-1.05273e-05   0.00594561    0.0499693   0.00136144
     0.25237 -0.000447208   0.00136144     0.442673
IMAGINARY
           0  0.000383103  -0.00122707  -0.00405048
-0.000383103            0   0.00584474     0.013146
  0.00122707  -0.00584474            0  -0.00127702
  0.00405048    -0.013146   0.00127702            0
EndNode2[0]<--->HoM1[0]
REAL
   0.449145 -0.00609376 0.000452349    0.245082
-0.00609376   0.0463634  0.00131262 -0.00135379
0.000452349  0.00131262   0.0420168 -0.00742788
   0.245082 -0.00135379 -0.00742788    0.462475
IMAGINARY
           0 -0.000608642   0.00478869   0.00544742
 0.000608642            0  -0.00665297   0.00341799
 -0.00478869   0.00665297            0   0.00182445
 -0.00544742  -0.00341799  -0.00182445            0
Repeater1[0]<--->EndNode1[0]
REAL
     0.46076 -1.05273e-05  -0.00120886      0.25237
-1.05273e-05    0.0499693   0.00594561   0.00136144
 -0.00120886   0.00594561    0.0465972 -0.000447208
     0.25237   0.00136144 -0.000447208     0.442673
IMAGINARY
           0  -0.00122707  0.000383103  -0.00405048
  0.00122707            0  -0.00584474  -0.00127702
-0.000383103   0.00584474            0     0.013146
  0.00405048   0.00127702    -0.013146            0
Repeater1[0]<--->HoM1[0]
REAL
   0.449145 0.000452349 -0.00609376    0.245082
0.000452349   0.0420168  0.00131262 -0.00742788
-0.00609376  0.00131262   0.0463634 -0.00135379
   0.245082 -0.00742788 -0.00135379    0.462475
IMAGINARY
           0   0.00478869 -0.000608642   0.00544742
 -0.00478869            0   0.00665297   0.00182445
 0.000608642  -0.00665297            0   0.00341799
 -0.00544742  -0.00182445  -0.00341799            0
EndNode1[0]<--->Repeater1[0]
REAL
   0.451955  0.00720791  0.00178521    0.247134
 0.00720791   0.0451652 0.000435638 0.000718467
 0.00178521 0.000435638   0.0436496 -0.00617698
   0.247134 0.000718467 -0.00617698     0.45923
IMAGINARY
          0  0.00629739 -0.00105231  -0.0181987
-0.00629739           0 -0.00575798  0.00525399
 0.00105231  0.00575798           0  0.00570742
  0.0181987 -0.00525399 -0.00570742           0
EndNode2[0]<--->HoM1[0]
REAL
   0.459174 -0.00994773 -0.00455464    0.243074
-0.00994773   0.0476047   0.0040082 0.000513934
-0.00455464   0.0040082   0.0412775 -0.00576613
   0.243074 0.000513934 -0.00576613    0.451943
IMAGINARY
           0 -0.000801269  -0.00277346   -0.0115804
 0.000801269            0   0.00281909  -0.00351773
  0.00277346  -0.00281909            0   0.00439624
   0.0115804   0.00351773  -0.00439624            0
Repeater1[0]<--->EndNode1[0]
REAL
   0.451955  0.00178521  0.00720791    0.247134
 0.00178521   0.0436496 0.000435638 -0.00617698
 0.00720791 0.000435638   0.0451652 0.000718467
   0.247134 -0.00617698 0.000718467     0.45923
IMAGINARY
          0 -0.00105231  0.00629739  -0.0181987
 0.00105231           0  0.00575798  0.00570742
-0.00629739 -0.00575798           0  0.00525399
  0.0181987 -0.00570742 -0.00525399           0
Repeater1[0]<--->HoM1[0]
REAL
   0.459174 -0.00455464 -0.00994773    0.243074
-0.00455464   0.0412775   0.0040082 -0.00576613
-0.00994773   0.0040082   0.0476047 0.000513934
   0.243074 -0.00576613 0.000513934    0.451943
IMAGINARY
           0  -0.00277346 -0.000801269   -0.0115804
  0.00277346            0  -0.00281909   0.00439624
 0.000801269   0.00281909            0  -0.00351773
   0.0115804  -0.00439624   0.00351773            0
EndNode1[0]<--->Repeater1[0]
REAL
   0.455746 3.08661e-05 -0.00305064    0.243062
3.08661e-05   0.0408041  0.00165715  0.00244714
-0.00305064  0.00165715   0.0414041  0.00359014
   0.243062  0.00244714  0.00359014    0.462046
IMAGINARY
           0   0.00315834  6.91105e-05   0.00262777
 -0.00315834            0  -0.00600318   0.00157513
-6.91105e-05   0.00600318            0  -0.00330782
 -0.00262777  -0.00157513   0.00330782            0
EndNode2[0]<--->HoM1[0]
REAL
   0.433861  0.00293013 -0.00557619    0.251665
 0.00293013    0.049567  0.00224617  0.00617788
-0.00557619  0.00224617   0.0456853 -0.00533687
   0.251665  0.00617788 -0.00533687    0.470887
IMAGINARY
           0    0.0050337   0.00330534  -0.00453642
  -0.0050337            0  0.000900054 -0.000398363
 -0.00330534 -0.000900054            0  0.000780253
  0.00453642  0.000398363 -0.000780253            0
Repeater1[0]<--->EndNode1[0]
REAL
   0.455746 -0.00305064 3.08661e-05    0.243062
-0.00305064   0.0414041  0.00165715  0.00359014
3.08661e-05  0.00165715   0.0408041  0.00244714
   0.243062  0.00359014  0.00244714    0.462046
IMAGINARY
           0  6.91105e-05   0.00315834   0.00262777
-6.91105e-05            0   0.00600318  -0.00330782
 -0.00315834  -0.00600318            0   0.00157513
 -0.00262777   0.00330782  -0.00157513            0
Repeater1[0]<--->HoM1[0]
REAL
   0.433861 -0.00557619  0.00293013    0.251665
-0.00557619   0.0456853  0.00224617 -0.00533687
 0.00293013  0.00224617    0.049567  0.00617788
   0.251665 -0.00533687  0.00617788    0.470887
IMAGINARY
           0   0.00330534    0.0050337  -0.00453642
 -0.00330534            0 -0.000900054  0.000780253
  -0.0050337  0.000900054            0 -0.000398363
  0.00453642 -0.000780253  0.000398363            0
EndNode1[0]<--->Repeater1[0]
REAL
    0.470999  -0.00821939  -0.00372938     0.239344
 -0.00821939     0.038263 -0.000405937 -0.000695399
 -0.00372938 -0.000405937    0.0367446   0.00526954
    0.239344 -0.000695399   0.00526954     0.453993
IMAGINARY
           0   0.00220334   0.00594637  0.000371689
 -0.00220334            0   0.00141615  -0.00318393
 -0.00594637  -0.00141615            0  0.000559093
-0.000371689   0.00318393 -0.000559093            0
EndNode2[0]<--->HoM1[0]
REAL
    0.463673    0.0114797   0.00124556     0.239239
   0.0114797    0.0492672    0.0102552   0.00728785
  0.00124556    0.0102552    0.0371063 -0.000632123
    0.239239   0.00728785 -0.000632123     0.449953
IMAGINARY
          0 -0.00724441 -0.00140317  0.00321374
 0.00724441           0  0.00203101  0.00398283
 0.00140317 -0.00203101           0 -0.00292251
-0.00321374 -0.00398283  0.00292251           0
Repeater1[0]<--->EndNode1[0]
REAL
    0.470999  -0.00372938  -0.00821939     0.239344
 -0.00372938    0.0367446 -0.000405937   0.00526954
 -0.00821939 -0.000405937     0.038263 -0.000695399
    0.239344   0.00526954 -0.000695399     0.453993
IMAGINARY
           0   0.00594637   0.00220334  0.000371689
 -0.00594637            0  -0.00141615  0.000559093
 -0.00220334   0.00141615            0  -0.00318393
-0.000371689 -0.000559093   0.00318393            0
Repeater1[0]<--->HoM1[0]
REAL
    0.463673   0.00124556    0.0114797     0.239239
  0.00124556    0.0371063    0.0102552 -0.000632123
   0.0114797    0.0102552    0.0492672   0.00728785
    0.239239 -0.000632123   0.00728785     0.449953
IMAGINARY
          0 -0.00140317 -0.00724441  0.00321374
 0.00140317           0 -0.00203101 -0.00292251
 0.00724441  0.00203101           0  0.00398283
-0.00321374  0.00292251 -0.00398283           0
EndNode1[0]<--->Repeater1[0]
REAL
   0.455944   0.0058591 -0.00661105    0.241874
  0.0058591    0.045866  0.00607609  0.00615554
-0.00661105  0.00607609   0.0455643 -0.00206317
   0.241874  0.00615554 -0.00206317    0.452625
IMAGINARY
          0   0.0065468 -0.00179433 -0.00279636
 -0.0065468           0  0.00572891  -0.0118817
 0.00179433 -0.00572891           0 -0.00038509
 0.00279636   0.0118817  0.00038509           0
EndNode2[0]<--->HoM1[0]
REAL
    0.450075   0.00720993   0.00683069     0.239241
  0.00720993    0.0497738  -0.00345467    0.0021386
  0.00683069  -0.00345467    0.0443439 -0.000977031
    0.239241    0.0021386 -0.000977031     0.455807
IMAGINARY
           0  -0.00188765  -0.00224508  -0.00636303
  0.00188765            0   0.00161243  0.000754321
  0.00224508  -0.00161243            0   0.00188765
  0.00636303 -0.000754321  -0.00188765            0
Repeater1[0]<--->EndNode1[0]
REAL
   0.455944 -0.00661105   0.0058591    0.241874
-0.00661105   0.0455643  0.00607609 -0.00206317
  0.0058591  0.00607609    0.045866  0.00615554
   0.241874 -0.00206317  0.00615554    0.452625
IMAGINARY
          0 -0.00179433   0.0065468 -0.00279636
 0.00179433           0 -0.00572891 -0.00038509
 -0.0065468  0.00572891           0  -0.0118817
 0.00279636  0.00038509   0.0118817           0
Repeater1[0]<--->HoM1[0]
REAL
    0.450075   0.00683069   0.00720993     0.239241
  0.00683069    0.0443439  -0.00345467 -0.000977031
  0.00720993  -0.00345467    0.0497738    0.0021386
    0.239241 -0.000977031    0.0021386     0.455807
IMAGINARY
           0  -0.00224508  -0.00188765  -0.00636303
  0.00224508            0  -0.00161243   0.00188765
  0.00188765   0.00161243            0  0.000754321
  0.00636303  -0.00188765 -0.000754321            0
EndNode1[0]<--->Repeater1[0]
REAL
    0.46189 -0.00157106  -0.0030055    0.236673
-0.00157106   0.0460366  0.00327942 -0.00809228
 -0.0030055  0.00327942   0.0533537 -0.00502762
   0.236673 -0.00809228 -0.00502762     0.43872
IMAGINARY
          0  0.00164572 -0.00264244  -0.0149721
-0.00164572           0  0.00735334  0.00383932
 0.00264244 -0.00735334           0  0.00164572
  0.0149721 -0.00383932 -0.00164572           0
EndNode2[0]<--->HoM1[0]
REAL
   0.454159   0.0082659 -0.00164396    0.241812
  0.0082659   0.0476624 -0.00174695   0.0126831
-0.00164396 -0.00174695   0.0488767 -0.00164241
   0.241812   0.0126831 -0.00164241    0.449302
IMAGINARY
           0   -0.0082407    0.0114275   0.00507748
   0.0082407            0 -0.000666167   0.00236454
  -0.0114275  0.000666167            0  -0.00312638
 -0.00507748  -0.00236454   0.00312638            0
Repeater1[0]<--->EndNode1[0]
REAL
    0.46189  -0.0030055 -0.00157106    0.236673
 -0.0030055   0.0533537  0.00327942 -0.00502762
-0.00157106  0.00327942   0.0460366 -0.00809228
   0.236673 -0.00502762 -0.00809228     0.43872
IMAGINARY
          0 -0.00264244  0.00164572  -0.0149721
 0.00264244           0 -0.00735334  0.00164572
-0.00164572  0.00735334           0  0.00383932
  0.0149721 -0.00164572 -0.00383932           0
Repeater1[0]<--->HoM1[0]
REAL
   0.454159 -0.00164396   0.0082659    0.241812
-0.00164396   0.0488767 -0.00174695 -0.00164241
  0.0082659 -0.00174695   0.0476624   0.0126831
   0.241812 -0.00164241   0.0126831    0.449302
IMAGINARY
           0    0.0114275   -0.0082407   0.00507748
  -0.0114275            0  0.000666167  -0.00312638
   0.0082407 -0.000666167            0   0.00236454
 -0.00507748   0.00312638  -0.00236454            0
EndNode1[0]<--->Repeater1[0]
REAL
   0.443594 -0.00446153 0.000385413    0.246819
-0.00446153   0.0438881  0.00948809  0.00688677
0.000385413  0.00948809   0.0447717 -0.00102972
   0.246819  0.00688677 -0.00102972    0.467747
IMAGINARY
          0 -0.00335182  0.00127305    -0.02005
 0.00335182           0  0.00762857  0.00157553
-0.00127305 -0.00762857           0  0.00530084
    0.02005 -0.00157553 -0.00530084           0
EndNode2[0]<--->HoM1[0]
REAL
   0.456768  0.00471692 0.000964862    0.234567
 0.00471692   0.0450209  0.00653119 -0.00187011
0.000964862  0.00653119   0.0447227  0.00886184
   0.234567 -0.00187011  0.00886184    0.453488
IMAGINARY
          0  0.00517731 -0.00539418   0.0056213
-0.00517731           0  -0.0056213  -0.0046508
 0.00539418   0.0056213           0  0.00396812
 -0.0056213   0.0046508 -0.00396812           0
Repeater1[0]<--->EndNode1[0]
REAL
   0.443594 0.000385413 -0.00446153    0.246819
0.000385413   0.0447717  0.00948809 -0.00102972
-0.00446153  0.00948809   0.0438881  0.00688677
   0.246819 -0.00102972  0.00688677    0.467747
IMAGINARY
          0  0.00127305 -0.00335182    -0.02005
-0.00127305           0 -0.00762857  0.00530084
