EndNode1[0]<--->Repeater1[0]
REAL
   0.440719 -0.00535809  0.00339419    0.352174
-0.00535809   0.0715569  0.00311716  0.00429348
 0.00339419  0.00311716   0.0724551    0.010031
   0.352174  0.00429348    0.010031    0.415269
IMAGINARY
          0 -0.00112002 -0.00965334   -0.010152
 0.00112002           0   0.0167428  0.00201632
 0.00965334  -0.0167428           0 -0.00142565
   0.010152 -0.00201632  0.00142565           0
EndNode2[0]<--->HoM1[0]
REAL
   0.421439 0.000166277 -0.00491788    0.351515
0.000166277   0.0693098  0.00215808  0.00326871
-0.00491788  0.00215808   0.0825257 -0.00841215
   0.351515  0.00326871 -0.00841215    0.426725
IMAGINARY
          0  0.00180574 -0.00228175  0.00867508
-0.00180574           0 -0.00142441 -0.00169866
 0.00228175  0.00142441           0 -0.00517377
-0.00867508  0.00169866  0.00517377           0
Repeater1[0]<--->EndNode1[0]
REAL
   0.440719  0.00339419 -0.00535809    0.352174
 0.00339419   0.0724551  0.00311716    0.010031
-0.00535809  0.00311716   0.0715569  0.00429348
   0.352174    0.010031  0.00429348    0.415269
IMAGINARY
          0 -0.00965334 -0.00112002   -0.010152
 0.00965334           0  -0.0167428 -0.00142565
 0.00112002   0.0167428           0  0.00201632
   0.010152  0.00142565 -0.00201632           0
Repeater1[0]<--->HoM1[0]
REAL
   0.421439 -0.00491788 0.000166277    0.351515
-0.00491788   0.0825257  0.00215808 -0.00841215
0.000166277  0.00215808   0.0693098  0.00326871
   0.351515 -0.00841215  0.00326871    0.426725
IMAGINARY
          0 -0.00228175  0.00180574  0.00867508
 0.00228175           0  0.00142441 -0.00517377
-0.00180574 -0.00142441           0 -0.00169866
-0.00867508  0.00517377  0.00169866           0
EndNode1[0]<--->Repeater1[0]
REAL
   0.422878 -0.00419032  0.00251128     0.35415
-0.00419032   0.0794037 0.000548328 -0.00446264
 0.00251128 0.000548328   0.0781868   0.0124461
    0.35415 -0.00446264   0.0124461    0.419531
IMAGINARY
           0 -0.000696464   0.00122162   0.00582814
 0.000696464            0 -0.000159883  -0.00603352
 -0.00122162  0.000159883            0   0.00900793
 -0.00582814   0.00603352  -0.00900793            0
EndNode2[0]<--->HoM1[0]
REAL
   0.412136 -0.00490964 -0.00550015     0.34665
-0.00490964   0.0856113  0.00047357  -0.0106487
-0.00550015  0.00047357   0.0708922 -0.00416449
    0.34665  -0.0106487 -0.00416449    0.431361
IMAGINARY
           0 -0.000438795  -0.00130502 -0.000448345
 0.000438795            0   0.00367415   0.00399319
  0.00130502  -0.00367415            0   0.00342565
 0.000448345  -0.00399319  -0.00342565            0
Repeater1[0]<--->EndNode1[0]
REAL
   0.422878  0.00251128 -0.00419032     0.35415
 0.00251128   0.0781868 0.000548328   0.0124461
-0.00419032 0.000548328   0.0794037 -0.00446264
    0.35415   0.0124461 -0.00446264    0.419531
IMAGINARY
           0   0.00122162 -0.000696464   0.00582814
 -0.00122162            0  0.000159883   0.00900793
 0.000696464 -0.000159883            0  -0.00603352
 -0.00582814  -0.00900793   0.00603352            0
Repeater1[0]<--->HoM1[0]
REAL
   0.412136 -0.00550015 -0.00490964     0.34665
-0.00550015   0.0708922  0.00047357 -0.00416449
-0.00490964  0.00047357   0.0856113  -0.0106487
    0.34665 -0.00416449  -0.0106487    0.431361
IMAGINARY
           0  -0.00130502 -0.000438795 -0.000448345
  0.00130502            0  -0.00367415   0.00342565
 0.000438795   0.00367415            0   0.00399319
 0.000448345  -0.00342565  -0.00399319            0
EndNode1[0]<--->Repeater1[0]
REAL
    0.426542   0.00261835  0.000940384     0.350393
  0.00261835    0.0785973 -0.000962588   0.00325878
 0.000940384 -0.000962588    0.0728537  -0.00321823
    0.350393   0.00325878  -0.00321823     0.422007
IMAGINARY
           0   0.00908935   -0.0061532   0.00701977
 -0.00908935            0  0.000101897   0.00455017
   0.0061532 -0.000101897            0   -0.0069034
 -0.00701977  -0.00455017    0.0069034            0
EndNode2[0]<--->HoM1[0]
REAL
   0.424977  -0.0127322  0.00286537    0.354391
 -0.0127322    0.076993 -0.00181586  -0.0164829
 0.00286537 -0.00181586   0.0727493 -0.00858219
   0.354391  -0.0164829 -0.00858219     0.42528
IMAGINARY
           0  0.000199177   0.00676687  -0.00725914
-0.000199177            0  -0.00361376   0.00142009
 -0.00676687   0.00361376            0  -0.00630218
  0.00725914  -0.00142009   0.00630218            0
Repeater1[0]<--->EndNode1[0]
REAL
    0.426542  0.000940384   0.00261835     0.350393
 0.000940384    0.0728537 -0.000962588  -0.00321823
  0.00261835 -0.000962588    0.0785973   0.00325878
    0.350393  -0.00321823   0.00325878     0.422007
IMAGINARY
           0   -0.0061532   0.00908935   0.00701977
   0.0061532            0 -0.000101897   -0.0069034
 -0.00908935  0.000101897            0   0.00455017
 -0.00701977    0.0069034  -0.00455017            0
Repeater1[0]<--->HoM1[0]
REAL
   0.424977  0.00286537  -0.0127322    0.354391
 0.00286537   0.0727493 -0.00181586 -0.00858219
 -0.0127322 -0.00181586    0.076993  -0.0164829
   0.354391 -0.00858219  -0.0164829     0.42528
IMAGINARY
           0   0.00676687  0.000199177  -0.00725914
 -0.00676687            0   0.00361376  -0.00630218
-0.000199177  -0.00361376            0   0.00142009
  0.00725914   0.00630218  -0.00142009            0
EndNode1[0]<--->Repeater1[0]
REAL
    0.424556 -0.000448698    0.0033276       0.3536
-0.000448698    0.0742604  -0.00459558  -0.00286818
   0.0033276  -0.00459558    0.0745562  -0.00919908
      0.3536  -0.00286818  -0.00919908     0.426627
IMAGINARY
          0  0.00487946 -0.00820926 -0.00277088
-0.00487946           0  0.00606824   0.0014286
 0.00820926 -0.00606824           0  0.00337525
 0.00277088  -0.0014286 -0.00337525           0
EndNode2[0]<--->HoM1[0]
REAL
   0.427928 -0.00850809 -0.00445516    0.352938
-0.00850809   0.0717718  -0.0112411  0.00326042
-0.00445516  -0.0112411   0.0642643 -0.00104986
   0.352938  0.00326042 -0.00104986    0.436036
IMAGINARY
           0  -0.00228665   -0.0021053   0.00495063
  0.00228665            0  -0.00137068  0.000116923
   0.0021053   0.00137068            0   0.00121598
 -0.00495063 -0.000116923  -0.00121598            0
Repeater1[0]<--->EndNode1[0]
REAL
    0.424556    0.0033276 -0.000448698       0.3536
   0.0033276    0.0745562  -0.00459558  -0.00919908
-0.000448698  -0.00459558    0.0742604  -0.00286818
      0.3536  -0.00919908  -0.00286818     0.426627
IMAGINARY
          0 -0.00820926  0.00487946 -0.00277088
 0.00820926           0 -0.00606824  0.00337525
-0.00487946  0.00606824           0   0.0014286
 0.00277088 -0.00337525  -0.0014286           0
Repeater1[0]<--->HoM1[0]
REAL
   0.427928 -0.00445516 -0.00850809    0.352938
-0.00445516   0.0642643  -0.0112411 -0.00104986
-0.00850809  -0.0112411   0.0717718  0.00326042
   0.352938 -0.00104986  0.00326042    0.436036
IMAGINARY
           0   -0.0021053  -0.00228665   0.00495063
   0.0021053            0   0.00137068   0.00121598
  0.00228665  -0.00137068            0  0.000116923
 -0.00495063  -0.00121598 -0.000116923            0
EndNode1[0]<--->Repeater1[0]
REAL
    0.441478  -0.00212905  -0.00958986     0.346933
 -0.00212905    0.0706952  -0.00200346 -0.000138914
 -0.00958986  -0.00200346    0.0774421  -0.00288274
    0.346933 -0.000138914  -0.00288274     0.410384
IMAGINARY
          0 -0.00495277 -0.00614455  0.00782097
 0.00495277           0 -0.00177136   0.0052327
 0.00614455  0.00177136           0  0.00191326
-0.00782097  -0.0052327 -0.00191326           0
EndNode2[0]<--->HoM1[0]
REAL
    0.42633  0.00095348 -0.00124169    0.350074
 0.00095348    0.072593  -0.0018677 -0.00661482
-0.00124169  -0.0018677   0.0808982 -0.00110172
   0.350074 -0.00661482 -0.00110172    0.420178
IMAGINARY
          0  0.00564074  -0.0163404 -0.00720936
-0.00564074           0 -0.00250527 -0.00732469
  0.0163404  0.00250527           0  0.00892236
 0.00720936  0.00732469 -0.00892236           0
Repeater1[0]<--->EndNode1[0]
REAL
    0.441478  -0.00958986  -0.00212905     0.346933
 -0.00958986    0.0774421  -0.00200346  -0.00288274
 -0.00212905  -0.00200346    0.0706952 -0.000138914
    0.346933  -0.00288274 -0.000138914     0.410384
IMAGINARY
          0 -0.00614455 -0.00495277  0.00782097
 0.00614455           0  0.00177136  0.00191326
 0.00495277 -0.00177136           0   0.0052327
-0.00782097 -0.00191326  -0.0052327           0
Repeater1[0]<--->HoM1[0]
REAL
    0.42633 -0.00124169  0.00095348    0.350074
-0.00124169   0.0808982  -0.0018677 -0.00110172
 0.00095348  -0.0018677    0.072593 -0.00661482
   0.350074 -0.00110172 -0.00661482    0.420178
IMAGINARY
          0  -0.0163404  0.00564074 -0.00720936
  0.0163404           0  0.00250527  0.00892236
-0.00564074 -0.00250527           0 -0.00732469
 0.00720936 -0.00892236  0.00732469           0
EndNode1[0]<--->Repeater1[0]
REAL
   0.428066  -0.0118858 -0.00891105     0.33593
 -0.0118858   0.0810731  0.00413162 -0.00118069
-0.00891105  0.00413162   0.0731132 -0.00218144
    0.33593 -0.00118069 -0.00218144    0.417748
IMAGINARY
           0  -0.00668926  8.93873e-05  -0.00200727
  0.00668926            0  -0.00230436  -0.00142668
-8.93873e-05   0.00230436            0   0.00267737
  0.00200727   0.00142668  -0.00267737            0
EndNode2[0]<--->HoM1[0]
REAL
   0.419375   0.0117465  0.00838428    0.352908
  0.0117465   0.0755184 -0.00240596 -0.00192804
 0.00838428 -0.00240596   0.0752089 -0.00270777
   0.352908 -0.00192804 -0.00270777    0.429898
IMAGINARY
           0   0.00805945 -0.000125888  -0.00617768
 -0.00805945            0  -0.00706736   0.00176328
 0.000125888   0.00706736            0  -0.00493352
  0.00617768  -0.00176328   0.00493352            0
Repeater1[0]<--->EndNode1[0]
REAL
   0.428066 -0.00891105  -0.0118858     0.33593
-0.00891105   0.0731132  0.00413162 -0.00218144
 -0.0118858  0.00413162   0.0810731 -0.00118069
    0.33593 -0.00218144 -0.00118069    0.417748
IMAGINARY
           0  8.93873e-05  -0.00668926  -0.00200727
-8.93873e-05            0   0.00230436   0.00267737
  0.00668926  -0.00230436            0  -0.00142668
  0.00200727  -0.00267737   0.00142668            0
Repeater1[0]<--->HoM1[0]
REAL
   0.419375  0.00838428   0.0117465    0.352908
 0.00838428   0.0752089 -0.00240596 -0.00270777
  0.0117465 -0.00240596   0.0755184 -0.00192804
   0.352908 -0.00270777 -0.00192804    0.429898
IMAGINARY
           0 -0.000125888   0.00805945  -0.00617768
 0.000125888            0   0.00706736  -0.00493352
 -0.00805945  -0.00706736            0   0.00176328
  0.00617768   0.00493352  -0.00176328            0
EndNode1[0]<--->Repeater1[0]
REAL
   0.419039 -0.00158195  0.00535914    0.359728
-0.00158195   0.0750297   0.0040837 -0.00223693
 0.00535914   0.0040837   0.0797746 -0.00718998
   0.359728 -0.00223693 -0.00718998    0.426157
IMAGINARY
          0  -0.0128127  0.00888434  -0.0106689
  0.0128127           0  -0.0111233   0.0164087
-0.00888434   0.0111233           0 -0.00631132
  0.0106689  -0.0164087  0.00631132           0
EndNode2[0]<--->HoM1[0]
REAL
   0.428703 -0.00108367 -0.00246867     0.34654
-0.00108367   0.0694614 -0.00734546  0.00802923
-0.00246867 -0.00734546   0.0682375  0.00814709
    0.34654  0.00802923  0.00814709    0.433599
IMAGINARY
          0  -0.0098285  0.00623109 -0.00878169
  0.0098285           0  -0.0093682  0.00291983
-0.00623109   0.0093682           0  -0.0122237
 0.00878169 -0.00291983   0.0122237           0
Repeater1[0]<--->EndNode1[0]
REAL
   0.419039  0.00535914 -0.00158195    0.359728
 0.00535914   0.0797746   0.0040837 -0.00718998
-0.00158195   0.0040837   0.0750297 -0.00223693
   0.359728 -0.00718998 -0.00223693    0.426157
IMAGINARY
          0  0.00888434  -0.0128127  -0.0106689
-0.00888434           0   0.0111233 -0.00631132
  0.0128127  -0.0111233           0   0.0164087
  0.0106689  0.00631132  -0.0164087           0
Repeater1[0]<--->HoM1[0]
REAL
   0.428703 -0.00246867 -0.00108367     0.34654
-0.00246867   0.0682375 -0.00734546  0.00814709
-0.00108367 -0.00734546   0.0694614  0.00802923
    0.34654  0.00814709  0.00802923    0.433599
IMAGINARY
          0  0.00623109  -0.0098285 -0.00878169
-0.00623109           0   0.0093682  -0.0122237
  0.0098285  -0.0093682           0  0.00291983
 0.00878169   0.0122237 -0.00291983           0
EndNode1[0]<--->Repeater1[0]
REAL
   0.424353    0.013538  0.00976276    0.351577
   0.013538   0.0718417 -0.00195331 -0.00480035
 0.00976276 -0.00195331   0.0648402  0.00706355
   0.351577 -0.00480035  0.00706355    0.438965
IMAGINARY
          0    0.017548  0.00244174 -0.00257685
  -0.017548           0 -0.00423999  -0.0136968
-0.00244174  0.00423999           0      0.0119
 0.00257685   0.0136968     -0.0119           0
EndNode2[0]<--->HoM1[0]
REAL
  0.420507 -0.0024389 -0.0103829   0.354655
-0.0024389  0.0830027  0.0058662  0.0040154
-0.0103829  0.0058662  0.0704913  0.0045614
  0.354655  0.0040154  0.0045614   0.425999
IMAGINARY
           0  -0.00905865   0.00185711   0.00585694
  0.00905865            0  -0.00493443 -0.000971111
 -0.00185711   0.00493443            0   0.00403798
 -0.00585694  0.000971111  -0.00403798            0
Repeater1[0]<--->EndNode1[0]
REAL
   0.424353  0.00976276    0.013538    0.351577
 0.00976276   0.0648402 -0.00195331  0.00706355
   0.013538 -0.00195331   0.0718417 -0.00480035
   0.351577  0.00706355 -0.00480035    0.438965
IMAGINARY
          0  0.00244174    0.017548 -0.00257685
-0.00244174           0  0.00423999      0.0119
  -0.017548 -0.00423999           0  -0.0136968
 0.00257685     -0.0119   0.0136968           0
Repeater1[0]<--->HoM1[0]
REAL
  0.420507 -0.0103829 -0.0024389   0.354655
-0.0103829  0.0704913  0.0058662  0.0045614
-0.0024389  0.0058662  0.0830027  0.0040154
  0.354655  0.0045614  0.0040154   0.425999
IMAGINARY
           0   0.00185711  -0.00905865   0.00585694
 -0.00185711            0   0.00493443   0.00403798
  0.00905865  -0.00493443            0 -0.000971111
 -0.00585694  -0.00403798  0.000971111            0
EndNode1[0]<--->Repeater1[0]
REAL
   0.420609 -0.00246177  0.00341715     0.34675
-0.00246177    0.077433  0.00618282 -0.00444869
 0.00341715  0.00618282   0.0786381 -4.3389e-05
    0.34675 -0.00444869 -4.3389e-05     0.42332
IMAGINARY
          0   0.0111137 -0.00229948  0.00543212
 -0.0111137           0   0.0043482 -0.00759128
 0.00229948  -0.0043482           0 -0.00181346
-0.00543212  0.00759128  0.00181346           0
EndNode2[0]<--->HoM1[0]
REAL
   0.426877  0.00900992  0.00743071    0.353185
 0.00900992   0.0820918 -0.00513062   0.0049226
 0.00743071 -0.00513062   0.0714503  0.00766704
   0.353185   0.0049226  0.00766704     0.41958
IMAGINARY
           0  0.000880179    -0.010178  -0.00544824
-0.000880179            0  -0.00209254   0.00516126
    0.010178   0.00209254            0   0.00413654
  0.00544824  -0.00516126  -0.00413654            0
Repeater1[0]<--->EndNode1[0]
REAL
   0.420609  0.00341715 -0.00246177     0.34675
 0.00341715   0.0786381  0.00618282 -4.3389e-05
-0.00246177  0.00618282    0.077433 -0.00444869
    0.34675 -4.3389e-05 -0.00444869     0.42332
IMAGINARY
          0 -0.00229948   0.0111137  0.00543212
 0.00229948           0  -0.0043482 -0.00181346
 -0.0111137   0.0043482           0 -0.00759128
-0.00543212  0.00181346  0.00759128           0
Repeater1[0]<--->HoM1[0]
REAL
   0.426877  0.00743071  0.00900992    0.353185
 0.00743071   0.0714503 -0.00513062  0.00766704
 0.00900992 -0.00513062   0.0820918   0.0049226
   0.353185  0.00766704   0.0049226     0.41958
IMAGINARY
           0    -0.010178  0.000880179  -0.00544824
    0.010178            0   0.00209254   0.00413654
-0.000880179  -0.00209254            0   0.00516126
  0.00544824  -0.00413654  -0.00516126            0
EndNode1[0]<--->Repeater1[0]
REAL
   0.425319  -0.0121336 -0.00145901    0.348102
 -0.0121336   0.0692168  0.00337412  0.00906414
-0.00145901  0.00337412   0.0768063  0.00184429
   0.348102  0.00906414  0.00184429    0.428658
IMAGINARY
          0 -0.00605783 -0.00342341 -0.00449469
 0.00605783           0 -0.00343697 -0.00402114
 0.00342341  0.00343697           0  -0.0044253
 0.00449469  0.00402114   0.0044253           0
EndNode2[0]<--->HoM1[0]
REAL
   0.422215 -0.00164912 -0.00124816    0.352025
-0.00164912   0.0747579 -0.00486483 -0.00544229
-0.00124816 -0.00486483   0.0774818 0.000905735
   0.352025 -0.00544229 0.000905735    0.425545
IMAGINARY
           0  0.000576046  -0.00668778    0.0095454
-0.000576046            0    0.0078762 -0.000541495
  0.00668778   -0.0078762            0   0.00635815
  -0.0095454  0.000541495  -0.00635815            0
Repeater1[0]<--->EndNode1[0]
REAL
   0.425319 -0.00145901  -0.0121336    0.348102
-0.00145901   0.0768063  0.00337412  0.00184429
 -0.0121336  0.00337412   0.0692168  0.00906414
   0.348102  0.00184429  0.00906414    0.428658
IMAGINARY
          0 -0.00342341 -0.00605783 -0.00449469
 0.00342341           0  0.00343697  -0.0044253
 0.00605783 -0.00343697           0 -0.00402114
 0.00449469   0.0044253  0.00402114           0
Repeater1[0]<--->HoM1[0]
REAL
   0.422215 -0.00124816 -0.00164912    0.352025
-0.00124816   0.0774818 -0.00486483 0.000905735
-0.00164912 -0.00486483   0.0747579 -0.00544229
   0.352025 0.000905735 -0.00544229    0.425545
IMAGINARY
           0  -0.00668778  0.000576046    0.0095454
  0.00668778            0   -0.0078762   0.00635815
-0.000576046    0.0078762            0 -0.000541495
  -0.0095454  -0.00635815  0.000541495            0
EndNode1[0]<--->Repeater1[0]
REAL
   0.419901 -0.00288221  0.00995876    0.349955
-0.00288221   0.0726583  0.00251835  0.00638307
 0.00995876  0.00251835   0.0764517  0.00962883
   0.349955  0.00638307  0.00962883    0.430989
IMAGINARY
           0  -0.00417306 -0.000422005   0.00532586
  0.00417306            0   0.00913568   0.00451664
 0.000422005  -0.00913568            0  -0.00507777
 -0.00532586  -0.00451664   0.00507777            0
EndNode2[0]<--->HoM1[0]
REAL
   0.419088  0.00928243  0.00618805    0.346473
 0.00928243   0.0721933  0.00557088  0.00998035
 0.00618805  0.00557088   0.0651575 0.000479617
   0.346473  0.00998035 0.000479617    0.443561
IMAGINARY
          0   -0.018903 -0.00243188  -0.0013769
   0.018903           0 -0.00874089   0.0080704
 0.00243188  0.00874089           0  0.00351132
  0.0013769  -0.0080704 -0.00351132           0
Repeater1[0]<--->EndNode1[0]
REAL
   0.419901  0.00995876 -0.00288221    0.349955
 0.00995876   0.0764517  0.00251835  0.00962883
-0.00288221  0.00251835   0.0726583  0.00638307
   0.349955  0.00962883  0.00638307    0.430989
IMAGINARY
           0 -0.000422005  -0.00417306   0.00532586
 0.000422005            0  -0.00913568  -0.00507777
  0.00417306   0.00913568            0   0.00451664
 -0.00532586   0.00507777  -0.00451664            0
Repeater1[0]<--->HoM1[0]
REAL
   0.419088  0.00618805  0.00928243    0.346473
 0.00618805   0.0651575  0.00557088 0.000479617
 0.00928243  0.00557088   0.0721933  0.00998035
   0.346473 0.000479617  0.00998035    0.443561
IMAGINARY
          0 -0.00243188   -0.018903  -0.0013769
 0.00243188           0  0.00874089  0.00351132
   0.018903 -0.00874089           0   0.0080704
  0.0013769 -0.00351132  -0.0080704           0
EndNode1[0]<--->Repeater1[0]
REAL
   0.407241  0.00266369 0.000900992    0.346401
 0.00266369   0.0724117  -0.0051639   0.0039591
0.000900992  -0.0051639   0.0804907  0.00131275
   0.346401   0.0039591  0.00131275    0.439856
IMAGINARY
          0  0.00381013   0.0115001 -0.00277708
-0.00381013           0  0.00904573  0.00693807
 -0.0115001 -0.00904573           0  -0.0132616
 0.00277708 -0.00693807   0.0132616           0
EndNode2[0]<--->HoM1[0]
REAL
   0.433443 -0.00832838 -0.00377095    0.350537
-0.00832838   0.0708944  0.00371674 -0.00485487
-0.00377095  0.00371674   0.0750823 -0.00208209
   0.350537 -0.00485487 -0.00208209     0.42058
IMAGINARY
           0   0.00306343   0.00500738    0.0159564
 -0.00306343            0   0.00583612  -0.00814265
 -0.00500738  -0.00583612            0  0.000370431
  -0.0159564   0.00814265 -0.000370431            0
Repeater1[0]<--->EndNode1[0]
REAL
   0.407241 0.000900992  0.00266369    0.346401
0.000900992   0.0804907  -0.0051639  0.00131275
 0.00266369  -0.0051639   0.0724117   0.0039591
   0.346401  0.00131275   0.0039591    0.439856
IMAGINARY
          0   0.0115001  0.00381013 -0.00277708
 -0.0115001           0 -0.00904573  -0.0132616
-0.00381013  0.00904573           0  0.00693807
 0.00277708   0.0132616 -0.00693807           0
Repeater1[0]<--->HoM1[0]
REAL
   0.433443 -0.00377095 -0.00832838    0.350537
-0.00377095   0.0750823  0.00371674 -0.00208209
-0.00832838  0.00371674   0.0708944 -0.00485487
   0.350537 -0.00208209 -0.00485487     0.42058
IMAGINARY
           0   0.00500738   0.00306343    0.0159564
 -0.00500738            0  -0.00583612  0.000370431
 -0.00306343   0.00583612            0  -0.00814265
  -0.0159564 -0.000370431   0.00814265            0
EndNode1[0]<--->Repeater1[0]
REAL
   0.414241 -0.00104829 -0.00268109    0.357298
-0.00104829   0.0801858  0.00439194 -0.00165919
-0.00268109  0.00439194   0.0702786 0.000758939
   0.357298 -0.00165919 0.000758939    0.435294
IMAGINARY
           0 -0.000432337   0.00570539   0.00270092
 0.000432337            0   0.00374476   0.00358161
 -0.00570539  -0.00374476            0  -0.00855508
 -0.00270092  -0.00358161   0.00855508            0
EndNode2[0]<--->HoM1[0]
REAL
   0.423536  0.00293083  0.00303862    0.347826
 0.00293083   0.0755675  0.00232222 0.000225474
 0.00303862  0.00232222   0.0672043 -0.00649166
   0.347826 0.000225474 -0.00649166    0.433692
IMAGINARY
          0 -0.00143661   0.0103262 -0.00199384
 0.00143661           0   0.0113106  0.00506305
 -0.0103262  -0.0113106           0 -0.00188264
 0.00199384 -0.00506305  0.00188264           0
Repeater1[0]<--->EndNode1[0]
REAL
   0.414241 -0.00268109 -0.00104829    0.357298
-0.00268109   0.0702786  0.00439194 0.000758939
-0.00104829  0.00439194   0.0801858 -0.00165919
   0.357298 0.000758939 -0.00165919    0.435294
IMAGINARY
           0   0.00570539 -0.000432337   0.00270092
 -0.00570539            0  -0.00374476  -0.00855508
 0.000432337   0.00374476            0   0.00358161
 -0.00270092   0.00855508  -0.00358161            0
Repeater1[0]<--->HoM1[0]
REAL
   0.423536  0.00303862  0.00293083    0.347826
 0.00303862   0.0672043  0.00232222 -0.00649166
 0.00293083  0.00232222   0.0755675 0.000225474
   0.347826 -0.00649166 0.000225474    0.433692
IMAGINARY
          0   0.0103262 -0.00143661 -0.00199384
 -0.0103262           0  -0.0113106 -0.00188264
 0.00143661   0.0113106           0  0.00506305
 0.00199384  0.00188264 -0.00506305           0
EndNode1[0]<--->Repeater1[0]
REAL
   0.421644 -0.00229369  0.00598456    0.354392
-0.00229369   0.0762862  0.00683788 -0.00415863
 0.00598456  0.00683788   0.0771733  0.00107641
   0.354392 -0.00415863  0.00107641    0.424897
IMAGINARY
          0 -0.00689927   0.0057219  0.00339093
 0.00689927           0  0.00994635 -0.00810853
 -0.0057219 -0.00994635           0 -0.00115562
-0.00339093  0.00810853  0.00115562           0
EndNode2[0]<--->HoM1[0]
REAL
   0.427472 -0.00369632 -0.00118602    0.350448
-0.00369632   0.0828457  0.00959952 -0.00210345
-0.00118602  0.00959952   0.0843856  0.00160302
   0.350448 -0.00210345  0.00160302    0.405297
IMAGINARY
          0  0.00589449 -0.00565377 -0.00435297
-0.00589449           0  0.00611354   0.0090431
 0.00565377 -0.00611354           0 -0.00692602
 0.00435297  -0.0090431  0.00692602           0
Repeater1[0]<--->EndNode1[0]
REAL
   0.421644  0.00598456 -0.00229369    0.354392
 0.00598456   0.0771733  0.00683788  0.00107641
-0.00229369  0.00683788   0.0762862 -0.00415863
   0.354392  0.00107641 -0.00415863    0.424897
IMAGINARY
          0   0.0057219 -0.00689927  0.00339093
 -0.0057219           0 -0.00994635 -0.00115562
 0.00689927  0.00994635           0 -0.00810853
-0.00339093  0.00115562  0.00810853           0
Repeater1[0]<--->HoM1[0]
REAL
   0.427472 -0.00118602 -0.00369632    0.350448
-0.00118602   0.0843856  0.00959952  0.00160302
-0.00369632  0.00959952   0.0828457 -0.00210345
   0.350448  0.00160302 -0.00210345    0.405297
IMAGINARY
          0 -0.00565377  0.00589449 -0.00435297
 0.00565377           0 -0.00611354 -0.00692602
-0.00589449  0.00611354           0   0.0090431
 0.00435297  0.00692602  -0.0090431           0
EndNode1[0]<--->Repeater1[0]
REAL
   0.419637  0.00263598 -0.00246806    0.350124
 0.00263598   0.0740181  0.00120329  0.00335302
-0.00246806  0.00120329   0.0800604 -0.00529085
   0.350124  0.00335302 -0.00529085    0.426284
IMAGINARY
          0 -0.00173276   0.0034354  -0.0041531
 0.00173276           0   0.0032565  -0.0100301
 -0.0034354  -0.0032565           0  0.00233228
  0.0041531   0.0100301 -0.00233228           0
EndNode2[0]<--->HoM1[0]
REAL
    0.426556   0.00354218   0.00119546     0.347903
  0.00354218    0.0751303   0.00181814   0.00423454
  0.00119546   0.00181814    0.0751303 -0.000460286
    0.347903   0.00423454 -0.000460286     0.423183
IMAGINARY
          0  0.00195773  0.00165807 -0.00319495
-0.00195773           0  0.00256917  0.00431922
-0.00165807 -0.00256917           0  -0.0022566
 0.00319495 -0.00431922   0.0022566           0
Repeater1[0]<--->EndNode1[0]
REAL
   0.419637 -0.00246806  0.00263598    0.350124
-0.00246806   0.0800604  0.00120329 -0.00529085
 0.00263598  0.00120329   0.0740181  0.00335302
   0.350124 -0.00529085  0.00335302    0.426284
IMAGINARY
          0   0.0034354 -0.00173276  -0.0041531
 -0.0034354           0  -0.0032565  0.00233228
 0.00173276   0.0032565           0  -0.0100301
  0.0041531 -0.00233228   0.0100301           0
Repeater1[0]<--->HoM1[0]
REAL
    0.426556   0.00119546   0.00354218     0.347903
  0.00119546    0.0751303   0.00181814 -0.000460286
  0.00354218   0.00181814    0.0751303   0.00423454
    0.347903 -0.000460286   0.00423454     0.423183
IMAGINARY
          0  0.00165807  0.00195773 -0.00319495
-0.00165807           0 -0.00256917  -0.0022566
-0.00195773  0.00256917           0  0.00431922
 0.00319495   0.0022566 -0.00431922           0
EndNode1[0]<--->Repeater1[0]
REAL
   0.415431 -0.00306597 -0.00168559    0.351714
-0.00306597    0.077761  0.00448343  0.00860497
-0.00168559  0.00448343   0.0738275  0.00998534
   0.351714  0.00860497  0.00998534     0.43298
IMAGINARY
           0  0.000985527   0.00237492  -0.00370008
-0.000985527            0   -0.0116553   0.00298542
 -0.00237492    0.0116553            0 -0.000687731
  0.00370008  -0.00298542  0.000687731            0
EndNode2[0]<--->HoM1[0]
REAL
   0.432456 -0.00277079   0.0082124    0.354412
-0.00277079   0.0688738 -0.00861363  0.00209847
  0.0082124 -0.00861363   0.0762637 -0.00507778
   0.354412  0.00209847 -0.00507778    0.422406
IMAGINARY
           0    0.0116528   -0.0107165    0.0122925
  -0.0116528            0   0.00218081   0.00161471
   0.0107165  -0.00218081            0 -0.000462089
  -0.0122925  -0.00161471  0.000462089            0
Repeater1[0]<--->EndNode1[0]
REAL
   0.415431 -0.00168559 -0.00306597    0.351714
-0.00168559   0.0738275  0.00448343  0.00998534
-0.00306597  0.00448343    0.077761  0.00860497
   0.351714  0.00998534  0.00860497     0.43298
IMAGINARY
           0   0.00237492  0.000985527  -0.00370008
 -0.00237492            0    0.0116553 -0.000687731
-0.000985527   -0.0116553            0   0.00298542
  0.00370008  0.000687731  -0.00298542            0
Repeater1[0]<--->HoM1[0]
REAL
   0.432456   0.0082124 -0.00277079    0.354412
  0.0082124   0.0762637 -0.00861363 -0.00507778
-0.00277079 -0.00861363   0.0688738  0.00209847
   0.354412 -0.00507778  0.00209847    0.422406
IMAGINARY
           0   -0.0107165    0.0116528    0.0122925
   0.0107165            0  -0.00218081 -0.000462089
  -0.0116528   0.00218081            0   0.00161471
  -0.0122925  0.000462089  -0.00161471            0
EndNode1[0]<--->Repeater1[0]
REAL
   0.412405 -0.00264826  0.00675522    0.350757
-0.00264826   0.0732224 -0.00332958  0.00272417
 0.00675522 -0.00332958   0.0795764 0.000391258
   0.350757  0.00272417 0.000391258    0.434796
IMAGINARY
           0  0.000907718  -0.00817236 -0.000901757
-0.000907718            0  -0.00471622  -0.00148588
  0.00817236   0.00471622            0   0.00250982
 0.000901757   0.00148588  -0.00250982            0
EndNode2[0]<--->HoM1[0]
REAL
   0.422362  0.00199451 -0.00312528    0.346027
 0.00199451   0.0734412   0.0016749   0.0056786
-0.00312528   0.0016749    0.081235  -0.0087533
   0.346027   0.0056786  -0.0087533    0.422962
IMAGINARY
          0  0.00960848 -0.00291948  -0.0022566
-0.00960848           0  -0.0012293  0.00336419
 0.00291948   0.0012293           0 -0.00501317
  0.0022566 -0.00336419  0.00501317           0
Repeater1[0]<--->EndNode1[0]
REAL
   0.412405  0.00675522 -0.00264826    0.350757
 0.00675522   0.0795764 -0.00332958 0.000391258
-0.00264826 -0.00332958   0.0732224  0.00272417
   0.350757 0.000391258  0.00272417    0.434796
IMAGINARY
           0  -0.00817236  0.000907718 -0.000901757
  0.00817236            0   0.00471622   0.00250982
-0.000907718  -0.00471622            0  -0.00148588
 0.000901757  -0.00250982   0.00148588            0
Repeater1[0]<--->HoM1[0]
REAL
   0.422362 -0.00312528  0.00199451    0.346027
-0.00312528    0.081235   0.0016749  -0.0087533
 0.00199451   0.0016749   0.0734412   0.0056786
   0.346027  -0.0087533   0.0056786    0.422962
IMAGINARY
          0 -0.00291948  0.00960848  -0.0022566
 0.00291948           0   0.0012293 -0.00501317
-0.00960848  -0.0012293           0  0.00336419
  0.0022566  0.00501317 -0.00336419           0
EndNode1[0]<--->Repeater1[0]
REAL
    0.42407 -0.00133529 -0.00429597    0.351444
-0.00133529   0.0708283  0.00625244  0.00340098
-0.00429597  0.00625244   0.0837335 -0.00284132
   0.351444  0.00340098 -0.00284132    0.421369
IMAGINARY
          0  0.00445562  0.00305368  0.00103282
-0.00445562           0   0.0032643 -0.00766815
-0.00305368  -0.0032643           0  -0.0117495
-0.00103282  0.00766815   0.0117495           0
EndNode2[0]<--->HoM1[0]
REAL
    0.420974 -0.000440429  -0.00290003     0.350277
-0.000440429    0.0703125  0.000201753    0.0100771
 -0.00290003  0.000201753    0.0784255  -0.00195192
    0.350277    0.0100771  -0.00195192     0.430288
IMAGINARY
          0 -0.00578837   0.0105349 -0.00116028
 0.00578837           0 -0.00643578 -0.00858586
 -0.0105349  0.00643578           0  0.00144054
 0.00116028  0.00858586 -0.00144054           0
Repeater1[0]<--->EndNode1[0]
REAL
    0.42407 -0.00429597 -0.00133529    0.351444
-0.00429597   0.0837335  0.00625244 -0.00284132
-0.00133529  0.00625244   0.0708283  0.00340098
   0.351444 -0.00284132  0.00340098    0.421369
IMAGINARY
          0  0.00305368  0.00445562  0.00103282
-0.00305368           0  -0.0032643  -0.0117495
-0.00445562   0.0032643           0 -0.00766815
-0.00103282   0.0117495  0.00766815           0
Repeater1[0]<--->HoM1[0]
REAL
    0.420974  -0.00290003 -0.000440429     0.350277
 -0.00290003    0.0784255  0.000201753  -0.00195192
-0.000440429  0.000201753    0.0703125    0.0100771
    0.350277  -0.00195192    0.0100771     0.430288
IMAGINARY
          0   0.0105349 -0.00578837 -0.00116028
 -0.0105349           0  0.00643578  0.00144054
 0.00578837 -0.00643578           0 -0.00858586
 0.00116028 -0.00144054  0.00858586           0
EndNode1[0]<--->Repeater1[0]
REAL
   0.418696   0.0169003 -0.00150549    0.342156
  0.0169003   0.0712353  0.00272722   0.0137438
-0.00150549  0.00272722   0.0799519 -0.00112328
   0.342156   0.0137438 -0.00112328    0.430117
IMAGINARY
          0 -0.00647159  -0.0042026 -0.00545019
 0.00647159           0 -0.00289072  0.00791952
  0.0042026  0.00289072           0 -0.00557123
 0.00545019 -0.00791952  0.00557123           0
EndNode2[0]<--->HoM1[0]
REAL
   0.429271 0.000517889 -0.00198135    0.348026
0.000517889   0.0740968 -0.00251481 -0.00383434
-0.00198135 -0.00251481   0.0710349 -0.00156173
   0.348026 -0.00383434 -0.00156173    0.425597
IMAGINARY
          0  0.00796772  -0.0095821 -0.00767181
-0.00796772           0 -0.00323348 -0.00928306
  0.0095821  0.00323348           0  0.00885007
 0.00767181  0.00928306 -0.00885007           0
Repeater1[0]<--->EndNode1[0]
REAL
   0.418696 -0.00150549   0.0169003    0.342156
-0.00150549   0.0799519  0.00272722 -0.00112328
  0.0169003  0.00272722   0.0712353   0.0137438
   0.342156 -0.00112328   0.0137438    0.430117
IMAGINARY
          0  -0.0042026 -0.00647159 -0.00545019
  0.0042026           0  0.00289072 -0.00557123
 0.00647159 -0.00289072           0  0.00791952
 0.00545019  0.00557123 -0.00791952           0
Repeater1[0]<--->HoM1[0]
REAL
   0.429271 -0.00198135 0.000517889    0.348026
-0.00198135   0.0710349 -0.00251481 -0.00156173
0.000517889 -0.00251481   0.0740968 -0.00383434
   0.348026 -0.00156173 -0.00383434    0.425597
IMAGINARY
          0  -0.0095821  0.00796772 -0.00767181
  0.0095821           0  0.00323348  0.00885007
-0.00796772 -0.00323348           0 -0.00928306
 0.00767181 -0.00885007  0.00928306           0
EndNode1[0]<--->Repeater1[0]
REAL
   0.435252 -0.00220065 -0.00205013    0.352394
-0.00220065   0.0707434 -0.00773348 -0.00662889
-0.00205013 -0.00773348   0.0764388 -0.00765519
   0.352394 -0.00662889 -0.00765519    0.417566
IMAGINARY
           0  -0.00143864   0.00703658 -0.000881194
  0.00143864            0  -0.00267331   0.00673878
 -0.00703658   0.00267331            0   -0.0050706
 0.000881194  -0.00673878    0.0050706            0
EndNode2[0]<--->HoM1[0]
REAL
    0.42233 -0.00211509 -0.00165398    0.347227
-0.00211509   0.0807039  0.00100339 -0.00884392
-0.00165398  0.00100339   0.0807039 -0.00418365
   0.347227 -0.00884392 -0.00418365    0.416262
IMAGINARY
          0  0.00394196  0.00542386  -0.0041804
-0.00394196           0  0.00785012 -0.00633021
-0.00542386 -0.00785012           0  0.00693418
  0.0041804  0.00633021 -0.00693418           0
Repeater1[0]<--->EndNode1[0]
REAL
   0.435252 -0.00205013 -0.00220065    0.352394
-0.00205013   0.0764388 -0.00773348 -0.00765519
-0.00220065 -0.00773348   0.0707434 -0.00662889
   0.352394 -0.00765519 -0.00662889    0.417566
IMAGINARY
           0   0.00703658  -0.00143864 -0.000881194
 -0.00703658            0   0.00267331   -0.0050706
  0.00143864  -0.00267331            0   0.00673878
 0.000881194    0.0050706  -0.00673878            0
Repeater1[0]<--->HoM1[0]
REAL
    0.42233 -0.00165398 -0.00211509    0.347227
-0.00165398   0.0807039  0.00100339 -0.00418365
-0.00211509  0.00100339   0.0807039 -0.00884392
   0.347227 -0.00418365 -0.00884392    0.416262
IMAGINARY
          0  0.00542386  0.00394196  -0.0041804
-0.00542386           0 -0.00785012  0.00693418
-0.00394196  0.00785012           0 -0.00633021
  0.0041804 -0.00693418  0.00633021           0
EndNode1[0]<--->Repeater1[0]
REAL
    0.408757  -0.00639841  -0.00824747     0.347385
 -0.00639841    0.0802205 -0.000492619   0.00749695
 -0.00824747 -0.000492619     0.077771  0.000244102
    0.347385   0.00749695  0.000244102     0.433252
IMAGINARY
           0   0.00576693   0.00380885  -0.00512428
 -0.00576693            0  -0.00882579   0.00306503
 -0.00380885   0.00882579            0 -0.000387375
  0.00512428  -0.00306503  0.000387375            0
EndNode2[0]<--->HoM1[0]
REAL
   0.439665   -0.011415 -0.00499147    0.349379
  -0.011415   0.0728793   0.0050799  -0.0148415
-0.00499147   0.0050799   0.0764636 -0.00961099
   0.349379  -0.0148415 -0.00961099    0.410992
IMAGINARY
           0   -0.0110127   0.00501976    0.0122547
   0.0110127            0 -0.000818244  -0.00100071
 -0.00501976  0.000818244            0  -0.00283066
  -0.0122547   0.00100071   0.00283066            0
Repeater1[0]<--->EndNode1[0]
REAL
    0.408757  -0.00824747  -0.00639841     0.347385
 -0.00824747     0.077771 -0.000492619  0.000244102
 -0.00639841 -0.000492619    0.0802205   0.00749695
    0.347385  0.000244102   0.00749695     0.433252
IMAGINARY
           0   0.00380885   0.00576693  -0.00512428
 -0.00380885            0   0.00882579 -0.000387375
 -0.00576693  -0.00882579            0   0.00306503
  0.00512428  0.000387375  -0.00306503            0
Repeater1[0]<--->HoM1[0]
REAL
   0.439665 -0.00499147   -0.011415    0.349379
-0.00499147   0.0764636   0.0050799 -0.00961099
  -0.011415   0.0050799   0.0728793  -0.0148415
   0.349379 -0.00961099  -0.0148415    0.410992
IMAGINARY
           0   0.00501976   -0.0110127    0.0122547
 -0.00501976            0  0.000818244  -0.00283066
   0.0110127 -0.000818244            0  -0.00100071
  -0.0122547   0.00283066   0.00100071            0
EndNode1[0]<--->Repeater1[0]
REAL
   0.421353  0.00120903  0.00627615    0.353717
 0.00120903    0.073985 -0.00703454  0.00627615
 0.00627615 -0.00703454    0.073985 -0.00330108
   0.353717  0.00627615 -0.00330108    0.430677
IMAGINARY
           0   0.00820669   0.00185413   0.00345629
 -0.00820669            0   0.00103204 -0.000621841
 -0.00185413  -0.00103204            0  -0.00574212
 -0.00345629  0.000621841   0.00574212            0
EndNode2[0]<--->HoM1[0]
REAL
   0.417733 -0.00454635 -0.00865223     0.34649
-0.00454635    0.078364 -0.00523996 -0.00100146
-0.00865223 -0.00523996   0.0739931  0.00715131
    0.34649 -0.00100146  0.00715131    0.429909
IMAGINARY
           0 -0.000821824   0.00624931 -0.000747612
 0.000821824            0 -0.000447131  -0.00953093
 -0.00624931  0.000447131            0 -0.000968152
 0.000747612   0.00953093  0.000968152            0
Repeater1[0]<--->EndNode1[0]
REAL
   0.421353  0.00627615  0.00120903    0.353717
 0.00627615    0.073985 -0.00703454 -0.00330108
 0.00120903 -0.00703454    0.073985  0.00627615
   0.353717 -0.00330108  0.00627615    0.430677
IMAGINARY
           0   0.00185413   0.00820669   0.00345629
 -0.00185413            0  -0.00103204  -0.00574212
 -0.00820669   0.00103204            0 -0.000621841
 -0.00345629   0.00574212  0.000621841            0
Repeater1[0]<--->HoM1[0]
REAL
   0.417733 -0.00865223 -0.00454635     0.34649
-0.00865223   0.0739931 -0.00523996  0.00715131
-0.00454635 -0.00523996    0.078364 -0.00100146
    0.34649  0.00715131 -0.00100146    0.429909
IMAGINARY
           0   0.00624931 -0.000821824 -0.000747612
 -0.00624931            0  0.000447131 -0.000968152
 0.000821824 -0.000447131            0  -0.00953093
 0.000747612  0.000968152   0.00953093            0
EndNode1[0]<--->Repeater1[0]
REAL
   0.443296  0.00214797 -0.00426027    0.356627
 0.00214797   0.0681058  -0.0031632  0.00337217
-0.00426027  -0.0031632   0.0754029   0.0019965
   0.356627  0.00337217   0.0019965    0.413196
IMAGINARY
           0  -0.00312889  -0.00690936   0.00291023
  0.00312889            0   0.00349812   0.00690936
  0.00690936  -0.00349812            0 -0.000577103
 -0.00291023  -0.00690936  0.000577103            0
EndNode2[0]<--->HoM1[0]
REAL
    0.427723 -0.000114944   0.00294244     0.350927
-0.000114944     0.079252  -0.00746684   0.00558794
  0.00294244  -0.00746684    0.0718314   0.00355703
    0.350927   0.00558794   0.00355703     0.421193
IMAGINARY
           0  -0.00535105  -0.00577248   -0.0154047
  0.00535105            0    0.0074972   0.00758408
  0.00577248   -0.0074972            0 -0.000385661
   0.0154047  -0.00758408  0.000385661            0
Repeater1[0]<--->EndNode1[0]
REAL
   0.443296 -0.00426027  0.00214797    0.356627
-0.00426027   0.0754029  -0.0031632   0.0019965
 0.00214797  -0.0031632   0.0681058  0.00337217
   0.356627   0.0019965  0.00337217    0.413196
IMAGINARY
           0  -0.00690936  -0.00312889   0.00291023
  0.00690936            0  -0.00349812 -0.000577103
  0.00312889   0.00349812            0   0.00690936
 -0.00291023  0.000577103  -0.00690936            0
Repeater1[0]<--->HoM1[0]
REAL
    0.427723   0.00294244 -0.000114944     0.350927
  0.00294244    0.0718314  -0.00746684   0.00355703
-0.000114944  -0.00746684     0.079252   0.00558794
    0.350927   0.00355703   0.00558794     0.421193
IMAGINARY
           0  -0.00577248  -0.00535105   -0.0154047
  0.00577248            0   -0.0074972 -0.000385661
