EndNode1[0]<--->Repeater1[0]
REAL
    0.42514   0.0011015  0.00155792    0.348675
  0.0011015   0.0763966 0.000956023  0.00786574
 0.00155792 0.000956023   0.0755587  0.00736613
   0.348675  0.00786574  0.00736613    0.422905
IMAGINARY
          0 -0.00712624 -0.00114327 -0.00554843
 0.00712624           0  0.00183658  0.00373818
 0.00114327 -0.00183658           0 -0.00243399
 0.00554843 -0.00373818  0.00243399           0
EndNode2[0]<--->HoM1[0]
REAL
    0.42966  0.00592149 -0.00039235    0.352331
 0.00592149   0.0730423 0.000841828  0.00239705
-0.00039235 0.000841828   0.0760915 -0.00640538
   0.352331  0.00239705 -0.00640538    0.421206
IMAGINARY
           0  -0.00352796   -0.0029938  -0.00169481
  0.00352796            0 -0.000377013 -1.27713e-05
   0.0029938  0.000377013            0  -0.00213559
  0.00169481  1.27713e-05   0.00213559            0
Repeater1[0]<--->EndNode1[0]
REAL
    0.42514  0.00155792   0.0011015    0.348675
 0.00155792   0.0755587 0.000956023  0.00736613
  0.0011015 0.000956023   0.0763966  0.00786574
   0.348675  0.00736613  0.00786574    0.422905
IMAGINARY
          0 -0.00114327 -0.00712624 -0.00554843
 0.00114327           0 -0.00183658 -0.00243399
 0.00712624  0.00183658           0  0.00373818
 0.00554843  0.00243399 -0.00373818           0
Repeater1[0]<--->HoM1[0]
REAL
    0.42966 -0.00039235  0.00592149    0.352331
-0.00039235   0.0760915 0.000841828 -0.00640538
 0.00592149 0.000841828   0.0730423  0.00239705
   0.352331 -0.00640538  0.00239705    0.421206
IMAGINARY
           0   -0.0029938  -0.00352796  -0.00169481
   0.0029938            0  0.000377013  -0.00213559
  0.00352796 -0.000377013            0 -1.27713e-05
  0.00169481   0.00213559  1.27713e-05            0
EndNode1[0]<--->Repeater1[0]
REAL
    0.41897   0.0056078 -0.00435604    0.353825
  0.0056078   0.0736635  0.00331793 -0.00034139
-0.00435604  0.00331793   0.0764698 -0.00201565
   0.353825 -0.00034139 -0.00201565    0.430897
IMAGINARY
           0  -0.00760434  -0.00157987  -0.00441599
  0.00760434            0   0.00441599 -0.000749535
  0.00157987  -0.00441599            0   0.00267148
  0.00441599  0.000749535  -0.00267148            0
EndNode2[0]<--->HoM1[0]
REAL
    0.425734  6.45206e-05   0.00187116     0.352303
 6.45206e-05    0.0742655  -0.00421916 -0.000743762
  0.00187116  -0.00421916    0.0754897   0.00669985
    0.352303 -0.000743762   0.00669985      0.42451
IMAGINARY
          0 -0.00221439 -0.00340845 -0.00172706
 0.00221439           0 -0.00123152  0.00952258
 0.00340845  0.00123152           0  0.00235026
 0.00172706 -0.00952258 -0.00235026           0
Repeater1[0]<--->EndNode1[0]
REAL
    0.41897 -0.00435604   0.0056078    0.353825
-0.00435604   0.0764698  0.00331793 -0.00201565
  0.0056078  0.00331793   0.0736635 -0.00034139
   0.353825 -0.00201565 -0.00034139    0.430897
IMAGINARY
           0  -0.00157987  -0.00760434  -0.00441599
  0.00157987            0  -0.00441599   0.00267148
  0.00760434   0.00441599            0 -0.000749535
  0.00441599  -0.00267148  0.000749535            0
Repeater1[0]<--->HoM1[0]
REAL
    0.425734   0.00187116  6.45206e-05     0.352303
  0.00187116    0.0754897  -0.00421916   0.00669985
 6.45206e-05  -0.00421916    0.0742655 -0.000743762
    0.352303   0.00669985 -0.000743762      0.42451
IMAGINARY
          0 -0.00340845 -0.00221439 -0.00172706
 0.00340845           0  0.00123152  0.00235026
 0.00221439 -0.00123152           0  0.00952258
 0.00172706 -0.00235026 -0.00952258           0
EndNode1[0]<--->Repeater1[0]
REAL
     0.43397   0.00121278 -5.36703e-05      0.35521
  0.00121278    0.0771041  -0.00223236   -0.0025147
-5.36703e-05  -0.00223236    0.0682447  -0.00197635
     0.35521   -0.0025147  -0.00197635     0.420681
IMAGINARY
           0  -0.00435836   0.00442114 -0.000440728
  0.00435836            0  -0.00374826   0.00117483
 -0.00442114   0.00374826            0   0.00114068
 0.000440728  -0.00117483  -0.00114068            0
EndNode2[0]<--->HoM1[0]
REAL
   0.426257 -0.00124136   0.0032018    0.349855
-0.00124136   0.0794904   0.0029319 -0.00540931
  0.0032018   0.0029319   0.0745049 -0.00138005
   0.349855 -0.00540931 -0.00138005    0.419748
IMAGINARY
           0   0.00666426 -0.000745751  0.000107162
 -0.00666426            0  -0.00266984  -0.00765819
 0.000745751   0.00266984            0   0.00729601
-0.000107162   0.00765819  -0.00729601            0
Repeater1[0]<--->EndNode1[0]
REAL
     0.43397 -5.36703e-05   0.00121278      0.35521
-5.36703e-05    0.0682447  -0.00223236  -0.00197635
  0.00121278  -0.00223236    0.0771041   -0.0025147
     0.35521  -0.00197635   -0.0025147     0.420681
IMAGINARY
           0   0.00442114  -0.00435836 -0.000440728
 -0.00442114            0   0.00374826   0.00114068
  0.00435836  -0.00374826            0   0.00117483
 0.000440728  -0.00114068  -0.00117483            0
Repeater1[0]<--->HoM1[0]
REAL
   0.426257   0.0032018 -0.00124136    0.349855
  0.0032018   0.0745049   0.0029319 -0.00138005
-0.00124136   0.0029319   0.0794904 -0.00540931
   0.349855 -0.00138005 -0.00540931    0.419748
IMAGINARY
           0 -0.000745751   0.00666426  0.000107162
 0.000745751            0   0.00266984   0.00729601
 -0.00666426  -0.00266984            0  -0.00765819
-0.000107162  -0.00729601   0.00765819            0
EndNode1[0]<--->Repeater1[0]
REAL
   0.426428   0.0039459  0.00371229    0.351673
  0.0039459   0.0758649  0.00179919 -0.00260118
 0.00371229  0.00179919   0.0733639 -0.00102923
   0.351673 -0.00260118 -0.00102923    0.424343
IMAGINARY
           0   0.00385431  0.000172998   -0.0058617
 -0.00385431            0   0.00421922  -0.00788256
-0.000172998  -0.00421922            0   0.00343473
   0.0058617   0.00788256  -0.00343473            0
EndNode2[0]<--->HoM1[0]
REAL
    0.421973   0.00312885  -0.00295013     0.346384
  0.00312885    0.0746289 -0.000550361  -0.00127835
 -0.00295013 -0.000550361    0.0776807  -0.00541638
    0.346384  -0.00127835  -0.00541638     0.425718
IMAGINARY
          0  0.00553584 -0.00310329 -0.00340255
-0.00553584           0 -0.00326226  0.00425365
 0.00310329  0.00326226           0  0.00427604
 0.00340255 -0.00425365 -0.00427604           0
Repeater1[0]<--->EndNode1[0]
REAL
   0.426428  0.00371229   0.0039459    0.351673
 0.00371229   0.0733639  0.00179919 -0.00102923
  0.0039459  0.00179919   0.0758649 -0.00260118
   0.351673 -0.00102923 -0.00260118    0.424343
IMAGINARY
           0  0.000172998   0.00385431   -0.0058617
-0.000172998            0  -0.00421922   0.00343473
 -0.00385431   0.00421922            0  -0.00788256
   0.0058617  -0.00343473   0.00788256            0
Repeater1[0]<--->HoM1[0]
REAL
    0.421973  -0.00295013   0.00312885     0.346384
 -0.00295013    0.0776807 -0.000550361  -0.00541638
  0.00312885 -0.000550361    0.0746289  -0.00127835
    0.346384  -0.00541638  -0.00127835     0.425718
IMAGINARY
          0 -0.00310329  0.00553584 -0.00340255
 0.00310329           0  0.00326226  0.00427604
-0.00553584 -0.00326226           0  0.00425365
 0.00340255 -0.00427604 -0.00425365           0
EndNode1[0]<--->Repeater1[0]
REAL
   0.433918  0.00522253 -0.00404295    0.352011
 0.00522253   0.0723657 -0.00370196 0.000799332
-0.00404295 -0.00370196   0.0744372 -0.00308312
   0.352011 0.000799332 -0.00308312    0.419279
IMAGINARY
           0  0.000147007 -0.000592262 -0.000778646
-0.000147007            0   0.00154885  -0.00774802
 0.000592262  -0.00154885            0   0.00374513
 0.000778646   0.00774802  -0.00374513            0
EndNode2[0]<--->HoM1[0]
REAL
   0.435092 0.000749508  0.00240357    0.349349
0.000749508    0.074064 -0.00476768  0.00102578
 0.00240357 -0.00476768   0.0725608  0.00199398
   0.349349  0.00102578  0.00199398    0.418284
IMAGINARY
          0  0.00345331  -0.0086785 -0.00993086
-0.00345331           0  0.00232232 -0.00303422
  0.0086785 -0.00232232           0  0.00657614
 0.00993086  0.00303422 -0.00657614           0
Repeater1[0]<--->EndNode1[0]
REAL
   0.433918 -0.00404295  0.00522253    0.352011
-0.00404295   0.0744372 -0.00370196 -0.00308312
 0.00522253 -0.00370196   0.0723657 0.000799332
   0.352011 -0.00308312 0.000799332    0.419279
IMAGINARY
           0 -0.000592262  0.000147007 -0.000778646
 0.000592262            0  -0.00154885   0.00374513
-0.000147007   0.00154885            0  -0.00774802
 0.000778646  -0.00374513   0.00774802            0
Repeater1[0]<--->HoM1[0]
REAL
   0.435092  0.00240357 0.000749508    0.349349
 0.00240357   0.0725608 -0.00476768  0.00199398
0.000749508 -0.00476768    0.074064  0.00102578
   0.349349  0.00199398  0.00102578    0.418284
IMAGINARY
          0  -0.0086785  0.00345331 -0.00993086
  0.0086785           0 -0.00232232  0.00657614
-0.00345331  0.00232232           0 -0.00303422
 0.00993086 -0.00657614  0.00303422           0
EndNode1[0]<--->Repeater1[0]
REAL
   0.431305 -0.00239509  0.00154239    0.349439
-0.00239509   0.0736171  0.00381769 -0.00269838
 0.00154239  0.00381769   0.0712602 -0.00107289
   0.349439 -0.00269838 -0.00107289    0.423818
IMAGINARY
           0   0.00297448   -0.0043873   -0.0100242
 -0.00297448            0  4.94649e-05   0.00321148
   0.0043873 -4.94649e-05            0   0.00290462
   0.0100242  -0.00321148  -0.00290462            0
EndNode2[0]<--->HoM1[0]
REAL
   0.423478 -0.00434821  0.00730202    0.348552
-0.00434821    0.078305 -0.00282203 -0.00399623
 0.00730202 -0.00282203   0.0744652  0.00131791
   0.348552 -0.00399623  0.00131791    0.423752
IMAGINARY
          0 -0.00412333  0.00628516  0.00721163
 0.00412333           0 -0.00707408 -0.00235919
-0.00628516  0.00707408           0  0.00328205
-0.00721163  0.00235919 -0.00328205           0
Repeater1[0]<--->EndNode1[0]
REAL
   0.431305  0.00154239 -0.00239509    0.349439
 0.00154239   0.0712602  0.00381769 -0.00107289
-0.00239509  0.00381769   0.0736171 -0.00269838
   0.349439 -0.00107289 -0.00269838    0.423818
IMAGINARY
           0   -0.0043873   0.00297448   -0.0100242
   0.0043873            0 -4.94649e-05   0.00290462
 -0.00297448  4.94649e-05            0   0.00321148
   0.0100242  -0.00290462  -0.00321148            0
Repeater1[0]<--->HoM1[0]
REAL
   0.423478  0.00730202 -0.00434821    0.348552
 0.00730202   0.0744652 -0.00282203  0.00131791
-0.00434821 -0.00282203    0.078305 -0.00399623
   0.348552  0.00131791 -0.00399623    0.423752
IMAGINARY
          0  0.00628516 -0.00412333  0.00721163
-0.00628516           0  0.00707408  0.00328205
 0.00412333 -0.00707408           0 -0.00235919
-0.00721163 -0.00328205  0.00235919           0
EndNode1[0]<--->Repeater1[0]
REAL
   0.422526 -0.00250399 0.000652063    0.351322
-0.00250399   0.0799559  0.00149418 -0.00178425
0.000652063  0.00149418   0.0754067 -0.00202474
   0.351322 -0.00178425 -0.00202474    0.422112
IMAGINARY
          0 -0.00395948  0.00328916  0.00313603
 0.00395948           0   0.0009686  0.00022082
-0.00328916  -0.0009686           0 -0.00354224
-0.00313603 -0.00022082  0.00354224           0
EndNode2[0]<--->HoM1[0]
REAL
   0.428333 -0.00354101  0.00720095    0.354897
-0.00354101   0.0706226  -0.0020715 0.000219063
 0.00720095  -0.0020715   0.0743836  0.00211147
   0.354897 0.000219063  0.00211147    0.426661
IMAGINARY
           0   -0.0021956   0.00125895   0.00507706
   0.0021956            0  -0.00286814    0.0007125
 -0.00125895   0.00286814            0  0.000767995
 -0.00507706   -0.0007125 -0.000767995            0
Repeater1[0]<--->EndNode1[0]
REAL
   0.422526 0.000652063 -0.00250399    0.351322
0.000652063   0.0754067  0.00149418 -0.00202474
-0.00250399  0.00149418   0.0799559 -0.00178425
   0.351322 -0.00202474 -0.00178425    0.422112
IMAGINARY
          0  0.00328916 -0.00395948  0.00313603
-0.00328916           0  -0.0009686 -0.00354224
 0.00395948   0.0009686           0  0.00022082
-0.00313603  0.00354224 -0.00022082           0
Repeater1[0]<--->HoM1[0]
REAL
   0.428333  0.00720095 -0.00354101    0.354897
 0.00720095   0.0743836  -0.0020715  0.00211147
-0.00354101  -0.0020715   0.0706226 0.000219063
   0.354897  0.00211147 0.000219063    0.426661
IMAGINARY
           0   0.00125895   -0.0021956   0.00507706
 -0.00125895            0   0.00286814  0.000767995
   0.0021956  -0.00286814            0    0.0007125
 -0.00507706 -0.000767995   -0.0007125            0
EndNode1[0]<--->Repeater1[0]
REAL
   0.421877  0.00252996  0.00371527     0.35173
 0.00252996   0.0811036 -0.00753834  0.00446327
 0.00371527 -0.00753834   0.0783308  0.00259896
    0.35173  0.00446327  0.00259896    0.418688
IMAGINARY
          0 -0.00138881  0.00124646 -0.00428699
 0.00138881           0  0.00117711  0.00299495
-0.00124646 -0.00117711           0 -0.00257447
 0.00428699 -0.00299495  0.00257447           0
EndNode2[0]<--->HoM1[0]
REAL
   0.426146  0.00068887 -0.00189273    0.347988
 0.00068887    0.079238  0.00319307  0.00738422
-0.00189273  0.00319307   0.0779956  0.00452804
   0.347988  0.00738422  0.00452804    0.416621
IMAGINARY
          0   0.0084943 -0.00483511   0.0015262
 -0.0084943           0  0.00285729 -0.00379503
 0.00483511 -0.00285729           0 -0.00411074
 -0.0015262  0.00379503  0.00411074           0
Repeater1[0]<--->EndNode1[0]
REAL
   0.421877  0.00371527  0.00252996     0.35173
 0.00371527   0.0783308 -0.00753834  0.00259896
 0.00252996 -0.00753834   0.0811036  0.00446327
    0.35173  0.00259896  0.00446327    0.418688
IMAGINARY
          0  0.00124646 -0.00138881 -0.00428699
-0.00124646           0 -0.00117711 -0.00257447
 0.00138881  0.00117711           0  0.00299495
 0.00428699  0.00257447 -0.00299495           0
Repeater1[0]<--->HoM1[0]
REAL
   0.426146 -0.00189273  0.00068887    0.347988
-0.00189273   0.0779956  0.00319307  0.00452804
 0.00068887  0.00319307    0.079238  0.00738422
   0.347988  0.00452804  0.00738422    0.416621
IMAGINARY
          0 -0.00483511   0.0084943   0.0015262
 0.00483511           0 -0.00285729 -0.00411074
 -0.0084943  0.00285729           0 -0.00379503
 -0.0015262  0.00411074  0.00379503           0
EndNode1[0]<--->Repeater1[0]
REAL
    0.42481 -0.00168702   0.0048932    0.352109
-0.00168702   0.0755341  0.00316759 -0.00159125
  0.0048932  0.00316759   0.0769125 -0.00175544
   0.352109 -0.00159125 -0.00175544    0.422743
IMAGINARY
           0   0.00631647  -0.00911378   0.00194071
 -0.00631647            0   0.00345796   0.00312158
  0.00911378  -0.00345796            0 -0.000602984
 -0.00194071  -0.00312158  0.000602984            0
EndNode2[0]<--->HoM1[0]
REAL
   0.415528 -0.00879209  0.00340335    0.356068
-0.00879209   0.0739889   0.0019607 -0.00319187
 0.00340335   0.0019607     0.07967  0.00491503
   0.356068 -0.00319187  0.00491503    0.430813
IMAGINARY
           0   0.00311615  1.16342e-05   0.00266091
 -0.00311615            0   0.00619914  -0.00907679
-1.16342e-05  -0.00619914            0   0.00311615
 -0.00266091   0.00907679  -0.00311615            0
Repeater1[0]<--->EndNode1[0]
REAL
    0.42481   0.0048932 -0.00168702    0.352109
  0.0048932   0.0769125  0.00316759 -0.00175544
-0.00168702  0.00316759   0.0755341 -0.00159125
   0.352109 -0.00175544 -0.00159125    0.422743
IMAGINARY
           0  -0.00911378   0.00631647   0.00194071
  0.00911378            0  -0.00345796 -0.000602984
 -0.00631647   0.00345796            0   0.00312158
 -0.00194071  0.000602984  -0.00312158            0
Repeater1[0]<--->HoM1[0]
REAL
   0.415528  0.00340335 -0.00879209    0.356068
 0.00340335     0.07967   0.0019607  0.00491503
-0.00879209   0.0019607   0.0739889 -0.00319187
   0.356068  0.00491503 -0.00319187    0.430813
IMAGINARY
           0  1.16342e-05   0.00311615   0.00266091
-1.16342e-05            0  -0.00619914   0.00311615
 -0.00311615   0.00619914            0  -0.00907679
 -0.00266091  -0.00311615   0.00907679            0
EndNode1[0]<--->Repeater1[0]
REAL
    0.421616  -0.00334147   -0.0028164     0.346455
 -0.00334147    0.0806474   0.00508455 -0.000981415
  -0.0028164   0.00508455    0.0783157  -0.00418511
    0.346455 -0.000981415  -0.00418511     0.419421
IMAGINARY
           0 -3.47453e-05   0.00337874   0.00200332
 3.47453e-05            0  -0.00116251   0.00373747
 -0.00337874   0.00116251            0  0.000932907
 -0.00200332  -0.00373747 -0.000932907            0
EndNode2[0]<--->HoM1[0]
REAL
    0.424838    -0.004741  -0.00527358     0.352883
   -0.004741     0.077981  -0.00121917  0.000959105
 -0.00527358  -0.00121917    0.0731674 -0.000532248
    0.352883  0.000959105 -0.000532248     0.424013
IMAGINARY
           0 -0.000804182   0.00923241  -0.00385786
 0.000804182            0  -0.00462591  -0.00489189
 -0.00923241   0.00462591            0  0.000384131
  0.00385786   0.00489189 -0.000384131            0
Repeater1[0]<--->EndNode1[0]
REAL
    0.421616   -0.0028164  -0.00334147     0.346455
  -0.0028164    0.0783157   0.00508455  -0.00418511
 -0.00334147   0.00508455    0.0806474 -0.000981415
    0.346455  -0.00418511 -0.000981415     0.419421
IMAGINARY
           0   0.00337874 -3.47453e-05   0.00200332
 -0.00337874            0   0.00116251  0.000932907
 3.47453e-05  -0.00116251            0   0.00373747
 -0.00200332 -0.000932907  -0.00373747            0
Repeater1[0]<--->HoM1[0]
REAL
    0.424838  -0.00527358    -0.004741     0.352883
 -0.00527358    0.0731674  -0.00121917 -0.000532248
   -0.004741  -0.00121917     0.077981  0.000959105
    0.352883 -0.000532248  0.000959105     0.424013
IMAGINARY
           0   0.00923241 -0.000804182  -0.00385786
 -0.00923241            0   0.00462591  0.000384131
 0.000804182  -0.00462591            0  -0.00489189
  0.00385786 -0.000384131   0.00489189            0
EndNode1[0]<--->Repeater1[0]
REAL
   0.415687 -0.00628203  0.00644332    0.352435
-0.00628203   0.0733158  0.00025881   0.0054762
 0.00644332  0.00025881   0.0836907   0.0100715
   0.352435   0.0054762   0.0100715    0.427307
IMAGINARY
           0   0.00653469  -0.00554913   0.00312031
 -0.00653469            0 -0.000245537  -0.00369854
  0.00554913  0.000245537            0   0.00201767
 -0.00312031   0.00369854  -0.00201767            0
EndNode2[0]<--->HoM1[0]
REAL
   0.425716  0.00576426  0.00110331    0.345695
 0.00576426   0.0677848  0.00454291   0.0028084
 0.00110331  0.00454291   0.0673655 -0.00464663
   0.345695   0.0028084 -0.00464663    0.439133
IMAGINARY
           0  -0.00776023  -0.00170414    -0.004281
  0.00776023            0  -0.00585226   0.00324908
  0.00170414   0.00585226            0  0.000456863
    0.004281  -0.00324908 -0.000456863            0
Repeater1[0]<--->EndNode1[0]
REAL
   0.415687  0.00644332 -0.00628203    0.352435
 0.00644332   0.0836907  0.00025881   0.0100715
-0.00628203  0.00025881   0.0733158   0.0054762
   0.352435   0.0100715   0.0054762    0.427307
IMAGINARY
           0  -0.00554913   0.00653469   0.00312031
  0.00554913            0  0.000245537   0.00201767
 -0.00653469 -0.000245537            0  -0.00369854
 -0.00312031  -0.00201767   0.00369854            0
Repeater1[0]<--->HoM1[0]
REAL
   0.425716  0.00110331  0.00576426    0.345695
 0.00110331   0.0673655  0.00454291 -0.00464663
 0.00576426  0.00454291   0.0677848   0.0028084
   0.345695 -0.00464663   0.0028084    0.439133
IMAGINARY
           0  -0.00170414  -0.00776023    -0.004281
  0.00170414            0   0.00585226  0.000456863
  0.00776023  -0.00585226            0   0.00324908
    0.004281 -0.000456863  -0.00324908            0
EndNode1[0]<--->Repeater1[0]
REAL
   0.424305  0.00722103  0.00501482    0.351437
 0.00722103   0.0708316 -0.00511332  0.00244787
 0.00501482 -0.00511332   0.0749418  0.00715155
   0.351437  0.00244787  0.00715155    0.429922
IMAGINARY
          0  0.00182919 -0.00426616 -0.00269566
-0.00182919           0 -0.00297359  0.00454256
 0.00426616  0.00297359           0  -0.0012764
 0.00269566 -0.00454256   0.0012764           0
EndNode2[0]<--->HoM1[0]
REAL
    0.425488 -0.000980817   0.00126675     0.350154
-0.000980817    0.0792241  -0.00284416   0.00175334
  0.00126675  -0.00284416    0.0725311  -0.00035364
    0.350154   0.00175334  -0.00035364     0.422756
IMAGINARY
           0   -0.0100214 -0.000493419 -0.000907028
   0.0100214            0   0.00118153   0.00132629
 0.000493419  -0.00118153            0   0.00516298
 0.000907028  -0.00132629  -0.00516298            0
Repeater1[0]<--->EndNode1[0]
REAL
   0.424305  0.00501482  0.00722103    0.351437
 0.00501482   0.0749418 -0.00511332  0.00715155
 0.00722103 -0.00511332   0.0708316  0.00244787
   0.351437  0.00715155  0.00244787    0.429922
IMAGINARY
          0 -0.00426616  0.00182919 -0.00269566
 0.00426616           0  0.00297359  -0.0012764
-0.00182919 -0.00297359           0  0.00454256
 0.00269566   0.0012764 -0.00454256           0
Repeater1[0]<--->HoM1[0]
REAL
    0.425488   0.00126675 -0.000980817     0.350154
  0.00126675    0.0725311  -0.00284416  -0.00035364
-0.000980817  -0.00284416    0.0792241   0.00175334
    0.350154  -0.00035364   0.00175334     0.422756
IMAGINARY
           0 -0.000493419   -0.0100214 -0.000907028
 0.000493419            0  -0.00118153   0.00516298
   0.0100214   0.00118153            0   0.00132629
 0.000907028  -0.00516298  -0.00132629            0
EndNode1[0]<--->Repeater1[0]
REAL
    0.425906  -0.00636558 -0.000223599     0.348029
 -0.00636558    0.0771131   0.00107849  -0.00406553
-0.000223599   0.00107849    0.0709385  -0.00115797
    0.348029  -0.00406553  -0.00115797     0.426043
IMAGINARY
           0  0.000845627  0.000793898  -0.00209952
-0.000845627            0  -0.00078172   0.00596845
-0.000793898   0.00078172            0   -0.0041578
  0.00209952  -0.00596845    0.0041578            0
EndNode2[0]<--->HoM1[0]
REAL
    0.406487   0.00447134    0.0020697     0.349999
  0.00447134    0.0784892   0.00228356  -0.00193139
   0.0020697   0.00228356    0.0728728 -0.000183647
    0.349999  -0.00193139 -0.000183647     0.442151
IMAGINARY
           0  -0.00326604   -0.0013609 -0.000178225
  0.00326604            0  0.000665894   0.00640025
   0.0013609 -0.000665894            0  0.000573785
 0.000178225  -0.00640025 -0.000573785            0
Repeater1[0]<--->EndNode1[0]
REAL
    0.425906 -0.000223599  -0.00636558     0.348029
-0.000223599    0.0709385   0.00107849  -0.00115797
 -0.00636558   0.00107849    0.0771131  -0.00406553
    0.348029  -0.00115797  -0.00406553     0.426043
IMAGINARY
           0  0.000793898  0.000845627  -0.00209952
-0.000793898            0   0.00078172   -0.0041578
-0.000845627  -0.00078172            0   0.00596845
  0.00209952    0.0041578  -0.00596845            0
Repeater1[0]<--->HoM1[0]
REAL
    0.406487    0.0020697   0.00447134     0.349999
   0.0020697    0.0728728   0.00228356 -0.000183647
  0.00447134   0.00228356    0.0784892  -0.00193139
    0.349999 -0.000183647  -0.00193139     0.442151
IMAGINARY
           0   -0.0013609  -0.00326604 -0.000178225
   0.0013609            0 -0.000665894  0.000573785
  0.00326604  0.000665894            0   0.00640025
 0.000178225 -0.000573785  -0.00640025            0
EndNode1[0]<--->Repeater1[0]
REAL
   0.423194  0.00406631  0.00189725    0.348505
 0.00406631   0.0811111  0.00184381  -0.0025946
 0.00189725  0.00184381   0.0756944 -0.00992405
   0.348505  -0.0025946 -0.00992405        0.42
IMAGINARY
           0  -0.00173139  -0.00489625   0.00117132
  0.00173139            0   0.00165588 -0.000855711
  0.00489625  -0.00165588            0   0.00425664
 -0.00117132  0.000855711  -0.00425664            0
EndNode2[0]<--->HoM1[0]
REAL
    0.43837 -0.00893044 5.83371e-05    0.353081
-0.00893044   0.0777231 -0.00382667  0.00215039
5.83371e-05 -0.00382667    0.075896  0.00478908
   0.353081  0.00215039  0.00478908    0.408011
IMAGINARY
           0  0.000945915    0.0023314   0.00138993
-0.000945915            0   0.00179743   0.00561817
  -0.0023314  -0.00179743            0  -0.00505776
 -0.00138993  -0.00561817   0.00505776            0
Repeater1[0]<--->EndNode1[0]
REAL
   0.423194  0.00189725  0.00406631    0.348505
 0.00189725   0.0756944  0.00184381 -0.00992405
 0.00406631  0.00184381   0.0811111  -0.0025946
   0.348505 -0.00992405  -0.0025946        0.42
IMAGINARY
           0  -0.00489625  -0.00173139   0.00117132
  0.00489625            0  -0.00165588   0.00425664
  0.00173139   0.00165588            0 -0.000855711
 -0.00117132  -0.00425664  0.000855711            0
Repeater1[0]<--->HoM1[0]
REAL
    0.43837 5.83371e-05 -0.00893044    0.353081
5.83371e-05    0.075896 -0.00382667  0.00478908
-0.00893044 -0.00382667   0.0777231  0.00215039
   0.353081  0.00478908  0.00215039    0.408011
IMAGINARY
           0    0.0023314  0.000945915   0.00138993
  -0.0023314            0  -0.00179743  -0.00505776
-0.000945915   0.00179743            0   0.00561817
 -0.00138993   0.00505776  -0.00561817            0
EndNode1[0]<--->Repeater1[0]
REAL
   0.428747 -0.00484735 -0.00314074    0.344955
-0.00484735    0.074867  0.00296787  -0.0035566
-0.00314074  0.00296787   0.0718669 -0.00157938
   0.344955  -0.0035566 -0.00157938    0.424519
IMAGINARY
           0   -0.0048933   0.00148724  -0.00538847
   0.0048933            0 -0.000679325  -0.00519613
 -0.00148724  0.000679325            0   0.00258399
  0.00538847   0.00519613  -0.00258399            0
EndNode2[0]<--->HoM1[0]
REAL
    0.429772   0.00656973  0.000756766     0.349723
  0.00656973     0.073239 -7.52956e-05   0.00787226
 0.000756766 -7.52956e-05    0.0771601  -0.00111619
    0.349723   0.00787226  -0.00111619     0.419829
IMAGINARY
           0   0.00946676   0.00180645  -0.00448689
 -0.00946676            0   -0.0030424   0.00187564
 -0.00180645    0.0030424            0  5.10902e-05
  0.00448689  -0.00187564 -5.10902e-05            0
Repeater1[0]<--->EndNode1[0]
REAL
   0.428747 -0.00314074 -0.00484735    0.344955
-0.00314074   0.0718669  0.00296787 -0.00157938
-0.00484735  0.00296787    0.074867  -0.0035566
   0.344955 -0.00157938  -0.0035566    0.424519
IMAGINARY
           0   0.00148724   -0.0048933  -0.00538847
 -0.00148724            0  0.000679325   0.00258399
   0.0048933 -0.000679325            0  -0.00519613
  0.00538847  -0.00258399   0.00519613            0
Repeater1[0]<--->HoM1[0]
REAL
    0.429772  0.000756766   0.00656973     0.349723
 0.000756766    0.0771601 -7.52956e-05  -0.00111619
  0.00656973 -7.52956e-05     0.073239   0.00787226
    0.349723  -0.00111619   0.00787226     0.419829
IMAGINARY
           0   0.00180645   0.00946676  -0.00448689
 -0.00180645            0    0.0030424  5.10902e-05
 -0.00946676   -0.0030424            0   0.00187564
  0.00448689 -5.10902e-05  -0.00187564            0
EndNode1[0]<--->Repeater1[0]
REAL
     0.42454  -0.00209681 -0.000771897     0.352396
 -0.00209681    0.0746991  -0.00612391   0.00643703
-0.000771897  -0.00612391    0.0760824   0.00258639
    0.352396   0.00643703   0.00258639     0.424678
IMAGINARY
           0 -0.000552669   0.00155025   0.00638766
 0.000552669            0  -0.00561681   0.00530651
 -0.00155025   0.00561681            0  -0.00711875
 -0.00638766  -0.00530651   0.00711875            0
EndNode2[0]<--->HoM1[0]
REAL
    0.42912 -0.00643669 -0.00388774    0.353279
-0.00643669   0.0680664 -0.00562048 0.000184035
-0.00388774 -0.00562048   0.0745163 -0.00425513
   0.353279 0.000184035 -0.00425513    0.428297
IMAGINARY
          0  0.00101539 -0.00425796  0.00679663
-0.00101539           0  0.00211344  0.00688372
 0.00425796 -0.00211344           0 -0.00488493
-0.00679663 -0.00688372  0.00488493           0
Repeater1[0]<--->EndNode1[0]
REAL
     0.42454 -0.000771897  -0.00209681     0.352396
-0.000771897    0.0760824  -0.00612391   0.00258639
 -0.00209681  -0.00612391    0.0746991   0.00643703
    0.352396   0.00258639   0.00643703     0.424678
IMAGINARY
           0   0.00155025 -0.000552669   0.00638766
 -0.00155025            0   0.00561681  -0.00711875
 0.000552669  -0.00561681            0   0.00530651
 -0.00638766   0.00711875  -0.00530651            0
Repeater1[0]<--->HoM1[0]
REAL
    0.42912 -0.00388774 -0.00643669    0.353279
-0.00388774   0.0745163 -0.00562048 -0.00425513
-0.00643669 -0.00562048   0.0680664 0.000184035
   0.353279 -0.00425513 0.000184035    0.428297
IMAGINARY
          0 -0.00425796  0.00101539  0.00679663
 0.00425796           0 -0.00211344 -0.00488493
-0.00101539  0.00211344           0  0.00688372
-0.00679663  0.00488493 -0.00688372           0
EndNode1[0]<--->Repeater1[0]
REAL
    0.427955    0.0035826  0.000339531      0.34733
   0.0035826    0.0789364  -0.00515962 -0.000201448
 0.000339531  -0.00515962    0.0765697  -0.00551577
     0.34733 -0.000201448  -0.00551577     0.416539
IMAGINARY
           0   0.00247406  -0.00353672  -0.00372122
 -0.00247406            0  -0.00085689 -0.000366371
  0.00353672   0.00085689            0   0.00169821
  0.00372122  0.000366371  -0.00169821            0
EndNode2[0]<--->HoM1[0]
REAL
    0.423588   -0.0018515  0.000743569     0.352105
  -0.0018515    0.0772425  -0.00523493 -0.000538117
 0.000743569  -0.00523493    0.0726744  0.000687272
    0.352105 -0.000538117  0.000687272     0.426495
IMAGINARY
           0 -0.000845239  -0.00774414  0.000360154
 0.000845239            0   0.00701204    0.0120944
  0.00774414  -0.00701204            0   -0.0094434
-0.000360154   -0.0120944    0.0094434            0
Repeater1[0]<--->EndNode1[0]
REAL
    0.427955  0.000339531    0.0035826      0.34733
 0.000339531    0.0765697  -0.00515962  -0.00551577
   0.0035826  -0.00515962    0.0789364 -0.000201448
     0.34733  -0.00551577 -0.000201448     0.416539
IMAGINARY
           0  -0.00353672   0.00247406  -0.00372122
  0.00353672            0   0.00085689   0.00169821
 -0.00247406  -0.00085689            0 -0.000366371
  0.00372122  -0.00169821  0.000366371            0
Repeater1[0]<--->HoM1[0]
REAL
    0.423588  0.000743569   -0.0018515     0.352105
 0.000743569    0.0726744  -0.00523493  0.000687272
  -0.0018515  -0.00523493    0.0772425 -0.000538117
    0.352105  0.000687272 -0.000538117     0.426495
IMAGINARY
           0  -0.00774414 -0.000845239  0.000360154
  0.00774414            0  -0.00701204   -0.0094434
 0.000845239   0.00701204            0    0.0120944
-0.000360154    0.0094434   -0.0120944            0
EndNode1[0]<--->Repeater1[0]
REAL
   0.425852  0.00142657  0.00703544    0.354739
 0.00142657   0.0749069  0.00218695 -0.00357954
 0.00703544  0.00218695   0.0776659 -0.00197952
   0.354739 -0.00357954 -0.00197952    0.421575
IMAGINARY
           0 -0.000275251   0.00189254  -0.00048775
 0.000275251            0   0.00111862   -0.0025822
 -0.00189254  -0.00111862            0 -0.000552336
  0.00048775    0.0025822  0.000552336            0
EndNode2[0]<--->HoM1[0]
REAL
    0.424574 -0.000217751  0.000826348     0.346218
-0.000217751    0.0716166   0.00418683   0.00404133
 0.000826348   0.00418683     0.077019   0.00138325
    0.346218   0.00404133   0.00138325      0.42679
IMAGINARY
           0  -0.00207606   0.00869055 -0.000968845
  0.00207606            0   -0.0017197  -0.00720561
 -0.00869055    0.0017197            0  0.000732544
 0.000968845   0.00720561 -0.000732544            0
Repeater1[0]<--->EndNode1[0]
REAL
   0.425852  0.00703544  0.00142657    0.354739
 0.00703544   0.0776659  0.00218695 -0.00197952
 0.00142657  0.00218695   0.0749069 -0.00357954
   0.354739 -0.00197952 -0.00357954    0.421575
IMAGINARY
           0   0.00189254 -0.000275251  -0.00048775
 -0.00189254            0  -0.00111862 -0.000552336
 0.000275251   0.00111862            0   -0.0025822
  0.00048775  0.000552336    0.0025822            0
Repeater1[0]<--->HoM1[0]
REAL
    0.424574  0.000826348 -0.000217751     0.346218
 0.000826348     0.077019   0.00418683   0.00138325
-0.000217751   0.00418683    0.0716166   0.00404133
    0.346218   0.00138325   0.00404133      0.42679
IMAGINARY
           0   0.00869055  -0.00207606 -0.000968845
 -0.00869055            0    0.0017197  0.000732544
  0.00207606   -0.0017197            0  -0.00720561
 0.000968845 -0.000732544   0.00720561            0
EndNode1[0]<--->Repeater1[0]
REAL
   0.416609   0.0021857 -0.00183076    0.348227
  0.0021857    0.073429 -0.00112375 -0.00447774
-0.00183076 -0.00112375   0.0770517 -0.00564521
   0.348227 -0.00447774 -0.00564521    0.432911
IMAGINARY
           0  -0.00731298   0.00526904   0.00436899
  0.00731298            0 -0.000722372  -0.00126462
 -0.00526904  0.000722372            0  -0.00373369
 -0.00436899   0.00126462   0.00373369            0
EndNode2[0]<--->HoM1[0]
REAL
   0.418008  -0.0018631   0.0026889    0.349126
 -0.0018631   0.0760266  0.00401418 -0.00110159
  0.0026889  0.00401418   0.0757492 -0.00207065
   0.349126 -0.00110159 -0.00207065    0.430216
IMAGINARY
          0 -0.00527418  0.00211511  0.00866687
 0.00527418           0 -0.00236056  0.00626478
-0.00211511  0.00236056           0  -0.0035247
-0.00866687 -0.00626478   0.0035247           0
Repeater1[0]<--->EndNode1[0]
REAL
   0.416609 -0.00183076   0.0021857    0.348227
-0.00183076   0.0770517 -0.00112375 -0.00564521
  0.0021857 -0.00112375    0.073429 -0.00447774
   0.348227 -0.00564521 -0.00447774    0.432911
IMAGINARY
           0   0.00526904  -0.00731298   0.00436899
 -0.00526904            0  0.000722372  -0.00373369
  0.00731298 -0.000722372            0  -0.00126462
 -0.00436899   0.00373369   0.00126462            0
Repeater1[0]<--->HoM1[0]
REAL
   0.418008   0.0026889  -0.0018631    0.349126
  0.0026889   0.0757492  0.00401418 -0.00207065
 -0.0018631  0.00401418   0.0760266 -0.00110159
   0.349126 -0.00207065 -0.00110159    0.430216
IMAGINARY
          0  0.00211511 -0.00527418  0.00866687
-0.00211511           0  0.00236056  -0.0035247
 0.00527418 -0.00236056           0  0.00626478
-0.00866687   0.0035247 -0.00626478           0
EndNode1[0]<--->Repeater1[0]
REAL
   0.408411 0.000219714 -0.00136022    0.348413
0.000219714   0.0771945 -0.00700552  0.00217213
-0.00136022 -0.00700552   0.0757832 -0.00157289
   0.348413  0.00217213 -0.00157289    0.438611
IMAGINARY
           0   0.00188931  -0.00163608 -0.000497261
 -0.00188931            0   -0.0017553  -0.00273467
  0.00163608    0.0017553            0 -1.61276e-05
 0.000497261   0.00273467  1.61276e-05            0
EndNode2[0]<--->HoM1[0]
REAL
   0.440607 0.000215071 -0.00296384    0.349157
0.000215071   0.0759618  0.00235364  0.00406274
-0.00296384  0.00235364   0.0706262  0.00569152
   0.349157  0.00406274  0.00569152    0.412805
IMAGINARY
           0  6.76893e-06  -0.00494885   0.00483787
-6.76893e-06            0  -0.00674783   0.00508965
  0.00494885   0.00674783            0    0.0043582
 -0.00483787  -0.00508965   -0.0043582            0
Repeater1[0]<--->EndNode1[0]
REAL
   0.408411 -0.00136022 0.000219714    0.348413
-0.00136022   0.0757832 -0.00700552 -0.00157289
0.000219714 -0.00700552   0.0771945  0.00217213
   0.348413 -0.00157289  0.00217213    0.438611
IMAGINARY
           0  -0.00163608   0.00188931 -0.000497261
  0.00163608            0    0.0017553 -1.61276e-05
 -0.00188931   -0.0017553            0  -0.00273467
 0.000497261  1.61276e-05   0.00273467            0
Repeater1[0]<--->HoM1[0]
REAL
   0.440607 -0.00296384 0.000215071    0.349157
-0.00296384   0.0706262  0.00235364  0.00569152
0.000215071  0.00235364   0.0759618  0.00406274
   0.349157  0.00569152  0.00406274    0.412805
IMAGINARY
           0  -0.00494885  6.76893e-06   0.00483787
  0.00494885            0   0.00674783    0.0043582
-6.76893e-06  -0.00674783            0   0.00508965
 -0.00483787   -0.0043582  -0.00508965            0
EndNode1[0]<--->Repeater1[0]
REAL
   0.434441   0.0030806 -0.00267143    0.351191
  0.0030806   0.0739027  0.00581568  0.00758812
-0.00267143  0.00581568   0.0792315  0.00251896
   0.351191  0.00758812  0.00251896    0.412425
IMAGINARY
           0   0.00843106   0.00197143   0.00161746
 -0.00843106            0   0.00356461 -0.000466233
 -0.00197143  -0.00356461            0  -0.00391547
 -0.00161746  0.000466233   0.00391547            0
EndNode2[0]<--->HoM1[0]
REAL
  0.427002  0.0134053 0.00110379   0.350629
 0.0134053  0.0734789 0.00412088  0.0118012
0.00110379 0.00412088  0.0733416 0.00224547
  0.350629  0.0118012 0.00224547   0.426178
IMAGINARY
          0  0.00508274 -0.00229748  0.00310097
-0.00508274           0  0.00268139  0.00104049
 0.00229748 -0.00268139           0 -0.00228945
-0.00310097 -0.00104049  0.00228945           0
Repeater1[0]<--->EndNode1[0]
REAL
   0.434441 -0.00267143   0.0030806    0.351191
-0.00267143   0.0792315  0.00581568  0.00251896
  0.0030806  0.00581568   0.0739027  0.00758812
   0.351191  0.00251896  0.00758812    0.412425
IMAGINARY
           0   0.00197143   0.00843106   0.00161746
 -0.00197143            0  -0.00356461  -0.00391547
 -0.00843106   0.00356461            0 -0.000466233
 -0.00161746   0.00391547  0.000466233            0
Repeater1[0]<--->HoM1[0]
REAL
  0.427002 0.00110379  0.0134053   0.350629
0.00110379  0.0733416 0.00412088 0.00224547
 0.0134053 0.00412088  0.0734789  0.0118012
  0.350629 0.00224547  0.0118012   0.426178
IMAGINARY
          0 -0.00229748  0.00508274  0.00310097
 0.00229748           0 -0.00268139 -0.00228945
-0.00508274  0.00268139           0  0.00104049
-0.00310097  0.00228945 -0.00104049           0
EndNode1[0]<--->Repeater1[0]
REAL
    0.423965  -0.00200643 -0.000294563     0.355173
 -0.00200643    0.0780062   -0.0031623  -0.00442111
-0.000294563   -0.0031623     0.078851  -0.00284794
    0.355173  -0.00442111  -0.00284794     0.419178
IMAGINARY
           0   0.00454764 -0.000623475   0.00474485
 -0.00454764            0   0.00309559  -0.00503744
 0.000623475  -0.00309559            0 -0.000443475
 -0.00474485   0.00503744  0.000443475            0
EndNode2[0]<--->HoM1[0]
REAL
   0.427807  -0.0087973 -0.00547248    0.348118
 -0.0087973   0.0778983  0.00270423 -0.00429012
-0.00547248  0.00270423   0.0718411  0.00549627
   0.348118 -0.00429012  0.00549627    0.422454
IMAGINARY
           0  -0.00288516   0.00612018 -0.000862274
  0.00288516            0   -0.0011358  -0.00550129
 -0.00612018    0.0011358            0  -0.00488544
 0.000862274   0.00550129   0.00488544            0
Repeater1[0]<--->EndNode1[0]
REAL
    0.423965 -0.000294563  -0.00200643     0.355173
-0.000294563     0.078851   -0.0031623  -0.00284794
 -0.00200643   -0.0031623    0.0780062  -0.00442111
    0.355173  -0.00284794  -0.00442111     0.419178
IMAGINARY
           0 -0.000623475   0.00454764   0.00474485
 0.000623475            0  -0.00309559 -0.000443475
 -0.00454764   0.00309559            0  -0.00503744
 -0.00474485  0.000443475   0.00503744            0
Repeater1[0]<--->HoM1[0]
REAL
   0.427807 -0.00547248  -0.0087973    0.348118
-0.00547248   0.0718411  0.00270423  0.00549627
 -0.0087973  0.00270423   0.0778983 -0.00429012
   0.348118  0.00549627 -0.00429012    0.422454
IMAGINARY
           0   0.00612018  -0.00288516 -0.000862274
 -0.00612018            0    0.0011358  -0.00488544
  0.00288516   -0.0011358            0  -0.00550129
 0.000862274   0.00488544   0.00550129            0
EndNode1[0]<--->Repeater1[0]
REAL
    0.41783  0.00167366 -0.00169099    0.353193
 0.00167366   0.0805805 -0.00414451  0.00518848
-0.00169099 -0.00414451   0.0727021 5.13535e-06
   0.353193  0.00518848 5.13535e-06    0.428887
IMAGINARY
          0   0.0062042 -0.00221216 -0.00426846
 -0.0062042           0   0.0013526 -0.00501642
 0.00221216  -0.0013526           0  0.00266105
 0.00426846  0.00501642 -0.00266105           0
EndNode2[0]<--->HoM1[0]
REAL
   0.426754  0.00470566 -0.00294841    0.353347
 0.00470566   0.0726303 -0.00100291  0.00157742
-0.00294841 -0.00100291   0.0807003 -0.00539116
   0.353347  0.00157742 -0.00539116    0.419915
IMAGINARY
           0    0.0012812  -0.00185875   0.00379716
  -0.0012812            0  -0.00268171 -0.000894558
  0.00185875   0.00268171            0  -0.00678781
 -0.00379716  0.000894558   0.00678781            0
Repeater1[0]<--->EndNode1[0]
REAL
    0.41783 -0.00169099  0.00167366    0.353193
-0.00169099   0.0727021 -0.00414451 5.13535e-06
 0.00167366 -0.00414451   0.0805805  0.00518848
   0.353193 5.13535e-06  0.00518848    0.428887
