EndNode1[0]<--->Repeater1[0]
REAL
   0.401725 -0.00477374   -0.011343    0.264703
-0.00477374   0.0915849  0.00684345 -0.00666168
  -0.011343  0.00684345   0.0871246 -0.00850843
   0.264703 -0.00666168 -0.00850843    0.419566
IMAGINARY
           0  0.000433274  1.94654e-05    0.0024649
-0.000433274            0  0.000818684   0.00209662
-1.94654e-05 -0.000818684            0   0.00198511
  -0.0024649  -0.00209662  -0.00198511            0
EndNode2[0]<--->HoM1[0]
REAL
   0.424324 -0.00864597 0.000515633    0.252804
-0.00864597   0.0861862  0.00340394 -0.00505833
0.000515633  0.00340394   0.0813814  0.00743458
   0.252804 -0.00505833  0.00743458    0.408108
IMAGINARY
          0  0.00194844 -0.00748652 -0.00226938
-0.00194844           0  0.00360588 -0.00570293
 0.00748652 -0.00360588           0  0.00404676
 0.00226938  0.00570293 -0.00404676           0
Repeater1[0]<--->EndNode1[0]
REAL
   0.401725   -0.011343 -0.00477374    0.264703
  -0.011343   0.0871246  0.00684345 -0.00850843
-0.00477374  0.00684345   0.0915849 -0.00666168
   0.264703 -0.00850843 -0.00666168    0.419566
IMAGINARY
           0  1.94654e-05  0.000433274    0.0024649
-1.94654e-05            0 -0.000818684   0.00198511
-0.000433274  0.000818684            0   0.00209662
  -0.0024649  -0.00198511  -0.00209662            0
Repeater1[0]<--->HoM1[0]
REAL
   0.424324 0.000515633 -0.00864597    0.252804
0.000515633   0.0813814  0.00340394  0.00743458
-0.00864597  0.00340394   0.0861862 -0.00505833
   0.252804  0.00743458 -0.00505833    0.408108
IMAGINARY
          0 -0.00748652  0.00194844 -0.00226938
 0.00748652           0 -0.00360588  0.00404676
-0.00194844  0.00360588           0 -0.00570293
 0.00226938 -0.00404676  0.00570293           0
EndNode1[0]<--->Repeater1[0]
REAL
    0.411927   0.00267502    0.0098831     0.270387
  0.00267502    0.0882263    0.0112055 -0.000856759
   0.0098831    0.0112055    0.0894559    0.0075351
    0.270387 -0.000856759    0.0075351      0.41039
IMAGINARY
           0   0.00132412  -0.00453714  -0.00407609
 -0.00132412            0  -0.00528382 -0.000279234
  0.00453714   0.00528382            0   0.00590044
  0.00407609  0.000279234  -0.00590044            0
EndNode2[0]<--->HoM1[0]
REAL
   0.420594 -0.00538267 -0.00567022    0.256237
-0.00538267   0.0837586   0.0044317  0.00313366
-0.00567022   0.0044317   0.0840588 -0.00431592
   0.256237  0.00313366 -0.00431592    0.411588
IMAGINARY
           0   0.00510611   0.00418117 -0.000632722
 -0.00510611            0   0.00770819  -0.00147359
 -0.00418117  -0.00770819            0   0.00391916
 0.000632722   0.00147359  -0.00391916            0
Repeater1[0]<--->EndNode1[0]
REAL
    0.411927    0.0098831   0.00267502     0.270387
   0.0098831    0.0894559    0.0112055    0.0075351
  0.00267502    0.0112055    0.0882263 -0.000856759
    0.270387    0.0075351 -0.000856759      0.41039
IMAGINARY
           0  -0.00453714   0.00132412  -0.00407609
  0.00453714            0   0.00528382   0.00590044
 -0.00132412  -0.00528382            0 -0.000279234
  0.00407609  -0.00590044  0.000279234            0
Repeater1[0]<--->HoM1[0]
REAL
   0.420594 -0.00567022 -0.00538267    0.256237
-0.00567022   0.0840588   0.0044317 -0.00431592
-0.00538267   0.0044317   0.0837586  0.00313366
   0.256237 -0.00431592  0.00313366    0.411588
IMAGINARY
           0   0.00418117   0.00510611 -0.000632722
 -0.00418117            0  -0.00770819   0.00391916
 -0.00510611   0.00770819            0  -0.00147359
 0.000632722  -0.00391916   0.00147359            0
EndNode1[0]<--->Repeater1[0]
REAL
    0.408566  -0.00827707 -0.000751968      0.26011
 -0.00827707    0.0899149   0.00965276  -0.00120174
-0.000751968   0.00965276    0.0835358  -0.00449721
     0.26011  -0.00120174  -0.00449721     0.417983
IMAGINARY
           0  -0.00363043  0.000297403   0.00226674
  0.00363043            0   0.00811811   0.00945275
-0.000297403  -0.00811811            0   -0.0070338
 -0.00226674  -0.00945275    0.0070338            0
EndNode2[0]<--->HoM1[0]
REAL
   0.431852 -0.00429849 0.000525112    0.265834
-0.00429849   0.0808231  0.00946947  0.00236673
0.000525112  0.00946947   0.0790337 -0.00293112
   0.265834  0.00236673 -0.00293112    0.408291
IMAGINARY
          0   0.0040514   0.0102326 -0.00875443
 -0.0040514           0  0.00673767 -0.00786432
 -0.0102326 -0.00673767           0  0.00630976
 0.00875443  0.00786432 -0.00630976           0
Repeater1[0]<--->EndNode1[0]
REAL
    0.408566 -0.000751968  -0.00827707      0.26011
-0.000751968    0.0835358   0.00965276  -0.00449721
 -0.00827707   0.00965276    0.0899149  -0.00120174
     0.26011  -0.00449721  -0.00120174     0.417983
IMAGINARY
           0  0.000297403  -0.00363043   0.00226674
-0.000297403            0  -0.00811811   -0.0070338
  0.00363043   0.00811811            0   0.00945275
 -0.00226674    0.0070338  -0.00945275            0
Repeater1[0]<--->HoM1[0]
REAL
   0.431852 0.000525112 -0.00429849    0.265834
0.000525112   0.0790337  0.00946947 -0.00293112
-0.00429849  0.00946947   0.0808231  0.00236673
   0.265834 -0.00293112  0.00236673    0.408291
IMAGINARY
          0   0.0102326   0.0040514 -0.00875443
 -0.0102326           0 -0.00673767  0.00630976
 -0.0040514  0.00673767           0 -0.00786432
 0.00875443 -0.00630976  0.00786432           0
EndNode1[0]<--->Repeater1[0]
REAL
   0.412051   -0.011511  0.00188852    0.267372
  -0.011511    0.075776  0.00181296 -0.00980133
 0.00188852  0.00181296   0.0830797  0.00568838
   0.267372 -0.00980133  0.00568838    0.429093
IMAGINARY
          0 -0.00292052 -0.00644366  0.00867456
 0.00292052           0   0.0145917  0.00402675
 0.00644366  -0.0145917           0 -0.00070486
-0.00867456 -0.00402675  0.00070486           0
EndNode2[0]<--->HoM1[0]
REAL
    0.40376 -0.00499883 -0.00211169    0.254529
-0.00499883   0.0790809 -0.00452872 -0.00695724
-0.00211169 -0.00452872    0.084154  -0.0110229
   0.254529 -0.00695724  -0.0110229    0.433005
IMAGINARY
           0   0.00503936  -0.00463814 -0.000966137
 -0.00503936            0  -0.00752938  -0.00228381
  0.00463814   0.00752938            0   0.00129348
 0.000966137   0.00228381  -0.00129348            0
Repeater1[0]<--->EndNode1[0]
REAL
   0.412051  0.00188852   -0.011511    0.267372
 0.00188852   0.0830797  0.00181296  0.00568838
  -0.011511  0.00181296    0.075776 -0.00980133
   0.267372  0.00568838 -0.00980133    0.429093
IMAGINARY
          0 -0.00644366 -0.00292052  0.00867456
 0.00644366           0  -0.0145917 -0.00070486
 0.00292052   0.0145917           0  0.00402675
-0.00867456  0.00070486 -0.00402675           0
Repeater1[0]<--->HoM1[0]
REAL
    0.40376 -0.00211169 -0.00499883    0.254529
-0.00211169    0.084154 -0.00452872  -0.0110229
-0.00499883 -0.00452872   0.0790809 -0.00695724
   0.254529  -0.0110229 -0.00695724    0.433005
IMAGINARY
           0  -0.00463814   0.00503936 -0.000966137
  0.00463814            0   0.00752938   0.00129348
 -0.00503936  -0.00752938            0  -0.00228381
 0.000966137  -0.00129348   0.00228381            0
EndNode1[0]<--->Repeater1[0]
REAL
   0.422169 -0.00803554 -0.00443213    0.264872
-0.00803554   0.0869435  0.00081336  0.00190462
-0.00443213  0.00081336   0.0839558  0.00312921
   0.264872  0.00190462  0.00312921    0.406932
IMAGINARY
           0   0.00962636  -0.00194103   -0.0102857
 -0.00962636            0   0.00243386   0.00071854
  0.00194103  -0.00243386            0  0.000764839
   0.0102857  -0.00071854 -0.000764839            0
EndNode2[0]<--->HoM1[0]
REAL
  0.420006 0.00293371  0.0073892   0.268213
0.00293371  0.0840615  0.0046815 0.00859113
 0.0073892  0.0046815  0.0861705 0.00351988
  0.268213 0.00859113 0.00351988   0.409762
IMAGINARY
           0  0.000669849   0.00287135 -0.000971331
-0.000669849            0   0.00306213   0.00272285
 -0.00287135  -0.00306213            0  -0.00565927
 0.000971331  -0.00272285   0.00565927            0
Repeater1[0]<--->EndNode1[0]
REAL
   0.422169 -0.00443213 -0.00803554    0.264872
-0.00443213   0.0839558  0.00081336  0.00312921
-0.00803554  0.00081336   0.0869435  0.00190462
   0.264872  0.00312921  0.00190462    0.406932
IMAGINARY
           0  -0.00194103   0.00962636   -0.0102857
  0.00194103            0  -0.00243386  0.000764839
 -0.00962636   0.00243386            0   0.00071854
   0.0102857 -0.000764839  -0.00071854            0
Repeater1[0]<--->HoM1[0]
REAL
  0.420006  0.0073892 0.00293371   0.268213
 0.0073892  0.0861705  0.0046815 0.00351988
0.00293371  0.0046815  0.0840615 0.00859113
  0.268213 0.00351988 0.00859113   0.409762
IMAGINARY
           0   0.00287135  0.000669849 -0.000971331
 -0.00287135            0  -0.00306213  -0.00565927
-0.000669849   0.00306213            0   0.00272285
 0.000971331   0.00565927  -0.00272285            0
EndNode1[0]<--->Repeater1[0]
REAL
    0.409132   -0.0117162      -0.0133      0.25845
  -0.0117162    0.0946477 -4.03901e-05  -0.00749514
     -0.0133 -4.03901e-05    0.0855761  -0.00663245
     0.25845  -0.00749514  -0.00663245     0.410644
IMAGINARY
          0  0.00756142 -0.00107412  -0.0048419
-0.00756142           0 -0.00758413  -0.0101015
 0.00107412  0.00758413           0  0.00651696
  0.0048419   0.0101015 -0.00651696           0
EndNode2[0]<--->HoM1[0]
REAL
    0.420083   0.00673844 -0.000917823       0.2657
  0.00673844    0.0834819   0.00535235   0.00442659
-0.000917823   0.00535235    0.0852644  -0.00235247
      0.2657   0.00442659  -0.00235247     0.411171
IMAGINARY
          0  0.00880204  -0.0026806  -0.0103891
-0.00880204           0 -0.00170276 -0.00751736
  0.0026806  0.00170276           0 -0.00130354
  0.0103891  0.00751736  0.00130354           0
Repeater1[0]<--->EndNode1[0]
REAL
    0.409132      -0.0133   -0.0117162      0.25845
     -0.0133    0.0855761 -4.03901e-05  -0.00663245
  -0.0117162 -4.03901e-05    0.0946477  -0.00749514
     0.25845  -0.00663245  -0.00749514     0.410644
IMAGINARY
          0 -0.00107412  0.00756142  -0.0048419
 0.00107412           0  0.00758413  0.00651696
-0.00756142 -0.00758413           0  -0.0101015
  0.0048419 -0.00651696   0.0101015           0
Repeater1[0]<--->HoM1[0]
REAL
    0.420083 -0.000917823   0.00673844       0.2657
-0.000917823    0.0852644   0.00535235  -0.00235247
  0.00673844   0.00535235    0.0834819   0.00442659
      0.2657  -0.00235247   0.00442659     0.411171
IMAGINARY
          0  -0.0026806  0.00880204  -0.0103891
  0.0026806           0  0.00170276 -0.00130354
-0.00880204 -0.00170276           0 -0.00751736
  0.0103891  0.00130354  0.00751736           0
EndNode1[0]<--->Repeater1[0]
REAL
   0.423263 -0.00134757  0.00457733    0.260111
-0.00134757    0.076435 0.000823734 0.000215959
 0.00457733 0.000823734   0.0873112 -0.00164823
   0.260111 0.000215959 -0.00164823    0.412991
IMAGINARY
           0   0.00628739  -0.00068183  -0.00865133
 -0.00628739            0  -0.00380836  -0.00369751
  0.00068183   0.00380836            0  0.000206112
  0.00865133   0.00369751 -0.000206112            0
EndNode2[0]<--->HoM1[0]
REAL
    0.417954  -0.00177953  -0.00501198     0.261898
 -0.00177953    0.0845235  -0.00107879 -0.000543571
 -0.00501198  -0.00107879    0.0856893  0.000317538
    0.261898 -0.000543571  0.000317538     0.411833
IMAGINARY
           0  -0.00511282    0.0142988   -0.0114748
  0.00511282            0  -0.00078521 -4.73469e-05
  -0.0142988   0.00078521            0   -0.0001377
   0.0114748  4.73469e-05    0.0001377            0
Repeater1[0]<--->EndNode1[0]
REAL
   0.423263  0.00457733 -0.00134757    0.260111
 0.00457733   0.0873112 0.000823734 -0.00164823
-0.00134757 0.000823734    0.076435 0.000215959
   0.260111 -0.00164823 0.000215959    0.412991
IMAGINARY
           0  -0.00068183   0.00628739  -0.00865133
  0.00068183            0   0.00380836  0.000206112
 -0.00628739  -0.00380836            0  -0.00369751
  0.00865133 -0.000206112   0.00369751            0
Repeater1[0]<--->HoM1[0]
REAL
    0.417954  -0.00501198  -0.00177953     0.261898
 -0.00501198    0.0856893  -0.00107879  0.000317538
 -0.00177953  -0.00107879    0.0845235 -0.000543571
    0.261898  0.000317538 -0.000543571     0.411833
IMAGINARY
           0    0.0142988  -0.00511282   -0.0114748
  -0.0142988            0   0.00078521   -0.0001377
  0.00511282  -0.00078521            0 -4.73469e-05
   0.0114748    0.0001377  4.73469e-05            0
EndNode1[0]<--->Repeater1[0]
REAL
   0.430928 -0.00363412  0.00698409    0.262106
-0.00363412   0.0815906  0.00721878   0.0121115
 0.00698409  0.00721878   0.0883652   0.0089809
   0.262106   0.0121115   0.0089809    0.399116
IMAGINARY
           0   0.00684383  -0.00795897  0.000960345
 -0.00684383            0    0.0142005   -0.0102365
  0.00795897   -0.0142005            0   0.00623887
-0.000960345    0.0102365  -0.00623887            0
EndNode2[0]<--->HoM1[0]
REAL
   0.423775 -0.00928194 -0.00833447     0.25747
-0.00928194   0.0759226   0.0120372 -0.00437106
-0.00833447   0.0120372   0.0780399  0.00225653
    0.25747 -0.00437106  0.00225653    0.422263
IMAGINARY
           0 -0.000647857  -0.00469391   0.00322947
 0.000647857            0    0.0078412  -0.00291876
  0.00469391   -0.0078412            0    0.0143507
 -0.00322947   0.00291876   -0.0143507            0
Repeater1[0]<--->EndNode1[0]
REAL
   0.430928  0.00698409 -0.00363412    0.262106
 0.00698409   0.0883652  0.00721878   0.0089809
-0.00363412  0.00721878   0.0815906   0.0121115
   0.262106   0.0089809   0.0121115    0.399116
IMAGINARY
           0  -0.00795897   0.00684383  0.000960345
  0.00795897            0   -0.0142005   0.00623887
 -0.00684383    0.0142005            0   -0.0102365
-0.000960345  -0.00623887    0.0102365            0
Repeater1[0]<--->HoM1[0]
REAL
   0.423775 -0.00833447 -0.00928194     0.25747
-0.00833447   0.0780399   0.0120372  0.00225653
-0.00928194   0.0120372   0.0759226 -0.00437106
    0.25747  0.00225653 -0.00437106    0.422263
IMAGINARY
           0  -0.00469391 -0.000647857   0.00322947
  0.00469391            0   -0.0078412    0.0143507
 0.000647857    0.0078412            0  -0.00291876
 -0.00322947   -0.0143507   0.00291876            0
EndNode1[0]<--->Repeater1[0]
REAL
   0.410029 -0.00434098 -0.00360262    0.270336
-0.00434098   0.0884956  -0.0030995 -0.00554931
-0.00360262  -0.0030995   0.0867257 -0.00389575
   0.270336 -0.00554931 -0.00389575    0.414749
IMAGINARY
           0  -0.00904818   0.00561846   0.00564804
  0.00904818            0    0.0068371  0.000641083
 -0.00561846   -0.0068371            0  -0.00148617
 -0.00564804 -0.000641083   0.00148617            0
EndNode2[0]<--->HoM1[0]
REAL
   0.422617  0.00591957 -0.00109466     0.25766
 0.00591957   0.0943917 0.000177951 -0.00801253
-0.00109466 0.000177951   0.0723261 -0.00577028
    0.25766 -0.00801253 -0.00577028    0.410665
IMAGINARY
           0   0.00460196     0.006477   -0.0101545
 -0.00460196            0   0.00336715  -0.00693982
   -0.006477  -0.00336715            0 -0.000436574
   0.0101545   0.00693982  0.000436574            0
Repeater1[0]<--->EndNode1[0]
REAL
   0.410029 -0.00360262 -0.00434098    0.270336
-0.00360262   0.0867257  -0.0030995 -0.00389575
-0.00434098  -0.0030995   0.0884956 -0.00554931
   0.270336 -0.00389575 -0.00554931    0.414749
IMAGINARY
           0   0.00561846  -0.00904818   0.00564804
 -0.00561846            0   -0.0068371  -0.00148617
  0.00904818    0.0068371            0  0.000641083
 -0.00564804   0.00148617 -0.000641083            0
Repeater1[0]<--->HoM1[0]
REAL
   0.422617 -0.00109466  0.00591957     0.25766
-0.00109466   0.0723261 0.000177951 -0.00577028
 0.00591957 0.000177951   0.0943917 -0.00801253
    0.25766 -0.00577028 -0.00801253    0.410665
IMAGINARY
           0     0.006477   0.00460196   -0.0101545
   -0.006477            0  -0.00336715 -0.000436574
 -0.00460196   0.00336715            0  -0.00693982
   0.0101545  0.000436574   0.00693982            0
EndNode1[0]<--->Repeater1[0]
REAL
   0.429561    0.003287 -0.00611871     0.25915
   0.003287   0.0812763 -0.00233725   0.0058225
-0.00611871 -0.00233725   0.0794702  -0.0145429
    0.25915   0.0058225  -0.0145429    0.409693
IMAGINARY
           0  -0.00196274   0.00303288   -0.0099885
  0.00196274            0   0.00768302  -0.00242829
 -0.00303288  -0.00768302            0  0.000451257
   0.0099885   0.00242829 -0.000451257            0
EndNode2[0]<--->HoM1[0]
REAL
  0.416948 0.00186539 0.00775065    0.26523
0.00186539  0.0798281 0.00159386 0.00730248
0.00775065 0.00159386  0.0838195 0.00610392
   0.26523 0.00730248 0.00610392   0.419404
IMAGINARY
          0   0.0153319 -0.00116875  0.00458431
 -0.0153319           0  0.00547877 -0.00821541
 0.00116875 -0.00547877           0 -0.00360173
-0.00458431  0.00821541  0.00360173           0
Repeater1[0]<--->EndNode1[0]
REAL
   0.429561 -0.00611871    0.003287     0.25915
-0.00611871   0.0794702 -0.00233725  -0.0145429
   0.003287 -0.00233725   0.0812763   0.0058225
    0.25915  -0.0145429   0.0058225    0.409693
IMAGINARY
           0   0.00303288  -0.00196274   -0.0099885
 -0.00303288            0  -0.00768302  0.000451257
  0.00196274   0.00768302            0  -0.00242829
   0.0099885 -0.000451257   0.00242829            0
Repeater1[0]<--->HoM1[0]
REAL
  0.416948 0.00775065 0.00186539    0.26523
0.00775065  0.0838195 0.00159386 0.00610392
0.00186539 0.00159386  0.0798281 0.00730248
   0.26523 0.00610392 0.00730248   0.419404
IMAGINARY
          0 -0.00116875   0.0153319  0.00458431
 0.00116875           0 -0.00547877 -0.00360173
 -0.0153319  0.00547877           0 -0.00821541
-0.00458431  0.00360173  0.00821541           0
EndNode1[0]<--->Repeater1[0]
REAL
   0.429662  0.00737012   0.0049655    0.264709
 0.00737012   0.0860499 -0.00675446 -0.00214064
  0.0049655 -0.00675446   0.0737151  0.00615947
   0.264709 -0.00214064  0.00615947    0.410573
IMAGINARY
           0   0.00169317  0.000774454   -0.0118623
 -0.00169317            0  -0.00126843  -0.00954108
-0.000774454   0.00126843            0    0.0113056
   0.0118623   0.00954108   -0.0113056            0
EndNode2[0]<--->HoM1[0]
REAL
  0.403979   0.002709 0.00262351   0.268522
  0.002709  0.0774797 0.00146932 0.00082063
0.00262351 0.00146932  0.0973771 0.00432903
  0.268522 0.00082063 0.00432903   0.421164
IMAGINARY
           0   0.00307081   0.00450321 -0.000228222
 -0.00307081            0  -0.00111949  -0.00724377
 -0.00450321   0.00111949            0   0.00910946
 0.000228222   0.00724377  -0.00910946            0
Repeater1[0]<--->EndNode1[0]
REAL
   0.429662   0.0049655  0.00737012    0.264709
  0.0049655   0.0737151 -0.00675446  0.00615947
 0.00737012 -0.00675446   0.0860499 -0.00214064
   0.264709  0.00615947 -0.00214064    0.410573
IMAGINARY
           0  0.000774454   0.00169317   -0.0118623
-0.000774454            0   0.00126843    0.0113056
 -0.00169317  -0.00126843            0  -0.00954108
   0.0118623   -0.0113056   0.00954108            0
Repeater1[0]<--->HoM1[0]
REAL
  0.403979 0.00262351   0.002709   0.268522
0.00262351  0.0973771 0.00146932 0.00432903
  0.002709 0.00146932  0.0774797 0.00082063
  0.268522 0.00432903 0.00082063   0.421164
IMAGINARY
           0   0.00450321   0.00307081 -0.000228222
 -0.00450321            0   0.00111949   0.00910946
 -0.00307081  -0.00111949            0  -0.00724377
 0.000228222  -0.00910946   0.00724377            0
EndNode1[0]<--->Repeater1[0]
REAL
   0.415817    0.014146  0.00937858    0.257279
   0.014146   0.0880445  0.00382182  0.00335085
 0.00937858  0.00382182   0.0898981 6.35861e-05
   0.257279  0.00335085 6.35861e-05     0.40624
IMAGINARY
           0   0.00578312 -0.000650124   0.00620075
 -0.00578312            0 -0.000450148  -0.00596443
 0.000650124  0.000450148            0   -0.0027765
 -0.00620075   0.00596443    0.0027765            0
EndNode2[0]<--->HoM1[0]
REAL
   0.416642  0.00366977  0.00874038    0.262004
 0.00366977   0.0919195 0.000398799  0.00829488
 0.00874038 0.000398799   0.0832082  0.00708934
   0.262004  0.00829488  0.00708934    0.408231
IMAGINARY
          0  0.00553529 -0.00821769  0.00922606
-0.00553529           0  0.00892576 -0.00181525
 0.00821769 -0.00892576           0  0.00689358
-0.00922606  0.00181525 -0.00689358           0
Repeater1[0]<--->EndNode1[0]
REAL
   0.415817  0.00937858    0.014146    0.257279
 0.00937858   0.0898981  0.00382182 6.35861e-05
   0.014146  0.00382182   0.0880445  0.00335085
   0.257279 6.35861e-05  0.00335085     0.40624
IMAGINARY
           0 -0.000650124   0.00578312   0.00620075
 0.000650124            0  0.000450148   -0.0027765
 -0.00578312 -0.000450148            0  -0.00596443
 -0.00620075    0.0027765   0.00596443            0
Repeater1[0]<--->HoM1[0]
REAL
   0.416642  0.00874038  0.00366977    0.262004
 0.00874038   0.0832082 0.000398799  0.00708934
 0.00366977 0.000398799   0.0919195  0.00829488
   0.262004  0.00708934  0.00829488    0.408231
IMAGINARY
          0 -0.00821769  0.00553529  0.00922606
 0.00821769           0 -0.00892576  0.00689358
-0.00553529  0.00892576           0 -0.00181525
-0.00922606 -0.00689358  0.00181525           0
EndNode1[0]<--->Repeater1[0]
REAL
  0.411262 0.00384486 0.00453516   0.260593
0.00384486  0.0825472 0.00128364 0.00347999
0.00453516 0.00128364  0.0846108 0.00446176
  0.260593 0.00347999 0.00446176    0.42158
IMAGINARY
           0 -0.000750719    -0.010065   0.00578291
 0.000750719            0   0.00991758  0.000528218
    0.010065  -0.00991758            0   0.00332414
 -0.00578291 -0.000528218  -0.00332414            0
EndNode2[0]<--->HoM1[0]
REAL
   0.412882 -0.00241509  0.00540338    0.256627
-0.00241509   0.0810329 -0.00313125 -0.00388362
 0.00540338 -0.00313125   0.0795488  0.00667041
   0.256627 -0.00388362  0.00667041    0.426536
IMAGINARY
           0  -0.00112297   0.00537885   -0.0124069
  0.00112297            0 -0.000723225   0.00899331
 -0.00537885  0.000723225            0  6.39711e-05
   0.0124069  -0.00899331 -6.39711e-05            0
Repeater1[0]<--->EndNode1[0]
REAL
  0.411262 0.00453516 0.00384486   0.260593
0.00453516  0.0846108 0.00128364 0.00446176
0.00384486 0.00128364  0.0825472 0.00347999
  0.260593 0.00446176 0.00347999    0.42158
IMAGINARY
           0    -0.010065 -0.000750719   0.00578291
    0.010065            0  -0.00991758   0.00332414
 0.000750719   0.00991758            0  0.000528218
 -0.00578291  -0.00332414 -0.000528218            0
Repeater1[0]<--->HoM1[0]
REAL
   0.412882  0.00540338 -0.00241509    0.256627
 0.00540338   0.0795488 -0.00313125  0.00667041
-0.00241509 -0.00313125   0.0810329 -0.00388362
   0.256627  0.00667041 -0.00388362    0.426536
IMAGINARY
           0   0.00537885  -0.00112297   -0.0124069
 -0.00537885            0  0.000723225  6.39711e-05
  0.00112297 -0.000723225            0   0.00899331
   0.0124069 -6.39711e-05  -0.00899331            0
EndNode1[0]<--->Repeater1[0]
REAL
    0.412963   0.00297753   0.00187105     0.261823
  0.00297753    0.0817901   0.00839451   0.00275444
  0.00187105   0.00839451     0.091358 -0.000739391
    0.261823   0.00275444 -0.000739391     0.413889
IMAGINARY
           0  -0.00162979 -3.68312e-05 -0.000410272
  0.00162979            0   0.00377383   0.00293229
 3.68312e-05  -0.00377383            0   0.00269654
 0.000410272  -0.00293229  -0.00269654            0
EndNode2[0]<--->HoM1[0]
REAL
   0.407781  0.00314839 -0.00683042    0.260292
 0.00314839   0.0870211  0.00859316  0.00353306
-0.00683042  0.00859316   0.0831601  0.00284682
   0.260292  0.00353306  0.00284682    0.422037
IMAGINARY
           0   0.00291435  4.72461e-05  -0.00501365
 -0.00291435            0   0.00190989   0.00211458
-4.72461e-05  -0.00190989            0  -0.00445851
  0.00501365  -0.00211458   0.00445851            0
Repeater1[0]<--->EndNode1[0]
REAL
    0.412963   0.00187105   0.00297753     0.261823
  0.00187105     0.091358   0.00839451 -0.000739391
  0.00297753   0.00839451    0.0817901   0.00275444
    0.261823 -0.000739391   0.00275444     0.413889
IMAGINARY
           0 -3.68312e-05  -0.00162979 -0.000410272
 3.68312e-05            0  -0.00377383   0.00269654
  0.00162979   0.00377383            0   0.00293229
 0.000410272  -0.00269654  -0.00293229            0
Repeater1[0]<--->HoM1[0]
REAL
   0.407781 -0.00683042  0.00314839    0.260292
-0.00683042   0.0831601  0.00859316  0.00284682
 0.00314839  0.00859316   0.0870211  0.00353306
   0.260292  0.00284682  0.00353306    0.422037
IMAGINARY
           0  4.72461e-05   0.00291435  -0.00501365
-4.72461e-05            0  -0.00190989  -0.00445851
 -0.00291435   0.00190989            0   0.00211458
  0.00501365   0.00445851  -0.00211458            0
EndNode1[0]<--->Repeater1[0]
REAL
    0.415385     0.005826   0.00297415     0.260993
    0.005826    0.0883861   0.00312663   0.00925781
  0.00297415   0.00312663    0.0874811 -0.000540593
    0.260993   0.00925781 -0.000540593     0.408748
IMAGINARY
          0    0.006069    0.010646  0.00501636
  -0.006069           0 -0.00471241 -0.00510206
  -0.010646  0.00471241           0   0.0045693
-0.00501636  0.00510206  -0.0045693           0
EndNode2[0]<--->HoM1[0]
REAL
   0.402512 0.000109226 6.86991e-05     0.26424
0.000109226   0.0876196  0.00250624 -0.00515243
6.86991e-05  0.00250624   0.0816388 -0.00459487
    0.26424 -0.00515243 -0.00459487     0.42823
IMAGINARY
          0  -0.0102849 -0.00307514  0.00213061
  0.0102849           0  -0.0056658  -0.0126199
 0.00307514   0.0056658           0  0.00355847
-0.00213061   0.0126199 -0.00355847           0
Repeater1[0]<--->EndNode1[0]
REAL
    0.415385   0.00297415     0.005826     0.260993
  0.00297415    0.0874811   0.00312663 -0.000540593
    0.005826   0.00312663    0.0883861   0.00925781
    0.260993 -0.000540593   0.00925781     0.408748
IMAGINARY
          0    0.010646    0.006069  0.00501636
  -0.010646           0  0.00471241   0.0045693
  -0.006069 -0.00471241           0 -0.00510206
-0.00501636  -0.0045693  0.00510206           0
Repeater1[0]<--->HoM1[0]
REAL
   0.402512 6.86991e-05 0.000109226     0.26424
6.86991e-05   0.0816388  0.00250624 -0.00459487
0.000109226  0.00250624   0.0876196 -0.00515243
    0.26424 -0.00459487 -0.00515243     0.42823
IMAGINARY
          0 -0.00307514  -0.0102849  0.00213061
 0.00307514           0   0.0056658  0.00355847
  0.0102849  -0.0056658           0  -0.0126199
-0.00213061 -0.00355847   0.0126199           0
EndNode1[0]<--->Repeater1[0]
REAL
    0.418878   0.00569557   0.00758421     0.267402
  0.00569557    0.0898673 -0.000514113   0.00266911
  0.00758421 -0.000514113    0.0850422   0.00727186
    0.267402   0.00266911   0.00727186     0.406212
IMAGINARY
           0  -0.00449639   0.00434088    -0.010801
  0.00449639            0    0.0129946 -0.000292903
 -0.00434088   -0.0129946            0  -0.00494888
    0.010801  0.000292903   0.00494888            0
EndNode2[0]<--->HoM1[0]
REAL
    0.429367   -0.0019565  -0.00281224      0.25626
  -0.0019565    0.0791325   0.00201513  -0.00250206
 -0.00281224   0.00201513    0.0794256 -0.000321057
     0.25626  -0.00250206 -0.000321057     0.412075
IMAGINARY
           0    0.0019997   0.00399616 -0.000792442
  -0.0019997            0    0.0117567   0.00747241
 -0.00399616   -0.0117567            0   -0.0131704
 0.000792442  -0.00747241    0.0131704            0
Repeater1[0]<--->EndNode1[0]
REAL
    0.418878   0.00758421   0.00569557     0.267402
  0.00758421    0.0850422 -0.000514113   0.00727186
  0.00569557 -0.000514113    0.0898673   0.00266911
    0.267402   0.00727186   0.00266911     0.406212
IMAGINARY
           0   0.00434088  -0.00449639    -0.010801
 -0.00434088            0   -0.0129946  -0.00494888
  0.00449639    0.0129946            0 -0.000292903
    0.010801   0.00494888  0.000292903            0
Repeater1[0]<--->HoM1[0]
REAL
    0.429367  -0.00281224   -0.0019565      0.25626
 -0.00281224    0.0794256   0.00201513 -0.000321057
  -0.0019565   0.00201513    0.0791325  -0.00250206
     0.25626 -0.000321057  -0.00250206     0.412075
IMAGINARY
           0   0.00399616    0.0019997 -0.000792442
 -0.00399616            0   -0.0117567   -0.0131704
  -0.0019997    0.0117567            0   0.00747241
 0.000792442    0.0131704  -0.00747241            0
EndNode1[0]<--->Repeater1[0]
REAL
   0.412205  -0.0082547 -0.00459064    0.264244
 -0.0082547   0.0783727 -0.00189203 -0.00829206
-0.00459064 -0.00189203   0.0831588 -0.00947794
   0.264244 -0.00829206 -0.00947794    0.426264
IMAGINARY
           0  -0.00037585   -0.0041673   -0.0105181
  0.00037585            0 -0.000461094   0.00281635
   0.0041673  0.000461094            0   0.00382827
   0.0105181  -0.00281635  -0.00382827            0
EndNode2[0]<--->HoM1[0]
REAL
   0.406926 -0.00164158 -0.00181421    0.265686
-0.00164158   0.0899814  0.00682719 -0.00642593
-0.00181421  0.00682719   0.0810142  -0.0086586
   0.265686 -0.00642593  -0.0086586    0.422078
IMAGINARY
          0 -0.00472899  0.00172894  0.00789977
 0.00472899           0 -0.00372814  0.00217497
-0.00172894  0.00372814           0 -0.00428002
-0.00789977 -0.00217497  0.00428002           0
Repeater1[0]<--->EndNode1[0]
REAL
   0.412205 -0.00459064  -0.0082547    0.264244
-0.00459064   0.0831588 -0.00189203 -0.00947794
 -0.0082547 -0.00189203   0.0783727 -0.00829206
   0.264244 -0.00947794 -0.00829206    0.426264
IMAGINARY
           0   -0.0041673  -0.00037585   -0.0105181
   0.0041673            0  0.000461094   0.00382827
  0.00037585 -0.000461094            0   0.00281635
   0.0105181  -0.00382827  -0.00281635            0
Repeater1[0]<--->HoM1[0]
REAL
   0.406926 -0.00181421 -0.00164158    0.265686
-0.00181421   0.0810142  0.00682719  -0.0086586
-0.00164158  0.00682719   0.0899814 -0.00642593
   0.265686  -0.0086586 -0.00642593    0.422078
IMAGINARY
          0  0.00172894 -0.00472899  0.00789977
-0.00172894           0  0.00372814 -0.00428002
 0.00472899 -0.00372814           0  0.00217497
-0.00789977  0.00428002 -0.00217497           0
EndNode1[0]<--->Repeater1[0]
REAL
    0.435344  -0.00453807    -0.012746     0.261585
 -0.00453807    0.0780078 -1.20843e-05    0.0119895
   -0.012746 -1.20843e-05    0.0819082  -0.00287494
    0.261585    0.0119895  -0.00287494      0.40474
IMAGINARY
          0  0.00277601  -0.0175042  0.00693115
-0.00277601           0  0.00738066 -0.00476922
  0.0175042 -0.00738066           0  0.00720863
-0.00693115  0.00476922 -0.00720863           0
EndNode2[0]<--->HoM1[0]
REAL
   0.417264  0.00472646 -0.00114806    0.266097
 0.00472646   0.0809438  0.00452337  0.00867364
-0.00114806  0.00452337    0.083632   0.0100237
   0.266097  0.00867364   0.0100237     0.41816
IMAGINARY
          0 -0.00469115 -0.00635938 -0.00695009
 0.00469115           0  -0.0103536 -0.00347421
 0.00635938   0.0103536           0 -0.00362958
 0.00695009  0.00347421  0.00362958           0
Repeater1[0]<--->EndNode1[0]
REAL
    0.435344    -0.012746  -0.00453807     0.261585
   -0.012746    0.0819082 -1.20843e-05  -0.00287494
 -0.00453807 -1.20843e-05    0.0780078    0.0119895
    0.261585  -0.00287494    0.0119895      0.40474
IMAGINARY
          0  -0.0175042  0.00277601  0.00693115
  0.0175042           0 -0.00738066  0.00720863
-0.00277601  0.00738066           0 -0.00476922
-0.00693115 -0.00720863  0.00476922           0
Repeater1[0]<--->HoM1[0]
REAL
   0.417264 -0.00114806  0.00472646    0.266097
-0.00114806    0.083632  0.00452337   0.0100237
 0.00472646  0.00452337   0.0809438  0.00867364
   0.266097   0.0100237  0.00867364     0.41816
IMAGINARY
          0 -0.00635938 -0.00469115 -0.00695009
 0.00635938           0   0.0103536 -0.00362958
 0.00469115  -0.0103536           0 -0.00347421
 0.00695009  0.00362958  0.00347421           0
EndNode1[0]<--->Repeater1[0]
REAL
   0.398875 -0.00257658 -0.00445756    0.266179
-0.00257658   0.0820255 -0.00233441 -0.00154889
-0.00445756 -0.00233441   0.0820255 -0.00167188
   0.266179 -0.00154889 -0.00167188    0.437074
IMAGINARY
          0 -0.00381183  0.00255219 -0.00273886
 0.00381183           0 -0.00365967 -0.00465935
-0.00255219  0.00365967           0  0.00200569
 0.00273886  0.00465935 -0.00200569           0
EndNode2[0]<--->HoM1[0]
REAL
   0.427417 -0.00617691 -0.00361238    0.258152
-0.00617691   0.0790183  0.00452403  0.00208519
-0.00361238  0.00452403   0.0868004  0.00800954
   0.258152  0.00208519  0.00800954    0.406764
IMAGINARY
          0 -0.00115256   0.0045341   0.0118421
 0.00115256           0  0.00145897  0.00332564
 -0.0045341 -0.00145897           0 -0.00519569
 -0.0118421 -0.00332564  0.00519569           0
Repeater1[0]<--->EndNode1[0]
REAL
   0.398875 -0.00445756 -0.00257658    0.266179
-0.00445756   0.0820255 -0.00233441 -0.00167188
-0.00257658 -0.00233441   0.0820255 -0.00154889
   0.266179 -0.00167188 -0.00154889    0.437074
IMAGINARY
          0  0.00255219 -0.00381183 -0.00273886
-0.00255219           0  0.00365967  0.00200569
 0.00381183 -0.00365967           0 -0.00465935
 0.00273886 -0.00200569  0.00465935           0
Repeater1[0]<--->HoM1[0]
REAL
   0.427417 -0.00361238 -0.00617691    0.258152
-0.00361238   0.0868004  0.00452403  0.00800954
-0.00617691  0.00452403   0.0790183  0.00208519
   0.258152  0.00800954  0.00208519    0.406764
IMAGINARY
          0   0.0045341 -0.00115256   0.0118421
 -0.0045341           0 -0.00145897 -0.00519569
 0.00115256  0.00145897           0  0.00332564
 -0.0118421  0.00519569 -0.00332564           0
EndNode1[0]<--->Repeater1[0]
REAL
   0.423835  -0.0104015  0.00352061    0.263198
 -0.0104015   0.0833333 0.000144524 -0.00184327
 0.00352061 0.000144524   0.0896057  0.00292975
   0.263198 -0.00184327  0.00292975    0.403226
IMAGINARY
           0   0.00550687   -0.0045802  9.08059e-05
 -0.00550687            0   0.00184314  -0.00442743
   0.0045802  -0.00184314            0  -0.00260611
-9.08059e-05   0.00442743   0.00260611            0
EndNode2[0]<--->HoM1[0]
REAL
   0.406724  -0.0051389 -0.00422168     0.26127
 -0.0051389   0.0833085  0.00692123 -0.00422168
-0.00422168  0.00692123   0.0853913  -0.0115943
    0.26127 -0.00422168  -0.0115943    0.424576
IMAGINARY
           0  6.93889e-18  -0.00139703  0.000327762
-6.93889e-18            0   -0.0108572  -0.00490171
  0.00139703    0.0108572            0  6.93889e-18
-0.000327762   0.00490171 -6.93889e-18            0
Repeater1[0]<--->EndNode1[0]
REAL
   0.423835  0.00352061  -0.0104015    0.263198
 0.00352061   0.0896057 0.000144524  0.00292975
 -0.0104015 0.000144524   0.0833333 -0.00184327
   0.263198  0.00292975 -0.00184327    0.403226
IMAGINARY
           0   -0.0045802   0.00550687  9.08059e-05
   0.0045802            0  -0.00184314  -0.00260611
 -0.00550687   0.00184314            0  -0.00442743
-9.08059e-05   0.00260611   0.00442743            0
Repeater1[0]<--->HoM1[0]
REAL
   0.406724 -0.00422168  -0.0051389     0.26127
-0.00422168   0.0853913  0.00692123  -0.0115943
 -0.0051389  0.00692123   0.0833085 -0.00422168
    0.26127  -0.0115943 -0.00422168    0.424576
IMAGINARY
           0  -0.00139703  6.93889e-18  0.000327762
  0.00139703            0    0.0108572  6.93889e-18
-6.93889e-18   -0.0108572            0  -0.00490171
-0.000327762 -6.93889e-18   0.00490171            0
EndNode1[0]<--->Repeater1[0]
REAL
   0.415385 -0.00289397 -0.00894691    0.257775
-0.00289397    0.089645   0.0118106 0.000498368
-0.00894691   0.0118106   0.0920118   0.0018187
   0.257775 0.000498368   0.0018187    0.402959
IMAGINARY
           0   0.00834087  -0.00689365  -0.00376289
 -0.00834087            0  0.000256166   0.00674135
  0.00689365 -0.000256166            0  -0.00453338
  0.00376289  -0.00674135   0.00453338            0
EndNode2[0]<--->HoM1[0]
REAL
   0.419831  -0.0038329 -0.00323711    0.263221
 -0.0038329   0.0852923 -8.6774e-05 -0.00101883
-0.00323711 -8.6774e-05   0.0883062   0.0028056
   0.263221 -0.00101883   0.0028056     0.40657
IMAGINARY
           0  -0.00453788   -0.0075233 -6.99164e-05
  0.00453788            0   0.00477857  -0.00586016
   0.0075233  -0.00477857            0  -0.00884558
 6.99164e-05   0.00586016   0.00884558            0
Repeater1[0]<--->EndNode1[0]
REAL
   0.415385 -0.00894691 -0.00289397    0.257775
-0.00894691   0.0920118   0.0118106   0.0018187
-0.00289397   0.0118106    0.089645 0.000498368
   0.257775   0.0018187 0.000498368    0.402959
IMAGINARY
           0  -0.00689365   0.00834087  -0.00376289
  0.00689365            0 -0.000256166  -0.00453338
 -0.00834087  0.000256166            0   0.00674135
  0.00376289   0.00453338  -0.00674135            0
Repeater1[0]<--->HoM1[0]
REAL
   0.419831 -0.00323711  -0.0038329    0.263221
-0.00323711   0.0883062 -8.6774e-05   0.0028056
 -0.0038329 -8.6774e-05   0.0852923 -0.00101883
   0.263221   0.0028056 -0.00101883     0.40657
IMAGINARY
           0   -0.0075233  -0.00453788 -6.99164e-05
   0.0075233            0  -0.00477857  -0.00884558
  0.00453788   0.00477857            0  -0.00586016
 6.99164e-05   0.00884558   0.00586016            0
EndNode1[0]<--->Repeater1[0]
REAL
   0.408306 -0.00148383  0.00174761     0.26389
-0.00148383   0.0839648  0.00608258 -0.00792789
 0.00174761  0.00608258    0.079418  0.00223752
    0.26389 -0.00792789  0.00223752    0.428312
IMAGINARY
          0  0.00217281  -0.0003486   0.0103033
-0.00217281           0  0.00410125  0.00402282
  0.0003486 -0.00410125           0  -0.0104398
 -0.0103033 -0.00402282   0.0104398           0
EndNode2[0]<--->HoM1[0]
REAL
   0.429508 -0.00399952  0.00458495    0.257379
-0.00399952   0.0843517 -0.00252551  0.00338375
 0.00458495 -0.00252551   0.0777943 0.000956924
   0.257379  0.00338375 0.000956924    0.408346
IMAGINARY
           0  0.000268041  -0.00154012    0.0110254
-0.000268041            0   0.00425444   0.00585945
  0.00154012  -0.00425444            0    0.0019661
  -0.0110254  -0.00585945   -0.0019661            0
Repeater1[0]<--->EndNode1[0]
REAL
   0.408306  0.00174761 -0.00148383     0.26389
 0.00174761    0.079418  0.00608258  0.00223752
-0.00148383  0.00608258   0.0839648 -0.00792789
    0.26389  0.00223752 -0.00792789    0.428312
IMAGINARY
          0  -0.0003486  0.00217281   0.0103033
  0.0003486           0 -0.00410125  -0.0104398
-0.00217281  0.00410125           0  0.00402282
 -0.0103033   0.0104398 -0.00402282           0
Repeater1[0]<--->HoM1[0]
REAL
   0.429508  0.00458495 -0.00399952    0.257379
 0.00458495   0.0777943 -0.00252551 0.000956924
-0.00399952 -0.00252551   0.0843517  0.00338375
   0.257379 0.000956924  0.00338375    0.408346
IMAGINARY
           0  -0.00154012  0.000268041    0.0110254
  0.00154012            0  -0.00425444    0.0019661
-0.000268041   0.00425444            0   0.00585945
  -0.0110254   -0.0019661  -0.00585945            0
EndNode1[0]<--->Repeater1[0]
REAL
   0.403519  -0.0142653 -0.00149149    0.254309
 -0.0142653   0.0904126  0.00863022 -0.00921642
-0.00149149  0.00863022   0.0898058 -0.00506846
   0.254309 -0.00921642 -0.00506846    0.416262
IMAGINARY
          0 -0.00515732  0.00154353 -0.00283635
 0.00515732           0 -0.00490735  0.00123995
-0.00154353  0.00490735           0  0.00940578
 0.00283635 -0.00123995 -0.00940578           0
EndNode2[0]<--->HoM1[0]
REAL
    0.420024   0.00686009   -0.0023767     0.262845
  0.00686009    0.0850872 -0.000374716  -0.00801522
  -0.0023767 -0.000374716    0.0874925   -0.0125014
    0.262845  -0.00801522   -0.0125014     0.407396
IMAGINARY
          0 -0.00275573  0.00709602  -0.0135053
 0.00275573           0  0.00914699  0.00230468
-0.00709602 -0.00914699           0  -0.0148706
  0.0135053 -0.00230468   0.0148706           0
Repeater1[0]<--->EndNode1[0]
REAL
   0.403519 -0.00149149  -0.0142653    0.254309
-0.00149149   0.0898058  0.00863022 -0.00506846
 -0.0142653  0.00863022   0.0904126 -0.00921642
   0.254309 -0.00506846 -0.00921642    0.416262
IMAGINARY
          0  0.00154353 -0.00515732 -0.00283635
-0.00154353           0  0.00490735  0.00940578
 0.00515732 -0.00490735           0  0.00123995
 0.00283635 -0.00940578 -0.00123995           0
Repeater1[0]<--->HoM1[0]
REAL
    0.420024   -0.0023767   0.00686009     0.262845
