EndNode1[0]<--->Repeater1[0]
REAL
   0.459808 0.000177379  -0.0158123    0.380028
0.000177379   0.0524895  0.00262202  0.00452297
 -0.0158123  0.00262202   0.0638872 -0.00285118
   0.380028  0.00452297 -0.00285118    0.423815
IMAGINARY
          0 -0.00179489  0.00562999   0.0126886
 0.00179489           0   0.0105777  0.00251334
-0.00562999  -0.0105777           0 -0.00101825
 -0.0126886 -0.00251334  0.00101825           0
EndNode2[0]<--->HoM1[0]
REAL
     0.43473   0.00392856    0.0013273     0.372339
  0.00392856    0.0578836 -8.55464e-05  -0.00411077
   0.0013273 -8.55464e-05    0.0575822  -0.00964201
    0.372339  -0.00411077  -0.00964201     0.449804
IMAGINARY
           0  -0.00233268    -0.001426  -0.00119783
  0.00233268            0   -0.0040464     0.001426
    0.001426    0.0040464            0  0.000211468
  0.00119783    -0.001426 -0.000211468            0
Repeater1[0]<--->EndNode1[0]
REAL
   0.459808  -0.0158123 0.000177379    0.380028
 -0.0158123   0.0638872  0.00262202 -0.00285118
0.000177379  0.00262202   0.0524895  0.00452297
   0.380028 -0.00285118  0.00452297    0.423815
IMAGINARY
          0  0.00562999 -0.00179489   0.0126886
-0.00562999           0  -0.0105777 -0.00101825
 0.00179489   0.0105777           0  0.00251334
 -0.0126886  0.00101825 -0.00251334           0
Repeater1[0]<--->HoM1[0]
REAL
     0.43473    0.0013273   0.00392856     0.372339
   0.0013273    0.0575822 -8.55464e-05  -0.00964201
  0.00392856 -8.55464e-05    0.0578836  -0.00411077
    0.372339  -0.00964201  -0.00411077     0.449804
IMAGINARY
           0    -0.001426  -0.00233268  -0.00119783
    0.001426            0    0.0040464  0.000211468
  0.00233268   -0.0040464            0     0.001426
  0.00119783 -0.000211468    -0.001426            0
EndNode1[0]<--->Repeater1[0]
REAL
   0.459538 -0.00753044  0.00399723    0.378275
-0.00753044   0.0508326 -0.00463493  0.00658318
 0.00399723 -0.00463493   0.0601811  0.00239139
   0.378275  0.00658318  0.00239139    0.429448
IMAGINARY
          0  -0.0113912  0.00325278 -0.00354224
  0.0113912           0 -0.00278306  0.00295657
-0.00325278  0.00278306           0  0.00459051
 0.00354224 -0.00295657 -0.00459051           0
EndNode2[0]<--->HoM1[0]
REAL
   0.429134 -0.00736372 -0.00959078     0.37927
-0.00736372   0.0651121 -0.00069446 -0.00349504
-0.00959078 -0.00069446   0.0635978 -0.00602642
    0.37927 -0.00349504 -0.00602642    0.442156
IMAGINARY
           0  -0.00169456   0.00209266   0.00151621
  0.00169456            0   -0.0013652 -0.000474539
 -0.00209266    0.0013652            0  -0.00110038
 -0.00151621  0.000474539   0.00110038            0
Repeater1[0]<--->EndNode1[0]
REAL
   0.459538  0.00399723 -0.00753044    0.378275
 0.00399723   0.0601811 -0.00463493  0.00239139
-0.00753044 -0.00463493   0.0508326  0.00658318
   0.378275  0.00239139  0.00658318    0.429448
IMAGINARY
          0  0.00325278  -0.0113912 -0.00354224
-0.00325278           0  0.00278306  0.00459051
  0.0113912 -0.00278306           0  0.00295657
 0.00354224 -0.00459051 -0.00295657           0
Repeater1[0]<--->HoM1[0]
REAL
   0.429134 -0.00959078 -0.00736372     0.37927
-0.00959078   0.0635978 -0.00069446 -0.00602642
-0.00736372 -0.00069446   0.0651121 -0.00349504
    0.37927 -0.00602642 -0.00349504    0.442156
IMAGINARY
           0   0.00209266  -0.00169456   0.00151621
 -0.00209266            0    0.0013652  -0.00110038
  0.00169456   -0.0013652            0 -0.000474539
 -0.00151621   0.00110038  0.000474539            0
EndNode1[0]<--->Repeater1[0]
REAL
   0.454079  0.00789488  -0.0116168    0.380905
 0.00789488   0.0622356  0.00485165  0.00647729
 -0.0116168  0.00485165   0.0589124 -0.00334275
   0.380905  0.00647729 -0.00334275    0.424773
IMAGINARY
           0   0.00666511   0.00247215  -0.00202291
 -0.00666511            0 -0.000974692  -0.00187047
 -0.00247215  0.000974692            0  -0.00365669
  0.00202291   0.00187047   0.00365669            0
EndNode2[0]<--->HoM1[0]
REAL
    0.433293   0.00583772    0.0105974     0.378869
  0.00583772    0.0579139  0.000358337   0.00238571
   0.0105974  0.000358337    0.0633717 -0.000704875
    0.378869   0.00238571 -0.000704875     0.445421
IMAGINARY
          0  0.00505606 -0.00199657  0.00640029
-0.00505606           0   0.0135645  0.00382807
 0.00199657  -0.0135645           0  0.00104894
-0.00640029 -0.00382807 -0.00104894           0
Repeater1[0]<--->EndNode1[0]
REAL
   0.454079  -0.0116168  0.00789488    0.380905
 -0.0116168   0.0589124  0.00485165 -0.00334275
 0.00789488  0.00485165   0.0622356  0.00647729
   0.380905 -0.00334275  0.00647729    0.424773
IMAGINARY
           0   0.00247215   0.00666511  -0.00202291
 -0.00247215            0  0.000974692  -0.00365669
 -0.00666511 -0.000974692            0  -0.00187047
  0.00202291   0.00365669   0.00187047            0
Repeater1[0]<--->HoM1[0]
REAL
    0.433293    0.0105974   0.00583772     0.378869
   0.0105974    0.0633717  0.000358337 -0.000704875
  0.00583772  0.000358337    0.0579139   0.00238571
    0.378869 -0.000704875   0.00238571     0.445421
IMAGINARY
          0 -0.00199657  0.00505606  0.00640029
 0.00199657           0  -0.0135645  0.00104894
-0.00505606   0.0135645           0  0.00382807
-0.00640029 -0.00104894 -0.00382807           0
EndNode1[0]<--->Repeater1[0]
REAL
    0.431705 -0.000294067   0.00617009     0.376843
-0.000294067    0.0649313  -0.00262377   0.00617009
  0.00617009  -0.00262377    0.0643463  0.000442744
    0.376843   0.00617009  0.000442744     0.439017
IMAGINARY
          0   0.0167651 -0.00477115   0.0033891
 -0.0167651           0  0.00477841 -0.00431425
 0.00477115 -0.00477841           0  0.00261704
 -0.0033891  0.00431425 -0.00261704           0
EndNode2[0]<--->HoM1[0]
REAL
   0.428444 -0.00120678  -0.0010528    0.382073
-0.00120678   0.0607407 -0.00333079 -0.00254001
 -0.0010528 -0.00333079   0.0625185  0.00390139
   0.382073 -0.00254001  0.00390139    0.448296
IMAGINARY
          0  0.00237813   0.0049568  0.00152257
-0.00237813           0  -0.0103357 -0.00887719
 -0.0049568   0.0103357           0 -0.00207656
-0.00152257  0.00887719  0.00207656           0
Repeater1[0]<--->EndNode1[0]
REAL
    0.431705   0.00617009 -0.000294067     0.376843
  0.00617009    0.0643463  -0.00262377  0.000442744
-0.000294067  -0.00262377    0.0649313   0.00617009
    0.376843  0.000442744   0.00617009     0.439017
IMAGINARY
          0 -0.00477115   0.0167651   0.0033891
 0.00477115           0 -0.00477841  0.00261704
 -0.0167651  0.00477841           0 -0.00431425
 -0.0033891 -0.00261704  0.00431425           0
Repeater1[0]<--->HoM1[0]
REAL
   0.428444  -0.0010528 -0.00120678    0.382073
 -0.0010528   0.0625185 -0.00333079  0.00390139
-0.00120678 -0.00333079   0.0607407 -0.00254001
   0.382073  0.00390139 -0.00254001    0.448296
IMAGINARY
          0   0.0049568  0.00237813  0.00152257
 -0.0049568           0   0.0103357 -0.00207656
-0.00237813  -0.0103357           0 -0.00887719
-0.00152257  0.00207656  0.00887719           0
EndNode1[0]<--->Repeater1[0]
REAL
   0.428356   0.0036308   -0.003414    0.377397
  0.0036308    0.064994  0.00798592 -0.00179588
  -0.003414  0.00798592   0.0686215 -0.00616131
   0.377397 -0.00179588 -0.00616131    0.438029
IMAGINARY
           0  0.000967599   0.00324759  -0.00301152
-0.000967599            0  -0.00377581  -0.00991031
 -0.00324759   0.00377581            0   0.00599124
  0.00301152   0.00991031  -0.00599124            0
EndNode2[0]<--->HoM1[0]
REAL
   0.448183  0.00309276 -0.00013278    0.379335
 0.00309276   0.0509232 -0.00185038 -0.00120214
-0.00013278 -0.00185038   0.0631328 -0.00353774
   0.379335 -0.00120214 -0.00353774    0.437761
IMAGINARY
          0  0.00831542  0.00302812 -0.00150865
-0.00831542           0  -0.0006216 -0.00406515
-0.00302812   0.0006216           0 -0.00401912
 0.00150865  0.00406515  0.00401912           0
Repeater1[0]<--->EndNode1[0]
REAL
   0.428356   -0.003414   0.0036308    0.377397
  -0.003414   0.0686215  0.00798592 -0.00616131
  0.0036308  0.00798592    0.064994 -0.00179588
   0.377397 -0.00616131 -0.00179588    0.438029
IMAGINARY
           0   0.00324759  0.000967599  -0.00301152
 -0.00324759            0   0.00377581   0.00599124
-0.000967599  -0.00377581            0  -0.00991031
  0.00301152  -0.00599124   0.00991031            0
Repeater1[0]<--->HoM1[0]
REAL
   0.448183 -0.00013278  0.00309276    0.379335
-0.00013278   0.0631328 -0.00185038 -0.00353774
 0.00309276 -0.00185038   0.0509232 -0.00120214
   0.379335 -0.00353774 -0.00120214    0.437761
IMAGINARY
          0  0.00302812  0.00831542 -0.00150865
-0.00302812           0   0.0006216 -0.00401912
-0.00831542  -0.0006216           0 -0.00406515
 0.00150865  0.00401912  0.00406515           0
EndNode1[0]<--->Repeater1[0]
REAL
     0.44276   0.00203838 -0.000926721     0.379932
  0.00203838    0.0655941   0.00326862   0.00195644
-0.000926721   0.00326862    0.0529084  -0.00247969
    0.379932   0.00195644  -0.00247969     0.438738
IMAGINARY
          0 -0.00108188 -0.00853726  -0.0045376
 0.00108188           0 -0.00378843  0.00158665
 0.00853726  0.00378843           0  0.00951134
  0.0045376 -0.00158665 -0.00951134           0
EndNode2[0]<--->HoM1[0]
REAL
    0.449506  -0.00852856   0.00700652     0.380997
 -0.00852856    0.0587354  0.000984961 -9.96158e-05
  0.00700652  0.000984961    0.0593347   0.00912916
    0.380997 -9.96158e-05   0.00912916     0.432424
IMAGINARY
           0   0.00465586  -0.00198608   0.00790347
 -0.00465586            0  -0.00487133  -0.00449568
  0.00198608   0.00487133            0  0.000619989
 -0.00790347   0.00449568 -0.000619989            0
Repeater1[0]<--->EndNode1[0]
REAL
     0.44276 -0.000926721   0.00203838     0.379932
-0.000926721    0.0529084   0.00326862  -0.00247969
  0.00203838   0.00326862    0.0655941   0.00195644
    0.379932  -0.00247969   0.00195644     0.438738
IMAGINARY
          0 -0.00853726 -0.00108188  -0.0045376
 0.00853726           0  0.00378843  0.00951134
 0.00108188 -0.00378843           0  0.00158665
  0.0045376 -0.00951134 -0.00158665           0
Repeater1[0]<--->HoM1[0]
REAL
    0.449506   0.00700652  -0.00852856     0.380997
  0.00700652    0.0593347  0.000984961   0.00912916
 -0.00852856  0.000984961    0.0587354 -9.96158e-05
    0.380997   0.00912916 -9.96158e-05     0.432424
IMAGINARY
           0  -0.00198608   0.00465586   0.00790347
  0.00198608            0   0.00487133  0.000619989
 -0.00465586  -0.00487133            0  -0.00449568
 -0.00790347 -0.000619989   0.00449568            0
EndNode1[0]<--->Repeater1[0]
REAL
    0.450088 -0.000604856  -0.00537325     0.373319
-0.000604856    0.0621716   0.00669323  -0.00373975
 -0.00537325   0.00669323    0.0607122  -0.00941945
    0.373319  -0.00373975  -0.00941945     0.427029
IMAGINARY
           0  -0.00555335   0.00508691   0.00143443
  0.00555335            0   0.00831654   0.00198132
 -0.00508691  -0.00831654            0  0.000329007
 -0.00143443  -0.00198132 -0.000329007            0
EndNode2[0]<--->HoM1[0]
REAL
     0.44461 -0.000815883  -0.00770941     0.374518
-0.000815883    0.0640262  3.88922e-05   0.00623362
 -0.00770941  3.88922e-05    0.0541989 -0.000364755
    0.374518   0.00623362 -0.000364755     0.437165
IMAGINARY
          0  0.00194785  0.00622819 -0.00797411
-0.00194785           0  0.00767417 -0.00890517
-0.00622819 -0.00767417           0  0.00132402
 0.00797411  0.00890517 -0.00132402           0
Repeater1[0]<--->EndNode1[0]
REAL
    0.450088  -0.00537325 -0.000604856     0.373319
 -0.00537325    0.0607122   0.00669323  -0.00941945
-0.000604856   0.00669323    0.0621716  -0.00373975
    0.373319  -0.00941945  -0.00373975     0.427029
IMAGINARY
           0   0.00508691  -0.00555335   0.00143443
 -0.00508691            0  -0.00831654  0.000329007
  0.00555335   0.00831654            0   0.00198132
 -0.00143443 -0.000329007  -0.00198132            0
Repeater1[0]<--->HoM1[0]
REAL
     0.44461  -0.00770941 -0.000815883     0.374518
 -0.00770941    0.0541989  3.88922e-05 -0.000364755
-0.000815883  3.88922e-05    0.0640262   0.00623362
    0.374518 -0.000364755   0.00623362     0.437165
IMAGINARY
          0  0.00622819  0.00194785 -0.00797411
-0.00622819           0 -0.00767417  0.00132402
-0.00194785  0.00767417           0 -0.00890517
 0.00797411 -0.00132402  0.00890517           0
EndNode1[0]<--->Repeater1[0]
REAL
  0.440582 0.00404138 0.00703616   0.373386
0.00404138  0.0644682 0.00574798 0.00529096
0.00703616 0.00574798  0.0552585 0.00227251
  0.373386 0.00529096 0.00227251   0.439691
IMAGINARY
          0  0.00173969 -0.00660935  0.00223849
-0.00173969           0  0.00679222   0.0075201
 0.00660935 -0.00679222           0  0.00402837
-0.00223849  -0.0075201 -0.00402837           0
EndNode2[0]<--->HoM1[0]
REAL
    0.42524 -0.00283364  -0.0092935    0.377396
-0.00283364   0.0577091 -0.00187758 -0.00137633
 -0.0092935 -0.00187758    0.058875 -0.00131573
   0.377396 -0.00137633 -0.00131573    0.458175
IMAGINARY
           0  0.000662589   0.00268643   0.00877795
-0.000662589            0  -0.00497278   0.00896258
 -0.00268643   0.00497278            0  -0.00837817
 -0.00877795  -0.00896258   0.00837817            0
Repeater1[0]<--->EndNode1[0]
REAL
  0.440582 0.00703616 0.00404138   0.373386
0.00703616  0.0552585 0.00574798 0.00227251
0.00404138 0.00574798  0.0644682 0.00529096
  0.373386 0.00227251 0.00529096   0.439691
IMAGINARY
          0 -0.00660935  0.00173969  0.00223849
 0.00660935           0 -0.00679222  0.00402837
-0.00173969  0.00679222           0   0.0075201
-0.00223849 -0.00402837  -0.0075201           0
Repeater1[0]<--->HoM1[0]
REAL
    0.42524  -0.0092935 -0.00283364    0.377396
 -0.0092935    0.058875 -0.00187758 -0.00131573
-0.00283364 -0.00187758   0.0577091 -0.00137633
   0.377396 -0.00131573 -0.00137633    0.458175
IMAGINARY
           0   0.00268643  0.000662589   0.00877795
 -0.00268643            0   0.00497278  -0.00837817
-0.000662589  -0.00497278            0   0.00896258
 -0.00877795   0.00837817  -0.00896258            0
EndNode1[0]<--->Repeater1[0]
REAL
    0.453439 -0.000532655   0.00526837     0.380783
-0.000532655    0.0611686   0.00172555  0.000152086
  0.00526837   0.00172555    0.0517346   0.00155815
    0.380783  0.000152086   0.00155815     0.433658
IMAGINARY
          0  0.00301552  0.00388761 -0.00340421
-0.00301552           0 -0.00251295 -0.00235668
-0.00388761  0.00251295           0 -0.00179078
 0.00340421  0.00235668  0.00179078           0
EndNode2[0]<--->HoM1[0]
REAL
   0.437162  0.00284572 -0.00372748    0.388855
 0.00284572   0.0565244 -0.00113025 0.000134668
-0.00372748 -0.00113025   0.0694528 -0.00494153
   0.388855 0.000134668 -0.00494153    0.436861
IMAGINARY
           0  -0.00538335  0.000783345  -0.00445798
  0.00538335            0  -0.00356989  -0.00780876
-0.000783345   0.00356989            0    0.0153983
  0.00445798   0.00780876   -0.0153983            0
Repeater1[0]<--->EndNode1[0]
REAL
    0.453439   0.00526837 -0.000532655     0.380783
  0.00526837    0.0517346   0.00172555   0.00155815
-0.000532655   0.00172555    0.0611686  0.000152086
    0.380783   0.00155815  0.000152086     0.433658
IMAGINARY
          0  0.00388761  0.00301552 -0.00340421
-0.00388761           0  0.00251295 -0.00179078
-0.00301552 -0.00251295           0 -0.00235668
 0.00340421  0.00179078  0.00235668           0
Repeater1[0]<--->HoM1[0]
REAL
   0.437162 -0.00372748  0.00284572    0.388855
-0.00372748   0.0694528 -0.00113025 -0.00494153
 0.00284572 -0.00113025   0.0565244 0.000134668
   0.388855 -0.00494153 0.000134668    0.436861
IMAGINARY
           0  0.000783345  -0.00538335  -0.00445798
-0.000783345            0   0.00356989    0.0153983
  0.00538335  -0.00356989            0  -0.00780876
  0.00445798   -0.0153983   0.00780876            0
EndNode1[0]<--->Repeater1[0]
REAL
   0.440296  0.00103351 -0.00161467     0.37945
 0.00103351   0.0604444  0.00860712 -0.00781364
-0.00161467  0.00860712    0.061037  -0.0146522
    0.37945 -0.00781364  -0.0146522    0.438222
IMAGINARY
           0     0.010573  -0.00734402   -0.0054025
   -0.010573            0  0.000476393  -0.00393864
  0.00734402 -0.000476393            0   0.00516338
   0.0054025   0.00393864  -0.00516338            0
EndNode2[0]<--->HoM1[0]
REAL
   0.447188 -0.00343019 -0.00209865    0.372937
-0.00343019   0.0535555 -0.00645256   0.0121351
-0.00209865 -0.00645256   0.0606962   0.0113377
   0.372937   0.0121351   0.0113377     0.43856
IMAGINARY
           0   0.00534627  -0.00719682 -0.000884271
 -0.00534627            0  0.000587183   0.00124262
  0.00719682 -0.000587183            0   0.00579876
 0.000884271  -0.00124262  -0.00579876            0
Repeater1[0]<--->EndNode1[0]
REAL
   0.440296 -0.00161467  0.00103351     0.37945
-0.00161467    0.061037  0.00860712  -0.0146522
 0.00103351  0.00860712   0.0604444 -0.00781364
    0.37945  -0.0146522 -0.00781364    0.438222
IMAGINARY
           0  -0.00734402     0.010573   -0.0054025
  0.00734402            0 -0.000476393   0.00516338
   -0.010573  0.000476393            0  -0.00393864
   0.0054025  -0.00516338   0.00393864            0
Repeater1[0]<--->HoM1[0]
REAL
   0.447188 -0.00209865 -0.00343019    0.372937
-0.00209865   0.0606962 -0.00645256   0.0113377
-0.00343019 -0.00645256   0.0535555   0.0121351
   0.372937   0.0113377   0.0121351     0.43856
IMAGINARY
           0  -0.00719682   0.00534627 -0.000884271
  0.00719682            0 -0.000587183   0.00579876
 -0.00534627  0.000587183            0   0.00124262
 0.000884271  -0.00579876  -0.00124262            0
EndNode1[0]<--->Repeater1[0]
REAL
   0.435897  -0.0120207  0.00829154     0.38156
 -0.0120207   0.0574713 -0.00266296  0.00160054
 0.00829154 -0.00266296   0.0568818   0.0141191
    0.38156  0.00160054   0.0141191    0.449749
IMAGINARY
           0  0.000532786   0.00896803 -0.000455565
-0.000532786            0     0.003446   -0.0120301
 -0.00896803    -0.003446            0 -0.000678601
 0.000455565    0.0120301  0.000678601            0
EndNode2[0]<--->HoM1[0]
REAL
   0.450282  0.00325262 -0.00663835    0.380148
 0.00325262   0.0644108 0.000305829 -0.00501736
-0.00663835 0.000305829   0.0563966 -0.00534467
   0.380148 -0.00501736 -0.00534467    0.428911
IMAGINARY
           0   0.00775184   -0.0118769   0.00277618
 -0.00775184            0 -0.000707617   0.00249435
   0.0118769  0.000707617            0   0.00374937
 -0.00277618  -0.00249435  -0.00374937            0
Repeater1[0]<--->EndNode1[0]
REAL
   0.435897  0.00829154  -0.0120207     0.38156
 0.00829154   0.0568818 -0.00266296   0.0141191
 -0.0120207 -0.00266296   0.0574713  0.00160054
    0.38156   0.0141191  0.00160054    0.449749
IMAGINARY
           0   0.00896803  0.000532786 -0.000455565
 -0.00896803            0    -0.003446 -0.000678601
-0.000532786     0.003446            0   -0.0120301
 0.000455565  0.000678601    0.0120301            0
Repeater1[0]<--->HoM1[0]
REAL
   0.450282 -0.00663835  0.00325262    0.380148
-0.00663835   0.0563966 0.000305829 -0.00534467
 0.00325262 0.000305829   0.0644108 -0.00501736
   0.380148 -0.00534467 -0.00501736    0.428911
IMAGINARY
           0   -0.0118769   0.00775184   0.00277618
   0.0118769            0  0.000707617   0.00374937
 -0.00775184 -0.000707617            0   0.00249435
 -0.00277618  -0.00374937  -0.00249435            0
EndNode1[0]<--->Repeater1[0]
REAL
  0.434953 -0.0181558  0.0005397   0.374778
-0.0181558  0.0648959 0.00236738 -0.0145415
 0.0005397 0.00236738  0.0591609 0.00294956
  0.374778 -0.0145415 0.00294956    0.44099
IMAGINARY
          0 -0.00627438  0.00906883  0.00669256
 0.00627438           0  0.00412225  0.00729263
-0.00906883 -0.00412225           0 -0.00318224
-0.00669256 -0.00729263  0.00318224           0
EndNode2[0]<--->HoM1[0]
REAL
    0.429967  -0.00399977 -0.000503651     0.374167
 -0.00399977    0.0553746   0.00401028  -0.00228618
-0.000503651   0.00401028    0.0618893  -0.00281982
    0.374167  -0.00228618  -0.00281982     0.452769
IMAGINARY
           0    0.0028255  0.000956716  -0.00453373
  -0.0028255            0   0.00106046  -0.00347077
-0.000956716  -0.00106046            0  -0.00474801
  0.00453373   0.00347077   0.00474801            0
Repeater1[0]<--->EndNode1[0]
REAL
  0.434953  0.0005397 -0.0181558   0.374778
 0.0005397  0.0591609 0.00236738 0.00294956
-0.0181558 0.00236738  0.0648959 -0.0145415
  0.374778 0.00294956 -0.0145415    0.44099
IMAGINARY
          0  0.00906883 -0.00627438  0.00669256
-0.00906883           0 -0.00412225 -0.00318224
 0.00627438  0.00412225           0  0.00729263
-0.00669256  0.00318224 -0.00729263           0
Repeater1[0]<--->HoM1[0]
REAL
    0.429967 -0.000503651  -0.00399977     0.374167
-0.000503651    0.0618893   0.00401028  -0.00281982
 -0.00399977   0.00401028    0.0553746  -0.00228618
    0.374167  -0.00281982  -0.00228618     0.452769
IMAGINARY
           0  0.000956716    0.0028255  -0.00453373
-0.000956716            0  -0.00106046  -0.00474801
  -0.0028255   0.00106046            0  -0.00347077
  0.00453373   0.00474801   0.00347077            0
EndNode1[0]<--->Repeater1[0]
REAL
   0.448653 -0.00117966  0.00251556    0.379097
-0.00117966   0.0594851  0.00285175  0.00435832
 0.00251556  0.00285175   0.0618526 0.000581934
   0.379097  0.00435832 0.000581934    0.430009
IMAGINARY
          0 -0.00755509  0.00236666  0.00418358
 0.00755509           0  0.00312458 -0.00281943
-0.00236666 -0.00312458           0  0.00861153
-0.00418358  0.00281943 -0.00861153           0
EndNode2[0]<--->HoM1[0]
REAL
     0.4324  0.00212221  0.00323308     0.37704
 0.00212221   0.0607504   0.0041634  0.00323308
 0.00323308   0.0041634   0.0711733 -0.00257334
    0.37704  0.00323308 -0.00257334    0.435676
IMAGINARY
           0  -0.00934237   0.00519138  5.53555e-05
  0.00934237            0  -0.00127561  -0.00276419
 -0.00519138   0.00127561            0    0.0053982
-5.53555e-05   0.00276419   -0.0053982            0
Repeater1[0]<--->EndNode1[0]
REAL
   0.448653  0.00251556 -0.00117966    0.379097
 0.00251556   0.0618526  0.00285175 0.000581934
-0.00117966  0.00285175   0.0594851  0.00435832
   0.379097 0.000581934  0.00435832    0.430009
IMAGINARY
          0  0.00236666 -0.00755509  0.00418358
-0.00236666           0 -0.00312458  0.00861153
 0.00755509  0.00312458           0 -0.00281943
-0.00418358 -0.00861153  0.00281943           0
Repeater1[0]<--->HoM1[0]
REAL
     0.4324  0.00323308  0.00212221     0.37704
 0.00323308   0.0711733   0.0041634 -0.00257334
 0.00212221   0.0041634   0.0607504  0.00323308
    0.37704 -0.00257334  0.00323308    0.435676
IMAGINARY
           0   0.00519138  -0.00934237  5.53555e-05
 -0.00519138            0   0.00127561    0.0053982
  0.00934237  -0.00127561            0  -0.00276419
-5.53555e-05   -0.0053982   0.00276419            0
EndNode1[0]<--->Repeater1[0]
REAL
    0.423008   0.00601492 -0.000150601     0.374963
  0.00601492    0.0548232 -0.000225406 -0.000600376
-0.000150601 -0.000225406    0.0575195  -0.00286082
    0.374963 -0.000600376  -0.00286082     0.464649
IMAGINARY
          0  0.00167195  0.00307816    0.001956
-0.00167195           0  0.00103801  0.00248575
-0.00307816 -0.00103801           0  -0.0057321
  -0.001956 -0.00248575   0.0057321           0
EndNode2[0]<--->HoM1[0]
REAL
    0.422573 -0.000428215  -0.00661853     0.372365
-0.000428215    0.0637284   0.00248503  -0.00240674
 -0.00661853   0.00248503    0.0616438  -0.00980043
    0.372365  -0.00240674  -0.00980043     0.452055
IMAGINARY
           0  -0.00305739  -0.00351068  0.000228415
  0.00305739            0  7.46157e-05  0.000197423
  0.00351068 -7.46157e-05            0  -0.00025586
-0.000228415 -0.000197423   0.00025586            0
Repeater1[0]<--->EndNode1[0]
REAL
    0.423008 -0.000150601   0.00601492     0.374963
-0.000150601    0.0575195 -0.000225406  -0.00286082
  0.00601492 -0.000225406    0.0548232 -0.000600376
    0.374963  -0.00286082 -0.000600376     0.464649
IMAGINARY
          0  0.00307816  0.00167195    0.001956
-0.00307816           0 -0.00103801  -0.0057321
-0.00167195  0.00103801           0  0.00248575
  -0.001956   0.0057321 -0.00248575           0
Repeater1[0]<--->HoM1[0]
REAL
    0.422573  -0.00661853 -0.000428215     0.372365
 -0.00661853    0.0616438   0.00248503  -0.00980043
-0.000428215   0.00248503    0.0637284  -0.00240674
    0.372365  -0.00980043  -0.00240674     0.452055
IMAGINARY
           0  -0.00351068  -0.00305739  0.000228415
  0.00351068            0 -7.46157e-05  -0.00025586
  0.00305739  7.46157e-05            0  0.000197423
-0.000228415   0.00025586 -0.000197423            0
EndNode1[0]<--->Repeater1[0]
REAL
    0.44982 -0.00700561  0.00562045    0.372604
-0.00700561   0.0621995   -0.001197 0.000582278
 0.00562045   -0.001197   0.0628005  0.00261832
   0.372604 0.000582278  0.00261832     0.42518
IMAGINARY
           0  -0.00513637  -0.00455547   0.00702467
  0.00513637            0 -0.000759757  -0.00113997
  0.00455547  0.000759757            0    0.0117311
 -0.00702467   0.00113997   -0.0117311            0
EndNode2[0]<--->HoM1[0]
REAL
   0.449384  0.00536224  0.00495284    0.374701
 0.00536224   0.0612797 0.000226404  0.00028276
 0.00495284 0.000226404   0.0525683  0.00627243
   0.374701  0.00028276  0.00627243    0.436768
IMAGINARY
           0  0.000479366  0.000299386  -0.00433394
-0.000479366            0  -0.00641233   -0.0102093
-0.000299386   0.00641233            0   0.00762874
  0.00433394    0.0102093  -0.00762874            0
Repeater1[0]<--->EndNode1[0]
REAL
    0.44982  0.00562045 -0.00700561    0.372604
 0.00562045   0.0628005   -0.001197  0.00261832
-0.00700561   -0.001197   0.0621995 0.000582278
   0.372604  0.00261832 0.000582278     0.42518
IMAGINARY
           0  -0.00455547  -0.00513637   0.00702467
  0.00455547            0  0.000759757    0.0117311
  0.00513637 -0.000759757            0  -0.00113997
 -0.00702467   -0.0117311   0.00113997            0
Repeater1[0]<--->HoM1[0]
REAL
   0.449384  0.00495284  0.00536224    0.374701
 0.00495284   0.0525683 0.000226404  0.00627243
 0.00536224 0.000226404   0.0612797  0.00028276
   0.374701  0.00627243  0.00028276    0.436768
IMAGINARY
           0  0.000299386  0.000479366  -0.00433394
-0.000299386            0   0.00641233   0.00762874
-0.000479366  -0.00641233            0   -0.0102093
  0.00433394  -0.00762874    0.0102093            0
EndNode1[0]<--->Repeater1[0]
REAL
   0.438674  0.00425011  0.00299159    0.377921
 0.00425011   0.0572183  0.00147573 -0.00284379
 0.00299159  0.00147573   0.0663146   0.0018096
   0.377921 -0.00284379   0.0018096    0.437793
IMAGINARY
           0   0.00429044  -0.00136669  -0.00112033
 -0.00429044            0   -0.0020497 -0.000763557
  0.00136669    0.0020497            0  0.000883028
  0.00112033  0.000763557 -0.000883028            0
EndNode2[0]<--->HoM1[0]
REAL
    0.435425  -0.00049933   0.00141483     0.378045
 -0.00049933    0.0606518 -4.01177e-05 -0.000513384
  0.00141483 -4.01177e-05      0.06035   0.00380462
    0.378045 -0.000513384   0.00380462     0.443573
IMAGINARY
           0  -0.00373215  -0.00238335   0.00678715
  0.00373215            0  -0.00113485  0.000153202
  0.00238335   0.00113485            0   0.00358347
 -0.00678715 -0.000153202  -0.00358347            0
Repeater1[0]<--->EndNode1[0]
REAL
   0.438674  0.00299159  0.00425011    0.377921
 0.00299159   0.0663146  0.00147573   0.0018096
 0.00425011  0.00147573   0.0572183 -0.00284379
   0.377921   0.0018096 -0.00284379    0.437793
IMAGINARY
           0  -0.00136669   0.00429044  -0.00112033
  0.00136669            0    0.0020497  0.000883028
 -0.00429044   -0.0020497            0 -0.000763557
  0.00112033 -0.000883028  0.000763557            0
Repeater1[0]<--->HoM1[0]
REAL
    0.435425   0.00141483  -0.00049933     0.378045
  0.00141483      0.06035 -4.01177e-05   0.00380462
 -0.00049933 -4.01177e-05    0.0606518 -0.000513384
    0.378045   0.00380462 -0.000513384     0.443573
IMAGINARY
           0  -0.00238335  -0.00373215   0.00678715
  0.00238335            0   0.00113485   0.00358347
  0.00373215  -0.00113485            0  0.000153202
 -0.00678715  -0.00358347 -0.000153202            0
EndNode1[0]<--->Repeater1[0]
REAL
   0.434705 -0.00189093 -0.00917562     0.38028
-0.00189093   0.0617174 0.000423145   0.0085591
-0.00917562 0.000423145   0.0635063  0.00404876
    0.38028   0.0085591  0.00404876    0.440072
IMAGINARY
          0 -0.00122473 -0.00154619  0.00933719
 0.00122473           0  0.00113558  -0.0044311
 0.00154619 -0.00113558           0  -0.0035571
-0.00933719   0.0044311   0.0035571           0
EndNode2[0]<--->HoM1[0]
REAL
   0.438586  0.00799482  -0.0106659    0.378203
 0.00799482   0.0612618 0.000183415  0.00223728
 -0.0106659 0.000183415   0.0612618  -0.0116071
   0.378203  0.00223728  -0.0116071    0.438891
IMAGINARY
           0   -0.0057721   0.00621452   0.00856718
   0.0057721            0   0.00514558 -0.000398831
 -0.00621452  -0.00514558            0   -0.0134644
 -0.00856718  0.000398831    0.0134644            0
Repeater1[0]<--->EndNode1[0]
REAL
   0.434705 -0.00917562 -0.00189093     0.38028
-0.00917562   0.0635063 0.000423145  0.00404876
-0.00189093 0.000423145   0.0617174   0.0085591
    0.38028  0.00404876   0.0085591    0.440072
IMAGINARY
          0 -0.00154619 -0.00122473  0.00933719
 0.00154619           0 -0.00113558  -0.0035571
 0.00122473  0.00113558           0  -0.0044311
-0.00933719   0.0035571   0.0044311           0
Repeater1[0]<--->HoM1[0]
REAL
   0.438586  -0.0106659  0.00799482    0.378203
 -0.0106659   0.0612618 0.000183415  -0.0116071
 0.00799482 0.000183415   0.0612618  0.00223728
   0.378203  -0.0116071  0.00223728    0.438891
IMAGINARY
           0   0.00621452   -0.0057721   0.00856718
 -0.00621452            0  -0.00514558   -0.0134644
   0.0057721   0.00514558            0 -0.000398831
 -0.00856718    0.0134644  0.000398831            0
EndNode1[0]<--->Repeater1[0]
REAL
   0.426338  0.00250843 -0.00457087    0.374174
 0.00250843    0.058629  0.00789859  0.00486866
-0.00457087  0.00789859    0.056825 -0.00637979
   0.374174  0.00486866 -0.00637979    0.458208
IMAGINARY
          0   0.0122043  -0.0121897 -0.00889547
 -0.0122043           0   0.0097878  -0.0020166
  0.0121897  -0.0097878           0  0.00292846
 0.00889547   0.0020166 -0.00292846           0
EndNode2[0]<--->HoM1[0]
REAL
   0.436385  0.00520896   0.0018368    0.378874
 0.00520896   0.0609394 0.000804071 0.000792336
  0.0018368 0.000804071   0.0588585  0.00267845
   0.378874 0.000792336  0.00267845    0.443817
IMAGINARY
          0   0.0110779 -0.00374355 -0.00402474
 -0.0110779           0  0.00922534 -0.00298159
 0.00374355 -0.00922534           0  -0.0122475
 0.00402474  0.00298159   0.0122475           0
Repeater1[0]<--->EndNode1[0]
REAL
   0.426338 -0.00457087  0.00250843    0.374174
-0.00457087    0.056825  0.00789859 -0.00637979
 0.00250843  0.00789859    0.058629  0.00486866
   0.374174 -0.00637979  0.00486866    0.458208
IMAGINARY
          0  -0.0121897   0.0122043 -0.00889547
  0.0121897           0  -0.0097878  0.00292846
 -0.0122043   0.0097878           0  -0.0020166
 0.00889547 -0.00292846   0.0020166           0
Repeater1[0]<--->HoM1[0]
REAL
   0.436385   0.0018368  0.00520896    0.378874
  0.0018368   0.0588585 0.000804071  0.00267845
 0.00520896 0.000804071   0.0609394 0.000792336
   0.378874  0.00267845 0.000792336    0.443817
IMAGINARY
          0 -0.00374355   0.0110779 -0.00402474
 0.00374355           0 -0.00922534  -0.0122475
 -0.0110779  0.00922534           0 -0.00298159
 0.00402474   0.0122475  0.00298159           0
EndNode1[0]<--->Repeater1[0]
REAL
    0.453967   0.00716299 -8.06397e-05     0.381234
  0.00716299    0.0557238   0.00335775  -0.00233628
-8.06397e-05   0.00335775    0.0596608  -0.00897568
    0.381234  -0.00233628  -0.00897568     0.430648
IMAGINARY
          0  0.00147947 -0.00631056  0.00756234
-0.00147947           0  0.00430405  -0.0107192
 0.00631056 -0.00430405           0   0.0026629
-0.00756234   0.0107192  -0.0026629           0
EndNode2[0]<--->HoM1[0]
REAL
    0.443512 -7.18339e-05   0.00599725     0.367779
-7.18339e-05    0.0602337  -0.00438981  -0.00840979
  0.00599725  -0.00438981    0.0647288  0.000373402
    0.367779  -0.00840979  0.000373402     0.431525
IMAGINARY
           0  -0.00371829   0.00260152  -0.00336948
  0.00371829            0 -0.000814623  -0.00438936
 -0.00260152  0.000814623            0   0.00342032
  0.00336948   0.00438936  -0.00342032            0
Repeater1[0]<--->EndNode1[0]
REAL
    0.453967 -8.06397e-05   0.00716299     0.381234
-8.06397e-05    0.0596608   0.00335775  -0.00897568
  0.00716299   0.00335775    0.0557238  -0.00233628
    0.381234  -0.00897568  -0.00233628     0.430648
IMAGINARY
          0 -0.00631056  0.00147947  0.00756234
 0.00631056           0 -0.00430405   0.0026629
-0.00147947  0.00430405           0  -0.0107192
-0.00756234  -0.0026629   0.0107192           0
Repeater1[0]<--->HoM1[0]
REAL
    0.443512   0.00599725 -7.18339e-05     0.367779
  0.00599725    0.0647288  -0.00438981  0.000373402
-7.18339e-05  -0.00438981    0.0602337  -0.00840979
    0.367779  0.000373402  -0.00840979     0.431525
IMAGINARY
           0   0.00260152  -0.00371829  -0.00336948
 -0.00260152            0  0.000814623   0.00342032
  0.00371829 -0.000814623            0  -0.00438936
  0.00336948  -0.00342032   0.00438936            0
EndNode1[0]<--->Repeater1[0]
REAL
    0.447211  -0.00355024   0.00649416     0.375683
 -0.00355024     0.054889   -0.0024312  -0.00619021
  0.00649416   -0.0024312    0.0683863 -0.000705078
    0.375683  -0.00619021 -0.000705078     0.429514
IMAGINARY
          0  -0.0051119  0.00322337 -0.00816278
  0.0051119           0  0.00619129  0.00233052
-0.00322337 -0.00619129           0 -0.00164282
 0.00816278 -0.00233052  0.00164282           0
EndNode2[0]<--->HoM1[0]
REAL
   0.441373  -0.0163971 -0.00452895    0.381288
 -0.0163971   0.0580194  0.00621191  0.00274324
-0.00452895  0.00621191   0.0619684  0.00389706
   0.381288  0.00274324  0.00389706    0.438639
IMAGINARY
          0 -0.00724053  0.00297137  0.00200997
 0.00724053           0  0.00171359  0.00312247
-0.00297137 -0.00171359           0 -0.00616593
-0.00200997 -0.00312247  0.00616593           0
Repeater1[0]<--->EndNode1[0]
REAL
    0.447211   0.00649416  -0.00355024     0.375683
  0.00649416    0.0683863   -0.0024312 -0.000705078
 -0.00355024   -0.0024312     0.054889  -0.00619021
    0.375683 -0.000705078  -0.00619021     0.429514
IMAGINARY
          0  0.00322337  -0.0051119 -0.00816278
-0.00322337           0 -0.00619129 -0.00164282
  0.0051119  0.00619129           0  0.00233052
 0.00816278  0.00164282 -0.00233052           0
Repeater1[0]<--->HoM1[0]
REAL
   0.441373 -0.00452895  -0.0163971    0.381288
-0.00452895   0.0619684  0.00621191  0.00389706
 -0.0163971  0.00621191   0.0580194  0.00274324
   0.381288  0.00389706  0.00274324    0.438639
IMAGINARY
          0  0.00297137 -0.00724053  0.00200997
-0.00297137           0 -0.00171359 -0.00616593
 0.00724053  0.00171359           0  0.00312247
-0.00200997  0.00616593 -0.00312247           0
EndNode1[0]<--->Repeater1[0]
REAL
  0.445187 0.00930347  0.0118722   0.375874
0.00930347  0.0537504 0.00373342 0.00269377
 0.0118722 0.00373342  0.0683268 0.00437073
  0.375874 0.00269377 0.00437073   0.432736
IMAGINARY
           0  0.000347562   0.00138939 -0.000311773
-0.000347562            0 -0.000760203  -0.00226915
 -0.00138939  0.000760203            0   0.00405127
 0.000311773   0.00226915  -0.00405127            0
EndNode2[0]<--->HoM1[0]
REAL
    0.442955  1.55193e-05  -0.00484236     0.382269
 1.55193e-05    0.0512362   0.00576258 -0.000401318
 -0.00484236   0.00576258    0.0583855  -0.00371694
    0.382269 -0.000401318  -0.00371694     0.447423
IMAGINARY
          0  0.00981571 -0.00925385   0.0125728
-0.00981571           0  0.00308102  -0.0053007
 0.00925385 -0.00308102           0  0.00473883
 -0.0125728   0.0053007 -0.00473883           0
Repeater1[0]<--->EndNode1[0]
REAL
  0.445187  0.0118722 0.00930347   0.375874
 0.0118722  0.0683268 0.00373342 0.00437073
0.00930347 0.00373342  0.0537504 0.00269377
  0.375874 0.00437073 0.00269377   0.432736
IMAGINARY
           0   0.00138939  0.000347562 -0.000311773
 -0.00138939            0  0.000760203   0.00405127
-0.000347562 -0.000760203            0  -0.00226915
 0.000311773  -0.00405127   0.00226915            0
Repeater1[0]<--->HoM1[0]
REAL
    0.442955  -0.00484236  1.55193e-05     0.382269
 -0.00484236    0.0583855   0.00576258  -0.00371694
 1.55193e-05   0.00576258    0.0512362 -0.000401318
    0.382269  -0.00371694 -0.000401318     0.447423
IMAGINARY
          0 -0.00925385  0.00981571   0.0125728
 0.00925385           0 -0.00308102  0.00473883
-0.00981571  0.00308102           0  -0.0053007
 -0.0125728 -0.00473883   0.0053007           0
EndNode1[0]<--->Repeater1[0]
REAL
    0.428921  -0.00673959    0.0036241     0.375979
 -0.00673959    0.0605319 -0.000100449   0.00111451
   0.0036241 -0.000100449    0.0651177    0.0096439
    0.375979   0.00111451    0.0096439      0.44543
IMAGINARY
          0 -0.00523187  0.00489621  0.00624402
 0.00523187           0  0.00393562 -0.00474727
-0.00489621 -0.00393562           0   0.0122322
-0.00624402  0.00474727  -0.0122322           0
EndNode2[0]<--->HoM1[0]
REAL
    0.43858 -0.00308279 -0.00421836    0.373985
-0.00308279   0.0598765  0.00179122 -0.00361956
-0.00421836  0.00179122    0.057716 -0.00593821
   0.373985 -0.00361956 -0.00593821    0.443827
IMAGINARY
           0   0.00254616  -0.00972181  -0.00298031
 -0.00254616            0  -0.00342213 -5.81622e-06
  0.00972181   0.00342213            0   0.00388904
  0.00298031  5.81622e-06  -0.00388904            0
Repeater1[0]<--->EndNode1[0]
REAL
    0.428921    0.0036241  -0.00673959     0.375979
   0.0036241    0.0651177 -0.000100449    0.0096439
 -0.00673959 -0.000100449    0.0605319   0.00111451
    0.375979    0.0096439   0.00111451      0.44543
IMAGINARY
          0  0.00489621 -0.00523187  0.00624402
-0.00489621           0 -0.00393562   0.0122322
 0.00523187  0.00393562           0 -0.00474727
-0.00624402  -0.0122322  0.00474727           0
Repeater1[0]<--->HoM1[0]
REAL
    0.43858 -0.00421836 -0.00308279    0.373985
-0.00421836    0.057716  0.00179122 -0.00593821
-0.00308279  0.00179122   0.0598765 -0.00361956
   0.373985 -0.00593821 -0.00361956    0.443827
IMAGINARY
           0  -0.00972181   0.00254616  -0.00298031
  0.00972181            0   0.00342213   0.00388904
 -0.00254616  -0.00342213            0 -5.81622e-06
  0.00298031  -0.00388904  5.81622e-06            0
EndNode1[0]<--->Repeater1[0]
REAL
   0.436093   0.0160284   0.0106621    0.377608
  0.0160284   0.0642118 0.000959491 -0.00610841
  0.0106621 0.000959491   0.0526476 -0.00236723
   0.377608 -0.00610841 -0.00236723    0.447048
IMAGINARY
          0  0.00803667  0.00172611  0.00243675
-0.00803667           0 -0.00288869 -0.00304459
-0.00172611  0.00288869           0 -0.00115123
-0.00243675  0.00304459  0.00115123           0
EndNode2[0]<--->HoM1[0]
REAL
    0.433303   0.00690383  0.000823326     0.371888
  0.00690383    0.0686362 -4.53534e-05   0.00379775
 0.000823326 -4.53534e-05    0.0590868  -0.00597961
    0.371888   0.00379775  -0.00597961     0.438973
IMAGINARY
           0   0.00243921  -0.00186967   0.00725421
 -0.00243921            0  -0.00268939  -0.00172099
  0.00186967   0.00268939            0 -4.54387e-05
 -0.00725421   0.00172099  4.54387e-05            0
Repeater1[0]<--->EndNode1[0]
REAL
   0.436093   0.0106621   0.0160284    0.377608
  0.0106621   0.0526476 0.000959491 -0.00236723
  0.0160284 0.000959491   0.0642118 -0.00610841
   0.377608 -0.00236723 -0.00610841    0.447048
IMAGINARY
          0  0.00172611  0.00803667  0.00243675
-0.00172611           0  0.00288869 -0.00115123
-0.00803667 -0.00288869           0 -0.00304459
-0.00243675  0.00115123  0.00304459           0
Repeater1[0]<--->HoM1[0]
REAL
