EndNode1[0]<--->Repeater1[0]
REAL
    0.354045   0.00183449   0.00427917     0.033575
  0.00183449     0.152403  -0.00238236 -0.000915253
  0.00427917  -0.00238236     0.148593   0.00244686
    0.033575 -0.000915253   0.00244686     0.344959
IMAGINARY
           0   0.00508451 -0.000366834 -5.50327e-05
 -0.00508451            0   0.00639561 -0.000964921
 0.000366834  -0.00639561            0   -0.0161825
 5.50327e-05  0.000964921    0.0161825            0
EndNode2[0]<--->HoM1[0]
REAL
   0.338085  -0.0147863  0.00157348   0.0453652
 -0.0147863    0.148745 -0.00971566  -0.0061052
 0.00157348 -0.00971566    0.155872 -0.00636178
  0.0453652  -0.0061052 -0.00636178    0.357298
IMAGINARY
           0  -0.00729229  -0.00195488   -0.0059587
  0.00729229            0  -0.00770086  0.000581675
  0.00195488   0.00770086            0   0.00744487
   0.0059587 -0.000581675  -0.00744487            0
Repeater1[0]<--->EndNode1[0]
REAL
    0.354045   0.00427917   0.00183449     0.033575
  0.00427917     0.148593  -0.00238236   0.00244686
  0.00183449  -0.00238236     0.152403 -0.000915253
    0.033575   0.00244686 -0.000915253     0.344959
IMAGINARY
           0 -0.000366834   0.00508451 -5.50327e-05
 0.000366834            0  -0.00639561   -0.0161825
 -0.00508451   0.00639561            0 -0.000964921
 5.50327e-05    0.0161825  0.000964921            0
Repeater1[0]<--->HoM1[0]
REAL
   0.338085  0.00157348  -0.0147863   0.0453652
 0.00157348    0.155872 -0.00971566 -0.00636178
 -0.0147863 -0.00971566    0.148745  -0.0061052
  0.0453652 -0.00636178  -0.0061052    0.357298
IMAGINARY
           0  -0.00195488  -0.00729229   -0.0059587
  0.00195488            0   0.00770086   0.00744487
  0.00729229  -0.00770086            0  0.000581675
   0.0059587  -0.00744487 -0.000581675            0
EndNode1[0]<--->Repeater1[0]
REAL
   0.346847 0.000852358  0.00777536   0.0360728
0.000852358    0.159459  0.00539974  0.00884471
 0.00777536  0.00539974    0.157658  -0.0140552
  0.0360728  0.00884471  -0.0140552    0.336036
IMAGINARY
          0   0.0040405  0.00369021  0.00333061
 -0.0040405           0 -0.00200747    0.010604
-0.00369021  0.00200747           0  0.00191543
-0.00333061   -0.010604 -0.00191543           0
EndNode2[0]<--->HoM1[0]
REAL
    0.33869  0.00967571  0.00456571   0.0319769
 0.00967571    0.143117 -0.00323438  0.00351812
 0.00456571 -0.00323438    0.166465 -0.00518469
  0.0319769  0.00351812 -0.00518469    0.351728
IMAGINARY
           0   0.00463285  -0.00898761   0.00362498
 -0.00463285            0 -0.000248677  -0.00794377
  0.00898761  0.000248677            0    0.0131975
 -0.00362498   0.00794377   -0.0131975            0
Repeater1[0]<--->EndNode1[0]
REAL
   0.346847  0.00777536 0.000852358   0.0360728
 0.00777536    0.157658  0.00539974  -0.0140552
0.000852358  0.00539974    0.159459  0.00884471
  0.0360728  -0.0140552  0.00884471    0.336036
IMAGINARY
          0  0.00369021   0.0040405  0.00333061
-0.00369021           0  0.00200747  0.00191543
 -0.0040405 -0.00200747           0    0.010604
-0.00333061 -0.00191543   -0.010604           0
Repeater1[0]<--->HoM1[0]
REAL
    0.33869  0.00456571  0.00967571   0.0319769
 0.00456571    0.166465 -0.00323438 -0.00518469
 0.00967571 -0.00323438    0.143117  0.00351812
  0.0319769 -0.00518469  0.00351812    0.351728
IMAGINARY
           0  -0.00898761   0.00463285   0.00362498
  0.00898761            0  0.000248677    0.0131975
 -0.00463285 -0.000248677            0  -0.00794377
 -0.00362498   -0.0131975   0.00794377            0
EndNode1[0]<--->Repeater1[0]
REAL
   0.342857 -0.00106939  0.00214051   0.0406106
-0.00106939    0.148214 -0.00862012  0.00319124
 0.00214051 -0.00862012     0.14881  0.00995564
  0.0406106  0.00319124  0.00995564    0.360119
IMAGINARY
          0  0.00235499   0.0146925 -0.00659159
-0.00235499           0 -0.00456025  0.00223054
 -0.0146925  0.00456025           0  0.00687578
 0.00659159 -0.00223054 -0.00687578           0
EndNode2[0]<--->HoM1[0]
REAL
   0.34465  -0.014149  0.0070379   0.054511
 -0.014149   0.157017 0.00358093 -0.0054283
 0.0070379 0.00358093   0.145499 0.00756427
  0.054511 -0.0054283 0.00756427   0.352834
IMAGINARY
           0  -0.00503885  6.57662e-06   0.00401026
  0.00503885            0  0.000342783  -0.00222093
-6.57662e-06 -0.000342783            0   0.00577697
 -0.00401026   0.00222093  -0.00577697            0
Repeater1[0]<--->EndNode1[0]
REAL
   0.342857  0.00214051 -0.00106939   0.0406106
 0.00214051     0.14881 -0.00862012  0.00995564
-0.00106939 -0.00862012    0.148214  0.00319124
  0.0406106  0.00995564  0.00319124    0.360119
IMAGINARY
          0   0.0146925  0.00235499 -0.00659159
 -0.0146925           0  0.00456025  0.00687578
-0.00235499 -0.00456025           0  0.00223054
 0.00659159 -0.00687578 -0.00223054           0
Repeater1[0]<--->HoM1[0]
REAL
   0.34465  0.0070379  -0.014149   0.054511
 0.0070379   0.145499 0.00358093 0.00756427
 -0.014149 0.00358093   0.157017 -0.0054283
  0.054511 0.00756427 -0.0054283   0.352834
IMAGINARY
           0  6.57662e-06  -0.00503885   0.00401026
-6.57662e-06            0 -0.000342783   0.00577697
  0.00503885  0.000342783            0  -0.00222093
 -0.00401026  -0.00577697   0.00222093            0
EndNode1[0]<--->Repeater1[0]
REAL
   0.350394  0.00681097  0.00316377   0.0281307
 0.00681097    0.156269 0.000287108  0.00774253
 0.00316377 0.000287108    0.144155  0.00194479
  0.0281307  0.00774253  0.00194479    0.349182
IMAGINARY
           0   0.00748822   0.00505649  -0.00658066
 -0.00748822            0    0.0188782  0.000275265
 -0.00505649   -0.0188782            0  -0.00808064
  0.00658066 -0.000275265   0.00808064            0
EndNode2[0]<--->HoM1[0]
REAL
   0.342647 -0.00775223  0.00556129   0.0347413
-0.00775223    0.153823 0.000325911  0.00495888
 0.00556129 0.000325911    0.162726 -0.00072235
  0.0347413  0.00495888 -0.00072235    0.340804
IMAGINARY
           0 -0.000902792   0.00446881  -0.00338224
 0.000902792            0 -0.000981283   -0.0145379
 -0.00446881  0.000981283            0  -0.00135149
  0.00338224    0.0145379   0.00135149            0
Repeater1[0]<--->EndNode1[0]
REAL
   0.350394  0.00316377  0.00681097   0.0281307
 0.00316377    0.144155 0.000287108  0.00194479
 0.00681097 0.000287108    0.156269  0.00774253
  0.0281307  0.00194479  0.00774253    0.349182
IMAGINARY
           0   0.00505649   0.00748822  -0.00658066
 -0.00505649            0   -0.0188782  -0.00808064
 -0.00748822    0.0188782            0  0.000275265
  0.00658066   0.00808064 -0.000275265            0
Repeater1[0]<--->HoM1[0]
REAL
   0.342647  0.00556129 -0.00775223   0.0347413
 0.00556129    0.162726 0.000325911 -0.00072235
-0.00775223 0.000325911    0.153823  0.00495888
  0.0347413 -0.00072235  0.00495888    0.340804
IMAGINARY
           0   0.00446881 -0.000902792  -0.00338224
 -0.00446881            0  0.000981283  -0.00135149
 0.000902792 -0.000981283            0   -0.0145379
  0.00338224   0.00135149    0.0145379            0
EndNode1[0]<--->Repeater1[0]
REAL
   0.348582   0.0036494 -0.00101242   0.0358801
  0.0036494    0.150656 -0.00375587 -0.00559686
-0.00101242 -0.00375587     0.15645  0.00572656
  0.0358801 -0.00559686  0.00572656    0.344312
IMAGINARY
           0  -0.00275673    0.0120334   0.00197838
  0.00275673            0 -0.000513827   0.00147216
  -0.0120334  0.000513827            0   0.00569272
 -0.00197838  -0.00147216  -0.00569272            0
EndNode2[0]<--->HoM1[0]
REAL
   0.337276 0.000623184  0.00678395   0.0437292
0.000623184    0.158326 -0.00471576 -0.00603656
 0.00678395 -0.00471576    0.157719  0.00909281
  0.0437292 -0.00603656  0.00909281    0.346679
IMAGINARY
          0 -0.00638756  -0.0140928 -0.00261222
 0.00638756           0  0.00231389     0.00871
  0.0140928 -0.00231389           0  0.00519139
 0.00261222    -0.00871 -0.00519139           0
Repeater1[0]<--->EndNode1[0]
REAL
   0.348582 -0.00101242   0.0036494   0.0358801
-0.00101242     0.15645 -0.00375587  0.00572656
  0.0036494 -0.00375587    0.150656 -0.00559686
  0.0358801  0.00572656 -0.00559686    0.344312
IMAGINARY
           0    0.0120334  -0.00275673   0.00197838
  -0.0120334            0  0.000513827   0.00569272
  0.00275673 -0.000513827            0   0.00147216
 -0.00197838  -0.00569272  -0.00147216            0
Repeater1[0]<--->HoM1[0]
REAL
   0.337276  0.00678395 0.000623184   0.0437292
 0.00678395    0.157719 -0.00471576  0.00909281
0.000623184 -0.00471576    0.158326 -0.00603656
  0.0437292  0.00909281 -0.00603656    0.346679
IMAGINARY
          0  -0.0140928 -0.00638756 -0.00261222
  0.0140928           0 -0.00231389  0.00519139
 0.00638756  0.00231389           0     0.00871
 0.00261222 -0.00519139    -0.00871           0
EndNode1[0]<--->Repeater1[0]
REAL
   0.336088 -0.00560538  0.00426838   0.0412047
-0.00560538    0.165289  0.00408679  0.00514866
 0.00426838  0.00408679    0.157025 -0.00560538
  0.0412047  0.00514866 -0.00560538    0.341598
IMAGINARY
           0  -0.00866535   0.00114122 -0.000169655
  0.00866535            0   0.00788524  -0.00186902
 -0.00114122  -0.00788524            0   0.00124177
 0.000169655   0.00186902  -0.00124177            0
EndNode2[0]<--->HoM1[0]
REAL
   0.338931 -0.00723175  0.00882315   0.0408974
-0.00723175    0.156947  0.00236587  0.00446486
 0.00882315  0.00236587    0.157252  0.00568663
  0.0408974  0.00446486  0.00568663     0.34687
IMAGINARY
           0  -0.00572418  -0.00187027  -0.00233004
  0.00572418            0   0.00531155  0.000353275
  0.00187027  -0.00531155            0   0.00693777
  0.00233004 -0.000353275  -0.00693777            0
Repeater1[0]<--->EndNode1[0]
REAL
   0.336088  0.00426838 -0.00560538   0.0412047
 0.00426838    0.157025  0.00408679 -0.00560538
-0.00560538  0.00408679    0.165289  0.00514866
  0.0412047 -0.00560538  0.00514866    0.341598
IMAGINARY
           0   0.00114122  -0.00866535 -0.000169655
 -0.00114122            0  -0.00788524   0.00124177
  0.00866535   0.00788524            0  -0.00186902
 0.000169655  -0.00124177   0.00186902            0
Repeater1[0]<--->HoM1[0]
REAL
   0.338931  0.00882315 -0.00723175   0.0408974
 0.00882315    0.157252  0.00236587  0.00568663
-0.00723175  0.00236587    0.156947  0.00446486
  0.0408974  0.00568663  0.00446486     0.34687
IMAGINARY
           0  -0.00187027  -0.00572418  -0.00233004
  0.00187027            0  -0.00531155   0.00693777
  0.00572418   0.00531155            0  0.000353275
  0.00233004  -0.00693777 -0.000353275            0
EndNode1[0]<--->Repeater1[0]
REAL
   0.362507   0.0170432 -0.00141216   0.0391844
  0.0170432    0.151094  0.00314835  0.00170819
-0.00141216  0.00314835    0.154938  0.00575139
  0.0391844  0.00170819  0.00575139    0.331461
IMAGINARY
           0 -0.000556125    0.0100104  0.000689927
 0.000556125            0 -8.23933e-05  -0.00760803
  -0.0100104  8.23933e-05            0  -0.00334778
-0.000689927   0.00760803   0.00334778            0
EndNode2[0]<--->HoM1[0]
REAL
  0.346038 0.00714055 0.00258527  0.0350991
0.00714055    0.16092 0.00338597 -0.0105266
0.00258527 0.00338597    0.15971 0.00293887
 0.0350991 -0.0105266 0.00293887   0.333333
IMAGINARY
          0 -0.00458035  0.00481056 -0.00590441
 0.00458035           0  0.00257512  0.00556289
-0.00481056 -0.00257512           0 -0.00164372
 0.00590441 -0.00556289  0.00164372           0
Repeater1[0]<--->EndNode1[0]
REAL
   0.362507 -0.00141216   0.0170432   0.0391844
-0.00141216    0.154938  0.00314835  0.00575139
  0.0170432  0.00314835    0.151094  0.00170819
  0.0391844  0.00575139  0.00170819    0.331461
IMAGINARY
           0    0.0100104 -0.000556125  0.000689927
  -0.0100104            0  8.23933e-05  -0.00334778
 0.000556125 -8.23933e-05            0  -0.00760803
-0.000689927   0.00334778   0.00760803            0
Repeater1[0]<--->HoM1[0]
REAL
  0.346038 0.00258527 0.00714055  0.0350991
0.00258527    0.15971 0.00338597 0.00293887
0.00714055 0.00338597    0.16092 -0.0105266
 0.0350991 0.00293887 -0.0105266   0.333333
IMAGINARY
          0  0.00481056 -0.00458035 -0.00590441
-0.00481056           0 -0.00257512 -0.00164372
 0.00458035  0.00257512           0  0.00556289
 0.00590441  0.00164372 -0.00556289           0
EndNode1[0]<--->Repeater1[0]
REAL
   0.347509 -0.00288732 -0.00445972   0.0483332
-0.00288732    0.157047 -0.00578974  0.00491717
-0.00445972 -0.00578974    0.147934 -0.00153476
  0.0483332  0.00491717 -0.00153476    0.347509
IMAGINARY
          0  0.00657709  0.00779046  -0.0034534
-0.00657709           0  0.00301339  0.00465332
-0.00779046 -0.00301339           0   0.0106643
  0.0034534 -0.00465332  -0.0106643           0
EndNode2[0]<--->HoM1[0]
REAL
    0.33655 -0.00999359 -0.00145957    0.043394
-0.00999359    0.154094   -0.002171 -0.00325598
-0.00145957   -0.002171    0.168713   0.0058865
   0.043394 -0.00325598   0.0058865    0.340643
IMAGINARY
          0  0.00908079  0.00321227 -0.00566555
-0.00908079           0  0.00413837  0.00620449
-0.00321227 -0.00413837           0 -0.00270169
 0.00566555 -0.00620449  0.00270169           0
Repeater1[0]<--->EndNode1[0]
REAL
   0.347509 -0.00445972 -0.00288732   0.0483332
-0.00445972    0.147934 -0.00578974 -0.00153476
-0.00288732 -0.00578974    0.157047  0.00491717
  0.0483332 -0.00153476  0.00491717    0.347509
IMAGINARY
          0  0.00779046  0.00657709  -0.0034534
-0.00779046           0 -0.00301339   0.0106643
-0.00657709  0.00301339           0  0.00465332
  0.0034534  -0.0106643 -0.00465332           0
Repeater1[0]<--->HoM1[0]
REAL
    0.33655 -0.00145957 -0.00999359    0.043394
-0.00145957    0.168713   -0.002171   0.0058865
-0.00999359   -0.002171    0.154094 -0.00325598
   0.043394   0.0058865 -0.00325598    0.340643
IMAGINARY
          0  0.00321227  0.00908079 -0.00566555
-0.00321227           0 -0.00413837 -0.00270169
-0.00908079  0.00413837           0  0.00620449
 0.00566555  0.00270169 -0.00620449           0
EndNode1[0]<--->Repeater1[0]
REAL
  0.336385   0.002748  0.0115148  0.0487006
  0.002748    0.16775 0.00321843 0.00440306
 0.0115148 0.00321843   0.144418  0.0036489
 0.0487006 0.00440306  0.0036489   0.351447
IMAGINARY
          0 -0.00981652  0.00597715  0.00170777
 0.00981652           0  0.00689702 -0.00187006
-0.00597715 -0.00689702           0  0.00145023
-0.00170777  0.00187006 -0.00145023           0
EndNode2[0]<--->HoM1[0]
REAL
   0.347891  0.00297832  0.00705795   0.0445699
 0.00297832    0.165478  0.00431567  0.00705795
 0.00705795  0.00431567    0.147653 -0.00253255
  0.0445699  0.00705795 -0.00253255    0.338978
IMAGINARY
           0   -0.0096546   0.00952511   0.00648421
   0.0096546            0  -0.00977959  -0.00498516
 -0.00952511   0.00977959            0 -0.000635954
 -0.00648421   0.00498516  0.000635954            0
Repeater1[0]<--->EndNode1[0]
REAL
  0.336385  0.0115148   0.002748  0.0487006
 0.0115148   0.144418 0.00321843  0.0036489
  0.002748 0.00321843    0.16775 0.00440306
 0.0487006  0.0036489 0.00440306   0.351447
IMAGINARY
          0  0.00597715 -0.00981652  0.00170777
-0.00597715           0 -0.00689702  0.00145023
 0.00981652  0.00689702           0 -0.00187006
-0.00170777 -0.00145023  0.00187006           0
Repeater1[0]<--->HoM1[0]
REAL
   0.347891  0.00705795  0.00297832   0.0445699
 0.00705795    0.147653  0.00431567 -0.00253255
 0.00297832  0.00431567    0.165478  0.00705795
  0.0445699 -0.00253255  0.00705795    0.338978
IMAGINARY
           0   0.00952511   -0.0096546   0.00648421
 -0.00952511            0   0.00977959 -0.000635954
   0.0096546  -0.00977959            0  -0.00498516
 -0.00648421  0.000635954   0.00498516            0
EndNode1[0]<--->Repeater1[0]
REAL
   0.352689  0.00311949 -0.00654079   0.0375667
 0.00311949    0.155562  0.00651998 -0.00925818
-0.00654079  0.00651998    0.154951 -0.00296902
  0.0375667 -0.00925818 -0.00296902    0.336797
IMAGINARY
           0  -0.00209965  -0.00656752   0.00462866
  0.00209965            0  -0.00284295 -0.000528873
  0.00656752   0.00284295            0   0.00150829
 -0.00462866  0.000528873  -0.00150829            0
EndNode2[0]<--->HoM1[0]
REAL
   0.349139 -0.00121367  0.00556451   0.0412686
-0.00121367      0.1492  0.00803552 -0.00541645
 0.00556451  0.00803552    0.146481   0.0037307
  0.0412686 -0.00541645   0.0037307     0.35518
IMAGINARY
          0  0.00171242   0.0019543  0.00181468
-0.00171242           0  -0.0180895  0.00391036
 -0.0019543   0.0180895           0 -0.00216355
-0.00181468 -0.00391036  0.00216355           0
Repeater1[0]<--->EndNode1[0]
REAL
   0.352689 -0.00654079  0.00311949   0.0375667
-0.00654079    0.154951  0.00651998 -0.00296902
 0.00311949  0.00651998    0.155562 -0.00925818
  0.0375667 -0.00296902 -0.00925818    0.336797
IMAGINARY
           0  -0.00656752  -0.00209965   0.00462866
  0.00656752            0   0.00284295   0.00150829
  0.00209965  -0.00284295            0 -0.000528873
 -0.00462866  -0.00150829  0.000528873            0
Repeater1[0]<--->HoM1[0]
REAL
   0.349139  0.00556451 -0.00121367   0.0412686
 0.00556451    0.146481  0.00803552   0.0037307
-0.00121367  0.00803552      0.1492 -0.00541645
  0.0412686   0.0037307 -0.00541645     0.35518
IMAGINARY
          0   0.0019543  0.00171242  0.00181468
 -0.0019543           0   0.0180895 -0.00216355
-0.00171242  -0.0180895           0  0.00391036
-0.00181468  0.00216355 -0.00391036           0
EndNode1[0]<--->Repeater1[0]
REAL
   0.336604 0.000972889   0.0104831   0.0290548
0.000972889    0.154624 -0.00133529   0.0037512
  0.0104831 -0.00133529    0.157597  0.00127464
  0.0290548   0.0037512  0.00127464    0.351175
IMAGINARY
          0  0.00694756 -0.00232796  0.00204757
-0.00694756           0  0.00160207 -0.00538295
 0.00232796 -0.00160207           0  0.00288007
-0.00204757  0.00538295 -0.00288007           0
EndNode2[0]<--->HoM1[0]
REAL
    0.342687  0.000732885    0.0123636    0.0392964
 0.000732885     0.155821  0.000395868 -0.000363636
   0.0123636  0.000395868      0.16806 -0.000425193
   0.0392964 -0.000363636 -0.000425193     0.333433
IMAGINARY
          0   0.0040659 -0.00515428  0.00199493
 -0.0040659           0  0.00410082   0.0128142
 0.00515428 -0.00410082           0  0.00299327
-0.00199493  -0.0128142 -0.00299327           0
Repeater1[0]<--->EndNode1[0]
REAL
   0.336604   0.0104831 0.000972889   0.0290548
  0.0104831    0.157597 -0.00133529  0.00127464
0.000972889 -0.00133529    0.154624   0.0037512
  0.0290548  0.00127464   0.0037512    0.351175
IMAGINARY
          0 -0.00232796  0.00694756  0.00204757
 0.00232796           0 -0.00160207  0.00288007
-0.00694756  0.00160207           0 -0.00538295
-0.00204757 -0.00288007  0.00538295           0
Repeater1[0]<--->HoM1[0]
REAL
    0.342687    0.0123636  0.000732885    0.0392964
   0.0123636      0.16806  0.000395868 -0.000425193
 0.000732885  0.000395868     0.155821 -0.000363636
   0.0392964 -0.000425193 -0.000363636     0.333433
IMAGINARY
          0 -0.00515428   0.0040659  0.00199493
 0.00515428           0 -0.00410082  0.00299327
 -0.0040659  0.00410082           0   0.0128142
-0.00199493 -0.00299327  -0.0128142           0
EndNode1[0]<--->Repeater1[0]
REAL
   0.333746 -0.00100404 -0.00147467   0.0447504
-0.00100404    0.150155  0.00358749 -0.00447227
-0.00147467  0.00358749    0.155418 -0.00341804
  0.0447504 -0.00447227 -0.00341804    0.360681
IMAGINARY
           0  0.000512193   0.00028427  -0.00818021
-0.000512193            0 -0.000964334  -0.00776844
 -0.00028427  0.000964334            0   0.00236633
  0.00818021   0.00776844  -0.00236633            0
EndNode2[0]<--->HoM1[0]
REAL
   0.331189 -0.00500794  0.00528538   0.0447014
-0.00500794    0.155637  0.00122316  0.00231802
 0.00528538  0.00122316    0.160233 -0.00411615
  0.0447014  0.00231802 -0.00411615    0.352941
IMAGINARY
          0  0.00157292  0.00502589  -0.0102588
-0.00157292           0   0.0026309 -0.00267571
-0.00502589  -0.0026309           0 -0.00686082
  0.0102588  0.00267571  0.00686082           0
Repeater1[0]<--->EndNode1[0]
REAL
   0.333746 -0.00147467 -0.00100404   0.0447504
-0.00147467    0.155418  0.00358749 -0.00341804
-0.00100404  0.00358749    0.150155 -0.00447227
  0.0447504 -0.00341804 -0.00447227    0.360681
IMAGINARY
           0   0.00028427  0.000512193  -0.00818021
 -0.00028427            0  0.000964334   0.00236633
-0.000512193 -0.000964334            0  -0.00776844
  0.00818021  -0.00236633   0.00776844            0
Repeater1[0]<--->HoM1[0]
REAL
   0.331189  0.00528538 -0.00500794   0.0447014
 0.00528538    0.160233  0.00122316 -0.00411615
-0.00500794  0.00122316    0.155637  0.00231802
  0.0447014 -0.00411615  0.00231802    0.352941
IMAGINARY
          0  0.00502589  0.00157292  -0.0102588
-0.00502589           0  -0.0026309 -0.00686082
-0.00157292   0.0026309           0 -0.00267571
  0.0102588  0.00686082  0.00267571           0
EndNode1[0]<--->Repeater1[0]
REAL
    0.345806  -0.00067651 -0.000210154    0.0407647
 -0.00067651      0.14997   0.00777753  -0.00504984
-0.000210154   0.00777753     0.162342 -0.000976631
   0.0407647  -0.00504984 -0.000976631     0.341883
IMAGINARY
          0  0.00218709 -0.00396373  -0.0032582
-0.00218709           0  0.00505246 -0.00367219
 0.00396373 -0.00505246           0  0.00575427
  0.0032582  0.00367219 -0.00575427           0
EndNode2[0]<--->HoM1[0]
REAL
   0.334457 -0.00941218 -0.00502489    0.042714
-0.00941218    0.167382 -0.00067194 -0.00578592
-0.00502489 -0.00067194    0.152361  0.00370648
   0.042714 -0.00578592  0.00370648      0.3458
IMAGINARY
           0  -0.00440133  0.000608948   0.00224358
  0.00440133            0   0.00839472    0.0121338
-0.000608948  -0.00839472            0   0.00106395
 -0.00224358   -0.0121338  -0.00106395            0
Repeater1[0]<--->EndNode1[0]
REAL
    0.345806 -0.000210154  -0.00067651    0.0407647
-0.000210154     0.162342   0.00777753 -0.000976631
 -0.00067651   0.00777753      0.14997  -0.00504984
   0.0407647 -0.000976631  -0.00504984     0.341883
IMAGINARY
          0 -0.00396373  0.00218709  -0.0032582
 0.00396373           0 -0.00505246  0.00575427
-0.00218709  0.00505246           0 -0.00367219
  0.0032582 -0.00575427  0.00367219           0
Repeater1[0]<--->HoM1[0]
REAL
   0.334457 -0.00502489 -0.00941218    0.042714
-0.00502489    0.152361 -0.00067194  0.00370648
-0.00941218 -0.00067194    0.167382 -0.00578592
   0.042714  0.00370648 -0.00578592      0.3458
IMAGINARY
           0  0.000608948  -0.00440133   0.00224358
-0.000608948            0  -0.00839472   0.00106395
  0.00440133   0.00839472            0    0.0121338
 -0.00224358  -0.00106395   -0.0121338            0
EndNode1[0]<--->Repeater1[0]
REAL
   0.351277 -0.00901442 -0.00291866   0.0399187
-0.00901442    0.145985  0.00704775  0.00676837
-0.00291866  0.00704775    0.156022 0.000853036
  0.0399187  0.00676837 0.000853036    0.346715
IMAGINARY
          0  -0.0037696  0.00982347  -0.0057064
  0.0037696           0 -0.00406216 -0.00439524
-0.00982347  0.00406216           0 -0.00256333
  0.0057064  0.00439524  0.00256333           0
EndNode2[0]<--->HoM1[0]
REAL
   0.347641 -0.00263325 -0.00584795   0.0355827
-0.00263325    0.169863 -0.00158754 -0.00317732
-0.00584795 -0.00158754    0.151598 -0.00849791
  0.0355827 -0.00317732 -0.00849791    0.330898
IMAGINARY
          0 -0.00462523  0.00294211 -0.00193216
 0.00462523           0 -0.00388353  -0.0116352
-0.00294211  0.00388353           0  0.00492499
 0.00193216   0.0116352 -0.00492499           0
Repeater1[0]<--->EndNode1[0]
REAL
   0.351277 -0.00291866 -0.00901442   0.0399187
-0.00291866    0.156022  0.00704775 0.000853036
-0.00901442  0.00704775    0.145985  0.00676837
  0.0399187 0.000853036  0.00676837    0.346715
IMAGINARY
          0  0.00982347  -0.0037696  -0.0057064
-0.00982347           0  0.00406216 -0.00256333
  0.0037696 -0.00406216           0 -0.00439524
  0.0057064  0.00256333  0.00439524           0
Repeater1[0]<--->HoM1[0]
REAL
   0.347641 -0.00584795 -0.00263325   0.0355827
-0.00584795    0.151598 -0.00158754 -0.00849791
-0.00263325 -0.00158754    0.169863 -0.00317732
  0.0355827 -0.00849791 -0.00317732    0.330898
IMAGINARY
          0  0.00294211 -0.00462523 -0.00193216
-0.00294211           0  0.00388353  0.00492499
 0.00462523 -0.00388353           0  -0.0116352
 0.00193216 -0.00492499   0.0116352           0
EndNode1[0]<--->Repeater1[0]
REAL
   0.345951  0.00385299 -0.00169064   0.0372526
 0.00385299    0.152653  0.00109373   0.0175684
-0.00169064  0.00109373    0.158238 -0.00385299
  0.0372526   0.0175684 -0.00385299    0.343159
IMAGINARY
          0  0.00790879 -0.00155569 -0.00103533
-0.00790879           0  0.00269046 -0.00200092
 0.00155569 -0.00269046           0  0.00127912
 0.00103533  0.00200092 -0.00127912           0
EndNode2[0]<--->HoM1[0]
REAL
   0.351138  0.00511464 0.000100432    0.037134
 0.00511464    0.146282    -0.00783 -0.00162668
0.000100432    -0.00783    0.155083 -0.00603039
   0.037134 -0.00162668 -0.00603039    0.347496
IMAGINARY
           0  -0.00343293  -0.00442301  0.000360984
  0.00343293            0   -0.0140534  -0.00786716
  0.00442301    0.0140534            0   0.00253365
-0.000360984   0.00786716  -0.00253365            0
Repeater1[0]<--->EndNode1[0]
REAL
   0.345951 -0.00169064  0.00385299   0.0372526
-0.00169064    0.158238  0.00109373 -0.00385299
 0.00385299  0.00109373    0.152653   0.0175684
  0.0372526 -0.00385299   0.0175684    0.343159
IMAGINARY
          0 -0.00155569  0.00790879 -0.00103533
 0.00155569           0 -0.00269046  0.00127912
-0.00790879  0.00269046           0 -0.00200092
 0.00103533 -0.00127912  0.00200092           0
Repeater1[0]<--->HoM1[0]
REAL
   0.351138 0.000100432  0.00511464    0.037134
0.000100432    0.155083    -0.00783 -0.00603039
 0.00511464    -0.00783    0.146282 -0.00162668
   0.037134 -0.00603039 -0.00162668    0.347496
IMAGINARY
           0  -0.00442301  -0.00343293  0.000360984
  0.00442301            0    0.0140534   0.00253365
  0.00343293   -0.0140534            0  -0.00786716
-0.000360984  -0.00253365   0.00786716            0
EndNode1[0]<--->Repeater1[0]
REAL
    0.337172     -0.01499  -0.00665904    0.0383745
    -0.01499     0.159138   -0.0113972 -0.000391846
 -0.00665904   -0.0113972     0.167995  -0.00340359
   0.0383745 -0.000391846  -0.00340359     0.335695
IMAGINARY
           0    0.0039525   0.00976775  -0.00569408
  -0.0039525            0   0.00599656  -0.00778906
 -0.00976775  -0.00599656            0 -0.000756153
  0.00569408   0.00778906  0.000756153            0
EndNode2[0]<--->HoM1[0]
REAL
    0.334361   0.00393304   0.00484788    0.0464492
  0.00393304     0.159938  -0.00821744 -0.000666279
  0.00484788  -0.00821744     0.167334  -0.00871201
   0.0464492 -0.000666279  -0.00871201     0.338367
IMAGINARY
           0  -0.00111674  -0.00200712   -0.0133762
  0.00111674            0  -0.00507561  8.11898e-05
  0.00200712   0.00507561            0   -0.0179944
   0.0133762 -8.11898e-05    0.0179944            0
Repeater1[0]<--->EndNode1[0]
REAL
    0.337172  -0.00665904     -0.01499    0.0383745
 -0.00665904     0.167995   -0.0113972  -0.00340359
    -0.01499   -0.0113972     0.159138 -0.000391846
   0.0383745  -0.00340359 -0.000391846     0.335695
IMAGINARY
           0   0.00976775    0.0039525  -0.00569408
 -0.00976775            0  -0.00599656 -0.000756153
  -0.0039525   0.00599656            0  -0.00778906
  0.00569408  0.000756153   0.00778906            0
Repeater1[0]<--->HoM1[0]
REAL
    0.334361   0.00484788   0.00393304    0.0464492
  0.00484788     0.167334  -0.00821744  -0.00871201
  0.00393304  -0.00821744     0.159938 -0.000666279
   0.0464492  -0.00871201 -0.000666279     0.338367
IMAGINARY
           0  -0.00200712  -0.00111674   -0.0133762
  0.00200712            0   0.00507561   -0.0179944
  0.00111674  -0.00507561            0  8.11898e-05
   0.0133762    0.0179944 -8.11898e-05            0
EndNode1[0]<--->Repeater1[0]
REAL
   0.356796 -0.00616918  0.00375881   0.0448077
-0.00616918    0.162015 -0.00888947  0.00931603
 0.00375881 -0.00888947    0.156857 -0.00119481
  0.0448077  0.00931603 -0.00119481    0.324333
IMAGINARY
          0 -0.00534406  0.00193262 -0.00591422
 0.00534406           0 -0.00265206  0.00510963
-0.00193262  0.00265206           0  0.00505063
 0.00591422 -0.00510963 -0.00505063           0
EndNode2[0]<--->HoM1[0]
REAL
   0.340006  0.00439791 0.000820244   0.0405831
 0.00439791     0.16104   0.0153693 0.000667851
0.000820244   0.0153693    0.157753   0.0036378
  0.0405831 0.000667851   0.0036378    0.341201
IMAGINARY
          0  0.00265761  -0.0016646   0.0151798
-0.00265761           0   0.0054638 -0.00408591
  0.0016646  -0.0054638           0 -0.00929282
 -0.0151798  0.00408591  0.00929282           0
Repeater1[0]<--->EndNode1[0]
REAL
   0.356796  0.00375881 -0.00616918   0.0448077
 0.00375881    0.156857 -0.00888947 -0.00119481
-0.00616918 -0.00888947    0.162015  0.00931603
  0.0448077 -0.00119481  0.00931603    0.324333
IMAGINARY
          0  0.00193262 -0.00534406 -0.00591422
-0.00193262           0  0.00265206  0.00505063
 0.00534406 -0.00265206           0  0.00510963
 0.00591422 -0.00505063 -0.00510963           0
Repeater1[0]<--->HoM1[0]
REAL
   0.340006 0.000820244  0.00439791   0.0405831
0.000820244    0.157753   0.0153693   0.0036378
 0.00439791   0.0153693     0.16104 0.000667851
  0.0405831   0.0036378 0.000667851    0.341201
IMAGINARY
          0  -0.0016646  0.00265761   0.0151798
  0.0016646           0  -0.0054638 -0.00929282
-0.00265761   0.0054638           0 -0.00408591
 -0.0151798  0.00929282  0.00408591           0
EndNode1[0]<--->Repeater1[0]
REAL
    0.344597  -0.00126188   0.00708609     0.038166
 -0.00126188     0.154967 -0.000110749  -0.00258158
  0.00708609 -0.000110749     0.157006   0.00421311
    0.038166  -0.00258158   0.00421311     0.343431
IMAGINARY
          0   0.0014826  -0.0226321 -0.00292929
 -0.0014826           0  -0.0100257 -0.00513729
  0.0226321   0.0100257           0  0.00587255
 0.00292929  0.00513729 -0.00587255           0
EndNode2[0]<--->HoM1[0]
REAL
   0.344012 -0.00668024 -0.00201119   0.0378147
-0.00668024    0.150898  -0.0012142 -0.00171089
-0.00201119  -0.0012142    0.146707 -0.00262497
  0.0378147 -0.00171089 -0.00262497    0.358383
IMAGINARY
          0  0.00909806 -0.00815986  0.00421415
-0.00909806           0  -0.0084927 -0.00167419
 0.00815986   0.0084927           0   0.0074969
-0.00421415  0.00167419  -0.0074969           0
Repeater1[0]<--->EndNode1[0]
REAL
    0.344597   0.00708609  -0.00126188     0.038166
  0.00708609     0.157006 -0.000110749   0.00421311
 -0.00126188 -0.000110749     0.154967  -0.00258158
    0.038166   0.00421311  -0.00258158     0.343431
IMAGINARY
          0  -0.0226321   0.0014826 -0.00292929
  0.0226321           0   0.0100257  0.00587255
 -0.0014826  -0.0100257           0 -0.00513729
 0.00292929 -0.00587255  0.00513729           0
Repeater1[0]<--->HoM1[0]
REAL
   0.344012 -0.00201119 -0.00668024   0.0378147
-0.00201119    0.146707  -0.0012142 -0.00262497
-0.00668024  -0.0012142    0.150898 -0.00171089
  0.0378147 -0.00262497 -0.00171089    0.358383
IMAGINARY
          0 -0.00815986  0.00909806  0.00421415
 0.00815986           0   0.0084927   0.0074969
-0.00909806  -0.0084927           0 -0.00167419
-0.00421415  -0.0074969  0.00167419           0
EndNode1[0]<--->Repeater1[0]
REAL
   0.338527 -0.00849524 -0.00212482   0.0463107
-0.00849524    0.162542  0.00278566 -0.00630892
-0.00212482  0.00278566    0.148182   0.0130133
  0.0463107 -0.00630892   0.0130133    0.350749
IMAGINARY
           0  -0.00126617  -0.00625303  -0.00312372
  0.00126617            0  0.000593202  -0.00743506
  0.00625303 -0.000593202            0   0.00326555
  0.00312372   0.00743506  -0.00326555            0
EndNode2[0]<--->HoM1[0]
REAL
   0.345249 -0.00995674     0.01015     0.03676
-0.00995674    0.154293  0.00825941 -0.00700908
    0.01015  0.00825941    0.156126 0.000234929
    0.03676 -0.00700908 0.000234929    0.344332
IMAGINARY
           0    0.0065403   0.00667873  -0.00218239
  -0.0065403            0   -0.0176554   0.00788137
 -0.00667873    0.0176554            0 -3.47194e-05
  0.00218239  -0.00788137  3.47194e-05            0
Repeater1[0]<--->EndNode1[0]
REAL
   0.338527 -0.00212482 -0.00849524   0.0463107
-0.00212482    0.148182  0.00278566   0.0130133
-0.00849524  0.00278566    0.162542 -0.00630892
  0.0463107   0.0130133 -0.00630892    0.350749
IMAGINARY
           0  -0.00625303  -0.00126617  -0.00312372
  0.00625303            0 -0.000593202   0.00326555
  0.00126617  0.000593202            0  -0.00743506
  0.00312372  -0.00326555   0.00743506            0
Repeater1[0]<--->HoM1[0]
REAL
   0.345249     0.01015 -0.00995674     0.03676
    0.01015    0.156126  0.00825941 0.000234929
-0.00995674  0.00825941    0.154293 -0.00700908
    0.03676 0.000234929 -0.00700908    0.344332
IMAGINARY
           0   0.00667873    0.0065403  -0.00218239
 -0.00667873            0    0.0176554 -3.47194e-05
  -0.0065403   -0.0176554            0   0.00788137
  0.00218239  3.47194e-05  -0.00788137            0
EndNode1[0]<--->Repeater1[0]
REAL
    0.354858 -0.000217388   0.00246441    0.0383003
-0.000217388     0.149863   0.00312951   0.00277041
  0.00246441   0.00312951     0.155346   -0.0056157
   0.0383003   0.00277041   -0.0056157     0.339933
IMAGINARY
           0 -0.000668753   0.00580663    0.0027076
 0.000668753            0   0.00755903   0.00610838
 -0.00580663  -0.00755903            0   0.00339629
  -0.0027076  -0.00610838  -0.00339629            0
EndNode2[0]<--->HoM1[0]
REAL
   0.354217 -0.00226289  -0.0100825   0.0296257
-0.00226289    0.158133  0.00101121 -0.00636782
 -0.0100825  0.00101121    0.158133 -0.00241565
  0.0296257 -0.00636782 -0.00241565    0.329518
IMAGINARY
           0    0.0104962   0.00372098  0.000731462
  -0.0104962            0    0.0144111   0.00621878
 -0.00372098   -0.0144111            0  0.000949622
-0.000731462  -0.00621878 -0.000949622            0
Repeater1[0]<--->EndNode1[0]
REAL
    0.354858   0.00246441 -0.000217388    0.0383003
  0.00246441     0.155346   0.00312951   -0.0056157
-0.000217388   0.00312951     0.149863   0.00277041
   0.0383003   -0.0056157   0.00277041     0.339933
IMAGINARY
           0   0.00580663 -0.000668753    0.0027076
 -0.00580663            0  -0.00755903   0.00339629
 0.000668753   0.00755903            0   0.00610838
  -0.0027076  -0.00339629  -0.00610838            0
Repeater1[0]<--->HoM1[0]
REAL
   0.354217  -0.0100825 -0.00226289   0.0296257
 -0.0100825    0.158133  0.00101121 -0.00241565
-0.00226289  0.00101121    0.158133 -0.00636782
  0.0296257 -0.00241565 -0.00636782    0.329518
IMAGINARY
           0   0.00372098    0.0104962  0.000731462
 -0.00372098            0   -0.0144111  0.000949622
  -0.0104962    0.0144111            0   0.00621878
-0.000731462 -0.000949622  -0.00621878            0
EndNode1[0]<--->Repeater1[0]
REAL
   0.356049  0.00661269  0.00217484   0.0371757
 0.00661269    0.145602   -0.016743  0.00563766
 0.00217484   -0.016743    0.141699 -0.00541077
  0.0371757  0.00563766 -0.00541077     0.35665
IMAGINARY
           0   0.00420741  -0.00668967   -0.0084663
 -0.00420741            0 -0.000680041  -0.00303337
  0.00668967  0.000680041            0   0.00021215
   0.0084663   0.00303337  -0.00021215            0
EndNode2[0]<--->HoM1[0]
REAL
   0.350167  0.00724793 -0.00569053   0.0371392
 0.00724793    0.146638  0.00041949 0.000408843
-0.00569053  0.00041949    0.172802 0.000968029
  0.0371392 0.000408843 0.000968029    0.330392
IMAGINARY
          0  0.00595686  0.00575912 -0.00571015
-0.00595686           0 -0.00630186  0.00127883
-0.00575912  0.00630186           0 -0.00503887
 0.00571015 -0.00127883  0.00503887           0
Repeater1[0]<--->EndNode1[0]
REAL
   0.356049  0.00217484  0.00661269   0.0371757
 0.00217484    0.141699   -0.016743 -0.00541077
 0.00661269   -0.016743    0.145602  0.00563766
  0.0371757 -0.00541077  0.00563766     0.35665
IMAGINARY
           0  -0.00668967   0.00420741   -0.0084663
  0.00668967            0  0.000680041   0.00021215
 -0.00420741 -0.000680041            0  -0.00303337
   0.0084663  -0.00021215   0.00303337            0
Repeater1[0]<--->HoM1[0]
REAL
   0.350167 -0.00569053  0.00724793   0.0371392
-0.00569053    0.172802  0.00041949 0.000968029
 0.00724793  0.00041949    0.146638 0.000408843
  0.0371392 0.000968029 0.000408843    0.330392
IMAGINARY
          0  0.00575912  0.00595686 -0.00571015
-0.00575912           0  0.00630186 -0.00503887
-0.00595686 -0.00630186           0  0.00127883
 0.00571015  0.00503887 -0.00127883           0
EndNode1[0]<--->Repeater1[0]
REAL
   0.337185 -0.00710815 -0.00366319   0.0418598
-0.00710815    0.160535 -0.00365084 -0.00111293
-0.00366319 -0.00365084    0.151718 -0.00513066
  0.0418598 -0.00111293 -0.00513066    0.350562
IMAGINARY
          0  0.00125025 -0.00226663   0.0144552
-0.00125025           0 -0.00917038 -0.00776114
 0.00226663  0.00917038           0 -0.00202161
 -0.0144552  0.00776114  0.00202161           0
EndNode2[0]<--->HoM1[0]
REAL
   0.350755  0.00259558  0.00660686   0.0294459
 0.00259558    0.154381  0.00593964 -0.00948373
 0.00660686  0.00593964    0.164653   0.0022951
  0.0294459 -0.00948373   0.0022951    0.330211
IMAGINARY
          0 -0.00319832  0.00712539 -0.00205564
 0.00319832           0  0.00280168  0.00333866
-0.00712539 -0.00280168           0  0.00577643
 0.00205564 -0.00333866 -0.00577643           0
Repeater1[0]<--->EndNode1[0]
REAL
   0.337185 -0.00366319 -0.00710815   0.0418598
-0.00366319    0.151718 -0.00365084 -0.00513066
-0.00710815 -0.00365084    0.160535 -0.00111293
  0.0418598 -0.00513066 -0.00111293    0.350562
IMAGINARY
          0 -0.00226663  0.00125025   0.0144552
 0.00226663           0  0.00917038 -0.00202161
-0.00125025 -0.00917038           0 -0.00776114
 -0.0144552  0.00202161  0.00776114           0
Repeater1[0]<--->HoM1[0]
REAL
   0.350755  0.00660686  0.00259558   0.0294459
 0.00660686    0.164653  0.00593964   0.0022951
 0.00259558  0.00593964    0.154381 -0.00948373
  0.0294459   0.0022951 -0.00948373    0.330211
IMAGINARY
          0  0.00712539 -0.00319832 -0.00205564
-0.00712539           0 -0.00280168  0.00577643
 0.00319832  0.00280168           0  0.00333866
 0.00205564 -0.00577643 -0.00333866           0
EndNode1[0]<--->Repeater1[0]
REAL
   0.356648  0.00455862 -0.00200781   0.0399186
 0.00455862    0.155562 -0.00801007  0.00351293
-0.00200781 -0.00801007    0.154658 -0.00636477
  0.0399186  0.00351293 -0.00636477    0.333132
IMAGINARY
           0   0.00423441  -0.00611465  -0.00359467
 -0.00423441            0  0.000771487    0.0123136
  0.00611465 -0.000771487            0   0.00317412
  0.00359467   -0.0123136  -0.00317412            0
EndNode2[0]<--->HoM1[0]
REAL
   0.338392 -0.00797384  0.00494174   0.0452402
-0.00797384    0.153566 -0.00743018 -0.00131198
 0.00494174 -0.00743018    0.162974  0.00918376
  0.0452402 -0.00131198  0.00918376    0.345068
IMAGINARY
          0  0.00634023 -0.00675789  0.00451407
-0.00634023           0   0.0157767  0.00543007
 0.00675789  -0.0157767           0  0.00206933
-0.00451407 -0.00543007 -0.00206933           0
Repeater1[0]<--->EndNode1[0]
REAL
   0.356648 -0.00200781  0.00455862   0.0399186
-0.00200781    0.154658 -0.00801007 -0.00636477
 0.00455862 -0.00801007    0.155562  0.00351293
  0.0399186 -0.00636477  0.00351293    0.333132
IMAGINARY
           0  -0.00611465   0.00423441  -0.00359467
  0.00611465            0 -0.000771487   0.00317412
 -0.00423441  0.000771487            0    0.0123136
  0.00359467  -0.00317412   -0.0123136            0
Repeater1[0]<--->HoM1[0]
REAL
   0.338392  0.00494174 -0.00797384   0.0452402
 0.00494174    0.162974 -0.00743018  0.00918376
-0.00797384 -0.00743018    0.153566 -0.00131198
  0.0452402  0.00918376 -0.00131198    0.345068
IMAGINARY
          0 -0.00675789  0.00634023  0.00451407
 0.00675789           0  -0.0157767  0.00206933
-0.00634023   0.0157767           0  0.00543007
