EndNode1[0]<--->Repeater1[0]
REAL
   0.269917  0.00198996   0.0167873   0.0175677
 0.00198996    0.237812  0.00273086  0.00798879
  0.0167873  0.00273086    0.248811 -0.00557205
  0.0175677  0.00798879 -0.00557205     0.24346
IMAGINARY
          0  0.00518772 -0.00795748 -0.00848503
-0.00518772           0 -0.00506139   0.0124085
 0.00795748  0.00506139           0  -0.0057812
 0.00848503  -0.0124085   0.0057812           0
EndNode2[0]<--->HoM1[0]
REAL
     0.25327   -0.0042007 -0.000143277    0.0189936
  -0.0042007     0.252973   0.00318862  -0.00675121
-0.000143277   0.00318862     0.222652  -0.00389282
   0.0189936  -0.00675121  -0.00389282     0.271106
IMAGINARY
           0  -0.00710405    0.0028255   0.00218005
  0.00710405            0  7.28822e-05   0.00175352
  -0.0028255 -7.28822e-05            0   0.00813803
 -0.00218005  -0.00175352  -0.00813803            0
Repeater1[0]<--->EndNode1[0]
REAL
   0.269917   0.0167873  0.00198996   0.0175677
  0.0167873    0.248811  0.00273086 -0.00557205
 0.00198996  0.00273086    0.237812  0.00798879
  0.0175677 -0.00557205  0.00798879     0.24346
IMAGINARY
          0 -0.00795748  0.00518772 -0.00848503
 0.00795748           0  0.00506139  -0.0057812
-0.00518772 -0.00506139           0   0.0124085
 0.00848503   0.0057812  -0.0124085           0
Repeater1[0]<--->HoM1[0]
REAL
     0.25327 -0.000143277   -0.0042007    0.0189936
-0.000143277     0.222652   0.00318862  -0.00389282
  -0.0042007   0.00318862     0.252973  -0.00675121
   0.0189936  -0.00389282  -0.00675121     0.271106
IMAGINARY
           0    0.0028255  -0.00710405   0.00218005
  -0.0028255            0 -7.28822e-05   0.00813803
  0.00710405  7.28822e-05            0   0.00175352
 -0.00218005  -0.00813803  -0.00175352            0
EndNode1[0]<--->Repeater1[0]
REAL
   0.261741 -0.00404466 -0.00227549   0.0170245
-0.00404466    0.229136   0.0100821  -0.0039119
-0.00227549   0.0100821    0.245887    0.011116
  0.0170245  -0.0039119    0.011116    0.263237
IMAGINARY
           0   0.00845147   0.00783494  -0.00144924
 -0.00845147            0  0.000241509   0.00619755
 -0.00783494 -0.000241509            0   0.00262682
  0.00144924  -0.00619755  -0.00262682            0
EndNode2[0]<--->HoM1[0]
REAL
  0.258775 0.00420477 0.00548576   0.023744
0.00420477   0.246877 -0.0129052 0.00472473
0.00548576 -0.0129052   0.238846 -0.0018485
  0.023744 0.00472473 -0.0018485   0.255503
IMAGINARY
          0  0.00568792  0.00312394  -0.0102737
-0.00568792           0 -0.00348501 -0.00545087
-0.00312394  0.00348501           0 -0.00132492
  0.0102737  0.00545087  0.00132492           0
Repeater1[0]<--->EndNode1[0]
REAL
   0.261741 -0.00227549 -0.00404466   0.0170245
-0.00227549    0.245887   0.0100821    0.011116
-0.00404466   0.0100821    0.229136  -0.0039119
  0.0170245    0.011116  -0.0039119    0.263237
IMAGINARY
           0   0.00783494   0.00845147  -0.00144924
 -0.00783494            0 -0.000241509   0.00262682
 -0.00845147  0.000241509            0   0.00619755
  0.00144924  -0.00262682  -0.00619755            0
Repeater1[0]<--->HoM1[0]
REAL
  0.258775 0.00548576 0.00420477   0.023744
0.00548576   0.238846 -0.0129052 -0.0018485
0.00420477 -0.0129052   0.246877 0.00472473
  0.023744 -0.0018485 0.00472473   0.255503
IMAGINARY
          0  0.00312394  0.00568792  -0.0102737
-0.00312394           0  0.00348501 -0.00132492
-0.00568792 -0.00348501           0 -0.00545087
  0.0102737  0.00132492  0.00545087           0
EndNode1[0]<--->Repeater1[0]
REAL
    0.261919   0.00850912 -0.000442473    0.0312762
  0.00850912     0.237779   0.00279429  -0.00433936
-0.000442473   0.00279429     0.238081   0.00613523
   0.0312762  -0.00433936   0.00613523     0.262221
IMAGINARY
          0 -0.00161903  0.00463416   0.0034959
 0.00161903           0   0.0102766  -0.0101516
-0.00463416  -0.0102766           0  0.00564527
 -0.0034959   0.0101516 -0.00564527           0
EndNode2[0]<--->HoM1[0]
REAL
    0.264236  -0.00396162 -7.17292e-05     0.026049
 -0.00396162     0.228683   0.00115271   0.00112373
-7.17292e-05   0.00115271      0.23953  -0.00911322
    0.026049   0.00112373  -0.00911322      0.26755
IMAGINARY
           0  -0.00674498  0.000105774   -0.0025267
  0.00674498            0    0.0050739   0.00285807
-0.000105774   -0.0050739            0  -0.00659231
   0.0025267  -0.00285807   0.00659231            0
Repeater1[0]<--->EndNode1[0]
REAL
    0.261919 -0.000442473   0.00850912    0.0312762
-0.000442473     0.238081   0.00279429   0.00613523
  0.00850912   0.00279429     0.237779  -0.00433936
   0.0312762   0.00613523  -0.00433936     0.262221
IMAGINARY
          0  0.00463416 -0.00161903   0.0034959
-0.00463416           0  -0.0102766  0.00564527
 0.00161903   0.0102766           0  -0.0101516
 -0.0034959 -0.00564527   0.0101516           0
Repeater1[0]<--->HoM1[0]
REAL
    0.264236 -7.17292e-05  -0.00396162     0.026049
-7.17292e-05      0.23953   0.00115271  -0.00911322
 -0.00396162   0.00115271     0.228683   0.00112373
    0.026049  -0.00911322   0.00112373      0.26755
IMAGINARY
           0  0.000105774  -0.00674498   -0.0025267
-0.000105774            0   -0.0050739  -0.00659231
  0.00674498    0.0050739            0   0.00285807
   0.0025267   0.00659231  -0.00285807            0
EndNode1[0]<--->Repeater1[0]
REAL
   0.246257   0.0118548  0.00566348   0.0186926
  0.0118548    0.238313 -0.00147225 -0.00429195
 0.00566348 -0.00147225    0.257256 -0.00682586
  0.0186926 -0.00429195 -0.00682586    0.258173
IMAGINARY
          0 -0.00275055 -0.00323789 -0.00386206
 0.00275055           0 -0.00742078 -0.00309122
 0.00323789  0.00742078           0 -0.00799423
 0.00386206  0.00309122  0.00799423           0
EndNode2[0]<--->HoM1[0]
REAL
   0.270852 -0.00593543 0.000560585   0.0254697
-0.00593543    0.237792  0.00551703  0.00425289
0.000560585  0.00551703    0.231119 -0.00218731
  0.0254697  0.00425289 -0.00218731    0.260237
IMAGINARY
          0  0.00066955 -0.00483329 -0.00364707
-0.00066955           0  0.00349579  0.00705025
 0.00483329 -0.00349579           0 -0.00938962
 0.00364707 -0.00705025  0.00938962           0
Repeater1[0]<--->EndNode1[0]
REAL
   0.246257  0.00566348   0.0118548   0.0186926
 0.00566348    0.257256 -0.00147225 -0.00682586
  0.0118548 -0.00147225    0.238313 -0.00429195
  0.0186926 -0.00682586 -0.00429195    0.258173
IMAGINARY
          0 -0.00323789 -0.00275055 -0.00386206
 0.00323789           0  0.00742078 -0.00799423
 0.00275055 -0.00742078           0 -0.00309122
 0.00386206  0.00799423  0.00309122           0
Repeater1[0]<--->HoM1[0]
REAL
   0.270852 0.000560585 -0.00593543   0.0254697
0.000560585    0.231119  0.00551703 -0.00218731
-0.00593543  0.00551703    0.237792  0.00425289
  0.0254697 -0.00218731  0.00425289    0.260237
IMAGINARY
          0 -0.00483329  0.00066955 -0.00364707
 0.00483329           0 -0.00349579 -0.00938962
-0.00066955  0.00349579           0  0.00705025
 0.00364707  0.00938962 -0.00705025           0
EndNode1[0]<--->Repeater1[0]
REAL
   0.255976   0.0015911 -0.00726473   0.0138204
  0.0015911    0.252345  0.00443001 0.000175743
-0.00726473  0.00443001     0.23298   0.0024813
  0.0138204 0.000175743   0.0024813    0.258699
IMAGINARY
          0  -0.0037273 -0.00283486  0.00767178
  0.0037273           0  0.00270938 -0.00597763
 0.00283486 -0.00270938           0 -0.00190691
-0.00767178  0.00597763  0.00190691           0
EndNode2[0]<--->HoM1[0]
REAL
    0.261745 -0.000472488   0.00781259     0.016038
-0.000472488     0.241027  -0.00988793   0.00356502
  0.00781259  -0.00988793      0.23169   0.00324002
    0.016038   0.00356502   0.00324002     0.265538
IMAGINARY
           0  -0.00879397   0.00301382  0.000669017
  0.00879397            0  -0.00572262  -0.00301382
 -0.00301382   0.00572262            0   0.00570755
-0.000669017   0.00301382  -0.00570755            0
Repeater1[0]<--->EndNode1[0]
REAL
   0.255976 -0.00726473   0.0015911   0.0138204
-0.00726473     0.23298  0.00443001   0.0024813
  0.0015911  0.00443001    0.252345 0.000175743
  0.0138204   0.0024813 0.000175743    0.258699
IMAGINARY
          0 -0.00283486  -0.0037273  0.00767178
 0.00283486           0 -0.00270938 -0.00190691
  0.0037273  0.00270938           0 -0.00597763
-0.00767178  0.00190691  0.00597763           0
Repeater1[0]<--->HoM1[0]
REAL
    0.261745   0.00781259 -0.000472488     0.016038
  0.00781259      0.23169  -0.00988793   0.00324002
-0.000472488  -0.00988793     0.241027   0.00356502
    0.016038   0.00324002   0.00356502     0.265538
IMAGINARY
           0   0.00301382  -0.00879397  0.000669017
 -0.00301382            0   0.00572262   0.00570755
  0.00879397  -0.00572262            0  -0.00301382
-0.000669017  -0.00570755   0.00301382            0
EndNode1[0]<--->Repeater1[0]
REAL
   0.261731 -0.00658899  0.00397319   0.0196865
-0.00658899    0.237965 -0.00482921   0.0023522
 0.00397319 -0.00482921    0.247105  0.00497086
  0.0196865   0.0023522  0.00497086    0.253199
IMAGINARY
           0   0.00350464  -0.00055588  0.000308153
 -0.00350464            0     0.001357   0.00963578
  0.00055588    -0.001357            0  -0.00259665
-0.000308153  -0.00963578   0.00259665            0
EndNode2[0]<--->HoM1[0]
REAL
     0.25335     0.003819 -5.92611e-05    0.0308225
    0.003819     0.231121 -0.000351132  -0.00699568
-5.92611e-05 -0.000351132     0.251523   0.00473699
   0.0308225  -0.00699568   0.00473699     0.264007
IMAGINARY
          0  -0.0012428  -0.0035292  0.00895203
  0.0012428           0 -0.00340481 -0.00930698
  0.0035292  0.00340481           0  0.00307654
-0.00895203  0.00930698 -0.00307654           0
Repeater1[0]<--->EndNode1[0]
REAL
   0.261731  0.00397319 -0.00658899   0.0196865
 0.00397319    0.247105 -0.00482921  0.00497086
-0.00658899 -0.00482921    0.237965   0.0023522
  0.0196865  0.00497086   0.0023522    0.253199
IMAGINARY
           0  -0.00055588   0.00350464  0.000308153
  0.00055588            0    -0.001357  -0.00259665
 -0.00350464     0.001357            0   0.00963578
-0.000308153   0.00259665  -0.00963578            0
Repeater1[0]<--->HoM1[0]
REAL
     0.25335 -5.92611e-05     0.003819    0.0308225
-5.92611e-05     0.251523 -0.000351132   0.00473699
    0.003819 -0.000351132     0.231121  -0.00699568
   0.0308225   0.00473699  -0.00699568     0.264007
IMAGINARY
          0  -0.0035292  -0.0012428  0.00895203
  0.0035292           0  0.00340481  0.00307654
  0.0012428 -0.00340481           0 -0.00930698
-0.00895203 -0.00307654  0.00930698           0
EndNode1[0]<--->Repeater1[0]
REAL
   0.268519 -0.00466791  0.00743968   0.0242625
-0.00466791    0.248507 -0.00742548   0.0051881
 0.00743968 -0.00742548    0.229689 -0.00284863
  0.0242625   0.0051881 -0.00284863    0.253286
IMAGINARY
          0 -0.00348339 -0.00465584  0.00148642
 0.00348339           0   -0.012431  0.00404645
 0.00465584    0.012431           0  0.00683501
-0.00148642 -0.00404645 -0.00683501           0
EndNode2[0]<--->HoM1[0]
REAL
   0.260529 -0.00115252  0.00453927   0.0196733
-0.00115252    0.237365 0.000507411  -0.0063465
 0.00453927 0.000507411    0.251203 -0.00336556
  0.0196733  -0.0063465 -0.00336556    0.250903
IMAGINARY
           0  -0.00095333 -0.000462483   0.00594895
  0.00095333            0   0.00732805 -0.000610807
 0.000462483  -0.00732805            0   0.00447986
 -0.00594895  0.000610807  -0.00447986            0
Repeater1[0]<--->EndNode1[0]
REAL
   0.268519  0.00743968 -0.00466791   0.0242625
 0.00743968    0.229689 -0.00742548 -0.00284863
-0.00466791 -0.00742548    0.248507   0.0051881
  0.0242625 -0.00284863   0.0051881    0.253286
IMAGINARY
          0 -0.00465584 -0.00348339  0.00148642
 0.00465584           0    0.012431  0.00683501
 0.00348339   -0.012431           0  0.00404645
-0.00148642 -0.00683501 -0.00404645           0
Repeater1[0]<--->HoM1[0]
REAL
   0.260529  0.00453927 -0.00115252   0.0196733
 0.00453927    0.251203 0.000507411 -0.00336556
-0.00115252 0.000507411    0.237365  -0.0063465
  0.0196733 -0.00336556  -0.0063465    0.250903
IMAGINARY
           0 -0.000462483  -0.00095333   0.00594895
 0.000462483            0  -0.00732805   0.00447986
  0.00095333   0.00732805            0 -0.000610807
 -0.00594895  -0.00447986  0.000610807            0
EndNode1[0]<--->Repeater1[0]
REAL
   0.290381  0.00133976   0.0162081   0.0212772
 0.00133976    0.235027   0.0123924 -0.00745697
  0.0162081   0.0123924    0.229885 -0.00682775
  0.0212772 -0.00745697 -0.00682775    0.244707
IMAGINARY
           0 -0.000309163  -0.00141103   -0.0111446
 0.000309163            0  -0.00474003  -0.00563554
  0.00141103   0.00474003            0 -0.000916327
   0.0111446   0.00563554  0.000916327            0
EndNode2[0]<--->HoM1[0]
REAL
   0.253659 -0.00784809 -0.00608842   0.0153827
-0.00784809      0.2375  0.00296869 -0.00263601
-0.00608842  0.00296869    0.237195  0.00303462
  0.0153827 -0.00263601  0.00303462    0.271646
IMAGINARY
           0   0.00395468   0.00886209   -0.0096232
 -0.00395468            0    0.0085532  0.000859718
 -0.00886209   -0.0085532            0    0.0102541
   0.0096232 -0.000859718   -0.0102541            0
Repeater1[0]<--->EndNode1[0]
REAL
   0.290381   0.0162081  0.00133976   0.0212772
  0.0162081    0.229885   0.0123924 -0.00682775
 0.00133976   0.0123924    0.235027 -0.00745697
  0.0212772 -0.00682775 -0.00745697    0.244707
IMAGINARY
           0  -0.00141103 -0.000309163   -0.0111446
  0.00141103            0   0.00474003 -0.000916327
 0.000309163  -0.00474003            0  -0.00563554
   0.0111446  0.000916327   0.00563554            0
Repeater1[0]<--->HoM1[0]
REAL
   0.253659 -0.00608842 -0.00784809   0.0153827
-0.00608842    0.237195  0.00296869  0.00303462
-0.00784809  0.00296869      0.2375 -0.00263601
  0.0153827  0.00303462 -0.00263601    0.271646
IMAGINARY
           0   0.00886209   0.00395468   -0.0096232
 -0.00886209            0   -0.0085532    0.0102541
 -0.00395468    0.0085532            0  0.000859718
   0.0096232   -0.0102541 -0.000859718            0
EndNode1[0]<--->Repeater1[0]
REAL
   0.257277  -0.0122298  0.00410796   0.0189123
 -0.0122298    0.229638   0.0138494 -0.00502651
 0.00410796   0.0138494    0.243164 -0.00583514
  0.0189123 -0.00502651 -0.00583514    0.269921
IMAGINARY
          0  0.00242994  -0.0131386  0.00169168
-0.00242994           0  0.00139565 -0.00297062
  0.0131386 -0.00139565           0 -0.00565179
-0.00169168  0.00297062  0.00565179           0
EndNode2[0]<--->HoM1[0]
REAL
   0.264724 -0.00867293  0.00674815    0.022901
-0.00867293    0.237117    0.010743 -0.00747638
 0.00674815    0.010743    0.242945 -0.00749369
   0.022901 -0.00747638 -0.00749369    0.255215
IMAGINARY
           0   0.00754901  0.000468446  -0.00218387
 -0.00754901            0   0.00853917   -0.0141463
-0.000468446  -0.00853917            0  -0.00268579
  0.00218387    0.0141463   0.00268579            0
Repeater1[0]<--->EndNode1[0]
REAL
   0.257277  0.00410796  -0.0122298   0.0189123
 0.00410796    0.243164   0.0138494 -0.00583514
 -0.0122298   0.0138494    0.229638 -0.00502651
  0.0189123 -0.00583514 -0.00502651    0.269921
IMAGINARY
          0  -0.0131386  0.00242994  0.00169168
  0.0131386           0 -0.00139565 -0.00565179
-0.00242994  0.00139565           0 -0.00297062
-0.00169168  0.00565179  0.00297062           0
Repeater1[0]<--->HoM1[0]
REAL
   0.264724  0.00674815 -0.00867293    0.022901
 0.00674815    0.242945    0.010743 -0.00749369
-0.00867293    0.010743    0.237117 -0.00747638
   0.022901 -0.00749369 -0.00747638    0.255215
IMAGINARY
           0  0.000468446   0.00754901  -0.00218387
-0.000468446            0  -0.00853917  -0.00268579
 -0.00754901   0.00853917            0   -0.0141463
  0.00218387   0.00268579    0.0141463            0
EndNode1[0]<--->Repeater1[0]
REAL
   0.264671 0.000580317 2.08279e-05   0.0264525
0.000580317    0.241018 0.000987424  0.00250068
2.08279e-05 0.000987424    0.242814 -0.00132194
  0.0264525  0.00250068 -0.00132194    0.251497
IMAGINARY
          0  0.00346745  0.00475052  0.00239199
-0.00346745           0  0.00119223  0.00760081
-0.00475052 -0.00119223           0  0.00674908
-0.00239199 -0.00760081 -0.00674908           0
EndNode2[0]<--->HoM1[0]
REAL
   0.268409  0.00137806  0.00402895    0.017025
 0.00137806    0.234857 -0.00938445 -0.00739081
 0.00402895 -0.00938445    0.239905  0.00167818
   0.017025 -0.00739081  0.00167818    0.256829
IMAGINARY
           0  0.000353034  -0.00192417   0.00140994
-0.000353034            0   0.00170302  -0.00312034
  0.00192417  -0.00170302            0     0.014187
 -0.00140994   0.00312034    -0.014187            0
Repeater1[0]<--->EndNode1[0]
REAL
   0.264671 2.08279e-05 0.000580317   0.0264525
2.08279e-05    0.242814 0.000987424 -0.00132194
0.000580317 0.000987424    0.241018  0.00250068
  0.0264525 -0.00132194  0.00250068    0.251497
IMAGINARY
          0  0.00475052  0.00346745  0.00239199
-0.00475052           0 -0.00119223  0.00674908
-0.00346745  0.00119223           0  0.00760081
-0.00239199 -0.00674908 -0.00760081           0
Repeater1[0]<--->HoM1[0]
REAL
   0.268409  0.00402895  0.00137806    0.017025
 0.00402895    0.239905 -0.00938445  0.00167818
 0.00137806 -0.00938445    0.234857 -0.00739081
   0.017025  0.00167818 -0.00739081    0.256829
IMAGINARY
           0  -0.00192417  0.000353034   0.00140994
  0.00192417            0  -0.00170302     0.014187
-0.000353034   0.00170302            0  -0.00312034
 -0.00140994    -0.014187   0.00312034            0
EndNode1[0]<--->Repeater1[0]
REAL
    0.246988    0.0152993  -0.00785181     0.026706
   0.0152993     0.249699 -0.000185213 -0.000389124
 -0.00785181 -0.000185213     0.238855   -0.0115534
    0.026706 -0.000389124   -0.0115534     0.264458
IMAGINARY
          0 -0.00578789  0.00657268 -0.00505686
 0.00578789           0 -0.00294077 -0.00686818
-0.00657268  0.00294077           0  0.00342383
 0.00505686  0.00686818 -0.00342383           0
EndNode2[0]<--->HoM1[0]
REAL
    0.262904   0.00940993  -0.00125886    0.0140911
  0.00940993     0.243284  -0.00163989 -0.000391306
 -0.00125886  -0.00163989     0.237851   -0.0119602
   0.0140911 -0.000391306   -0.0119602     0.255961
IMAGINARY
          0 -0.00292341  0.00995516 -0.00708881
 0.00292341           0 -0.00212641 -0.00347768
-0.00995516  0.00212641           0 -0.00232027
 0.00708881  0.00347768  0.00232027           0
Repeater1[0]<--->EndNode1[0]
REAL
    0.246988  -0.00785181    0.0152993     0.026706
 -0.00785181     0.238855 -0.000185213   -0.0115534
   0.0152993 -0.000185213     0.249699 -0.000389124
    0.026706   -0.0115534 -0.000389124     0.264458
IMAGINARY
          0  0.00657268 -0.00578789 -0.00505686
-0.00657268           0  0.00294077  0.00342383
 0.00578789 -0.00294077           0 -0.00686818
 0.00505686 -0.00342383  0.00686818           0
Repeater1[0]<--->HoM1[0]
REAL
    0.262904  -0.00125886   0.00940993    0.0140911
 -0.00125886     0.237851  -0.00163989   -0.0119602
  0.00940993  -0.00163989     0.243284 -0.000391306
   0.0140911   -0.0119602 -0.000391306     0.255961
IMAGINARY
          0  0.00995516 -0.00292341 -0.00708881
-0.00995516           0  0.00212641 -0.00232027
 0.00292341 -0.00212641           0 -0.00347768
 0.00708881  0.00232027  0.00347768           0
EndNode1[0]<--->Repeater1[0]
REAL
   0.262822  0.00313823 -0.00301124   0.0281565
 0.00313823     0.23824  0.00569145  0.00122977
-0.00301124  0.00569145    0.239757 -0.00848265
  0.0281565  0.00122977 -0.00848265    0.259181
IMAGINARY
           0   0.00542043   -0.0126608 -0.000608822
 -0.00542043            0   0.00295624  -0.00130397
   0.0126608  -0.00295624            0   0.00338345
 0.000608822   0.00130397  -0.00338345            0
EndNode2[0]<--->HoM1[0]
REAL
    0.255019 -0.000981638  -0.00475869    0.0209896
-0.000981638     0.237039    -0.001894   0.00613358
 -0.00475869    -0.001894     0.238238  -8.7717e-05
   0.0209896   0.00613358  -8.7717e-05     0.269703
IMAGINARY
           0   0.00975737  -0.00317793  -0.00420222
 -0.00975737            0  -0.00184373   0.00691708
  0.00317793   0.00184373            0 -0.000633828
  0.00420222  -0.00691708  0.000633828            0
Repeater1[0]<--->EndNode1[0]
REAL
   0.262822 -0.00301124  0.00313823   0.0281565
-0.00301124    0.239757  0.00569145 -0.00848265
 0.00313823  0.00569145     0.23824  0.00122977
  0.0281565 -0.00848265  0.00122977    0.259181
IMAGINARY
           0   -0.0126608   0.00542043 -0.000608822
   0.0126608            0  -0.00295624   0.00338345
 -0.00542043   0.00295624            0  -0.00130397
 0.000608822  -0.00338345   0.00130397            0
Repeater1[0]<--->HoM1[0]
REAL
    0.255019  -0.00475869 -0.000981638    0.0209896
 -0.00475869     0.238238    -0.001894  -8.7717e-05
-0.000981638    -0.001894     0.237039   0.00613358
   0.0209896  -8.7717e-05   0.00613358     0.269703
IMAGINARY
           0  -0.00317793   0.00975737  -0.00420222
  0.00317793            0   0.00184373 -0.000633828
 -0.00975737  -0.00184373            0   0.00691708
  0.00420222  0.000633828  -0.00691708            0
EndNode1[0]<--->Repeater1[0]
REAL
    0.263717   -0.0037615    0.0100019    0.0129068
  -0.0037615     0.230383   0.00854331 -0.000938414
   0.0100019   0.00854331     0.236283   0.00859534
   0.0129068 -0.000938414   0.00859534     0.269617
IMAGINARY
           0  -0.00172698  0.000676568   0.00628375
  0.00172698            0  -0.00598435  -0.00684569
-0.000676568   0.00598435            0  -0.00022908
 -0.00628375   0.00684569   0.00022908            0
EndNode2[0]<--->HoM1[0]
REAL
   0.259551  0.00681362 -0.00335449   0.0203702
 0.00681362    0.225591 -0.00348142  0.00319955
-0.00335449 -0.00348142    0.239842 -0.00355982
  0.0203702  0.00319955 -0.00355982    0.275015
IMAGINARY
           0 -0.000358981   0.00377818    0.0036183
 0.000358981            0  -0.00421962 -0.000833541
 -0.00377818   0.00421962            0   0.00713166
  -0.0036183  0.000833541  -0.00713166            0
Repeater1[0]<--->EndNode1[0]
REAL
    0.263717    0.0100019   -0.0037615    0.0129068
   0.0100019     0.236283   0.00854331   0.00859534
  -0.0037615   0.00854331     0.230383 -0.000938414
   0.0129068   0.00859534 -0.000938414     0.269617
IMAGINARY
           0  0.000676568  -0.00172698   0.00628375
-0.000676568            0   0.00598435  -0.00022908
  0.00172698  -0.00598435            0  -0.00684569
 -0.00628375   0.00022908   0.00684569            0
Repeater1[0]<--->HoM1[0]
REAL
   0.259551 -0.00335449  0.00681362   0.0203702
-0.00335449    0.239842 -0.00348142 -0.00355982
 0.00681362 -0.00348142    0.225591  0.00319955
  0.0203702 -0.00355982  0.00319955    0.275015
IMAGINARY
           0   0.00377818 -0.000358981    0.0036183
 -0.00377818            0   0.00421962   0.00713166
 0.000358981  -0.00421962            0 -0.000833541
  -0.0036183  -0.00713166  0.000833541            0
EndNode1[0]<--->Repeater1[0]
REAL
   0.257801 7.44061e-05   -0.005277   0.0170375
7.44061e-05    0.236595 -0.00382761 -0.00277037
  -0.005277 -0.00382761    0.242048 -0.00721076
  0.0170375 -0.00277037 -0.00721076    0.263556
IMAGINARY
          0 -0.00567279 -0.00174629  -0.0126142
 0.00567279           0  0.00811752   -0.001452
 0.00174629 -0.00811752           0  -0.0121463
  0.0126142    0.001452   0.0121463           0
EndNode2[0]<--->HoM1[0]
REAL
   0.254618  -0.0137013  0.00610841   0.0195852
 -0.0137013    0.254618 -0.00189269 -0.00536502
 0.00610841 -0.00189269    0.222291 -0.00220708
  0.0195852 -0.00536502 -0.00220708    0.268473
IMAGINARY
           0  -0.00387981  -0.00908211   -0.0103018
  0.00387981            0  -0.00712288  -0.00849074
  0.00908211   0.00712288            0  0.000124933
   0.0103018   0.00849074 -0.000124933            0
Repeater1[0]<--->EndNode1[0]
REAL
   0.257801   -0.005277 7.44061e-05   0.0170375
  -0.005277    0.242048 -0.00382761 -0.00721076
7.44061e-05 -0.00382761    0.236595 -0.00277037
  0.0170375 -0.00721076 -0.00277037    0.263556
IMAGINARY
          0 -0.00174629 -0.00567279  -0.0126142
 0.00174629           0 -0.00811752  -0.0121463
 0.00567279  0.00811752           0   -0.001452
  0.0126142   0.0121463    0.001452           0
Repeater1[0]<--->HoM1[0]
REAL
   0.254618  0.00610841  -0.0137013   0.0195852
 0.00610841    0.222291 -0.00189269 -0.00220708
 -0.0137013 -0.00189269    0.254618 -0.00536502
  0.0195852 -0.00220708 -0.00536502    0.268473
IMAGINARY
           0  -0.00908211  -0.00387981   -0.0103018
  0.00908211            0   0.00712288  0.000124933
  0.00387981  -0.00712288            0  -0.00849074
   0.0103018 -0.000124933   0.00849074            0
EndNode1[0]<--->Repeater1[0]
REAL
   0.259686  0.00447262  0.00316977   0.0154386
 0.00447262    0.239574 -0.00517993  -0.0101576
 0.00316977 -0.00517993    0.240757  0.00905697
  0.0154386  -0.0101576  0.00905697    0.259982
IMAGINARY
          0 -0.00499263   0.0072865 -0.00482542
 0.00499263           0  -0.0159895 -0.00455758
 -0.0072865   0.0159895           0 -0.00713593
 0.00482542  0.00455758  0.00713593           0
EndNode2[0]<--->HoM1[0]
REAL
   0.272465 -0.00563249 9.06822e-05   0.0117602
-0.00563249    0.232881  0.00574357  0.00858512
9.06822e-05  0.00574357     0.23837 -0.00426096
  0.0117602  0.00858512 -0.00426096    0.256284
IMAGINARY
          0  -0.0164763 -0.00178839 -0.00691952
  0.0164763           0 -0.00482747 -0.00330263
 0.00178839  0.00482747           0  0.00829982
 0.00691952  0.00330263 -0.00829982           0
Repeater1[0]<--->EndNode1[0]
REAL
   0.259686  0.00316977  0.00447262   0.0154386
 0.00316977    0.240757 -0.00517993  0.00905697
 0.00447262 -0.00517993    0.239574  -0.0101576
  0.0154386  0.00905697  -0.0101576    0.259982
IMAGINARY
          0   0.0072865 -0.00499263 -0.00482542
 -0.0072865           0   0.0159895 -0.00713593
 0.00499263  -0.0159895           0 -0.00455758
 0.00482542  0.00713593  0.00455758           0
Repeater1[0]<--->HoM1[0]
REAL
   0.272465 9.06822e-05 -0.00563249   0.0117602
9.06822e-05     0.23837  0.00574357 -0.00426096
-0.00563249  0.00574357    0.232881  0.00858512
  0.0117602 -0.00426096  0.00858512    0.256284
IMAGINARY
          0 -0.00178839  -0.0164763 -0.00691952
 0.00178839           0  0.00482747  0.00829982
  0.0164763 -0.00482747           0 -0.00330263
 0.00691952 -0.00829982  0.00330263           0
EndNode1[0]<--->Repeater1[0]
REAL
   0.274315  0.00588906 -0.00067762   0.0387797
 0.00588906    0.237278 -0.00231826  0.00247081
-0.00067762 -0.00231826    0.230352  0.00158255
  0.0387797  0.00247081  0.00158255    0.258055
IMAGINARY
          0  -0.0006304  0.00107966 -0.00120322
  0.0006304           0  0.00551229 -0.00669082
-0.00107966 -0.00551229           0 -0.00376754
 0.00120322  0.00669082  0.00376754           0
EndNode2[0]<--->HoM1[0]
REAL
   0.260611  -0.0069271 -0.00672585   0.0113853
 -0.0069271    0.241615  -0.0125945  0.00581896
-0.00672585  -0.0125945     0.23924 -0.00304872
  0.0113853  0.00581896 -0.00304872    0.258534
IMAGINARY
          0  0.00941911  0.00250125 -0.00707194
-0.00941911           0  0.00677971 -0.00741636
-0.00250125 -0.00677971           0 -0.00390824
 0.00707194  0.00741636  0.00390824           0
Repeater1[0]<--->EndNode1[0]
REAL
   0.274315 -0.00067762  0.00588906   0.0387797
-0.00067762    0.230352 -0.00231826  0.00158255
 0.00588906 -0.00231826    0.237278  0.00247081
  0.0387797  0.00158255  0.00247081    0.258055
IMAGINARY
          0  0.00107966  -0.0006304 -0.00120322
-0.00107966           0 -0.00551229 -0.00376754
  0.0006304  0.00551229           0 -0.00669082
 0.00120322  0.00376754  0.00669082           0
Repeater1[0]<--->HoM1[0]
REAL
   0.260611 -0.00672585  -0.0069271   0.0113853
-0.00672585     0.23924  -0.0125945 -0.00304872
 -0.0069271  -0.0125945    0.241615  0.00581896
  0.0113853 -0.00304872  0.00581896    0.258534
IMAGINARY
          0  0.00250125  0.00941911 -0.00707194
-0.00250125           0 -0.00677971 -0.00390824
-0.00941911  0.00677971           0 -0.00741636
 0.00707194  0.00390824  0.00741636           0
EndNode1[0]<--->Repeater1[0]
REAL
   0.253061  -0.0101081  0.00409203   0.0228011
 -0.0101081     0.23207 -0.00620611   0.0100444
 0.00409203 -0.00620611    0.252187 0.000581408
  0.0228011   0.0100444 0.000581408    0.262682
IMAGINARY
          0 -0.00681169 -0.00237803  0.00447917
 0.00681169           0   0.0061403  0.00237803
 0.00237803  -0.0061403           0 -0.00245864
-0.00447917 -0.00237803  0.00245864           0
EndNode2[0]<--->HoM1[0]
REAL
   0.253816  0.00153502  0.00114659    0.031602
 0.00153502    0.253218 -0.00849718  0.00957525
 0.00114659 -0.00849718     0.23496   0.0106969
   0.031602  0.00957525   0.0106969    0.258007
IMAGINARY
          0  0.00456712  0.00518105 -0.00442661
-0.00456712           0   0.0020009 -0.00678502
-0.00518105  -0.0020009           0 -0.00325478
 0.00442661  0.00678502  0.00325478           0
Repeater1[0]<--->EndNode1[0]
REAL
   0.253061  0.00409203  -0.0101081   0.0228011
 0.00409203    0.252187 -0.00620611 0.000581408
 -0.0101081 -0.00620611     0.23207   0.0100444
  0.0228011 0.000581408   0.0100444    0.262682
IMAGINARY
          0 -0.00237803 -0.00681169  0.00447917
 0.00237803           0  -0.0061403 -0.00245864
 0.00681169   0.0061403           0  0.00237803
-0.00447917  0.00245864 -0.00237803           0
Repeater1[0]<--->HoM1[0]
REAL
   0.253816  0.00114659  0.00153502    0.031602
 0.00114659     0.23496 -0.00849718   0.0106969
 0.00153502 -0.00849718    0.253218  0.00957525
   0.031602   0.0106969  0.00957525    0.258007
IMAGINARY
          0  0.00518105  0.00456712 -0.00442661
-0.00518105           0  -0.0020009 -0.00325478
-0.00456712   0.0020009           0 -0.00678502
 0.00442661  0.00325478  0.00678502           0
EndNode1[0]<--->Repeater1[0]
REAL
    0.25888  0.00407463  0.00800548   0.0147141
 0.00407463    0.238411 -0.00115172  0.00163888
 0.00800548 -0.00115172    0.238411  0.00496696
  0.0147141  0.00163888  0.00496696    0.264299
IMAGINARY
           0  -0.00604826  -0.00137248  -0.00856009
  0.00604826            0 -0.000211844   1.2557e-05
  0.00137248  0.000211844            0  -0.00468006
  0.00856009  -1.2557e-05   0.00468006            0
EndNode2[0]<--->HoM1[0]
REAL
   0.260198  0.00912027  0.00323213   0.0185113
 0.00912027    0.234266  0.00374842   0.0039831
 0.00323213  0.00374842    0.233683 -0.00313317
  0.0185113   0.0039831 -0.00313317    0.271853
IMAGINARY
           0  -0.00117327 -0.000968163   -0.0058274
  0.00117327            0   0.00121485    0.0100645
 0.000968163  -0.00121485            0  -0.00344945
   0.0058274   -0.0100645   0.00344945            0
Repeater1[0]<--->EndNode1[0]
REAL
    0.25888  0.00800548  0.00407463   0.0147141
 0.00800548    0.238411 -0.00115172  0.00496696
 0.00407463 -0.00115172    0.238411  0.00163888
  0.0147141  0.00496696  0.00163888    0.264299
IMAGINARY
           0  -0.00137248  -0.00604826  -0.00856009
  0.00137248            0  0.000211844  -0.00468006
  0.00604826 -0.000211844            0   1.2557e-05
  0.00856009   0.00468006  -1.2557e-05            0
Repeater1[0]<--->HoM1[0]
REAL
   0.260198  0.00323213  0.00912027   0.0185113
 0.00323213    0.233683  0.00374842 -0.00313317
 0.00912027  0.00374842    0.234266   0.0039831
  0.0185113 -0.00313317   0.0039831    0.271853
IMAGINARY
           0 -0.000968163  -0.00117327   -0.0058274
 0.000968163            0  -0.00121485  -0.00344945
  0.00117327   0.00121485            0    0.0100645
   0.0058274   0.00344945   -0.0100645            0
EndNode1[0]<--->Repeater1[0]
REAL
   0.262978  0.00218464 0.000391968   0.0263997
 0.00218464    0.244016  -0.0167815 -0.00231561
0.000391968  -0.0167815    0.235934  0.00565791
  0.0263997 -0.00231561  0.00565791    0.257072
IMAGINARY
          0 -0.00222814 -0.00923297 -0.00265147
 0.00222814           0  0.00562766 -0.00428841
 0.00923297 -0.00562766           0   0.0154587
 0.00265147  0.00428841  -0.0154587           0
EndNode2[0]<--->HoM1[0]
REAL
   0.262355 0.000474568    0.011164   0.0170861
0.000474568    0.226968   0.0158842  0.00305258
   0.011164   0.0158842    0.243441 -0.00198697
  0.0170861  0.00305258 -0.00198697    0.267236
IMAGINARY
          0 -0.00348734   0.0042432  0.00251474
 0.00348734           0 -0.00324895 -0.00334175
 -0.0042432  0.00324895           0 -0.00642852
-0.00251474  0.00334175  0.00642852           0
Repeater1[0]<--->EndNode1[0]
REAL
   0.262978 0.000391968  0.00218464   0.0263997
0.000391968    0.235934  -0.0167815  0.00565791
 0.00218464  -0.0167815    0.244016 -0.00231561
  0.0263997  0.00565791 -0.00231561    0.257072
IMAGINARY
          0 -0.00923297 -0.00222814 -0.00265147
 0.00923297           0 -0.00562766   0.0154587
 0.00222814  0.00562766           0 -0.00428841
 0.00265147  -0.0154587  0.00428841           0
Repeater1[0]<--->HoM1[0]
REAL
   0.262355    0.011164 0.000474568   0.0170861
   0.011164    0.243441   0.0158842 -0.00198697
0.000474568   0.0158842    0.226968  0.00305258
  0.0170861 -0.00198697  0.00305258    0.267236
IMAGINARY
          0   0.0042432 -0.00348734  0.00251474
 -0.0042432           0  0.00324895 -0.00642852
 0.00348734 -0.00324895           0 -0.00334175
-0.00251474  0.00642852  0.00334175           0
EndNode1[0]<--->Repeater1[0]
REAL
   0.258862  0.00271594  0.00959132   0.0146332
 0.00271594    0.254096 0.000824403  -0.0014799
 0.00959132 0.000824403    0.232648  0.00753812
  0.0146332  -0.0014799  0.00753812    0.254394
IMAGINARY
          0  0.00083469  0.00381705  0.00288655
-0.00083469           0   0.0125188   0.0145441
-0.00381705  -0.0125188           0  0.00144149
-0.00288655  -0.0145441 -0.00144149           0
EndNode2[0]<--->HoM1[0]
REAL
    0.266138 -0.000681466  -0.00190843    0.0326922
-0.000681466     0.249707    0.0137277   0.00281862
 -0.00190843    0.0137277     0.235915  -0.00113892
   0.0326922   0.00281862  -0.00113892     0.248239
IMAGINARY
           0 -0.000576194   0.00268145  -0.00726141
 0.000576194            0  -0.00501119   0.00785437
 -0.00268145   0.00501119            0   0.00328541
  0.00726141  -0.00785437  -0.00328541            0
Repeater1[0]<--->EndNode1[0]
REAL
   0.258862  0.00959132  0.00271594   0.0146332
 0.00959132    0.232648 0.000824403  0.00753812
 0.00271594 0.000824403    0.254096  -0.0014799
  0.0146332  0.00753812  -0.0014799    0.254394
IMAGINARY
          0  0.00381705  0.00083469  0.00288655
-0.00381705           0  -0.0125188  0.00144149
-0.00083469   0.0125188           0   0.0145441
-0.00288655 -0.00144149  -0.0145441           0
Repeater1[0]<--->HoM1[0]
REAL
    0.266138  -0.00190843 -0.000681466    0.0326922
 -0.00190843     0.235915    0.0137277  -0.00113892
-0.000681466    0.0137277     0.249707   0.00281862
   0.0326922  -0.00113892   0.00281862     0.248239
IMAGINARY
           0   0.00268145 -0.000576194  -0.00726141
 -0.00268145            0   0.00501119   0.00328541
 0.000576194  -0.00501119            0   0.00785437
  0.00726141  -0.00328541  -0.00785437            0
EndNode1[0]<--->Repeater1[0]
REAL
   0.274631 -0.00431566 -0.00781514   0.0269291
-0.00431566    0.235398   0.0032202 -0.00293113
-0.00781514   0.0032202    0.229204 -0.00284852
  0.0269291 -0.00293113 -0.00284852    0.260767
IMAGINARY
          0  -0.0128424     0.00224  0.00926114
  0.0128424           0  0.00145839 -0.00239101
   -0.00224 -0.00145839           0  0.00846309
-0.00926114  0.00239101 -0.00846309           0
EndNode2[0]<--->HoM1[0]
REAL
   0.248432  0.00773742  0.00834783   0.0128707
 0.00773742    0.245148 -0.00379599  0.00637993
 0.00834783 -0.00379599    0.235891   0.0075854
  0.0128707  0.00637993   0.0075854    0.270529
IMAGINARY
          0  0.00446517  0.00536811   0.0078527
-0.00446517           0  0.00711371  -0.0110229
-0.00536811 -0.00711371           0   0.0029753
 -0.0078527   0.0110229  -0.0029753           0
Repeater1[0]<--->EndNode1[0]
REAL
   0.274631 -0.00781514 -0.00431566   0.0269291
-0.00781514    0.229204   0.0032202 -0.00284852
-0.00431566   0.0032202    0.235398 -0.00293113
  0.0269291 -0.00284852 -0.00293113    0.260767
IMAGINARY
          0     0.00224  -0.0128424  0.00926114
   -0.00224           0 -0.00145839  0.00846309
  0.0128424  0.00145839           0 -0.00239101
-0.00926114 -0.00846309  0.00239101           0
Repeater1[0]<--->HoM1[0]
REAL
   0.248432  0.00834783  0.00773742   0.0128707
 0.00834783    0.235891 -0.00379599   0.0075854
 0.00773742 -0.00379599    0.245148  0.00637993
  0.0128707   0.0075854  0.00637993    0.270529
IMAGINARY
          0  0.00536811  0.00446517   0.0078527
-0.00536811           0 -0.00711371   0.0029753
-0.00446517  0.00711371           0  -0.0110229
 -0.0078527  -0.0029753   0.0110229           0
EndNode1[0]<--->Repeater1[0]
REAL
   0.266607 -0.00374408   0.0116318  0.00329686
-0.00374408     0.23459  0.00374962 -0.00458528
  0.0116318  0.00374962    0.241771  0.00299446
 0.00329686 -0.00458528  0.00299446    0.257032
IMAGINARY
          0  0.00126282 -0.00209998  0.00438109
-0.00126282           0 -0.00302852  0.00858957
 0.00209998  0.00302852           0 -0.00231927
-0.00438109 -0.00858957  0.00231927           0
EndNode2[0]<--->HoM1[0]
REAL
   0.261848   0.0120877 -0.00793799   0.0205167
  0.0120877    0.233353     0.01233   0.0131083
-0.00793799     0.01233    0.243851  0.00585629
  0.0205167   0.0131083  0.00585629    0.260948
IMAGINARY
           0    0.0005316  -0.00755274  -0.00544578
  -0.0005316            0  -0.00141954   0.00270132
  0.00755274   0.00141954            0  0.000681256
  0.00544578  -0.00270132 -0.000681256            0
Repeater1[0]<--->EndNode1[0]
REAL
   0.266607   0.0116318 -0.00374408  0.00329686
  0.0116318    0.241771  0.00374962  0.00299446
-0.00374408  0.00374962     0.23459 -0.00458528
 0.00329686  0.00299446 -0.00458528    0.257032
IMAGINARY
          0 -0.00209998  0.00126282  0.00438109
 0.00209998           0  0.00302852 -0.00231927
-0.00126282 -0.00302852           0  0.00858957
-0.00438109  0.00231927 -0.00858957           0
Repeater1[0]<--->HoM1[0]
REAL
   0.261848 -0.00793799   0.0120877   0.0205167
-0.00793799    0.243851     0.01233  0.00585629
  0.0120877     0.01233    0.233353   0.0131083
  0.0205167  0.00585629   0.0131083    0.260948
IMAGINARY
           0  -0.00755274    0.0005316  -0.00544578
  0.00755274            0   0.00141954  0.000681256
  -0.0005316  -0.00141954            0   0.00270132
  0.00544578 -0.000681256  -0.00270132            0
EndNode1[0]<--->Repeater1[0]
REAL
   0.263471  0.00296816  0.00951758   0.0278666
 0.00296816    0.242929 -0.00459695   0.0045039
 0.00951758 -0.00459695    0.234891 -0.00266983
  0.0278666   0.0045039 -0.00266983    0.258708
IMAGINARY
           0   0.00571665 -0.000174852    0.0144391
 -0.00571665            0  -0.00305189   0.00745641
 0.000174852   0.00305189            0  -0.00723364
  -0.0144391  -0.00745641   0.00723364            0
EndNode2[0]<--->HoM1[0]
REAL
   0.251356  0.00446455  -0.0122493   0.0224893
 0.00446455    0.229656  -0.0116389 -0.00857178
 -0.0122493  -0.0116389    0.242013  -0.0123824
  0.0224893 -0.00857178  -0.0123824    0.276974
IMAGINARY
          0  0.00593375 -0.00608302   0.0032778
-0.00593375           0  0.00459014  -0.0152285
 0.00608302 -0.00459014           0  -0.0111498
 -0.0032778   0.0152285   0.0111498           0
Repeater1[0]<--->EndNode1[0]
REAL
   0.263471  0.00951758  0.00296816   0.0278666
 0.00951758    0.234891 -0.00459695 -0.00266983
 0.00296816 -0.00459695    0.242929   0.0045039
  0.0278666 -0.00266983   0.0045039    0.258708
IMAGINARY
           0 -0.000174852   0.00571665    0.0144391
 0.000174852            0   0.00305189  -0.00723364
 -0.00571665  -0.00305189            0   0.00745641
  -0.0144391   0.00723364  -0.00745641            0
Repeater1[0]<--->HoM1[0]
REAL
   0.251356  -0.0122493  0.00446455   0.0224893
 -0.0122493    0.242013  -0.0116389  -0.0123824
 0.00446455  -0.0116389    0.229656 -0.00857178
  0.0224893  -0.0123824 -0.00857178    0.276974
IMAGINARY
          0 -0.00608302  0.00593375   0.0032778
