EndNode1[0]<--->Repeater1[0]
REAL
   0.424028   -0.015952  -0.0301194     0.36248
  -0.015952   0.0689046 -0.00201444  0.00298759
 -0.0301194 -0.00201444   0.0583039 -0.00342788
    0.36248  0.00298759 -0.00342788    0.448763
IMAGINARY
          0 -0.00485992 -0.00638426  -0.0117561
 0.00485992           0  0.00915645   0.0158182
 0.00638426 -0.00915645           0  -0.0200114
  0.0117561  -0.0158182   0.0200114           0
EndNode2[0]<--->HoM1[0]
REAL
   0.403704  0.00835774  0.00623837    0.344124
 0.00835774    0.062963 -0.00865829 -0.00349614
 0.00623837 -0.00865829   0.0907407   0.0163223
   0.344124 -0.00349614   0.0163223    0.442593
IMAGINARY
           0   -0.0176604  6.08045e-05    0.0287442
   0.0176604            0    0.0278777    0.0169949
-6.08045e-05   -0.0278777            0    0.0149674
  -0.0287442   -0.0169949   -0.0149674            0
Repeater1[0]<--->EndNode1[0]
REAL
   0.424028  -0.0301194   -0.015952     0.36248
 -0.0301194   0.0583039 -0.00201444 -0.00342788
  -0.015952 -0.00201444   0.0689046  0.00298759
    0.36248 -0.00342788  0.00298759    0.448763
IMAGINARY
          0 -0.00638426 -0.00485992  -0.0117561
 0.00638426           0 -0.00915645  -0.0200114
 0.00485992  0.00915645           0   0.0158182
  0.0117561   0.0200114  -0.0158182           0
Repeater1[0]<--->HoM1[0]
REAL
   0.403704  0.00623837  0.00835774    0.344124
 0.00623837   0.0907407 -0.00865829   0.0163223
 0.00835774 -0.00865829    0.062963 -0.00349614
   0.344124   0.0163223 -0.00349614    0.442593
IMAGINARY
           0  6.08045e-05   -0.0176604    0.0287442
-6.08045e-05            0   -0.0278777    0.0149674
   0.0176604    0.0278777            0    0.0169949
  -0.0287442   -0.0149674   -0.0169949            0
EndNode1[0]<--->Repeater1[0]
REAL
   0.420263      0.0265   0.0224405    0.347193
     0.0265   0.0675422   0.0261404 -0.00077381
  0.0224405   0.0261404   0.0844278     -0.0015
   0.347193 -0.00077381     -0.0015    0.427767
IMAGINARY
          0   0.0109075  0.00689946  -0.0067195
 -0.0109075           0  -0.0229035  -0.0104082
-0.00689946   0.0229035           0  -0.0109075
  0.0067195   0.0104082   0.0109075           0
EndNode2[0]<--->HoM1[0]
REAL
   0.414122  -0.0104218  -0.0287037    0.366477
 -0.0104218   0.0534351  -0.0123106 0.000294576
 -0.0287037  -0.0123106   0.0725191  0.00663389
   0.366477 0.000294576  0.00663389    0.459924
IMAGINARY
           0  -0.00642331 -0.000942328  -0.00853344
  0.00642331            0    0.0102635    0.0285716
 0.000942328   -0.0102635            0   -0.0212059
  0.00853344   -0.0285716    0.0212059            0
Repeater1[0]<--->EndNode1[0]
REAL
   0.420263   0.0224405      0.0265    0.347193
  0.0224405   0.0844278   0.0261404     -0.0015
     0.0265   0.0261404   0.0675422 -0.00077381
   0.347193     -0.0015 -0.00077381    0.427767
IMAGINARY
          0  0.00689946   0.0109075  -0.0067195
-0.00689946           0   0.0229035  -0.0109075
 -0.0109075  -0.0229035           0  -0.0104082
  0.0067195   0.0109075   0.0104082           0
Repeater1[0]<--->HoM1[0]
REAL
   0.414122  -0.0287037  -0.0104218    0.366477
 -0.0287037   0.0725191  -0.0123106  0.00663389
 -0.0104218  -0.0123106   0.0534351 0.000294576
   0.366477  0.00663389 0.000294576    0.459924
IMAGINARY
           0 -0.000942328  -0.00642331  -0.00853344
 0.000942328            0   -0.0102635   -0.0212059
  0.00642331    0.0102635            0    0.0285716
  0.00853344    0.0212059   -0.0285716            0
EndNode1[0]<--->Repeater1[0]
REAL
   0.445045  -0.0256613  -0.0285447    0.351487
 -0.0256613   0.0990991   0.0094759 -0.00621463
 -0.0285447   0.0094759   0.0720721  -0.0126631
   0.351487 -0.00621463  -0.0126631    0.383784
IMAGINARY
          0 -0.00474414  0.00846087  0.00905787
 0.00474414           0  -0.0155035  -0.0219259
-0.00846087   0.0155035           0  -0.0176975
-0.00905787   0.0219259   0.0176975           0
EndNode2[0]<--->HoM1[0]
REAL
   0.474336    0.021509   0.0036242    0.338822
   0.021509   0.0725664 -0.00233321  0.00928458
  0.0036242 -0.00233321   0.0654867   -0.017206
   0.338822  0.00928458   -0.017206    0.387611
IMAGINARY
          0   0.0121592  -0.0170974    0.014425
 -0.0121592           0   0.0256513  0.00626708
  0.0170974  -0.0256513           0   0.0131116
  -0.014425 -0.00626708  -0.0131116           0
Repeater1[0]<--->EndNode1[0]
REAL
   0.445045  -0.0285447  -0.0256613    0.351487
 -0.0285447   0.0720721   0.0094759  -0.0126631
 -0.0256613   0.0094759   0.0990991 -0.00621463
   0.351487  -0.0126631 -0.00621463    0.383784
IMAGINARY
          0  0.00846087 -0.00474414  0.00905787
-0.00846087           0   0.0155035  -0.0176975
 0.00474414  -0.0155035           0  -0.0219259
-0.00905787   0.0176975   0.0219259           0
Repeater1[0]<--->HoM1[0]
REAL
   0.474336   0.0036242    0.021509    0.338822
  0.0036242   0.0654867 -0.00233321   -0.017206
   0.021509 -0.00233321   0.0725664  0.00928458
   0.338822   -0.017206  0.00928458    0.387611
IMAGINARY
          0  -0.0170974   0.0121592    0.014425
  0.0170974           0  -0.0256513   0.0131116
 -0.0121592   0.0256513           0  0.00626708
  -0.014425  -0.0131116 -0.00626708           0
EndNode1[0]<--->Repeater1[0]
REAL
   0.452252 -0.00134758   0.0156493    0.365888
-0.00134758   0.0504505 -0.00289898  0.00748235
  0.0156493 -0.00289898   0.0522523 -0.00221114
   0.365888  0.00748235 -0.00221114    0.445045
IMAGINARY
           0  -0.00212795   0.00866779   -0.0423666
  0.00212795            0  0.000242077   0.00027853
 -0.00866779 -0.000242077            0  -0.00681838
   0.0423666  -0.00027853   0.00681838            0
EndNode2[0]<--->HoM1[0]
REAL
    0.386322    0.0066342   0.00359583     0.339543
   0.0066342     0.112754 -0.000320549     0.014072
  0.00359583 -0.000320549    0.0850277    0.0057333
    0.339543     0.014072    0.0057333     0.415896
IMAGINARY
          0 -0.00213504  -0.0336152   0.0116367
 0.00213504           0 -0.00118378  0.00209905
  0.0336152  0.00118378           0   0.0268369
 -0.0116367 -0.00209905  -0.0268369           0
Repeater1[0]<--->EndNode1[0]
REAL
   0.452252   0.0156493 -0.00134758    0.365888
  0.0156493   0.0522523 -0.00289898 -0.00221114
-0.00134758 -0.00289898   0.0504505  0.00748235
   0.365888 -0.00221114  0.00748235    0.445045
IMAGINARY
           0   0.00866779  -0.00212795   -0.0423666
 -0.00866779            0 -0.000242077  -0.00681838
  0.00212795  0.000242077            0   0.00027853
   0.0423666   0.00681838  -0.00027853            0
Repeater1[0]<--->HoM1[0]
REAL
    0.386322   0.00359583    0.0066342     0.339543
  0.00359583    0.0850277 -0.000320549    0.0057333
   0.0066342 -0.000320549     0.112754     0.014072
    0.339543    0.0057333     0.014072     0.415896
IMAGINARY
          0  -0.0336152 -0.00213504   0.0116367
  0.0336152           0  0.00118378   0.0268369
 0.00213504 -0.00118378           0  0.00209905
 -0.0116367  -0.0268369 -0.00209905           0
EndNode1[0]<--->Repeater1[0]
REAL
   0.419298  -0.0129363 0.000886152     0.35188
 -0.0129363   0.0684211 -0.00475743  0.00271097
0.000886152 -0.00475743   0.0754386   0.0111378
    0.35188  0.00271097   0.0111378    0.436842
IMAGINARY
          0 -0.00739805 -0.00384382   0.0156784
 0.00739805           0 -0.00923268 -0.00766061
 0.00384382  0.00923268           0   0.0348317
 -0.0156784  0.00766061  -0.0348317           0
EndNode2[0]<--->HoM1[0]
REAL
   0.459044   0.0117138  -0.0121148    0.346822
  0.0117138   0.0665529  -0.0175539  0.00930051
 -0.0121148  -0.0175539   0.0682594 -0.00139483
   0.346822  0.00930051 -0.00139483    0.406143
IMAGINARY
          0  0.00848212  -0.0224904 -0.00877842
-0.00848212           0  -0.0121341 -0.00373021
  0.0224904   0.0121341           0   0.0123135
 0.00877842  0.00373021  -0.0123135           0
Repeater1[0]<--->EndNode1[0]
REAL
   0.419298 0.000886152  -0.0129363     0.35188
0.000886152   0.0754386 -0.00475743   0.0111378
 -0.0129363 -0.00475743   0.0684211  0.00271097
    0.35188   0.0111378  0.00271097    0.436842
IMAGINARY
          0 -0.00384382 -0.00739805   0.0156784
 0.00384382           0  0.00923268   0.0348317
 0.00739805 -0.00923268           0 -0.00766061
 -0.0156784  -0.0348317  0.00766061           0
Repeater1[0]<--->HoM1[0]
REAL
   0.459044  -0.0121148   0.0117138    0.346822
 -0.0121148   0.0682594  -0.0175539 -0.00139483
  0.0117138  -0.0175539   0.0665529  0.00930051
   0.346822 -0.00139483  0.00930051    0.406143
IMAGINARY
          0  -0.0224904  0.00848212 -0.00877842
  0.0224904           0   0.0121341   0.0123135
-0.00848212  -0.0121341           0 -0.00373021
 0.00877842  -0.0123135  0.00373021           0
EndNode1[0]<--->Repeater1[0]
REAL
   0.395147   0.0145736  -0.0233142    0.349541
  0.0145736   0.0883882 -0.00407074 -0.00421693
 -0.0233142 -0.00407074   0.0901213  -0.0154617
   0.349541 -0.00421693  -0.0154617    0.426343
IMAGINARY
           0  -0.00316636 -0.000811293  0.000389929
  0.00316636            0    0.0261252   0.00651471
 0.000811293   -0.0261252            0    0.0107709
-0.000389929  -0.00651471   -0.0107709            0
EndNode2[0]<--->HoM1[0]
REAL
    0.414594   0.00552778   0.00744897     0.361919
  0.00552778     0.079602 -0.000862602   0.00918508
  0.00744897 -0.000862602    0.0779436    -0.014334
    0.361919   0.00918508    -0.014334     0.427861
IMAGINARY
          0 -0.00835649   0.0329586   0.0256388
 0.00835649           0  -0.0101349 -0.00100369
 -0.0329586   0.0101349           0 -0.00292171
 -0.0256388  0.00100369  0.00292171           0
Repeater1[0]<--->EndNode1[0]
REAL
   0.395147  -0.0233142   0.0145736    0.349541
 -0.0233142   0.0901213 -0.00407074  -0.0154617
  0.0145736 -0.00407074   0.0883882 -0.00421693
   0.349541  -0.0154617 -0.00421693    0.426343
IMAGINARY
           0 -0.000811293  -0.00316636  0.000389929
 0.000811293            0   -0.0261252    0.0107709
  0.00316636    0.0261252            0   0.00651471
-0.000389929   -0.0107709  -0.00651471            0
Repeater1[0]<--->HoM1[0]
REAL
    0.414594   0.00744897   0.00552778     0.361919
  0.00744897    0.0779436 -0.000862602    -0.014334
  0.00552778 -0.000862602     0.079602   0.00918508
    0.361919    -0.014334   0.00918508     0.427861
IMAGINARY
          0   0.0329586 -0.00835649   0.0256388
 -0.0329586           0   0.0101349 -0.00292171
 0.00835649  -0.0101349           0 -0.00100369
 -0.0256388  0.00292171  0.00100369           0
EndNode1[0]<--->Repeater1[0]
REAL
   0.423345  0.00249487 -0.00506143    0.349753
 0.00249487   0.0818815   0.0102469  -0.0185749
-0.00506143   0.0102469   0.0609756  -0.0388585
   0.349753  -0.0185749  -0.0388585    0.433798
IMAGINARY
          0   0.0151562  0.00644532 -0.00923653
 -0.0151562           0  0.00447462  -0.0249638
-0.00644532 -0.00447462           0  -0.0160381
 0.00923653   0.0249638   0.0160381           0
EndNode2[0]<--->HoM1[0]
REAL
   0.450088   0.0102589   0.0157903    0.356302
  0.0102589    0.061296 -0.00691461  -0.0201686
  0.0157903 -0.00691461   0.0788091  -0.0076319
   0.356302  -0.0201686  -0.0076319    0.409807
IMAGINARY
          0   -0.059197  0.00390866   0.0015422
   0.059197           0 -0.00592049    0.024742
-0.00390866  0.00592049           0   0.0157589
 -0.0015422   -0.024742  -0.0157589           0
Repeater1[0]<--->EndNode1[0]
REAL
   0.423345 -0.00506143  0.00249487    0.349753
-0.00506143   0.0609756   0.0102469  -0.0388585
 0.00249487   0.0102469   0.0818815  -0.0185749
   0.349753  -0.0388585  -0.0185749    0.433798
IMAGINARY
          0  0.00644532   0.0151562 -0.00923653
-0.00644532           0 -0.00447462  -0.0160381
 -0.0151562  0.00447462           0  -0.0249638
 0.00923653   0.0160381   0.0249638           0
Repeater1[0]<--->HoM1[0]
REAL
   0.450088   0.0157903   0.0102589    0.356302
  0.0157903   0.0788091 -0.00691461  -0.0076319
  0.0102589 -0.00691461    0.061296  -0.0201686
   0.356302  -0.0076319  -0.0201686    0.409807
IMAGINARY
          0  0.00390866   -0.059197   0.0015422
-0.00390866           0  0.00592049   0.0157589
   0.059197 -0.00592049           0    0.024742
 -0.0015422  -0.0157589   -0.024742           0
EndNode1[0]<--->Repeater1[0]
REAL
    0.386525   -0.0156507  -0.00326958     0.335297
  -0.0156507    0.0815603   -0.0122204 -0.000576578
 -0.00326958   -0.0122204    0.0904255   -0.0112724
    0.335297 -0.000576578   -0.0112724     0.441489
IMAGINARY
          0  0.00339919  -0.0138085 -0.00504378
-0.00339919           0  0.00595453  0.00139719
  0.0138085 -0.00595453           0 -0.00517224
 0.00504378 -0.00139719  0.00517224           0
EndNode2[0]<--->HoM1[0]
REAL
   0.427027 -0.00398184 -0.00501726    0.347809
-0.00398184   0.0666667   0.0147592   0.0113464
-0.00501726   0.0147592   0.0846847  0.00669432
   0.347809   0.0113464  0.00669432    0.421622
IMAGINARY
          0 -0.00556916  -0.0226269 -0.00344862
 0.00556916           0 -0.00430332  0.00644289
  0.0226269  0.00430332           0 -0.00209694
 0.00344862 -0.00644289  0.00209694           0
Repeater1[0]<--->EndNode1[0]
REAL
    0.386525  -0.00326958   -0.0156507     0.335297
 -0.00326958    0.0904255   -0.0122204   -0.0112724
  -0.0156507   -0.0122204    0.0815603 -0.000576578
    0.335297   -0.0112724 -0.000576578     0.441489
IMAGINARY
          0  -0.0138085  0.00339919 -0.00504378
  0.0138085           0 -0.00595453 -0.00517224
-0.00339919  0.00595453           0  0.00139719
 0.00504378  0.00517224 -0.00139719           0
Repeater1[0]<--->HoM1[0]
REAL
   0.427027 -0.00501726 -0.00398184    0.347809
-0.00501726   0.0846847   0.0147592  0.00669432
-0.00398184   0.0147592   0.0666667   0.0113464
   0.347809  0.00669432   0.0113464    0.421622
IMAGINARY
          0  -0.0226269 -0.00556916 -0.00344862
  0.0226269           0  0.00430332 -0.00209694
 0.00556916 -0.00430332           0  0.00644289
 0.00344862  0.00209694 -0.00644289           0
EndNode1[0]<--->Repeater1[0]
REAL
  0.424731   0.011145  0.0137197    0.34164
  0.011145  0.0698925  0.0165035 0.00642042
 0.0137197  0.0165035   0.078853  -0.013772
   0.34164 0.00642042  -0.013772   0.426523
IMAGINARY
          0  0.00433689   0.0182333   0.0028016
-0.00433689           0  -0.0179531  0.00817841
 -0.0182333   0.0179531           0 -0.00889062
 -0.0028016 -0.00817841  0.00889062           0
EndNode2[0]<--->HoM1[0]
REAL
   0.433579 -0.00338282   0.0248363    0.370718
-0.00338282   0.0590406 -0.00675994   0.0104994
  0.0248363 -0.00675994   0.0848708   0.0051496
   0.370718   0.0104994   0.0051496    0.422509
IMAGINARY
          0   0.0241494  -0.0335538 -0.00324323
 -0.0241494           0   0.0241904 -0.00518497
  0.0335538  -0.0241904           0   0.0290038
 0.00324323  0.00518497  -0.0290038           0
Repeater1[0]<--->EndNode1[0]
REAL
  0.424731  0.0137197   0.011145    0.34164
 0.0137197   0.078853  0.0165035  -0.013772
  0.011145  0.0165035  0.0698925 0.00642042
   0.34164  -0.013772 0.00642042   0.426523
IMAGINARY
          0   0.0182333  0.00433689   0.0028016
 -0.0182333           0   0.0179531 -0.00889062
-0.00433689  -0.0179531           0  0.00817841
 -0.0028016  0.00889062 -0.00817841           0
Repeater1[0]<--->HoM1[0]
REAL
   0.433579   0.0248363 -0.00338282    0.370718
  0.0248363   0.0848708 -0.00675994   0.0051496
-0.00338282 -0.00675994   0.0590406   0.0104994
   0.370718   0.0051496   0.0104994    0.422509
IMAGINARY
          0  -0.0335538   0.0241494 -0.00324323
  0.0335538           0  -0.0241904   0.0290038
 -0.0241494   0.0241904           0 -0.00518497
 0.00324323  -0.0290038  0.00518497           0
EndNode1[0]<--->Repeater1[0]
REAL
  0.429565  0.0225198  0.0206726   0.348299
 0.0225198  0.0713043 0.00705813 0.00789885
 0.0206726 0.00705813  0.0921739  0.0114087
  0.348299 0.00789885  0.0114087   0.406957
IMAGINARY
          0 -0.00638686  -0.0149021  -0.0111111
 0.00638686           0   0.0130268   0.0185518
  0.0149021  -0.0130268           0 -0.00638686
  0.0111111  -0.0185518  0.00638686           0
EndNode2[0]<--->HoM1[0]
REAL
   0.440228 -0.00841711  0.00446082    0.338968
-0.00841711   0.0815939 -0.00918046   0.0203619
 0.00446082 -0.00918046   0.0777989   0.0190554
   0.338968   0.0203619   0.0190554     0.40038
IMAGINARY
          0   0.0124317 -0.00811624   0.0116238
 -0.0124317           0  -0.0124503  -0.0196615
 0.00811624   0.0124503           0  0.00423497
 -0.0116238   0.0196615 -0.00423497           0
Repeater1[0]<--->EndNode1[0]
REAL
  0.429565  0.0206726  0.0225198   0.348299
 0.0206726  0.0921739 0.00705813  0.0114087
 0.0225198 0.00705813  0.0713043 0.00789885
  0.348299  0.0114087 0.00789885   0.406957
IMAGINARY
          0  -0.0149021 -0.00638686  -0.0111111
  0.0149021           0  -0.0130268 -0.00638686
 0.00638686   0.0130268           0   0.0185518
  0.0111111  0.00638686  -0.0185518           0
Repeater1[0]<--->HoM1[0]
REAL
   0.440228  0.00446082 -0.00841711    0.338968
 0.00446082   0.0777989 -0.00918046   0.0190554
-0.00841711 -0.00918046   0.0815939   0.0203619
   0.338968   0.0190554   0.0203619     0.40038
IMAGINARY
          0 -0.00811624   0.0124317   0.0116238
 0.00811624           0   0.0124503  0.00423497
 -0.0124317  -0.0124503           0  -0.0196615
 -0.0116238 -0.00423497   0.0196615           0
EndNode1[0]<--->Repeater1[0]
REAL
  0.391714  0.0117007 0.00854287   0.357113
 0.0117007  0.0734463   0.010684 0.00671137
0.00854287   0.010684  0.0828625   0.034062
  0.357113 0.00671137   0.034062   0.451977
IMAGINARY
          0  -0.0165704  0.00382056  -0.0202561
  0.0165704           0  0.00679454  -0.0091777
-0.00382056 -0.00679454           0   0.0183561
  0.0202561   0.0091777  -0.0183561           0
EndNode2[0]<--->HoM1[0]
REAL
   0.421239   0.0284559   0.0298292    0.345816
  0.0284559   0.0637168 0.000473523 -0.00509418
  0.0298292 0.000473523   0.0761062 -0.00902126
   0.345816 -0.00509418 -0.00902126    0.438938
IMAGINARY
          0  -0.0271654 -0.00217951  0.00728139
  0.0271654           0  -0.0101605 -0.00397163
 0.00217951   0.0101605           0   0.0157418
-0.00728139  0.00397163  -0.0157418           0
Repeater1[0]<--->EndNode1[0]
REAL
  0.391714 0.00854287  0.0117007   0.357113
0.00854287  0.0828625   0.010684   0.034062
 0.0117007   0.010684  0.0734463 0.00671137
  0.357113   0.034062 0.00671137   0.451977
IMAGINARY
          0  0.00382056  -0.0165704  -0.0202561
-0.00382056           0 -0.00679454   0.0183561
  0.0165704  0.00679454           0  -0.0091777
  0.0202561  -0.0183561   0.0091777           0
Repeater1[0]<--->HoM1[0]
REAL
   0.421239   0.0298292   0.0284559    0.345816
  0.0298292   0.0761062 0.000473523 -0.00902126
  0.0284559 0.000473523   0.0637168 -0.00509418
   0.345816 -0.00902126 -0.00509418    0.438938
IMAGINARY
          0 -0.00217951  -0.0271654  0.00728139
 0.00217951           0   0.0101605   0.0157418
  0.0271654  -0.0101605           0 -0.00397163
-0.00728139  -0.0157418  0.00397163           0
EndNode1[0]<--->Repeater1[0]
REAL
   0.421875   0.0113282  0.00471111    0.355686
  0.0113282   0.0694444 -0.00346909  -0.0137423
 0.00471111 -0.00346909   0.0815972 -0.00393901
   0.355686  -0.0137423 -0.00393901    0.427083
IMAGINARY
          0   0.0204173  -0.0255608  0.00445826
 -0.0204173           0   0.0138568   0.0114763
  0.0255608  -0.0138568           0  -0.0168962
-0.00445826  -0.0114763   0.0168962           0
EndNode2[0]<--->HoM1[0]
REAL
   0.411074  0.00508659 -0.00971346    0.345778
 0.00508659   0.0654362  -0.0121361    0.016183
-0.00971346  -0.0121361   0.0721477  0.00877663
   0.345778    0.016183  0.00877663    0.451342
IMAGINARY
          0  -0.0185098  -0.0121201  -0.0469789
  0.0185098           0 -0.00538597   0.0103215
  0.0121201  0.00538597           0 -0.00667007
  0.0469789  -0.0103215  0.00667007           0
Repeater1[0]<--->EndNode1[0]
REAL
   0.421875  0.00471111   0.0113282    0.355686
 0.00471111   0.0815972 -0.00346909 -0.00393901
  0.0113282 -0.00346909   0.0694444  -0.0137423
   0.355686 -0.00393901  -0.0137423    0.427083
IMAGINARY
          0  -0.0255608   0.0204173  0.00445826
  0.0255608           0  -0.0138568  -0.0168962
 -0.0204173   0.0138568           0   0.0114763
-0.00445826   0.0168962  -0.0114763           0
Repeater1[0]<--->HoM1[0]
REAL
   0.411074 -0.00971346  0.00508659    0.345778
-0.00971346   0.0721477  -0.0121361  0.00877663
 0.00508659  -0.0121361   0.0654362    0.016183
   0.345778  0.00877663    0.016183    0.451342
IMAGINARY
          0  -0.0121201  -0.0185098  -0.0469789
  0.0121201           0  0.00538597 -0.00667007
  0.0185098 -0.00538597           0   0.0103215
  0.0469789  0.00667007  -0.0103215           0
EndNode1[0]<--->Repeater1[0]
REAL
  0.433712  0.0212595 0.00746386   0.347684
 0.0212595  0.0776515 -0.0161819  0.0200087
0.00746386 -0.0161819  0.0795455   0.009876
  0.347684  0.0200087   0.009876   0.409091
IMAGINARY
         0 -0.0231587   0.020034  0.0257937
 0.0231587          0 -0.0257937  0.0413106
 -0.020034  0.0257937          0 -0.0196985
-0.0257937 -0.0413106  0.0196985          0
EndNode2[0]<--->HoM1[0]
REAL
    0.427807   0.00818176    0.0141657     0.350032
  0.00818176    0.0891266   0.00498677   -0.0030133
   0.0141657   0.00498677    0.0392157 -0.000746814
    0.350032   -0.0030133 -0.000746814      0.44385
IMAGINARY
           0  -0.00446407 -5.29942e-05  -0.00333445
  0.00446407            0    0.0103767  -0.00985692
 5.29942e-05   -0.0103767            0    0.0179776
  0.00333445   0.00985692   -0.0179776            0
Repeater1[0]<--->EndNode1[0]
REAL
  0.433712 0.00746386  0.0212595   0.347684
0.00746386  0.0795455 -0.0161819   0.009876
 0.0212595 -0.0161819  0.0776515  0.0200087
  0.347684   0.009876  0.0200087   0.409091
IMAGINARY
         0   0.020034 -0.0231587  0.0257937
 -0.020034          0  0.0257937 -0.0196985
 0.0231587 -0.0257937          0  0.0413106
-0.0257937  0.0196985 -0.0413106          0
Repeater1[0]<--->HoM1[0]
REAL
    0.427807    0.0141657   0.00818176     0.350032
   0.0141657    0.0392157   0.00498677 -0.000746814
  0.00818176   0.00498677    0.0891266   -0.0030133
    0.350032 -0.000746814   -0.0030133      0.44385
IMAGINARY
           0 -5.29942e-05  -0.00446407  -0.00333445
 5.29942e-05            0   -0.0103767    0.0179776
  0.00446407    0.0103767            0  -0.00985692
  0.00333445   -0.0179776   0.00985692            0
EndNode1[0]<--->Repeater1[0]
REAL
   0.432188 -0.00916166   0.0184026    0.354129
-0.00916166   0.0777577 0.000680581  0.00791314
  0.0184026 0.000680581   0.0867993   0.0100691
   0.354129  0.00791314   0.0100691    0.403255
IMAGINARY
          0   0.0208384  -0.0203107   0.0140474
 -0.0208384           0   0.0185197 -0.00382721
  0.0203107  -0.0185197           0  0.00157541
 -0.0140474  0.00382721 -0.00157541           0
EndNode2[0]<--->HoM1[0]
REAL
   0.445672  0.00925649 -0.00862683    0.347468
 0.00925649   0.0791897   0.0104179   0.0181589
-0.00862683   0.0104179   0.0755064  0.00374178
   0.347468   0.0181589  0.00374178    0.399632
IMAGINARY
           0   -0.0224067  -0.00122383   0.00495889
   0.0224067            0   0.00151061   0.00894253
  0.00122383  -0.00151061            0 -0.000749419
 -0.00495889  -0.00894253  0.000749419            0
Repeater1[0]<--->EndNode1[0]
REAL
   0.432188   0.0184026 -0.00916166    0.354129
  0.0184026   0.0867993 0.000680581   0.0100691
-0.00916166 0.000680581   0.0777577  0.00791314
   0.354129   0.0100691  0.00791314    0.403255
IMAGINARY
          0  -0.0203107   0.0208384   0.0140474
  0.0203107           0  -0.0185197  0.00157541
 -0.0208384   0.0185197           0 -0.00382721
 -0.0140474 -0.00157541  0.00382721           0
Repeater1[0]<--->HoM1[0]
REAL
   0.445672 -0.00862683  0.00925649    0.347468
-0.00862683   0.0755064   0.0104179  0.00374178
 0.00925649   0.0104179   0.0791897   0.0181589
   0.347468  0.00374178   0.0181589    0.399632
IMAGINARY
           0  -0.00122383   -0.0224067   0.00495889
  0.00122383            0  -0.00151061 -0.000749419
   0.0224067   0.00151061            0   0.00894253
 -0.00495889  0.000749419  -0.00894253            0
EndNode1[0]<--->Repeater1[0]
REAL
   0.410122 -0.00357486   0.0057496    0.344552
-0.00357486    0.078534  0.00199122 0.000152589
  0.0057496  0.00199122   0.0628272  0.00441803
   0.344552 0.000152589  0.00441803    0.448517
IMAGINARY
          0 -0.00350163 -0.00886678  0.00492507
 0.00350163           0  -0.0224851 -0.00151384
 0.00886678   0.0224851           0   0.0121521
-0.00492507  0.00151384  -0.0121521           0
EndNode2[0]<--->HoM1[0]
REAL
   0.439929 -0.00153101   -0.013587    0.319703
-0.00153101   0.0636042  -0.0103506    0.013587
  -0.013587  -0.0103506   0.0759717 -0.00566324
   0.319703    0.013587 -0.00566324    0.420495
IMAGINARY
          0  0.00913502  0.00443682  0.00441741
-0.00913502           0  -0.0120059   0.0143467
-0.00443682   0.0120059           0   -0.018974
-0.00441741  -0.0143467    0.018974           0
Repeater1[0]<--->EndNode1[0]
REAL
   0.410122   0.0057496 -0.00357486    0.344552
  0.0057496   0.0628272  0.00199122  0.00441803
-0.00357486  0.00199122    0.078534 0.000152589
   0.344552  0.00441803 0.000152589    0.448517
IMAGINARY
          0 -0.00886678 -0.00350163  0.00492507
 0.00886678           0   0.0224851   0.0121521
 0.00350163  -0.0224851           0 -0.00151384
-0.00492507  -0.0121521  0.00151384           0
Repeater1[0]<--->HoM1[0]
REAL
   0.439929   -0.013587 -0.00153101    0.319703
  -0.013587   0.0759717  -0.0103506 -0.00566324
-0.00153101  -0.0103506   0.0636042    0.013587
   0.319703 -0.00566324    0.013587    0.420495
IMAGINARY
          0  0.00443682  0.00913502  0.00441741
-0.00443682           0   0.0120059   -0.018974
-0.00913502  -0.0120059           0   0.0143467
-0.00441741    0.018974  -0.0143467           0
EndNode1[0]<--->Repeater1[0]
REAL
  0.397887 0.00421474  0.0124143   0.342293
0.00421474   0.068662 0.00565978  0.0314454
 0.0124143 0.00565978  0.0704225  0.0357463
  0.342293  0.0314454  0.0357463   0.463028
IMAGINARY
           0  -0.00609764   0.00826923  0.000282576
  0.00609764            0   -0.0181062   -0.0214705
 -0.00826923    0.0181062            0    0.0143485
-0.000282576    0.0214705   -0.0143485            0
EndNode2[0]<--->HoM1[0]
REAL
   0.427027  -0.0109485  -0.0108676    0.347287
 -0.0109485   0.0720721 -0.00910524  -0.0127688
 -0.0108676 -0.00910524   0.0594595  -0.0217788
   0.347287  -0.0127688  -0.0217788    0.441441
IMAGINARY
          0  -0.0116715 -0.00422091  0.00773346
  0.0116715           0  0.00333979   0.0313663
 0.00422091 -0.00333979           0  -0.0154738
-0.00773346  -0.0313663   0.0154738           0
Repeater1[0]<--->EndNode1[0]
REAL
  0.397887  0.0124143 0.00421474   0.342293
 0.0124143  0.0704225 0.00565978  0.0357463
0.00421474 0.00565978   0.068662  0.0314454
  0.342293  0.0357463  0.0314454   0.463028
IMAGINARY
           0   0.00826923  -0.00609764  0.000282576
 -0.00826923            0    0.0181062    0.0143485
  0.00609764   -0.0181062            0   -0.0214705
-0.000282576   -0.0143485    0.0214705            0
Repeater1[0]<--->HoM1[0]
REAL
   0.427027  -0.0108676  -0.0109485    0.347287
 -0.0108676   0.0594595 -0.00910524  -0.0217788
 -0.0109485 -0.00910524   0.0720721  -0.0127688
   0.347287  -0.0217788  -0.0127688    0.441441
IMAGINARY
          0 -0.00422091  -0.0116715  0.00773346
 0.00422091           0 -0.00333979  -0.0154738
  0.0116715  0.00333979           0   0.0313663
-0.00773346   0.0154738  -0.0313663           0
EndNode1[0]<--->Repeater1[0]
REAL
   0.428571  0.00420334  0.00671793    0.357383
 0.00420334        0.08 -0.00204803  -0.0257053
 0.00671793 -0.00204803   0.0819048  -0.0123408
   0.357383  -0.0257053  -0.0123408    0.409524
IMAGINARY
           0   0.00135008   0.00480367  -0.00371915
 -0.00135008            0    -0.037173    0.0165486
 -0.00480367     0.037173            0  0.000429275
  0.00371915   -0.0165486 -0.000429275            0
EndNode2[0]<--->HoM1[0]
REAL
   0.405042  -0.0188955 -0.00441441    0.342031
 -0.0188955   0.0823529   0.0102212  0.00891892
-0.00441441   0.0102212   0.0991597  0.00898557
   0.342031  0.00891892  0.00898557    0.413445
IMAGINARY
          0  0.00176369 -0.00966456 -0.00263927
-0.00176369           0 -0.00455498 -0.00404659
 0.00966456  0.00455498           0 -0.00999038
 0.00263927  0.00404659  0.00999038           0
Repeater1[0]<--->EndNode1[0]
REAL
   0.428571  0.00671793  0.00420334    0.357383
 0.00671793   0.0819048 -0.00204803  -0.0123408
 0.00420334 -0.00204803        0.08  -0.0257053
   0.357383  -0.0123408  -0.0257053    0.409524
IMAGINARY
           0   0.00480367   0.00135008  -0.00371915
 -0.00480367            0     0.037173  0.000429275
 -0.00135008    -0.037173            0    0.0165486
  0.00371915 -0.000429275   -0.0165486            0
Repeater1[0]<--->HoM1[0]
REAL
   0.405042 -0.00441441  -0.0188955    0.342031
-0.00441441   0.0991597   0.0102212  0.00898557
 -0.0188955   0.0102212   0.0823529  0.00891892
   0.342031  0.00898557  0.00891892    0.413445
IMAGINARY
          0 -0.00966456  0.00176369 -0.00263927
 0.00966456           0  0.00455498 -0.00999038
-0.00176369 -0.00455498           0 -0.00404659
 0.00263927  0.00999038  0.00404659           0
EndNode1[0]<--->Repeater1[0]
REAL
   0.421405  -0.0112339  -0.0164564    0.357605
 -0.0112339   0.0919732 -0.00760474  -0.0210436
 -0.0164564 -0.00760474   0.0702341   -0.008409
   0.357605  -0.0210436   -0.008409    0.416388
IMAGINARY
          0   0.0170284  -0.0147971   0.0386595
 -0.0170284           0 -0.00532615   -0.031651
  0.0147971  0.00532615           0   0.0112048
 -0.0386595    0.031651  -0.0112048           0
EndNode2[0]<--->HoM1[0]
REAL
   0.426763  0.00138122 -0.00936645     0.35896
 0.00138122   0.0687161 -0.00260645   0.0121289
-0.00936645 -0.00260645   0.0723327  0.00138122
    0.35896   0.0121289  0.00138122    0.432188
IMAGINARY
          0 -0.00689389   0.0100399   0.0357577
 0.00689389           0   -0.017623 -0.00184314
 -0.0100399    0.017623           0 -0.00858881
 -0.0357577  0.00184314  0.00858881           0
Repeater1[0]<--->EndNode1[0]
REAL
   0.421405  -0.0164564  -0.0112339    0.357605
 -0.0164564   0.0702341 -0.00760474   -0.008409
 -0.0112339 -0.00760474   0.0919732  -0.0210436
   0.357605   -0.008409  -0.0210436    0.416388
IMAGINARY
          0  -0.0147971   0.0170284   0.0386595
  0.0147971           0  0.00532615   0.0112048
 -0.0170284 -0.00532615           0   -0.031651
 -0.0386595  -0.0112048    0.031651           0
Repeater1[0]<--->HoM1[0]
REAL
   0.426763 -0.00936645  0.00138122     0.35896
-0.00936645   0.0723327 -0.00260645  0.00138122
 0.00138122 -0.00260645   0.0687161   0.0121289
    0.35896  0.00138122   0.0121289    0.432188
IMAGINARY
          0   0.0100399 -0.00689389   0.0357577
 -0.0100399           0    0.017623 -0.00858881
 0.00689389   -0.017623           0 -0.00184314
 -0.0357577  0.00858881  0.00184314           0
EndNode1[0]<--->Repeater1[0]
REAL
  0.421603  0.0174099  0.0128733   0.334789
 0.0174099  0.0888502 0.00449687  0.0156981
 0.0128733 0.00449687   0.054007  0.0183044
  0.334789  0.0156981  0.0183044    0.43554
IMAGINARY
          0   0.0204071  0.00501063  0.00868373
 -0.0204071           0 -0.00868373  0.00593827
-0.00501063  0.00868373           0   -0.011283
-0.00868373 -0.00593827    0.011283           0
EndNode2[0]<--->HoM1[0]
REAL
   0.449558  -0.0118629  -0.0101602    0.345162
 -0.0118629    0.079646  0.00545328 -0.00126338
 -0.0101602  0.00545328   0.0725664  -0.0118629
   0.345162 -0.00126338  -0.0118629     0.39823
IMAGINARY
          0  -0.0292644  0.00181317   0.0156966
  0.0292644           0   0.0324515  0.00638355
-0.00181317  -0.0324515           0  -0.0226482
 -0.0156966 -0.00638355   0.0226482           0
Repeater1[0]<--->EndNode1[0]
REAL
  0.421603  0.0128733  0.0174099   0.334789
 0.0128733   0.054007 0.00449687  0.0183044
 0.0174099 0.00449687  0.0888502  0.0156981
  0.334789  0.0183044  0.0156981    0.43554
IMAGINARY
          0  0.00501063   0.0204071  0.00868373
-0.00501063           0  0.00868373   -0.011283
 -0.0204071 -0.00868373           0  0.00593827
-0.00868373    0.011283 -0.00593827           0
Repeater1[0]<--->HoM1[0]
REAL
   0.449558  -0.0101602  -0.0118629    0.345162
 -0.0101602   0.0725664  0.00545328  -0.0118629
 -0.0118629  0.00545328    0.079646 -0.00126338
   0.345162  -0.0118629 -0.00126338     0.39823
IMAGINARY
          0  0.00181317  -0.0292644   0.0156966
-0.00181317           0  -0.0324515  -0.0226482
  0.0292644   0.0324515           0  0.00638355
 -0.0156966   0.0226482 -0.00638355           0
EndNode1[0]<--->Repeater1[0]
REAL
   0.414258   0.0110837 0.000873423    0.360924
  0.0110837   0.0635838  -0.0136338   0.0327883
0.000873423  -0.0136338   0.0751445   0.0110837
   0.360924   0.0327883   0.0110837    0.447013
IMAGINARY
           0    0.0262655   -0.0292668 -0.000912189
  -0.0262655            0  -0.00180029   -0.0184364
   0.0292668   0.00180029            0    0.0373387
 0.000912189    0.0184364   -0.0373387            0
EndNode2[0]<--->HoM1[0]
REAL
   0.450192   0.0302797 -0.00559396    0.341711
  0.0302797   0.0670498 -0.00837743   0.0215514
-0.00559396 -0.00837743   0.0785441  -0.0178684
   0.341711   0.0215514  -0.0178684    0.404215
IMAGINARY
          0  -0.0139601   0.0221405 -0.00635863
  0.0139601           0  -0.0170382  0.00872369
 -0.0221405   0.0170382           0  -0.0045584
 0.00635863 -0.00872369   0.0045584           0
Repeater1[0]<--->EndNode1[0]
REAL
   0.414258 0.000873423   0.0110837    0.360924
0.000873423   0.0751445  -0.0136338   0.0110837
  0.0110837  -0.0136338   0.0635838   0.0327883
   0.360924   0.0110837   0.0327883    0.447013
IMAGINARY
           0   -0.0292668    0.0262655 -0.000912189
   0.0292668            0   0.00180029    0.0373387
  -0.0262655  -0.00180029            0   -0.0184364
 0.000912189   -0.0373387    0.0184364            0
Repeater1[0]<--->HoM1[0]
REAL
   0.450192 -0.00559396   0.0302797    0.341711
-0.00559396   0.0785441 -0.00837743  -0.0178684
  0.0302797 -0.00837743   0.0670498   0.0215514
   0.341711  -0.0178684   0.0215514    0.404215
IMAGINARY
          0   0.0221405  -0.0139601 -0.00635863
 -0.0221405           0   0.0170382  -0.0045584
  0.0139601  -0.0170382           0  0.00872369
 0.00635863   0.0045584 -0.00872369           0
EndNode1[0]<--->Repeater1[0]
REAL
    0.407045  -0.00176886 -0.000303048     0.348506
 -0.00176886    0.0861057   0.00759646   0.00849977
-0.000303048   0.00759646    0.0763209  0.000858112
    0.348506   0.00849977  0.000858112     0.430528
IMAGINARY
          0  0.00611888  -0.0353449   0.0190183
-0.00611888           0   0.0093181 -0.00311659
  0.0353449  -0.0093181           0   0.0270979
 -0.0190183  0.00311659  -0.0270979           0
EndNode2[0]<--->HoM1[0]
REAL
   0.398981  0.00855436  -0.0110072    0.337098
 0.00855436   0.0764007   0.0197722  0.00719039
 -0.0110072   0.0197722   0.0814941 -0.00282917
   0.337098  0.00719039 -0.00282917    0.443124
IMAGINARY
           0    0.0143476   0.00109546  0.000430863
  -0.0143476            0    0.0230348   0.00737912
 -0.00109546   -0.0230348            0  -0.00587301
-0.000430863  -0.00737912   0.00587301            0
Repeater1[0]<--->EndNode1[0]
REAL
    0.407045 -0.000303048  -0.00176886     0.348506
-0.000303048    0.0763209   0.00759646  0.000858112
 -0.00176886   0.00759646    0.0861057   0.00849977
    0.348506  0.000858112   0.00849977     0.430528
IMAGINARY
          0  -0.0353449  0.00611888   0.0190183
  0.0353449           0  -0.0093181   0.0270979
-0.00611888   0.0093181           0 -0.00311659
 -0.0190183  -0.0270979  0.00311659           0
Repeater1[0]<--->HoM1[0]
REAL
   0.398981  -0.0110072  0.00855436    0.337098
 -0.0110072   0.0814941   0.0197722 -0.00282917
 0.00855436   0.0197722   0.0764007  0.00719039
   0.337098 -0.00282917  0.00719039    0.443124
IMAGINARY
           0   0.00109546    0.0143476  0.000430863
 -0.00109546            0   -0.0230348  -0.00587301
  -0.0143476    0.0230348            0   0.00737912
-0.000430863   0.00587301  -0.00737912            0
EndNode1[0]<--->Repeater1[0]
REAL
  0.421239  0.0403593  0.0192177   0.347422
 0.0403593   0.060177 0.00111481  0.0281145
 0.0192177 0.00111481  0.0654867  0.0138576
  0.347422  0.0281145  0.0138576   0.453097
IMAGINARY
          0  -0.0158961 -0.00565364   0.0291301
  0.0158961           0 -0.00506588  0.00465564
 0.00565364  0.00506588           0   0.0109061
 -0.0291301 -0.00465564  -0.0109061           0
EndNode2[0]<--->HoM1[0]
REAL
     0.48497    0.0189141  -0.00357071     0.359194
   0.0189141    0.0661323   0.00817027   0.00793371
 -0.00357071   0.00817027    0.0661323 -0.000589469
    0.359194   0.00793371 -0.000589469     0.382766
IMAGINARY
          0 -0.00404377    0.020988  0.00618936
 0.00404377           0  0.00800096   0.0227737
  -0.020988 -0.00800096           0  -0.0285447
-0.00618936  -0.0227737   0.0285447           0
Repeater1[0]<--->EndNode1[0]
REAL
  0.421239  0.0192177  0.0403593   0.347422
 0.0192177  0.0654867 0.00111481  0.0138576
 0.0403593 0.00111481   0.060177  0.0281145
  0.347422  0.0138576  0.0281145   0.453097
IMAGINARY
          0 -0.00565364  -0.0158961   0.0291301
 0.00565364           0  0.00506588   0.0109061
  0.0158961 -0.00506588           0  0.00465564
 -0.0291301  -0.0109061 -0.00465564           0
Repeater1[0]<--->HoM1[0]
REAL
     0.48497  -0.00357071    0.0189141     0.359194
 -0.00357071    0.0661323   0.00817027 -0.000589469
   0.0189141   0.00817027    0.0661323   0.00793371
    0.359194 -0.000589469   0.00793371     0.382766
IMAGINARY
          0    0.020988 -0.00404377  0.00618936
  -0.020988           0 -0.00800096  -0.0285447
 0.00404377  0.00800096           0   0.0227737
-0.00618936   0.0285447  -0.0227737           0
EndNode1[0]<--->Repeater1[0]
REAL
   0.419065   0.0153806 -0.00872093    0.355708
  0.0153806   0.0881295  0.00654601   0.0489714
-0.00872093  0.00654601   0.0647482   0.0266588
   0.355708   0.0489714   0.0266588    0.428058
IMAGINARY
          0   0.0225234  0.00325885   0.0321112
 -0.0225234           0   0.0152572  0.00325885
-0.00325885  -0.0152572           0  -0.0197301
 -0.0321112 -0.00325885   0.0197301           0
EndNode2[0]<--->HoM1[0]
REAL
    0.390285 -0.000711575   -0.0132347     0.336048
-0.000711575    0.0837521    0.0102521  -0.00479189
  -0.0132347    0.0102521     0.103853   -0.0154175
    0.336048  -0.00479189   -0.0154175     0.422111
IMAGINARY
          0  -0.0239487   0.0135436  0.00874169
  0.0239487           0  -0.0214228   0.0191198
 -0.0135436   0.0214228           0 -0.00536458
-0.00874169  -0.0191198  0.00536458           0
Repeater1[0]<--->EndNode1[0]
REAL
   0.419065 -0.00872093   0.0153806    0.355708
-0.00872093   0.0647482  0.00654601   0.0266588
  0.0153806  0.00654601   0.0881295   0.0489714
   0.355708   0.0266588   0.0489714    0.428058
IMAGINARY
          0  0.00325885   0.0225234   0.0321112
-0.00325885           0  -0.0152572  -0.0197301
 -0.0225234   0.0152572           0  0.00325885
 -0.0321112   0.0197301 -0.00325885           0
Repeater1[0]<--->HoM1[0]
REAL
    0.390285   -0.0132347 -0.000711575     0.336048
  -0.0132347     0.103853    0.0102521   -0.0154175
-0.000711575    0.0102521    0.0837521  -0.00479189
    0.336048   -0.0154175  -0.00479189     0.422111
IMAGINARY
          0   0.0135436  -0.0239487  0.00874169
 -0.0135436           0   0.0214228 -0.00536458
  0.0239487  -0.0214228           0   0.0191198
-0.00874169  0.00536458  -0.0191198           0
EndNode1[0]<--->Repeater1[0]
REAL
   0.456014 -0.00650521   -0.012551    0.329421
-0.00650521   0.0915619  -0.0060932 -0.00717461
  -0.012551  -0.0060932     0.05386  0.00564757
   0.329421 -0.00717461  0.00564757    0.398564
IMAGINARY
          0  -0.0108795   0.0212976   0.0151362
  0.0108795           0   0.0142756  0.00206686
 -0.0212976  -0.0142756           0     -0.0237
 -0.0151362 -0.00206686      0.0237           0
EndNode2[0]<--->HoM1[0]
REAL
  0.431095 -0.0147971 -0.0036779   0.354277
