EndNode1[0]<--->Repeater1[0]
REAL
    0.448429  0.000240646  0.000451898     0.396002
 0.000240646    0.0497925  -0.00402847 -0.000753648
 0.000451898  -0.00402847    0.0509781   0.00488911
    0.396002 -0.000753648   0.00488911       0.4508
IMAGINARY
           0 -0.000538497   0.00409123    0.0101218
 0.000538497            0   0.00676204  -0.00485088
 -0.00409123  -0.00676204            0  -0.00265202
  -0.0101218   0.00485088   0.00265202            0
EndNode2[0]<--->HoM1[0]
REAL
    0.460755   0.00380452 -0.000844493      0.40145
  0.00380452    0.0452367   0.00391533   0.00644591
-0.000844493   0.00391533    0.0455362  0.000322838
     0.40145   0.00644591  0.000322838     0.448472
IMAGINARY
           0 -0.000343651   0.00837391   0.00156843
 0.000343651            0   0.00376206 -0.000800402
 -0.00837391  -0.00376206            0  -0.00633886
 -0.00156843  0.000800402   0.00633886            0
Repeater1[0]<--->EndNode1[0]
REAL
    0.448429  0.000451898  0.000240646     0.396002
 0.000451898    0.0509781  -0.00402847   0.00488911
 0.000240646  -0.00402847    0.0497925 -0.000753648
    0.396002   0.00488911 -0.000753648       0.4508
IMAGINARY
           0   0.00409123 -0.000538497    0.0101218
 -0.00409123            0  -0.00676204  -0.00265202
 0.000538497   0.00676204            0  -0.00485088
  -0.0101218   0.00265202   0.00485088            0
Repeater1[0]<--->HoM1[0]
REAL
    0.460755 -0.000844493   0.00380452      0.40145
-0.000844493    0.0455362   0.00391533  0.000322838
  0.00380452   0.00391533    0.0452367   0.00644591
     0.40145  0.000322838   0.00644591     0.448472
IMAGINARY
           0   0.00837391 -0.000343651   0.00156843
 -0.00837391            0  -0.00376206  -0.00633886
 0.000343651   0.00376206            0 -0.000800402
 -0.00156843   0.00633886  0.000800402            0
EndNode1[0]<--->Repeater1[0]
REAL
   0.441365 -0.00963617  0.00533194     0.39594
-0.00963617   0.0484313 -0.00257176 -0.00810728
 0.00533194 -0.00257176   0.0539141  0.00423155
    0.39594 -0.00810728  0.00423155     0.45629
IMAGINARY
           0  -0.00943387  0.000231521  -0.00308798
  0.00943387            0   0.00529191   0.00988753
-0.000231521  -0.00529191            0 -0.000387562
  0.00308798  -0.00988753  0.000387562            0
EndNode2[0]<--->HoM1[0]
REAL
    0.455609   0.00422785 -0.000769586     0.395295
  0.00422785    0.0512897   0.00311708  -0.00417498
-0.000769586   0.00311708    0.0521896 -0.000481968
    0.395295  -0.00417498 -0.000481968     0.440912
IMAGINARY
          0  -0.0031821 -0.00492893 -0.00630741
  0.0031821           0 -0.00675745   0.0032678
 0.00492893  0.00675745           0 -0.00391545
 0.00630741  -0.0032678  0.00391545           0
Repeater1[0]<--->EndNode1[0]
REAL
   0.441365  0.00533194 -0.00963617     0.39594
 0.00533194   0.0539141 -0.00257176  0.00423155
-0.00963617 -0.00257176   0.0484313 -0.00810728
    0.39594  0.00423155 -0.00810728     0.45629
IMAGINARY
           0  0.000231521  -0.00943387  -0.00308798
-0.000231521            0  -0.00529191 -0.000387562
  0.00943387   0.00529191            0   0.00988753
  0.00308798  0.000387562  -0.00988753            0
Repeater1[0]<--->HoM1[0]
REAL
    0.455609 -0.000769586   0.00422785     0.395295
-0.000769586    0.0521896   0.00311708 -0.000481968
  0.00422785   0.00311708    0.0512897  -0.00417498
    0.395295 -0.000481968  -0.00417498     0.440912
IMAGINARY
          0 -0.00492893  -0.0031821 -0.00630741
 0.00492893           0  0.00675745 -0.00391545
  0.0031821 -0.00675745           0   0.0032678
 0.00630741  0.00391545  -0.0032678           0
EndNode1[0]<--->Repeater1[0]
REAL
   0.444943 -0.00653468 -0.00749807    0.398675
-0.00653468   0.0499701  0.00364451 0.000782566
-0.00749807  0.00364451   0.0580491 -0.00140183
   0.398675 0.000782566 -0.00140183    0.447038
IMAGINARY
          0  0.00746942 -0.00450793 -0.00847591
-0.00746942           0 -0.00142069  0.00406688
 0.00450793  0.00142069           0  -0.0026179
 0.00847591 -0.00406688   0.0026179           0
EndNode2[0]<--->HoM1[0]
REAL
   0.451389 -0.00439625 0.000150588    0.395844
-0.00439625   0.0458937  0.00421553  0.00492101
0.000150588  0.00421553   0.0486111  0.00439625
   0.395844  0.00492101  0.00439625    0.454106
IMAGINARY
          0  0.00539368  0.00138405 -0.00224791
-0.00539368           0  -0.0109423 -0.00853778
-0.00138405   0.0109423           0  0.00236888
 0.00224791  0.00853778 -0.00236888           0
Repeater1[0]<--->EndNode1[0]
REAL
   0.444943 -0.00749807 -0.00653468    0.398675
-0.00749807   0.0580491  0.00364451 -0.00140183
-0.00653468  0.00364451   0.0499701 0.000782566
   0.398675 -0.00140183 0.000782566    0.447038
IMAGINARY
          0 -0.00450793  0.00746942 -0.00847591
 0.00450793           0  0.00142069  -0.0026179
-0.00746942 -0.00142069           0  0.00406688
 0.00847591   0.0026179 -0.00406688           0
Repeater1[0]<--->HoM1[0]
REAL
   0.451389 0.000150588 -0.00439625    0.395844
0.000150588   0.0486111  0.00421553  0.00439625
-0.00439625  0.00421553   0.0458937  0.00492101
   0.395844  0.00439625  0.00492101    0.454106
IMAGINARY
          0  0.00138405  0.00539368 -0.00224791
-0.00138405           0   0.0109423  0.00236888
-0.00539368  -0.0109423           0 -0.00853778
 0.00224791 -0.00236888  0.00853778           0
EndNode1[0]<--->Repeater1[0]
REAL
    0.451488 -1.57155e-05    0.0110408     0.398243
-1.57155e-05    0.0559524  -0.00114327  -0.00447592
   0.0110408  -0.00114327     0.053869   0.00932869
    0.398243  -0.00447592   0.00932869      0.43869
IMAGINARY
          0 -0.00252514  0.00184397  0.00428136
 0.00252514           0 -0.00397442 -0.00111277
-0.00184397  0.00397442           0   0.0041338
-0.00428136  0.00111277  -0.0041338           0
EndNode2[0]<--->HoM1[0]
REAL
   0.444575 -0.00234915  0.00244501    0.397222
-0.00234915   0.0558659   0.0051311  -0.0115627
 0.00244501   0.0051311   0.0505734 -0.00735673
   0.397222  -0.0115627 -0.00735673    0.448986
IMAGINARY
          0  -0.0115325  0.00887595  -0.0066967
  0.0115325           0  0.00131042  0.00369302
-0.00887595 -0.00131042           0 -0.00287581
  0.0066967 -0.00369302  0.00287581           0
Repeater1[0]<--->EndNode1[0]
REAL
    0.451488    0.0110408 -1.57155e-05     0.398243
   0.0110408     0.053869  -0.00114327   0.00932869
-1.57155e-05  -0.00114327    0.0559524  -0.00447592
    0.398243   0.00932869  -0.00447592      0.43869
IMAGINARY
          0  0.00184397 -0.00252514  0.00428136
-0.00184397           0  0.00397442   0.0041338
 0.00252514 -0.00397442           0 -0.00111277
-0.00428136  -0.0041338  0.00111277           0
Repeater1[0]<--->HoM1[0]
REAL
   0.444575  0.00244501 -0.00234915    0.397222
 0.00244501   0.0505734   0.0051311 -0.00735673
-0.00234915   0.0051311   0.0558659  -0.0115627
   0.397222 -0.00735673  -0.0115627    0.448986
IMAGINARY
          0  0.00887595  -0.0115325  -0.0066967
-0.00887595           0 -0.00131042 -0.00287581
  0.0115325  0.00131042           0  0.00369302
  0.0066967  0.00287581 -0.00369302           0
EndNode1[0]<--->Repeater1[0]
REAL
   0.445004  0.00836442   0.0174395    0.398686
 0.00836442    0.053365  0.00227681 -0.00238834
  0.0174395  0.00227681   0.0515861  0.00939596
   0.398686 -0.00238834  0.00939596    0.450044
IMAGINARY
           0   0.00611773  -0.00522168  -0.00627629
 -0.00611773            0   -0.0107998  -0.00537279
  0.00522168    0.0107998            0  0.000356665
  0.00627629   0.00537279 -0.000356665            0
EndNode2[0]<--->HoM1[0]
REAL
   0.448235   0.0140417  0.00751029    0.390955
  0.0140417   0.0502941  0.00210011 -0.00443715
 0.00751029  0.00210011   0.0491176 -0.00236381
   0.390955 -0.00443715 -0.00236381    0.452353
IMAGINARY
          0 -0.00562436  0.00018743 -0.00763317
 0.00562436           0 -0.00586431 -0.00978495
-0.00018743  0.00586431           0  0.00314757
 0.00763317  0.00978495 -0.00314757           0
Repeater1[0]<--->EndNode1[0]
REAL
   0.445004   0.0174395  0.00836442    0.398686
  0.0174395   0.0515861  0.00227681  0.00939596
 0.00836442  0.00227681    0.053365 -0.00238834
   0.398686  0.00939596 -0.00238834    0.450044
IMAGINARY
           0  -0.00522168   0.00611773  -0.00627629
  0.00522168            0    0.0107998  0.000356665
 -0.00611773   -0.0107998            0  -0.00537279
  0.00627629 -0.000356665   0.00537279            0
Repeater1[0]<--->HoM1[0]
REAL
   0.448235  0.00751029   0.0140417    0.390955
 0.00751029   0.0491176  0.00210011 -0.00236381
  0.0140417  0.00210011   0.0502941 -0.00443715
   0.390955 -0.00236381 -0.00443715    0.452353
IMAGINARY
          0  0.00018743 -0.00562436 -0.00763317
-0.00018743           0  0.00586431  0.00314757
 0.00562436 -0.00586431           0 -0.00978495
 0.00763317 -0.00314757  0.00978495           0
EndNode1[0]<--->Repeater1[0]
REAL
   0.430448 -0.00876185  -0.0101604    0.399313
-0.00876185   0.0480597  0.00117552 -0.00235483
 -0.0101604  0.00117552   0.0528358 -0.00436391
   0.399313 -0.00235483 -0.00436391    0.468657
IMAGINARY
           0  -0.00583987   0.00363795   0.00459637
  0.00583987            0  -0.00823963   0.00363795
 -0.00363795   0.00823963            0  0.000310188
 -0.00459637  -0.00363795 -0.000310188            0
EndNode2[0]<--->HoM1[0]
REAL
    0.437482   0.00186938    0.0133995     0.402307
  0.00186938    0.0532072   0.00422375 -0.000817096
   0.0133995   0.00422375    0.0493645   0.00292391
    0.402307 -0.000817096   0.00292391     0.459947
IMAGINARY
          0 -0.00754245  0.00801544  0.00137143
 0.00754245           0  0.00375522  0.00461005
-0.00801544 -0.00375522           0  -0.0102549
-0.00137143 -0.00461005   0.0102549           0
Repeater1[0]<--->EndNode1[0]
REAL
   0.430448  -0.0101604 -0.00876185    0.399313
 -0.0101604   0.0528358  0.00117552 -0.00436391
-0.00876185  0.00117552   0.0480597 -0.00235483
   0.399313 -0.00436391 -0.00235483    0.468657
IMAGINARY
           0   0.00363795  -0.00583987   0.00459637
 -0.00363795            0   0.00823963  0.000310188
  0.00583987  -0.00823963            0   0.00363795
 -0.00459637 -0.000310188  -0.00363795            0
Repeater1[0]<--->HoM1[0]
REAL
    0.437482    0.0133995   0.00186938     0.402307
   0.0133995    0.0493645   0.00422375   0.00292391
  0.00186938   0.00422375    0.0532072 -0.000817096
    0.402307   0.00292391 -0.000817096     0.459947
IMAGINARY
          0  0.00801544 -0.00754245  0.00137143
-0.00801544           0 -0.00375522  -0.0102549
 0.00754245  0.00375522           0  0.00461005
-0.00137143   0.0102549 -0.00461005           0
EndNode1[0]<--->Repeater1[0]
REAL
     0.45177  -0.00801107   -0.0061224     0.401465
 -0.00801107    0.0506716   0.00441047  -0.00167136
  -0.0061224   0.00441047    0.0515873 -0.000981733
    0.401465  -0.00167136 -0.000981733     0.445971
IMAGINARY
          0 -0.00644561  0.00499666 -0.00179831
 0.00644561           0  0.00750402  0.00335438
-0.00499666 -0.00750402           0 -0.00524585
 0.00179831 -0.00335438  0.00524585           0
EndNode2[0]<--->HoM1[0]
REAL
   0.464768 -0.00290041 -0.00637671    0.398924
-0.00290041   0.0466823 0.000695395  0.00359649
-0.00637671 0.000695395   0.0484439 0.000412845
   0.398924  0.00359649 0.000412845    0.440106
IMAGINARY
          0 -0.00283516  0.00860243  0.00222655
 0.00283516           0  0.00374079 -0.00244813
-0.00860243 -0.00374079           0   0.0101903
-0.00222655  0.00244813  -0.0101903           0
Repeater1[0]<--->EndNode1[0]
REAL
     0.45177   -0.0061224  -0.00801107     0.401465
  -0.0061224    0.0515873   0.00441047 -0.000981733
 -0.00801107   0.00441047    0.0506716  -0.00167136
    0.401465 -0.000981733  -0.00167136     0.445971
IMAGINARY
          0  0.00499666 -0.00644561 -0.00179831
-0.00499666           0 -0.00750402 -0.00524585
 0.00644561  0.00750402           0  0.00335438
 0.00179831  0.00524585 -0.00335438           0
Repeater1[0]<--->HoM1[0]
REAL
   0.464768 -0.00637671 -0.00290041    0.398924
-0.00637671   0.0484439 0.000695395 0.000412845
-0.00290041 0.000695395   0.0466823  0.00359649
   0.398924 0.000412845  0.00359649    0.440106
IMAGINARY
          0  0.00860243 -0.00283516  0.00222655
-0.00860243           0 -0.00374079   0.0101903
 0.00283516  0.00374079           0 -0.00244813
-0.00222655  -0.0101903  0.00244813           0
EndNode1[0]<--->Repeater1[0]
REAL
    0.444844 -0.000896911 -0.000752425     0.396101
-0.000896911    0.0509592  -0.00262931  -0.00399535
-0.000752425  -0.00262931    0.0479616  6.70337e-06
    0.396101  -0.00399535  6.70337e-06     0.456235
IMAGINARY
           0  -0.00626043 -0.000679794  -0.00661139
  0.00626043            0   0.00509532  -0.00773473
 0.000679794  -0.00509532            0   0.00729379
  0.00661139   0.00773473  -0.00729379            0
EndNode2[0]<--->HoM1[0]
REAL
   0.443778  0.00496293  0.00570983    0.402874
 0.00496293   0.0524738  0.00419273  -0.0122419
 0.00570983  0.00419273   0.0527736 -0.00525984
   0.402874  -0.0122419 -0.00525984    0.450975
IMAGINARY
           0  0.000878098   0.00104568   -0.0051584
-0.000878098            0   0.00663333  0.000153357
 -0.00104568  -0.00663333            0  -0.00447522
   0.0051584 -0.000153357   0.00447522            0
Repeater1[0]<--->EndNode1[0]
REAL
    0.444844 -0.000752425 -0.000896911     0.396101
-0.000752425    0.0479616  -0.00262931  6.70337e-06
-0.000896911  -0.00262931    0.0509592  -0.00399535
    0.396101  6.70337e-06  -0.00399535     0.456235
IMAGINARY
           0 -0.000679794  -0.00626043  -0.00661139
 0.000679794            0  -0.00509532   0.00729379
  0.00626043   0.00509532            0  -0.00773473
  0.00661139  -0.00729379   0.00773473            0
Repeater1[0]<--->HoM1[0]
REAL
   0.443778  0.00570983  0.00496293    0.402874
 0.00570983   0.0527736  0.00419273 -0.00525984
 0.00496293  0.00419273   0.0524738  -0.0122419
   0.402874 -0.00525984  -0.0122419    0.450975
IMAGINARY
           0   0.00104568  0.000878098   -0.0051584
 -0.00104568            0  -0.00663333  -0.00447522
-0.000878098   0.00663333            0  0.000153357
   0.0051584   0.00447522 -0.000153357            0
EndNode1[0]<--->Repeater1[0]
REAL
   0.442108 -0.00309826 -0.00986085    0.402067
-0.00309826   0.0539305  0.00242889  -0.0011469
-0.00986085  0.00242889   0.0505789  0.00325329
   0.402067  -0.0011469  0.00325329    0.453382
IMAGINARY
          0  0.00396338  0.00305494 -0.00824655
-0.00396338           0 -0.00647245  -0.0114938
-0.00305494  0.00647245           0 -0.00245645
 0.00824655   0.0114938  0.00245645           0
EndNode2[0]<--->HoM1[0]
REAL
    0.446652  -0.00933892   -0.0103073     0.398219
 -0.00933892     0.050749   0.00451784 -0.000103194
  -0.0103073   0.00451784    0.0599205  -0.00136899
    0.398219 -0.000103194  -0.00136899     0.442678
IMAGINARY
          0  -0.0092672  -0.0105575  0.00838374
  0.0092672           0 -0.00199688  0.00843759
  0.0105575  0.00199688           0  0.00745012
-0.00838374 -0.00843759 -0.00745012           0
Repeater1[0]<--->EndNode1[0]
REAL
   0.442108 -0.00986085 -0.00309826    0.402067
-0.00986085   0.0505789  0.00242889  0.00325329
-0.00309826  0.00242889   0.0539305  -0.0011469
   0.402067  0.00325329  -0.0011469    0.453382
IMAGINARY
          0  0.00305494  0.00396338 -0.00824655
-0.00305494           0  0.00647245 -0.00245645
-0.00396338 -0.00647245           0  -0.0114938
 0.00824655  0.00245645   0.0114938           0
Repeater1[0]<--->HoM1[0]
REAL
    0.446652   -0.0103073  -0.00933892     0.398219
  -0.0103073    0.0599205   0.00451784  -0.00136899
 -0.00933892   0.00451784     0.050749 -0.000103194
    0.398219  -0.00136899 -0.000103194     0.442678
IMAGINARY
          0  -0.0105575  -0.0092672  0.00838374
  0.0105575           0  0.00199688  0.00745012
  0.0092672 -0.00199688           0  0.00843759
-0.00838374 -0.00745012 -0.00843759           0
EndNode1[0]<--->Repeater1[0]
REAL
   0.457374  0.00315287   0.0140687    0.391475
 0.00315287   0.0553395 -0.00912204 0.000863422
  0.0140687 -0.00912204   0.0481603 0.000316206
   0.391475 0.000863422 0.000316206    0.439127
IMAGINARY
           0   0.00346058  -0.00296805  -0.00222739
 -0.00346058            0 -0.000536646   0.00416208
  0.00296805  0.000536646            0  -0.00375908
  0.00222739  -0.00416208   0.00375908            0
EndNode2[0]<--->HoM1[0]
REAL
   0.457346   0.0105246 0.000217087    0.400681
  0.0105246   0.0444313 -0.00480991  0.00217669
0.000217087 -0.00480991   0.0506517 -0.00872929
   0.400681  0.00217669 -0.00872929    0.447571
IMAGINARY
          0  0.00132472 -0.00149238  0.00676034
-0.00132472           0 -0.00827274  0.00674291
 0.00149238  0.00827274           0 -0.00447504
-0.00676034 -0.00674291  0.00447504           0
Repeater1[0]<--->EndNode1[0]
REAL
   0.457374   0.0140687  0.00315287    0.391475
  0.0140687   0.0481603 -0.00912204 0.000316206
 0.00315287 -0.00912204   0.0553395 0.000863422
   0.391475 0.000316206 0.000863422    0.439127
IMAGINARY
           0  -0.00296805   0.00346058  -0.00222739
  0.00296805            0  0.000536646  -0.00375908
 -0.00346058 -0.000536646            0   0.00416208
  0.00222739   0.00375908  -0.00416208            0
Repeater1[0]<--->HoM1[0]
REAL
   0.457346 0.000217087   0.0105246    0.400681
0.000217087   0.0506517 -0.00480991 -0.00872929
  0.0105246 -0.00480991   0.0444313  0.00217669
   0.400681 -0.00872929  0.00217669    0.447571
IMAGINARY
          0 -0.00149238  0.00132472  0.00676034
 0.00149238           0  0.00827274 -0.00447504
-0.00132472 -0.00827274           0  0.00674291
-0.00676034  0.00447504 -0.00674291           0
EndNode1[0]<--->Repeater1[0]
REAL
   0.440466 -0.00255992  0.00443311    0.396741
-0.00255992   0.0519248 0.000566016  0.00488918
 0.00443311 0.000566016   0.0528201  0.00685113
   0.396741  0.00488918  0.00685113     0.45479
IMAGINARY
          0 -0.00210363  0.00496705 -0.00865433
 0.00210363           0 -0.00400587  0.00687265
-0.00496705  0.00400587           0 -0.00973608
 0.00865433 -0.00687265  0.00973608           0
EndNode2[0]<--->HoM1[0]
REAL
   0.432384 -0.00251082  -0.0100259    0.396276
-0.00251082   0.0524738 -0.00419982  0.00381653
 -0.0100259 -0.00419982   0.0545727 -0.00281148
   0.396276  0.00381653 -0.00281148     0.46057
IMAGINARY
           0  -0.00556385  -0.00720364  -0.00297116
  0.00556385            0  1.48679e-06   0.00779782
  0.00720364 -1.48679e-06            0   0.00229588
  0.00297116  -0.00779782  -0.00229588            0
Repeater1[0]<--->EndNode1[0]
REAL
   0.440466  0.00443311 -0.00255992    0.396741
 0.00443311   0.0528201 0.000566016  0.00685113
-0.00255992 0.000566016   0.0519248  0.00488918
   0.396741  0.00685113  0.00488918     0.45479
IMAGINARY
          0  0.00496705 -0.00210363 -0.00865433
-0.00496705           0  0.00400587 -0.00973608
 0.00210363 -0.00400587           0  0.00687265
 0.00865433  0.00973608 -0.00687265           0
Repeater1[0]<--->HoM1[0]
REAL
   0.432384  -0.0100259 -0.00251082    0.396276
 -0.0100259   0.0545727 -0.00419982 -0.00281148
-0.00251082 -0.00419982   0.0524738  0.00381653
   0.396276 -0.00281148  0.00381653     0.46057
IMAGINARY
           0  -0.00720364  -0.00556385  -0.00297116
  0.00720364            0 -1.48679e-06   0.00229588
  0.00556385  1.48679e-06            0   0.00779782
  0.00297116  -0.00229588  -0.00779782            0
EndNode1[0]<--->Repeater1[0]
REAL
   0.454102  0.00354452 0.000581372    0.397726
 0.00354452   0.0555047 -0.00242521  0.00209561
0.000581372 -0.00242521   0.0457457    0.001512
   0.397726  0.00209561    0.001512    0.444648
IMAGINARY
          0 -0.00603459  0.00296049  0.00472724
 0.00603459           0 -0.00213024  0.00593845
-0.00296049  0.00213024           0 -0.00135605
-0.00472724 -0.00593845  0.00135605           0
EndNode2[0]<--->HoM1[0]
REAL
   0.454656 -0.00084202 -0.00617949    0.395924
-0.00084202   0.0509554 -0.00220423 -0.00378428
-0.00617949 -0.00220423   0.0500455  -0.0115372
   0.395924 -0.00378428  -0.0115372    0.444343
IMAGINARY
          0  -0.0058008 -0.00632972  0.00309724
  0.0058008           0 -0.00219688  0.00157365
 0.00632972  0.00219688           0  0.00871581
-0.00309724 -0.00157365 -0.00871581           0
Repeater1[0]<--->EndNode1[0]
REAL
   0.454102 0.000581372  0.00354452    0.397726
0.000581372   0.0457457 -0.00242521    0.001512
 0.00354452 -0.00242521   0.0555047  0.00209561
   0.397726    0.001512  0.00209561    0.444648
IMAGINARY
          0  0.00296049 -0.00603459  0.00472724
-0.00296049           0  0.00213024 -0.00135605
 0.00603459 -0.00213024           0  0.00593845
-0.00472724  0.00135605 -0.00593845           0
Repeater1[0]<--->HoM1[0]
REAL
   0.454656 -0.00617949 -0.00084202    0.395924
-0.00617949   0.0500455 -0.00220423  -0.0115372
-0.00084202 -0.00220423   0.0509554 -0.00378428
   0.395924  -0.0115372 -0.00378428    0.444343
IMAGINARY
          0 -0.00632972  -0.0058008  0.00309724
 0.00632972           0  0.00219688  0.00871581
  0.0058008 -0.00219688           0  0.00157365
-0.00309724 -0.00871581 -0.00157365           0
EndNode1[0]<--->Repeater1[0]
REAL
   0.440152   -0.013894  0.00423394    0.397936
  -0.013894   0.0500439  0.00376852 -0.00240801
 0.00423394  0.00376852   0.0477027   0.0105465
   0.397936 -0.00240801   0.0105465    0.462101
IMAGINARY
           0  -0.00194079  -0.00135025 -6.77565e-05
  0.00194079            0   0.00986004  -0.00225769
  0.00135025  -0.00986004            0   0.00554873
 6.77565e-05   0.00225769  -0.00554873            0
EndNode2[0]<--->HoM1[0]
REAL
  0.463224 0.00456667 0.00583377   0.400191
0.00456667  0.0513359 -0.0040114 -0.0012127
0.00583377 -0.0040114  0.0480336 0.00652391
  0.400191 -0.0012127 0.00652391   0.437406
IMAGINARY
           0 -0.000809257   0.00859105   -0.0158785
 0.000809257            0   0.00462061  -0.00797301
 -0.00859105  -0.00462061            0  -0.00475317
   0.0158785   0.00797301   0.00475317            0
Repeater1[0]<--->EndNode1[0]
REAL
   0.440152  0.00423394   -0.013894    0.397936
 0.00423394   0.0477027  0.00376852   0.0105465
  -0.013894  0.00376852   0.0500439 -0.00240801
   0.397936   0.0105465 -0.00240801    0.462101
IMAGINARY
           0  -0.00135025  -0.00194079 -6.77565e-05
  0.00135025            0  -0.00986004   0.00554873
  0.00194079   0.00986004            0  -0.00225769
 6.77565e-05  -0.00554873   0.00225769            0
Repeater1[0]<--->HoM1[0]
REAL
  0.463224 0.00583377 0.00456667   0.400191
0.00583377  0.0480336 -0.0040114 0.00652391
0.00456667 -0.0040114  0.0513359 -0.0012127
  0.400191 0.00652391 -0.0012127   0.437406
IMAGINARY
           0   0.00859105 -0.000809257   -0.0158785
 -0.00859105            0  -0.00462061  -0.00475317
 0.000809257   0.00462061            0  -0.00797301
   0.0158785   0.00475317   0.00797301            0
EndNode1[0]<--->Repeater1[0]
REAL
       0.44  -0.0141951 -0.00937968    0.404511
 -0.0141951   0.0482353 -0.00327307 -0.00587251
-0.00937968 -0.00327307        0.05  -0.0116279
   0.404511 -0.00587251  -0.0116279    0.461765
IMAGINARY
           0  -0.00845564   0.00412836  -0.00932542
  0.00845564            0  0.000234515   0.00126086
 -0.00412836 -0.000234515            0   0.00785684
  0.00932542  -0.00126086  -0.00785684            0
EndNode2[0]<--->HoM1[0]
REAL
    0.454464  -0.00264178  -0.00268337     0.397873
 -0.00264178    0.0503295 -7.37293e-05  -0.00681316
 -0.00268337 -7.37293e-05    0.0395446  -0.00775918
    0.397873  -0.00681316  -0.00775918     0.455662
IMAGINARY
          0  0.00492703  0.00278006  0.00259408
-0.00492703           0  0.00937323  0.00687363
-0.00278006 -0.00937323           0  0.00227493
-0.00259408 -0.00687363 -0.00227493           0
Repeater1[0]<--->EndNode1[0]
REAL
       0.44 -0.00937968  -0.0141951    0.404511
-0.00937968        0.05 -0.00327307  -0.0116279
 -0.0141951 -0.00327307   0.0482353 -0.00587251
   0.404511  -0.0116279 -0.00587251    0.461765
IMAGINARY
           0   0.00412836  -0.00845564  -0.00932542
 -0.00412836            0 -0.000234515   0.00785684
  0.00845564  0.000234515            0   0.00126086
  0.00932542  -0.00785684  -0.00126086            0
Repeater1[0]<--->HoM1[0]
REAL
    0.454464  -0.00268337  -0.00264178     0.397873
 -0.00268337    0.0395446 -7.37293e-05  -0.00775918
 -0.00264178 -7.37293e-05    0.0503295  -0.00681316
    0.397873  -0.00775918  -0.00681316     0.455662
IMAGINARY
          0  0.00278006  0.00492703  0.00259408
-0.00278006           0 -0.00937323  0.00227493
-0.00492703  0.00937323           0  0.00687363
-0.00259408 -0.00227493 -0.00687363           0
EndNode1[0]<--->Repeater1[0]
REAL
  0.441357 0.00403356 0.00565414    0.40229
0.00403356  0.0517695 0.00540198 0.00174789
0.00565414 0.00540198   0.051477 0.00162682
   0.40229 0.00174789 0.00162682   0.455396
IMAGINARY
           0 -0.000933791   0.00308392   0.00480511
 0.000933791            0  0.000836855  -0.00735481
 -0.00308392 -0.000836855            0  -0.00272698
 -0.00480511   0.00735481   0.00272698            0
EndNode2[0]<--->HoM1[0]
REAL
    0.439322  -0.00669972   -0.0016501     0.401725
 -0.00669972    0.0544319   0.00644151 -0.000294266
  -0.0016501   0.00644151    0.0559191 -0.000928156
    0.401725 -0.000294266 -0.000928156     0.450327
IMAGINARY
          0 -0.00813402 -0.00463608  0.00445811
 0.00813402           0  0.00190938   -0.010048
 0.00463608 -0.00190938           0   0.0118421
-0.00445811    0.010048  -0.0118421           0
Repeater1[0]<--->EndNode1[0]
REAL
  0.441357 0.00565414 0.00403356    0.40229
0.00565414   0.051477 0.00540198 0.00162682
0.00403356 0.00540198  0.0517695 0.00174789
   0.40229 0.00162682 0.00174789   0.455396
IMAGINARY
           0   0.00308392 -0.000933791   0.00480511
 -0.00308392            0 -0.000836855  -0.00272698
 0.000933791  0.000836855            0  -0.00735481
 -0.00480511   0.00272698   0.00735481            0
Repeater1[0]<--->HoM1[0]
REAL
    0.439322   -0.0016501  -0.00669972     0.401725
  -0.0016501    0.0559191   0.00644151 -0.000928156
 -0.00669972   0.00644151    0.0544319 -0.000294266
    0.401725 -0.000928156 -0.000294266     0.450327
IMAGINARY
          0 -0.00463608 -0.00813402  0.00445811
 0.00463608           0 -0.00190938   0.0118421
 0.00813402  0.00190938           0   -0.010048
-0.00445811  -0.0118421    0.010048           0
EndNode1[0]<--->Repeater1[0]
REAL
   0.448007  0.00105317  0.00844389    0.390336
 0.00105317   0.0434522 0.000752888  -0.0025933
 0.00844389 0.000752888   0.0566377 -0.00150322
   0.390336  -0.0025933 -0.00150322    0.451903
IMAGINARY
           0    0.0100713   0.00151347 -0.000265276
  -0.0100713            0  -0.00256801  -0.00984681
 -0.00151347   0.00256801            0   0.00153583
 0.000265276   0.00984681  -0.00153583            0
EndNode2[0]<--->HoM1[0]
REAL
    0.449297   0.00751399    0.0119683     0.393867
  0.00751399    0.0511517 -0.000377953  -0.00371743
   0.0119683 -0.000377953    0.0511517  -0.00496373
    0.393867  -0.00371743  -0.00496373       0.4484
IMAGINARY
           0    0.0125095 -0.000450159   0.00169296
  -0.0125095            0  -0.00199326 -0.000905671
 0.000450159   0.00199326            0  -0.00060829
 -0.00169296  0.000905671   0.00060829            0
Repeater1[0]<--->EndNode1[0]
REAL
   0.448007  0.00844389  0.00105317    0.390336
 0.00844389   0.0566377 0.000752888 -0.00150322
 0.00105317 0.000752888   0.0434522  -0.0025933
   0.390336 -0.00150322  -0.0025933    0.451903
IMAGINARY
           0   0.00151347    0.0100713 -0.000265276
 -0.00151347            0   0.00256801   0.00153583
  -0.0100713  -0.00256801            0  -0.00984681
 0.000265276  -0.00153583   0.00984681            0
Repeater1[0]<--->HoM1[0]
REAL
    0.449297    0.0119683   0.00751399     0.393867
   0.0119683    0.0511517 -0.000377953  -0.00496373
  0.00751399 -0.000377953    0.0511517  -0.00371743
    0.393867  -0.00496373  -0.00371743       0.4484
IMAGINARY
           0 -0.000450159    0.0125095   0.00169296
 0.000450159            0   0.00199326  -0.00060829
  -0.0125095  -0.00199326            0 -0.000905671
 -0.00169296   0.00060829  0.000905671            0
EndNode1[0]<--->Repeater1[0]
REAL
   0.458735 -0.00278827  -0.0100364     0.39381
-0.00278827   0.0466867  0.00727486  0.00771078
 -0.0100364  0.00727486   0.0548193 -0.00232801
    0.39381  0.00771078 -0.00232801    0.439759
IMAGINARY
           0  0.000581197   -0.0167204   -0.0050598
-0.000581197            0  0.000345602    0.0102151
   0.0167204 -0.000345602            0  -0.00224534
   0.0050598   -0.0102151   0.00224534            0
EndNode2[0]<--->HoM1[0]
REAL
   0.433583  0.00300688  0.00328028    0.400531
 0.00300688   0.0464768 0.000916795 0.000569432
 0.00328028 0.000916795   0.0521739  0.00330664
   0.400531 0.000569432  0.00330664    0.467766
IMAGINARY
           0   0.00369787  -0.00277454  -0.00413813
 -0.00369787            0    0.0045871   0.00381404
  0.00277454   -0.0045871            0  1.46312e-05
  0.00413813  -0.00381404 -1.46312e-05            0
Repeater1[0]<--->EndNode1[0]
REAL
   0.458735  -0.0100364 -0.00278827     0.39381
 -0.0100364   0.0548193  0.00727486 -0.00232801
-0.00278827  0.00727486   0.0466867  0.00771078
    0.39381 -0.00232801  0.00771078    0.439759
IMAGINARY
           0   -0.0167204  0.000581197   -0.0050598
   0.0167204            0 -0.000345602  -0.00224534
-0.000581197  0.000345602            0    0.0102151
   0.0050598   0.00224534   -0.0102151            0
Repeater1[0]<--->HoM1[0]
REAL
   0.433583  0.00328028  0.00300688    0.400531
 0.00328028   0.0521739 0.000916795  0.00330664
 0.00300688 0.000916795   0.0464768 0.000569432
   0.400531  0.00330664 0.000569432    0.467766
IMAGINARY
           0  -0.00277454   0.00369787  -0.00413813
  0.00277454            0   -0.0045871  1.46312e-05
 -0.00369787    0.0045871            0   0.00381404
  0.00413813 -1.46312e-05  -0.00381404            0
EndNode1[0]<--->Repeater1[0]
REAL
   0.443071 -0.00578344 -0.00436654    0.398307
-0.00578344   0.0503089 -0.00256192  0.00467049
-0.00436654 -0.00256192   0.0541336  -0.0027272
   0.398307  0.00467049  -0.0027272    0.452486
IMAGINARY
           0   0.00257177   0.00205734  0.000696089
 -0.00257177            0   0.00899672  -0.00610047
 -0.00205734  -0.00899672            0   0.00895863
-0.000696089   0.00610047  -0.00895863            0
EndNode2[0]<--->HoM1[0]
REAL
   0.452632  0.00365555  0.00161965    0.397844
 0.00365555   0.0490226 -0.00147445  0.00686981
 0.00161965 -0.00147445   0.0520301 -0.00629021
   0.397844  0.00686981 -0.00629021    0.446316
IMAGINARY
          0  -0.0113793 -0.00222033 -0.00782514
  0.0113793           0 -0.00211257 -0.00236954
 0.00222033  0.00211257           0   0.0124157
 0.00782514  0.00236954  -0.0124157           0
Repeater1[0]<--->EndNode1[0]
REAL
   0.443071 -0.00436654 -0.00578344    0.398307
-0.00436654   0.0541336 -0.00256192  -0.0027272
-0.00578344 -0.00256192   0.0503089  0.00467049
   0.398307  -0.0027272  0.00467049    0.452486
IMAGINARY
           0   0.00205734   0.00257177  0.000696089
 -0.00205734            0  -0.00899672   0.00895863
 -0.00257177   0.00899672            0  -0.00610047
-0.000696089  -0.00895863   0.00610047            0
Repeater1[0]<--->HoM1[0]
REAL
   0.452632  0.00161965  0.00365555    0.397844
 0.00161965   0.0520301 -0.00147445 -0.00629021
 0.00365555 -0.00147445   0.0490226  0.00686981
   0.397844 -0.00629021  0.00686981    0.446316
IMAGINARY
          0 -0.00222033  -0.0113793 -0.00782514
 0.00222033           0  0.00211257   0.0124157
  0.0113793 -0.00211257           0 -0.00236954
 0.00782514  -0.0124157  0.00236954           0
EndNode1[0]<--->Repeater1[0]
REAL
   0.457622 -0.00233235  -0.0146827    0.393774
-0.00233235   0.0521114   0.0054893  0.00216429
 -0.0146827   0.0054893   0.0566038  -0.0125425
   0.393774  0.00216429  -0.0125425    0.433663
IMAGINARY
          0  0.00127188 -0.00548076   0.0106201
-0.00127188           0 -0.00242338  -0.0081062
 0.00548076  0.00242338           0  0.00386097
 -0.0106201   0.0081062 -0.00386097           0
EndNode2[0]<--->HoM1[0]
REAL
    0.455677   -0.0132584  -0.00202824     0.395133
  -0.0132584    0.0542544  -0.00112508 -0.000531232
 -0.00202824  -0.00112508    0.0569226   0.00226775
    0.395133 -0.000531232   0.00226775     0.433146
IMAGINARY
          0  0.00320712 -0.00266931  0.00329237
-0.00320712           0  -0.0028426    0.015599
 0.00266931   0.0028426           0  -0.0115734
-0.00329237   -0.015599   0.0115734           0
Repeater1[0]<--->EndNode1[0]
REAL
   0.457622  -0.0146827 -0.00233235    0.393774
 -0.0146827   0.0566038   0.0054893  -0.0125425
-0.00233235   0.0054893   0.0521114  0.00216429
   0.393774  -0.0125425  0.00216429    0.433663
IMAGINARY
          0 -0.00548076  0.00127188   0.0106201
 0.00548076           0  0.00242338  0.00386097
-0.00127188 -0.00242338           0  -0.0081062
 -0.0106201 -0.00386097   0.0081062           0
Repeater1[0]<--->HoM1[0]
REAL
    0.455677  -0.00202824   -0.0132584     0.395133
 -0.00202824    0.0569226  -0.00112508   0.00226775
  -0.0132584  -0.00112508    0.0542544 -0.000531232
    0.395133   0.00226775 -0.000531232     0.433146
IMAGINARY
          0 -0.00266931  0.00320712  0.00329237
 0.00266931           0   0.0028426  -0.0115734
-0.00320712  -0.0028426           0    0.015599
-0.00329237   0.0115734   -0.015599           0
EndNode1[0]<--->Repeater1[0]
REAL
   0.454492 -0.00124655  0.00136083    0.388395
-0.00124655   0.0493499 -0.00256959 -0.00450737
 0.00136083 -0.00256959   0.0543735 0.000197703
   0.388395 -0.00450737 0.000197703    0.441785
IMAGINARY
           0  0.000265243  -0.00357068   0.00605235
-0.000265243            0 -0.000544762   -0.0017892
  0.00357068  0.000544762            0    0.0124453
 -0.00605235    0.0017892   -0.0124453            0
EndNode2[0]<--->HoM1[0]
REAL
   0.448634 -0.00171833  0.00182894    0.399624
-0.00171833   0.0445368  -0.0100113  0.00948889
 0.00182894  -0.0100113   0.0531473   0.0167571
   0.399624  0.00948889   0.0167571    0.453682
IMAGINARY
           0   0.00429871   0.00293594  -0.00659545
 -0.00429871            0  0.000517772  5.62799e-05
 -0.00293594 -0.000517772            0   0.00168573
  0.00659545 -5.62799e-05  -0.00168573            0
Repeater1[0]<--->EndNode1[0]
REAL
   0.454492  0.00136083 -0.00124655    0.388395
 0.00136083   0.0543735 -0.00256959 0.000197703
-0.00124655 -0.00256959   0.0493499 -0.00450737
   0.388395 0.000197703 -0.00450737    0.441785
IMAGINARY
           0  -0.00357068  0.000265243   0.00605235
  0.00357068            0  0.000544762    0.0124453
-0.000265243 -0.000544762            0   -0.0017892
 -0.00605235   -0.0124453    0.0017892            0
Repeater1[0]<--->HoM1[0]
REAL
   0.448634  0.00182894 -0.00171833    0.399624
 0.00182894   0.0531473  -0.0100113   0.0167571
-0.00171833  -0.0100113   0.0445368  0.00948889
   0.399624   0.0167571  0.00948889    0.453682
IMAGINARY
           0   0.00293594   0.00429871  -0.00659545
 -0.00293594            0 -0.000517772   0.00168573
 -0.00429871  0.000517772            0  5.62799e-05
  0.00659545  -0.00168573 -5.62799e-05            0
EndNode1[0]<--->Repeater1[0]
REAL
    0.437519   -0.0069229    7.671e-05     0.400423
  -0.0069229    0.0536833  -0.00205274 -0.000224858
   7.671e-05  -0.00205274     0.053385     0.010034
    0.400423 -0.000224858     0.010034     0.455413
IMAGINARY
           0  -0.00200574  -0.00476548  0.000386085
  0.00200574            0   0.00144766   0.00204809
  0.00476548  -0.00144766            0   0.00321347
-0.000386085  -0.00204809  -0.00321347            0
EndNode2[0]<--->HoM1[0]
REAL
   0.444777   0.0116212 -0.00657082    0.399582
  0.0116212   0.0496857 3.75174e-06 -0.00083439
-0.00657082 3.75174e-06   0.0544747  -0.0116212
   0.399582 -0.00083439  -0.0116212    0.451063
IMAGINARY
          0  0.00315202  0.00037273  0.00634421
-0.00315202           0  0.00557474 -0.00127743
-0.00037273 -0.00557474           0  0.00106993
-0.00634421  0.00127743 -0.00106993           0
Repeater1[0]<--->EndNode1[0]
REAL
    0.437519    7.671e-05   -0.0069229     0.400423
   7.671e-05     0.053385  -0.00205274     0.010034
  -0.0069229  -0.00205274    0.0536833 -0.000224858
    0.400423     0.010034 -0.000224858     0.455413
IMAGINARY
           0  -0.00476548  -0.00200574  0.000386085
  0.00476548            0  -0.00144766   0.00321347
  0.00200574   0.00144766            0   0.00204809
-0.000386085  -0.00321347  -0.00204809            0
Repeater1[0]<--->HoM1[0]
REAL
   0.444777 -0.00657082   0.0116212    0.399582
-0.00657082   0.0544747 3.75174e-06  -0.0116212
  0.0116212 3.75174e-06   0.0496857 -0.00083439
   0.399582  -0.0116212 -0.00083439    0.451063
IMAGINARY
          0  0.00037273  0.00315202  0.00634421
-0.00037273           0 -0.00557474  0.00106993
-0.00315202  0.00557474           0 -0.00127743
-0.00634421 -0.00106993  0.00127743           0
EndNode1[0]<--->Repeater1[0]
REAL
   0.439136  0.00795815 -0.00608821    0.400004
 0.00795815   0.0517346  0.00334529  0.00138786
-0.00608821  0.00334529    0.052039 -0.00355157
   0.400004  0.00138786 -0.00355157    0.457091
IMAGINARY
          0  0.00454046  0.00478502 -0.00346183
-0.00454046           0  0.00635376 -0.00323799
-0.00478502 -0.00635376           0   0.0038135
 0.00346183  0.00323799  -0.0038135           0
EndNode2[0]<--->HoM1[0]
REAL
    0.464862  -0.00132028   0.00521709      0.40233
 -0.00132028    0.0474597 -0.000246459  -0.00581232
  0.00521709 -0.000246459    0.0456343  -0.00671544
     0.40233  -0.00581232  -0.00671544     0.442044
IMAGINARY
           0  -0.00165768  -0.00425616 -5.39045e-05
  0.00165768            0  -0.00331413   0.00558871
  0.00425616   0.00331413            0   0.00062126
 5.39045e-05  -0.00558871  -0.00062126            0
Repeater1[0]<--->EndNode1[0]
REAL
   0.439136 -0.00608821  0.00795815    0.400004
-0.00608821    0.052039  0.00334529 -0.00355157
 0.00795815  0.00334529   0.0517346  0.00138786
   0.400004 -0.00355157  0.00138786    0.457091
IMAGINARY
          0  0.00478502  0.00454046 -0.00346183
-0.00478502           0 -0.00635376   0.0038135
-0.00454046  0.00635376           0 -0.00323799
 0.00346183  -0.0038135  0.00323799           0
Repeater1[0]<--->HoM1[0]
REAL
    0.464862   0.00521709  -0.00132028      0.40233
  0.00521709    0.0456343 -0.000246459  -0.00671544
 -0.00132028 -0.000246459    0.0474597  -0.00581232
     0.40233  -0.00671544  -0.00581232     0.442044
IMAGINARY
           0  -0.00425616  -0.00165768 -5.39045e-05
  0.00425616            0   0.00331413   0.00062126
  0.00165768  -0.00331413            0   0.00558871
 5.39045e-05  -0.00062126  -0.00558871            0
EndNode1[0]<--->Repeater1[0]
REAL
    0.452324   0.00572807   0.00459003     0.396919
  0.00572807     0.045292 -0.000448876   0.00594097
  0.00459003 -0.000448876    0.0560191    0.0021331
    0.396919   0.00594097    0.0021331     0.446365
IMAGINARY
           0   0.00534119  -0.00870505   0.00297787
 -0.00534119            0  -0.00237291 -2.01828e-05
  0.00870505   0.00237291            0   0.00308826
 -0.00297787  2.01828e-05  -0.00308826            0
EndNode2[0]<--->HoM1[0]
REAL
   0.442748  -0.0093457 -0.00185244    0.405019
 -0.0093457   0.0504991 0.000859864 -0.00289815
-0.00185244 0.000859864   0.0557839 -0.00342153
   0.405019 -0.00289815 -0.00342153    0.450969
IMAGINARY
          0 -0.00581492  0.00376331   0.0121387
 0.00581492           0  0.00328505   0.0049769
-0.00376331 -0.00328505           0  -0.0125696
 -0.0121387  -0.0049769   0.0125696           0
Repeater1[0]<--->EndNode1[0]
REAL
    0.452324   0.00459003   0.00572807     0.396919
  0.00459003    0.0560191 -0.000448876    0.0021331
  0.00572807 -0.000448876     0.045292   0.00594097
    0.396919    0.0021331   0.00594097     0.446365
IMAGINARY
           0  -0.00870505   0.00534119   0.00297787
  0.00870505            0   0.00237291   0.00308826
 -0.00534119  -0.00237291            0 -2.01828e-05
 -0.00297787  -0.00308826  2.01828e-05            0
Repeater1[0]<--->HoM1[0]
REAL
   0.442748 -0.00185244  -0.0093457    0.405019
