EndNode1[0]<--->Repeater1[0]
REAL
   0.472781 -0.00138187 -0.00989606    0.407308
-0.00138187    0.039645 -0.00281499  0.00409421
-0.00989606 -0.00281499   0.0443787  0.00182816
   0.407308  0.00409421  0.00182816    0.443195
IMAGINARY
           0  -0.00184049   -0.0018992   0.00405647
  0.00184049            0   0.00725043 -0.000248042
   0.0018992  -0.00725043            0    0.0104294
 -0.00405647  0.000248042   -0.0104294            0
EndNode2[0]<--->HoM1[0]
REAL
   0.448235 -0.00539911   0.0148511    0.412658
-0.00539911   0.0478755 -0.00354108  -0.0133993
  0.0148511 -0.00354108   0.0448833  0.00946415
   0.412658  -0.0133993  0.00946415    0.459007
IMAGINARY
           0  -0.00594691    0.0154114  -0.00356606
  0.00594691            0  -0.00740767 -0.000510233
  -0.0154114   0.00740767            0  -0.00777395
  0.00356606  0.000510233   0.00777395            0
Repeater1[0]<--->EndNode1[0]
REAL
   0.472781 -0.00989606 -0.00138187    0.407308
-0.00989606   0.0443787 -0.00281499  0.00182816
-0.00138187 -0.00281499    0.039645  0.00409421
   0.407308  0.00182816  0.00409421    0.443195
IMAGINARY
           0   -0.0018992  -0.00184049   0.00405647
   0.0018992            0  -0.00725043    0.0104294
  0.00184049   0.00725043            0 -0.000248042
 -0.00405647   -0.0104294  0.000248042            0
Repeater1[0]<--->HoM1[0]
REAL
   0.448235   0.0148511 -0.00539911    0.412658
  0.0148511   0.0448833 -0.00354108  0.00946415
-0.00539911 -0.00354108   0.0478755  -0.0133993
   0.412658  0.00946415  -0.0133993    0.459007
IMAGINARY
           0    0.0154114  -0.00594691  -0.00356606
  -0.0154114            0   0.00740767  -0.00777395
  0.00594691  -0.00740767            0 -0.000510233
  0.00356606   0.00777395  0.000510233            0
EndNode1[0]<--->Repeater1[0]
REAL
   0.451205  -0.0063664  0.00189958    0.409457
 -0.0063664   0.0448795 -0.00033802  0.00205179
 0.00189958 -0.00033802   0.0436747  0.00454269
   0.409457  0.00205179  0.00454269    0.460241
IMAGINARY
           0   0.00073522   0.00126526   0.00427464
 -0.00073522            0    0.0056056   0.00126526
 -0.00126526   -0.0056056            0 -0.000586366
 -0.00427464  -0.00126526  0.000586366            0
EndNode2[0]<--->HoM1[0]
REAL
   0.474196   0.0133303 0.000559878    0.410566
  0.0133303   0.0510018  0.00565006  0.00844913
0.000559878  0.00565006   0.0428051 -0.00342038
   0.410566  0.00844913 -0.00342038    0.431998
IMAGINARY
           0  -0.00266055  0.000206135  -0.00500032
  0.00266055            0  -0.00714361  -0.00506336
-0.000206135   0.00714361            0  -0.00160792
  0.00500032   0.00506336   0.00160792            0
Repeater1[0]<--->EndNode1[0]
REAL
   0.451205  0.00189958  -0.0063664    0.409457
 0.00189958   0.0436747 -0.00033802  0.00454269
 -0.0063664 -0.00033802   0.0448795  0.00205179
   0.409457  0.00454269  0.00205179    0.460241
IMAGINARY
           0   0.00126526   0.00073522   0.00427464
 -0.00126526            0   -0.0056056 -0.000586366
 -0.00073522    0.0056056            0   0.00126526
 -0.00427464  0.000586366  -0.00126526            0
Repeater1[0]<--->HoM1[0]
REAL
   0.474196 0.000559878   0.0133303    0.410566
0.000559878   0.0428051  0.00565006 -0.00342038
  0.0133303  0.00565006   0.0510018  0.00844913
   0.410566 -0.00342038  0.00844913    0.431998
IMAGINARY
           0  0.000206135  -0.00266055  -0.00500032
-0.000206135            0   0.00714361  -0.00160792
  0.00266055  -0.00714361            0  -0.00506336
  0.00500032   0.00160792   0.00506336            0
EndNode1[0]<--->Repeater1[0]
REAL
    0.445707   0.00794709   0.00825437     0.408886
  0.00794709    0.0463655 -0.000340677     0.011086
  0.00825437 -0.000340677    0.0412803   0.00809489
    0.408886     0.011086   0.00809489     0.466647
IMAGINARY
           0  0.000517656  -0.00479393    0.0136491
-0.000517656            0 -0.000176492   0.00509351
  0.00479393  0.000176492            0  -0.00111682
  -0.0136491  -0.00509351   0.00111682            0
EndNode2[0]<--->HoM1[0]
REAL
   0.457374 -0.00629728  -0.0180205    0.415617
-0.00629728   0.0421777  0.00115125 -0.00088192
 -0.0180205  0.00115125   0.0409812  0.00172411
   0.415617 -0.00088192  0.00172411    0.459468
IMAGINARY
          0  0.00602672 -0.00166482 -0.00873034
-0.00602672           0  -0.0115319  0.00196494
 0.00166482   0.0115319           0 -0.00482623
 0.00873034 -0.00196494  0.00482623           0
Repeater1[0]<--->EndNode1[0]
REAL
    0.445707   0.00825437   0.00794709     0.408886
  0.00825437    0.0412803 -0.000340677   0.00809489
  0.00794709 -0.000340677    0.0463655     0.011086
    0.408886   0.00809489     0.011086     0.466647
IMAGINARY
           0  -0.00479393  0.000517656    0.0136491
  0.00479393            0  0.000176492  -0.00111682
-0.000517656 -0.000176492            0   0.00509351
  -0.0136491   0.00111682  -0.00509351            0
Repeater1[0]<--->HoM1[0]
REAL
   0.457374  -0.0180205 -0.00629728    0.415617
 -0.0180205   0.0409812  0.00115125  0.00172411
-0.00629728  0.00115125   0.0421777 -0.00088192
   0.415617  0.00172411 -0.00088192    0.459468
IMAGINARY
          0 -0.00166482  0.00602672 -0.00873034
 0.00166482           0   0.0115319 -0.00482623
-0.00602672  -0.0115319           0  0.00196494
 0.00873034  0.00482623 -0.00196494           0
EndNode1[0]<--->Repeater1[0]
REAL
   0.444042    0.014239  0.00573657    0.412459
   0.014239   0.0470588  0.00868224  -0.0037421
 0.00573657  0.00868224   0.0419306 -0.00518716
   0.412459  -0.0037421 -0.00518716    0.466968
IMAGINARY
          0 -0.00468347  0.00707615 -0.00736185
 0.00468347           0  0.00118901 -0.00617687
-0.00707615 -0.00118901           0  0.00828059
 0.00736185  0.00617687 -0.00828059           0
EndNode2[0]<--->HoM1[0]
REAL
    0.456913  -0.00673912  -0.00443023     0.411443
 -0.00673912    0.0415375 -0.000837321   0.00170295
 -0.00443023 -0.000837321    0.0446373  -0.00598815
    0.411443   0.00170295  -0.00598815     0.456913
IMAGINARY
           0   -0.0117989  2.93389e-05  -0.00118354
   0.0117989            0   0.00103343    0.0164738
-2.93389e-05  -0.00103343            0  -0.00797511
  0.00118354   -0.0164738   0.00797511            0
Repeater1[0]<--->EndNode1[0]
REAL
   0.444042  0.00573657    0.014239    0.412459
 0.00573657   0.0419306  0.00868224 -0.00518716
   0.014239  0.00868224   0.0470588  -0.0037421
   0.412459 -0.00518716  -0.0037421    0.466968
IMAGINARY
          0  0.00707615 -0.00468347 -0.00736185
-0.00707615           0 -0.00118901  0.00828059
 0.00468347  0.00118901           0 -0.00617687
 0.00736185 -0.00828059  0.00617687           0
Repeater1[0]<--->HoM1[0]
REAL
    0.456913  -0.00443023  -0.00673912     0.411443
 -0.00443023    0.0446373 -0.000837321  -0.00598815
 -0.00673912 -0.000837321    0.0415375   0.00170295
    0.411443  -0.00598815   0.00170295     0.456913
IMAGINARY
           0  2.93389e-05   -0.0117989  -0.00118354
-2.93389e-05            0  -0.00103343  -0.00797511
   0.0117989   0.00103343            0    0.0164738
  0.00118354   0.00797511   -0.0164738            0
EndNode1[0]<--->Repeater1[0]
REAL
   0.443103 0.000500786  0.00187056    0.413933
0.000500786   0.0488983 -0.00170468 -0.00201933
 0.00187056 -0.00170468   0.0470872  0.00262328
   0.413933 -0.00201933  0.00262328    0.460912
IMAGINARY
          0  0.00438882  0.00258821 -0.00355044
-0.00438882           0 -0.00400512 -0.00934894
-0.00258821  0.00400512           0 -0.00909194
 0.00355044  0.00934894  0.00909194           0
EndNode2[0]<--->HoM1[0]
REAL
   0.446227  0.00143997  0.00644016     0.41342
 0.00143997   0.0409982  0.00354986 -0.00431895
 0.00644016  0.00354986   0.0451575 0.000681243
    0.41342 -0.00431895 0.000681243    0.467617
IMAGINARY
           0  -0.00815853   0.00888935  -0.00987029
  0.00815853            0   0.00222772  -0.00297918
 -0.00888935  -0.00222772            0 -0.000411211
  0.00987029   0.00297918  0.000411211            0
Repeater1[0]<--->EndNode1[0]
REAL
   0.443103  0.00187056 0.000500786    0.413933
 0.00187056   0.0470872 -0.00170468  0.00262328
0.000500786 -0.00170468   0.0488983 -0.00201933
   0.413933  0.00262328 -0.00201933    0.460912
IMAGINARY
          0  0.00258821  0.00438882 -0.00355044
-0.00258821           0  0.00400512 -0.00909194
-0.00438882 -0.00400512           0 -0.00934894
 0.00355044  0.00909194  0.00934894           0
Repeater1[0]<--->HoM1[0]
REAL
   0.446227  0.00644016  0.00143997     0.41342
 0.00644016   0.0451575  0.00354986 0.000681243
 0.00143997  0.00354986   0.0409982 -0.00431895
    0.41342 0.000681243 -0.00431895    0.467617
IMAGINARY
           0   0.00888935  -0.00815853  -0.00987029
 -0.00888935            0  -0.00222772 -0.000411211
  0.00815853   0.00222772            0  -0.00297918
  0.00987029  0.000411211   0.00297918            0
EndNode1[0]<--->Repeater1[0]
REAL
    0.463123  -0.00963479     0.001668     0.419359
 -0.00963479    0.0424007 -0.000194666   -0.0030304
    0.001668 -0.000194666     0.049567   0.00312555
    0.419359   -0.0030304   0.00312555     0.444909
IMAGINARY
          0   0.0053246  0.00288144  0.00370525
 -0.0053246           0  -0.0144627   0.0106241
-0.00288144   0.0144627           0  -0.0111966
-0.00370525  -0.0106241   0.0111966           0
EndNode2[0]<--->HoM1[0]
REAL
   0.440519    0.010782  0.00205593    0.410304
   0.010782   0.0467995  0.00105137  0.00965471
 0.00205593  0.00105137   0.0425725 -0.00055375
   0.410304  0.00965471 -0.00055375    0.470109
IMAGINARY
           0  -0.00876261  0.000996893 -0.000750053
  0.00876261            0  0.000602517    0.0065408
-0.000996893 -0.000602517            0   -0.0038002
 0.000750053   -0.0065408    0.0038002            0
Repeater1[0]<--->EndNode1[0]
REAL
    0.463123     0.001668  -0.00963479     0.419359
    0.001668     0.049567 -0.000194666   0.00312555
 -0.00963479 -0.000194666    0.0424007   -0.0030304
    0.419359   0.00312555   -0.0030304     0.444909
IMAGINARY
          0  0.00288144   0.0053246  0.00370525
-0.00288144           0   0.0144627  -0.0111966
 -0.0053246  -0.0144627           0   0.0106241
-0.00370525   0.0111966  -0.0106241           0
Repeater1[0]<--->HoM1[0]
REAL
   0.440519  0.00205593    0.010782    0.410304
 0.00205593   0.0425725  0.00105137 -0.00055375
   0.010782  0.00105137   0.0467995  0.00965471
   0.410304 -0.00055375  0.00965471    0.470109
IMAGINARY
           0  0.000996893  -0.00876261 -0.000750053
-0.000996893            0 -0.000602517   -0.0038002
  0.00876261  0.000602517            0    0.0065408
 0.000750053    0.0038002   -0.0065408            0
EndNode1[0]<--->Repeater1[0]
REAL
   0.450797 -0.00386593  -0.0115015    0.412872
-0.00386593   0.0406259 -0.00292374 -0.00142823
 -0.0115015 -0.00292374   0.0439362 -0.00662997
   0.412872 -0.00142823 -0.00662997     0.46464
IMAGINARY
          0 -0.00518148  0.00434272 -0.00798238
 0.00518148           0  0.00275382  -0.0125541
-0.00434272 -0.00275382           0  0.00144902
 0.00798238   0.0125541 -0.00144902           0
EndNode2[0]<--->HoM1[0]
REAL
    0.464809 -0.000355253  -0.00379196     0.419052
-0.000355253    0.0445748  -0.00608823  -0.00586174
 -0.00379196  -0.00608823     0.044868  -0.00378204
    0.419052  -0.00586174  -0.00378204     0.445748
IMAGINARY
          0 -0.00280463  0.00522757   0.0130698
 0.00280463           0  0.00207252  0.00552987
-0.00522757 -0.00207252           0 -0.00441612
 -0.0130698 -0.00552987  0.00441612           0
Repeater1[0]<--->EndNode1[0]
REAL
   0.450797  -0.0115015 -0.00386593    0.412872
 -0.0115015   0.0439362 -0.00292374 -0.00662997
-0.00386593 -0.00292374   0.0406259 -0.00142823
   0.412872 -0.00662997 -0.00142823     0.46464
IMAGINARY
          0  0.00434272 -0.00518148 -0.00798238
-0.00434272           0 -0.00275382  0.00144902
 0.00518148  0.00275382           0  -0.0125541
 0.00798238 -0.00144902   0.0125541           0
Repeater1[0]<--->HoM1[0]
REAL
    0.464809  -0.00379196 -0.000355253     0.419052
 -0.00379196     0.044868  -0.00608823  -0.00378204
-0.000355253  -0.00608823    0.0445748  -0.00586174
    0.419052  -0.00378204  -0.00586174     0.445748
IMAGINARY
          0  0.00522757 -0.00280463   0.0130698
-0.00522757           0 -0.00207252 -0.00441612
 0.00280463  0.00207252           0  0.00552987
 -0.0130698  0.00441612 -0.00552987           0
EndNode1[0]<--->Repeater1[0]
REAL
  0.451164 0.00388863 0.00741812   0.410885
0.00388863  0.0459631 0.00346089 0.00800566
0.00741812 0.00346089  0.0465679 0.00494635
  0.410885 0.00800566 0.00494635   0.456305
IMAGINARY
           0    0.0103525  -0.00680228   0.00415597
  -0.0103525            0 -0.000718473  -0.00754259
  0.00680228  0.000718473            0   0.00428818
 -0.00415597   0.00754259  -0.00428818            0
EndNode2[0]<--->HoM1[0]
REAL
   0.466746 -0.00709558   0.0101966    0.414422
-0.00709558   0.0445368  0.00151259 -0.00404541
  0.0101966  0.00151259   0.0412708   0.0100247
   0.414422 -0.00404541   0.0100247    0.447447
IMAGINARY
           0  -0.00415049 -0.000171548   0.00290706
  0.00415049            0   0.00933229    0.0119072
 0.000171548  -0.00933229            0  -0.00882048
 -0.00290706   -0.0119072   0.00882048            0
Repeater1[0]<--->EndNode1[0]
REAL
  0.451164 0.00741812 0.00388863   0.410885
0.00741812  0.0465679 0.00346089 0.00494635
0.00388863 0.00346089  0.0459631 0.00800566
  0.410885 0.00494635 0.00800566   0.456305
IMAGINARY
           0  -0.00680228    0.0103525   0.00415597
  0.00680228            0  0.000718473   0.00428818
  -0.0103525 -0.000718473            0  -0.00754259
 -0.00415597  -0.00428818   0.00754259            0
Repeater1[0]<--->HoM1[0]
REAL
   0.466746   0.0101966 -0.00709558    0.414422
  0.0101966   0.0412708  0.00151259   0.0100247
-0.00709558  0.00151259   0.0445368 -0.00404541
   0.414422   0.0100247 -0.00404541    0.447447
IMAGINARY
           0 -0.000171548  -0.00415049   0.00290706
 0.000171548            0  -0.00933229  -0.00882048
  0.00415049   0.00933229            0    0.0119072
 -0.00290706   0.00882048   -0.0119072            0
EndNode1[0]<--->Repeater1[0]
REAL
   0.453618 -0.00172778 -0.00159751    0.417806
-0.00172778   0.0435305 -0.00146373  0.00414623
-0.00159751 -0.00146373   0.0438307  0.00637546
   0.417806  0.00414623  0.00637546    0.459021
IMAGINARY
          0 -0.00360742  3.4957e-05 -0.00108547
 0.00360742           0 -0.00303918  0.00850953
-3.4957e-05  0.00303918           0 -0.00375852
 0.00108547 -0.00850953  0.00375852           0
EndNode2[0]<--->HoM1[0]
REAL
   0.443411  0.00832529 -0.00459009    0.414553
 0.00832529   0.0499225 -0.00261239 -0.00138006
-0.00459009 -0.00261239   0.0483721 -0.00742977
   0.414553 -0.00138006 -0.00742977    0.458295
IMAGINARY
          0  -0.0054202  0.00381233  0.00397353
  0.0054202           0  0.00661904   0.0033647
-0.00381233 -0.00661904           0  0.00272881
-0.00397353  -0.0033647 -0.00272881           0
Repeater1[0]<--->EndNode1[0]
REAL
   0.453618 -0.00159751 -0.00172778    0.417806
-0.00159751   0.0438307 -0.00146373  0.00637546
-0.00172778 -0.00146373   0.0435305  0.00414623
   0.417806  0.00637546  0.00414623    0.459021
IMAGINARY
          0  3.4957e-05 -0.00360742 -0.00108547
-3.4957e-05           0  0.00303918 -0.00375852
 0.00360742 -0.00303918           0  0.00850953
 0.00108547  0.00375852 -0.00850953           0
Repeater1[0]<--->HoM1[0]
REAL
   0.443411 -0.00459009  0.00832529    0.414553
-0.00459009   0.0483721 -0.00261239 -0.00742977
 0.00832529 -0.00261239   0.0499225 -0.00138006
   0.414553 -0.00742977 -0.00138006    0.458295
IMAGINARY
          0  0.00381233  -0.0054202  0.00397353
-0.00381233           0 -0.00661904  0.00272881
  0.0054202  0.00661904           0   0.0033647
-0.00397353 -0.00272881  -0.0033647           0
EndNode1[0]<--->Repeater1[0]
REAL
   0.461727  0.00472631  0.00095773    0.415185
 0.00472631   0.0459277 0.000856585 -0.00650496
 0.00095773 0.000856585   0.0401102 -0.00187774
   0.415185 -0.00650496 -0.00187774    0.452235
IMAGINARY
          0  -0.0130671   0.0169513   0.0102816
  0.0130671           0 -0.00491511  0.00944383
 -0.0169513  0.00491511           0  -0.0151381
 -0.0102816 -0.00944383   0.0151381           0
EndNode2[0]<--->HoM1[0]
REAL
   0.467361 -0.00140417 -0.00242613     0.41755
-0.00140417   0.0438247 -0.00942619  0.00316468
-0.00242613 -0.00942619   0.0425988 -0.00110691
    0.41755  0.00316468 -0.00110691    0.446215
IMAGINARY
           0   0.00333214   -0.0015799 -0.000255864
 -0.00333214            0   0.00219212   0.00248515
   0.0015799  -0.00219212            0 -0.000616386
 0.000255864  -0.00248515  0.000616386            0
Repeater1[0]<--->EndNode1[0]
REAL
   0.461727  0.00095773  0.00472631    0.415185
 0.00095773   0.0401102 0.000856585 -0.00187774
 0.00472631 0.000856585   0.0459277 -0.00650496
   0.415185 -0.00187774 -0.00650496    0.452235
IMAGINARY
          0   0.0169513  -0.0130671   0.0102816
 -0.0169513           0  0.00491511  -0.0151381
  0.0130671 -0.00491511           0  0.00944383
 -0.0102816   0.0151381 -0.00944383           0
Repeater1[0]<--->HoM1[0]
REAL
   0.467361 -0.00242613 -0.00140417     0.41755
-0.00242613   0.0425988 -0.00942619 -0.00110691
-0.00140417 -0.00942619   0.0438247  0.00316468
    0.41755 -0.00110691  0.00316468    0.446215
IMAGINARY
           0   -0.0015799   0.00333214 -0.000255864
   0.0015799            0  -0.00219212 -0.000616386
 -0.00333214   0.00219212            0   0.00248515
 0.000255864  0.000616386  -0.00248515            0
EndNode1[0]<--->Repeater1[0]
REAL
   0.447166 -0.00247513 -0.00101187    0.412502
-0.00247513   0.0392562  0.00403864 -0.00548949
-0.00101187  0.00403864   0.0460449 -0.00946923
   0.412502 -0.00548949 -0.00946923    0.467532
IMAGINARY
          0  0.00150883 -0.00504306 -0.00650192
-0.00150883           0   0.0131924  0.00684378
 0.00504306  -0.0131924           0 -0.00240919
 0.00650192 -0.00684378  0.00240919           0
EndNode2[0]<--->HoM1[0]
REAL
     0.47402   0.00385094  -0.00328528     0.414298
  0.00385094    0.0510483 -0.000870902  0.000635105
 -0.00328528 -0.000870902    0.0425403  -0.00355647
    0.414298  0.000635105  -0.00355647     0.432391
IMAGINARY
          0  0.00958313  -0.0111936  0.00424793
-0.00958313           0  0.00860359  0.00898446
  0.0111936 -0.00860359           0 -0.00501759
-0.00424793 -0.00898446  0.00501759           0
Repeater1[0]<--->EndNode1[0]
REAL
   0.447166 -0.00101187 -0.00247513    0.412502
-0.00101187   0.0460449  0.00403864 -0.00946923
-0.00247513  0.00403864   0.0392562 -0.00548949
   0.412502 -0.00946923 -0.00548949    0.467532
IMAGINARY
          0 -0.00504306  0.00150883 -0.00650192
 0.00504306           0  -0.0131924 -0.00240919
-0.00150883   0.0131924           0  0.00684378
 0.00650192  0.00240919 -0.00684378           0
Repeater1[0]<--->HoM1[0]
REAL
     0.47402  -0.00328528   0.00385094     0.414298
 -0.00328528    0.0425403 -0.000870902  -0.00355647
  0.00385094 -0.000870902    0.0510483  0.000635105
    0.414298  -0.00355647  0.000635105     0.432391
IMAGINARY
          0  -0.0111936  0.00958313  0.00424793
  0.0111936           0 -0.00860359 -0.00501759
-0.00958313  0.00860359           0  0.00898446
-0.00424793  0.00501759 -0.00898446           0
EndNode1[0]<--->Repeater1[0]
REAL
    0.465332 -0.000226762   0.00604665     0.415324
-0.000226762    0.0451285   0.00277668  -0.00337603
  0.00604665   0.00277668    0.0385535 -6.99735e-05
    0.415324  -0.00337603 -6.99735e-05     0.450986
IMAGINARY
           0  -0.00476578  0.000534782  -0.00398667
  0.00476578            0 -0.000387389 -0.000681024
-0.000534782  0.000387389            0  -0.00123013
  0.00398667  0.000681024   0.00123013            0
EndNode2[0]<--->HoM1[0]
REAL
   0.471995 -0.00989804 -0.00172623    0.414504
-0.00989804   0.0381471 -0.00565239 -0.00718408
-0.00172623 -0.00565239   0.0423857  0.00332486
   0.414504 -0.00718408  0.00332486    0.447472
IMAGINARY
           0  -0.00270116   0.00581322  0.000569261
  0.00270116            0   -0.0118475   0.00277371
 -0.00581322    0.0118475            0  -0.00618706
-0.000569261  -0.00277371   0.00618706            0
Repeater1[0]<--->EndNode1[0]
REAL
    0.465332   0.00604665 -0.000226762     0.415324
  0.00604665    0.0385535   0.00277668 -6.99735e-05
-0.000226762   0.00277668    0.0451285  -0.00337603
    0.415324 -6.99735e-05  -0.00337603     0.450986
IMAGINARY
           0  0.000534782  -0.00476578  -0.00398667
-0.000534782            0  0.000387389  -0.00123013
  0.00476578 -0.000387389            0 -0.000681024
  0.00398667   0.00123013  0.000681024            0
Repeater1[0]<--->HoM1[0]
REAL
   0.471995 -0.00172623 -0.00989804    0.414504
-0.00172623   0.0423857 -0.00565239  0.00332486
-0.00989804 -0.00565239   0.0381471 -0.00718408
   0.414504  0.00332486 -0.00718408    0.447472
IMAGINARY
           0   0.00581322  -0.00270116  0.000569261
 -0.00581322            0    0.0118475  -0.00618706
  0.00270116   -0.0118475            0   0.00277371
-0.000569261   0.00618706  -0.00277371            0
EndNode1[0]<--->Repeater1[0]
REAL
    0.451643 -0.000878067  -0.00690955      0.40938
-0.000878067    0.0443273   0.00154084    0.0047741
 -0.00690955   0.00154084    0.0399876  -0.00369789
     0.40938    0.0047741  -0.00369789     0.464042
IMAGINARY
           0   0.00354311  -0.00582531 -0.000643519
 -0.00354311            0  -0.00682363  -0.00734046
  0.00582531   0.00682363            0   0.00663044
 0.000643519   0.00734046  -0.00663044            0
EndNode2[0]<--->HoM1[0]
REAL
   0.450608  -0.0105213  -0.0125974    0.413786
 -0.0105213   0.0388609 -0.00133412  0.00475948
 -0.0125974 -0.00133412   0.0427173  0.00682413
   0.413786  0.00475948  0.00682413    0.467814
IMAGINARY
          0 -0.00330903  0.00085274  0.00112799
 0.00330903           0 -0.00246053  0.00477549
-0.00085274  0.00246053           0  0.00285268
-0.00112799 -0.00477549 -0.00285268           0
Repeater1[0]<--->EndNode1[0]
REAL
    0.451643  -0.00690955 -0.000878067      0.40938
 -0.00690955    0.0399876   0.00154084  -0.00369789
-0.000878067   0.00154084    0.0443273    0.0047741
     0.40938  -0.00369789    0.0047741     0.464042
IMAGINARY
           0  -0.00582531   0.00354311 -0.000643519
  0.00582531            0   0.00682363   0.00663044
 -0.00354311  -0.00682363            0  -0.00734046
 0.000643519  -0.00663044   0.00734046            0
Repeater1[0]<--->HoM1[0]
REAL
   0.450608  -0.0125974  -0.0105213    0.413786
 -0.0125974   0.0427173 -0.00133412  0.00682413
 -0.0105213 -0.00133412   0.0388609  0.00475948
   0.413786  0.00682413  0.00475948    0.467814
IMAGINARY
          0  0.00085274 -0.00330903  0.00112799
-0.00085274           0  0.00246053  0.00285268
 0.00330903 -0.00246053           0  0.00477549
-0.00112799 -0.00285268 -0.00477549           0
EndNode1[0]<--->Repeater1[0]
REAL
    0.465851 -0.000276952   0.00295766      0.41532
-0.000276952    0.0399642  -0.00124826   0.00295766
  0.00295766  -0.00124826    0.0441396   0.00432427
     0.41532   0.00295766   0.00432427     0.450045
IMAGINARY
          0 -0.00894616  0.00402568   0.0111263
 0.00894616           0 -0.00257031   0.0130131
-0.00402568  0.00257031           0 -0.00339227
 -0.0111263  -0.0130131  0.00339227           0
EndNode2[0]<--->HoM1[0]
REAL
   0.462146 -0.00657449 -0.00162262    0.411408
-0.00657449   0.0461853  0.00682109 -0.00221999
-0.00162262  0.00682109   0.0447238 -0.00280147
   0.411408 -0.00221999 -0.00280147    0.446945
IMAGINARY
           0    0.0067858   -0.0039613  -0.00353817
  -0.0067858            0   0.00338624   0.00120901
   0.0039613  -0.00338624            0 -0.000975398
  0.00353817  -0.00120901  0.000975398            0
Repeater1[0]<--->EndNode1[0]
REAL
    0.465851   0.00295766 -0.000276952      0.41532
  0.00295766    0.0441396  -0.00124826   0.00432427
-0.000276952  -0.00124826    0.0399642   0.00295766
     0.41532   0.00432427   0.00295766     0.450045
IMAGINARY
          0  0.00402568 -0.00894616   0.0111263
-0.00402568           0  0.00257031 -0.00339227
 0.00894616 -0.00257031           0   0.0130131
 -0.0111263  0.00339227  -0.0130131           0
Repeater1[0]<--->HoM1[0]
REAL
   0.462146 -0.00162262 -0.00657449    0.411408
-0.00162262   0.0447238  0.00682109 -0.00280147
-0.00657449  0.00682109   0.0461853 -0.00221999
   0.411408 -0.00280147 -0.00221999    0.446945
IMAGINARY
           0   -0.0039613    0.0067858  -0.00353817
   0.0039613            0  -0.00338624 -0.000975398
  -0.0067858   0.00338624            0   0.00120901
  0.00353817  0.000975398  -0.00120901            0
EndNode1[0]<--->Repeater1[0]
REAL
   0.447888  0.00137159 0.000564094    0.415722
 0.00137159   0.0443634  0.00627824 -0.00726252
0.000564094  0.00627824    0.041021 -0.00628377
   0.415722 -0.00726252 -0.00628377    0.466727
IMAGINARY
          0   0.0103672  0.00249861  0.00236402
 -0.0103672           0  0.00344128 -0.00817703
-0.00249861 -0.00344128           0 -0.00678082
-0.00236402  0.00817703  0.00678082           0
EndNode2[0]<--->HoM1[0]
REAL
   0.445636 -0.00242509  -0.0101684    0.410168
-0.00242509   0.0477795 -0.00299382  0.00123724
 -0.0101684 -0.00299382   0.0447167  -0.0138267
   0.410168  0.00123724  -0.0138267    0.461868
IMAGINARY
           0   0.00432393   0.00405927   -0.0117597
 -0.00432393            0  0.000714022  -0.00995942
 -0.00405927 -0.000714022            0   0.00853537
   0.0117597   0.00995942  -0.00853537            0
Repeater1[0]<--->EndNode1[0]
REAL
   0.447888 0.000564094  0.00137159    0.415722
0.000564094    0.041021  0.00627824 -0.00628377
 0.00137159  0.00627824   0.0443634 -0.00726252
   0.415722 -0.00628377 -0.00726252    0.466727
IMAGINARY
          0  0.00249861   0.0103672  0.00236402
-0.00249861           0 -0.00344128 -0.00678082
 -0.0103672  0.00344128           0 -0.00817703
-0.00236402  0.00678082  0.00817703           0
Repeater1[0]<--->HoM1[0]
REAL
   0.445636  -0.0101684 -0.00242509    0.410168
 -0.0101684   0.0447167 -0.00299382  -0.0138267
-0.00242509 -0.00299382   0.0477795  0.00123724
   0.410168  -0.0138267  0.00123724    0.461868
IMAGINARY
           0   0.00405927   0.00432393   -0.0117597
 -0.00405927            0 -0.000714022   0.00853537
 -0.00432393  0.000714022            0  -0.00995942
   0.0117597  -0.00853537   0.00995942            0
EndNode1[0]<--->Repeater1[0]
REAL
    0.457143  -0.00310888  -0.00327836     0.415625
 -0.00310888    0.0422492 -0.000305764    0.0046015
 -0.00327836 -0.000305764    0.0407295   0.00384396
    0.415625    0.0046015   0.00384396     0.459878
IMAGINARY
           0  -0.00225249   -0.0118298   0.00335139
  0.00225249            0   0.00408863 -0.000201886
   0.0118298  -0.00408863            0   0.00392779
 -0.00335139  0.000201886  -0.00392779            0
EndNode2[0]<--->HoM1[0]
REAL
   0.449073 -0.00971396  -0.0150783    0.410307
-0.00971396   0.0410459 -0.00015426  0.00684233
 -0.0150783 -0.00015426   0.0437823   0.0110617
   0.410307  0.00684233   0.0110617    0.466099
IMAGINARY
          0 -0.00407243   0.0061089  -0.0110079
 0.00407243           0  0.00385225  0.00851275
 -0.0061089 -0.00385225           0 -0.00482115
  0.0110079 -0.00851275  0.00482115           0
Repeater1[0]<--->EndNode1[0]
REAL
    0.457143  -0.00327836  -0.00310888     0.415625
 -0.00327836    0.0407295 -0.000305764   0.00384396
 -0.00310888 -0.000305764    0.0422492    0.0046015
    0.415625   0.00384396    0.0046015     0.459878
IMAGINARY
           0   -0.0118298  -0.00225249   0.00335139
   0.0118298            0  -0.00408863   0.00392779
  0.00225249   0.00408863            0 -0.000201886
 -0.00335139  -0.00392779  0.000201886            0
Repeater1[0]<--->HoM1[0]
REAL
   0.449073  -0.0150783 -0.00971396    0.410307
 -0.0150783   0.0437823 -0.00015426   0.0110617
-0.00971396 -0.00015426   0.0410459  0.00684233
   0.410307   0.0110617  0.00684233    0.466099
IMAGINARY
          0   0.0061089 -0.00407243  -0.0110079
 -0.0061089           0 -0.00385225 -0.00482115
 0.00407243  0.00385225           0  0.00851275
  0.0110079  0.00482115 -0.00851275           0
EndNode1[0]<--->Repeater1[0]
REAL
   0.442296 0.000655744 -0.00173079     0.41315
0.000655744   0.0480363  0.00179963 -0.00415503
-0.00173079  0.00179963   0.0398792 -0.00330436
    0.41315 -0.00415503 -0.00330436    0.469789
IMAGINARY
           0   0.00295185   -0.0107378   0.00456139
 -0.00295185            0   -0.0017298   0.00340025
   0.0107378    0.0017298            0  0.000192805
 -0.00456139  -0.00340025 -0.000192805            0
EndNode2[0]<--->HoM1[0]
REAL
   0.460997  0.00413026 -0.00972093    0.412108
 0.00413026   0.0442815  0.00263927   0.0071783
-0.00972093  0.00263927   0.0422287 -0.00816855
   0.412108   0.0071783 -0.00816855    0.452493
IMAGINARY
          0  0.00145208  0.00146078  0.00185163
-0.00145208           0 -0.00524897  0.00670187
-0.00146078  0.00524897           0 -0.00991156
-0.00185163 -0.00670187  0.00991156           0
Repeater1[0]<--->EndNode1[0]
REAL
   0.442296 -0.00173079 0.000655744     0.41315
-0.00173079   0.0398792  0.00179963 -0.00330436
0.000655744  0.00179963   0.0480363 -0.00415503
    0.41315 -0.00330436 -0.00415503    0.469789
IMAGINARY
           0   -0.0107378   0.00295185   0.00456139
   0.0107378            0    0.0017298  0.000192805
 -0.00295185   -0.0017298            0   0.00340025
 -0.00456139 -0.000192805  -0.00340025            0
Repeater1[0]<--->HoM1[0]
REAL
   0.460997 -0.00972093  0.00413026    0.412108
-0.00972093   0.0422287  0.00263927 -0.00816855
 0.00413026  0.00263927   0.0442815   0.0071783
   0.412108 -0.00816855   0.0071783    0.452493
IMAGINARY
          0  0.00146078  0.00145208  0.00185163
-0.00146078           0  0.00524897 -0.00991156
-0.00145208 -0.00524897           0  0.00670187
-0.00185163  0.00991156 -0.00670187           0
EndNode1[0]<--->Repeater1[0]
REAL
   0.447584 -0.00631998   -0.008879    0.415263
-0.00631998   0.0382862  0.00388136   0.0020419
  -0.008879  0.00388136   0.0385901 -0.00111165
   0.415263   0.0020419 -0.00111165    0.475539
IMAGINARY
          0   -0.005886  0.00236542   0.0038901
   0.005886           0 -0.00211914  0.00474779
-0.00236542  0.00211914           0    0.009739
 -0.0038901 -0.00474779   -0.009739           0
EndNode2[0]<--->HoM1[0]
REAL
     0.4554  0.00476704 0.000402857    0.411506
 0.00476704   0.0445995 -0.00152397  -0.0045621
0.000402857 -0.00152397   0.0461165 -0.00684666
   0.411506  -0.0045621 -0.00684666    0.453883
IMAGINARY
          0  0.00463778  0.00525732 -0.00725102
-0.00463778           0 -0.00754188 -0.00833046
-0.00525732  0.00754188           0 -0.00310121
 0.00725102  0.00833046  0.00310121           0
Repeater1[0]<--->EndNode1[0]
REAL
   0.447584   -0.008879 -0.00631998    0.415263
  -0.008879   0.0385901  0.00388136 -0.00111165
-0.00631998  0.00388136   0.0382862   0.0020419
   0.415263 -0.00111165   0.0020419    0.475539
IMAGINARY
          0  0.00236542   -0.005886   0.0038901
-0.00236542           0  0.00211914    0.009739
   0.005886 -0.00211914           0  0.00474779
 -0.0038901   -0.009739 -0.00474779           0
Repeater1[0]<--->HoM1[0]
REAL
     0.4554 0.000402857  0.00476704    0.411506
0.000402857   0.0461165 -0.00152397 -0.00684666
 0.00476704 -0.00152397   0.0445995  -0.0045621
   0.411506 -0.00684666  -0.0045621    0.453883
IMAGINARY
          0  0.00525732  0.00463778 -0.00725102
-0.00525732           0  0.00754188 -0.00310121
-0.00463778 -0.00754188           0 -0.00833046
 0.00725102  0.00310121  0.00833046           0
EndNode1[0]<--->Repeater1[0]
REAL
   0.458051  -0.0034468 -0.00471069    0.412358
 -0.0034468   0.0447454  0.00163308 -0.00891742
-0.00471069  0.00163308    0.044451  -0.0101813
   0.412358 -0.00891742  -0.0101813    0.452752
IMAGINARY
          0   -0.013576   0.0237958  0.00727403
   0.013576           0  -0.0144651  0.00317255
 -0.0237958   0.0144651           0  -0.0140124
-0.00727403 -0.00317255   0.0140124           0
EndNode2[0]<--->HoM1[0]
REAL
   0.441381  0.00396165 -0.00345375    0.410816
 0.00396165   0.0441091 -0.00227987  0.00619765
-0.00345375 -0.00227987   0.0487522  -0.0018275
   0.410816  0.00619765  -0.0018275    0.465757
IMAGINARY
           0   0.00276669  -0.00845247   0.00520514
 -0.00276669            0 -0.000129776   0.00374265
  0.00845247  0.000129776            0  -0.00109546
 -0.00520514  -0.00374265   0.00109546            0
Repeater1[0]<--->EndNode1[0]
REAL
   0.458051 -0.00471069  -0.0034468    0.412358
-0.00471069    0.044451  0.00163308  -0.0101813
 -0.0034468  0.00163308   0.0447454 -0.00891742
   0.412358  -0.0101813 -0.00891742    0.452752
IMAGINARY
          0   0.0237958   -0.013576  0.00727403
 -0.0237958           0   0.0144651  -0.0140124
   0.013576  -0.0144651           0  0.00317255
-0.00727403   0.0140124 -0.00317255           0
Repeater1[0]<--->HoM1[0]
REAL
   0.441381 -0.00345375  0.00396165    0.410816
-0.00345375   0.0487522 -0.00227987  -0.0018275
 0.00396165 -0.00227987   0.0441091  0.00619765
   0.410816  -0.0018275  0.00619765    0.465757
IMAGINARY
           0  -0.00845247   0.00276669   0.00520514
  0.00845247            0  0.000129776  -0.00109546
 -0.00276669 -0.000129776            0   0.00374265
 -0.00520514   0.00109546  -0.00374265            0
EndNode1[0]<--->Repeater1[0]
REAL
   0.445574 0.000980464  -0.0053298    0.407716
0.000980464   0.0412679  0.00164741 -0.00487428
 -0.0053298  0.00164741   0.0472488 -0.00578239
   0.407716 -0.00487428 -0.00578239    0.465909
IMAGINARY
          0 -0.00240313  0.00485726  0.00393602
 0.00240313           0  -0.0140052  0.00352944
-0.00485726   0.0140052           0  0.00560533
-0.00393602 -0.00352944 -0.00560533           0
EndNode2[0]<--->HoM1[0]
REAL
   0.458031  0.00627049  0.00503468    0.413168
 0.00627049    0.044686  0.00057349 -0.00414235
 0.00503468  0.00057349   0.0477053  0.00473486
   0.413168 -0.00414235  0.00473486    0.449577
IMAGINARY
           0 -8.24802e-05    -0.013477    0.0092046
 8.24802e-05            0  -0.00201146   0.00300655
    0.013477   0.00201146            0   0.00387611
  -0.0092046  -0.00300655  -0.00387611            0
Repeater1[0]<--->EndNode1[0]
REAL
   0.445574  -0.0053298 0.000980464    0.407716
 -0.0053298   0.0472488  0.00164741 -0.00578239
0.000980464  0.00164741   0.0412679 -0.00487428
   0.407716 -0.00578239 -0.00487428    0.465909
IMAGINARY
          0  0.00485726 -0.00240313  0.00393602
-0.00485726           0   0.0140052  0.00560533
 0.00240313  -0.0140052           0  0.00352944
-0.00393602 -0.00560533 -0.00352944           0
Repeater1[0]<--->HoM1[0]
REAL
   0.458031  0.00503468  0.00627049    0.413168
 0.00503468   0.0477053  0.00057349  0.00473486
 0.00627049  0.00057349    0.044686 -0.00414235
   0.413168  0.00473486 -0.00414235    0.449577
IMAGINARY
           0    -0.013477 -8.24802e-05    0.0092046
    0.013477            0   0.00201146   0.00387611
 8.24802e-05  -0.00201146            0   0.00300655
  -0.0092046  -0.00387611  -0.00300655            0
EndNode1[0]<--->Repeater1[0]
REAL
    0.453663 -0.000148625  -0.00309829     0.415696
-0.000148625    0.0372574   0.00541973   0.00399811
 -0.00309829   0.00541973    0.0457107  0.000748505
    0.415696   0.00399811  0.000748505     0.463369
IMAGINARY
           0     -0.01231    0.0104703   0.00672453
     0.01231            0   0.00338248  -0.00100114
  -0.0104703  -0.00338248            0 -0.000574234
 -0.00672453   0.00100114  0.000574234            0
EndNode2[0]<--->HoM1[0]
REAL
   0.454573  0.00208875  0.00561186    0.413398
 0.00208875   0.0455764 -0.00622545  0.00342973
 0.00561186 -0.00622545   0.0476616  0.00574729
   0.413398  0.00342973  0.00574729    0.452189
IMAGINARY
          0  -0.0039115  0.00371504 -0.00256466
  0.0039115           0 -0.00241572  0.00310935
-0.00371504  0.00241572           0   0.0010301
 0.00256466 -0.00310935  -0.0010301           0
Repeater1[0]<--->EndNode1[0]
REAL
    0.453663  -0.00309829 -0.000148625     0.415696
 -0.00309829    0.0457107   0.00541973  0.000748505
-0.000148625   0.00541973    0.0372574   0.00399811
    0.415696  0.000748505   0.00399811     0.463369
IMAGINARY
           0    0.0104703     -0.01231   0.00672453
  -0.0104703            0  -0.00338248 -0.000574234
     0.01231   0.00338248            0  -0.00100114
 -0.00672453  0.000574234   0.00100114            0
Repeater1[0]<--->HoM1[0]
REAL
   0.454573  0.00561186  0.00208875    0.413398
 0.00561186   0.0476616 -0.00622545  0.00574729
 0.00208875 -0.00622545   0.0455764  0.00342973
   0.413398  0.00574729  0.00342973    0.452189
IMAGINARY
          0  0.00371504  -0.0039115 -0.00256466
-0.00371504           0  0.00241572   0.0010301
  0.0039115 -0.00241572           0  0.00310935
 0.00256466  -0.0010301 -0.00310935           0
EndNode1[0]<--->Repeater1[0]
REAL
   0.463509 -0.00451275 -0.00326488    0.415919
-0.00451275   0.0402145 -0.00506374 -0.00401226
-0.00326488 -0.00506374   0.0387251 -0.00215796
   0.415919 -0.00401226 -0.00215796    0.457551
IMAGINARY
          0 -0.00712414  0.00451901  0.00385464
 0.00712414           0 -0.00639727  0.00332355
-0.00451901  0.00639727           0 -0.00397382
-0.00385464 -0.00332355  0.00397382           0
EndNode2[0]<--->HoM1[0]
REAL
   0.464602 -0.00832091  -0.0143909    0.413936
-0.00832091    0.040413 -0.00770387 -0.00279027
 -0.0143909 -0.00770387   0.0412979 -0.00187128
   0.413936 -0.00279027 -0.00187128    0.453687
IMAGINARY
          0   0.0072816   -0.012988 -0.00245963
 -0.0072816           0  -0.0075525  0.00183675
   0.012988   0.0075525           0  0.00386969
 0.00245963 -0.00183675 -0.00386969           0
Repeater1[0]<--->EndNode1[0]
REAL
   0.463509 -0.00326488 -0.00451275    0.415919
-0.00326488   0.0387251 -0.00506374 -0.00215796
-0.00451275 -0.00506374   0.0402145 -0.00401226
   0.415919 -0.00215796 -0.00401226    0.457551
IMAGINARY
          0  0.00451901 -0.00712414  0.00385464
-0.00451901           0  0.00639727 -0.00397382
 0.00712414 -0.00639727           0  0.00332355
-0.00385464  0.00397382 -0.00332355           0
Repeater1[0]<--->HoM1[0]
REAL
   0.464602  -0.0143909 -0.00832091    0.413936
 -0.0143909   0.0412979 -0.00770387 -0.00187128
-0.00832091 -0.00770387    0.040413 -0.00279027
   0.413936 -0.00187128 -0.00279027    0.453687
IMAGINARY
          0   -0.012988   0.0072816 -0.00245963
   0.012988           0   0.0075525  0.00386969
 -0.0072816  -0.0075525           0  0.00183675
 0.00245963 -0.00386969 -0.00183675           0
EndNode1[0]<--->Repeater1[0]
REAL
   0.452088   0.0109027  0.00439414    0.416899
  0.0109027   0.0429558 -0.00493417 0.000184882
 0.00439414 -0.00493417   0.0426555 -0.00218783
   0.416899 0.000184882 -0.00218783    0.462301
IMAGINARY
           0   0.00374121   0.00351525  0.000830566
 -0.00374121            0  0.000529361  -0.00486296
 -0.00351525 -0.000529361            0   0.00509378
-0.000830566   0.00486296  -0.00509378            0
EndNode2[0]<--->HoM1[0]
REAL
  0.458164 0.00931725 0.00532077   0.414022
0.00931725  0.0380593 0.00145376  0.0112496
0.00532077 0.00145376  0.0429983 0.00664504
  0.414022  0.0112496 0.00664504   0.460779
IMAGINARY
           0  -0.00156768   0.00242884   0.00203989
  0.00156768            0   0.00203989   0.00182131
 -0.00242884  -0.00203989            0 -0.000253813
 -0.00203989  -0.00182131  0.000253813            0
Repeater1[0]<--->EndNode1[0]
REAL
   0.452088  0.00439414   0.0109027    0.416899
 0.00439414   0.0426555 -0.00493417 -0.00218783
  0.0109027 -0.00493417   0.0429558 0.000184882
   0.416899 -0.00218783 0.000184882    0.462301
IMAGINARY
           0   0.00351525   0.00374121  0.000830566
 -0.00351525            0 -0.000529361   0.00509378
 -0.00374121  0.000529361            0  -0.00486296
-0.000830566  -0.00509378   0.00486296            0
Repeater1[0]<--->HoM1[0]
REAL
  0.458164 0.00532077 0.00931725   0.414022
0.00532077  0.0429983 0.00145376 0.00664504
0.00931725 0.00145376  0.0380593  0.0112496
  0.414022 0.00664504  0.0112496   0.460779
IMAGINARY
