EndNode1[0]<--->Repeater1[0]
REAL
    0.371081  -0.00173308  0.000223904     0.191285
 -0.00173308     0.125114   0.00395066 -7.40693e-05
 0.000223904   0.00395066     0.114155   0.00218258
    0.191285 -7.40693e-05   0.00218258      0.38965
IMAGINARY
          0  -0.0177383 -0.00280158 -0.00355281
  0.0177383           0 -0.00235807  0.00472068
 0.00280158  0.00235807           0   0.0172954
 0.00355281 -0.00472068  -0.0172954           0
EndNode2[0]<--->HoM1[0]
REAL
   0.394634 0.000951529  0.00608454    0.195926
0.000951529    0.118179 0.000749703   0.0167163
 0.00608454 0.000749703    0.116672  0.00743329
   0.195926   0.0167163  0.00743329    0.370516
IMAGINARY
          0  0.00269133 -0.00142212  0.00800595
-0.00269133           0 -0.00412998   0.0015701
 0.00142212  0.00412998           0 -0.00402308
-0.00800595  -0.0015701  0.00402308           0
Repeater1[0]<--->EndNode1[0]
REAL
    0.371081  0.000223904  -0.00173308     0.191285
 0.000223904     0.114155   0.00395066   0.00218258
 -0.00173308   0.00395066     0.125114 -7.40693e-05
    0.191285   0.00218258 -7.40693e-05      0.38965
IMAGINARY
          0 -0.00280158  -0.0177383 -0.00355281
 0.00280158           0  0.00235807   0.0172954
  0.0177383 -0.00235807           0  0.00472068
 0.00355281  -0.0172954 -0.00472068           0
Repeater1[0]<--->HoM1[0]
REAL
   0.394634  0.00608454 0.000951529    0.195926
 0.00608454    0.116672 0.000749703  0.00743329
0.000951529 0.000749703    0.118179   0.0167163
   0.195926  0.00743329   0.0167163    0.370516
IMAGINARY
          0 -0.00142212  0.00269133  0.00800595
 0.00142212           0  0.00412998 -0.00402308
-0.00269133 -0.00412998           0   0.0015701
-0.00800595  0.00402308  -0.0015701           0
EndNode1[0]<--->Repeater1[0]
REAL
    0.393186   0.00601441 -0.000425101      0.17795
  0.00601441     0.118171  0.000162536    0.0110253
-0.000425101  0.000162536     0.118478   0.00100261
     0.17795    0.0110253   0.00100261     0.370166
IMAGINARY
           0   0.00443508  0.000600783   0.00333698
 -0.00443508            0   0.00689781  0.000451216
-0.000600783  -0.00689781            0   0.00473234
 -0.00333698 -0.000451216  -0.00473234            0
EndNode2[0]<--->HoM1[0]
REAL
    0.37675 -0.00237838 -0.00344588    0.199026
-0.00237838    0.107121  0.00487668  0.00180752
-0.00344588  0.00487668    0.124163 -0.00343038
   0.199026  0.00180752 -0.00343038    0.391966
IMAGINARY
           0 -0.000887224   0.00191045  -0.00973979
 0.000887224            0  0.000643365  -0.00397901
 -0.00191045 -0.000643365            0   0.00147824
  0.00973979   0.00397901  -0.00147824            0
Repeater1[0]<--->EndNode1[0]
REAL
    0.393186 -0.000425101   0.00601441      0.17795
-0.000425101     0.118478  0.000162536   0.00100261
  0.00601441  0.000162536     0.118171    0.0110253
     0.17795   0.00100261    0.0110253     0.370166
IMAGINARY
           0  0.000600783   0.00443508   0.00333698
-0.000600783            0  -0.00689781   0.00473234
 -0.00443508   0.00689781            0  0.000451216
 -0.00333698  -0.00473234 -0.000451216            0
Repeater1[0]<--->HoM1[0]
REAL
    0.37675 -0.00344588 -0.00237838    0.199026
-0.00344588    0.124163  0.00487668 -0.00343038
-0.00237838  0.00487668    0.107121  0.00180752
   0.199026 -0.00343038  0.00180752    0.391966
IMAGINARY
           0   0.00191045 -0.000887224  -0.00973979
 -0.00191045            0 -0.000643365   0.00147824
 0.000887224  0.000643365            0  -0.00397901
  0.00973979  -0.00147824   0.00397901            0
EndNode1[0]<--->Repeater1[0]
REAL
   0.398599 -0.00409034  0.00465751    0.191783
-0.00409034    0.118758    0.010117 -0.00139147
 0.00465751    0.010117    0.114495 -0.00214481
   0.191783 -0.00139147 -0.00214481    0.368149
IMAGINARY
           0   0.00260865   0.00406552  -0.00578427
 -0.00260865            0   0.00191752  -0.00269733
 -0.00406552  -0.00191752            0 -0.000632364
  0.00578427   0.00269733  0.000632364            0
EndNode2[0]<--->HoM1[0]
REAL
    0.36847  0.00050378 -0.00870986     0.19149
 0.00050378    0.123233  0.00212574  -0.0124715
-0.00870986  0.00212574    0.117087   -0.010647
    0.19149  -0.0124715   -0.010647    0.391211
IMAGINARY
          0  0.00396656  0.00554106  0.00443018
-0.00396656           0  0.00200887 -0.00659559
-0.00554106 -0.00200887           0  0.00763332
-0.00443018  0.00659559 -0.00763332           0
Repeater1[0]<--->EndNode1[0]
REAL
   0.398599  0.00465751 -0.00409034    0.191783
 0.00465751    0.114495    0.010117 -0.00214481
-0.00409034    0.010117    0.118758 -0.00139147
   0.191783 -0.00214481 -0.00139147    0.368149
IMAGINARY
           0   0.00406552   0.00260865  -0.00578427
 -0.00406552            0  -0.00191752 -0.000632364
 -0.00260865   0.00191752            0  -0.00269733
  0.00578427  0.000632364   0.00269733            0
Repeater1[0]<--->HoM1[0]
REAL
    0.36847 -0.00870986  0.00050378     0.19149
-0.00870986    0.117087  0.00212574   -0.010647
 0.00050378  0.00212574    0.123233  -0.0124715
    0.19149   -0.010647  -0.0124715    0.391211
IMAGINARY
          0  0.00554106  0.00396656  0.00443018
-0.00554106           0 -0.00200887  0.00763332
-0.00396656  0.00200887           0 -0.00659559
-0.00443018 -0.00763332  0.00659559           0
EndNode1[0]<--->Repeater1[0]
REAL
    0.395871  -0.00106674  -0.00527431      0.19116
 -0.00106674     0.108682  -0.00527868 -0.000890913
 -0.00527431  -0.00527868     0.121736  -0.00540675
     0.19116 -0.000890913  -0.00540675      0.37371
IMAGINARY
          0  -0.0028053 -0.00224416  0.00996225
  0.0028053           0 -0.00627448   -0.015269
 0.00224416  0.00627448           0  0.00514038
-0.00996225    0.015269 -0.00514038           0
EndNode2[0]<--->HoM1[0]
REAL
   0.384775 -0.00390492  -0.0137788    0.190825
-0.00390492    0.104668  0.00644498  -0.0101046
 -0.0137788  0.00644498    0.117455 0.000493013
   0.190825  -0.0101046 0.000493013    0.393101
IMAGINARY
          0  0.00245472  0.00636788  -0.0106368
-0.00245472           0 -0.00285239   0.0112481
-0.00636788  0.00285239           0 -0.00920751
  0.0106368  -0.0112481  0.00920751           0
Repeater1[0]<--->EndNode1[0]
REAL
    0.395871  -0.00527431  -0.00106674      0.19116
 -0.00527431     0.121736  -0.00527868  -0.00540675
 -0.00106674  -0.00527868     0.108682 -0.000890913
     0.19116  -0.00540675 -0.000890913      0.37371
IMAGINARY
          0 -0.00224416  -0.0028053  0.00996225
 0.00224416           0  0.00627448  0.00514038
  0.0028053 -0.00627448           0   -0.015269
-0.00996225 -0.00514038    0.015269           0
Repeater1[0]<--->HoM1[0]
REAL
   0.384775  -0.0137788 -0.00390492    0.190825
 -0.0137788    0.117455  0.00644498 0.000493013
-0.00390492  0.00644498    0.104668  -0.0101046
   0.190825 0.000493013  -0.0101046    0.393101
IMAGINARY
          0  0.00636788  0.00245472  -0.0106368
-0.00636788           0  0.00285239 -0.00920751
-0.00245472 -0.00285239           0   0.0112481
  0.0106368  0.00920751  -0.0112481           0
EndNode1[0]<--->Repeater1[0]
REAL
   0.385876 -0.00307352 -0.00226423     0.18923
-0.00307352    0.122169  0.00209113  0.00211511
-0.00226423  0.00209113     0.11472 -0.00751402
    0.18923  0.00211511 -0.00751402    0.377235
IMAGINARY
          0  0.00280227 -0.00349601  0.00835631
-0.00280227           0  0.00103194  0.00303994
 0.00349601 -0.00103194           0 -0.00325834
-0.00835631 -0.00303994  0.00325834           0
EndNode2[0]<--->HoM1[0]
REAL
    0.392104   0.00286363   0.00761996     0.193684
  0.00286363     0.111606 -0.000426751   0.00291586
  0.00761996 -0.000426751     0.114277   0.00857527
    0.193684   0.00291586   0.00857527     0.382012
IMAGINARY
           0   0.00368656  -0.00187057  -0.00396737
 -0.00368656            0  0.000157556 -0.000533275
  0.00187057 -0.000157556            0  -0.00849425
  0.00396737  0.000533275   0.00849425            0
Repeater1[0]<--->EndNode1[0]
REAL
   0.385876 -0.00226423 -0.00307352     0.18923
-0.00226423     0.11472  0.00209113 -0.00751402
-0.00307352  0.00209113    0.122169  0.00211511
    0.18923 -0.00751402  0.00211511    0.377235
IMAGINARY
          0 -0.00349601  0.00280227  0.00835631
 0.00349601           0 -0.00103194 -0.00325834
-0.00280227  0.00103194           0  0.00303994
-0.00835631  0.00325834 -0.00303994           0
Repeater1[0]<--->HoM1[0]
REAL
    0.392104   0.00761996   0.00286363     0.193684
  0.00761996     0.114277 -0.000426751   0.00857527
  0.00286363 -0.000426751     0.111606   0.00291586
    0.193684   0.00857527   0.00291586     0.382012
IMAGINARY
           0  -0.00187057   0.00368656  -0.00396737
  0.00187057            0 -0.000157556  -0.00849425
 -0.00368656  0.000157556            0 -0.000533275
  0.00396737   0.00849425  0.000533275            0
EndNode1[0]<--->Repeater1[0]
REAL
    0.387853    0.0131607 -0.000213685     0.189809
   0.0131607     0.111846   0.00545474   0.00572456
-0.000213685   0.00545474     0.122369    0.0099254
    0.189809   0.00572456    0.0099254     0.377931
IMAGINARY
           0  -0.00248226   -0.0066938  0.000104991
  0.00248226            0    0.0194145   -0.0130151
   0.0066938   -0.0194145            0   0.00733369
-0.000104991    0.0130151  -0.00733369            0
EndNode2[0]<--->HoM1[0]
REAL
   0.390208  -0.0086173 -0.00914523    0.183889
 -0.0086173    0.123739 -0.00797468 -0.00823282
-0.00914523 -0.00797468    0.116024  -0.0157729
   0.183889 -0.00823282  -0.0157729     0.37003
IMAGINARY
           0    0.0125444   0.00601836   0.00453547
  -0.0125444            0   0.00261183  0.000356863
 -0.00601836  -0.00261183            0   0.00142042
 -0.00453547 -0.000356863  -0.00142042            0
Repeater1[0]<--->EndNode1[0]
REAL
    0.387853 -0.000213685    0.0131607     0.189809
-0.000213685     0.122369   0.00545474    0.0099254
   0.0131607   0.00545474     0.111846   0.00572456
    0.189809    0.0099254   0.00572456     0.377931
IMAGINARY
           0   -0.0066938  -0.00248226  0.000104991
   0.0066938            0   -0.0194145   0.00733369
  0.00248226    0.0194145            0   -0.0130151
-0.000104991  -0.00733369    0.0130151            0
Repeater1[0]<--->HoM1[0]
REAL
   0.390208 -0.00914523  -0.0086173    0.183889
-0.00914523    0.116024 -0.00797468  -0.0157729
 -0.0086173 -0.00797468    0.123739 -0.00823282
   0.183889  -0.0157729 -0.00823282     0.37003
IMAGINARY
           0   0.00601836    0.0125444   0.00453547
 -0.00601836            0  -0.00261183   0.00142042
  -0.0125444   0.00261183            0  0.000356863
 -0.00453547  -0.00142042 -0.000356863            0
EndNode1[0]<--->Repeater1[0]
REAL
   0.396537  0.00426321 -0.00499409    0.183438
 0.00426321    0.109187 -0.00575921   0.0133274
-0.00499409 -0.00575921    0.104197  0.00317727
   0.183438   0.0133274  0.00317727    0.390079
IMAGINARY
           0   0.00526522  0.000228598  -0.00138416
 -0.00526522            0  0.000149587 -0.000517448
-0.000228598 -0.000149587            0  -0.00786487
  0.00138416  0.000517448   0.00786487            0
EndNode2[0]<--->HoM1[0]
REAL
    0.38489 -0.00441911  -0.0028124    0.198221
-0.00441911    0.119869   0.0102012  -0.0028124
 -0.0028124   0.0102012    0.106782   0.0161248
   0.198221  -0.0028124   0.0161248    0.388459
IMAGINARY
          0  0.00762323 -0.00681979  0.00491784
-0.00762323           0 -0.00643575  0.00450997
 0.00681979  0.00643575           0  0.00731363
-0.00491784 -0.00450997 -0.00731363           0
Repeater1[0]<--->EndNode1[0]
REAL
   0.396537 -0.00499409  0.00426321    0.183438
-0.00499409    0.104197 -0.00575921  0.00317727
 0.00426321 -0.00575921    0.109187   0.0133274
   0.183438  0.00317727   0.0133274    0.390079
IMAGINARY
           0  0.000228598   0.00526522  -0.00138416
-0.000228598            0 -0.000149587  -0.00786487
 -0.00526522  0.000149587            0 -0.000517448
  0.00138416   0.00786487  0.000517448            0
Repeater1[0]<--->HoM1[0]
REAL
    0.38489  -0.0028124 -0.00441911    0.198221
 -0.0028124    0.106782   0.0102012   0.0161248
-0.00441911   0.0102012    0.119869  -0.0028124
   0.198221   0.0161248  -0.0028124    0.388459
IMAGINARY
          0 -0.00681979  0.00762323  0.00491784
 0.00681979           0  0.00643575  0.00731363
-0.00762323 -0.00643575           0  0.00450997
-0.00491784 -0.00731363 -0.00450997           0
EndNode1[0]<--->Repeater1[0]
REAL
     0.39537    0.0033676   0.00126492     0.192387
   0.0033676      0.11392   0.00297728 -0.000963901
  0.00126492   0.00297728     0.115443   0.00536208
    0.192387 -0.000963901   0.00536208     0.375267
IMAGINARY
          0 -0.00821144 -0.00124748  -0.0101893
 0.00821144           0  0.00429268  -0.0140299
 0.00124748 -0.00429268           0  0.00717317
  0.0101893   0.0140299 -0.00717317           0
EndNode2[0]<--->HoM1[0]
REAL
    0.387288 -0.000936398   0.00422551     0.182146
-0.000936398     0.108702  -0.00480502 -0.000298015
  0.00422551  -0.00480502       0.1188  -0.00661647
    0.182146 -0.000298015  -0.00661647     0.385209
IMAGINARY
           0  -0.00761344   0.00278222  -0.00259825
  0.00761344            0 -0.000939124   0.00599484
 -0.00278222  0.000939124            0    -0.007015
  0.00259825  -0.00599484     0.007015            0
Repeater1[0]<--->EndNode1[0]
REAL
     0.39537   0.00126492    0.0033676     0.192387
  0.00126492     0.115443   0.00297728   0.00536208
   0.0033676   0.00297728      0.11392 -0.000963901
    0.192387   0.00536208 -0.000963901     0.375267
IMAGINARY
          0 -0.00124748 -0.00821144  -0.0101893
 0.00124748           0 -0.00429268  0.00717317
 0.00821144  0.00429268           0  -0.0140299
  0.0101893 -0.00717317   0.0140299           0
Repeater1[0]<--->HoM1[0]
REAL
    0.387288   0.00422551 -0.000936398     0.182146
  0.00422551       0.1188  -0.00480502  -0.00661647
-0.000936398  -0.00480502     0.108702 -0.000298015
    0.182146  -0.00661647 -0.000298015     0.385209
IMAGINARY
           0   0.00278222  -0.00761344  -0.00259825
 -0.00278222            0  0.000939124    -0.007015
  0.00761344 -0.000939124            0   0.00599484
  0.00259825     0.007015  -0.00599484            0
EndNode1[0]<--->Repeater1[0]
REAL
   0.398944  0.00829055  0.00679039    0.201362
 0.00829055    0.116163 -0.00120885   0.0113775
 0.00679039 -0.00120885   0.0994427  0.00193846
   0.201362   0.0113775  0.00193846     0.38545
IMAGINARY
           0  0.000310173  -0.00370426    0.0050099
-0.000310173            0  -0.00319171  -0.00516967
  0.00370426   0.00319171            0   0.00121981
  -0.0050099   0.00516967  -0.00121981            0
EndNode2[0]<--->HoM1[0]
REAL
    0.390186 -0.000979277  -0.00291436      0.18902
-0.000979277     0.113213   0.00619792   0.00049305
 -0.00291436   0.00619792     0.120899 -0.000534041
     0.18902   0.00049305 -0.000534041     0.375702
IMAGINARY
           0  -0.00705842  4.07542e-05  -0.00159045
  0.00705842            0 -0.000857529   0.00241323
-4.07542e-05  0.000857529            0   0.00337743
  0.00159045  -0.00241323  -0.00337743            0
Repeater1[0]<--->EndNode1[0]
REAL
   0.398944  0.00679039  0.00829055    0.201362
 0.00679039   0.0994427 -0.00120885  0.00193846
 0.00829055 -0.00120885    0.116163   0.0113775
   0.201362  0.00193846   0.0113775     0.38545
IMAGINARY
           0  -0.00370426  0.000310173    0.0050099
  0.00370426            0   0.00319171   0.00121981
-0.000310173  -0.00319171            0  -0.00516967
  -0.0050099  -0.00121981   0.00516967            0
Repeater1[0]<--->HoM1[0]
REAL
    0.390186  -0.00291436 -0.000979277      0.18902
 -0.00291436     0.120899   0.00619792 -0.000534041
-0.000979277   0.00619792     0.113213   0.00049305
     0.18902 -0.000534041   0.00049305     0.375702
IMAGINARY
           0  4.07542e-05  -0.00705842  -0.00159045
-4.07542e-05            0  0.000857529   0.00337743
  0.00705842 -0.000857529            0   0.00241323
  0.00159045  -0.00337743  -0.00241323            0
EndNode1[0]<--->Repeater1[0]
REAL
    0.370526   0.00867584  -0.00343888     0.196665
  0.00867584     0.117293   0.00826322   0.00764561
 -0.00343888   0.00826322     0.125414 -0.000863342
    0.196665   0.00764561 -0.000863342     0.386767
IMAGINARY
           0  -0.00571459    0.0101769  0.000173864
  0.00571459            0   0.00119517  -0.00566973
  -0.0101769  -0.00119517            0  0.000906902
-0.000173864   0.00566973 -0.000906902            0
EndNode2[0]<--->HoM1[0]
REAL
    0.390479   0.00661422  -0.00117986     0.190989
  0.00661422     0.112383  -0.00428365 -0.000265226
 -0.00117986  -0.00428365     0.115095   -0.0138397
    0.190989 -0.000265226   -0.0138397     0.382043
IMAGINARY
           0    0.0126729  0.000109775  -0.00454576
  -0.0126729            0  0.000637164   -0.0038737
-0.000109775 -0.000637164            0  -0.00228441
  0.00454576    0.0038737   0.00228441            0
Repeater1[0]<--->EndNode1[0]
REAL
    0.370526  -0.00343888   0.00867584     0.196665
 -0.00343888     0.125414   0.00826322 -0.000863342
  0.00867584   0.00826322     0.117293   0.00764561
    0.196665 -0.000863342   0.00764561     0.386767
IMAGINARY
           0    0.0101769  -0.00571459  0.000173864
  -0.0101769            0  -0.00119517  0.000906902
  0.00571459   0.00119517            0  -0.00566973
-0.000173864 -0.000906902   0.00566973            0
Repeater1[0]<--->HoM1[0]
REAL
    0.390479  -0.00117986   0.00661422     0.190989
 -0.00117986     0.115095  -0.00428365   -0.0138397
  0.00661422  -0.00428365     0.112383 -0.000265226
    0.190989   -0.0138397 -0.000265226     0.382043
IMAGINARY
           0  0.000109775    0.0126729  -0.00454576
-0.000109775            0 -0.000637164  -0.00228441
  -0.0126729  0.000637164            0   -0.0038737
  0.00454576   0.00228441    0.0038737            0
EndNode1[0]<--->Repeater1[0]
REAL
    0.370481    0.0012489   -0.0031858     0.187695
   0.0012489     0.108455   0.00386256 -0.000928801
  -0.0031858   0.00386256     0.126681  -0.00292522
    0.187695 -0.000928801  -0.00292522     0.394383
IMAGINARY
          0  -0.0011976  0.00602858 -0.00434499
  0.0011976           0  0.00831324 -0.00602858
-0.00602858 -0.00831324           0  -0.0011976
 0.00434499  0.00602858   0.0011976           0
EndNode2[0]<--->HoM1[0]
REAL
    0.400971 -0.000658243   -0.0039045     0.202278
-0.000658243     0.110707 -6.27399e-05   0.00641558
  -0.0039045 -6.27399e-05     0.101911   -0.0027391
    0.202278   0.00641558   -0.0027391     0.386412
IMAGINARY
          0  0.00182907 -0.00103636  0.00449776
-0.00182907           0 -0.00494194  -0.0070208
 0.00103636  0.00494194           0  0.00288361
-0.00449776   0.0070208 -0.00288361           0
Repeater1[0]<--->EndNode1[0]
REAL
    0.370481   -0.0031858    0.0012489     0.187695
  -0.0031858     0.126681   0.00386256  -0.00292522
   0.0012489   0.00386256     0.108455 -0.000928801
    0.187695  -0.00292522 -0.000928801     0.394383
IMAGINARY
          0  0.00602858  -0.0011976 -0.00434499
-0.00602858           0 -0.00831324  -0.0011976
  0.0011976  0.00831324           0 -0.00602858
 0.00434499   0.0011976  0.00602858           0
Repeater1[0]<--->HoM1[0]
REAL
    0.400971   -0.0039045 -0.000658243     0.202278
  -0.0039045     0.101911 -6.27399e-05   -0.0027391
-0.000658243 -6.27399e-05     0.110707   0.00641558
    0.202278   -0.0027391   0.00641558     0.386412
IMAGINARY
          0 -0.00103636  0.00182907  0.00449776
 0.00103636           0  0.00494194  0.00288361
-0.00182907 -0.00494194           0  -0.0070208
-0.00449776 -0.00288361   0.0070208           0
EndNode1[0]<--->Repeater1[0]
REAL
    0.370745   0.00186407    0.0120941     0.194336
  0.00186407     0.115915 -0.000270903  -0.00141159
   0.0120941 -0.000270903     0.108249  -0.00394123
    0.194336  -0.00141159  -0.00394123      0.40509
IMAGINARY
           0   0.00242546   0.00123394  -0.00546739
 -0.00242546            0  -0.00707417   0.00169364
 -0.00123394   0.00707417            0 -0.000730541
  0.00546739  -0.00169364  0.000730541            0
EndNode2[0]<--->HoM1[0]
REAL
   0.392878  -0.0121017 -0.00681772    0.190402
 -0.0121017    0.122719 -0.00332127 -0.00110428
-0.00681772 -0.00332127    0.110653  0.00935948
   0.190402 -0.00110428  0.00935948    0.373749
IMAGINARY
           0    0.0068711 -0.000329313   0.00756509
  -0.0068711            0   0.00383263  -0.00540394
 0.000329313  -0.00383263            0    0.0058024
 -0.00756509   0.00540394   -0.0058024            0
Repeater1[0]<--->EndNode1[0]
REAL
    0.370745    0.0120941   0.00186407     0.194336
   0.0120941     0.108249 -0.000270903  -0.00394123
  0.00186407 -0.000270903     0.115915  -0.00141159
    0.194336  -0.00394123  -0.00141159      0.40509
IMAGINARY
           0   0.00123394   0.00242546  -0.00546739
 -0.00123394            0   0.00707417 -0.000730541
 -0.00242546  -0.00707417            0   0.00169364
  0.00546739  0.000730541  -0.00169364            0
Repeater1[0]<--->HoM1[0]
REAL
   0.392878 -0.00681772  -0.0121017    0.190402
-0.00681772    0.110653 -0.00332127  0.00935948
 -0.0121017 -0.00332127    0.122719 -0.00110428
   0.190402  0.00935948 -0.00110428    0.373749
IMAGINARY
           0 -0.000329313    0.0068711   0.00756509
 0.000329313            0  -0.00383263    0.0058024
  -0.0068711   0.00383263            0  -0.00540394
 -0.00756509   -0.0058024   0.00540394            0
EndNode1[0]<--->Repeater1[0]
REAL
    0.394998  -0.00120698  -0.00976626     0.197786
 -0.00120698     0.115697 -0.000734483  -0.00316996
 -0.00976626 -0.000734483     0.110877  -0.00420818
    0.197786  -0.00316996  -0.00420818     0.378427
IMAGINARY
           0   0.00462893  0.000362338    0.0108181
 -0.00462893            0   0.00563835   -0.0175221
-0.000362338  -0.00563835            0    0.0104598
  -0.0108181    0.0175221   -0.0104598            0
EndNode2[0]<--->HoM1[0]
REAL
    0.393481 -0.000987734  -0.00515151     0.196968
-0.000987734     0.113778    0.0025824   0.00410204
 -0.00515151    0.0025824     0.116741  -0.00186084
    0.196968   0.00410204  -0.00186084        0.376
IMAGINARY
          0  0.00936016   0.0025344  0.00791158
-0.00936016           0  0.00550629 -0.00298964
 -0.0025344 -0.00550629           0 -0.00617352
-0.00791158  0.00298964  0.00617352           0
Repeater1[0]<--->EndNode1[0]
REAL
    0.394998  -0.00976626  -0.00120698     0.197786
 -0.00976626     0.110877 -0.000734483  -0.00420818
 -0.00120698 -0.000734483     0.115697  -0.00316996
    0.197786  -0.00420818  -0.00316996     0.378427
IMAGINARY
           0  0.000362338   0.00462893    0.0108181
-0.000362338            0  -0.00563835    0.0104598
 -0.00462893   0.00563835            0   -0.0175221
  -0.0108181   -0.0104598    0.0175221            0
Repeater1[0]<--->HoM1[0]
REAL
    0.393481  -0.00515151 -0.000987734     0.196968
 -0.00515151     0.116741    0.0025824  -0.00186084
-0.000987734    0.0025824     0.113778   0.00410204
    0.196968  -0.00186084   0.00410204        0.376
IMAGINARY
          0   0.0025344  0.00936016  0.00791158
 -0.0025344           0 -0.00550629 -0.00617352
-0.00936016  0.00550629           0 -0.00298964
-0.00791158  0.00617352  0.00298964           0
EndNode1[0]<--->Repeater1[0]
REAL
   0.386784 0.000755911  0.00889246    0.186389
0.000755911    0.106093  0.00990951 -0.00434149
 0.00889246  0.00990951    0.116702  0.00288487
   0.186389 -0.00434149  0.00288487    0.390421
IMAGINARY
          0   0.0110792 -0.00732378 -0.00476175
 -0.0110792           0  0.00218885  0.00626157
 0.00732378 -0.00218885           0 -0.00941005
 0.00476175 -0.00626157  0.00941005           0
EndNode2[0]<--->HoM1[0]
REAL
   0.383253 -0.00187178  0.00435248     0.19826
-0.00187178    0.108043  0.00447459   0.0137807
 0.00435248  0.00447459    0.114346  0.00276357
    0.19826   0.0137807  0.00276357    0.394358
IMAGINARY
          0  0.00833724 -0.00425789   0.0164427
-0.00833724           0  0.00897105  0.00650947
 0.00425789 -0.00897105           0 -0.00218293
 -0.0164427 -0.00650947  0.00218293           0
Repeater1[0]<--->EndNode1[0]
REAL
   0.386784  0.00889246 0.000755911    0.186389
 0.00889246    0.116702  0.00990951  0.00288487
0.000755911  0.00990951    0.106093 -0.00434149
   0.186389  0.00288487 -0.00434149    0.390421
IMAGINARY
          0 -0.00732378   0.0110792 -0.00476175
 0.00732378           0 -0.00218885 -0.00941005
 -0.0110792  0.00218885           0  0.00626157
 0.00476175  0.00941005 -0.00626157           0
Repeater1[0]<--->HoM1[0]
REAL
   0.383253  0.00435248 -0.00187178     0.19826
 0.00435248    0.114346  0.00447459  0.00276357
-0.00187178  0.00447459    0.108043   0.0137807
    0.19826  0.00276357   0.0137807    0.394358
IMAGINARY
          0 -0.00425789  0.00833724   0.0164427
 0.00425789           0 -0.00897105 -0.00218293
-0.00833724  0.00897105           0  0.00650947
 -0.0164427  0.00218293 -0.00650947           0
EndNode1[0]<--->Repeater1[0]
REAL
    0.390381   -0.0048256  -0.00293256     0.191943
  -0.0048256     0.115373   0.00468929  -0.00187802
 -0.00293256   0.00468929     0.112127 -0.000285647
    0.191943  -0.00187802 -0.000285647     0.382119
IMAGINARY
           0   0.00292078   -0.0111862   0.00652012
 -0.00292078            0  -0.00636957   0.00286043
   0.0111862   0.00636957            0 -0.000952876
 -0.00652012  -0.00286043  0.000952876            0
EndNode2[0]<--->HoM1[0]
REAL
   0.394183  0.00265314  0.00171267    0.187776
 0.00265314    0.117265 -0.00340972 0.000647216
 0.00171267 -0.00340972    0.119121 -0.00442305
   0.187776 0.000647216 -0.00442305    0.369431
IMAGINARY
           0   0.00358043    0.0113822  -0.00651052
 -0.00358043            0  0.000943264    0.0100591
  -0.0113822 -0.000943264            0   0.00148211
  0.00651052   -0.0100591  -0.00148211            0
Repeater1[0]<--->EndNode1[0]
REAL
    0.390381  -0.00293256   -0.0048256     0.191943
 -0.00293256     0.112127   0.00468929 -0.000285647
  -0.0048256   0.00468929     0.115373  -0.00187802
    0.191943 -0.000285647  -0.00187802     0.382119
IMAGINARY
           0   -0.0111862   0.00292078   0.00652012
   0.0111862            0   0.00636957 -0.000952876
 -0.00292078  -0.00636957            0   0.00286043
 -0.00652012  0.000952876  -0.00286043            0
Repeater1[0]<--->HoM1[0]
REAL
   0.394183  0.00171267  0.00265314    0.187776
 0.00171267    0.119121 -0.00340972 -0.00442305
 0.00265314 -0.00340972    0.117265 0.000647216
   0.187776 -0.00442305 0.000647216    0.369431
IMAGINARY
           0    0.0113822   0.00358043  -0.00651052
  -0.0113822            0 -0.000943264   0.00148211
 -0.00358043  0.000943264            0    0.0100591
  0.00651052  -0.00148211   -0.0100591            0
EndNode1[0]<--->Repeater1[0]
REAL
    0.370304 -0.000981605    0.0105725     0.191033
-0.000981605     0.112414   -0.0084023  -0.00738976
   0.0105725   -0.0084023      0.11602 -0.000382444
    0.191033  -0.00738976 -0.000382444     0.401262
IMAGINARY
           0  -0.00579317  0.000112578  -0.00799576
  0.00579317            0  -0.00844581  -0.00590408
-0.000112578   0.00844581            0  -0.00564134
  0.00799576   0.00590408   0.00564134            0
EndNode2[0]<--->HoM1[0]
REAL
   0.394358  0.00121802 -0.00165031    0.186336
 0.00121802    0.121849  0.00369066 -0.00239281
-0.00165031  0.00369066    0.115846 -0.00436267
   0.186336 -0.00239281 -0.00436267    0.367947
IMAGINARY
          0 -0.00632405  -0.0073356 -0.00561947
 0.00632405           0  -0.0108139 -0.00297994
  0.0073356   0.0108139           0  0.00511046
 0.00561947  0.00297994 -0.00511046           0
Repeater1[0]<--->EndNode1[0]
REAL
    0.370304    0.0105725 -0.000981605     0.191033
   0.0105725      0.11602   -0.0084023 -0.000382444
-0.000981605   -0.0084023     0.112414  -0.00738976
    0.191033 -0.000382444  -0.00738976     0.401262
IMAGINARY
           0  0.000112578  -0.00579317  -0.00799576
-0.000112578            0   0.00844581  -0.00564134
  0.00579317  -0.00844581            0  -0.00590408
  0.00799576   0.00564134   0.00590408            0
Repeater1[0]<--->HoM1[0]
REAL
   0.394358 -0.00165031  0.00121802    0.186336
-0.00165031    0.115846  0.00369066 -0.00436267
 0.00121802  0.00369066    0.121849 -0.00239281
   0.186336 -0.00436267 -0.00239281    0.367947
IMAGINARY
          0  -0.0073356 -0.00632405 -0.00561947
  0.0073356           0   0.0108139  0.00511046
 0.00632405  -0.0108139           0 -0.00297994
 0.00561947 -0.00511046  0.00297994           0
EndNode1[0]<--->Repeater1[0]
REAL
   0.382104   0.0050009   0.0028367    0.191867
  0.0050009    0.119105 -0.00193786  -0.0100298
  0.0028367 -0.00193786     0.11578 -0.00148086
   0.191867  -0.0100298 -0.00148086    0.383011
IMAGINARY
          0 -0.00749264  0.00562712    0.014371
 0.00749264           0  0.00997473  0.00440238
-0.00562712 -0.00997473           0  0.00159294
  -0.014371 -0.00440238 -0.00159294           0
EndNode2[0]<--->HoM1[0]
REAL
   0.394143 -0.00153516  0.00795678    0.193867
-0.00153516     0.11928 0.000809893  0.00460303
 0.00795678 0.000809893    0.113484  0.00303038
   0.193867  0.00460303  0.00303038    0.373093
IMAGINARY
          0  0.00303906  0.00563606  0.00603122
-0.00303906           0 -0.00497795 -0.00320001
-0.00563606  0.00497795           0 -0.00182103
-0.00603122  0.00320001  0.00182103           0
Repeater1[0]<--->EndNode1[0]
REAL
   0.382104   0.0028367   0.0050009    0.191867
  0.0028367     0.11578 -0.00193786 -0.00148086
  0.0050009 -0.00193786    0.119105  -0.0100298
   0.191867 -0.00148086  -0.0100298    0.383011
IMAGINARY
          0  0.00562712 -0.00749264    0.014371
-0.00562712           0 -0.00997473  0.00159294
 0.00749264  0.00997473           0  0.00440238
  -0.014371 -0.00159294 -0.00440238           0
Repeater1[0]<--->HoM1[0]
REAL
   0.394143  0.00795678 -0.00153516    0.193867
 0.00795678    0.113484 0.000809893  0.00303038
-0.00153516 0.000809893     0.11928  0.00460303
   0.193867  0.00303038  0.00460303    0.373093
IMAGINARY
          0  0.00563606  0.00303906  0.00603122
-0.00563606           0  0.00497795 -0.00182103
-0.00303906 -0.00497795           0 -0.00320001
-0.00603122  0.00182103  0.00320001           0
EndNode1[0]<--->Repeater1[0]
REAL
    0.376833 -0.000679553  -0.00233084     0.195749
-0.000679553     0.120323   0.00328025   -0.0110187
 -0.00233084   0.00328025     0.115235  0.000679553
    0.195749   -0.0110187  0.000679553     0.387609
IMAGINARY
          0 -0.00426391 -0.00716016 -0.00118361
 0.00426391           0  0.00413869  0.00207947
 0.00716016 -0.00413869           0 -0.00350656
 0.00118361 -0.00207947  0.00350656           0
EndNode2[0]<--->HoM1[0]
REAL
   0.387174 -0.00486952   0.0106058    0.189593
-0.00486952    0.120168 -0.00732201  0.00464636
  0.0106058 -0.00732201    0.122266 -0.00766446
   0.189593  0.00464636 -0.00766446    0.370393
IMAGINARY
          0 -0.00196125  0.00140865 -0.00144645
 0.00196125           0  0.00488648  0.00323346
-0.00140865 -0.00488648           0  0.00151202
 0.00144645 -0.00323346 -0.00151202           0
Repeater1[0]<--->EndNode1[0]
REAL
    0.376833  -0.00233084 -0.000679553     0.195749
 -0.00233084     0.115235   0.00328025  0.000679553
-0.000679553   0.00328025     0.120323   -0.0110187
    0.195749  0.000679553   -0.0110187     0.387609
IMAGINARY
          0 -0.00716016 -0.00426391 -0.00118361
 0.00716016           0 -0.00413869 -0.00350656
 0.00426391  0.00413869           0  0.00207947
 0.00118361  0.00350656 -0.00207947           0
Repeater1[0]<--->HoM1[0]
REAL
   0.387174   0.0106058 -0.00486952    0.189593
  0.0106058    0.122266 -0.00732201 -0.00766446
-0.00486952 -0.00732201    0.120168  0.00464636
   0.189593 -0.00766446  0.00464636    0.370393
IMAGINARY
          0  0.00140865 -0.00196125 -0.00144645
-0.00140865           0 -0.00488648  0.00151202
 0.00196125  0.00488648           0  0.00323346
 0.00144645 -0.00151202 -0.00323346           0
EndNode1[0]<--->Repeater1[0]
REAL
   0.382884 -0.00532333  0.00643023    0.198583
-0.00532333    0.109269  0.00377995   0.0071803
 0.00643023  0.00377995    0.111638  0.00487463
   0.198583   0.0071803  0.00487463     0.39621
IMAGINARY
           0   0.00040838   0.00671716   0.00039956
 -0.00040838            0   0.00589071  0.000942801
 -0.00671716  -0.00589071            0   0.00574963
 -0.00039956 -0.000942801  -0.00574963            0
EndNode2[0]<--->HoM1[0]
REAL
    0.391795  -0.00788636 -0.000526582       0.1985
 -0.00788636     0.109096    0.0014399   0.00113154
-0.000526582    0.0014399     0.117122   0.00244171
      0.1985   0.00113154   0.00244171     0.381986
IMAGINARY
          0  -0.0049293 -0.00309901  0.00222955
  0.0049293           0  0.00937033  -0.0065535
 0.00309901 -0.00937033           0   0.0080478
-0.00222955   0.0065535  -0.0080478           0
Repeater1[0]<--->EndNode1[0]
REAL
   0.382884  0.00643023 -0.00532333    0.198583
 0.00643023    0.111638  0.00377995  0.00487463
-0.00532333  0.00377995    0.109269   0.0071803
   0.198583  0.00487463   0.0071803     0.39621
IMAGINARY
           0   0.00671716   0.00040838   0.00039956
 -0.00671716            0  -0.00589071   0.00574963
 -0.00040838   0.00589071            0  0.000942801
 -0.00039956  -0.00574963 -0.000942801            0
Repeater1[0]<--->HoM1[0]
REAL
    0.391795 -0.000526582  -0.00788636       0.1985
-0.000526582     0.117122    0.0014399   0.00244171
 -0.00788636    0.0014399     0.109096   0.00113154
      0.1985   0.00244171   0.00113154     0.381986
IMAGINARY
          0 -0.00309901  -0.0049293  0.00222955
 0.00309901           0 -0.00937033   0.0080478
  0.0049293  0.00937033           0  -0.0065535
-0.00222955  -0.0080478   0.0065535           0
EndNode1[0]<--->Repeater1[0]
REAL
    0.37352  0.00734036 -0.00140289    0.191457
 0.00734036    0.116611   0.0049608  -0.0055795
-0.00140289   0.0049608    0.118433  -0.0015723
   0.191457  -0.0055795  -0.0015723    0.391436
IMAGINARY
           0  -0.00879427   -0.0119198 -0.000645985
  0.00879427            0  -0.00200263  0.000319555
   0.0119198   0.00200263            0   0.00314287
 0.000645985 -0.000319555  -0.00314287            0
EndNode2[0]<--->HoM1[0]
REAL
   0.376698  0.00675912 -0.00391691    0.197121
 0.00675912    0.111379 -0.00432781   0.0105235
-0.00391691 -0.00432781    0.122246 -0.00886123
   0.197121   0.0105235 -0.00886123    0.389677
IMAGINARY
          0 -0.00481825 -0.00564757 -0.00200384
 0.00481825           0 -0.00155488   0.0040218
 0.00564757  0.00155488           0  0.00289688
 0.00200384  -0.0040218 -0.00289688           0
Repeater1[0]<--->EndNode1[0]
REAL
    0.37352 -0.00140289  0.00734036    0.191457
-0.00140289    0.118433   0.0049608  -0.0015723
 0.00734036   0.0049608    0.116611  -0.0055795
   0.191457  -0.0015723  -0.0055795    0.391436
IMAGINARY
           0   -0.0119198  -0.00879427 -0.000645985
   0.0119198            0   0.00200263   0.00314287
  0.00879427  -0.00200263            0  0.000319555
 0.000645985  -0.00314287 -0.000319555            0
Repeater1[0]<--->HoM1[0]
REAL
   0.376698 -0.00391691  0.00675912    0.197121
-0.00391691    0.122246 -0.00432781 -0.00886123
 0.00675912 -0.00432781    0.111379   0.0105235
   0.197121 -0.00886123   0.0105235    0.389677
IMAGINARY
          0 -0.00564757 -0.00481825 -0.00200384
 0.00564757           0  0.00155488  0.00289688
 0.00481825 -0.00155488           0   0.0040218
 0.00200384 -0.00289688  -0.0040218           0
EndNode1[0]<--->Repeater1[0]
REAL
   0.379331  0.00459154 -0.00624447    0.194677
 0.00459154    0.112462  0.00679234 -0.00202252
-0.00624447  0.00679234    0.123404 -0.00152969
   0.194677 -0.00202252 -0.00152969    0.384802
IMAGINARY
           0  -0.00646925    0.0057379  -0.00273558
  0.00646925            0  -0.00823335 -0.000311085
  -0.0057379   0.00823335            0   0.00162913
  0.00273558  0.000311085  -0.00162913            0
EndNode2[0]<--->HoM1[0]
REAL
    0.39495  0.00952162 -0.00510595    0.198433
 0.00952162    0.116622  0.00850567  0.00114977
-0.00510595  0.00850567    0.111512 -0.00586976
   0.198433  0.00114977 -0.00586976    0.376916
IMAGINARY
          0   0.0149202  0.00469734   0.0059866
 -0.0149202           0  0.00406068 -0.00409054
-0.00469734 -0.00406068           0  0.00146328
 -0.0059866  0.00409054 -0.00146328           0
Repeater1[0]<--->EndNode1[0]
REAL
   0.379331 -0.00624447  0.00459154    0.194677
-0.00624447    0.123404  0.00679234 -0.00152969
 0.00459154  0.00679234    0.112462 -0.00202252
   0.194677 -0.00152969 -0.00202252    0.384802
IMAGINARY
           0    0.0057379  -0.00646925  -0.00273558
  -0.0057379            0   0.00823335   0.00162913
  0.00646925  -0.00823335            0 -0.000311085
  0.00273558  -0.00162913  0.000311085            0
Repeater1[0]<--->HoM1[0]
REAL
    0.39495 -0.00510595  0.00952162    0.198433
-0.00510595    0.111512  0.00850567 -0.00586976
 0.00952162  0.00850567    0.116622  0.00114977
   0.198433 -0.00586976  0.00114977    0.376916
IMAGINARY
          0  0.00469734   0.0149202   0.0059866
-0.00469734           0 -0.00406068  0.00146328
 -0.0149202  0.00406068           0 -0.00409054
 -0.0059866 -0.00146328  0.00409054           0
EndNode1[0]<--->Repeater1[0]
REAL
    0.367272   -0.0083157 -1.14052e-05     0.195183
  -0.0083157     0.109197   -0.0133915  -0.00547992
-1.14052e-05   -0.0133915     0.122424   0.00369142
    0.195183  -0.00547992   0.00369142     0.401107
IMAGINARY
          0 -0.00172847 -0.00446725 -0.00345615
 0.00172847           0 -0.00286126  0.00614561
 0.00446725  0.00286126           0  0.00462746
 0.00345615 -0.00614561 -0.00462746           0
EndNode2[0]<--->HoM1[0]
REAL
    0.364764   0.00648406 -0.000463642     0.188088
  0.00648406     0.120242   0.00733924  -0.00136563
-0.000463642   0.00733924     0.119954   0.00479643
    0.188088  -0.00136563   0.00479643      0.39504
IMAGINARY
          0 -0.00299958   0.0046063  -0.0114506
 0.00299958           0 -0.00853743  0.00535146
 -0.0046063  0.00853743           0  0.00571534
  0.0114506 -0.00535146 -0.00571534           0
Repeater1[0]<--->EndNode1[0]
REAL
    0.367272 -1.14052e-05   -0.0083157     0.195183
-1.14052e-05     0.122424   -0.0133915   0.00369142
  -0.0083157   -0.0133915     0.109197  -0.00547992
    0.195183   0.00369142  -0.00547992     0.401107
IMAGINARY
          0 -0.00446725 -0.00172847 -0.00345615
 0.00446725           0  0.00286126  0.00462746
 0.00172847 -0.00286126           0  0.00614561
 0.00345615 -0.00462746 -0.00614561           0
Repeater1[0]<--->HoM1[0]
REAL
    0.364764 -0.000463642   0.00648406     0.188088
-0.000463642     0.119954   0.00733924   0.00479643
  0.00648406   0.00733924     0.120242  -0.00136563
    0.188088   0.00479643  -0.00136563      0.39504
IMAGINARY
          0   0.0046063 -0.00299958  -0.0114506
 -0.0046063           0  0.00853743  0.00571534
 0.00299958 -0.00853743           0  0.00535146
  0.0114506 -0.00571534 -0.00535146           0
EndNode1[0]<--->Repeater1[0]
REAL
    0.384269 -5.23644e-05   -0.0012504     0.192633
-5.23644e-05     0.115281   0.00112443   0.00155942
  -0.0012504   0.00112443     0.115881    0.0142674
    0.192633   0.00155942    0.0142674     0.384569
IMAGINARY
           0  0.000638827   0.00210232   0.00532212
-0.000638827            0   0.00257654  -0.00515668
 -0.00210232  -0.00257654            0   0.00974602
 -0.00532212   0.00515668  -0.00974602            0
EndNode2[0]<--->HoM1[0]
REAL
   0.383776 -0.00443002  -0.0167132    0.186139
-0.00443002    0.113569  0.00952651   0.0020612
 -0.0167132  0.00952651    0.121239 0.000461767
   0.186139   0.0020612 0.000461767    0.381416
IMAGINARY
           0   0.00894711  -0.00421852  7.98539e-05
 -0.00894711            0   0.00712211   0.00271159
  0.00421852  -0.00712211            0  0.000697256
-7.98539e-05  -0.00271159 -0.000697256            0
Repeater1[0]<--->EndNode1[0]
REAL
    0.384269   -0.0012504 -5.23644e-05     0.192633
  -0.0012504     0.115881   0.00112443    0.0142674
-5.23644e-05   0.00112443     0.115281   0.00155942
    0.192633    0.0142674   0.00155942     0.384569
IMAGINARY
