EndNode1[0]<--->Repeater1[0]
REAL
    0.47707  0.00190835 -0.00287741    0.448039
 0.00190835    0.013103  0.00738126   0.0094423
-0.00287741  0.00738126   0.0134008   0.0016031
   0.448039   0.0094423   0.0016031    0.496426
IMAGINARY
           0    0.0131241   0.00121852  -0.00325268
  -0.0131241            0 -0.000346596  -0.00760927
 -0.00121852  0.000346596            0   -0.0112982
  0.00325268   0.00760927    0.0112982            0
EndNode2[0]<--->HoM1[0]
REAL
   0.467091 -0.00547399 -0.00426934    0.449362
-0.00547399   0.0154686  0.00196158 -0.00500964
-0.00426934  0.00196158   0.0130422 -0.00197961
   0.449362 -0.00500964 -0.00197961    0.504398
IMAGINARY
          0  -0.0110928  0.00839495  -0.0027396
  0.0110928           0 -0.00377358   0.0103475
-0.00839495  0.00377358           0 -0.00160372
  0.0027396  -0.0103475  0.00160372           0
Repeater1[0]<--->EndNode1[0]
REAL
    0.47707 -0.00287741  0.00190835    0.448039
-0.00287741   0.0134008  0.00738126   0.0016031
 0.00190835  0.00738126    0.013103   0.0094423
   0.448039   0.0016031   0.0094423    0.496426
IMAGINARY
           0   0.00121852    0.0131241  -0.00325268
 -0.00121852            0  0.000346596   -0.0112982
  -0.0131241 -0.000346596            0  -0.00760927
  0.00325268    0.0112982   0.00760927            0
Repeater1[0]<--->HoM1[0]
REAL
   0.467091 -0.00426934 -0.00547399    0.449362
-0.00426934   0.0130422  0.00196158 -0.00197961
-0.00547399  0.00196158   0.0154686 -0.00500964
   0.449362 -0.00197961 -0.00500964    0.504398
IMAGINARY
          0  0.00839495  -0.0110928  -0.0027396
-0.00839495           0  0.00377358 -0.00160372
  0.0110928 -0.00377358           0   0.0103475
  0.0027396  0.00160372  -0.0103475           0
EndNode1[0]<--->Repeater1[0]
REAL
   0.493151 0.000334657  0.00714939    0.448046
0.000334657   0.0134008  0.00538613 -0.00306714
 0.00714939  0.00538613   0.0113163  0.00314282
   0.448046 -0.00306714  0.00314282    0.482132
IMAGINARY
          0 -0.00260611  0.00329935  0.00179133
 0.00260611           0  -0.0145426  0.00165412
-0.00329935   0.0145426           0  0.00215579
-0.00179133 -0.00165412 -0.00215579           0
EndNode2[0]<--->HoM1[0]
REAL
  0.486157 0.00367191 0.00458399   0.450098
0.00367191  0.0139923 0.00455653 0.00232291
0.00458399 0.00455653  0.0119083  0.0071389
  0.450098 0.00232291  0.0071389   0.487943
IMAGINARY
           0   0.00382224  -0.00463902  -0.00551867
 -0.00382224            0   0.00216909  -0.00284153
  0.00463902  -0.00216909            0 -0.000530802
  0.00551867   0.00284153  0.000530802            0
Repeater1[0]<--->EndNode1[0]
REAL
   0.493151  0.00714939 0.000334657    0.448046
 0.00714939   0.0113163  0.00538613  0.00314282
0.000334657  0.00538613   0.0134008 -0.00306714
   0.448046  0.00314282 -0.00306714    0.482132
IMAGINARY
          0  0.00329935 -0.00260611  0.00179133
-0.00329935           0   0.0145426  0.00215579
 0.00260611  -0.0145426           0  0.00165412
-0.00179133 -0.00215579 -0.00165412           0
Repeater1[0]<--->HoM1[0]
REAL
  0.486157 0.00458399 0.00367191   0.450098
0.00458399  0.0119083 0.00455653  0.0071389
0.00367191 0.00455653  0.0139923 0.00232291
  0.450098  0.0071389 0.00232291   0.487943
IMAGINARY
           0  -0.00463902   0.00382224  -0.00551867
  0.00463902            0  -0.00216909 -0.000530802
 -0.00382224   0.00216909            0  -0.00284153
  0.00551867  0.000530802   0.00284153            0
EndNode1[0]<--->Repeater1[0]
REAL
   0.474835 -0.00385698 -0.00214686    0.447594
-0.00385698   0.0101857  0.00269315 -0.00561176
-0.00214686  0.00269315    0.012882 0.000408708
   0.447594 -0.00561176 0.000408708    0.502097
IMAGINARY
          0   0.0041595  0.00696626   -0.009174
 -0.0041595           0  0.00886267 -0.00194343
-0.00696626 -0.00886267           0 -0.00218081
   0.009174  0.00194343  0.00218081           0
EndNode2[0]<--->HoM1[0]
REAL
   0.488152  0.00660758  0.00406924    0.449169
 0.00660758   0.0136256  0.00219904 0.000490031
 0.00406924  0.00219904   0.0109597 -0.00144041
   0.449169 0.000490031 -0.00144041    0.487263
IMAGINARY
           0   0.00159206 -0.000684922   0.00136547
 -0.00159206            0  -0.00438844   0.00341219
 0.000684922   0.00438844            0  -0.00280418
 -0.00136547  -0.00341219   0.00280418            0
Repeater1[0]<--->EndNode1[0]
REAL
   0.474835 -0.00214686 -0.00385698    0.447594
-0.00214686    0.012882  0.00269315 0.000408708
-0.00385698  0.00269315   0.0101857 -0.00561176
   0.447594 0.000408708 -0.00561176    0.502097
IMAGINARY
          0  0.00696626   0.0041595   -0.009174
-0.00696626           0 -0.00886267 -0.00218081
 -0.0041595  0.00886267           0 -0.00194343
   0.009174  0.00218081  0.00194343           0
Repeater1[0]<--->HoM1[0]
REAL
   0.488152  0.00406924  0.00660758    0.449169
 0.00406924   0.0109597  0.00219904 -0.00144041
 0.00660758  0.00219904   0.0136256 0.000490031
   0.449169 -0.00144041 0.000490031    0.487263
IMAGINARY
           0 -0.000684922   0.00159206   0.00136547
 0.000684922            0   0.00438844  -0.00280418
 -0.00159206  -0.00438844            0   0.00341219
 -0.00136547   0.00280418  -0.00341219            0
EndNode1[0]<--->Repeater1[0]
REAL
   0.489038 -0.00832558  -0.0131986    0.450342
-0.00832558   0.0127893  0.00682712  0.00347803
 -0.0131986  0.00682712   0.0127893 0.000123875
   0.450342  0.00347803 0.000123875    0.485384
IMAGINARY
           0  -0.00284136   0.00810825  -0.00301272
  0.00284136            0   0.00467486  0.000857675
 -0.00810825  -0.00467486            0  -0.00104388
  0.00301272 -0.000857675   0.00104388            0
EndNode2[0]<--->HoM1[0]
REAL
   0.487711 0.000936539  -0.0102471    0.446366
0.000936539   0.0124371  0.00767718   0.0121868
 -0.0102471  0.00767718   0.0112526  0.00339053
   0.446366   0.0121868  0.00339053    0.488599
IMAGINARY
           0   0.00243604  -0.00664982 -0.000646945
 -0.00243604            0   0.00213327  -0.00225987
  0.00664982  -0.00213327            0   0.00496354
 0.000646945   0.00225987  -0.00496354            0
Repeater1[0]<--->EndNode1[0]
REAL
   0.489038  -0.0131986 -0.00832558    0.450342
 -0.0131986   0.0127893  0.00682712 0.000123875
-0.00832558  0.00682712   0.0127893  0.00347803
   0.450342 0.000123875  0.00347803    0.485384
IMAGINARY
           0   0.00810825  -0.00284136  -0.00301272
 -0.00810825            0  -0.00467486  -0.00104388
  0.00284136   0.00467486            0  0.000857675
  0.00301272   0.00104388 -0.000857675            0
Repeater1[0]<--->HoM1[0]
REAL
   0.487711  -0.0102471 0.000936539    0.446366
 -0.0102471   0.0112526  0.00767718  0.00339053
0.000936539  0.00767718   0.0124371   0.0121868
   0.446366  0.00339053   0.0121868    0.488599
IMAGINARY
           0  -0.00664982   0.00243604 -0.000646945
  0.00664982            0  -0.00213327   0.00496354
 -0.00243604   0.00213327            0  -0.00225987
 0.000646945  -0.00496354   0.00225987            0
EndNode1[0]<--->Repeater1[0]
REAL
   0.507177   0.0106249  0.00105248    0.452204
  0.0106249   0.0104665  0.00416457  0.00817153
 0.00105248  0.00416457   0.0110646 -0.00286505
   0.452204  0.00817153 -0.00286505    0.471292
IMAGINARY
           0    0.0100484  0.000911638  0.000755467
  -0.0100484            0  0.000315197   -0.0118015
-0.000911638 -0.000315197            0   0.00115265
-0.000755467    0.0118015  -0.00115265            0
EndNode2[0]<--->HoM1[0]
REAL
   0.497093  0.00191754  0.00241044     0.44561
 0.00191754  0.00843023 0.000111914  -0.0142166
 0.00241044 0.000111914   0.0107558 -0.00544406
    0.44561  -0.0142166 -0.00544406    0.483721
IMAGINARY
           0   -0.0135197 -0.000768355   0.00307499
   0.0135197            0    0.0132668    0.0132646
 0.000768355   -0.0132668            0  0.000722305
 -0.00307499   -0.0132646 -0.000722305            0
Repeater1[0]<--->EndNode1[0]
REAL
   0.507177  0.00105248   0.0106249    0.452204
 0.00105248   0.0110646  0.00416457 -0.00286505
  0.0106249  0.00416457   0.0104665  0.00817153
   0.452204 -0.00286505  0.00817153    0.471292
IMAGINARY
           0  0.000911638    0.0100484  0.000755467
-0.000911638            0 -0.000315197   0.00115265
  -0.0100484  0.000315197            0   -0.0118015
-0.000755467  -0.00115265    0.0118015            0
Repeater1[0]<--->HoM1[0]
REAL
   0.497093  0.00241044  0.00191754     0.44561
 0.00241044   0.0107558 0.000111914 -0.00544406
 0.00191754 0.000111914  0.00843023  -0.0142166
    0.44561 -0.00544406  -0.0142166    0.483721
IMAGINARY
           0 -0.000768355   -0.0135197   0.00307499
 0.000768355            0   -0.0132668  0.000722305
   0.0135197    0.0132668            0    0.0132646
 -0.00307499 -0.000722305   -0.0132646            0
EndNode1[0]<--->Repeater1[0]
REAL
    0.47276  -0.0100917 -0.00538608    0.453072
 -0.0100917   0.0107175 0.000344914 -0.00978401
-0.00538608 0.000344914   0.0113129  0.00472849
   0.453072 -0.00978401  0.00472849     0.50521
IMAGINARY
          0   0.0101871  0.00227227  0.00902072
 -0.0101871           0 -0.00379215  0.00257622
-0.00227227  0.00379215           0  -0.0101871
-0.00902072 -0.00257622   0.0101871           0
EndNode2[0]<--->HoM1[0]
REAL
   0.499545 -0.00509113 -0.00429488    0.448678
-0.00509113   0.0118289  0.00203058 -0.00160831
-0.00429488  0.00203058   0.0139521 -0.00523945
   0.448678 -0.00160831 -0.00523945    0.474674
IMAGINARY
          0 -0.00194217 -0.00561873  0.00778519
 0.00194217           0  0.00254724  0.00445255
 0.00561873 -0.00254724           0  0.00281681
-0.00778519 -0.00445255 -0.00281681           0
Repeater1[0]<--->EndNode1[0]
REAL
    0.47276 -0.00538608  -0.0100917    0.453072
-0.00538608   0.0113129 0.000344914  0.00472849
 -0.0100917 0.000344914   0.0107175 -0.00978401
   0.453072  0.00472849 -0.00978401     0.50521
IMAGINARY
          0  0.00227227   0.0101871  0.00902072
-0.00227227           0  0.00379215  -0.0101871
 -0.0101871 -0.00379215           0  0.00257622
-0.00902072   0.0101871 -0.00257622           0
Repeater1[0]<--->HoM1[0]
REAL
   0.499545 -0.00429488 -0.00509113    0.448678
-0.00429488   0.0139521  0.00203058 -0.00523945
-0.00509113  0.00203058   0.0118289 -0.00160831
   0.448678 -0.00523945 -0.00160831    0.474674
IMAGINARY
          0 -0.00561873 -0.00194217  0.00778519
 0.00561873           0 -0.00254724  0.00281681
 0.00194217  0.00254724           0  0.00445255
-0.00778519 -0.00281681 -0.00445255           0
EndNode1[0]<--->Repeater1[0]
REAL
    0.490265 -0.000595503   0.00270985     0.452092
-0.000595503    0.0103245   0.00345059  0.000946186
  0.00270985   0.00345059    0.0123894   0.00249664
    0.452092  0.000946186   0.00249664     0.487021
IMAGINARY
           0  -0.00094668   0.00104617  -0.00689426
  0.00094668            0 -0.000747334  0.000894704
 -0.00104617  0.000747334            0   0.00199177
  0.00689426 -0.000894704  -0.00199177            0
EndNode2[0]<--->HoM1[0]
REAL
    0.485859   0.00251715 -0.000761964     0.450139
  0.00251715   0.00863352   0.00296726  -0.00568587
-0.000761964   0.00296726    0.0148854  -0.00544798
    0.450139  -0.00568587  -0.00544798     0.490622
IMAGINARY
           0  -0.00409023   0.00836792  -0.00583966
  0.00409023            0  -0.00704303  2.23851e-05
 -0.00836792   0.00704303            0  -0.00181406
  0.00583966 -2.23851e-05   0.00181406            0
Repeater1[0]<--->EndNode1[0]
REAL
    0.490265   0.00270985 -0.000595503     0.452092
  0.00270985    0.0123894   0.00345059   0.00249664
-0.000595503   0.00345059    0.0103245  0.000946186
    0.452092   0.00249664  0.000946186     0.487021
IMAGINARY
           0   0.00104617  -0.00094668  -0.00689426
 -0.00104617            0  0.000747334   0.00199177
  0.00094668 -0.000747334            0  0.000894704
  0.00689426  -0.00199177 -0.000894704            0
Repeater1[0]<--->HoM1[0]
REAL
    0.485859 -0.000761964   0.00251715     0.450139
-0.000761964    0.0148854   0.00296726  -0.00544798
  0.00251715   0.00296726   0.00863352  -0.00568587
    0.450139  -0.00544798  -0.00568587     0.490622
IMAGINARY
           0   0.00836792  -0.00409023  -0.00583966
 -0.00836792            0   0.00704303  -0.00181406
  0.00409023  -0.00704303            0  2.23851e-05
  0.00583966   0.00181406 -2.23851e-05            0
EndNode1[0]<--->Repeater1[0]
REAL
   0.490376 -0.00416772  0.00252938    0.444571
-0.00416772    0.012141   0.0032018  0.00161808
 0.00252938   0.0032018   0.0124371   0.0070863
   0.444571  0.00161808   0.0070863    0.485046
IMAGINARY
          0 -0.00852215 -0.00373395 -0.00279684
 0.00852215           0 -0.00308907 -0.00311129
 0.00373395  0.00308907           0   0.0138793
 0.00279684  0.00311129  -0.0138793           0
EndNode2[0]<--->HoM1[0]
REAL
   0.489427  0.00628967 -0.00574295    0.453093
 0.00628967   0.0134845   0.0106597  0.00315385
-0.00574295   0.0106597  0.00704873 -0.00918336
   0.453093  0.00315385 -0.00918336     0.49004
IMAGINARY
           0   -0.0110981    0.0019621  -0.00743548
   0.0110981            0  0.000672629 -0.000478416
  -0.0019621 -0.000672629            0   0.00308626
  0.00743548  0.000478416  -0.00308626            0
Repeater1[0]<--->EndNode1[0]
REAL
   0.490376  0.00252938 -0.00416772    0.444571
 0.00252938   0.0124371   0.0032018   0.0070863
-0.00416772   0.0032018    0.012141  0.00161808
   0.444571   0.0070863  0.00161808    0.485046
IMAGINARY
          0 -0.00373395 -0.00852215 -0.00279684
 0.00373395           0  0.00308907   0.0138793
 0.00852215 -0.00308907           0 -0.00311129
 0.00279684  -0.0138793  0.00311129           0
Repeater1[0]<--->HoM1[0]
REAL
   0.489427 -0.00574295  0.00628967    0.453093
-0.00574295  0.00704873   0.0106597 -0.00918336
 0.00628967   0.0106597   0.0134845  0.00315385
   0.453093 -0.00918336  0.00315385     0.49004
IMAGINARY
           0    0.0019621   -0.0110981  -0.00743548
  -0.0019621            0 -0.000672629   0.00308626
   0.0110981  0.000672629            0 -0.000478416
  0.00743548  -0.00308626  0.000478416            0
EndNode1[0]<--->Repeater1[0]
REAL
   0.496181  0.00397986 -0.00205766     0.44957
 0.00397986   0.0111633  0.00505824   0.0189966
-0.00205766  0.00505824   0.0141011   0.0105392
    0.44957   0.0189966   0.0105392    0.478555
IMAGINARY
          0 -0.00119715 -0.00109996    -0.00183
 0.00119715           0 -0.00198456   0.0119564
 0.00109996  0.00198456           0 -0.00724676
    0.00183  -0.0119564  0.00724676           0
EndNode2[0]<--->HoM1[0]
REAL
  0.483871 0.00256353 0.00545902   0.446635
0.00256353  0.0120591 0.00625538  0.0032115
0.00545902 0.00625538  0.0147724 0.00581797
  0.446635  0.0032115 0.00581797   0.489298
IMAGINARY
           0  -0.00455207  0.000177821   0.00093161
  0.00455207            0  0.000165913   0.00448945
-0.000177821 -0.000165913            0   0.00108926
 -0.00093161  -0.00448945  -0.00108926            0
Repeater1[0]<--->EndNode1[0]
REAL
   0.496181 -0.00205766  0.00397986     0.44957
-0.00205766   0.0141011  0.00505824   0.0105392
 0.00397986  0.00505824   0.0111633   0.0189966
    0.44957   0.0105392   0.0189966    0.478555
IMAGINARY
          0 -0.00109996 -0.00119715    -0.00183
 0.00109996           0  0.00198456 -0.00724676
 0.00119715 -0.00198456           0   0.0119564
    0.00183  0.00724676  -0.0119564           0
Repeater1[0]<--->HoM1[0]
REAL
  0.483871 0.00545902 0.00256353   0.446635
0.00545902  0.0147724 0.00625538 0.00581797
0.00256353 0.00625538  0.0120591  0.0032115
  0.446635 0.00581797  0.0032115   0.489298
IMAGINARY
           0  0.000177821  -0.00455207   0.00093161
-0.000177821            0 -0.000165913   0.00108926
  0.00455207  0.000165913            0   0.00448945
 -0.00093161  -0.00108926  -0.00448945            0
EndNode1[0]<--->Repeater1[0]
REAL
    0.488801  -0.00467788 -0.000657824     0.450967
 -0.00467788    0.0115012    0.0048473  -0.00287087
-0.000657824    0.0048473    0.0115012  -0.00498767
    0.450967  -0.00287087  -0.00498767     0.488196
IMAGINARY
          0 -0.00148906   0.0139995  0.00324873
 0.00148906           0 -0.00527654 -0.00506831
 -0.0139995  0.00527654           0 -0.00451387
-0.00324873  0.00506831  0.00451387           0
EndNode2[0]<--->HoM1[0]
REAL
      0.4828   0.00255381 -0.000537269      0.44645
  0.00255381     0.008449    0.0105872   0.00690764
-0.000537269    0.0105872      0.01207 -3.52884e-05
     0.44645   0.00690764 -3.52884e-05     0.496681
IMAGINARY
           0  0.000361579  -0.00560927   0.00934791
-0.000361579            0   0.00442987    -0.009597
  0.00560927  -0.00442987            0    0.0109302
 -0.00934791     0.009597   -0.0109302            0
Repeater1[0]<--->EndNode1[0]
REAL
    0.488801 -0.000657824  -0.00467788     0.450967
-0.000657824    0.0115012    0.0048473  -0.00498767
 -0.00467788    0.0048473    0.0115012  -0.00287087
    0.450967  -0.00498767  -0.00287087     0.488196
IMAGINARY
          0   0.0139995 -0.00148906  0.00324873
 -0.0139995           0  0.00527654 -0.00451387
 0.00148906 -0.00527654           0 -0.00506831
-0.00324873  0.00451387  0.00506831           0
Repeater1[0]<--->HoM1[0]
REAL
      0.4828 -0.000537269   0.00255381      0.44645
-0.000537269      0.01207    0.0105872 -3.52884e-05
  0.00255381    0.0105872     0.008449   0.00690764
     0.44645 -3.52884e-05   0.00690764     0.496681
IMAGINARY
           0  -0.00560927  0.000361579   0.00934791
  0.00560927            0  -0.00442987    0.0109302
-0.000361579   0.00442987            0    -0.009597
 -0.00934791   -0.0109302     0.009597            0
EndNode1[0]<--->Repeater1[0]
REAL
  0.488106 0.00498897 0.00115313   0.442807
0.00498897  0.0138512  0.0059027 0.00415794
0.00115313  0.0059027 0.00873231 -0.0024093
  0.442807 0.00415794 -0.0024093    0.48931
IMAGINARY
           0 -0.000509649  -0.00269214   0.00103245
 0.000509649            0 -0.000591405  -0.00861739
  0.00269214  0.000591405            0   0.00527155
 -0.00103245   0.00861739  -0.00527155            0
EndNode2[0]<--->HoM1[0]
REAL
   0.497763  0.00179465 -0.00629621    0.446106
 0.00179465   0.0137191  0.00610567   0.0100065
-0.00629621  0.00610567  0.00805249  0.00102518
   0.446106   0.0100065  0.00102518    0.480465
IMAGINARY
           0   0.00184437  -0.00667644  0.000545366
 -0.00184437            0   -0.0103902  -0.00726295
  0.00667644    0.0103902            0   0.00724653
-0.000545366   0.00726295  -0.00724653            0
Repeater1[0]<--->EndNode1[0]
REAL
  0.488106 0.00115313 0.00498897   0.442807
0.00115313 0.00873231  0.0059027 -0.0024093
0.00498897  0.0059027  0.0138512 0.00415794
  0.442807 -0.0024093 0.00415794    0.48931
IMAGINARY
           0  -0.00269214 -0.000509649   0.00103245
  0.00269214            0  0.000591405   0.00527155
 0.000509649 -0.000591405            0  -0.00861739
 -0.00103245  -0.00527155   0.00861739            0
Repeater1[0]<--->HoM1[0]
REAL
   0.497763 -0.00629621  0.00179465    0.446106
-0.00629621  0.00805249  0.00610567  0.00102518
 0.00179465  0.00610567   0.0137191   0.0100065
   0.446106  0.00102518   0.0100065    0.480465
IMAGINARY
           0  -0.00667644   0.00184437  0.000545366
  0.00667644            0    0.0103902   0.00724653
 -0.00184437   -0.0103902            0  -0.00726295
-0.000545366  -0.00724653   0.00726295            0
EndNode1[0]<--->Repeater1[0]
REAL
   0.492728   -0.007876   0.0108003    0.449271
  -0.007876   0.0142476   0.0035932  -0.0197502
  0.0108003   0.0035932   0.0133571 0.000716098
   0.449271  -0.0197502 0.000716098    0.479668
IMAGINARY
           0 -0.000868063   -0.0089258    -0.001629
 0.000868063            0    0.0020769  -0.00596906
   0.0089258   -0.0020769            0    0.0105059
    0.001629   0.00596906   -0.0105059            0
EndNode2[0]<--->HoM1[0]
REAL
   0.489527 -0.00106684  0.00176261    0.449845
-0.00106684   0.0110712  0.00492108  0.00279112
 0.00176261  0.00492108   0.0125673 -0.00136182
   0.449845  0.00279112 -0.00136182    0.486834
IMAGINARY
          0 -0.00276615   0.0024037 -0.00782557
 0.00276615           0  0.00401576  0.00697409
 -0.0024037 -0.00401576           0 -0.00750476
 0.00782557 -0.00697409  0.00750476           0
Repeater1[0]<--->EndNode1[0]
REAL
   0.492728   0.0108003   -0.007876    0.449271
  0.0108003   0.0133571   0.0035932 0.000716098
  -0.007876   0.0035932   0.0142476  -0.0197502
   0.449271 0.000716098  -0.0197502    0.479668
IMAGINARY
           0   -0.0089258 -0.000868063    -0.001629
   0.0089258            0   -0.0020769    0.0105059
 0.000868063    0.0020769            0  -0.00596906
    0.001629   -0.0105059   0.00596906            0
Repeater1[0]<--->HoM1[0]
REAL
   0.489527  0.00176261 -0.00106684    0.449845
 0.00176261   0.0125673  0.00492108 -0.00136182
-0.00106684  0.00492108   0.0110712  0.00279112
   0.449845 -0.00136182  0.00279112    0.486834
IMAGINARY
          0   0.0024037 -0.00276615 -0.00782557
 -0.0024037           0 -0.00401576 -0.00750476
 0.00276615  0.00401576           0  0.00697409
 0.00782557  0.00750476 -0.00697409           0
EndNode1[0]<--->Repeater1[0]
REAL
   0.491249  0.00207683 0.000220931    0.447009
 0.00207683   0.0150875  0.00419554  0.00320067
0.000220931  0.00419554     0.01207  0.00134477
   0.447009  0.00320067  0.00134477    0.481593
IMAGINARY
           0    0.0141107  -0.00188764 -0.000299005
  -0.0141107            0   0.00259469  -0.00643309
  0.00188764  -0.00259469            0  -0.00427709
 0.000299005   0.00643309   0.00427709            0
EndNode2[0]<--->HoM1[0]
REAL
  0.490196 0.00475579 0.00902243   0.449237
0.00475579   0.010101 0.00156792 0.00379809
0.00902243 0.00156792  0.0112894 0.00657397
  0.449237 0.00379809 0.00657397   0.488414
IMAGINARY
           0  0.000449001   -0.0120524   -0.0104292
-0.000449001            0  -0.00556602   0.00348099
   0.0120524   0.00556602            0   0.00752092
   0.0104292  -0.00348099  -0.00752092            0
Repeater1[0]<--->EndNode1[0]
REAL
   0.491249 0.000220931  0.00207683    0.447009
0.000220931     0.01207  0.00419554  0.00134477
 0.00207683  0.00419554   0.0150875  0.00320067
   0.447009  0.00134477  0.00320067    0.481593
IMAGINARY
           0  -0.00188764    0.0141107 -0.000299005
  0.00188764            0  -0.00259469  -0.00427709
  -0.0141107   0.00259469            0  -0.00643309
 0.000299005   0.00427709   0.00643309            0
Repeater1[0]<--->HoM1[0]
REAL
  0.490196 0.00902243 0.00475579   0.449237
0.00902243  0.0112894 0.00156792 0.00657397
0.00475579 0.00156792   0.010101 0.00379809
  0.449237 0.00657397 0.00379809   0.488414
IMAGINARY
           0   -0.0120524  0.000449001   -0.0104292
   0.0120524            0   0.00556602   0.00752092
-0.000449001  -0.00556602            0   0.00348099
   0.0104292  -0.00752092  -0.00348099            0
EndNode1[0]<--->Repeater1[0]
REAL
   0.482789 -0.00193795 -0.00788917    0.447945
-0.00193795   0.0124629  0.00657284  0.00666817
-0.00788917  0.00657284   0.0109792  0.00346421
   0.447945  0.00666817  0.00346421    0.493769
IMAGINARY
           0   0.00252568    0.0104251  0.000276651
 -0.00252568            0    0.0049992   -0.0157137
  -0.0104251   -0.0049992            0  -0.00207237
-0.000276651    0.0157137   0.00207237            0
EndNode2[0]<--->HoM1[0]
REAL
   0.482004 -0.00161602 -0.00398742    0.452546
-0.00161602   0.0125975  0.00656831 0.000144812
-0.00398742  0.00656831   0.0122975 -0.00437845
   0.452546 0.000144812 -0.00437845    0.493101
IMAGINARY
           0 -0.000569019  0.000151514  -0.00893317
 0.000569019            0  -0.00503161 -0.000893574
-0.000151514   0.00503161            0   -0.0058127
  0.00893317  0.000893574    0.0058127            0
Repeater1[0]<--->EndNode1[0]
REAL
   0.482789 -0.00788917 -0.00193795    0.447945
-0.00788917   0.0109792  0.00657284  0.00346421
-0.00193795  0.00657284   0.0124629  0.00666817
   0.447945  0.00346421  0.00666817    0.493769
IMAGINARY
           0    0.0104251   0.00252568  0.000276651
  -0.0104251            0   -0.0049992  -0.00207237
 -0.00252568    0.0049992            0   -0.0157137
-0.000276651   0.00207237    0.0157137            0
Repeater1[0]<--->HoM1[0]
REAL
   0.482004 -0.00398742 -0.00161602    0.452546
-0.00398742   0.0122975  0.00656831 -0.00437845
-0.00161602  0.00656831   0.0125975 0.000144812
   0.452546 -0.00437845 0.000144812    0.493101
IMAGINARY
           0  0.000151514 -0.000569019  -0.00893317
-0.000151514            0   0.00503161   -0.0058127
 0.000569019  -0.00503161            0 -0.000893574
  0.00893317    0.0058127  0.000893574            0
EndNode1[0]<--->Repeater1[0]
REAL
  0.488156   0.013245  0.0147537   0.453125
  0.013245  0.0083958 0.00642575 0.00989936
 0.0147537 0.00642575  0.0116942 0.00756993
  0.453125 0.00989936 0.00756993   0.491754
IMAGINARY
          0  -0.0107954  0.00256113 -0.00709651
  0.0107954           0  0.00362533   0.0019322
-0.00256113 -0.00362533           0 -0.00299445
 0.00709651  -0.0019322  0.00299445           0
EndNode2[0]<--->HoM1[0]
REAL
    0.474622   0.00318551 -0.000726675     0.445732
  0.00318551   0.00979519    0.0111495    -0.006952
-0.000726675    0.0111495    0.0133571  -0.00613885
    0.445732    -0.006952  -0.00613885     0.502226
IMAGINARY
          0  0.00254629  -0.0016703 -0.00518178
-0.00254629           0 -0.00174176 -0.00785058
  0.0016703  0.00174176           0  0.00298196
 0.00518178  0.00785058 -0.00298196           0
Repeater1[0]<--->EndNode1[0]
REAL
  0.488156  0.0147537   0.013245   0.453125
 0.0147537  0.0116942 0.00642575 0.00756993
  0.013245 0.00642575  0.0083958 0.00989936
  0.453125 0.00756993 0.00989936   0.491754
IMAGINARY
          0  0.00256113  -0.0107954 -0.00709651
-0.00256113           0 -0.00362533 -0.00299445
  0.0107954  0.00362533           0   0.0019322
 0.00709651  0.00299445  -0.0019322           0
Repeater1[0]<--->HoM1[0]
REAL
    0.474622 -0.000726675   0.00318551     0.445732
-0.000726675    0.0133571    0.0111495  -0.00613885
  0.00318551    0.0111495   0.00979519    -0.006952
    0.445732  -0.00613885    -0.006952     0.502226
IMAGINARY
          0  -0.0016703  0.00254629 -0.00518178
  0.0016703           0  0.00174176  0.00298196
-0.00254629 -0.00174176           0 -0.00785058
 0.00518178 -0.00298196  0.00785058           0
EndNode1[0]<--->Repeater1[0]
REAL
   0.498667 -0.00198385  -0.0126193    0.447206
-0.00198385   0.0112526  0.00592372  -0.0109642
 -0.0126193  0.00592372   0.0115487  -0.0198198
   0.447206  -0.0109642  -0.0198198    0.478531
IMAGINARY
          0 -0.00503464  0.00352108 -0.00632588
 0.00503464           0    0.015806  0.00217095
-0.00352108   -0.015806           0 -0.00185571
 0.00632588 -0.00217095  0.00185571           0
EndNode2[0]<--->HoM1[0]
REAL
  0.483129 0.00699599 0.00288126   0.450697
0.00699599    0.01702 0.00316716    0.00902
0.00288126 0.00316716   0.014034 0.00108511
  0.450697    0.00902 0.00108511   0.485817
IMAGINARY
           0   -0.0048033  -0.00806106  -0.00193984
   0.0048033            0 -0.000472705   0.00944185
  0.00806106  0.000472705            0   0.00434304
  0.00193984  -0.00944185  -0.00434304            0
Repeater1[0]<--->EndNode1[0]
REAL
   0.498667  -0.0126193 -0.00198385    0.447206
 -0.0126193   0.0115487  0.00592372  -0.0198198
-0.00198385  0.00592372   0.0112526  -0.0109642
   0.447206  -0.0198198  -0.0109642    0.478531
IMAGINARY
          0  0.00352108 -0.00503464 -0.00632588
-0.00352108           0   -0.015806 -0.00185571
 0.00503464    0.015806           0  0.00217095
 0.00632588  0.00185571 -0.00217095           0
Repeater1[0]<--->HoM1[0]
REAL
  0.483129 0.00288126 0.00699599   0.450697
0.00288126   0.014034 0.00316716 0.00108511
0.00699599 0.00316716    0.01702    0.00902
  0.450697 0.00108511    0.00902   0.485817
IMAGINARY
           0  -0.00806106   -0.0048033  -0.00193984
  0.00806106            0  0.000472705   0.00434304
   0.0048033 -0.000472705            0   0.00944185
  0.00193984  -0.00434304  -0.00944185            0
EndNode1[0]<--->Repeater1[0]
REAL
   0.483744 -0.00840106 -0.00718815    0.447518
-0.00840106   0.0115466  0.00166489 -0.00158378
-0.00718815  0.00166489   0.0127621   0.0093085
   0.447518 -0.00158378   0.0093085    0.491948
IMAGINARY
          0  0.00386545   0.0042363   0.0105603
-0.00386545           0  0.00838832 -0.00181396
 -0.0042363 -0.00838832           0  -0.0045779
 -0.0105603  0.00181396   0.0045779           0
EndNode2[0]<--->HoM1[0]
REAL
  0.493911 0.00528774 0.00825724   0.449828
0.00528774   0.012177 0.00666719 0.00201467
0.00825724 0.00666719   0.010098  0.0055884
  0.449828 0.00201467  0.0055884   0.483813
IMAGINARY
           0   0.00389035    0.0046518  -0.00390698
 -0.00389035            0  0.000646754  -0.00799526
  -0.0046518 -0.000646754            0  -0.00267454
  0.00390698   0.00799526   0.00267454            0
Repeater1[0]<--->EndNode1[0]
REAL
   0.483744 -0.00718815 -0.00840106    0.447518
-0.00718815   0.0127621  0.00166489   0.0093085
-0.00840106  0.00166489   0.0115466 -0.00158378
   0.447518   0.0093085 -0.00158378    0.491948
IMAGINARY
          0   0.0042363  0.00386545   0.0105603
 -0.0042363           0 -0.00838832  -0.0045779
-0.00386545  0.00838832           0 -0.00181396
 -0.0105603   0.0045779  0.00181396           0
Repeater1[0]<--->HoM1[0]
REAL
  0.493911 0.00825724 0.00528774   0.449828
0.00825724   0.010098 0.00666719  0.0055884
0.00528774 0.00666719   0.012177 0.00201467
  0.449828  0.0055884 0.00201467   0.483813
IMAGINARY
           0    0.0046518   0.00389035  -0.00390698
  -0.0046518            0 -0.000646754  -0.00267454
 -0.00389035  0.000646754            0  -0.00799526
  0.00390698   0.00267454   0.00799526            0
EndNode1[0]<--->Repeater1[0]
REAL
  0.491314 0.00616971 0.00365085   0.444301
0.00616971  0.0121914 0.00157121 0.00587439
0.00365085 0.00157121 0.00914355 0.00244837
  0.444301 0.00587439 0.00244837   0.487351
IMAGINARY
          0 -0.00319406  0.00298399  0.00331995
 0.00319406           0 -0.00658996  0.00858871
-0.00298399  0.00658996           0 -0.00630149
-0.00331995 -0.00858871  0.00630149           0
EndNode2[0]<--->HoM1[0]
REAL
     0.48537    -0.001674  -0.00909275     0.448427
   -0.001674    0.0102564    0.0072507 -0.000466929
 -0.00909275    0.0072507    0.0135747  -0.00817536
    0.448427 -0.000466929  -0.00817536     0.490799
IMAGINARY
           0   0.00189064  -0.00133853  0.000143315
 -0.00189064            0   0.00104152  -0.00303553
  0.00133853  -0.00104152            0  0.000371805
-0.000143315   0.00303553 -0.000371805            0
Repeater1[0]<--->EndNode1[0]
REAL
  0.491314 0.00365085 0.00616971   0.444301
0.00365085 0.00914355 0.00157121 0.00244837
0.00616971 0.00157121  0.0121914 0.00587439
  0.444301 0.00244837 0.00587439   0.487351
IMAGINARY
          0  0.00298399 -0.00319406  0.00331995
-0.00298399           0  0.00658996 -0.00630149
 0.00319406 -0.00658996           0  0.00858871
-0.00331995  0.00630149 -0.00858871           0
Repeater1[0]<--->HoM1[0]
REAL
     0.48537  -0.00909275    -0.001674     0.448427
 -0.00909275    0.0135747    0.0072507  -0.00817536
   -0.001674    0.0072507    0.0102564 -0.000466929
    0.448427  -0.00817536 -0.000466929     0.490799
IMAGINARY
           0  -0.00133853   0.00189064  0.000143315
  0.00133853            0  -0.00104152  0.000371805
 -0.00189064   0.00104152            0  -0.00303553
-0.000143315 -0.000371805   0.00303553            0
EndNode1[0]<--->Repeater1[0]
REAL
   0.481538  0.00732749  0.00680822    0.446352
 0.00732749   0.0141538  0.00549389  -0.0078422
 0.00680822  0.00549389   0.0101538 -0.00511183
   0.446352  -0.0078422 -0.00511183    0.494154
IMAGINARY
           0  -0.00467641   0.00171668   0.00156495
  0.00467641            0  8.12671e-05   0.00683931
 -0.00171668 -8.12671e-05            0    -0.010184
 -0.00156495  -0.00683931     0.010184            0
EndNode2[0]<--->HoM1[0]
REAL
   0.498167   0.0072048  -0.0037272     0.44576
  0.0072048  0.00824679  0.00408817 -0.00539134
 -0.0037272  0.00408817    0.011912 -0.00690085
    0.44576 -0.00539134 -0.00690085    0.481674
IMAGINARY
          0    0.006097 -0.00099841 -0.00200773
  -0.006097           0 -0.00230133  -0.0104267
 0.00099841  0.00230133           0  0.00773342
 0.00200773   0.0104267 -0.00773342           0
Repeater1[0]<--->EndNode1[0]
REAL
   0.481538  0.00680822  0.00732749    0.446352
 0.00680822   0.0101538  0.00549389 -0.00511183
 0.00732749  0.00549389   0.0141538  -0.0078422
   0.446352 -0.00511183  -0.0078422    0.494154
IMAGINARY
           0   0.00171668  -0.00467641   0.00156495
 -0.00171668            0 -8.12671e-05    -0.010184
  0.00467641  8.12671e-05            0   0.00683931
 -0.00156495     0.010184  -0.00683931            0
Repeater1[0]<--->HoM1[0]
REAL
   0.498167  -0.0037272   0.0072048     0.44576
 -0.0037272    0.011912  0.00408817 -0.00690085
  0.0072048  0.00408817  0.00824679 -0.00539134
    0.44576 -0.00690085 -0.00539134    0.481674
IMAGINARY
          0 -0.00099841    0.006097 -0.00200773
 0.00099841           0  0.00230133  0.00773342
  -0.006097 -0.00230133           0  -0.0104267
 0.00200773 -0.00773342   0.0104267           0
EndNode1[0]<--->Repeater1[0]
REAL
   0.498944  -0.0111639  -0.0040585    0.443185
 -0.0111639  0.00935143  0.00183139 -0.00226317
 -0.0040585  0.00183139    0.013273  0.00631239
   0.443185 -0.00226317  0.00631239    0.478431
IMAGINARY
          0 -0.00877725 -0.00174612   0.0013161
 0.00877725           0  0.00478518   0.0121221
 0.00174612 -0.00478518           0   0.0035141
 -0.0013161  -0.0121221  -0.0035141           0
EndNode2[0]<--->HoM1[0]
REAL
  0.499229 0.00331216 0.00798448   0.450271
0.00331216  0.0111008 0.00369731 0.00160537
0.00798448 0.00369731  0.0114092 0.00391712
  0.450271 0.00160537 0.00391712   0.478261
IMAGINARY
           0  -0.00431378   -0.0113304   0.00115643
  0.00431378            0 -0.000859697   0.00121873
   0.0113304  0.000859697            0    0.0123126
 -0.00115643  -0.00121873   -0.0123126            0
Repeater1[0]<--->EndNode1[0]
REAL
   0.498944  -0.0040585  -0.0111639    0.443185
 -0.0040585    0.013273  0.00183139  0.00631239
 -0.0111639  0.00183139  0.00935143 -0.00226317
   0.443185  0.00631239 -0.00226317    0.478431
IMAGINARY
          0 -0.00174612 -0.00877725   0.0013161
 0.00174612           0 -0.00478518   0.0035141
 0.00877725  0.00478518           0   0.0121221
 -0.0013161  -0.0035141  -0.0121221           0
Repeater1[0]<--->HoM1[0]
REAL
  0.499229 0.00798448 0.00331216   0.450271
0.00798448  0.0114092 0.00369731 0.00391712
0.00331216 0.00369731  0.0111008 0.00160537
  0.450271 0.00391712 0.00160537   0.478261
IMAGINARY
           0   -0.0113304  -0.00431378   0.00115643
   0.0113304            0  0.000859697    0.0123126
  0.00431378 -0.000859697            0   0.00121873
 -0.00115643   -0.0123126  -0.00121873            0
EndNode1[0]<--->Repeater1[0]
REAL
   0.497251 -0.00691736 -0.00400941    0.450406
-0.00691736   0.0113012  0.00424957 -0.00505951
-0.00400941  0.00424957   0.0125229 -0.00336075
   0.450406 -0.00505951 -0.00336075    0.478925
IMAGINARY
           0   0.00361211   0.00352023   0.00479958
 -0.00361211            0  -0.00182693 -0.000252258
 -0.00352023   0.00182693            0  -0.00470143
 -0.00479958  0.000252258   0.00470143            0
EndNode2[0]<--->HoM1[0]
REAL
   0.497576  -0.0147868  -0.0119051    0.449696
 -0.0147868   0.0118182  0.00220344 -0.00678364
 -0.0119051  0.00220344    0.010303 -0.00543381
   0.449696 -0.00678364 -0.00543381    0.480303
IMAGINARY
          0 -0.00304565  0.00898922   0.0069139
 0.00304565           0  0.00525976 -0.00308952
-0.00898922 -0.00525976           0 -0.00167412
 -0.0069139  0.00308952  0.00167412           0
Repeater1[0]<--->EndNode1[0]
REAL
   0.497251 -0.00400941 -0.00691736    0.450406
-0.00400941   0.0125229  0.00424957 -0.00336075
-0.00691736  0.00424957   0.0113012 -0.00505951
   0.450406 -0.00336075 -0.00505951    0.478925
IMAGINARY
           0   0.00352023   0.00361211   0.00479958
 -0.00352023            0   0.00182693  -0.00470143
 -0.00361211  -0.00182693            0 -0.000252258
 -0.00479958   0.00470143  0.000252258            0
Repeater1[0]<--->HoM1[0]
REAL
   0.497576  -0.0119051  -0.0147868    0.449696
 -0.0119051    0.010303  0.00220344 -0.00543381
 -0.0147868  0.00220344   0.0118182 -0.00678364
   0.449696 -0.00543381 -0.00678364    0.480303
IMAGINARY
          0  0.00898922 -0.00304565   0.0069139
-0.00898922           0 -0.00525976 -0.00167412
 0.00304565  0.00525976           0 -0.00308952
 -0.0069139  0.00167412  0.00308952           0
EndNode1[0]<--->Repeater1[0]
REAL
   0.500596 -0.00451327  0.00134933    0.446532
-0.00451327  0.00953516  0.00630053 -0.00238759
 0.00134933  0.00630053  0.00893921  0.00199176
   0.446532 -0.00238759  0.00199176     0.48093
IMAGINARY
          0  0.00431023  0.00533102  0.00672966
-0.00431023           0  -0.0127429 -0.00726382
-0.00533102   0.0127429           0   0.0044617
-0.00672966  0.00726382  -0.0044617           0
EndNode2[0]<--->HoM1[0]
REAL
   0.507021 -0.00538154 -0.00929408    0.449726
-0.00538154   0.0095608  0.00732215 -0.00401505
-0.00929408  0.00732215   0.0104571 -0.00369287
   0.449726 -0.00401505 -0.00369287    0.472961
IMAGINARY
          0  0.00212419  0.00584704 -0.00332984
-0.00212419           0  0.00505497  0.00629493
-0.00584704 -0.00505497           0  -0.0127095
 0.00332984 -0.00629493   0.0127095           0
Repeater1[0]<--->EndNode1[0]
REAL
   0.500596  0.00134933 -0.00451327    0.446532
 0.00134933  0.00893921  0.00630053  0.00199176
-0.00451327  0.00630053  0.00953516 -0.00238759
   0.446532  0.00199176 -0.00238759     0.48093
IMAGINARY
          0  0.00533102  0.00431023  0.00672966
-0.00533102           0   0.0127429   0.0044617
-0.00431023  -0.0127429           0 -0.00726382
-0.00672966  -0.0044617  0.00726382           0
Repeater1[0]<--->HoM1[0]
REAL
   0.507021 -0.00929408 -0.00538154    0.449726
-0.00929408   0.0104571  0.00732215 -0.00369287
-0.00538154  0.00732215   0.0095608 -0.00401505
   0.449726 -0.00369287 -0.00401505    0.472961
IMAGINARY
          0  0.00584704  0.00212419 -0.00332984
-0.00584704           0 -0.00505497  -0.0127095
-0.00212419  0.00505497           0  0.00629493
 0.00332984   0.0127095 -0.00629493           0
EndNode1[0]<--->Repeater1[0]
REAL
   0.479286 -0.00141801  0.00248379    0.443059
-0.00141801   0.0142123  0.00292091  0.00636439
 0.00248379  0.00292091   0.0127003  0.00840342
   0.443059  0.00636439  0.00840342    0.493801
IMAGINARY
          0 -0.00120697 -0.00246996  0.00069164
 0.00120697           0  0.00531437  0.00441548
 0.00246996 -0.00531437           0  0.00285318
-0.00069164 -0.00441548 -0.00285318           0
EndNode2[0]<--->HoM1[0]
REAL
   0.486183 -0.00572955  0.00507535    0.451015
-0.00572955    0.011236  0.00700798 -0.00284254
 0.00507535  0.00700798  0.00850288  0.00409215
   0.451015 -0.00284254  0.00409215    0.494078
IMAGINARY
          0  -0.0103748  0.00707847  0.00284798
  0.0103748           0   -0.012484 -0.00374917
-0.00707847    0.012484           0   0.0097695
-0.00284798  0.00374917  -0.0097695           0
Repeater1[0]<--->EndNode1[0]
REAL
   0.479286  0.00248379 -0.00141801    0.443059
 0.00248379   0.0127003  0.00292091  0.00840342
-0.00141801  0.00292091   0.0142123  0.00636439
   0.443059  0.00840342  0.00636439    0.493801
IMAGINARY
          0 -0.00246996 -0.00120697  0.00069164
 0.00246996           0 -0.00531437  0.00285318
 0.00120697  0.00531437           0  0.00441548
-0.00069164 -0.00285318 -0.00441548           0
Repeater1[0]<--->HoM1[0]
REAL
   0.486183  0.00507535 -0.00572955    0.451015
 0.00507535  0.00850288  0.00700798  0.00409215
-0.00572955  0.00700798    0.011236 -0.00284254
   0.451015  0.00409215 -0.00284254    0.494078
IMAGINARY
          0  0.00707847  -0.0103748  0.00284798
-0.00707847           0    0.012484   0.0097695
  0.0103748   -0.012484           0 -0.00374917
-0.00284798  -0.0097695  0.00374917           0
EndNode1[0]<--->Repeater1[0]
REAL
   0.491541 -0.00889056  -0.0155011    0.449176
