EndNode1[0]<--->Repeater1[0]
REAL
   0.328943 -0.00517243 -0.00288995    0.176641
-0.00517243    0.177029  0.00578568  0.00125451
-0.00288995  0.00578568    0.167841   0.0100788
   0.176641  0.00125451   0.0100788    0.326187
IMAGINARY
          0 -0.00240932 -0.00929142  0.00248657
 0.00240932           0   0.0119867  0.00208946
 0.00929142  -0.0119867           0 -0.00632498
-0.00248657 -0.00208946  0.00632498           0
EndNode2[0]<--->HoM1[0]
REAL
   0.345701  -0.0122311  -0.0052303    0.172876
 -0.0122311     0.15083 -0.00361271 -0.00375711
 -0.0052303 -0.00361271    0.170136  0.00504113
   0.172876 -0.00375711  0.00504113    0.333333
IMAGINARY
          0  0.00592453  0.00275972 -0.00927139
-0.00592453           0  0.00305738 -0.00397479
-0.00275972 -0.00305738           0 -0.00562076
 0.00927139  0.00397479  0.00562076           0
Repeater1[0]<--->EndNode1[0]
REAL
   0.328943 -0.00288995 -0.00517243    0.176641
-0.00288995    0.167841  0.00578568   0.0100788
-0.00517243  0.00578568    0.177029  0.00125451
   0.176641   0.0100788  0.00125451    0.326187
IMAGINARY
          0 -0.00929142 -0.00240932  0.00248657
 0.00929142           0  -0.0119867 -0.00632498
 0.00240932   0.0119867           0  0.00208946
-0.00248657  0.00632498 -0.00208946           0
Repeater1[0]<--->HoM1[0]
REAL
   0.345701  -0.0052303  -0.0122311    0.172876
 -0.0052303    0.170136 -0.00361271  0.00504113
 -0.0122311 -0.00361271     0.15083 -0.00375711
   0.172876  0.00504113 -0.00375711    0.333333
IMAGINARY
          0  0.00275972  0.00592453 -0.00927139
-0.00275972           0 -0.00305738 -0.00562076
-0.00592453  0.00305738           0 -0.00397479
 0.00927139  0.00562076  0.00397479           0
EndNode1[0]<--->Repeater1[0]
REAL
  0.330493 0.00376953 0.00593168   0.166719
0.00376953   0.160986 0.00536345 0.00101071
0.00593168 0.00536345   0.172246 0.00317287
  0.166719 0.00101071 0.00317287   0.336275
IMAGINARY
          0 -0.00346965  0.00811649 -0.00321979
 0.00346965           0   0.0103098  0.00203658
-0.00811649  -0.0103098           0 -0.00168499
 0.00321979 -0.00203658  0.00168499           0
EndNode2[0]<--->HoM1[0]
REAL
   0.326061 -0.00358448  -0.0147913    0.168339
-0.00358448    0.165684   0.0140486 -0.00341762
 -0.0147913   0.0140486    0.159788 -0.00447522
   0.168339 -0.00341762 -0.00447522    0.348467
IMAGINARY
           0   0.00902127    0.0071193   0.00218315
 -0.00902127            0  6.70714e-05  -0.00103287
  -0.0071193 -6.70714e-05            0  -0.00536942
 -0.00218315   0.00103287   0.00536942            0
Repeater1[0]<--->EndNode1[0]
REAL
  0.330493 0.00593168 0.00376953   0.166719
0.00593168   0.172246 0.00536345 0.00317287
0.00376953 0.00536345   0.160986 0.00101071
  0.166719 0.00317287 0.00101071   0.336275
IMAGINARY
          0  0.00811649 -0.00346965 -0.00321979
-0.00811649           0  -0.0103098 -0.00168499
 0.00346965   0.0103098           0  0.00203658
 0.00321979  0.00168499 -0.00203658           0
Repeater1[0]<--->HoM1[0]
REAL
   0.326061  -0.0147913 -0.00358448    0.168339
 -0.0147913    0.159788   0.0140486 -0.00447522
-0.00358448   0.0140486    0.165684 -0.00341762
   0.168339 -0.00447522 -0.00341762    0.348467
IMAGINARY
           0    0.0071193   0.00902127   0.00218315
  -0.0071193            0 -6.70714e-05  -0.00536942
 -0.00902127  6.70714e-05            0  -0.00103287
 -0.00218315   0.00536942   0.00103287            0
EndNode1[0]<--->Repeater1[0]
REAL
   0.338877   0.0119935   0.0064688    0.178175
  0.0119935    0.164241 -0.00401724  -0.0064688
  0.0064688 -0.00401724    0.159786  0.00811292
   0.178175  -0.0064688  0.00811292    0.337095
IMAGINARY
           0  -0.00725988  0.000857422  -0.00206769
  0.00725988            0  -0.00579348    0.0117758
-0.000857422   0.00579348            0   0.00132381
  0.00206769   -0.0117758  -0.00132381            0
EndNode2[0]<--->HoM1[0]
REAL
   0.333133 -0.00453325  0.00162804    0.168677
-0.00453325    0.151424 -0.00201045 0.000436856
 0.00162804 -0.00201045    0.172114  0.00069844
   0.168677 0.000436856  0.00069844    0.343328
IMAGINARY
          0 -0.00362726 -0.00229254  0.00558759
 0.00362726           0  0.00156614  0.00621293
 0.00229254 -0.00156614           0   -0.012959
-0.00558759 -0.00621293    0.012959           0
Repeater1[0]<--->EndNode1[0]
REAL
   0.338877   0.0064688   0.0119935    0.178175
  0.0064688    0.159786 -0.00401724  0.00811292
  0.0119935 -0.00401724    0.164241  -0.0064688
   0.178175  0.00811292  -0.0064688    0.337095
IMAGINARY
           0  0.000857422  -0.00725988  -0.00206769
-0.000857422            0   0.00579348   0.00132381
  0.00725988  -0.00579348            0    0.0117758
  0.00206769  -0.00132381   -0.0117758            0
Repeater1[0]<--->HoM1[0]
REAL
   0.333133  0.00162804 -0.00453325    0.168677
 0.00162804    0.172114 -0.00201045  0.00069844
-0.00453325 -0.00201045    0.151424 0.000436856
   0.168677  0.00069844 0.000436856    0.343328
IMAGINARY
          0 -0.00229254 -0.00362726  0.00558759
 0.00229254           0 -0.00156614   -0.012959
 0.00362726  0.00156614           0  0.00621293
-0.00558759    0.012959 -0.00621293           0
EndNode1[0]<--->Repeater1[0]
REAL
    0.338301 -0.000943413 -0.000280261      0.17296
-0.000943413       0.1538  -0.00156566   0.00480651
-0.000280261  -0.00156566     0.166021  -0.00388459
     0.17296   0.00480651  -0.00388459     0.341878
IMAGINARY
           0  -0.00190669   0.00670766  -0.00369122
  0.00190669            0  -0.00723522  0.000640777
 -0.00670766   0.00723522            0 -0.000848972
  0.00369122 -0.000640777  0.000848972            0
EndNode2[0]<--->HoM1[0]
REAL
    0.33444 -0.00598523  0.00246467    0.167378
-0.00598523    0.170842  0.00378916  0.00788636
 0.00246467  0.00378916    0.158165  0.00133476
   0.167378  0.00788636  0.00133476    0.336553
IMAGINARY
          0  -0.0110457  -0.0046454  0.00190513
  0.0110457           0  0.00161187  0.00233699
  0.0046454 -0.00161187           0 -0.00111191
-0.00190513 -0.00233699  0.00111191           0
Repeater1[0]<--->EndNode1[0]
REAL
    0.338301 -0.000280261 -0.000943413      0.17296
-0.000280261     0.166021  -0.00156566  -0.00388459
-0.000943413  -0.00156566       0.1538   0.00480651
     0.17296  -0.00388459   0.00480651     0.341878
IMAGINARY
           0   0.00670766  -0.00190669  -0.00369122
 -0.00670766            0   0.00723522 -0.000848972
  0.00190669  -0.00723522            0  0.000640777
  0.00369122  0.000848972 -0.000640777            0
Repeater1[0]<--->HoM1[0]
REAL
    0.33444  0.00246467 -0.00598523    0.167378
 0.00246467    0.158165  0.00378916  0.00133476
-0.00598523  0.00378916    0.170842  0.00788636
   0.167378  0.00133476  0.00788636    0.336553
IMAGINARY
          0  -0.0046454  -0.0110457  0.00190513
  0.0046454           0 -0.00161187 -0.00111191
  0.0110457  0.00161187           0  0.00233699
-0.00190513  0.00111191 -0.00233699           0
EndNode1[0]<--->Repeater1[0]
REAL
   0.342687  0.00262965 -0.00668603    0.170311
 0.00262965    0.168934  0.00197558  0.00607291
-0.00668603  0.00197558    0.162132 -0.00293621
   0.170311  0.00607291 -0.00293621    0.326247
IMAGINARY
           0  0.000448283    0.0129153    0.0068974
-0.000448283            0   0.00391588  -0.00334238
  -0.0129153  -0.00391588            0 -0.000595558
  -0.0068974   0.00334238  0.000595558            0
EndNode2[0]<--->HoM1[0]
REAL
   0.336112 -0.00144052  0.00546787    0.173828
-0.00144052    0.169098 -0.00767367  0.00144882
 0.00546787 -0.00767367    0.164335  0.00835721
   0.173828  0.00144882  0.00835721    0.330455
IMAGINARY
           0    -0.003836  -0.00424731    -0.011992
    0.003836            0    0.0014735  -0.00771151
  0.00424731   -0.0014735            0  5.15607e-05
    0.011992   0.00771151 -5.15607e-05            0
Repeater1[0]<--->EndNode1[0]
REAL
   0.342687 -0.00668603  0.00262965    0.170311
-0.00668603    0.162132  0.00197558 -0.00293621
 0.00262965  0.00197558    0.168934  0.00607291
   0.170311 -0.00293621  0.00607291    0.326247
IMAGINARY
           0    0.0129153  0.000448283    0.0068974
  -0.0129153            0  -0.00391588 -0.000595558
-0.000448283   0.00391588            0  -0.00334238
  -0.0068974  0.000595558   0.00334238            0
Repeater1[0]<--->HoM1[0]
REAL
   0.336112  0.00546787 -0.00144052    0.173828
 0.00546787    0.164335 -0.00767367  0.00835721
-0.00144052 -0.00767367    0.169098  0.00144882
   0.173828  0.00835721  0.00144882    0.330455
IMAGINARY
           0  -0.00424731    -0.003836    -0.011992
  0.00424731            0   -0.0014735  5.15607e-05
    0.003836    0.0014735            0  -0.00771151
    0.011992 -5.15607e-05   0.00771151            0
EndNode1[0]<--->Repeater1[0]
REAL
   0.327898  0.00826083  -0.0040748    0.180564
 0.00826083    0.174326 -0.00226021  0.00781545
 -0.0040748 -0.00226021    0.165431  0.00109079
   0.180564  0.00781545  0.00109079    0.332345
IMAGINARY
          0 -0.00729629  0.00665134  -0.0031892
 0.00729629           0 -0.00273146  0.00382143
-0.00665134  0.00273146           0  0.00161107
  0.0031892 -0.00382143 -0.00161107           0
EndNode2[0]<--->HoM1[0]
REAL
    0.335404    0.0120961 -0.000480037     0.174941
   0.0120961     0.168589   0.00626618   -0.0038522
-0.000480037   0.00626618     0.162082  4.24499e-06
    0.174941   -0.0038522  4.24499e-06     0.333925
IMAGINARY
           0  -0.00367698  -0.00492094   0.00608341
  0.00367698            0  -0.00119742   0.00341492
  0.00492094   0.00119742            0  0.000363727
 -0.00608341  -0.00341492 -0.000363727            0
Repeater1[0]<--->EndNode1[0]
REAL
   0.327898  -0.0040748  0.00826083    0.180564
 -0.0040748    0.165431 -0.00226021  0.00109079
 0.00826083 -0.00226021    0.174326  0.00781545
   0.180564  0.00109079  0.00781545    0.332345
IMAGINARY
          0  0.00665134 -0.00729629  -0.0031892
-0.00665134           0  0.00273146  0.00161107
 0.00729629 -0.00273146           0  0.00382143
  0.0031892 -0.00161107 -0.00382143           0
Repeater1[0]<--->HoM1[0]
REAL
    0.335404 -0.000480037    0.0120961     0.174941
-0.000480037     0.162082   0.00626618  4.24499e-06
   0.0120961   0.00626618     0.168589   -0.0038522
    0.174941  4.24499e-06   -0.0038522     0.333925
IMAGINARY
           0  -0.00492094  -0.00367698   0.00608341
  0.00492094            0   0.00119742  0.000363727
  0.00367698  -0.00119742            0   0.00341492
 -0.00608341 -0.000363727  -0.00341492            0
EndNode1[0]<--->Repeater1[0]
REAL
   0.317043 -0.00425011 -0.00772111    0.173788
-0.00425011     0.16402 -0.00338883 -0.00922804
-0.00772111 -0.00338883    0.180513 -0.00513246
   0.173788 -0.00922804 -0.00513246    0.338424
IMAGINARY
          0 -0.00994197  0.00881156  0.00129059
 0.00994197           0  0.00487482 -0.00550825
-0.00881156 -0.00487482           0  0.00513716
-0.00129059  0.00550825 -0.00513716           0
EndNode2[0]<--->HoM1[0]
REAL
   0.337631  0.00571933  0.00173006    0.174427
 0.00571933    0.165517 -0.00310041  -0.0103559
 0.00173006 -0.00310041    0.157121 -0.00869375
   0.174427  -0.0103559 -0.00869375     0.33973
IMAGINARY
           0   0.00659932  -0.00160503  -0.00380845
 -0.00659932            0    0.0026306  0.000387003
  0.00160503   -0.0026306            0 -0.000813692
  0.00380845 -0.000387003  0.000813692            0
Repeater1[0]<--->EndNode1[0]
REAL
   0.317043 -0.00772111 -0.00425011    0.173788
-0.00772111    0.180513 -0.00338883 -0.00513246
-0.00425011 -0.00338883     0.16402 -0.00922804
   0.173788 -0.00513246 -0.00922804    0.338424
IMAGINARY
          0  0.00881156 -0.00994197  0.00129059
-0.00881156           0 -0.00487482  0.00513716
 0.00994197  0.00487482           0 -0.00550825
-0.00129059 -0.00513716  0.00550825           0
Repeater1[0]<--->HoM1[0]
REAL
   0.337631  0.00173006  0.00571933    0.174427
 0.00173006    0.157121 -0.00310041 -0.00869375
 0.00571933 -0.00310041    0.165517  -0.0103559
   0.174427 -0.00869375  -0.0103559     0.33973
IMAGINARY
           0  -0.00160503   0.00659932  -0.00380845
  0.00160503            0   -0.0026306 -0.000813692
 -0.00659932    0.0026306            0  0.000387003
  0.00380845  0.000813692 -0.000387003            0
EndNode1[0]<--->Repeater1[0]
REAL
   0.331601  0.00303299  0.00635897    0.172384
 0.00303299    0.156785 -0.00471424 -0.00455283
 0.00635897 -0.00471424    0.164731  0.00539566
   0.172384 -0.00455283  0.00539566    0.346883
IMAGINARY
           0 -0.000996443   -0.0087103  -0.00347347
 0.000996443            0  -0.00362092   0.00944151
   0.0087103   0.00362092            0   0.00143517
  0.00347347  -0.00944151  -0.00143517            0
EndNode2[0]<--->HoM1[0]
REAL
  0.326998 2.8145e-05 -0.0119704   0.173548
2.8145e-05   0.165913 0.00818786 0.00684682
-0.0119704 0.00818786   0.158069 -0.0135905
  0.173548 0.00684682 -0.0135905    0.34902
IMAGINARY
           0  0.000437107  -0.00192931  -0.00391145
-0.000437107            0    0.0011541   0.00720516
  0.00192931   -0.0011541            0   0.00514022
  0.00391145  -0.00720516  -0.00514022            0
Repeater1[0]<--->EndNode1[0]
REAL
   0.331601  0.00635897  0.00303299    0.172384
 0.00635897    0.164731 -0.00471424  0.00539566
 0.00303299 -0.00471424    0.156785 -0.00455283
   0.172384  0.00539566 -0.00455283    0.346883
IMAGINARY
           0   -0.0087103 -0.000996443  -0.00347347
   0.0087103            0   0.00362092   0.00143517
 0.000996443  -0.00362092            0   0.00944151
  0.00347347  -0.00143517  -0.00944151            0
Repeater1[0]<--->HoM1[0]
REAL
  0.326998 -0.0119704 2.8145e-05   0.173548
-0.0119704   0.158069 0.00818786 -0.0135905
2.8145e-05 0.00818786   0.165913 0.00684682
  0.173548 -0.0135905 0.00684682    0.34902
IMAGINARY
           0  -0.00192931  0.000437107  -0.00391145
  0.00192931            0   -0.0011541   0.00514022
-0.000437107    0.0011541            0   0.00720516
  0.00391145  -0.00514022  -0.00720516            0
EndNode1[0]<--->Repeater1[0]
REAL
  0.354001 0.00804309 0.00637235   0.177789
0.00804309   0.155595 0.00236601 0.00121468
0.00637235 0.00236601   0.162386 -0.0037289
  0.177789 0.00121468 -0.0037289   0.328019
IMAGINARY
           0  -0.00425271  -0.00121155   0.00637007
  0.00425271            0     0.007296  -0.00543096
  0.00121155    -0.007296            0 -0.000276275
 -0.00637007   0.00543096  0.000276275            0
EndNode2[0]<--->HoM1[0]
REAL
   0.353046    0.011337   -0.003761    0.177612
   0.011337     0.17266 -0.00761841  0.00285356
  -0.003761 -0.00761841    0.158692  0.00499694
   0.177612  0.00285356  0.00499694    0.315602
IMAGINARY
           0  -0.00391238  0.000966323   0.00624396
  0.00391238            0   0.00162399   0.00395675
-0.000966323  -0.00162399            0  -0.00316455
 -0.00624396  -0.00395675   0.00316455            0
Repeater1[0]<--->EndNode1[0]
REAL
  0.354001 0.00637235 0.00804309   0.177789
0.00637235   0.162386 0.00236601 -0.0037289
0.00804309 0.00236601   0.155595 0.00121468
  0.177789 -0.0037289 0.00121468   0.328019
IMAGINARY
           0  -0.00121155  -0.00425271   0.00637007
  0.00121155            0    -0.007296 -0.000276275
  0.00425271     0.007296            0  -0.00543096
 -0.00637007  0.000276275   0.00543096            0
Repeater1[0]<--->HoM1[0]
REAL
   0.353046   -0.003761    0.011337    0.177612
  -0.003761    0.158692 -0.00761841  0.00499694
   0.011337 -0.00761841     0.17266  0.00285356
   0.177612  0.00499694  0.00285356    0.315602
IMAGINARY
           0  0.000966323  -0.00391238   0.00624396
-0.000966323            0  -0.00162399  -0.00316455
  0.00391238   0.00162399            0   0.00395675
 -0.00624396   0.00316455  -0.00395675            0
EndNode1[0]<--->Repeater1[0]
REAL
   0.333434  -0.0110075  0.00778277    0.165465
 -0.0110075    0.168373  0.00825344 -0.00361114
 0.00778277  0.00825344    0.162651 -0.00120946
   0.165465 -0.00361114 -0.00120946    0.335542
IMAGINARY
          0  0.00595651 -0.00518544 -0.00556427
-0.00595651           0  0.00138017  0.00488369
 0.00518544 -0.00138017           0  0.00460475
 0.00556427 -0.00488369 -0.00460475           0
EndNode2[0]<--->HoM1[0]
REAL
   0.342019 -0.00331349 -0.00340919    0.171352
-0.00331349    0.165319 -0.00802129 -0.00280859
-0.00340919 -0.00802129    0.170111 -0.00715057
   0.171352 -0.00280859 -0.00715057    0.322552
IMAGINARY
          0 -0.00735016   0.0067286  0.00594115
 0.00735016           0  0.00386277 -0.00503786
 -0.0067286 -0.00386277           0  -0.0155518
-0.00594115  0.00503786   0.0155518           0
Repeater1[0]<--->EndNode1[0]
REAL
   0.333434  0.00778277  -0.0110075    0.165465
 0.00778277    0.162651  0.00825344 -0.00120946
 -0.0110075  0.00825344    0.168373 -0.00361114
   0.165465 -0.00120946 -0.00361114    0.335542
IMAGINARY
          0 -0.00518544  0.00595651 -0.00556427
 0.00518544           0 -0.00138017  0.00460475
-0.00595651  0.00138017           0  0.00488369
 0.00556427 -0.00460475 -0.00488369           0
Repeater1[0]<--->HoM1[0]
REAL
   0.342019 -0.00340919 -0.00331349    0.171352
-0.00340919    0.170111 -0.00802129 -0.00715057
-0.00331349 -0.00802129    0.165319 -0.00280859
   0.171352 -0.00715057 -0.00280859    0.322552
IMAGINARY
          0   0.0067286 -0.00735016  0.00594115
 -0.0067286           0 -0.00386277  -0.0155518
 0.00735016  0.00386277           0 -0.00503786
-0.00594115   0.0155518  0.00503786           0
EndNode1[0]<--->Repeater1[0]
REAL
   0.334927 -0.00245031 -0.00295528    0.166869
-0.00245031     0.16582  0.00718464  0.00403253
-0.00295528  0.00718464     0.16104 -0.00662941
   0.166869  0.00403253 -0.00662941    0.338213
IMAGINARY
           0  -0.00167155   0.00159415 -0.000502054
  0.00167155            0  -0.00125439  0.000834505
 -0.00159415   0.00125439            0   0.00501096
 0.000502054 -0.000834505  -0.00501096            0
EndNode2[0]<--->HoM1[0]
REAL
    0.34327  0.00340896  0.00158147    0.174348
 0.00340896    0.157615  0.00351861  0.00520028
 0.00158147  0.00351861    0.171488 -0.00433374
   0.174348  0.00520028 -0.00433374    0.327627
IMAGINARY
           0   0.00407165   0.00500517 -0.000987274
 -0.00407165            0   0.00291663  -0.00366708
 -0.00500517  -0.00291663            0   0.00559234
 0.000987274   0.00366708  -0.00559234            0
Repeater1[0]<--->EndNode1[0]
REAL
   0.334927 -0.00295528 -0.00245031    0.166869
-0.00295528     0.16104  0.00718464 -0.00662941
-0.00245031  0.00718464     0.16582  0.00403253
   0.166869 -0.00662941  0.00403253    0.338213
IMAGINARY
           0   0.00159415  -0.00167155 -0.000502054
 -0.00159415            0   0.00125439   0.00501096
  0.00167155  -0.00125439            0  0.000834505
 0.000502054  -0.00501096 -0.000834505            0
Repeater1[0]<--->HoM1[0]
REAL
    0.34327  0.00158147  0.00340896    0.174348
 0.00158147    0.171488  0.00351861 -0.00433374
 0.00340896  0.00351861    0.157615  0.00520028
   0.174348 -0.00433374  0.00520028    0.327627
IMAGINARY
           0   0.00500517   0.00407165 -0.000987274
 -0.00500517            0  -0.00291663   0.00559234
 -0.00407165   0.00291663            0  -0.00366708
 0.000987274  -0.00559234   0.00366708            0
EndNode1[0]<--->Repeater1[0]
REAL
    0.329251    0.0024662   0.00279422     0.174976
   0.0024662     0.162438 -0.000774413   0.00142519
  0.00279422 -0.000774413     0.164771  -0.00216481
    0.174976   0.00142519  -0.00216481      0.34354
IMAGINARY
           0   0.00607413  -0.00812348   0.00340781
 -0.00607413            0 -0.000868219 -0.000449695
  0.00812348  0.000868219            0  -0.00638031
 -0.00340781  0.000449695   0.00638031            0
EndNode2[0]<--->HoM1[0]
REAL
   0.337817  -0.0078869 -0.00853838    0.159679
 -0.0078869    0.160196 0.000374609   0.0154972
-0.00853838 0.000374609    0.164476 -0.00292151
   0.159679   0.0154972 -0.00292151    0.337511
IMAGINARY
           0  0.000511465  2.22948e-05   0.00122013
-0.000511465            0  -0.00655189   0.00739072
-2.22948e-05   0.00655189            0  -0.00126789
 -0.00122013  -0.00739072   0.00126789            0
Repeater1[0]<--->EndNode1[0]
REAL
    0.329251   0.00279422    0.0024662     0.174976
  0.00279422     0.164771 -0.000774413  -0.00216481
   0.0024662 -0.000774413     0.162438   0.00142519
    0.174976  -0.00216481   0.00142519      0.34354
IMAGINARY
           0  -0.00812348   0.00607413   0.00340781
  0.00812348            0  0.000868219  -0.00638031
 -0.00607413 -0.000868219            0 -0.000449695
 -0.00340781   0.00638031  0.000449695            0
Repeater1[0]<--->HoM1[0]
REAL
   0.337817 -0.00853838  -0.0078869    0.159679
-0.00853838    0.164476 0.000374609 -0.00292151
 -0.0078869 0.000374609    0.160196   0.0154972
   0.159679 -0.00292151   0.0154972    0.337511
IMAGINARY
           0  2.22948e-05  0.000511465   0.00122013
-2.22948e-05            0   0.00655189  -0.00126789
-0.000511465  -0.00655189            0   0.00739072
 -0.00122013   0.00126789  -0.00739072            0
EndNode1[0]<--->Repeater1[0]
REAL
   0.343534   0.0013944   0.0012673    0.173432
  0.0013944    0.161416 -0.00486879  -0.0018661
  0.0012673 -0.00486879    0.161416  0.00489303
   0.173432  -0.0018661  0.00489303    0.333633
IMAGINARY
          0 -0.00063987 -0.00184979  0.00755856
 0.00063987           0 -0.00489268  0.00503644
 0.00184979  0.00489268           0  -0.0049747
-0.00755856 -0.00503644   0.0049747           0
EndNode2[0]<--->HoM1[0]
REAL
   0.330233   0.0134609  0.00014697    0.169107
  0.0134609    0.160465 -0.00499634  -0.0130304
 0.00014697 -0.00499634    0.172674 -0.00456515
   0.169107  -0.0130304 -0.00456515    0.336628
IMAGINARY
           0   -0.0120871    0.0102736   0.00524507
   0.0120871            0  0.000414153 -0.000174137
  -0.0102736 -0.000414153            0  -0.00494639
 -0.00524507  0.000174137   0.00494639            0
Repeater1[0]<--->EndNode1[0]
REAL
   0.343534   0.0012673   0.0013944    0.173432
  0.0012673    0.161416 -0.00486879  0.00489303
  0.0013944 -0.00486879    0.161416  -0.0018661
   0.173432  0.00489303  -0.0018661    0.333633
IMAGINARY
          0 -0.00184979 -0.00063987  0.00755856
 0.00184979           0  0.00489268  -0.0049747
 0.00063987 -0.00489268           0  0.00503644
-0.00755856   0.0049747 -0.00503644           0
Repeater1[0]<--->HoM1[0]
REAL
   0.330233  0.00014697   0.0134609    0.169107
 0.00014697    0.172674 -0.00499634 -0.00456515
  0.0134609 -0.00499634    0.160465  -0.0130304
   0.169107 -0.00456515  -0.0130304    0.336628
IMAGINARY
           0    0.0102736   -0.0120871   0.00524507
  -0.0102736            0 -0.000414153  -0.00494639
   0.0120871  0.000414153            0 -0.000174137
 -0.00524507   0.00494639  0.000174137            0
EndNode1[0]<--->Repeater1[0]
REAL
    0.327529  -0.00480421  0.000387023     0.173141
 -0.00480421     0.172921   -0.0023186  -0.00528462
 0.000387023   -0.0023186     0.164215 -0.000390208
    0.173141  -0.00528462 -0.000390208     0.335335
IMAGINARY
          0  0.00407319  0.00199473 -0.00426496
-0.00407319           0  0.00262952  -0.0043658
-0.00199473 -0.00262952           0  0.00689302
 0.00426496   0.0043658 -0.00689302           0
EndNode2[0]<--->HoM1[0]
REAL
   0.329925 -0.00288734  0.00601998    0.175879
-0.00288734    0.189173 -0.00225064 0.000837871
 0.00601998 -0.00225064    0.150677  0.00506938
   0.175879 0.000837871  0.00506938    0.330226
IMAGINARY
          0 -0.00248526  0.00375991   0.0033535
 0.00248526           0  0.00127881  0.00302742
-0.00375991 -0.00127881           0 -0.00219045
 -0.0033535 -0.00302742  0.00219045           0
Repeater1[0]<--->EndNode1[0]
REAL
    0.327529  0.000387023  -0.00480421     0.173141
 0.000387023     0.164215   -0.0023186 -0.000390208
 -0.00480421   -0.0023186     0.172921  -0.00528462
    0.173141 -0.000390208  -0.00528462     0.335335
IMAGINARY
          0  0.00199473  0.00407319 -0.00426496
-0.00199473           0 -0.00262952  0.00689302
-0.00407319  0.00262952           0  -0.0043658
 0.00426496 -0.00689302   0.0043658           0
Repeater1[0]<--->HoM1[0]
REAL
   0.329925  0.00601998 -0.00288734    0.175879
 0.00601998    0.150677 -0.00225064  0.00506938
-0.00288734 -0.00225064    0.189173 0.000837871
   0.175879  0.00506938 0.000837871    0.330226
IMAGINARY
          0  0.00375991 -0.00248526   0.0033535
-0.00375991           0 -0.00127881 -0.00219045
 0.00248526  0.00127881           0  0.00302742
 -0.0033535  0.00219045 -0.00302742           0
EndNode1[0]<--->Repeater1[0]
REAL
   0.350562  0.00747888   0.0035094    0.171654
 0.00747888    0.157495 -0.00275089 -0.00584312
  0.0035094 -0.00275089    0.159927  0.00506488
   0.171654 -0.00584312  0.00506488    0.332016
IMAGINARY
           0  -0.00105151  0.000522938   0.00258381
  0.00105151            0   0.00596842   0.00550116
-0.000522938  -0.00596842            0   0.00208001
 -0.00258381  -0.00550116  -0.00208001            0
EndNode2[0]<--->HoM1[0]
REAL
   0.338796  0.00260748  0.00396864    0.171677
 0.00260748    0.161502  -0.0110749 -0.00381952
 0.00396864  -0.0110749      0.1764  0.00290996
   0.171677 -0.00381952  0.00290996    0.323302
IMAGINARY
           0  -0.00886253   0.00191599   0.00661164
  0.00886253            0   -0.0021233   0.00399933
 -0.00191599    0.0021233            0 -0.000477441
 -0.00661164  -0.00399933  0.000477441            0
Repeater1[0]<--->EndNode1[0]
REAL
   0.350562   0.0035094  0.00747888    0.171654
  0.0035094    0.159927 -0.00275089  0.00506488
 0.00747888 -0.00275089    0.157495 -0.00584312
   0.171654  0.00506488 -0.00584312    0.332016
IMAGINARY
           0  0.000522938  -0.00105151   0.00258381
-0.000522938            0  -0.00596842   0.00208001
  0.00105151   0.00596842            0   0.00550116
 -0.00258381  -0.00208001  -0.00550116            0
Repeater1[0]<--->HoM1[0]
REAL
   0.338796  0.00396864  0.00260748    0.171677
 0.00396864      0.1764  -0.0110749  0.00290996
 0.00260748  -0.0110749    0.161502 -0.00381952
   0.171677  0.00290996 -0.00381952    0.323302
IMAGINARY
           0   0.00191599  -0.00886253   0.00661164
 -0.00191599            0    0.0021233 -0.000477441
  0.00886253   -0.0021233            0   0.00399933
 -0.00661164  0.000477441  -0.00399933            0
EndNode1[0]<--->Repeater1[0]
REAL
   0.328263 -0.00722938   -0.001933    0.159248
-0.00722938    0.163067  0.00997053 -0.00281432
  -0.001933  0.00997053     0.16763   0.0110579
   0.159248 -0.00281432   0.0110579     0.34104
IMAGINARY
           0   0.00913258  5.22466e-06     0.011686
 -0.00913258            0    -0.001591  -0.00575235
-5.22466e-06     0.001591            0   0.00368793
   -0.011686   0.00575235  -0.00368793            0
EndNode2[0]<--->HoM1[0]
REAL
    0.33935 -0.00880432  0.00756609    0.178755
-0.00880432    0.176294   0.0036874 -0.00479075
 0.00756609   0.0036874    0.166065    0.001939
   0.178755 -0.00479075    0.001939    0.318291
IMAGINARY
          0 -0.00656202  -0.0102244   0.0034086
 0.00656202           0  -0.0038557 -0.00612726
  0.0102244   0.0038557           0  0.00581195
 -0.0034086  0.00612726 -0.00581195           0
Repeater1[0]<--->EndNode1[0]
REAL
   0.328263   -0.001933 -0.00722938    0.159248
  -0.001933     0.16763  0.00997053   0.0110579
-0.00722938  0.00997053    0.163067 -0.00281432
   0.159248   0.0110579 -0.00281432     0.34104
IMAGINARY
           0  5.22466e-06   0.00913258     0.011686
-5.22466e-06            0     0.001591   0.00368793
 -0.00913258    -0.001591            0  -0.00575235
   -0.011686  -0.00368793   0.00575235            0
Repeater1[0]<--->HoM1[0]
REAL
    0.33935  0.00756609 -0.00880432    0.178755
 0.00756609    0.166065   0.0036874    0.001939
-0.00880432   0.0036874    0.176294 -0.00479075
   0.178755    0.001939 -0.00479075    0.318291
IMAGINARY
          0  -0.0102244 -0.00656202   0.0034086
  0.0102244           0   0.0038557  0.00581195
 0.00656202  -0.0038557           0 -0.00612726
 -0.0034086 -0.00581195  0.00612726           0
EndNode1[0]<--->Repeater1[0]
REAL
  0.337736 0.00618404  0.0031629   0.167159
0.00618404   0.153708 0.00260811 0.00759291
 0.0031629 0.00260811   0.180126  0.0103857
  0.167159 0.00759291  0.0103857    0.32843
IMAGINARY
           0    0.0049179  -0.00263977   0.00367094
  -0.0049179            0   0.00249447  -0.00536869
  0.00263977  -0.00249447            0  0.000672908
 -0.00367094   0.00536869 -0.000672908            0
EndNode2[0]<--->HoM1[0]
REAL
    0.331572  -0.00298157   0.00571313     0.174457
 -0.00298157     0.160037   0.00939087 -0.000169226
  0.00571313   0.00939087     0.160037    0.0160172
    0.174457 -0.000169226    0.0160172     0.348353
IMAGINARY
          0  0.00374878  0.00758897  -0.0065108
-0.00374878           0  0.00577094 -0.00698873
-0.00758897 -0.00577094           0  0.00465458
  0.0065108  0.00698873 -0.00465458           0
Repeater1[0]<--->EndNode1[0]
REAL
  0.337736  0.0031629 0.00618404   0.167159
 0.0031629   0.180126 0.00260811  0.0103857
0.00618404 0.00260811   0.153708 0.00759291
  0.167159  0.0103857 0.00759291    0.32843
IMAGINARY
           0  -0.00263977    0.0049179   0.00367094
  0.00263977            0  -0.00249447  0.000672908
  -0.0049179   0.00249447            0  -0.00536869
 -0.00367094 -0.000672908   0.00536869            0
Repeater1[0]<--->HoM1[0]
REAL
    0.331572   0.00571313  -0.00298157     0.174457
  0.00571313     0.160037   0.00939087    0.0160172
 -0.00298157   0.00939087     0.160037 -0.000169226
    0.174457    0.0160172 -0.000169226     0.348353
IMAGINARY
          0  0.00758897  0.00374878  -0.0065108
-0.00758897           0 -0.00577094  0.00465458
-0.00374878  0.00577094           0 -0.00698873
  0.0065108 -0.00465458  0.00698873           0
EndNode1[0]<--->Repeater1[0]
REAL
   0.341088  0.00772116  0.00224249     0.16889
 0.00772116    0.165257 -0.00574199  0.00650299
 0.00224249 -0.00574199    0.164955 -0.00953057
    0.16889  0.00650299 -0.00953057    0.328701
IMAGINARY
           0  0.000918314  -0.00666625     -0.00485
-0.000918314            0   -0.0018325  -0.00681414
  0.00666625    0.0018325            0   -0.0021438
     0.00485   0.00681414    0.0021438            0
EndNode2[0]<--->HoM1[0]
REAL
   0.328253  -9.153e-05 -0.00717027    0.170572
 -9.153e-05    0.174678  0.00704019  0.00866281
-0.00717027  0.00704019    0.169109 0.000987052
   0.170572  0.00866281 0.000987052     0.32796
IMAGINARY
          0    -0.00175  0.00114634   0.0025382
    0.00175           0 -0.00193141   0.0103828
-0.00114634  0.00193141           0   0.0020534
 -0.0025382  -0.0103828  -0.0020534           0
Repeater1[0]<--->EndNode1[0]
REAL
   0.341088  0.00224249  0.00772116     0.16889
 0.00224249    0.164955 -0.00574199 -0.00953057
 0.00772116 -0.00574199    0.165257  0.00650299
    0.16889 -0.00953057  0.00650299    0.328701
IMAGINARY
           0  -0.00666625  0.000918314     -0.00485
  0.00666625            0    0.0018325   -0.0021438
-0.000918314   -0.0018325            0  -0.00681414
     0.00485    0.0021438   0.00681414            0
Repeater1[0]<--->HoM1[0]
REAL
   0.328253 -0.00717027  -9.153e-05    0.170572
-0.00717027    0.169109  0.00704019 0.000987052
 -9.153e-05  0.00704019    0.174678  0.00866281
   0.170572 0.000987052  0.00866281     0.32796
IMAGINARY
          0  0.00114634    -0.00175   0.0025382
-0.00114634           0  0.00193141   0.0020534
    0.00175 -0.00193141           0   0.0103828
 -0.0025382  -0.0020534  -0.0103828           0
EndNode1[0]<--->Repeater1[0]
REAL
   0.333531 -0.00697654 -0.00332519    0.170516
-0.00697654    0.170775 -0.00344236 -0.00614335
-0.00332519 -0.00344236    0.167508 -0.00310288
   0.170516 -0.00614335 -0.00310288    0.328185
IMAGINARY
          0 -0.00442099  0.00434958   0.0152296
 0.00442099           0 -0.00670021   0.0053897
-0.00434958  0.00670021           0   -0.010113
 -0.0152296  -0.0053897    0.010113           0
EndNode2[0]<--->HoM1[0]
REAL
   0.341908  0.00503466 -0.00496301    0.172545
 0.00503466    0.160036 -0.00457596 -0.00254901
-0.00496301 -0.00457596    0.159138 -0.00563562
   0.172545 -0.00254901 -0.00563562    0.338917
IMAGINARY
           0   -0.0130509  0.000154755  -0.00898266
   0.0130509            0    0.0113425    0.0126887
-0.000154755   -0.0113425            0 -9.12801e-05
  0.00898266   -0.0126887  9.12801e-05            0
Repeater1[0]<--->EndNode1[0]
REAL
   0.333531 -0.00332519 -0.00697654    0.170516
-0.00332519    0.167508 -0.00344236 -0.00310288
-0.00697654 -0.00344236    0.170775 -0.00614335
   0.170516 -0.00310288 -0.00614335    0.328185
IMAGINARY
          0  0.00434958 -0.00442099   0.0152296
-0.00434958           0  0.00670021   -0.010113
 0.00442099 -0.00670021           0   0.0053897
 -0.0152296    0.010113  -0.0053897           0
Repeater1[0]<--->HoM1[0]
REAL
   0.341908 -0.00496301  0.00503466    0.172545
-0.00496301    0.159138 -0.00457596 -0.00563562
 0.00503466 -0.00457596    0.160036 -0.00254901
   0.172545 -0.00563562 -0.00254901    0.338917
IMAGINARY
           0  0.000154755   -0.0130509  -0.00898266
-0.000154755            0   -0.0113425 -9.12801e-05
   0.0130509    0.0113425            0    0.0126887
  0.00898266  9.12801e-05   -0.0126887            0
EndNode1[0]<--->Repeater1[0]
REAL
    0.338257  -0.00577279 -7.33236e-05     0.169254
 -0.00577279     0.161595  -0.00367725   0.00126238
-7.33236e-05  -0.00367725     0.163072   0.00250287
    0.169254   0.00126238   0.00250287     0.337075
IMAGINARY
          0 -0.00182054 -0.00323253   0.0108841
 0.00182054           0 -0.00848888 -0.00843767
 0.00323253  0.00848888           0 -0.00136224
 -0.0108841  0.00843767  0.00136224           0
EndNode2[0]<--->HoM1[0]
REAL
   0.335579 -0.00354946  0.00366338    0.183564
-0.00354946    0.163197 -0.00719803  -0.0107893
 0.00366338 -0.00719803    0.169626 0.000580336
   0.183564  -0.0107893 0.000580336    0.331598
IMAGINARY
           0  -0.00330248  -0.00160903   0.00210273
  0.00330248            0  0.000750976   0.00340867
  0.00160903 -0.000750976            0  -0.00539578
 -0.00210273  -0.00340867   0.00539578            0
Repeater1[0]<--->EndNode1[0]
REAL
    0.338257 -7.33236e-05  -0.00577279     0.169254
-7.33236e-05     0.163072  -0.00367725   0.00250287
 -0.00577279  -0.00367725     0.161595   0.00126238
    0.169254   0.00250287   0.00126238     0.337075
IMAGINARY
          0 -0.00323253 -0.00182054   0.0108841
 0.00323253           0  0.00848888 -0.00136224
 0.00182054 -0.00848888           0 -0.00843767
 -0.0108841  0.00136224  0.00843767           0
Repeater1[0]<--->HoM1[0]
REAL
   0.335579  0.00366338 -0.00354946    0.183564
 0.00366338    0.169626 -0.00719803 0.000580336
-0.00354946 -0.00719803    0.163197  -0.0107893
   0.183564 0.000580336  -0.0107893    0.331598
IMAGINARY
           0  -0.00160903  -0.00330248   0.00210273
  0.00160903            0 -0.000750976  -0.00539578
  0.00330248  0.000750976            0   0.00340867
 -0.00210273   0.00539578  -0.00340867            0
EndNode1[0]<--->Repeater1[0]
REAL
   0.334951  0.00413471 -0.00403001    0.169722
 0.00413471    0.158677 -0.00285522 -0.00197239
-0.00403001 -0.00285522    0.173847 -0.00353447
   0.169722 -0.00197239 -0.00353447    0.332524
IMAGINARY
           0  -0.00845432    0.0113794 -0.000515459
  0.00845432            0   0.00336746  -0.00358359
  -0.0113794  -0.00336746            0  -0.00453865
 0.000515459   0.00358359   0.00453865            0
EndNode2[0]<--->HoM1[0]
REAL
   0.322789  0.00194838  0.00416096    0.162286
 0.00194838    0.164323  0.00567438 -0.00371306
 0.00416096  0.00567438    0.176919 -0.00329206
   0.162286 -0.00371306 -0.00329206     0.33597
IMAGINARY
           0   -0.0157843 -0.000208777   0.00559686
   0.0157843            0   0.00604475   -0.0086273
 0.000208777  -0.00604475            0 -0.000669074
 -0.00559686    0.0086273  0.000669074            0
Repeater1[0]<--->EndNode1[0]
REAL
   0.334951 -0.00403001  0.00413471    0.169722
-0.00403001    0.173847 -0.00285522 -0.00353447
 0.00413471 -0.00285522    0.158677 -0.00197239
   0.169722 -0.00353447 -0.00197239    0.332524
IMAGINARY
           0    0.0113794  -0.00845432 -0.000515459
  -0.0113794            0  -0.00336746  -0.00453865
  0.00845432   0.00336746            0  -0.00358359
 0.000515459   0.00453865   0.00358359            0
Repeater1[0]<--->HoM1[0]
REAL
   0.322789  0.00416096  0.00194838    0.162286
 0.00416096    0.176919  0.00567438 -0.00329206
 0.00194838  0.00567438    0.164323 -0.00371306
   0.162286 -0.00329206 -0.00371306     0.33597
IMAGINARY
           0 -0.000208777   -0.0157843   0.00559686
 0.000208777            0  -0.00604475 -0.000669074
   0.0157843   0.00604475            0   -0.0086273
 -0.00559686  0.000669074    0.0086273            0
EndNode1[0]<--->Repeater1[0]
REAL
    0.340794   0.00566404   0.00740833     0.173022
  0.00566404     0.160549  -0.00926013 -0.000196796
  0.00740833  -0.00926013     0.156371  -0.00115683
    0.173022 -0.000196796  -0.00115683     0.342286
IMAGINARY
           0   0.00475935   0.00345453   -0.0053994
 -0.00475935            0  0.000574313   0.00705598
 -0.00345453 -0.000574313            0  -0.00686145
   0.0053994  -0.00705598   0.00686145            0
EndNode2[0]<--->HoM1[0]
REAL
   0.337834  -0.0103833   0.0052509    0.179269
 -0.0103833    0.169817  0.00531652  -0.0042114
  0.0052509  0.00531652    0.154515 -0.00461523
   0.179269  -0.0042114 -0.00461523    0.337834
IMAGINARY
           0   0.00396464  -0.00102905  -0.00138995
 -0.00396464            0   0.00454974    -0.008382
  0.00102905  -0.00454974            0 -0.000625234
  0.00138995     0.008382  0.000625234            0
Repeater1[0]<--->EndNode1[0]
REAL
    0.340794   0.00740833   0.00566404     0.173022
  0.00740833     0.156371  -0.00926013  -0.00115683
  0.00566404  -0.00926013     0.160549 -0.000196796
    0.173022  -0.00115683 -0.000196796     0.342286
IMAGINARY
           0   0.00345453   0.00475935   -0.0053994
 -0.00345453            0 -0.000574313  -0.00686145
 -0.00475935  0.000574313            0   0.00705598
   0.0053994   0.00686145  -0.00705598            0
Repeater1[0]<--->HoM1[0]
REAL
   0.337834   0.0052509  -0.0103833    0.179269
  0.0052509    0.154515  0.00531652 -0.00461523
 -0.0103833  0.00531652    0.169817  -0.0042114
   0.179269 -0.00461523  -0.0042114    0.337834
IMAGINARY
           0  -0.00102905   0.00396464  -0.00138995
  0.00102905            0  -0.00454974 -0.000625234
 -0.00396464   0.00454974            0    -0.008382
  0.00138995  0.000625234     0.008382            0
EndNode1[0]<--->Repeater1[0]
REAL
   0.32842 0.00465979  0.0100534   0.178381
0.00465979   0.165684 0.00391995 0.00499086
 0.0100534 0.00391995   0.165094 0.00182988
  0.178381 0.00499086 0.00182988   0.340802
IMAGINARY
          0 -0.00213608 -0.00174737 -0.00442334
 0.00213608           0 -0.00182475 -0.00265591
 0.00174737  0.00182475           0  0.00471731
 0.00442334  0.00265591 -0.00471731           0
EndNode2[0]<--->HoM1[0]
REAL
   0.344838 -0.00248753  -0.0145217    0.177452
-0.00248753    0.153024  0.00674255 -0.00406398
 -0.0145217  0.00674255    0.156689 -0.00975182
   0.177452 -0.00406398 -0.00975182    0.345449
IMAGINARY
           0  -0.00469806 -0.000838219 -0.000989772
  0.00469806            0   -0.0054224   0.00417357
 0.000838219    0.0054224            0   0.00803342
 0.000989772  -0.00417357  -0.00803342            0
Repeater1[0]<--->EndNode1[0]
REAL
   0.32842  0.0100534 0.00465979   0.178381
 0.0100534   0.165094 0.00391995 0.00182988
0.00465979 0.00391995   0.165684 0.00499086
  0.178381 0.00182988 0.00499086   0.340802
IMAGINARY
          0 -0.00174737 -0.00213608 -0.00442334
 0.00174737           0  0.00182475  0.00471731
 0.00213608 -0.00182475           0 -0.00265591
 0.00442334 -0.00471731  0.00265591           0
Repeater1[0]<--->HoM1[0]
REAL
   0.344838  -0.0145217 -0.00248753    0.177452
 -0.0145217    0.156689  0.00674255 -0.00975182
-0.00248753  0.00674255    0.153024 -0.00406398
   0.177452 -0.00975182 -0.00406398    0.345449
IMAGINARY
           0 -0.000838219  -0.00469806 -0.000989772
