EndNode1[0]<--->Repeater1[0]
REAL
   0.443836 -0.00519428  -0.0191047    0.426126
-0.00519428   0.0401826  0.00275203 9.79178e-05
 -0.0191047  0.00275203   0.0380518 -0.00829437
   0.426126 9.79178e-05 -0.00829437     0.47793
IMAGINARY
          0 -0.00095927 -0.00510516  0.00573585
 0.00095927           0  -0.0070925   0.0120847
 0.00510516   0.0070925           0 -0.00364423
-0.00573585  -0.0120847  0.00364423           0
EndNode2[0]<--->HoM1[0]
REAL
    0.46298 0.000456932 -0.00507247     0.41263
0.000456932   0.0417044  0.00380593  0.00430442
-0.00507247  0.00380593    0.049864 3.89708e-06
    0.41263  0.00430442 3.89708e-06    0.445452
IMAGINARY
           0  -0.00542545   0.00741562 -0.000345243
  0.00542545            0   -0.0015559  -0.00257833
 -0.00741562    0.0015559            0  -0.00498206
 0.000345243   0.00257833   0.00498206            0
Repeater1[0]<--->EndNode1[0]
REAL
   0.443836  -0.0191047 -0.00519428    0.426126
 -0.0191047   0.0380518  0.00275203 -0.00829437
-0.00519428  0.00275203   0.0401826 9.79178e-05
   0.426126 -0.00829437 9.79178e-05     0.47793
IMAGINARY
          0 -0.00510516 -0.00095927  0.00573585
 0.00510516           0   0.0070925 -0.00364423
 0.00095927  -0.0070925           0   0.0120847
-0.00573585  0.00364423  -0.0120847           0
Repeater1[0]<--->HoM1[0]
REAL
    0.46298 -0.00507247 0.000456932     0.41263
-0.00507247    0.049864  0.00380593 3.89708e-06
0.000456932  0.00380593   0.0417044  0.00430442
    0.41263 3.89708e-06  0.00430442    0.445452
IMAGINARY
           0   0.00741562  -0.00542545 -0.000345243
 -0.00741562            0    0.0015559  -0.00498206
  0.00542545   -0.0015559            0  -0.00257833
 0.000345243   0.00498206   0.00257833            0
EndNode1[0]<--->Repeater1[0]
REAL
   0.449539  -0.0122565 -0.00451895     0.41897
 -0.0122565   0.0425722  0.00390113  -0.0154334
-0.00451895  0.00390113   0.0449539 -0.00620688
    0.41897  -0.0154334 -0.00620688    0.462935
IMAGINARY
          0  0.00253338  -0.0105969  -0.0093066
-0.00253338           0  0.00244912  0.00892262
  0.0105969 -0.00244912           0 -0.00359883
  0.0093066 -0.00892262  0.00359883           0
EndNode2[0]<--->HoM1[0]
REAL
    0.458674 -0.000286277  -0.00295519     0.421593
-0.000286277    0.0414774  -0.00168768   0.00191692
 -0.00295519  -0.00168768     0.044505  -0.00727824
    0.421593   0.00191692  -0.00727824     0.455344
IMAGINARY
          0  0.00214589 -0.00432534  0.00693355
-0.00214589           0 -0.00583603  0.00226773
 0.00432534  0.00583603           0 -0.00920056
-0.00693355 -0.00226773  0.00920056           0
Repeater1[0]<--->EndNode1[0]
REAL
   0.449539 -0.00451895  -0.0122565     0.41897
-0.00451895   0.0449539  0.00390113 -0.00620688
 -0.0122565  0.00390113   0.0425722  -0.0154334
    0.41897 -0.00620688  -0.0154334    0.462935
IMAGINARY
          0  -0.0105969  0.00253338  -0.0093066
  0.0105969           0 -0.00244912 -0.00359883
-0.00253338  0.00244912           0  0.00892262
  0.0093066  0.00359883 -0.00892262           0
Repeater1[0]<--->HoM1[0]
REAL
    0.458674  -0.00295519 -0.000286277     0.421593
 -0.00295519     0.044505  -0.00168768  -0.00727824
-0.000286277  -0.00168768    0.0414774   0.00191692
    0.421593  -0.00727824   0.00191692     0.455344
IMAGINARY
          0 -0.00432534  0.00214589  0.00693355
 0.00432534           0  0.00583603 -0.00920056
-0.00214589 -0.00583603           0  0.00226773
-0.00693355  0.00920056 -0.00226773           0
EndNode1[0]<--->Repeater1[0]
REAL
   0.457168   -0.010609  -0.0046764    0.417371
  -0.010609   0.0413444 0.000929303 -0.00512752
 -0.0046764 0.000929303    0.041047 -0.00186876
   0.417371 -0.00512752 -0.00186876     0.46044
IMAGINARY
           0  -0.00495414   0.00318484   0.00165892
  0.00495414            0 -0.000458441   0.00834556
 -0.00318484  0.000458441            0  -0.00388085
 -0.00165892  -0.00834556   0.00388085            0
EndNode2[0]<--->HoM1[0]
REAL
   0.468855  0.00347961  -0.0103137    0.420186
 0.00347961    0.042958  0.00154559  0.00202644
 -0.0103137  0.00154559    0.037128 -0.00470735
   0.420186  0.00202644 -0.00470735    0.451059
IMAGINARY
          0 -0.00448422   0.0120801  0.00420387
 0.00448422           0  0.00703377 -0.00418699
 -0.0120801 -0.00703377           0 -0.00280175
-0.00420387  0.00418699  0.00280175           0
Repeater1[0]<--->EndNode1[0]
REAL
   0.457168  -0.0046764   -0.010609    0.417371
 -0.0046764    0.041047 0.000929303 -0.00186876
  -0.010609 0.000929303   0.0413444 -0.00512752
   0.417371 -0.00186876 -0.00512752     0.46044
IMAGINARY
           0   0.00318484  -0.00495414   0.00165892
 -0.00318484            0  0.000458441  -0.00388085
  0.00495414 -0.000458441            0   0.00834556
 -0.00165892   0.00388085  -0.00834556            0
Repeater1[0]<--->HoM1[0]
REAL
   0.468855  -0.0103137  0.00347961    0.420186
 -0.0103137    0.037128  0.00154559 -0.00470735
 0.00347961  0.00154559    0.042958  0.00202644
   0.420186 -0.00470735  0.00202644    0.451059
IMAGINARY
          0   0.0120801 -0.00448422  0.00420387
 -0.0120801           0 -0.00703377 -0.00280175
 0.00448422  0.00703377           0 -0.00418699
-0.00420387  0.00280175  0.00418699           0
EndNode1[0]<--->Repeater1[0]
REAL
   0.446344 -0.00215873 -0.00524875    0.419727
-0.00215873   0.0462854 -0.00466295 -0.00555326
-0.00524875 -0.00466295   0.0362618 -0.00124465
   0.419727 -0.00555326 -0.00124465    0.471108
IMAGINARY
          0  0.00415857  -0.0029477  0.00788784
-0.00415857           0   0.0140721 -0.00102406
  0.0029477  -0.0140721           0  0.00657988
-0.00788784  0.00102406 -0.00657988           0
EndNode2[0]<--->HoM1[0]
REAL
   0.452418  0.00300867 -0.00410757    0.420996
 0.00300867   0.0384971 -0.00298758 -0.00155731
-0.00410757 -0.00298758   0.0440407 -2.7154e-05
   0.420996 -0.00155731 -2.7154e-05    0.465045
IMAGINARY
           0   0.00752516  0.000231375   0.00670894
 -0.00752516            0   0.00670894  -0.00140993
-0.000231375  -0.00670894            0  -0.00634661
 -0.00670894   0.00140993   0.00634661            0
Repeater1[0]<--->EndNode1[0]
REAL
   0.446344 -0.00524875 -0.00215873    0.419727
-0.00524875   0.0362618 -0.00466295 -0.00124465
-0.00215873 -0.00466295   0.0462854 -0.00555326
   0.419727 -0.00124465 -0.00555326    0.471108
IMAGINARY
          0  -0.0029477  0.00415857  0.00788784
  0.0029477           0  -0.0140721  0.00657988
-0.00415857   0.0140721           0 -0.00102406
-0.00788784 -0.00657988  0.00102406           0
Repeater1[0]<--->HoM1[0]
REAL
   0.452418 -0.00410757  0.00300867    0.420996
-0.00410757   0.0440407 -0.00298758 -2.7154e-05
 0.00300867 -0.00298758   0.0384971 -0.00155731
   0.420996 -2.7154e-05 -0.00155731    0.465045
IMAGINARY
           0  0.000231375   0.00752516   0.00670894
-0.000231375            0  -0.00670894  -0.00634661
 -0.00752516   0.00670894            0  -0.00140993
 -0.00670894   0.00634661   0.00140993            0
EndNode1[0]<--->Repeater1[0]
REAL
   0.464471  0.00507891   0.0065009    0.412702
 0.00507891   0.0466606 -0.00176368  0.00784459
  0.0065009 -0.00176368    0.042391  0.00209383
   0.412702  0.00784459  0.00209383    0.446478
IMAGINARY
           0  -0.00225677   0.00889743  0.000595948
  0.00225677            0  -0.00417163  -0.00439563
 -0.00889743   0.00417163            0   0.00165653
-0.000595948   0.00439563  -0.00165653            0
EndNode2[0]<--->HoM1[0]
REAL
   0.469623  0.00417265   0.0068716    0.412735
 0.00417265   0.0367558  0.00121755  0.00702144
  0.0068716  0.00121755   0.0394897 0.000757142
   0.412735  0.00702144 0.000757142    0.454131
IMAGINARY
          0 -0.00405173  0.00328503 -0.00956484
 0.00405173           0   0.0118383 -0.00148539
-0.00328503  -0.0118383           0 -0.00344677
 0.00956484  0.00148539  0.00344677           0
Repeater1[0]<--->EndNode1[0]
REAL
   0.464471   0.0065009  0.00507891    0.412702
  0.0065009    0.042391 -0.00176368  0.00209383
 0.00507891 -0.00176368   0.0466606  0.00784459
   0.412702  0.00209383  0.00784459    0.446478
IMAGINARY
           0   0.00889743  -0.00225677  0.000595948
 -0.00889743            0   0.00417163   0.00165653
  0.00225677  -0.00417163            0  -0.00439563
-0.000595948  -0.00165653   0.00439563            0
Repeater1[0]<--->HoM1[0]
REAL
   0.469623   0.0068716  0.00417265    0.412735
  0.0068716   0.0394897  0.00121755 0.000757142
 0.00417265  0.00121755   0.0367558  0.00702144
   0.412735 0.000757142  0.00702144    0.454131
IMAGINARY
          0  0.00328503 -0.00405173 -0.00956484
-0.00328503           0  -0.0118383 -0.00344677
 0.00405173   0.0118383           0 -0.00148539
 0.00956484  0.00344677  0.00148539           0
EndNode1[0]<--->Repeater1[0]
REAL
   0.455635   0.0123351  0.00623171    0.423061
  0.0123351   0.0422662 0.000542347  0.00714523
 0.00623171 0.000542347   0.0455635 -0.00520074
   0.423061  0.00714523 -0.00520074    0.456535
IMAGINARY
           0  0.000803805   0.00212546  -0.00066373
-0.000803805            0    0.0118218   0.00786244
 -0.00212546   -0.0118218            0  -0.00958105
  0.00066373  -0.00786244   0.00958105            0
EndNode2[0]<--->HoM1[0]
REAL
    0.45403  0.00249297  0.00121932    0.421005
 0.00249297   0.0432836 -0.00164526 -0.00922294
 0.00121932 -0.00164526    0.039403 -0.00596624
   0.421005 -0.00922294 -0.00596624    0.463284
IMAGINARY
           0 -0.000810002   0.00620558  0.000908192
 0.000810002            0  -0.00665184    0.0108977
 -0.00620558   0.00665184            0  -0.00735641
-0.000908192   -0.0108977   0.00735641            0
Repeater1[0]<--->EndNode1[0]
REAL
   0.455635  0.00623171   0.0123351    0.423061
 0.00623171   0.0455635 0.000542347 -0.00520074
  0.0123351 0.000542347   0.0422662  0.00714523
   0.423061 -0.00520074  0.00714523    0.456535
IMAGINARY
           0   0.00212546  0.000803805  -0.00066373
 -0.00212546            0   -0.0118218  -0.00958105
-0.000803805    0.0118218            0   0.00786244
  0.00066373   0.00958105  -0.00786244            0
Repeater1[0]<--->HoM1[0]
REAL
    0.45403  0.00121932  0.00249297    0.421005
 0.00121932    0.039403 -0.00164526 -0.00596624
 0.00249297 -0.00164526   0.0432836 -0.00922294
   0.421005 -0.00596624 -0.00922294    0.463284
IMAGINARY
           0   0.00620558 -0.000810002  0.000908192
 -0.00620558            0   0.00665184  -0.00735641
 0.000810002  -0.00665184            0    0.0108977
-0.000908192   0.00735641   -0.0108977            0
EndNode1[0]<--->Repeater1[0]
REAL
   0.445842 -0.00348308 -0.00874024    0.420219
-0.00348308   0.0401964  0.00252191  0.00145161
-0.00874024  0.00252191   0.0395827 -0.00642946
   0.420219  0.00145161 -0.00642946    0.474379
IMAGINARY
           0  -0.00497288   0.00232042  0.000265189
  0.00497288            0  -0.00218429   0.00657316
 -0.00232042   0.00218429            0 -1.49876e-06
-0.000265189  -0.00657316  1.49876e-06            0
EndNode2[0]<--->HoM1[0]
REAL
    0.482975   0.00358751 -0.000738347     0.416271
  0.00358751    0.0406213  -0.00292376   0.00149846
-0.000738347  -0.00292376    0.0421147  -0.00130718
    0.416271   0.00149846  -0.00130718     0.434289
IMAGINARY
          0  -0.0155913   0.0110372  -0.0038051
  0.0155913           0  0.00245981  0.00103715
 -0.0110372 -0.00245981           0  -0.0085573
  0.0038051 -0.00103715   0.0085573           0
Repeater1[0]<--->EndNode1[0]
REAL
   0.445842 -0.00874024 -0.00348308    0.420219
-0.00874024   0.0395827  0.00252191 -0.00642946
-0.00348308  0.00252191   0.0401964  0.00145161
   0.420219 -0.00642946  0.00145161    0.474379
IMAGINARY
           0   0.00232042  -0.00497288  0.000265189
 -0.00232042            0   0.00218429 -1.49876e-06
  0.00497288  -0.00218429            0   0.00657316
-0.000265189  1.49876e-06  -0.00657316            0
Repeater1[0]<--->HoM1[0]
REAL
    0.482975 -0.000738347   0.00358751     0.416271
-0.000738347    0.0421147  -0.00292376  -0.00130718
  0.00358751  -0.00292376    0.0406213   0.00149846
    0.416271  -0.00130718   0.00149846     0.434289
IMAGINARY
          0   0.0110372  -0.0155913  -0.0038051
 -0.0110372           0 -0.00245981  -0.0085573
  0.0155913  0.00245981           0  0.00103715
  0.0038051   0.0085573 -0.00103715           0
EndNode1[0]<--->Repeater1[0]
REAL
   0.455654  0.00549806   0.0030906    0.415706
 0.00549806   0.0472417  0.00639905 -0.00083496
  0.0030906  0.00639905   0.0451082 -0.00113715
   0.415706 -0.00083496 -0.00113715    0.451996
IMAGINARY
          0 -0.00847263  0.00560968  0.00203675
 0.00847263           0  0.00158207   0.0105961
-0.00560968 -0.00158207           0  -0.0086252
-0.00203675  -0.0105961   0.0086252           0
EndNode2[0]<--->HoM1[0]
REAL
   0.457117 -0.00721652  -0.0076318    0.418766
-0.00721652   0.0440998 -5.1533e-05  -0.0107182
 -0.0076318 -5.1533e-05   0.0398418 -0.00810043
   0.418766  -0.0107182 -0.00810043    0.458942
IMAGINARY
           0   0.00104752  -0.00319495 -0.000526861
 -0.00104752            0  -0.00626047    0.0039198
  0.00319495   0.00626047            0 -0.000612609
 0.000526861   -0.0039198  0.000612609            0
Repeater1[0]<--->EndNode1[0]
REAL
   0.455654   0.0030906  0.00549806    0.415706
  0.0030906   0.0451082  0.00639905 -0.00113715
 0.00549806  0.00639905   0.0472417 -0.00083496
   0.415706 -0.00113715 -0.00083496    0.451996
IMAGINARY
          0  0.00560968 -0.00847263  0.00203675
-0.00560968           0 -0.00158207  -0.0086252
 0.00847263  0.00158207           0   0.0105961
-0.00203675   0.0086252  -0.0105961           0
Repeater1[0]<--->HoM1[0]
REAL
   0.457117  -0.0076318 -0.00721652    0.418766
 -0.0076318   0.0398418 -5.1533e-05 -0.00810043
-0.00721652 -5.1533e-05   0.0440998  -0.0107182
   0.418766 -0.00810043  -0.0107182    0.458942
IMAGINARY
           0  -0.00319495   0.00104752 -0.000526861
  0.00319495            0   0.00626047 -0.000612609
 -0.00104752  -0.00626047            0    0.0039198
 0.000526861  0.000612609   -0.0039198            0
EndNode1[0]<--->Repeater1[0]
REAL
    0.462845   0.00289561   0.00407665      0.41598
  0.00289561     0.033667 -3.32191e-05   0.00561039
  0.00407665 -3.32191e-05    0.0397331    0.0038108
     0.41598   0.00561039    0.0038108     0.463755
IMAGINARY
           0  0.000178793  -0.00152131  0.000525999
-0.000178793            0  0.000525999  -0.00734239
  0.00152131 -0.000525999            0   0.00432571
-0.000525999   0.00734239  -0.00432571            0
EndNode2[0]<--->HoM1[0]
REAL
   0.449301 -0.00972174 -0.00821866    0.418951
-0.00972174   0.0422494 -0.00128583  -0.0058532
-0.00821866 -0.00128583   0.0402098 -0.00225431
   0.418951  -0.0058532 -0.00225431     0.46824
IMAGINARY
          0  0.00860611  0.00132183  0.00226886
-0.00860611           0   0.0057193 -0.00294664
-0.00132183  -0.0057193           0  0.00129049
-0.00226886  0.00294664 -0.00129049           0
Repeater1[0]<--->EndNode1[0]
REAL
    0.462845   0.00407665   0.00289561      0.41598
  0.00407665    0.0397331 -3.32191e-05    0.0038108
  0.00289561 -3.32191e-05     0.033667   0.00561039
     0.41598    0.0038108   0.00561039     0.463755
IMAGINARY
           0  -0.00152131  0.000178793  0.000525999
  0.00152131            0 -0.000525999   0.00432571
-0.000178793  0.000525999            0  -0.00734239
-0.000525999  -0.00432571   0.00734239            0
Repeater1[0]<--->HoM1[0]
REAL
   0.449301 -0.00821866 -0.00972174    0.418951
-0.00821866   0.0402098 -0.00128583 -0.00225431
-0.00972174 -0.00128583   0.0422494  -0.0058532
   0.418951 -0.00225431  -0.0058532     0.46824
IMAGINARY
          0  0.00132183  0.00860611  0.00226886
-0.00132183           0  -0.0057193  0.00129049
-0.00860611   0.0057193           0 -0.00294664
-0.00226886 -0.00129049  0.00294664           0
EndNode1[0]<--->Repeater1[0]
REAL
   0.457453  -0.0049036 -0.00432473    0.425363
 -0.0049036   0.0467713  -0.0030563 -0.00432473
-0.00432473  -0.0030563   0.0322873 -0.00313889
   0.425363 -0.00432473 -0.00313889    0.463488
IMAGINARY
           0    0.0138037 -0.000147005  -0.00274877
  -0.0138037            0 -0.000685091  -0.00883868
 0.000147005  0.000685091            0 -0.000858201
  0.00274877   0.00883868  0.000858201            0
EndNode2[0]<--->HoM1[0]
REAL
   0.453986 -0.00610181 -0.00847974    0.418512
-0.00610181   0.0383939  0.00151236 -0.00159352
-0.00847974  0.00151236    0.038687 -0.00580295
   0.418512 -0.00159352 -0.00580295    0.468933
IMAGINARY
          0  0.00171649  -0.0107069 -0.00704734
-0.00171649           0  0.00374403  0.00532724
  0.0107069 -0.00374403           0 -0.00432946
 0.00704734 -0.00532724  0.00432946           0
Repeater1[0]<--->EndNode1[0]
REAL
   0.457453 -0.00432473  -0.0049036    0.425363
-0.00432473   0.0322873  -0.0030563 -0.00313889
 -0.0049036  -0.0030563   0.0467713 -0.00432473
   0.425363 -0.00313889 -0.00432473    0.463488
IMAGINARY
           0 -0.000147005    0.0138037  -0.00274877
 0.000147005            0  0.000685091 -0.000858201
  -0.0138037 -0.000685091            0  -0.00883868
  0.00274877  0.000858201   0.00883868            0
Repeater1[0]<--->HoM1[0]
REAL
   0.453986 -0.00847974 -0.00610181    0.418512
-0.00847974    0.038687  0.00151236 -0.00580295
-0.00610181  0.00151236   0.0383939 -0.00159352
   0.418512 -0.00580295 -0.00159352    0.468933
IMAGINARY
          0  -0.0107069  0.00171649 -0.00704734
  0.0107069           0 -0.00374403 -0.00432946
-0.00171649  0.00374403           0  0.00532724
 0.00704734  0.00432946 -0.00532724           0
EndNode1[0]<--->Repeater1[0]
REAL
   0.449323 0.000589112  0.00891679    0.423968
0.000589112    0.042406  0.00156698   0.0023886
 0.00891679  0.00156698    0.042406   0.0116207
   0.423968   0.0023886   0.0116207    0.465865
IMAGINARY
           0    0.0048371   0.00182476   0.00289597
  -0.0048371            0    0.0019791  -0.00519226
 -0.00182476   -0.0019791            0 -0.000591127
 -0.00289597   0.00519226  0.000591127            0
EndNode2[0]<--->HoM1[0]
REAL
   0.460037 -0.00894459 0.000982545      0.4211
-0.00894459   0.0393533 0.000422318 -0.00752238
0.000982545 0.000422318   0.0411836 0.000621161
     0.4211 -0.00752238 0.000621161    0.459426
IMAGINARY
           0   0.00758429 -0.000184233  -0.00181516
 -0.00758429            0  -0.00106101   -0.0111051
 0.000184233   0.00106101            0   0.00519052
  0.00181516    0.0111051  -0.00519052            0
Repeater1[0]<--->EndNode1[0]
REAL
   0.449323  0.00891679 0.000589112    0.423968
 0.00891679    0.042406  0.00156698   0.0116207
0.000589112  0.00156698    0.042406   0.0023886
   0.423968   0.0116207   0.0023886    0.465865
IMAGINARY
           0   0.00182476    0.0048371   0.00289597
 -0.00182476            0   -0.0019791 -0.000591127
  -0.0048371    0.0019791            0  -0.00519226
 -0.00289597  0.000591127   0.00519226            0
Repeater1[0]<--->HoM1[0]
REAL
   0.460037 0.000982545 -0.00894459      0.4211
0.000982545   0.0411836 0.000422318 0.000621161
-0.00894459 0.000422318   0.0393533 -0.00752238
     0.4211 0.000621161 -0.00752238    0.459426
IMAGINARY
           0 -0.000184233   0.00758429  -0.00181516
 0.000184233            0   0.00106101   0.00519052
 -0.00758429  -0.00106101            0   -0.0111051
  0.00181516  -0.00519052    0.0111051            0
EndNode1[0]<--->Repeater1[0]
REAL
   0.467552   0.0112458 0.000901891     0.42158
  0.0112458   0.0425596  -0.0025501  0.00596745
0.000901891  -0.0025501   0.0419559 -0.00349952
    0.42158  0.00596745 -0.00349952    0.447932
IMAGINARY
           0  -0.00731638   0.00324139  -0.00614248
  0.00731638            0   0.00861162 -0.000712381
 -0.00324139  -0.00861162            0  -0.00384101
  0.00614248  0.000712381   0.00384101            0
EndNode2[0]<--->HoM1[0]
REAL
   0.459507 -0.00457512  0.00945364    0.416622
-0.00457512   0.0419601 -0.00266957   0.0032443
 0.00945364 -0.00266957    0.038439   0.0118951
   0.416622   0.0032443   0.0118951    0.460094
IMAGINARY
           0  -0.00140611  0.000150871   0.00237657
  0.00140611            0   0.00237657  -0.00270113
-0.000150871  -0.00237657            0   0.00605658
 -0.00237657   0.00270113  -0.00605658            0
Repeater1[0]<--->EndNode1[0]
REAL
   0.467552 0.000901891   0.0112458     0.42158
0.000901891   0.0419559  -0.0025501 -0.00349952
  0.0112458  -0.0025501   0.0425596  0.00596745
    0.42158 -0.00349952  0.00596745    0.447932
IMAGINARY
           0   0.00324139  -0.00731638  -0.00614248
 -0.00324139            0  -0.00861162  -0.00384101
  0.00731638   0.00861162            0 -0.000712381
  0.00614248   0.00384101  0.000712381            0
Repeater1[0]<--->HoM1[0]
REAL
   0.459507  0.00945364 -0.00457512    0.416622
 0.00945364    0.038439 -0.00266957   0.0118951
-0.00457512 -0.00266957   0.0419601   0.0032443
   0.416622   0.0118951   0.0032443    0.460094
IMAGINARY
           0  0.000150871  -0.00140611   0.00237657
-0.000150871            0  -0.00237657   0.00605658
  0.00140611   0.00237657            0  -0.00270113
 -0.00237657  -0.00605658   0.00270113            0
EndNode1[0]<--->Repeater1[0]
REAL
   0.464502 -0.00914447  0.00109647    0.424346
-0.00914447   0.0406553  -0.0019693  -0.0101929
 0.00109647  -0.0019693    0.035801 -0.00419695
   0.424346  -0.0101929 -0.00419695    0.459041
IMAGINARY
          0  0.00828691 -0.00998694 -0.00953925
-0.00828691           0 -0.00413384  0.00530858
 0.00998694  0.00413384           0 -0.00536294
 0.00953925 -0.00530858  0.00536294           0
EndNode2[0]<--->HoM1[0]
REAL
   0.450456  0.00273914  0.00161654      0.4157
 0.00273914   0.0441047 -0.00368376   0.0109314
 0.00161654 -0.00368376   0.0426345  0.00803736
     0.4157   0.0109314  0.00803736    0.462805
IMAGINARY
           0   0.00453337  -0.00398577   0.00493804
 -0.00453337            0 -0.000947863   0.00368384
  0.00398577  0.000947863            0  -0.00272177
 -0.00493804  -0.00368384   0.00272177            0
Repeater1[0]<--->EndNode1[0]
REAL
   0.464502  0.00109647 -0.00914447    0.424346
 0.00109647    0.035801  -0.0019693 -0.00419695
-0.00914447  -0.0019693   0.0406553  -0.0101929
   0.424346 -0.00419695  -0.0101929    0.459041
IMAGINARY
          0 -0.00998694  0.00828691 -0.00953925
 0.00998694           0  0.00413384 -0.00536294
-0.00828691 -0.00413384           0  0.00530858
 0.00953925  0.00536294 -0.00530858           0
Repeater1[0]<--->HoM1[0]
REAL
   0.450456  0.00161654  0.00273914      0.4157
 0.00161654   0.0426345 -0.00368376  0.00803736
 0.00273914 -0.00368376   0.0441047   0.0109314
     0.4157  0.00803736   0.0109314    0.462805
IMAGINARY
           0  -0.00398577   0.00453337   0.00493804
  0.00398577            0  0.000947863  -0.00272177
 -0.00453337 -0.000947863            0   0.00368384
 -0.00493804   0.00272177  -0.00368384            0
EndNode1[0]<--->Repeater1[0]
REAL
   0.456386 -0.00440854  0.00227988    0.414142
-0.00440854   0.0384043 0.000195058  0.00575105
 0.00227988 0.000195058   0.0431676   0.0100599
   0.414142  0.00575105   0.0100599    0.462042
IMAGINARY
          0  0.00719512  -0.0042971  0.00204693
-0.00719512           0 -0.00295602 -0.00460498
  0.0042971  0.00295602           0  0.00882862
-0.00204693  0.00460498 -0.00882862           0
EndNode2[0]<--->HoM1[0]
REAL
   0.451327 -0.00718554  -0.0140597    0.414829
-0.00718554   0.0381446  0.00291147  0.00147192
 -0.0140597  0.00291147   0.0384498  0.00191622
   0.414829  0.00147192  0.00191622    0.472078
IMAGINARY
           0   0.00405778     0.010159 -0.000382985
 -0.00405778            0  -0.00443339  -0.00452046
   -0.010159   0.00443339            0    0.0064573
 0.000382985   0.00452046   -0.0064573            0
Repeater1[0]<--->EndNode1[0]
REAL
   0.456386  0.00227988 -0.00440854    0.414142
 0.00227988   0.0431676 0.000195058   0.0100599
-0.00440854 0.000195058   0.0384043  0.00575105
   0.414142   0.0100599  0.00575105    0.462042
IMAGINARY
          0  -0.0042971  0.00719512  0.00204693
  0.0042971           0  0.00295602  0.00882862
-0.00719512 -0.00295602           0 -0.00460498
-0.00204693 -0.00882862  0.00460498           0
Repeater1[0]<--->HoM1[0]
REAL
   0.451327  -0.0140597 -0.00718554    0.414829
 -0.0140597   0.0384498  0.00291147  0.00191622
-0.00718554  0.00291147   0.0381446  0.00147192
   0.414829  0.00191622  0.00147192    0.472078
IMAGINARY
           0     0.010159   0.00405778 -0.000382985
   -0.010159            0   0.00443339    0.0064573
 -0.00405778  -0.00443339            0  -0.00452046
 0.000382985   -0.0064573   0.00452046            0
EndNode1[0]<--->Repeater1[0]
REAL
   0.463699  0.00759426  0.00300589    0.413429
 0.00759426   0.0376457 -0.00267162  0.00120084
 0.00300589 -0.00267162   0.0415297 -0.00188513
   0.413429  0.00120084 -0.00188513    0.457126
IMAGINARY
           0     0.002688  -0.00952463   0.00971683
   -0.002688            0   -0.0027908  0.000809714
  0.00952463    0.0027908            0   0.00839028
 -0.00971683 -0.000809714  -0.00839028            0
EndNode2[0]<--->HoM1[0]
REAL
   0.463508  0.00314794  0.00164748    0.412424
 0.00314794   0.0444379 -0.00533004 -0.00149906
 0.00164748 -0.00533004   0.0379635    -0.00389
   0.412424 -0.00149906    -0.00389    0.454091
IMAGINARY
           0   0.00272717   -0.0135797  -0.00642644
 -0.00272717            0   -0.0096828 -0.000836077
   0.0135797    0.0096828            0    0.0174549
  0.00642644  0.000836077   -0.0174549            0
Repeater1[0]<--->EndNode1[0]
REAL
   0.463699  0.00300589  0.00759426    0.413429
 0.00300589   0.0415297 -0.00267162 -0.00188513
 0.00759426 -0.00267162   0.0376457  0.00120084
   0.413429 -0.00188513  0.00120084    0.457126
IMAGINARY
           0  -0.00952463     0.002688   0.00971683
  0.00952463            0    0.0027908   0.00839028
   -0.002688   -0.0027908            0  0.000809714
 -0.00971683  -0.00839028 -0.000809714            0
Repeater1[0]<--->HoM1[0]
REAL
   0.463508  0.00164748  0.00314794    0.412424
 0.00164748   0.0379635 -0.00533004    -0.00389
 0.00314794 -0.00533004   0.0444379 -0.00149906
   0.412424    -0.00389 -0.00149906    0.454091
IMAGINARY
           0   -0.0135797   0.00272717  -0.00642644
   0.0135797            0    0.0096828    0.0174549
 -0.00272717   -0.0096828            0 -0.000836077
  0.00642644   -0.0174549  0.000836077            0
EndNode1[0]<--->Repeater1[0]
REAL
   0.458572 -0.00801566 -0.00191578    0.417781
-0.00801566   0.0436879    0.002502 -0.00236529
-0.00191578    0.002502   0.0430853  0.00550607
   0.417781 -0.00236529  0.00550607    0.454655
IMAGINARY
          0  -0.0116168  0.00722612  -0.0026809
  0.0116168           0   0.0109378   0.0028809
-0.00722612  -0.0109378           0   0.0041852
  0.0026809  -0.0028809  -0.0041852           0
EndNode2[0]<--->HoM1[0]
REAL
   0.459237 -0.00285535 -0.00983191    0.418905
-0.00285535   0.0424427 -0.00659841  0.00530107
-0.00983191 -0.00659841   0.0421374 -0.00226011
   0.418905  0.00530107 -0.00226011    0.456183
IMAGINARY
           0     0.014895  -0.00913244   0.00775077
   -0.014895            0  -0.00577087   0.00117209
  0.00913244   0.00577087            0 -0.000326099
 -0.00775077  -0.00117209  0.000326099            0
Repeater1[0]<--->EndNode1[0]
REAL
   0.458572 -0.00191578 -0.00801566    0.417781
-0.00191578   0.0430853    0.002502  0.00550607
-0.00801566    0.002502   0.0436879 -0.00236529
   0.417781  0.00550607 -0.00236529    0.454655
IMAGINARY
          0  0.00722612  -0.0116168  -0.0026809
-0.00722612           0  -0.0109378   0.0041852
  0.0116168   0.0109378           0   0.0028809
  0.0026809  -0.0041852  -0.0028809           0
Repeater1[0]<--->HoM1[0]
REAL
   0.459237 -0.00983191 -0.00285535    0.418905
-0.00983191   0.0421374 -0.00659841 -0.00226011
-0.00285535 -0.00659841   0.0424427  0.00530107
   0.418905 -0.00226011  0.00530107    0.456183
IMAGINARY
           0  -0.00913244     0.014895   0.00775077
  0.00913244            0   0.00577087 -0.000326099
   -0.014895  -0.00577087            0   0.00117209
 -0.00775077  0.000326099  -0.00117209            0
EndNode1[0]<--->Repeater1[0]
REAL
  0.448992 0.00539813  0.0051039   0.419286
0.00539813  0.0397231 0.00329894 0.00784947
 0.0051039 0.00329894  0.0325008 0.00450739
  0.419286 0.00784947 0.00450739   0.478784
IMAGINARY
          0   0.0122794 -0.00987247  0.00487745
 -0.0122794           0  0.00517578 -0.00206467
 0.00987247 -0.00517578           0  0.00147098
-0.00487745  0.00206467 -0.00147098           0
EndNode2[0]<--->HoM1[0]
REAL
   0.467509  0.00370855  0.00263255    0.420965
 0.00370855   0.0406137 0.000166891  0.00278587
 0.00263255 0.000166891   0.0424188   0.0059242
   0.420965  0.00278587   0.0059242    0.449458
IMAGINARY
          0 -0.00347132  -0.0064216  0.00925238
 0.00347132           0 -0.00699945   0.0133744
  0.0064216  0.00699945           0 -0.00106314
-0.00925238  -0.0133744  0.00106314           0
Repeater1[0]<--->EndNode1[0]
REAL
  0.448992  0.0051039 0.00539813   0.419286
 0.0051039  0.0325008 0.00329894 0.00450739
0.00539813 0.00329894  0.0397231 0.00784947
  0.419286 0.00450739 0.00784947   0.478784
IMAGINARY
          0 -0.00987247   0.0122794  0.00487745
 0.00987247           0 -0.00517578  0.00147098
 -0.0122794  0.00517578           0 -0.00206467
-0.00487745 -0.00147098  0.00206467           0
Repeater1[0]<--->HoM1[0]
REAL
   0.467509  0.00263255  0.00370855    0.420965
 0.00263255   0.0424188 0.000166891   0.0059242
 0.00370855 0.000166891   0.0406137  0.00278587
   0.420965   0.0059242  0.00278587    0.449458
IMAGINARY
          0  -0.0064216 -0.00347132  0.00925238
  0.0064216           0  0.00699945 -0.00106314
 0.00347132 -0.00699945           0   0.0133744
-0.00925238  0.00106314  -0.0133744           0
EndNode1[0]<--->Repeater1[0]
REAL
    0.463305   0.00576057   0.00774032     0.416363
  0.00576057    0.0390811   0.00555019 -0.000779065
  0.00774032   0.00555019    0.0420644   0.00301667
    0.416363 -0.000779065   0.00301667     0.455549
IMAGINARY
           0  0.000476426  -0.00457311   0.00884043
-0.000476426            0   0.00694594  -0.00764436
  0.00457311  -0.00694594            0   0.00379969
 -0.00884043   0.00764436  -0.00379969            0
EndNode2[0]<--->HoM1[0]
REAL
   0.464021 -0.00457171 -0.00559726      0.4195
-0.00457171   0.0373112 -0.00318936  0.00289302
-0.00559726 -0.00318936   0.0461948 -0.00211773
     0.4195  0.00289302 -0.00211773    0.452473
IMAGINARY
          0  -0.0043723  0.00944982 -0.00662276
  0.0043723           0   0.0050937 -0.00737636
-0.00944982  -0.0050937           0  0.00377988
 0.00662276  0.00737636 -0.00377988           0
Repeater1[0]<--->EndNode1[0]
REAL
    0.463305   0.00774032   0.00576057     0.416363
  0.00774032    0.0420644   0.00555019   0.00301667
  0.00576057   0.00555019    0.0390811 -0.000779065
    0.416363   0.00301667 -0.000779065     0.455549
IMAGINARY
           0  -0.00457311  0.000476426   0.00884043
  0.00457311            0  -0.00694594   0.00379969
-0.000476426   0.00694594            0  -0.00764436
 -0.00884043  -0.00379969   0.00764436            0
Repeater1[0]<--->HoM1[0]
REAL
   0.464021 -0.00559726 -0.00457171      0.4195
-0.00559726   0.0461948 -0.00318936 -0.00211773
-0.00457171 -0.00318936   0.0373112  0.00289302
     0.4195 -0.00211773  0.00289302    0.452473
IMAGINARY
          0  0.00944982  -0.0043723 -0.00662276
-0.00944982           0  -0.0050937  0.00377988
  0.0043723   0.0050937           0 -0.00737636
 0.00662276 -0.00377988  0.00737636           0
EndNode1[0]<--->Repeater1[0]
REAL
    0.45283 -0.00632685  0.00338511    0.416321
-0.00632685   0.0401318 -0.00276309 -0.00171693
 0.00338511 -0.00276309   0.0395328  0.00951157
   0.416321 -0.00171693  0.00951157    0.467505
IMAGINARY
           0  -0.00641327    0.0106123  0.000294709
  0.00641327            0   0.00362804  -0.00343676
  -0.0106123  -0.00362804            0  -0.00656383
-0.000294709   0.00343676   0.00656383            0
EndNode2[0]<--->HoM1[0]
REAL
   0.470888 0.000824965  0.00494249    0.415656
0.000824965   0.0435174   0.0070278  0.00197689
 0.00494249   0.0070278   0.0384154 0.000378404
   0.415656  0.00197689 0.000378404    0.447179
IMAGINARY
          0 -0.00862652 -0.00127049   -0.006267
 0.00862652           0  0.00897784 -0.00292363
 0.00127049 -0.00897784           0   0.0125211
   0.006267  0.00292363  -0.0125211           0
Repeater1[0]<--->EndNode1[0]
REAL
    0.45283  0.00338511 -0.00632685    0.416321
 0.00338511   0.0395328 -0.00276309  0.00951157
-0.00632685 -0.00276309   0.0401318 -0.00171693
   0.416321  0.00951157 -0.00171693    0.467505
IMAGINARY
           0    0.0106123  -0.00641327  0.000294709
  -0.0106123            0  -0.00362804  -0.00656383
  0.00641327   0.00362804            0  -0.00343676
-0.000294709   0.00656383   0.00343676            0
Repeater1[0]<--->HoM1[0]
REAL
   0.470888  0.00494249 0.000824965    0.415656
 0.00494249   0.0384154   0.0070278 0.000378404
0.000824965   0.0070278   0.0435174  0.00197689
   0.415656 0.000378404  0.00197689    0.447179
IMAGINARY
          0 -0.00127049 -0.00862652   -0.006267
 0.00127049           0 -0.00897784   0.0125211
 0.00862652  0.00897784           0 -0.00292363
   0.006267  -0.0125211  0.00292363           0
EndNode1[0]<--->Repeater1[0]
REAL
   0.467529  -0.0102413  0.00708448    0.418559
 -0.0102413   0.0378833  -0.0072562 -0.00446668
 0.00708448  -0.0072562   0.0402886   0.0091634
   0.418559 -0.00446668   0.0091634    0.454299
IMAGINARY
           0  -0.00336254  -0.00317971   0.00793521
  0.00336254            0  -0.00718961  0.000637084
  0.00317971   0.00718961            0   0.00590516
 -0.00793521 -0.000637084  -0.00590516            0
EndNode2[0]<--->HoM1[0]
REAL
   0.449985 -0.00520208  0.00171133    0.417775
-0.00520208   0.0384952  0.00239289  0.00339072
 0.00171133  0.00239289   0.0382036  0.00670268
   0.417775  0.00339072  0.00670268    0.473316
IMAGINARY
          0  0.00521902 -0.00129526  0.00794868
-0.00521902           0 -0.00365156 -0.00701541
 0.00129526  0.00365156           0  0.00430047
-0.00794868  0.00701541 -0.00430047           0
Repeater1[0]<--->EndNode1[0]
REAL
   0.467529  0.00708448  -0.0102413    0.418559
 0.00708448   0.0402886  -0.0072562   0.0091634
 -0.0102413  -0.0072562   0.0378833 -0.00446668
   0.418559   0.0091634 -0.00446668    0.454299
IMAGINARY
           0  -0.00317971  -0.00336254   0.00793521
  0.00317971            0   0.00718961   0.00590516
  0.00336254  -0.00718961            0  0.000637084
 -0.00793521  -0.00590516 -0.000637084            0
Repeater1[0]<--->HoM1[0]
REAL
   0.449985  0.00171133 -0.00520208    0.417775
 0.00171133   0.0382036  0.00239289  0.00670268
-0.00520208  0.00239289   0.0384952  0.00339072
   0.417775  0.00670268  0.00339072    0.473316
IMAGINARY
          0 -0.00129526  0.00521902  0.00794868
 0.00129526           0  0.00365156  0.00430047
-0.00521902 -0.00365156           0 -0.00701541
-0.00794868 -0.00430047  0.00701541           0
EndNode1[0]<--->Repeater1[0]
REAL
     0.44964  -0.00432408   -0.0151188     0.416765
 -0.00432408    0.0461631 -0.000962218  0.000824109
  -0.0151188 -0.000962218    0.0440647   -0.0105989
    0.416765  0.000824109   -0.0105989     0.460132
IMAGINARY
           0  -0.00636025   0.00516253   0.00297856
  0.00636025            0 -0.000438973   0.00356786
 -0.00516253  0.000438973            0   0.00236498
 -0.00297856  -0.00356786  -0.00236498            0
EndNode2[0]<--->HoM1[0]
REAL
   0.463415 -0.00239717 -0.00644656    0.417896
-0.00239717   0.0434265  0.00305398   -0.001218
-0.00644656  0.00305398   0.0401547 -0.00376454
   0.417896   -0.001218 -0.00376454    0.453004
IMAGINARY
           0 -0.000585478   0.00332644   0.00239369
 0.000585478            0   0.00765359 -0.000589218
 -0.00332644  -0.00765359            0  -0.00276002
 -0.00239369  0.000589218   0.00276002            0
Repeater1[0]<--->EndNode1[0]
REAL
     0.44964   -0.0151188  -0.00432408     0.416765
  -0.0151188    0.0440647 -0.000962218   -0.0105989
 -0.00432408 -0.000962218    0.0461631  0.000824109
    0.416765   -0.0105989  0.000824109     0.460132
IMAGINARY
           0   0.00516253  -0.00636025   0.00297856
 -0.00516253            0  0.000438973   0.00236498
  0.00636025 -0.000438973            0   0.00356786
 -0.00297856  -0.00236498  -0.00356786            0
Repeater1[0]<--->HoM1[0]
REAL
   0.463415 -0.00644656 -0.00239717    0.417896
-0.00644656   0.0401547  0.00305398 -0.00376454
-0.00239717  0.00305398   0.0434265   -0.001218
   0.417896 -0.00376454   -0.001218    0.453004
IMAGINARY
           0   0.00332644 -0.000585478   0.00239369
 -0.00332644            0  -0.00765359  -0.00276002
 0.000585478   0.00765359            0 -0.000589218
 -0.00239369   0.00276002  0.000589218            0
EndNode1[0]<--->Repeater1[0]
REAL
   0.463653 0.000265816 -0.00170315    0.420233
0.000265816   0.0403177 -0.00151941  0.00111835
-0.00170315 -0.00151941   0.0375687  0.00265816
   0.420233  0.00111835  0.00265816    0.458461
IMAGINARY
          0  0.00138874  0.00526379 -0.00345073
-0.00138874           0  0.00435708 -0.00858705
-0.00526379 -0.00435708           0  0.00525779
 0.00345073  0.00858705 -0.00525779           0
EndNode2[0]<--->HoM1[0]
REAL
   0.466249 -0.00378167   0.0116296    0.418515
-0.00378167   0.0373357  0.00127767 -0.00171805
  0.0116296  0.00127767   0.0430108   0.0133883
   0.418515 -0.00171805   0.0133883    0.453405
IMAGINARY
           0  0.000306369  -0.00368012   0.00952155
-0.000306369            0   0.00134469   0.00234044
  0.00368012  -0.00134469            0   0.00162873
 -0.00952155  -0.00234044  -0.00162873            0
Repeater1[0]<--->EndNode1[0]
REAL
   0.463653 -0.00170315 0.000265816    0.420233
-0.00170315   0.0375687 -0.00151941  0.00265816
0.000265816 -0.00151941   0.0403177  0.00111835
   0.420233  0.00265816  0.00111835    0.458461
IMAGINARY
          0  0.00526379  0.00138874 -0.00345073
-0.00526379           0 -0.00435708  0.00525779
-0.00138874  0.00435708           0 -0.00858705
 0.00345073 -0.00525779  0.00858705           0
Repeater1[0]<--->HoM1[0]
REAL
   0.466249   0.0116296 -0.00378167    0.418515
  0.0116296   0.0430108  0.00127767   0.0133883
-0.00378167  0.00127767   0.0373357 -0.00171805
   0.418515   0.0133883 -0.00171805    0.453405
IMAGINARY
           0  -0.00368012  0.000306369   0.00952155
  0.00368012            0  -0.00134469   0.00162873
-0.000306369   0.00134469            0   0.00234044
 -0.00952155  -0.00162873  -0.00234044            0
EndNode1[0]<--->Repeater1[0]
REAL
   0.455607  0.00586295 -0.00200913    0.414808
 0.00586295   0.0408602  0.00268391   0.0066596
-0.00200913  0.00268391   0.0396313  0.00328797
   0.414808   0.0066596  0.00328797    0.463902
IMAGINARY
          0  0.00434465  0.00971965  -0.0064845
-0.00434465           0 -0.00287657 -0.00688974
-0.00971965  0.00287657           0 -0.00628091
  0.0064845  0.00688974  0.00628091           0
EndNode2[0]<--->HoM1[0]
REAL
    0.460018   0.00262021 -5.85194e-05     0.416734
  0.00262021    0.0401338  -0.00314641  -0.00351717
-5.85194e-05  -0.00314641      0.04135   0.00929875
    0.416734  -0.00351717   0.00929875     0.458498
IMAGINARY
           0   0.00318858  0.000788953   0.00326031
 -0.00318858            0   0.00310912  -0.00990704
-0.000788953  -0.00310912            0   0.00473369
 -0.00326031   0.00990704  -0.00473369            0
Repeater1[0]<--->EndNode1[0]
REAL
   0.455607 -0.00200913  0.00586295    0.414808
-0.00200913   0.0396313  0.00268391  0.00328797
 0.00586295  0.00268391   0.0408602   0.0066596
   0.414808  0.00328797   0.0066596    0.463902
IMAGINARY
          0  0.00971965  0.00434465  -0.0064845
-0.00971965           0  0.00287657 -0.00628091
-0.00434465 -0.00287657           0 -0.00688974
  0.0064845  0.00628091  0.00688974           0
Repeater1[0]<--->HoM1[0]
REAL
    0.460018 -5.85194e-05   0.00262021     0.416734
-5.85194e-05      0.04135  -0.00314641   0.00929875
  0.00262021  -0.00314641    0.0401338  -0.00351717
    0.416734   0.00929875  -0.00351717     0.458498
IMAGINARY
