EndNode1[0]<--->Repeater1[0]
REAL
    0.457481 -0.000782458  -0.00189197     0.428495
-0.000782458    0.0379259  0.000396434     0.013096
 -0.00189197  0.000396434    0.0334815   0.00362082
    0.428495     0.013096   0.00362082     0.471111
IMAGINARY
          0  0.00450456  0.00119525  0.00462663
-0.00450456           0  -0.0037295 -0.00330115
-0.00119525   0.0037295           0  0.00271565
-0.00462663  0.00330115 -0.00271565           0
EndNode2[0]<--->HoM1[0]
REAL
   0.462745 -0.00153334  0.00333074    0.424699
-0.00153334   0.0386124  0.00549838  -0.0114194
 0.00333074  0.00549838   0.0295626  -0.0086524
   0.424699  -0.0114194  -0.0086524     0.46908
IMAGINARY
          0  0.00230083 -0.00254957 -0.00498697
-0.00230083           0 -0.00529619  0.00314587
 0.00254957  0.00529619           0  0.00157514
 0.00498697 -0.00314587 -0.00157514           0
Repeater1[0]<--->EndNode1[0]
REAL
    0.457481  -0.00189197 -0.000782458     0.428495
 -0.00189197    0.0334815  0.000396434   0.00362082
-0.000782458  0.000396434    0.0379259     0.013096
    0.428495   0.00362082     0.013096     0.471111
IMAGINARY
          0  0.00119525  0.00450456  0.00462663
-0.00119525           0   0.0037295  0.00271565
-0.00450456  -0.0037295           0 -0.00330115
-0.00462663 -0.00271565  0.00330115           0
Repeater1[0]<--->HoM1[0]
REAL
   0.462745  0.00333074 -0.00153334    0.424699
 0.00333074   0.0295626  0.00549838  -0.0086524
-0.00153334  0.00549838   0.0386124  -0.0114194
   0.424699  -0.0086524  -0.0114194     0.46908
IMAGINARY
          0 -0.00254957  0.00230083 -0.00498697
 0.00254957           0  0.00529619  0.00157514
-0.00230083 -0.00529619           0  0.00314587
 0.00498697 -0.00157514 -0.00314587           0
EndNode1[0]<--->Repeater1[0]
REAL
   0.467075 0.000376186  0.00403603    0.428672
0.000376186   0.0330781  0.00435713   0.0073795
 0.00403603  0.00435713   0.0385911   0.0134747
   0.428672   0.0073795   0.0134747    0.461256
IMAGINARY
           0  0.000661634 -0.000894733 -0.000216434
-0.000661634            0 -0.000512642   0.00864205
 0.000894733  0.000512642            0  -0.00244948
 0.000216434  -0.00864205   0.00244948            0
EndNode2[0]<--->HoM1[0]
REAL
   0.467867 -0.00399195  0.00257128    0.431743
-0.00399195   0.0332195  0.00253984 -0.00504293
 0.00257128  0.00253984   0.0378764 -0.00429535
   0.431743 -0.00504293 -0.00429535    0.461037
IMAGINARY
           0  -0.00532358   0.00683601   -0.0176407
  0.00532358            0   0.00248034  0.000833608
 -0.00683601  -0.00248034            0  -0.00470592
   0.0176407 -0.000833608   0.00470592            0
Repeater1[0]<--->EndNode1[0]
REAL
   0.467075  0.00403603 0.000376186    0.428672
 0.00403603   0.0385911  0.00435713   0.0134747
0.000376186  0.00435713   0.0330781   0.0073795
   0.428672   0.0134747   0.0073795    0.461256
IMAGINARY
           0 -0.000894733  0.000661634 -0.000216434
 0.000894733            0  0.000512642  -0.00244948
-0.000661634 -0.000512642            0   0.00864205
 0.000216434   0.00244948  -0.00864205            0
Repeater1[0]<--->HoM1[0]
REAL
   0.467867  0.00257128 -0.00399195    0.431743
 0.00257128   0.0378764  0.00253984 -0.00429535
-0.00399195  0.00253984   0.0332195 -0.00504293
   0.431743 -0.00429535 -0.00504293    0.461037
IMAGINARY
           0   0.00683601  -0.00532358   -0.0176407
 -0.00683601            0  -0.00248034  -0.00470592
  0.00532358   0.00248034            0  0.000833608
   0.0176407   0.00470592 -0.000833608            0
EndNode1[0]<--->Repeater1[0]
REAL
   0.460067  0.00871028  0.00700419     0.43083
 0.00871028   0.0388703 0.000131402  0.00520563
 0.00700419 0.000131402   0.0361373  0.00380103
    0.43083  0.00520563  0.00380103    0.464926
IMAGINARY
           0 -0.000951127   0.00106897   0.00490834
 0.000951127            0  -0.00355087   0.00497644
 -0.00106897   0.00355087            0   -0.0118769
 -0.00490834  -0.00497644    0.0118769            0
EndNode2[0]<--->HoM1[0]
REAL
   0.468713 -0.00590819  0.00723011    0.424361
-0.00590819   0.0357143  0.00330009 -0.00352421
 0.00723011  0.00330009   0.0321724   0.0084282
   0.424361 -0.00352421   0.0084282      0.4634
IMAGINARY
          0  -0.0016563  0.00159721  0.00101503
  0.0016563           0 -0.00396836   0.0022126
-0.00159721  0.00396836           0  0.00119912
-0.00101503  -0.0022126 -0.00119912           0
Repeater1[0]<--->EndNode1[0]
REAL
   0.460067  0.00700419  0.00871028     0.43083
 0.00700419   0.0361373 0.000131402  0.00380103
 0.00871028 0.000131402   0.0388703  0.00520563
    0.43083  0.00380103  0.00520563    0.464926
IMAGINARY
           0   0.00106897 -0.000951127   0.00490834
 -0.00106897            0   0.00355087   -0.0118769
 0.000951127  -0.00355087            0   0.00497644
 -0.00490834    0.0118769  -0.00497644            0
Repeater1[0]<--->HoM1[0]
REAL
   0.468713  0.00723011 -0.00590819    0.424361
 0.00723011   0.0321724  0.00330009   0.0084282
-0.00590819  0.00330009   0.0357143 -0.00352421
   0.424361   0.0084282 -0.00352421      0.4634
IMAGINARY
          0  0.00159721  -0.0016563  0.00101503
-0.00159721           0  0.00396836  0.00119912
  0.0016563 -0.00396836           0   0.0022126
-0.00101503 -0.00119912  -0.0022126           0
EndNode1[0]<--->Repeater1[0]
REAL
    0.46687 -0.00204046  0.00413734    0.427114
-0.00204046   0.0287023   0.0011774 -0.00428799
 0.00413734   0.0011774   0.0363359 8.20386e-05
   0.427114 -0.00428799 8.20386e-05    0.468092
IMAGINARY
           0   0.00610168 -0.000981509  0.000972689
 -0.00610168            0  8.24813e-05  -0.00329704
 0.000981509 -8.24813e-05            0   -0.0032985
-0.000972689   0.00329704    0.0032985            0
EndNode2[0]<--->HoM1[0]
REAL
   0.464759 -0.00960427 -0.00201253    0.429128
-0.00960427   0.0301205  -0.0022684  -0.0105873
-0.00201253  -0.0022684   0.0349398 -0.00176635
   0.429128  -0.0105873 -0.00176635    0.470181
IMAGINARY
           0  0.000923365   -0.0058364   -0.0030675
-0.000923365            0   0.00733346  -0.00764472
   0.0058364  -0.00733346            0   0.00806405
   0.0030675   0.00764472  -0.00806405            0
Repeater1[0]<--->EndNode1[0]
REAL
    0.46687  0.00413734 -0.00204046    0.427114
 0.00413734   0.0363359   0.0011774 8.20386e-05
-0.00204046   0.0011774   0.0287023 -0.00428799
   0.427114 8.20386e-05 -0.00428799    0.468092
IMAGINARY
           0 -0.000981509   0.00610168  0.000972689
 0.000981509            0 -8.24813e-05   -0.0032985
 -0.00610168  8.24813e-05            0  -0.00329704
-0.000972689    0.0032985   0.00329704            0
Repeater1[0]<--->HoM1[0]
REAL
   0.464759 -0.00201253 -0.00960427    0.429128
-0.00201253   0.0349398  -0.0022684 -0.00176635
-0.00960427  -0.0022684   0.0301205  -0.0105873
   0.429128 -0.00176635  -0.0105873    0.470181
IMAGINARY
           0   -0.0058364  0.000923365   -0.0030675
   0.0058364            0  -0.00733346   0.00806405
-0.000923365   0.00733346            0  -0.00764472
   0.0030675  -0.00806405   0.00764472            0
EndNode1[0]<--->Repeater1[0]
REAL
   0.464103  0.00120853  -0.0073915    0.427682
 0.00120853   0.0357465 -0.00462875 0.000849439
 -0.0073915 -0.00462875   0.0402523 3.75729e-05
   0.427682 0.000849439 3.75729e-05    0.459898
IMAGINARY
          0   0.0108886  -0.0030508  0.00278429
 -0.0108886           0  0.00115272  0.00335164
  0.0030508 -0.00115272           0 -0.00848186
-0.00278429 -0.00335164  0.00848186           0
EndNode2[0]<--->HoM1[0]
REAL
   0.472098 -0.00181768 -0.00627852    0.430053
-0.00181768   0.0307371  0.00477494 -0.00463329
-0.00627852  0.00477494   0.0370039 -0.00849622
   0.430053 -0.00463329 -0.00849622    0.460161
IMAGINARY
          0 -0.00302319  -0.0035455 -0.00338177
 0.00302319           0   0.0113644 -0.00710633
  0.0035455  -0.0113644           0  0.00699775
 0.00338177  0.00710633 -0.00699775           0
Repeater1[0]<--->EndNode1[0]
REAL
   0.464103  -0.0073915  0.00120853    0.427682
 -0.0073915   0.0402523 -0.00462875 3.75729e-05
 0.00120853 -0.00462875   0.0357465 0.000849439
   0.427682 3.75729e-05 0.000849439    0.459898
IMAGINARY
          0  -0.0030508   0.0108886  0.00278429
  0.0030508           0 -0.00115272 -0.00848186
 -0.0108886  0.00115272           0  0.00335164
-0.00278429  0.00848186 -0.00335164           0
Repeater1[0]<--->HoM1[0]
REAL
   0.472098 -0.00627852 -0.00181768    0.430053
-0.00627852   0.0370039  0.00477494 -0.00849622
-0.00181768  0.00477494   0.0307371 -0.00463329
   0.430053 -0.00849622 -0.00463329    0.460161
IMAGINARY
          0  -0.0035455 -0.00302319 -0.00338177
  0.0035455           0  -0.0113644  0.00699775
 0.00302319   0.0113644           0 -0.00710633
 0.00338177 -0.00699775  0.00710633           0
EndNode1[0]<--->Repeater1[0]
REAL
   0.456378 -0.00317356  0.00335882    0.430257
-0.00317356   0.0376053  0.00198819 -0.00197293
 0.00335882  0.00198819   0.0294826  0.00147969
   0.430257 -0.00197293  0.00147969    0.476534
IMAGINARY
          0  0.00070724 -0.00305665  0.00472822
-0.00070724           0  -0.0118044  0.00033268
 0.00305665   0.0118044           0   0.0047407
-0.00472822 -0.00033268  -0.0047407           0
EndNode2[0]<--->HoM1[0]
REAL
   0.456044  -0.0122807 -0.00160081    0.425487
 -0.0122807   0.0369353  0.00340486  -0.0143837
-0.00160081  0.00340486    0.039072  0.00167418
   0.425487  -0.0143837  0.00167418    0.467949
IMAGINARY
          0  0.00792554  0.00367997  0.00396574
-0.00792554           0  -0.0069526  0.00414193
-0.00367997   0.0069526           0  -0.0076247
-0.00396574 -0.00414193   0.0076247           0
Repeater1[0]<--->EndNode1[0]
REAL
   0.456378  0.00335882 -0.00317356    0.430257
 0.00335882   0.0294826  0.00198819  0.00147969
-0.00317356  0.00198819   0.0376053 -0.00197293
   0.430257  0.00147969 -0.00197293    0.476534
IMAGINARY
          0 -0.00305665  0.00070724  0.00472822
 0.00305665           0   0.0118044   0.0047407
-0.00070724  -0.0118044           0  0.00033268
-0.00472822  -0.0047407 -0.00033268           0
Repeater1[0]<--->HoM1[0]
REAL
   0.456044 -0.00160081  -0.0122807    0.425487
-0.00160081    0.039072  0.00340486  0.00167418
 -0.0122807  0.00340486   0.0369353  -0.0143837
   0.425487  0.00167418  -0.0143837    0.467949
IMAGINARY
          0  0.00367997  0.00792554  0.00396574
-0.00367997           0   0.0069526  -0.0076247
-0.00792554  -0.0069526           0  0.00414193
-0.00396574   0.0076247 -0.00414193           0
EndNode1[0]<--->Repeater1[0]
REAL
    0.477556   -0.0076132  -0.00312146     0.431208
  -0.0076132    0.0324356  0.000152619  -0.00131641
 -0.00312146  0.000152619      0.03649 -0.000966678
    0.431208  -0.00131641 -0.000966678     0.453519
IMAGINARY
           0  -0.00594266   -0.0031451 -0.000561546
  0.00594266            0  -0.00563314  -0.00685797
   0.0031451   0.00563314            0   0.00855885
 0.000561546   0.00685797  -0.00855885            0
EndNode2[0]<--->HoM1[0]
REAL
    0.478274    0.0116025 -0.000439346     0.428821
   0.0116025    0.0292698  -0.00623627   0.00181088
-0.000439346  -0.00623627    0.0334943  -0.00535441
    0.428821   0.00181088  -0.00535441     0.458962
IMAGINARY
           0  -0.00259822  -0.00108263   0.00236885
  0.00259822            0  0.000581005   0.00619388
  0.00108263 -0.000581005            0   -0.0109315
 -0.00236885  -0.00619388    0.0109315            0
Repeater1[0]<--->EndNode1[0]
REAL
    0.477556  -0.00312146   -0.0076132     0.431208
 -0.00312146      0.03649  0.000152619 -0.000966678
  -0.0076132  0.000152619    0.0324356  -0.00131641
    0.431208 -0.000966678  -0.00131641     0.453519
IMAGINARY
           0   -0.0031451  -0.00594266 -0.000561546
   0.0031451            0   0.00563314   0.00855885
  0.00594266  -0.00563314            0  -0.00685797
 0.000561546  -0.00855885   0.00685797            0
Repeater1[0]<--->HoM1[0]
REAL
    0.478274 -0.000439346    0.0116025     0.428821
-0.000439346    0.0334943  -0.00623627  -0.00535441
   0.0116025  -0.00623627    0.0292698   0.00181088
    0.428821  -0.00535441   0.00181088     0.458962
IMAGINARY
           0  -0.00108263  -0.00259822   0.00236885
  0.00108263            0 -0.000581005   -0.0109315
  0.00259822  0.000581005            0   0.00619388
 -0.00236885    0.0109315  -0.00619388            0
EndNode1[0]<--->Repeater1[0]
REAL
  0.458092 0.00304988 -0.0017368    0.42401
0.00304988  0.0346821 0.00487036 0.00575659
-0.0017368 0.00487036  0.0390173 0.00468048
   0.42401 0.00575659 0.00468048   0.468208
IMAGINARY
          0 -0.00486964 -0.00401841  -0.0074668
 0.00486964           0  0.00284407 -0.00112999
 0.00401841 -0.00284407           0  0.00486964
  0.0074668  0.00112999 -0.00486964           0
EndNode2[0]<--->HoM1[0]
REAL
    0.461397 -0.000702363   0.00499038     0.433161
-0.000702363    0.0364583  -0.00039015 -0.000317479
  0.00499038  -0.00039015    0.0367647   0.00567674
    0.433161 -0.000317479   0.00567674      0.46538
IMAGINARY
           0   0.00109576  0.000987082   0.00171405
 -0.00109576            0  -0.00824611   0.00598414
-0.000987082   0.00824611            0 -0.000947438
 -0.00171405  -0.00598414  0.000947438            0
Repeater1[0]<--->EndNode1[0]
REAL
  0.458092 -0.0017368 0.00304988    0.42401
-0.0017368  0.0390173 0.00487036 0.00468048
0.00304988 0.00487036  0.0346821 0.00575659
   0.42401 0.00468048 0.00575659   0.468208
IMAGINARY
          0 -0.00401841 -0.00486964  -0.0074668
 0.00401841           0 -0.00284407  0.00486964
 0.00486964  0.00284407           0 -0.00112999
  0.0074668 -0.00486964  0.00112999           0
Repeater1[0]<--->HoM1[0]
REAL
    0.461397   0.00499038 -0.000702363     0.433161
  0.00499038    0.0367647  -0.00039015   0.00567674
-0.000702363  -0.00039015    0.0364583 -0.000317479
    0.433161   0.00567674 -0.000317479      0.46538
IMAGINARY
           0  0.000987082   0.00109576   0.00171405
-0.000987082            0   0.00824611 -0.000947438
 -0.00109576  -0.00824611            0   0.00598414
 -0.00171405  0.000947438  -0.00598414            0
EndNode1[0]<--->Repeater1[0]
REAL
   0.464394  0.00718384 0.000142498    0.433718
 0.00718384   0.0380402  0.00402139 -0.00412597
0.000142498  0.00402139   0.0322581  -0.0126427
   0.433718 -0.00412597  -0.0126427    0.465307
IMAGINARY
          0  0.00528729  0.00071069  0.00804123
-0.00528729           0  0.00172733  -0.0098016
-0.00071069 -0.00172733           0  0.00380361
-0.00804123   0.0098016 -0.00380361           0
EndNode2[0]<--->HoM1[0]
REAL
   0.474612  -0.0120038  -0.0110196    0.427562
 -0.0120038   0.0322581 -0.00125261  0.00127543
 -0.0110196 -0.00125261   0.0322581 0.000432533
   0.427562  0.00127543 0.000432533    0.460872
IMAGINARY
          0 -0.00453048   0.0051884 -0.00647002
 0.00453048           0  0.00256612 -0.00162913
 -0.0051884 -0.00256612           0  0.00839925
 0.00647002  0.00162913 -0.00839925           0
Repeater1[0]<--->EndNode1[0]
REAL
   0.464394 0.000142498  0.00718384    0.433718
0.000142498   0.0322581  0.00402139  -0.0126427
 0.00718384  0.00402139   0.0380402 -0.00412597
   0.433718  -0.0126427 -0.00412597    0.465307
IMAGINARY
          0  0.00071069  0.00528729  0.00804123
-0.00071069           0 -0.00172733  0.00380361
-0.00528729  0.00172733           0  -0.0098016
-0.00804123 -0.00380361   0.0098016           0
Repeater1[0]<--->HoM1[0]
REAL
   0.474612  -0.0110196  -0.0120038    0.427562
 -0.0110196   0.0322581 -0.00125261 0.000432533
 -0.0120038 -0.00125261   0.0322581  0.00127543
   0.427562 0.000432533  0.00127543    0.460872
IMAGINARY
          0   0.0051884 -0.00453048 -0.00647002
 -0.0051884           0 -0.00256612  0.00839925
 0.00453048  0.00256612           0 -0.00162913
 0.00647002 -0.00839925  0.00162913           0
EndNode1[0]<--->Repeater1[0]
REAL
     0.45576  0.000573025  -0.00627419     0.430319
 0.000573025    0.0368171   0.00129018 -0.000713622
 -0.00627419   0.00129018    0.0397862  -0.00637142
    0.430319 -0.000713622  -0.00637142     0.467637
IMAGINARY
          0  0.00203288 -0.00400691  0.00263323
-0.00203288           0 -0.00869653   -0.010157
 0.00400691  0.00869653           0   0.0130448
-0.00263323    0.010157  -0.0130448           0
EndNode2[0]<--->HoM1[0]
REAL
   0.467051  -0.0121289 -0.00665075    0.433919
 -0.0121289   0.0376556 -0.00187711 -0.00303629
-0.00665075 -0.00187711   0.0343152  0.00124957
   0.433919 -0.00303629  0.00124957    0.460978
IMAGINARY
           0  -0.00945708  0.000290507   -0.0108524
  0.00945708            0  -0.00994932   0.00513312
-0.000290507   0.00994932            0   0.00432662
   0.0108524  -0.00513312  -0.00432662            0
Repeater1[0]<--->EndNode1[0]
REAL
     0.45576  -0.00627419  0.000573025     0.430319
 -0.00627419    0.0397862   0.00129018  -0.00637142
 0.000573025   0.00129018    0.0368171 -0.000713622
    0.430319  -0.00637142 -0.000713622     0.467637
IMAGINARY
          0 -0.00400691  0.00203288  0.00263323
 0.00400691           0  0.00869653   0.0130448
-0.00203288 -0.00869653           0   -0.010157
-0.00263323  -0.0130448    0.010157           0
Repeater1[0]<--->HoM1[0]
REAL
   0.467051 -0.00665075  -0.0121289    0.433919
-0.00665075   0.0343152 -0.00187711  0.00124957
 -0.0121289 -0.00187711   0.0376556 -0.00303629
   0.433919  0.00124957 -0.00303629    0.460978
IMAGINARY
           0  0.000290507  -0.00945708   -0.0108524
-0.000290507            0   0.00994932   0.00432662
  0.00945708  -0.00994932            0   0.00513312
   0.0108524  -0.00432662  -0.00513312            0
EndNode1[0]<--->Repeater1[0]
REAL
    0.470389  -0.00370891 -0.000823154     0.431076
 -0.00370891    0.0363973   0.00117346  -0.00444634
-0.000823154   0.00117346    0.0311536 -5.50121e-05
    0.431076  -0.00444634 -5.50121e-05      0.46206
IMAGINARY
          0   0.0102598  -0.0054787  -0.0117855
 -0.0102598           0  0.00357883  0.00296465
  0.0054787 -0.00357883           0 -0.00685841
  0.0117855 -0.00296465  0.00685841           0
EndNode2[0]<--->HoM1[0]
REAL
   0.461123  0.00714335  0.00167799    0.431086
 0.00714335   0.0351246 -0.00304363  0.00409637
 0.00167799 -0.00304363    0.035725 -0.00225736
   0.431086  0.00409637 -0.00225736    0.468028
IMAGINARY
          0  0.00316938  -0.0114289 -0.00528507
-0.00316938           0  0.00454257 -0.00388971
  0.0114289 -0.00454257           0   0.0142939
 0.00528507  0.00388971  -0.0142939           0
Repeater1[0]<--->EndNode1[0]
REAL
    0.470389 -0.000823154  -0.00370891     0.431076
-0.000823154    0.0311536   0.00117346 -5.50121e-05
 -0.00370891   0.00117346    0.0363973  -0.00444634
    0.431076 -5.50121e-05  -0.00444634      0.46206
IMAGINARY
          0  -0.0054787   0.0102598  -0.0117855
  0.0054787           0 -0.00357883 -0.00685841
 -0.0102598  0.00357883           0  0.00296465
  0.0117855  0.00685841 -0.00296465           0
Repeater1[0]<--->HoM1[0]
REAL
   0.461123  0.00167799  0.00714335    0.431086
 0.00167799    0.035725 -0.00304363 -0.00225736
 0.00714335 -0.00304363   0.0351246  0.00409637
   0.431086 -0.00225736  0.00409637    0.468028
IMAGINARY
          0  -0.0114289  0.00316938 -0.00528507
  0.0114289           0 -0.00454257   0.0142939
-0.00316938  0.00454257           0 -0.00388971
 0.00528507  -0.0142939  0.00388971           0
EndNode1[0]<--->Repeater1[0]
REAL
    0.45696 -0.00309015  0.00226294    0.428563
-0.00309015   0.0409035  0.00393806  -0.0050878
 0.00226294  0.00393806    0.034188 -0.00538443
   0.428563  -0.0050878 -0.00538443    0.467949
IMAGINARY
          0   0.0044382 -0.00598513  -0.0098433
 -0.0044382           0   0.0076105 -0.00212298
 0.00598513  -0.0076105           0  0.00276901
  0.0098433  0.00212298 -0.00276901           0
EndNode2[0]<--->HoM1[0]
REAL
  0.466787 0.00358516 0.00588078   0.427397
0.00358516  0.0332126 0.00465655 0.00813506
0.00588078 0.00465655  0.0416667 0.00829784
  0.427397 0.00813506 0.00829784   0.458333
IMAGINARY
           0  -0.00521037  -0.00216761  -0.00372131
  0.00521037            0  -0.00554612   0.00508306
  0.00216761   0.00554612            0  0.000254106
  0.00372131  -0.00508306 -0.000254106            0
Repeater1[0]<--->EndNode1[0]
REAL
    0.45696  0.00226294 -0.00309015    0.428563
 0.00226294    0.034188  0.00393806 -0.00538443
-0.00309015  0.00393806   0.0409035  -0.0050878
   0.428563 -0.00538443  -0.0050878    0.467949
IMAGINARY
          0 -0.00598513   0.0044382  -0.0098433
 0.00598513           0  -0.0076105  0.00276901
 -0.0044382   0.0076105           0 -0.00212298
  0.0098433 -0.00276901  0.00212298           0
Repeater1[0]<--->HoM1[0]
REAL
  0.466787 0.00588078 0.00358516   0.427397
0.00588078  0.0416667 0.00465655 0.00829784
0.00358516 0.00465655  0.0332126 0.00813506
  0.427397 0.00829784 0.00813506   0.458333
IMAGINARY
           0  -0.00216761  -0.00521037  -0.00372131
  0.00216761            0   0.00554612  0.000254106
  0.00521037  -0.00554612            0   0.00508306
  0.00372131 -0.000254106  -0.00508306            0
EndNode1[0]<--->Repeater1[0]
REAL
   0.461243  0.00279376 -0.00268355    0.429553
 0.00279376   0.0328402  0.00144044 -0.00415761
-0.00268355  0.00144044   0.0363905 -0.00487586
   0.429553 -0.00415761 -0.00487586    0.469527
IMAGINARY
          0 -0.00389314 -0.00267417  0.00243676
 0.00389314           0  0.00510738  0.00313303
 0.00267417 -0.00510738           0  0.00129295
-0.00243676 -0.00313303 -0.00129295           0
EndNode2[0]<--->HoM1[0]
REAL
   0.463592   0.0040513  0.00273255    0.430033
  0.0040513   0.0376214 -0.00465977 0.000632973
 0.00273255 -0.00465977   0.0364078 0.000777494
   0.430033 0.000632973 0.000777494    0.462379
IMAGINARY
          0   0.0116172  -0.0064157 -0.00146338
 -0.0116172           0   0.0058348  -0.0122013
  0.0064157  -0.0058348           0  0.00315824
 0.00146338   0.0122013 -0.00315824           0
Repeater1[0]<--->EndNode1[0]
REAL
   0.461243 -0.00268355  0.00279376    0.429553
-0.00268355   0.0363905  0.00144044 -0.00487586
 0.00279376  0.00144044   0.0328402 -0.00415761
   0.429553 -0.00487586 -0.00415761    0.469527
IMAGINARY
          0 -0.00267417 -0.00389314  0.00243676
 0.00267417           0 -0.00510738  0.00129295
 0.00389314  0.00510738           0  0.00313303
-0.00243676 -0.00129295 -0.00313303           0
Repeater1[0]<--->HoM1[0]
REAL
   0.463592  0.00273255   0.0040513    0.430033
 0.00273255   0.0364078 -0.00465977 0.000777494
  0.0040513 -0.00465977   0.0376214 0.000632973
   0.430033 0.000777494 0.000632973    0.462379
IMAGINARY
          0  -0.0064157   0.0116172 -0.00146338
  0.0064157           0  -0.0058348  0.00315824
 -0.0116172   0.0058348           0  -0.0122013
 0.00146338 -0.00315824   0.0122013           0
EndNode1[0]<--->Repeater1[0]
REAL
   0.463794 0.000979775 -0.00748415    0.431309
0.000979775   0.0348871  0.00014235  0.00903502
-0.00748415  0.00014235   0.0299033 -0.00222047
   0.431309  0.00903502 -0.00222047    0.471416
IMAGINARY
          0  0.00456363  0.00431722  0.00365959
-0.00456363           0   0.0105915  0.00617022
-0.00431722  -0.0105915           0  -0.0112106
-0.00365959 -0.00617022   0.0112106           0
EndNode2[0]<--->HoM1[0]
REAL
  0.468362 -0.0105501 -0.0138194   0.430732
-0.0105501  0.0301597 0.00469463 0.00137864
-0.0138194 0.00469463  0.0416913 -0.0024831
  0.430732 0.00137864 -0.0024831   0.459787
IMAGINARY
          0  0.00088646 -0.00913478  0.00850175
-0.00088646           0   0.0015615  0.00642883
 0.00913478  -0.0015615           0 -0.00659903
-0.00850175 -0.00642883  0.00659903           0
Repeater1[0]<--->EndNode1[0]
REAL
   0.463794 -0.00748415 0.000979775    0.431309
-0.00748415   0.0299033  0.00014235 -0.00222047
0.000979775  0.00014235   0.0348871  0.00903502
   0.431309 -0.00222047  0.00903502    0.471416
IMAGINARY
          0  0.00431722  0.00456363  0.00365959
-0.00431722           0  -0.0105915  -0.0112106
-0.00456363   0.0105915           0  0.00617022
-0.00365959   0.0112106 -0.00617022           0
Repeater1[0]<--->HoM1[0]
REAL
  0.468362 -0.0138194 -0.0105501   0.430732
-0.0138194  0.0416913 0.00469463 -0.0024831
-0.0105501 0.00469463  0.0301597 0.00137864
  0.430732 -0.0024831 0.00137864   0.459787
IMAGINARY
          0 -0.00913478  0.00088646  0.00850175
 0.00913478           0  -0.0015615 -0.00659903
-0.00088646   0.0015615           0  0.00642883
-0.00850175  0.00659903 -0.00642883           0
EndNode1[0]<--->Repeater1[0]
REAL
    0.458631 -0.000582311 -0.000484785     0.432792
-0.000582311    0.0342262  -0.00465176   0.00440991
-0.000484785  -0.00465176    0.0324405   0.00813062
    0.432792   0.00440991   0.00813062     0.474702
IMAGINARY
          0  0.00117658   -0.012583 -0.00439618
-0.00117658           0  -0.0128657  0.00310931
   0.012583   0.0128657           0  0.00649259
 0.00439618 -0.00310931 -0.00649259           0
EndNode2[0]<--->HoM1[0]
REAL
   0.463139 -0.00254162 -0.00897523    0.426868
-0.00254162   0.0275314  0.00587841  0.00618521
-0.00897523  0.00587841   0.0364026  0.00122004
   0.426868  0.00618521  0.00122004    0.472928
IMAGINARY
           0   0.00225867   0.00110225  -0.00168524
 -0.00225867            0  0.000937408   0.00553225
 -0.00110225 -0.000937408            0  -0.00286181
  0.00168524  -0.00553225   0.00286181            0
Repeater1[0]<--->EndNode1[0]
REAL
    0.458631 -0.000484785 -0.000582311     0.432792
-0.000484785    0.0324405  -0.00465176   0.00813062
-0.000582311  -0.00465176    0.0342262   0.00440991
    0.432792   0.00813062   0.00440991     0.474702
IMAGINARY
          0   -0.012583  0.00117658 -0.00439618
   0.012583           0   0.0128657  0.00649259
-0.00117658  -0.0128657           0  0.00310931
 0.00439618 -0.00649259 -0.00310931           0
Repeater1[0]<--->HoM1[0]
REAL
   0.463139 -0.00897523 -0.00254162    0.426868
-0.00897523   0.0364026  0.00587841  0.00122004
-0.00254162  0.00587841   0.0275314  0.00618521
   0.426868  0.00122004  0.00618521    0.472928
IMAGINARY
           0   0.00110225   0.00225867  -0.00168524
 -0.00110225            0 -0.000937408  -0.00286181
 -0.00225867  0.000937408            0   0.00553225
  0.00168524   0.00286181  -0.00553225            0
EndNode1[0]<--->Repeater1[0]
REAL
   0.466408  0.00632678  -0.0014414    0.431974
 0.00632678   0.0352344  0.00311755 -0.00247051
 -0.0014414  0.00311755   0.0364288 -0.00734098
   0.431974 -0.00247051 -0.00734098    0.461929
IMAGINARY
          0  0.00137994   0.0006119 -0.00625843
-0.00137994           0 -0.00433479 -0.00168519
 -0.0006119  0.00433479           0 -0.00214658
 0.00625843  0.00168519  0.00214658           0
EndNode2[0]<--->HoM1[0]
REAL
   0.466196  0.00390909   0.0131499    0.431342
 0.00390909   0.0314521 -0.00193045  0.00016284
  0.0131499 -0.00193045   0.0346855   0.0094036
   0.431342  0.00016284   0.0094036    0.467666
IMAGINARY
           0   0.00710297   0.00445777   0.00520564
 -0.00710297            0   0.00174908  -0.00824909
 -0.00445777  -0.00174908            0 -0.000885196
 -0.00520564   0.00824909  0.000885196            0
Repeater1[0]<--->EndNode1[0]
REAL
   0.466408  -0.0014414  0.00632678    0.431974
 -0.0014414   0.0364288  0.00311755 -0.00734098
 0.00632678  0.00311755   0.0352344 -0.00247051
   0.431974 -0.00734098 -0.00247051    0.461929
IMAGINARY
          0   0.0006119  0.00137994 -0.00625843
 -0.0006119           0  0.00433479 -0.00214658
-0.00137994 -0.00433479           0 -0.00168519
 0.00625843  0.00214658  0.00168519           0
Repeater1[0]<--->HoM1[0]
REAL
   0.466196   0.0131499  0.00390909    0.431342
  0.0131499   0.0346855 -0.00193045   0.0094036
 0.00390909 -0.00193045   0.0314521  0.00016284
   0.431342   0.0094036  0.00016284    0.467666
IMAGINARY
           0   0.00445777   0.00710297   0.00520564
 -0.00445777            0  -0.00174908 -0.000885196
 -0.00710297   0.00174908            0  -0.00824909
 -0.00520564  0.000885196   0.00824909            0
EndNode1[0]<--->Repeater1[0]
REAL
   0.456695   0.0057315  0.00535895    0.429306
  0.0057315   0.0348803  0.00106446  0.00190031
 0.00535895  0.00106446   0.0331067 4.62797e-05
   0.429306  0.00190031 4.62797e-05    0.475318
IMAGINARY
           0   0.00507798  -0.00770177  -0.00397454
 -0.00507798            0  5.65156e-05    -0.008467
  0.00770177 -5.65156e-05            0     0.008319
  0.00397454     0.008467    -0.008319            0
EndNode2[0]<--->HoM1[0]
REAL
   0.471203  0.00610771   0.0132817    0.426089
 0.00610771   0.0304387 -0.00367733 -0.00238946
  0.0132817 -0.00367733    0.036407  0.00478457
   0.426089 -0.00238946  0.00478457    0.461952
IMAGINARY
          0  0.00509761 -0.00224444   0.0030449
-0.00509761           0  -0.0056627  0.00513286
 0.00224444   0.0056627           0  0.00022316
 -0.0030449 -0.00513286 -0.00022316           0
Repeater1[0]<--->EndNode1[0]
REAL
   0.456695  0.00535895   0.0057315    0.429306
 0.00535895   0.0331067  0.00106446 4.62797e-05
  0.0057315  0.00106446   0.0348803  0.00190031
   0.429306 4.62797e-05  0.00190031    0.475318
IMAGINARY
           0  -0.00770177   0.00507798  -0.00397454
  0.00770177            0 -5.65156e-05     0.008319
 -0.00507798  5.65156e-05            0    -0.008467
  0.00397454    -0.008319     0.008467            0
Repeater1[0]<--->HoM1[0]
REAL
   0.471203   0.0132817  0.00610771    0.426089
  0.0132817    0.036407 -0.00367733  0.00478457
 0.00610771 -0.00367733   0.0304387 -0.00238946
   0.426089  0.00478457 -0.00238946    0.461952
IMAGINARY
          0 -0.00224444  0.00509761   0.0030449
 0.00224444           0   0.0056627  0.00022316
-0.00509761  -0.0056627           0  0.00513286
 -0.0030449 -0.00022316 -0.00513286           0
EndNode1[0]<--->Repeater1[0]
REAL
   0.456938  0.00572941 -0.00117504    0.433576
 0.00572941    0.034689  0.00143925 -0.00179232
-0.00117504  0.00143925    0.034689 -0.00483921
   0.433576 -0.00179232 -0.00483921    0.473684
IMAGINARY
           0  -0.00361508  -0.00413907   0.00468022
  0.00361508            0  0.000247321    0.0017045
  0.00413907 -0.000247321            0   0.00939719
 -0.00468022   -0.0017045  -0.00939719            0
EndNode2[0]<--->HoM1[0]
REAL
   0.473731   0.0023293 -0.00221162    0.435799
  0.0023293   0.0376119 -0.00551635  0.00743275
-0.00221162 -0.00551635   0.0361194 -0.00417206
   0.435799  0.00743275 -0.00417206    0.452537
IMAGINARY
          0   0.0143464 -0.00471016 -0.00696115
 -0.0143464           0 -0.00381084  -0.0151955
 0.00471016  0.00381084           0  0.00290512
 0.00696115   0.0151955 -0.00290512           0
Repeater1[0]<--->EndNode1[0]
REAL
   0.456938 -0.00117504  0.00572941    0.433576
-0.00117504    0.034689  0.00143925 -0.00483921
 0.00572941  0.00143925    0.034689 -0.00179232
   0.433576 -0.00483921 -0.00179232    0.473684
IMAGINARY
           0  -0.00413907  -0.00361508   0.00468022
  0.00413907            0 -0.000247321   0.00939719
  0.00361508  0.000247321            0    0.0017045
 -0.00468022  -0.00939719   -0.0017045            0
Repeater1[0]<--->HoM1[0]
REAL
   0.473731 -0.00221162   0.0023293    0.435799
-0.00221162   0.0361194 -0.00551635 -0.00417206
  0.0023293 -0.00551635   0.0376119  0.00743275
   0.435799 -0.00417206  0.00743275    0.452537
IMAGINARY
          0 -0.00471016   0.0143464 -0.00696115
 0.00471016           0  0.00381084  0.00290512
 -0.0143464 -0.00381084           0  -0.0151955
 0.00696115 -0.00290512   0.0151955           0
EndNode1[0]<--->Repeater1[0]
REAL
     0.4744 -0.00361757  0.00168434    0.427432
-0.00361757   0.0396297  0.00414969  0.00259178
 0.00168434  0.00414969   0.0404975  0.00850455
   0.427432  0.00259178  0.00850455    0.445473
IMAGINARY
          0 -0.00507331 -0.00179742  -0.0056903
 0.00507331           0 -0.00660105  0.00937993
 0.00179742  0.00660105           0 -0.00250921
  0.0056903 -0.00937993  0.00250921           0
EndNode2[0]<--->HoM1[0]
REAL
   0.452252 -0.00103798  0.00444844    0.429566
-0.00103798   0.0369369  0.00189514  0.00370373
 0.00444844  0.00189514    0.033033  0.00284958
   0.429566  0.00370373  0.00284958    0.477778
IMAGINARY
          0   0.0158364 -0.00914037  0.00246056
 -0.0158364           0 -0.00720498  -0.0154695
 0.00914037  0.00720498           0   0.0120748
-0.00246056   0.0154695  -0.0120748           0
Repeater1[0]<--->EndNode1[0]
REAL
     0.4744  0.00168434 -0.00361757    0.427432
 0.00168434   0.0404975  0.00414969  0.00850455
-0.00361757  0.00414969   0.0396297  0.00259178
   0.427432  0.00850455  0.00259178    0.445473
IMAGINARY
          0 -0.00179742 -0.00507331  -0.0056903
 0.00179742           0  0.00660105 -0.00250921
 0.00507331 -0.00660105           0  0.00937993
  0.0056903  0.00250921 -0.00937993           0
Repeater1[0]<--->HoM1[0]
REAL
   0.452252  0.00444844 -0.00103798    0.429566
 0.00444844    0.033033  0.00189514  0.00284958
-0.00103798  0.00189514   0.0369369  0.00370373
   0.429566  0.00284958  0.00370373    0.477778
IMAGINARY
          0 -0.00914037   0.0158364  0.00246056
 0.00914037           0  0.00720498   0.0120748
 -0.0158364 -0.00720498           0  -0.0154695
-0.00246056  -0.0120748   0.0154695           0
EndNode1[0]<--->Repeater1[0]
REAL
    0.471131  -0.00225621 -1.50238e-06      0.42873
 -0.00225621    0.0342262   0.00391836  -0.00165963
-1.50238e-06   0.00391836    0.0345238  -0.00453932
     0.42873  -0.00165963  -0.00453932     0.460119
IMAGINARY
           0  -0.00227636   0.00672862  -0.00897667
  0.00227636            0   0.00448027  0.000940553
 -0.00672862  -0.00448027            0  -0.00719733
  0.00897667 -0.000940553   0.00719733            0
EndNode2[0]<--->HoM1[0]
REAL
    0.485774   -0.0102882   -0.0138705     0.429907
  -0.0102882    0.0346769 -0.000431775   0.00603444
  -0.0138705 -0.000431775    0.0394191   0.00426048
    0.429907   0.00603444   0.00426048      0.44013
IMAGINARY
           0  -0.00122605  -0.00147253  0.000429345
  0.00122605            0  -0.00725832   0.00315295
  0.00147253   0.00725832            0   0.00198988
-0.000429345  -0.00315295  -0.00198988            0
Repeater1[0]<--->EndNode1[0]
REAL
    0.471131 -1.50238e-06  -0.00225621      0.42873
-1.50238e-06    0.0345238   0.00391836  -0.00453932
 -0.00225621   0.00391836    0.0342262  -0.00165963
     0.42873  -0.00453932  -0.00165963     0.460119
IMAGINARY
           0   0.00672862  -0.00227636  -0.00897667
 -0.00672862            0  -0.00448027  -0.00719733
  0.00227636   0.00448027            0  0.000940553
  0.00897667   0.00719733 -0.000940553            0
Repeater1[0]<--->HoM1[0]
REAL
    0.485774   -0.0138705   -0.0102882     0.429907
  -0.0138705    0.0394191 -0.000431775   0.00426048
  -0.0102882 -0.000431775    0.0346769   0.00603444
    0.429907   0.00426048   0.00603444      0.44013
IMAGINARY
           0  -0.00147253  -0.00122605  0.000429345
  0.00147253            0   0.00725832   0.00198988
  0.00122605  -0.00725832            0   0.00315295
-0.000429345  -0.00198988  -0.00315295            0
EndNode1[0]<--->Repeater1[0]
REAL
   0.470325 -0.00107605 -0.00069939    0.429067
-0.00107605   0.0375783 -0.00029949  0.00604944
-0.00069939 -0.00029949   0.0417537 -0.00305113
   0.429067  0.00604944 -0.00305113    0.450343
IMAGINARY
          0  0.00801124  -0.0172609  0.00633339
-0.00801124           0 -0.00496269  0.00260669
  0.0172609  0.00496269           0  0.00224668
-0.00633339 -0.00260669 -0.00224668           0
EndNode2[0]<--->HoM1[0]
REAL
   0.467438 -0.00654919  -0.0018981    0.433577
-0.00654919   0.0307365 -0.00314725 -0.00204811
 -0.0018981 -0.00314725    0.034084 -0.00148939
   0.433577 -0.00204811 -0.00148939    0.467742
IMAGINARY
           0  -0.00644969  -0.00294841  -0.00347837
  0.00644969            0   0.00825449   0.00794386
  0.00294841  -0.00825449            0 -0.000665055
  0.00347837  -0.00794386  0.000665055            0
Repeater1[0]<--->EndNode1[0]
REAL
   0.470325 -0.00069939 -0.00107605    0.429067
-0.00069939   0.0417537 -0.00029949 -0.00305113
-0.00107605 -0.00029949   0.0375783  0.00604944
   0.429067 -0.00305113  0.00604944    0.450343
IMAGINARY
          0  -0.0172609  0.00801124  0.00633339
  0.0172609           0  0.00496269  0.00224668
-0.00801124 -0.00496269           0  0.00260669
-0.00633339 -0.00224668 -0.00260669           0
Repeater1[0]<--->HoM1[0]
REAL
   0.467438  -0.0018981 -0.00654919    0.433577
 -0.0018981    0.034084 -0.00314725 -0.00148939
-0.00654919 -0.00314725   0.0307365 -0.00204811
   0.433577 -0.00148939 -0.00204811    0.467742
IMAGINARY
           0  -0.00294841  -0.00644969  -0.00347837
  0.00294841            0  -0.00825449 -0.000665055
  0.00644969   0.00825449            0   0.00794386
  0.00347837  0.000665055  -0.00794386            0
EndNode1[0]<--->Repeater1[0]
REAL
   0.462222  0.00590723 -0.00117918    0.427272
 0.00590723       0.032 0.000978749   0.0094004
-0.00117918 0.000978749   0.0367407 -0.00246926
   0.427272   0.0094004 -0.00246926    0.469037
IMAGINARY
           0    0.0114178   0.00589391   0.00567276
  -0.0114178            0  0.000390537  -0.00679644
 -0.00589391 -0.000390537            0  -0.00179086
 -0.00567276   0.00679644   0.00179086            0
EndNode2[0]<--->HoM1[0]
REAL
   0.479186  0.00825826 -0.00224237    0.432023
 0.00825826   0.0312975 -0.00146737  0.00872385
-0.00224237 -0.00146737   0.0361592  0.00285285
   0.432023  0.00872385  0.00285285    0.453358
IMAGINARY
           0  -0.00522216   0.00869791    0.0161573
  0.00522216            0  0.000274606  -0.00781504
 -0.00869791 -0.000274606            0   0.00139638
  -0.0161573   0.00781504  -0.00139638            0
Repeater1[0]<--->EndNode1[0]
REAL
   0.462222 -0.00117918  0.00590723    0.427272
-0.00117918   0.0367407 0.000978749 -0.00246926
 0.00590723 0.000978749       0.032   0.0094004
   0.427272 -0.00246926   0.0094004    0.469037
IMAGINARY
           0   0.00589391    0.0114178   0.00567276
 -0.00589391            0 -0.000390537  -0.00179086
  -0.0114178  0.000390537            0  -0.00679644
 -0.00567276   0.00179086   0.00679644            0
Repeater1[0]<--->HoM1[0]
REAL
   0.479186 -0.00224237  0.00825826    0.432023
-0.00224237   0.0361592 -0.00146737  0.00285285
 0.00825826 -0.00146737   0.0312975  0.00872385
   0.432023  0.00285285  0.00872385    0.453358
IMAGINARY
           0   0.00869791  -0.00522216    0.0161573
 -0.00869791            0 -0.000274606   0.00139638
  0.00522216  0.000274606            0  -0.00781504
  -0.0161573  -0.00139638   0.00781504            0
EndNode1[0]<--->Repeater1[0]
REAL
    0.463083  -0.00565847  -0.00671803     0.428877
 -0.00565847    0.0304194  0.000962887 -0.000123307
 -0.00671803  0.000962887    0.0330774  0.000272732
    0.428877 -0.000123307  0.000272732      0.47342
IMAGINARY
          0  0.00605863  -0.0071259   0.0112876
-0.00605863           0  0.00256403  0.00129768
  0.0071259 -0.00256403           0   0.0068248
 -0.0112876 -0.00129768  -0.0068248           0
EndNode2[0]<--->HoM1[0]
REAL
   0.463129  0.00063248  0.00316788    0.432716
 0.00063248   0.0323741 -0.00173482   0.0028674
 0.00316788 -0.00173482   0.0356715  0.00571231
   0.432716   0.0028674  0.00571231    0.468825
IMAGINARY
          0  0.00733228 -0.00546676  0.00109503
-0.00733228           0  0.00623098 -0.00605673
 0.00546676 -0.00623098           0  0.00449052
-0.00109503  0.00605673 -0.00449052           0
Repeater1[0]<--->EndNode1[0]
REAL
    0.463083  -0.00671803  -0.00565847     0.428877
 -0.00671803    0.0330774  0.000962887  0.000272732
 -0.00565847  0.000962887    0.0304194 -0.000123307
    0.428877  0.000272732 -0.000123307      0.47342
IMAGINARY
          0  -0.0071259  0.00605863   0.0112876
  0.0071259           0 -0.00256403   0.0068248
-0.00605863  0.00256403           0  0.00129768
 -0.0112876  -0.0068248 -0.00129768           0
Repeater1[0]<--->HoM1[0]
REAL
   0.463129  0.00316788  0.00063248    0.432716
 0.00316788   0.0356715 -0.00173482  0.00571231
 0.00063248 -0.00173482   0.0323741   0.0028674
   0.432716  0.00571231   0.0028674    0.468825
IMAGINARY
          0 -0.00546676  0.00733228  0.00109503
 0.00546676           0 -0.00623098  0.00449052
-0.00733228  0.00623098           0 -0.00605673
