EndNode1[0]<--->Repeater1[0]
REAL
   0.285502 -0.00984312  0.00471309    0.111856
-0.00984312    0.206014  -0.0142031    0.010484
 0.00471309  -0.0142031    0.199464  0.00668332
   0.111856    0.010484  0.00668332    0.309021
IMAGINARY
          0  -0.0069028  -0.0113243 -0.00396994
  0.0069028           0  0.00795279 -0.00284457
  0.0113243 -0.00795279           0   0.0128917
 0.00396994  0.00284457  -0.0128917           0
EndNode2[0]<--->HoM1[0]
REAL
   0.305387    0.001554 -0.00209451   0.0969784
   0.001554    0.203995 -0.00427418  0.00194378
-0.00209451 -0.00427418    0.186138  0.00281742
  0.0969784  0.00194378  0.00281742    0.304479
IMAGINARY
          0  0.00588072  0.00126163  -0.0162402
-0.00588072           0  0.00197966   0.0048523
-0.00126163 -0.00197966           0  0.00500506
  0.0162402  -0.0048523 -0.00500506           0
Repeater1[0]<--->EndNode1[0]
REAL
   0.285502  0.00471309 -0.00984312    0.111856
 0.00471309    0.199464  -0.0142031  0.00668332
-0.00984312  -0.0142031    0.206014    0.010484
   0.111856  0.00668332    0.010484    0.309021
IMAGINARY
          0  -0.0113243  -0.0069028 -0.00396994
  0.0113243           0 -0.00795279   0.0128917
  0.0069028  0.00795279           0 -0.00284457
 0.00396994  -0.0128917  0.00284457           0
Repeater1[0]<--->HoM1[0]
REAL
   0.305387 -0.00209451    0.001554   0.0969784
-0.00209451    0.186138 -0.00427418  0.00281742
   0.001554 -0.00427418    0.203995  0.00194378
  0.0969784  0.00281742  0.00194378    0.304479
IMAGINARY
          0  0.00126163  0.00588072  -0.0162402
-0.00126163           0 -0.00197966  0.00500506
-0.00588072  0.00197966           0   0.0048523
  0.0162402 -0.00500506  -0.0048523           0
EndNode1[0]<--->Repeater1[0]
REAL
   0.293865  0.00192457 6.55783e-05    0.102895
 0.00192457    0.208589  0.00443484   0.0108676
6.55783e-05  0.00443484    0.198773  0.00130918
   0.102895   0.0108676  0.00130918    0.298773
IMAGINARY
           0  -0.00179254   -0.0173274   0.00324813
  0.00179254            0 -0.000639432   -0.0109522
   0.0173274  0.000639432            0  -0.00664691
 -0.00324813    0.0109522   0.00664691            0
EndNode2[0]<--->HoM1[0]
REAL
    0.30018 0.000292078  -0.0022306   0.0992693
0.000292078    0.202816  -0.0129501 -0.00117479
 -0.0022306  -0.0129501    0.196824  0.00370555
  0.0992693 -0.00117479  0.00370555     0.30018
IMAGINARY
          0  0.00263788 -0.00207699  0.00181948
-0.00263788           0  0.00472814 -0.00789807
 0.00207699 -0.00472814           0   0.0060903
-0.00181948  0.00789807  -0.0060903           0
Repeater1[0]<--->EndNode1[0]
REAL
   0.293865 6.55783e-05  0.00192457    0.102895
6.55783e-05    0.198773  0.00443484  0.00130918
 0.00192457  0.00443484    0.208589   0.0108676
   0.102895  0.00130918   0.0108676    0.298773
IMAGINARY
           0   -0.0173274  -0.00179254   0.00324813
   0.0173274            0  0.000639432  -0.00664691
  0.00179254 -0.000639432            0   -0.0109522
 -0.00324813   0.00664691    0.0109522            0
Repeater1[0]<--->HoM1[0]
REAL
    0.30018  -0.0022306 0.000292078   0.0992693
 -0.0022306    0.196824  -0.0129501  0.00370555
0.000292078  -0.0129501    0.202816 -0.00117479
  0.0992693  0.00370555 -0.00117479     0.30018
IMAGINARY
          0 -0.00207699  0.00263788  0.00181948
 0.00207699           0 -0.00472814   0.0060903
-0.00263788  0.00472814           0 -0.00789807
-0.00181948  -0.0060903  0.00789807           0
EndNode1[0]<--->Repeater1[0]
REAL
  0.304058 -0.0102427  0.0026957   0.097194
-0.0102427   0.208056 0.00644993  0.0149268
 0.0026957 0.00644993   0.190188 0.00247687
  0.097194  0.0149268 0.00247687   0.297698
IMAGINARY
          0 -0.00690414 -0.00106508   0.0102159
 0.00690414           0  0.00341218  -0.0116391
 0.00106508 -0.00341218           0   0.0120463
 -0.0102159   0.0116391  -0.0120463           0
EndNode2[0]<--->HoM1[0]
REAL
    0.286785 -0.000634153    0.0063471     0.104789
-0.000634153     0.180402  -0.00364315     0.002245
   0.0063471  -0.00364315     0.200779   0.00651296
    0.104789     0.002245   0.00651296     0.332035
IMAGINARY
           0  0.000369242  -0.00302454   0.00085719
-0.000369242            0   -0.0074301   0.00165966
  0.00302454    0.0074301            0   0.00554523
 -0.00085719  -0.00165966  -0.00554523            0
Repeater1[0]<--->EndNode1[0]
REAL
  0.304058  0.0026957 -0.0102427   0.097194
 0.0026957   0.190188 0.00644993 0.00247687
-0.0102427 0.00644993   0.208056  0.0149268
  0.097194 0.00247687  0.0149268   0.297698
IMAGINARY
          0 -0.00106508 -0.00690414   0.0102159
 0.00106508           0 -0.00341218   0.0120463
 0.00690414  0.00341218           0  -0.0116391
 -0.0102159  -0.0120463   0.0116391           0
Repeater1[0]<--->HoM1[0]
REAL
    0.286785    0.0063471 -0.000634153     0.104789
   0.0063471     0.200779  -0.00364315   0.00651296
-0.000634153  -0.00364315     0.180402     0.002245
    0.104789   0.00651296     0.002245     0.332035
IMAGINARY
           0  -0.00302454  0.000369242   0.00085719
  0.00302454            0    0.0074301   0.00554523
-0.000369242   -0.0074301            0   0.00165966
 -0.00085719  -0.00554523  -0.00165966            0
EndNode1[0]<--->Repeater1[0]
REAL
   0.310229  0.00758148 3.62512e-05   0.0987101
 0.00758148    0.194809 -0.00619452  0.00486425
3.62512e-05 -0.00619452    0.200611 -0.00327497
  0.0987101  0.00486425 -0.00327497    0.294351
IMAGINARY
          0 -0.00100201  0.00594859  -2.829e-05
 0.00100201           0 -0.00314679 -0.00307241
-0.00594859  0.00314679           0 -0.00278243
  2.829e-05  0.00307241  0.00278243           0
EndNode2[0]<--->HoM1[0]
REAL
    0.298732 -0.000553537   0.00443352     0.104799
-0.000553537      0.20289   0.00119776   0.00132057
  0.00443352   0.00119776     0.204364  -0.00610909
    0.104799   0.00132057  -0.00610909     0.294014
IMAGINARY
           0   -0.0024333  -0.00234538  0.000253714
   0.0024333            0  -0.00648887   -0.0142857
  0.00234538   0.00648887            0   0.00228072
-0.000253714    0.0142857  -0.00228072            0
Repeater1[0]<--->EndNode1[0]
REAL
   0.310229 3.62512e-05  0.00758148   0.0987101
3.62512e-05    0.200611 -0.00619452 -0.00327497
 0.00758148 -0.00619452    0.194809  0.00486425
  0.0987101 -0.00327497  0.00486425    0.294351
IMAGINARY
          0  0.00594859 -0.00100201  -2.829e-05
-0.00594859           0  0.00314679 -0.00278243
 0.00100201 -0.00314679           0 -0.00307241
  2.829e-05  0.00278243  0.00307241           0
Repeater1[0]<--->HoM1[0]
REAL
    0.298732   0.00443352 -0.000553537     0.104799
  0.00443352     0.204364   0.00119776  -0.00610909
-0.000553537   0.00119776      0.20289   0.00132057
    0.104799  -0.00610909   0.00132057     0.294014
IMAGINARY
           0  -0.00234538   -0.0024333  0.000253714
  0.00234538            0   0.00648887   0.00228072
   0.0024333  -0.00648887            0   -0.0142857
-0.000253714  -0.00228072    0.0142857            0
EndNode1[0]<--->Repeater1[0]
REAL
   0.299145  0.00589554  0.00768703   0.0943895
 0.00589554    0.199939 0.000237409  -0.0115676
 0.00768703 0.000237409    0.199023  0.00574625
  0.0943895  -0.0115676  0.00574625    0.301893
IMAGINARY
          0  -0.0070829  0.00345686 -0.00289275
  0.0070829           0  0.00872813  0.00882384
-0.00345686 -0.00872813           0 -0.00812178
 0.00289275 -0.00882384  0.00812178           0
EndNode2[0]<--->HoM1[0]
REAL
    0.302233  -0.00314395  -0.00591084     0.118547
 -0.00314395     0.191496    0.0010246  -0.00662738
 -0.00591084    0.0010246     0.205567 -0.000219969
    0.118547  -0.00662738 -0.000219969     0.300704
IMAGINARY
          0  0.00359714 -0.00276531  0.00717626
-0.00359714           0  -0.0200575   0.0121309
 0.00276531   0.0200575           0  0.00878957
-0.00717626  -0.0121309 -0.00878957           0
Repeater1[0]<--->EndNode1[0]
REAL
   0.299145  0.00768703  0.00589554   0.0943895
 0.00768703    0.199023 0.000237409  0.00574625
 0.00589554 0.000237409    0.199939  -0.0115676
  0.0943895  0.00574625  -0.0115676    0.301893
IMAGINARY
          0  0.00345686  -0.0070829 -0.00289275
-0.00345686           0 -0.00872813 -0.00812178
  0.0070829  0.00872813           0  0.00882384
 0.00289275  0.00812178 -0.00882384           0
Repeater1[0]<--->HoM1[0]
REAL
    0.302233  -0.00591084  -0.00314395     0.118547
 -0.00591084     0.205567    0.0010246 -0.000219969
 -0.00314395    0.0010246     0.191496  -0.00662738
    0.118547 -0.000219969  -0.00662738     0.300704
IMAGINARY
          0 -0.00276531  0.00359714  0.00717626
 0.00276531           0   0.0200575  0.00878957
-0.00359714  -0.0200575           0   0.0121309
-0.00717626 -0.00878957  -0.0121309           0
EndNode1[0]<--->Repeater1[0]
REAL
   0.292718 -0.00342396  -0.0027547     0.10567
-0.00342396    0.200174 -0.00419586 -0.00231131
 -0.0027547 -0.00419586     0.21555  0.00511263
    0.10567 -0.00231131  0.00511263    0.291558
IMAGINARY
           0   0.00453208      0.01164  -0.00288876
 -0.00453208            0 -0.000667852   0.00764249
    -0.01164  0.000667852            0 -0.000795162
  0.00288876  -0.00764249  0.000795162            0
EndNode2[0]<--->HoM1[0]
REAL
   0.296399  0.00380682 -0.00448284    0.111459
 0.00380682    0.199754  0.00746286  0.00126081
-0.00448284  0.00746286    0.197291  0.00205141
   0.111459  0.00126081  0.00205141    0.306556
IMAGINARY
          0 -0.00393701  0.00988845 -0.00802128
 0.00393701           0 -0.00370452  0.00146486
-0.00988845  0.00370452           0 -0.00196671
 0.00802128 -0.00146486  0.00196671           0
Repeater1[0]<--->EndNode1[0]
REAL
   0.292718  -0.0027547 -0.00342396     0.10567
 -0.0027547     0.21555 -0.00419586  0.00511263
-0.00342396 -0.00419586    0.200174 -0.00231131
    0.10567  0.00511263 -0.00231131    0.291558
IMAGINARY
           0      0.01164   0.00453208  -0.00288876
    -0.01164            0  0.000667852 -0.000795162
 -0.00453208 -0.000667852            0   0.00764249
  0.00288876  0.000795162  -0.00764249            0
Repeater1[0]<--->HoM1[0]
REAL
   0.296399 -0.00448284  0.00380682    0.111459
-0.00448284    0.197291  0.00746286  0.00205141
 0.00380682  0.00746286    0.199754  0.00126081
   0.111459  0.00205141  0.00126081    0.306556
IMAGINARY
          0  0.00988845 -0.00393701 -0.00802128
-0.00988845           0  0.00370452 -0.00196671
 0.00393701 -0.00370452           0  0.00146486
 0.00802128  0.00196671 -0.00146486           0
EndNode1[0]<--->Repeater1[0]
REAL
   0.295809  0.00244826  0.00118001    0.114087
 0.00244826    0.198532 -0.00947084  0.00751303
 0.00118001 -0.00947084    0.200061  -0.0144387
   0.114087  0.00751303  -0.0144387    0.305598
IMAGINARY
           0 -0.000300258  0.000363202  -0.00752553
 0.000300258            0   0.00813641  -0.00704201
-0.000363202  -0.00813641            0  -0.00394989
  0.00752553   0.00704201   0.00394989            0
EndNode2[0]<--->HoM1[0]
REAL
   0.300951  0.00672816 -0.00191716   0.0989971
 0.00672816     0.19281 -0.00231203 -0.00145914
-0.00191716 -0.00231203    0.213607  -0.0162432
  0.0989971 -0.00145914  -0.0162432    0.292632
IMAGINARY
           0  -0.00567941  -0.00445644   0.00378969
  0.00567941            0 -0.000347607    -0.011759
  0.00445644  0.000347607            0   0.00642324
 -0.00378969     0.011759  -0.00642324            0
Repeater1[0]<--->EndNode1[0]
REAL
   0.295809  0.00118001  0.00244826    0.114087
 0.00118001    0.200061 -0.00947084  -0.0144387
 0.00244826 -0.00947084    0.198532  0.00751303
   0.114087  -0.0144387  0.00751303    0.305598
IMAGINARY
           0  0.000363202 -0.000300258  -0.00752553
-0.000363202            0  -0.00813641  -0.00394989
 0.000300258   0.00813641            0  -0.00704201
  0.00752553   0.00394989   0.00704201            0
Repeater1[0]<--->HoM1[0]
REAL
   0.300951 -0.00191716  0.00672816   0.0989971
-0.00191716    0.213607 -0.00231203  -0.0162432
 0.00672816 -0.00231203     0.19281 -0.00145914
  0.0989971  -0.0162432 -0.00145914    0.292632
IMAGINARY
           0  -0.00445644  -0.00567941   0.00378969
  0.00445644            0  0.000347607   0.00642324
  0.00567941 -0.000347607            0    -0.011759
 -0.00378969  -0.00642324     0.011759            0
EndNode1[0]<--->Repeater1[0]
REAL
   0.302534 -0.00727996 -0.00967868   0.0965587
-0.00727996    0.208942  0.00777082  0.00336479
-0.00967868  0.00777082    0.197317 -0.00504716
  0.0965587  0.00336479 -0.00504716    0.291207
IMAGINARY
          0 -0.00432446   0.0025452 -0.00104353
 0.00432446           0 -0.00104353 -0.00375732
 -0.0025452  0.00104353           0  0.00159719
 0.00104353  0.00375732 -0.00159719           0
EndNode2[0]<--->HoM1[0]
REAL
    0.305228    0.0027491  -0.00503431    0.0972261
   0.0027491     0.198247 -0.000485396  -0.00459532
 -0.00503431 -0.000485396      0.19311  -0.00260095
   0.0972261  -0.00459532  -0.00260095     0.303415
IMAGINARY
          0 -0.00648221   0.0121974   -0.002207
 0.00648221           0   -0.002207   0.0126445
 -0.0121974    0.002207           0 -0.00511068
   0.002207  -0.0126445  0.00511068           0
Repeater1[0]<--->EndNode1[0]
REAL
   0.302534 -0.00967868 -0.00727996   0.0965587
-0.00967868    0.197317  0.00777082 -0.00504716
-0.00727996  0.00777082    0.208942  0.00336479
  0.0965587 -0.00504716  0.00336479    0.291207
IMAGINARY
          0   0.0025452 -0.00432446 -0.00104353
 -0.0025452           0  0.00104353  0.00159719
 0.00432446 -0.00104353           0 -0.00375732
 0.00104353 -0.00159719  0.00375732           0
Repeater1[0]<--->HoM1[0]
REAL
    0.305228  -0.00503431    0.0027491    0.0972261
 -0.00503431      0.19311 -0.000485396  -0.00260095
   0.0027491 -0.000485396     0.198247  -0.00459532
   0.0972261  -0.00260095  -0.00459532     0.303415
IMAGINARY
          0   0.0121974 -0.00648221   -0.002207
 -0.0121974           0    0.002207 -0.00511068
 0.00648221   -0.002207           0   0.0126445
   0.002207  0.00511068  -0.0126445           0
EndNode1[0]<--->Repeater1[0]
REAL
   0.296383   0.0033091  0.00155254    0.100007
  0.0033091    0.202293 -0.00605342 -0.00362723
 0.00155254 -0.00605342     0.20494 -0.00775486
   0.100007 -0.00362723 -0.00775486    0.296383
IMAGINARY
           0   0.00981955  0.000151643   0.00205623
 -0.00981955            0  -0.00769475  -0.00193417
-0.000151643   0.00769475            0   0.00800576
 -0.00205623   0.00193417  -0.00800576            0
EndNode2[0]<--->HoM1[0]
REAL
   0.302529 -0.00531327 -0.00820718    0.105188
-0.00531327    0.202589  0.00659168 -0.00520632
-0.00820718  0.00659168    0.205599 -0.00470831
   0.105188 -0.00520632 -0.00470831    0.289284
IMAGINARY
           0  -0.00503682  -0.00717625  -0.00977415
  0.00503682            0  -0.00860932 -0.000760256
  0.00717625   0.00860932            0  -0.00564694
  0.00977415  0.000760256   0.00564694            0
Repeater1[0]<--->EndNode1[0]
REAL
   0.296383  0.00155254   0.0033091    0.100007
 0.00155254     0.20494 -0.00605342 -0.00775486
  0.0033091 -0.00605342    0.202293 -0.00362723
   0.100007 -0.00775486 -0.00362723    0.296383
IMAGINARY
           0  0.000151643   0.00981955   0.00205623
-0.000151643            0   0.00769475   0.00800576
 -0.00981955  -0.00769475            0  -0.00193417
 -0.00205623  -0.00800576   0.00193417            0
Repeater1[0]<--->HoM1[0]
REAL
   0.302529 -0.00820718 -0.00531327    0.105188
-0.00820718    0.205599  0.00659168 -0.00470831
-0.00531327  0.00659168    0.202589 -0.00520632
   0.105188 -0.00470831 -0.00520632    0.289284
IMAGINARY
           0  -0.00717625  -0.00503682  -0.00977415
  0.00717625            0   0.00860932  -0.00564694
  0.00503682  -0.00860932            0 -0.000760256
  0.00977415   0.00564694  0.000760256            0
EndNode1[0]<--->Repeater1[0]
REAL
   0.298071 -0.00318183 -0.00693316   0.0934874
-0.00318183    0.195298 -0.00751524  0.00264195
-0.00693316 -0.00751524     0.20223  0.00865682
  0.0934874  0.00264195  0.00865682      0.3044
IMAGINARY
           0   0.00063075   0.00269031  -0.00387746
 -0.00063075            0 -0.000212214  -0.00224796
 -0.00269031  0.000212214            0   0.00452997
  0.00387746   0.00224796  -0.00452997            0
EndNode2[0]<--->HoM1[0]
REAL
   0.298994 -0.00917027  -0.0014255   0.0990705
-0.00917027    0.199939  0.00140724 -0.00320275
 -0.0014255  0.00140724     0.21335   0.0063336
  0.0990705 -0.00320275   0.0063336    0.287717
IMAGINARY
           0    0.0111183   -0.0087954  0.000754207
  -0.0111183            0   0.00163243    0.0141879
   0.0087954  -0.00163243            0   0.00296197
-0.000754207   -0.0141879  -0.00296197            0
Repeater1[0]<--->EndNode1[0]
REAL
   0.298071 -0.00693316 -0.00318183   0.0934874
-0.00693316     0.20223 -0.00751524  0.00865682
-0.00318183 -0.00751524    0.195298  0.00264195
  0.0934874  0.00865682  0.00264195      0.3044
IMAGINARY
           0   0.00269031   0.00063075  -0.00387746
 -0.00269031            0  0.000212214   0.00452997
 -0.00063075 -0.000212214            0  -0.00224796
  0.00387746  -0.00452997   0.00224796            0
Repeater1[0]<--->HoM1[0]
REAL
   0.298994  -0.0014255 -0.00917027   0.0990705
 -0.0014255     0.21335  0.00140724   0.0063336
-0.00917027  0.00140724    0.199939 -0.00320275
  0.0990705   0.0063336 -0.00320275    0.287717
IMAGINARY
           0   -0.0087954    0.0111183  0.000754207
   0.0087954            0  -0.00163243   0.00296197
  -0.0111183   0.00163243            0    0.0141879
-0.000754207  -0.00296197   -0.0141879            0
EndNode1[0]<--->Repeater1[0]
REAL
    0.302133  0.000709903 -0.000279034     0.105664
 0.000709903     0.199645   0.00566377  -0.00856124
-0.000279034   0.00566377     0.194609  -0.00865117
    0.105664  -0.00856124  -0.00865117     0.303614
IMAGINARY
          0 -0.00530701  0.00225543  0.00160727
 0.00530701           0 -0.00760247  0.00136995
-0.00225543  0.00760247           0 -0.00254797
-0.00160727 -0.00136995  0.00254797           0
EndNode2[0]<--->HoM1[0]
REAL
     0.3026  -0.0053067  -0.0016674   0.0957919
 -0.0053067    0.200423  0.00317745 -0.00242475
 -0.0016674  0.00317745    0.201632 -0.00757599
  0.0957919 -0.00242475 -0.00757599    0.295345
IMAGINARY
           0  0.000276377   0.00725335   0.00217079
-0.000276377            0   0.00708004 -0.000606381
 -0.00725335  -0.00708004            0   0.00755228
 -0.00217079  0.000606381  -0.00755228            0
Repeater1[0]<--->EndNode1[0]
REAL
    0.302133 -0.000279034  0.000709903     0.105664
-0.000279034     0.194609   0.00566377  -0.00865117
 0.000709903   0.00566377     0.199645  -0.00856124
    0.105664  -0.00865117  -0.00856124     0.303614
IMAGINARY
          0  0.00225543 -0.00530701  0.00160727
-0.00225543           0  0.00760247 -0.00254797
 0.00530701 -0.00760247           0  0.00136995
-0.00160727  0.00254797 -0.00136995           0
Repeater1[0]<--->HoM1[0]
REAL
     0.3026  -0.0016674  -0.0053067   0.0957919
 -0.0016674    0.201632  0.00317745 -0.00757599
 -0.0053067  0.00317745    0.200423 -0.00242475
  0.0957919 -0.00757599 -0.00242475    0.295345
IMAGINARY
           0   0.00725335  0.000276377   0.00217079
 -0.00725335            0  -0.00708004   0.00755228
-0.000276377   0.00708004            0 -0.000606381
 -0.00217079  -0.00755228  0.000606381            0
EndNode1[0]<--->Repeater1[0]
REAL
   0.293288 -0.00245522  0.00399456   0.0928919
-0.00245522    0.200429 -0.00184805  0.00905408
 0.00399456 -0.00184805    0.199816 -0.00140005
  0.0928919  0.00905408 -0.00140005    0.306466
IMAGINARY
           0   0.00596895  0.000564659   0.00203527
 -0.00596895            0   0.00537873  -0.00594422
-0.000564659  -0.00537873            0   0.00718108
 -0.00203527   0.00594422  -0.00718108            0
EndNode2[0]<--->HoM1[0]
REAL
   0.297036  0.00550674  0.00569749   0.0923981
 0.00550674    0.214156 0.000827431  0.00940779
 0.00569749 0.000827431     0.19873  0.00624181
  0.0923981  0.00940779  0.00624181    0.290079
IMAGINARY
          0 -0.00727714  0.00227891  0.00609093
 0.00727714           0 -0.00171688  0.00257251
-0.00227891  0.00171688           0  0.00515464
-0.00609093 -0.00257251 -0.00515464           0
Repeater1[0]<--->EndNode1[0]
REAL
   0.293288  0.00399456 -0.00245522   0.0928919
 0.00399456    0.199816 -0.00184805 -0.00140005
-0.00245522 -0.00184805    0.200429  0.00905408
  0.0928919 -0.00140005  0.00905408    0.306466
IMAGINARY
           0  0.000564659   0.00596895   0.00203527
-0.000564659            0  -0.00537873   0.00718108
 -0.00596895   0.00537873            0  -0.00594422
 -0.00203527  -0.00718108   0.00594422            0
Repeater1[0]<--->HoM1[0]
REAL
   0.297036  0.00569749  0.00550674   0.0923981
 0.00569749     0.19873 0.000827431  0.00624181
 0.00550674 0.000827431    0.214156  0.00940779
  0.0923981  0.00624181  0.00940779    0.290079
IMAGINARY
          0  0.00227891 -0.00727714  0.00609093
-0.00227891           0  0.00171688  0.00515464
 0.00727714 -0.00171688           0  0.00257251
-0.00609093 -0.00515464 -0.00257251           0
EndNode1[0]<--->Repeater1[0]
REAL
   0.295502 0.000866493 -0.00460489   0.0999115
0.000866493    0.192732  0.00582547 -0.00836429
-0.00460489  0.00582547    0.198689  0.00325313
  0.0999115 -0.00836429  0.00325313    0.313077
IMAGINARY
          0  -0.0108789 -0.00321655  -0.0136661
  0.0108789           0  0.00585602 -0.00156242
 0.00321655 -0.00585602           0  0.00102227
  0.0136661  0.00156242 -0.00102227           0
EndNode2[0]<--->HoM1[0]
REAL
    0.298868    0.0177771  -0.00811079     0.107694
   0.0177771     0.191895   0.00176588   0.00507865
 -0.00811079   0.00176588     0.202026 -0.000190683
    0.107694   0.00507865 -0.000190683     0.307211
IMAGINARY
          0   0.0118619 -0.00965467  0.00415258
 -0.0118619           0 -0.00149882   0.0016628
 0.00965467  0.00149882           0 -0.00735736
-0.00415258  -0.0016628  0.00735736           0
Repeater1[0]<--->EndNode1[0]
REAL
   0.295502 -0.00460489 0.000866493   0.0999115
-0.00460489    0.198689  0.00582547  0.00325313
0.000866493  0.00582547    0.192732 -0.00836429
  0.0999115  0.00325313 -0.00836429    0.313077
IMAGINARY
          0 -0.00321655  -0.0108789  -0.0136661
 0.00321655           0 -0.00585602  0.00102227
  0.0108789  0.00585602           0 -0.00156242
  0.0136661 -0.00102227  0.00156242           0
Repeater1[0]<--->HoM1[0]
REAL
    0.298868  -0.00811079    0.0177771     0.107694
 -0.00811079     0.202026   0.00176588 -0.000190683
   0.0177771   0.00176588     0.191895   0.00507865
    0.107694 -0.000190683   0.00507865     0.307211
IMAGINARY
          0 -0.00965467   0.0118619  0.00415258
 0.00965467           0  0.00149882 -0.00735736
 -0.0118619 -0.00149882           0   0.0016628
-0.00415258  0.00735736  -0.0016628           0
EndNode1[0]<--->Repeater1[0]
REAL
   0.292902 -0.00395055 -0.00447155    0.105757
-0.00395055     0.20605 -0.00438752  0.00313186
-0.00447155 -0.00438752    0.201258 -0.00185475
   0.105757  0.00313186 -0.00185475     0.29979
IMAGINARY
           0   0.00797682   0.00884947  -0.00974795
 -0.00797682            0   -0.0115508   0.00427351
 -0.00884947    0.0115508            0 -0.000456915
  0.00974795  -0.00427351  0.000456915            0
EndNode2[0]<--->HoM1[0]
REAL
   0.306552 0.000693642  0.00970645    0.104496
0.000693642    0.195375 -0.00269111 -0.00233803
 0.00970645 -0.00269111    0.203083   0.0108853
   0.104496 -0.00233803   0.0108853     0.29499
IMAGINARY
          0  -0.0127553 -0.00342154  0.00467933
  0.0127553           0  -0.0107141 -0.00179959
 0.00342154   0.0107141           0  0.00538426
-0.00467933  0.00179959 -0.00538426           0
Repeater1[0]<--->EndNode1[0]
REAL
   0.292902 -0.00447155 -0.00395055    0.105757
-0.00447155    0.201258 -0.00438752 -0.00185475
-0.00395055 -0.00438752     0.20605  0.00313186
   0.105757 -0.00185475  0.00313186     0.29979
IMAGINARY
           0   0.00884947   0.00797682  -0.00974795
 -0.00884947            0    0.0115508 -0.000456915
 -0.00797682   -0.0115508            0   0.00427351
  0.00974795  0.000456915  -0.00427351            0
Repeater1[0]<--->HoM1[0]
REAL
   0.306552  0.00970645 0.000693642    0.104496
 0.00970645    0.203083 -0.00269111   0.0108853
0.000693642 -0.00269111    0.195375 -0.00233803
   0.104496   0.0108853 -0.00233803     0.29499
IMAGINARY
          0 -0.00342154  -0.0127553  0.00467933
 0.00342154           0   0.0107141  0.00538426
  0.0127553  -0.0107141           0 -0.00179959
-0.00467933 -0.00538426  0.00179959           0
EndNode1[0]<--->Repeater1[0]
REAL
    0.312671   0.00467171  -0.00208857     0.112483
  0.00467171     0.188089    0.0113235  -0.00178971
 -0.00208857    0.0113235      0.20632 -0.000495102
    0.112483  -0.00178971 -0.000495102      0.29292
IMAGINARY
          0  -0.0130085  0.00449001 -0.00309907
  0.0130085           0 -0.00159576 -0.00586322
-0.00449001  0.00159576           0     0.00126
 0.00309907  0.00586322    -0.00126           0
EndNode2[0]<--->HoM1[0]
REAL
   0.308859 -0.00252272  -0.0103565     0.10441
-0.00252272    0.199939 -0.00603436 -0.00618983
 -0.0103565 -0.00603436    0.202367  0.00192104
    0.10441 -0.00618983  0.00192104    0.288835
IMAGINARY
          0 -0.00135054  0.00352607  0.00580085
 0.00135054           0 -0.00146308  0.00577765
-0.00352607  0.00146308           0  0.00465186
-0.00580085 -0.00577765 -0.00465186           0
Repeater1[0]<--->EndNode1[0]
REAL
    0.312671  -0.00208857   0.00467171     0.112483
 -0.00208857      0.20632    0.0113235 -0.000495102
  0.00467171    0.0113235     0.188089  -0.00178971
    0.112483 -0.000495102  -0.00178971      0.29292
IMAGINARY
          0  0.00449001  -0.0130085 -0.00309907
-0.00449001           0  0.00159576     0.00126
  0.0130085 -0.00159576           0 -0.00586322
 0.00309907    -0.00126  0.00586322           0
Repeater1[0]<--->HoM1[0]
REAL
   0.308859  -0.0103565 -0.00252272     0.10441
 -0.0103565    0.202367 -0.00603436  0.00192104
-0.00252272 -0.00603436    0.199939 -0.00618983
    0.10441  0.00192104 -0.00618983    0.288835
IMAGINARY
          0  0.00352607 -0.00135054  0.00580085
-0.00352607           0  0.00146308  0.00465186
 0.00135054 -0.00146308           0  0.00577765
-0.00580085 -0.00465186 -0.00577765           0
EndNode1[0]<--->Repeater1[0]
REAL
   0.309275  0.00641842  -0.0030288    0.102684
 0.00641842    0.202505  0.00729448 0.000138624
 -0.0030288  0.00729448    0.195049   0.0101621
   0.102684 0.000138624   0.0101621     0.29317
IMAGINARY
          0 -0.00817198 -0.00103885   0.0167915
 0.00817198           0 -0.00238699  0.00786323
 0.00103885  0.00238699           0  0.00923355
 -0.0167915 -0.00786323 -0.00923355           0
EndNode2[0]<--->HoM1[0]
REAL
   0.293357 -0.00287341 -0.00260529    0.103848
-0.00287341    0.208897  0.00288346 -0.00558149
-0.00260529  0.00288346    0.191163 -0.00501016
   0.103848 -0.00558149 -0.00501016    0.306583
IMAGINARY
          0  0.00451591  0.00377436  0.00325439
-0.00451591           0   0.0120577  0.00556862
-0.00377436  -0.0120577           0  0.00181321
-0.00325439 -0.00556862 -0.00181321           0
Repeater1[0]<--->EndNode1[0]
REAL
   0.309275  -0.0030288  0.00641842    0.102684
 -0.0030288    0.195049  0.00729448   0.0101621
 0.00641842  0.00729448    0.202505 0.000138624
   0.102684   0.0101621 0.000138624     0.29317
IMAGINARY
          0 -0.00103885 -0.00817198   0.0167915
 0.00103885           0  0.00238699  0.00923355
 0.00817198 -0.00238699           0  0.00786323
 -0.0167915 -0.00923355 -0.00786323           0
Repeater1[0]<--->HoM1[0]
REAL
   0.293357 -0.00260529 -0.00287341    0.103848
-0.00260529    0.191163  0.00288346 -0.00501016
-0.00287341  0.00288346    0.208897 -0.00558149
   0.103848 -0.00501016 -0.00558149    0.306583
IMAGINARY
          0  0.00377436  0.00451591  0.00325439
-0.00377436           0  -0.0120577  0.00181321
-0.00451591   0.0120577           0  0.00556862
-0.00325439 -0.00181321 -0.00556862           0
EndNode1[0]<--->Repeater1[0]
REAL
   0.289107  0.00506919  0.00813485   0.0982052
 0.00506919    0.204215  0.00662627 0.000663242
 0.00813485  0.00662627    0.203621  0.00581658
  0.0982052 0.000663242  0.00581658    0.303057
IMAGINARY
           0 -0.000253078  0.000223534  -0.00213199
 0.000253078            0   0.00290004  -0.00127617
-0.000223534  -0.00290004            0  -0.00290482
  0.00213199   0.00127617   0.00290482            0
EndNode2[0]<--->HoM1[0]
REAL
   0.308085  0.00435778  0.00232535    0.101458
 0.00435778    0.193868 -0.00108719  0.00896448
 0.00232535 -0.00108719    0.198377 -0.00172865
   0.101458  0.00896448 -0.00172865    0.299669
IMAGINARY
          0  0.00255045 -0.00823113  0.00146916
-0.00255045           0  0.00281445 -0.00290569
 0.00823113 -0.00281445           0 -0.00182728
-0.00146916  0.00290569  0.00182728           0
Repeater1[0]<--->EndNode1[0]
REAL
   0.289107  0.00813485  0.00506919   0.0982052
 0.00813485    0.203621  0.00662627  0.00581658
 0.00506919  0.00662627    0.204215 0.000663242
  0.0982052  0.00581658 0.000663242    0.303057
IMAGINARY
           0  0.000223534 -0.000253078  -0.00213199
-0.000223534            0  -0.00290004  -0.00290482
 0.000253078   0.00290004            0  -0.00127617
  0.00213199   0.00290482   0.00127617            0
Repeater1[0]<--->HoM1[0]
REAL
   0.308085  0.00232535  0.00435778    0.101458
 0.00232535    0.198377 -0.00108719 -0.00172865
 0.00435778 -0.00108719    0.193868  0.00896448
   0.101458 -0.00172865  0.00896448    0.299669
IMAGINARY
          0 -0.00823113  0.00255045  0.00146916
 0.00823113           0 -0.00281445 -0.00182728
-0.00255045  0.00281445           0 -0.00290569
-0.00146916  0.00182728  0.00290569           0
EndNode1[0]<--->Repeater1[0]
REAL
    0.28597 -0.00147587   0.0113826    0.100989
-0.00147587    0.205075   0.0012906  0.00211466
  0.0113826   0.0012906    0.196418  -0.0108217
   0.100989  0.00211466  -0.0108217    0.312537
IMAGINARY
           0   0.00367243  -0.00541053  0.000150868
 -0.00367243            0   0.00030354  -0.00439339
  0.00541053  -0.00030354            0  -0.00683985
-0.000150868   0.00439339   0.00683985            0
EndNode2[0]<--->HoM1[0]
REAL
  0.302208 0.00679096 0.00506198   0.101271
0.00679096   0.194809  0.0011497 0.00628447
0.00506198  0.0011497   0.199284 0.00213491
  0.101271 0.00628447 0.00213491   0.303699
IMAGINARY
           0    0.0109422  -0.00601813  -0.00309031
  -0.0109422            0  0.000760397  -0.00806851
  0.00601813 -0.000760397            0   0.00132681
  0.00309031   0.00806851  -0.00132681            0
Repeater1[0]<--->EndNode1[0]
REAL
    0.28597   0.0113826 -0.00147587    0.100989
  0.0113826    0.196418   0.0012906  -0.0108217
-0.00147587   0.0012906    0.205075  0.00211466
   0.100989  -0.0108217  0.00211466    0.312537
IMAGINARY
           0  -0.00541053   0.00367243  0.000150868
  0.00541053            0  -0.00030354  -0.00683985
 -0.00367243   0.00030354            0  -0.00439339
-0.000150868   0.00683985   0.00439339            0
Repeater1[0]<--->HoM1[0]
REAL
  0.302208 0.00506198 0.00679096   0.101271
0.00506198   0.199284  0.0011497 0.00213491
0.00679096  0.0011497   0.194809 0.00628447
  0.101271 0.00213491 0.00628447   0.303699
IMAGINARY
           0  -0.00601813    0.0109422  -0.00309031
  0.00601813            0 -0.000760397   0.00132681
  -0.0109422  0.000760397            0  -0.00806851
  0.00309031  -0.00132681   0.00806851            0
EndNode1[0]<--->Repeater1[0]
REAL
   0.311696 -0.00170373 -0.00855222   0.0966937
-0.00170373    0.198325  0.00318563  0.00372422
-0.00855222  0.00318563    0.195932  0.00291073
  0.0966937  0.00372422  0.00291073    0.294047
IMAGINARY
          0  0.00288737 -0.00193393  0.00361871
-0.00288737           0 -0.00541297  0.00997443
 0.00193393  0.00541297           0  -0.0100345
-0.00361871 -0.00997443   0.0100345           0
EndNode2[0]<--->HoM1[0]
REAL
    0.296318    0.0043812 -3.00658e-06    0.0989223
   0.0043812     0.191458   0.00427146   0.00166013
-3.00658e-06   0.00427146     0.212077   0.00541091
   0.0989223   0.00166013   0.00541091     0.300147
IMAGINARY
          0  0.00359609 -0.00415872  0.00363655
-0.00359609           0  0.00658594 -0.00341929
 0.00415872 -0.00658594           0  0.00101015
-0.00363655  0.00341929 -0.00101015           0
Repeater1[0]<--->EndNode1[0]
REAL
   0.311696 -0.00855222 -0.00170373   0.0966937
-0.00855222    0.195932  0.00318563  0.00291073
-0.00170373  0.00318563    0.198325  0.00372422
  0.0966937  0.00291073  0.00372422    0.294047
IMAGINARY
          0 -0.00193393  0.00288737  0.00361871
 0.00193393           0  0.00541297  -0.0100345
-0.00288737 -0.00541297           0  0.00997443
-0.00361871   0.0100345 -0.00997443           0
Repeater1[0]<--->HoM1[0]
REAL
    0.296318 -3.00658e-06    0.0043812    0.0989223
-3.00658e-06     0.212077   0.00427146   0.00541091
   0.0043812   0.00427146     0.191458   0.00166013
   0.0989223   0.00541091   0.00166013     0.300147
IMAGINARY
          0 -0.00415872  0.00359609  0.00363655
 0.00415872           0 -0.00658594  0.00101015
-0.00359609  0.00658594           0 -0.00341929
-0.00363655 -0.00101015  0.00341929           0
EndNode1[0]<--->Repeater1[0]
REAL
   0.294785   0.0065546 -0.00580383   0.0897994
  0.0065546    0.207055 -0.00179222 -0.00254939
-0.00580383 -0.00179222    0.205521 -0.00148301
  0.0897994 -0.00254939 -0.00148301    0.292638
IMAGINARY
           0  0.000469653  -0.00587105   -0.0010901
-0.000469653            0    0.0084778   0.00226745
  0.00587105   -0.0084778            0   0.00313395
   0.0010901  -0.00226745  -0.00313395            0
EndNode2[0]<--->HoM1[0]
REAL
   0.304193 -0.00285431 -0.00090763    0.103328
-0.00285431    0.198335  0.00519951 -0.00863322
-0.00090763  0.00519951    0.199227  -0.0129477
   0.103328 -0.00863322  -0.0129477    0.298246
IMAGINARY
           0  -0.00385274  3.84091e-05   0.00922609
  0.00385274            0   0.00570604    0.0042026
-3.84091e-05  -0.00570604            0   0.00253656
 -0.00922609   -0.0042026  -0.00253656            0
Repeater1[0]<--->EndNode1[0]
REAL
   0.294785 -0.00580383   0.0065546   0.0897994
-0.00580383    0.205521 -0.00179222 -0.00148301
  0.0065546 -0.00179222    0.207055 -0.00254939
  0.0897994 -0.00148301 -0.00254939    0.292638
IMAGINARY
           0  -0.00587105  0.000469653   -0.0010901
  0.00587105            0   -0.0084778   0.00313395
-0.000469653    0.0084778            0   0.00226745
   0.0010901  -0.00313395  -0.00226745            0
Repeater1[0]<--->HoM1[0]
REAL
   0.304193 -0.00090763 -0.00285431    0.103328
-0.00090763    0.199227  0.00519951  -0.0129477
-0.00285431  0.00519951    0.198335 -0.00863322
   0.103328  -0.0129477 -0.00863322    0.298246
IMAGINARY
           0  3.84091e-05  -0.00385274   0.00922609
-3.84091e-05            0  -0.00570604   0.00253656
  0.00385274   0.00570604            0    0.0042026
 -0.00922609  -0.00253656   -0.0042026            0
EndNode1[0]<--->Repeater1[0]
REAL
  0.306256 0.00430166 0.00914836   0.110727
0.00430166   0.190787 0.00346514 0.00754812
0.00914836 0.00346514   0.197635 0.00881701
  0.110727 0.00754812 0.00881701   0.305322
IMAGINARY
           0   0.00228917    0.0053338  0.000992667
 -0.00228917            0    0.0014419  -0.00124908
  -0.0053338   -0.0014419            0   -0.0118202
-0.000992667   0.00124908    0.0118202            0
EndNode2[0]<--->HoM1[0]
REAL
   0.303021 -0.00351901  0.00128345    0.101673
-0.00351901    0.200718  0.00292962 -0.00158231
 0.00128345  0.00292962    0.209393  0.00232355
   0.101673 -0.00158231  0.00232355    0.286868
IMAGINARY
           0    0.0041164  -0.00611326  -0.00169984
  -0.0041164            0   0.00423488 -0.000768844
  0.00611326  -0.00423488            0   0.00366337
  0.00169984  0.000768844  -0.00366337            0
Repeater1[0]<--->EndNode1[0]
REAL
  0.306256 0.00914836 0.00430166   0.110727
0.00914836   0.197635 0.00346514 0.00881701
0.00430166 0.00346514   0.190787 0.00754812
  0.110727 0.00881701 0.00754812   0.305322
IMAGINARY
           0    0.0053338   0.00228917  0.000992667
  -0.0053338            0   -0.0014419   -0.0118202
 -0.00228917    0.0014419            0  -0.00124908
-0.000992667    0.0118202   0.00124908            0
Repeater1[0]<--->HoM1[0]
REAL
   0.303021  0.00128345 -0.00351901    0.101673
 0.00128345    0.209393  0.00292962  0.00232355
-0.00351901  0.00292962    0.200718 -0.00158231
   0.101673  0.00232355 -0.00158231    0.286868
IMAGINARY
           0  -0.00611326    0.0041164  -0.00169984
  0.00611326            0  -0.00423488   0.00366337
  -0.0041164   0.00423488            0 -0.000768844
  0.00169984  -0.00366337  0.000768844            0
EndNode1[0]<--->Repeater1[0]
REAL
   0.301062  0.00520661  0.00267463   0.0970536
 0.00520661    0.192413  0.00300601 -0.00371847
 0.00267463  0.00300601    0.206677 -0.00535573
  0.0970536 -0.00371847 -0.00535573    0.299848
IMAGINARY
          0    0.006867 -0.00602543 -0.00940031
  -0.006867           0  -0.0015531  0.00215639
 0.00602543   0.0015531           0 -0.00775986
 0.00940031 -0.00215639  0.00775986           0
EndNode2[0]<--->HoM1[0]
REAL
    0.313926   0.00354352  -0.00268144     0.106223
  0.00354352     0.194558  -0.00444779 -0.000573002
 -0.00268144  -0.00444779      0.20041   0.00385293
    0.106223 -0.000573002   0.00385293     0.291106
IMAGINARY
          0 -0.00327437  0.00550183 -0.00179729
 0.00327437           0  0.00931382 -0.00458719
-0.00550183 -0.00931382           0 -0.00221344
 0.00179729  0.00458719  0.00221344           0
Repeater1[0]<--->EndNode1[0]
REAL
   0.301062  0.00267463  0.00520661   0.0970536
 0.00267463    0.206677  0.00300601 -0.00535573
 0.00520661  0.00300601    0.192413 -0.00371847
  0.0970536 -0.00535573 -0.00371847    0.299848
IMAGINARY
          0 -0.00602543    0.006867 -0.00940031
 0.00602543           0   0.0015531 -0.00775986
  -0.006867  -0.0015531           0  0.00215639
 0.00940031  0.00775986 -0.00215639           0
Repeater1[0]<--->HoM1[0]
REAL
    0.313926  -0.00268144   0.00354352     0.106223
 -0.00268144      0.20041  -0.00444779   0.00385293
  0.00354352  -0.00444779     0.194558 -0.000573002
    0.106223   0.00385293 -0.000573002     0.291106
IMAGINARY
          0  0.00550183 -0.00327437 -0.00179729
-0.00550183           0 -0.00931382 -0.00221344
 0.00327437  0.00931382           0 -0.00458719
 0.00179729  0.00221344  0.00458719           0
EndNode1[0]<--->Repeater1[0]
REAL
     0.28449   0.00523004  -0.00188074     0.107883
  0.00523004     0.210931  -0.00561026 -0.000212559
 -0.00188074  -0.00561026      0.19616   0.00164795
    0.107883 -0.000212559   0.00164795     0.308419
IMAGINARY
          0 -0.00356022 -0.00466013 -0.00958512
 0.00356022           0  0.00671416  0.00660915
 0.00466013 -0.00671416           0  0.00131135
 0.00958512 -0.00660915 -0.00131135           0
EndNode2[0]<--->HoM1[0]
REAL
   0.303673   0.0108295  0.00891018   0.0896204
  0.0108295    0.200657   0.0095482 -0.00148738
 0.00891018   0.0095482    0.198865  0.00490682
  0.0896204 -0.00148738  0.00490682    0.296805
IMAGINARY
           0   0.00380712  -0.00602056   -0.0015987
 -0.00380712            0    0.0100223  0.000301112
  0.00602056   -0.0100223            0  -0.00501122
   0.0015987 -0.000301112   0.00501122            0
Repeater1[0]<--->EndNode1[0]
REAL
     0.28449  -0.00188074   0.00523004     0.107883
 -0.00188074      0.19616  -0.00561026   0.00164795
  0.00523004  -0.00561026     0.210931 -0.000212559
    0.107883   0.00164795 -0.000212559     0.308419
IMAGINARY
          0 -0.00466013 -0.00356022 -0.00958512
 0.00466013           0 -0.00671416  0.00131135
 0.00356022  0.00671416           0  0.00660915
 0.00958512 -0.00131135 -0.00660915           0
Repeater1[0]<--->HoM1[0]
REAL
   0.303673  0.00891018   0.0108295   0.0896204
 0.00891018    0.198865   0.0095482  0.00490682
  0.0108295   0.0095482    0.200657 -0.00148738
  0.0896204  0.00490682 -0.00148738    0.296805
IMAGINARY
           0  -0.00602056   0.00380712   -0.0015987
  0.00602056            0   -0.0100223  -0.00501122
