EndNode1[0]<--->Repeater1[0]
REAL
   0.480851  0.00113554   -0.005959    0.456206
 0.00113554   0.0221884 -0.00031534 0.000926437
  -0.005959 -0.00031534   0.0255319 -0.00705621
   0.456206 0.000926437 -0.00705621    0.471429
IMAGINARY
          0 -0.00242377  0.00140038  -0.0100781
 0.00242377           0  0.00765239  0.00392039
-0.00140038 -0.00765239           0 -0.00806574
  0.0100781 -0.00392039  0.00806574           0
EndNode2[0]<--->HoM1[0]
REAL
   0.473542  0.00442732  0.00890688    0.455729
 0.00442732   0.0225496  0.00616193 -0.00107822
 0.00890688  0.00616193   0.0183403  0.00487844
   0.455729 -0.00107822  0.00487844    0.485568
IMAGINARY
          0  -0.0105214  0.00963909 -0.00336497
  0.0105214           0  -0.0024821  0.00675943
-0.00963909   0.0024821           0 -0.00618655
 0.00336497 -0.00675943  0.00618655           0
Repeater1[0]<--->EndNode1[0]
REAL
   0.480851   -0.005959  0.00113554    0.456206
  -0.005959   0.0255319 -0.00031534 -0.00705621
 0.00113554 -0.00031534   0.0221884 0.000926437
   0.456206 -0.00705621 0.000926437    0.471429
IMAGINARY
          0  0.00140038 -0.00242377  -0.0100781
-0.00140038           0 -0.00765239 -0.00806574
 0.00242377  0.00765239           0  0.00392039
  0.0100781  0.00806574 -0.00392039           0
Repeater1[0]<--->HoM1[0]
REAL
   0.473542  0.00890688  0.00442732    0.455729
 0.00890688   0.0183403  0.00616193  0.00487844
 0.00442732  0.00616193   0.0225496 -0.00107822
   0.455729  0.00487844 -0.00107822    0.485568
IMAGINARY
          0  0.00963909  -0.0105214 -0.00336497
-0.00963909           0   0.0024821 -0.00618655
  0.0105214  -0.0024821           0  0.00675943
 0.00336497  0.00618655 -0.00675943           0
EndNode1[0]<--->Repeater1[0]
REAL
   0.483374   0.0153943   0.0120861    0.457822
  0.0153943   0.0244861 -0.00109505 -0.00340194
  0.0120861 -0.00109505   0.0166264 -0.00288327
   0.457822 -0.00340194 -0.00288327    0.475514
IMAGINARY
           0   -0.0052445  -0.00483478   0.00506801
   0.0052445            0   0.00036677   0.00909528
  0.00483478  -0.00036677            0  0.000679675
 -0.00506801  -0.00909528 -0.000679675            0
EndNode2[0]<--->HoM1[0]
REAL
    0.465957  -0.00170037  0.000383497     0.455437
 -0.00170037    0.0203647 -0.000458368  -0.00276871
 0.000383497 -0.000458368    0.0224924   0.00378743
    0.455437  -0.00276871   0.00378743     0.491185
IMAGINARY
           0   0.00642676  -0.00878712   0.00417892
 -0.00642676            0 -0.000359881  -0.00667996
  0.00878712  0.000359881            0   0.00597753
 -0.00417892   0.00667996  -0.00597753            0
Repeater1[0]<--->EndNode1[0]
REAL
   0.483374   0.0120861   0.0153943    0.457822
  0.0120861   0.0166264 -0.00109505 -0.00288327
  0.0153943 -0.00109505   0.0244861 -0.00340194
   0.457822 -0.00288327 -0.00340194    0.475514
IMAGINARY
           0  -0.00483478   -0.0052445   0.00506801
  0.00483478            0  -0.00036677  0.000679675
   0.0052445   0.00036677            0   0.00909528
 -0.00506801 -0.000679675  -0.00909528            0
Repeater1[0]<--->HoM1[0]
REAL
    0.465957  0.000383497  -0.00170037     0.455437
 0.000383497    0.0224924 -0.000458368   0.00378743
 -0.00170037 -0.000458368    0.0203647  -0.00276871
    0.455437   0.00378743  -0.00276871     0.491185
IMAGINARY
           0  -0.00878712   0.00642676   0.00417892
  0.00878712            0  0.000359881   0.00597753
 -0.00642676 -0.000359881            0  -0.00667996
 -0.00417892  -0.00597753   0.00667996            0
EndNode1[0]<--->Repeater1[0]
REAL
    0.479042   0.00357362   0.00821329     0.456825
  0.00357362    0.0230539 -0.000430084   0.00539514
  0.00821329 -0.000430084    0.0227545    0.0138393
    0.456825   0.00539514    0.0138393      0.47515
IMAGINARY
           0    0.0062218   0.00377341 -0.000543329
  -0.0062218            0  -0.00346902  -0.00798774
 -0.00377341   0.00346902            0  0.000400719
 0.000543329   0.00798774 -0.000400719            0
EndNode2[0]<--->HoM1[0]
REAL
   0.474205 -0.00691106  0.00330475    0.456512
-0.00691106   0.0188962 0.000467793 -0.00902076
 0.00330475 0.000467793   0.0224955  0.00691106
   0.456512 -0.00902076  0.00691106    0.484403
IMAGINARY
           0   0.00211074   0.00634987    0.0067232
 -0.00211074            0 -0.000170318 -0.000244859
 -0.00634987  0.000170318            0  -0.00760525
  -0.0067232  0.000244859   0.00760525            0
Repeater1[0]<--->EndNode1[0]
REAL
    0.479042   0.00821329   0.00357362     0.456825
  0.00821329    0.0227545 -0.000430084    0.0138393
  0.00357362 -0.000430084    0.0230539   0.00539514
    0.456825    0.0138393   0.00539514      0.47515
IMAGINARY
           0   0.00377341    0.0062218 -0.000543329
 -0.00377341            0   0.00346902  0.000400719
  -0.0062218  -0.00346902            0  -0.00798774
 0.000543329 -0.000400719   0.00798774            0
Repeater1[0]<--->HoM1[0]
REAL
   0.474205  0.00330475 -0.00691106    0.456512
 0.00330475   0.0224955 0.000467793  0.00691106
-0.00691106 0.000467793   0.0188962 -0.00902076
   0.456512  0.00691106 -0.00902076    0.484403
IMAGINARY
           0   0.00634987   0.00211074    0.0067232
 -0.00634987            0  0.000170318  -0.00760525
 -0.00211074 -0.000170318            0 -0.000244859
  -0.0067232   0.00760525  0.000244859            0
EndNode1[0]<--->Repeater1[0]
REAL
    0.482218   0.00636008   0.00843515     0.458724
  0.00636008    0.0201929   0.00295118   -0.0018992
  0.00843515   0.00295118    0.0204943 -0.000715395
    0.458724   -0.0018992 -0.000715395     0.477095
IMAGINARY
           0 -0.000370442   0.00292209   0.00455402
 0.000370442            0  -0.00634186   0.00998976
 -0.00292209   0.00634186            0   -0.0116509
 -0.00455402  -0.00998976    0.0116509            0
EndNode2[0]<--->HoM1[0]
REAL
   0.479809 -0.00625803  0.00242855    0.455374
-0.00625803   0.0185462  0.00262466 -0.00347115
 0.00242855  0.00262466   0.0197427  0.00193869
   0.455374 -0.00347115  0.00193869    0.481902
IMAGINARY
          0   0.0032836 -0.00366205  0.00698802
 -0.0032836           0  0.00653361   0.0017304
 0.00366205 -0.00653361           0 -0.00164913
-0.00698802  -0.0017304  0.00164913           0
Repeater1[0]<--->EndNode1[0]
REAL
    0.482218   0.00843515   0.00636008     0.458724
  0.00843515    0.0204943   0.00295118 -0.000715395
  0.00636008   0.00295118    0.0201929   -0.0018992
    0.458724 -0.000715395   -0.0018992     0.477095
IMAGINARY
           0   0.00292209 -0.000370442   0.00455402
 -0.00292209            0   0.00634186   -0.0116509
 0.000370442  -0.00634186            0   0.00998976
 -0.00455402    0.0116509  -0.00998976            0
Repeater1[0]<--->HoM1[0]
REAL
   0.479809  0.00242855 -0.00625803    0.455374
 0.00242855   0.0197427  0.00262466  0.00193869
-0.00625803  0.00262466   0.0185462 -0.00347115
   0.455374  0.00193869 -0.00347115    0.481902
IMAGINARY
          0 -0.00366205   0.0032836  0.00698802
 0.00366205           0 -0.00653361 -0.00164913
 -0.0032836  0.00653361           0   0.0017304
-0.00698802  0.00164913  -0.0017304           0
EndNode1[0]<--->Repeater1[0]
REAL
    0.485706   0.00365319 -0.000204505     0.455925
  0.00365319    0.0176835   0.00123871  -0.00142031
-0.000204505   0.00123871    0.0212202  -0.00261921
    0.455925  -0.00142031  -0.00261921     0.475391
IMAGINARY
          0 -0.00231855  0.00628768 -0.00223267
 0.00231855           0 -0.00816874  0.00643734
-0.00628768  0.00816874           0 -0.00668207
 0.00223267 -0.00643734  0.00668207           0
EndNode2[0]<--->HoM1[0]
REAL
    0.472788  -0.00538511  -0.00443072     0.452196
 -0.00538511    0.0215871 -0.000157199   -0.0132551
 -0.00443072 -0.000157199    0.0231073  -0.00930314
    0.452196   -0.0132551  -0.00930314     0.482517
IMAGINARY
           0   0.00309711  0.000141892  -0.00179758
 -0.00309711            0 -0.000182312   -0.0100561
-0.000141892  0.000182312            0   0.00415356
  0.00179758    0.0100561  -0.00415356            0
Repeater1[0]<--->EndNode1[0]
REAL
    0.485706 -0.000204505   0.00365319     0.455925
-0.000204505    0.0212202   0.00123871  -0.00261921
  0.00365319   0.00123871    0.0176835  -0.00142031
    0.455925  -0.00261921  -0.00142031     0.475391
IMAGINARY
          0  0.00628768 -0.00231855 -0.00223267
-0.00628768           0  0.00816874 -0.00668207
 0.00231855 -0.00816874           0  0.00643734
 0.00223267  0.00668207 -0.00643734           0
Repeater1[0]<--->HoM1[0]
REAL
    0.472788  -0.00443072  -0.00538511     0.452196
 -0.00443072    0.0231073 -0.000157199  -0.00930314
 -0.00538511 -0.000157199    0.0215871   -0.0132551
    0.452196  -0.00930314   -0.0132551     0.482517
IMAGINARY
           0  0.000141892   0.00309711  -0.00179758
-0.000141892            0  0.000182312   0.00415356
 -0.00309711 -0.000182312            0   -0.0100561
  0.00179758  -0.00415356    0.0100561            0
EndNode1[0]<--->Repeater1[0]
REAL
    0.47229  0.00434971 -0.00579188    0.457726
 0.00434971   0.0225335 0.000317775 -0.00160323
-0.00579188 0.000317775   0.0213155 -0.00842456
   0.457726 -0.00160323 -0.00842456    0.483861
IMAGINARY
          0  0.00166764  0.00464907   0.0054084
-0.00166764           0 -0.00890287  0.00164967
-0.00464907  0.00890287           0  -0.0043671
 -0.0054084 -0.00164967   0.0043671           0
EndNode2[0]<--->HoM1[0]
REAL
      0.475  0.00697565 5.39803e-06    0.457034
 0.00697565   0.0215116  0.00162599 0.000899852
5.39803e-06  0.00162599   0.0212209 -0.00395815
   0.457034 0.000899852 -0.00395815    0.482267
IMAGINARY
           0  -0.00539115   0.00293287   -0.0137213
  0.00539115            0 -0.000428243  -0.00338482
 -0.00293287  0.000428243            0    0.0052405
   0.0137213   0.00338482   -0.0052405            0
Repeater1[0]<--->EndNode1[0]
REAL
    0.47229 -0.00579188  0.00434971    0.457726
-0.00579188   0.0213155 0.000317775 -0.00842456
 0.00434971 0.000317775   0.0225335 -0.00160323
   0.457726 -0.00842456 -0.00160323    0.483861
IMAGINARY
          0  0.00464907  0.00166764   0.0054084
-0.00464907           0  0.00890287  -0.0043671
-0.00166764 -0.00890287           0  0.00164967
 -0.0054084   0.0043671 -0.00164967           0
Repeater1[0]<--->HoM1[0]
REAL
      0.475 5.39803e-06  0.00697565    0.457034
5.39803e-06   0.0212209  0.00162599 -0.00395815
 0.00697565  0.00162599   0.0215116 0.000899852
   0.457034 -0.00395815 0.000899852    0.482267
IMAGINARY
           0   0.00293287  -0.00539115   -0.0137213
 -0.00293287            0  0.000428243    0.0052405
  0.00539115 -0.000428243            0  -0.00338482
   0.0137213   -0.0052405   0.00338482            0
EndNode1[0]<--->Repeater1[0]
REAL
   0.471618  -0.0029894  0.00430837    0.455332
 -0.0029894    0.022343 0.000910367  0.00327623
 0.00430837 0.000910367    0.022343  0.00648998
   0.455332  0.00327623  0.00648998    0.483696
IMAGINARY
          0 -0.00694148  0.00437892  0.00285998
 0.00694148           0  0.00556268  0.00543092
-0.00437892 -0.00556268           0 -0.00981071
-0.00285998 -0.00543092  0.00981071           0
EndNode2[0]<--->HoM1[0]
REAL
   0.477425 -0.00486006   0.0014322    0.456504
-0.00486006    0.018914  0.00396671 0.000378301
  0.0014322  0.00396671   0.0213545  0.00576531
   0.456504 0.000378301  0.00576531    0.482306
IMAGINARY
          0  -0.0106882  0.00118088  0.00226146
  0.0106882           0  0.00180595   0.0107594
-0.00118088 -0.00180595           0 -0.00752077
-0.00226146  -0.0107594  0.00752077           0
Repeater1[0]<--->EndNode1[0]
REAL
   0.471618  0.00430837  -0.0029894    0.455332
 0.00430837    0.022343 0.000910367  0.00648998
 -0.0029894 0.000910367    0.022343  0.00327623
   0.455332  0.00648998  0.00327623    0.483696
IMAGINARY
          0  0.00437892 -0.00694148  0.00285998
-0.00437892           0 -0.00556268 -0.00981071
 0.00694148  0.00556268           0  0.00543092
-0.00285998  0.00981071 -0.00543092           0
Repeater1[0]<--->HoM1[0]
REAL
   0.477425   0.0014322 -0.00486006    0.456504
  0.0014322   0.0213545  0.00396671  0.00576531
-0.00486006  0.00396671    0.018914 0.000378301
   0.456504  0.00576531 0.000378301    0.482306
IMAGINARY
          0  0.00118088  -0.0106882  0.00226146
-0.00118088           0 -0.00180595 -0.00752077
  0.0106882  0.00180595           0   0.0107594
-0.00226146  0.00752077  -0.0107594           0
EndNode1[0]<--->Repeater1[0]
REAL
  0.481909 0.00292989 0.00713011   0.457905
0.00292989  0.0194588 0.00181871 0.00864987
0.00713011 0.00181871  0.0249316 0.00743981
  0.457905 0.00864987 0.00743981     0.4737
IMAGINARY
           0    0.0047065   0.00189342 -0.000855117
  -0.0047065            0    -0.011202   -0.0105878
 -0.00189342     0.011202            0 -0.000432998
 0.000855117    0.0105878  0.000432998            0
EndNode2[0]<--->HoM1[0]
REAL
  0.486865 0.00684262  0.0134759   0.460398
0.00684262  0.0160537 0.00131565 0.00460372
 0.0134759 0.00131565  0.0236427  0.0100216
  0.460398 0.00460372  0.0100216   0.473438
IMAGINARY
           0 -0.000374029   -0.0090202  -0.00544857
 0.000374029            0   0.00152818  -0.00244911
   0.0090202  -0.00152818            0    0.0106034
  0.00544857   0.00244911   -0.0106034            0
Repeater1[0]<--->EndNode1[0]
REAL
  0.481909 0.00713011 0.00292989   0.457905
0.00713011  0.0249316 0.00181871 0.00743981
0.00292989 0.00181871  0.0194588 0.00864987
  0.457905 0.00743981 0.00864987     0.4737
IMAGINARY
           0   0.00189342    0.0047065 -0.000855117
 -0.00189342            0     0.011202 -0.000432998
  -0.0047065    -0.011202            0   -0.0105878
 0.000855117  0.000432998    0.0105878            0
Repeater1[0]<--->HoM1[0]
REAL
  0.486865  0.0134759 0.00684262   0.460398
 0.0134759  0.0236427 0.00131565  0.0100216
0.00684262 0.00131565  0.0160537 0.00460372
  0.460398  0.0100216 0.00460372   0.473438
IMAGINARY
           0   -0.0090202 -0.000374029  -0.00544857
   0.0090202            0  -0.00152818    0.0106034
 0.000374029   0.00152818            0  -0.00244911
  0.00544857   -0.0106034   0.00244911            0
EndNode1[0]<--->Repeater1[0]
REAL
    0.486897   0.00284479   0.00853001     0.458242
  0.00284479    0.0211435 -0.000985061   0.00735007
  0.00853001 -0.000985061    0.0193568    0.0112543
    0.458242   0.00735007    0.0112543     0.472603
IMAGINARY
           0  0.000882693  -0.00398641   0.00320888
-0.000882693            0  -0.00629912 -0.000305432
  0.00398641   0.00629912            0   0.00248947
 -0.00320888  0.000305432  -0.00248947            0
EndNode2[0]<--->HoM1[0]
REAL
   0.473796 0.000468934 0.000582639    0.465419
0.000468934   0.0175704 0.000130402 -0.00934917
0.000582639 0.000130402   0.0160557  -0.0055443
   0.465419 -0.00934917  -0.0055443    0.492578
IMAGINARY
          0 -0.00173695 -0.00595079   0.0075015
 0.00173695           0 -0.00779544  0.00912013
 0.00595079  0.00779544           0 -0.00475263
 -0.0075015 -0.00912013  0.00475263           0
Repeater1[0]<--->EndNode1[0]
REAL
    0.486897   0.00853001   0.00284479     0.458242
  0.00853001    0.0193568 -0.000985061    0.0112543
  0.00284479 -0.000985061    0.0211435   0.00735007
    0.458242    0.0112543   0.00735007     0.472603
IMAGINARY
           0  -0.00398641  0.000882693   0.00320888
  0.00398641            0   0.00629912   0.00248947
-0.000882693  -0.00629912            0 -0.000305432
 -0.00320888  -0.00248947  0.000305432            0
Repeater1[0]<--->HoM1[0]
REAL
   0.473796 0.000582639 0.000468934    0.465419
0.000582639   0.0160557 0.000130402  -0.0055443
0.000468934 0.000130402   0.0175704 -0.00934917
   0.465419  -0.0055443 -0.00934917    0.492578
IMAGINARY
          0 -0.00595079 -0.00173695   0.0075015
 0.00595079           0  0.00779544 -0.00475263
 0.00173695 -0.00779544           0  0.00912013
 -0.0075015  0.00475263 -0.00912013           0
EndNode1[0]<--->Repeater1[0]
REAL
  0.474762 0.00466305 0.00454002   0.454708
0.00466305  0.0204869 0.00111651 0.00438585
0.00454002 0.00111651  0.0187055 0.00244739
  0.454708 0.00438585 0.00244739   0.486045
IMAGINARY
           0  -0.00278002 -0.000645478   0.00797879
  0.00278002            0   0.00464141  -0.00423185
 0.000645478  -0.00464141            0   0.00558818
 -0.00797879   0.00423185  -0.00558818            0
EndNode2[0]<--->HoM1[0]
REAL
   0.477926 -0.00236487 -0.00675095    0.455989
-0.00236487   0.0213333  0.00475492  0.00805947
-0.00675095  0.00475492   0.0216296  0.00221948
   0.455989  0.00805947  0.00221948    0.479111
IMAGINARY
           0   0.00222139  -0.00684337  -0.00330307
 -0.00222139            0  0.000643498  -0.00241589
  0.00684337 -0.000643498            0    0.0107416
  0.00330307   0.00241589   -0.0107416            0
Repeater1[0]<--->EndNode1[0]
REAL
  0.474762 0.00454002 0.00466305   0.454708
0.00454002  0.0187055 0.00111651 0.00244739
0.00466305 0.00111651  0.0204869 0.00438585
  0.454708 0.00244739 0.00438585   0.486045
IMAGINARY
           0 -0.000645478  -0.00278002   0.00797879
 0.000645478            0  -0.00464141   0.00558818
  0.00278002   0.00464141            0  -0.00423185
 -0.00797879  -0.00558818   0.00423185            0
Repeater1[0]<--->HoM1[0]
REAL
   0.477926 -0.00675095 -0.00236487    0.455989
-0.00675095   0.0216296  0.00475492  0.00221948
-0.00236487  0.00475492   0.0213333  0.00805947
   0.455989  0.00221948  0.00805947    0.479111
IMAGINARY
           0  -0.00684337   0.00222139  -0.00330307
  0.00684337            0 -0.000643498    0.0107416
 -0.00222139  0.000643498            0  -0.00241589
  0.00330307   -0.0107416   0.00241589            0
EndNode1[0]<--->Repeater1[0]
REAL
  0.477516 0.00869562 0.00550171   0.455655
0.00869562  0.0198838 3.9594e-05 0.00475699
0.00550171 3.9594e-05  0.0217192 0.00245514
  0.455655 0.00475699 0.00245514   0.480881
IMAGINARY
          0  0.00427612 -0.00619082 -0.00872219
-0.00427612           0   0.0109069  0.00157361
 0.00619082  -0.0109069           0  0.00123476
 0.00872219 -0.00157361 -0.00123476           0
EndNode2[0]<--->HoM1[0]
REAL
   0.482977  -0.0121448 -0.00736359    0.453221
 -0.0121448   0.0171738  0.00199396 -0.00721411
-0.00736359  0.00199396   0.0195842 -0.00273343
   0.453221 -0.00721411 -0.00273343    0.480265
IMAGINARY
          0  0.00247291 -0.00317506  0.00258232
-0.00247291           0  0.00332087  0.00164132
 0.00317506 -0.00332087           0 -0.00554039
-0.00258232 -0.00164132  0.00554039           0
Repeater1[0]<--->EndNode1[0]
REAL
  0.477516 0.00550171 0.00869562   0.455655
0.00550171  0.0217192 3.9594e-05 0.00245514
0.00869562 3.9594e-05  0.0198838 0.00475699
  0.455655 0.00245514 0.00475699   0.480881
IMAGINARY
          0 -0.00619082  0.00427612 -0.00872219
 0.00619082           0  -0.0109069  0.00123476
-0.00427612   0.0109069           0  0.00157361
 0.00872219 -0.00123476 -0.00157361           0
Repeater1[0]<--->HoM1[0]
REAL
   0.482977 -0.00736359  -0.0121448    0.453221
-0.00736359   0.0195842  0.00199396 -0.00273343
 -0.0121448  0.00199396   0.0171738 -0.00721411
   0.453221 -0.00273343 -0.00721411    0.480265
IMAGINARY
          0 -0.00317506  0.00247291  0.00258232
 0.00317506           0 -0.00332087 -0.00554039
-0.00247291  0.00332087           0  0.00164132
-0.00258232  0.00554039 -0.00164132           0
EndNode1[0]<--->Repeater1[0]
REAL
     0.47622   0.00793985   0.00264128     0.454884
  0.00793985    0.0256098 -0.000352829   0.00575055
  0.00264128 -0.000352829    0.0277439  -0.00351507
    0.454884   0.00575055  -0.00351507     0.470427
IMAGINARY
           0  -0.00654111 -0.000571158  -0.00538027
  0.00654111            0   0.00418339    0.0028093
 0.000571158  -0.00418339            0   0.00430297
  0.00538027   -0.0028093  -0.00430297            0
EndNode2[0]<--->HoM1[0]
REAL
    0.482314  -0.00440191  -0.00466042     0.460433
 -0.00440191    0.0182854  -0.00156644 -0.000214657
 -0.00466042  -0.00156644    0.0230815  -0.00199662
    0.460433 -0.000214657  -0.00199662     0.476319
IMAGINARY
           0  0.000140956   0.00327804   0.00534045
-0.000140956            0  -0.00429286  -0.00137801
 -0.00327804   0.00429286            0  0.000882136
 -0.00534045   0.00137801 -0.000882136            0
Repeater1[0]<--->EndNode1[0]
REAL
     0.47622   0.00264128   0.00793985     0.454884
  0.00264128    0.0277439 -0.000352829  -0.00351507
  0.00793985 -0.000352829    0.0256098   0.00575055
    0.454884  -0.00351507   0.00575055     0.470427
IMAGINARY
           0 -0.000571158  -0.00654111  -0.00538027
 0.000571158            0  -0.00418339   0.00430297
  0.00654111   0.00418339            0    0.0028093
  0.00538027  -0.00430297   -0.0028093            0
Repeater1[0]<--->HoM1[0]
REAL
    0.482314  -0.00466042  -0.00440191     0.460433
 -0.00466042    0.0230815  -0.00156644  -0.00199662
 -0.00440191  -0.00156644    0.0182854 -0.000214657
    0.460433  -0.00199662 -0.000214657     0.476319
IMAGINARY
           0   0.00327804  0.000140956   0.00534045
 -0.00327804            0   0.00429286  0.000882136
-0.000140956  -0.00429286            0  -0.00137801
 -0.00534045 -0.000882136   0.00137801            0
EndNode1[0]<--->Repeater1[0]
REAL
   0.495143 0.000368599 7.74039e-05    0.460793
0.000368599   0.0217839 -0.00129352 -0.00275757
7.74039e-05 -0.00129352   0.0220783 -0.00185758
   0.460793 -0.00275757 -0.00185758    0.460995
IMAGINARY
           0   0.00396978  0.000442692  -0.00747177
 -0.00396978            0    0.0139968 -0.000594345
-0.000442692   -0.0139968            0  -0.00290821
  0.00747177  0.000594345   0.00290821            0
EndNode2[0]<--->HoM1[0]
REAL
   0.499104 0.000462724 -0.00127743    0.454826
0.000462724   0.0221027 -0.00619313  0.00383075
-0.00127743 -0.00619313   0.0221027  0.00719723
   0.454826  0.00383075  0.00719723    0.456691
IMAGINARY
           0   0.00202265   0.00116102   0.00426798
 -0.00202265            0 -0.000679458   -0.0034099
 -0.00116102  0.000679458            0   0.00142563
 -0.00426798    0.0034099  -0.00142563            0
Repeater1[0]<--->EndNode1[0]
REAL
   0.495143 7.74039e-05 0.000368599    0.460793
7.74039e-05   0.0220783 -0.00129352 -0.00185758
0.000368599 -0.00129352   0.0217839 -0.00275757
   0.460793 -0.00185758 -0.00275757    0.460995
IMAGINARY
           0  0.000442692   0.00396978  -0.00747177
-0.000442692            0   -0.0139968  -0.00290821
 -0.00396978    0.0139968            0 -0.000594345
  0.00747177   0.00290821  0.000594345            0
Repeater1[0]<--->HoM1[0]
REAL
   0.499104 -0.00127743 0.000462724    0.454826
-0.00127743   0.0221027 -0.00619313  0.00719723
0.000462724 -0.00619313   0.0221027  0.00383075
   0.454826  0.00719723  0.00383075    0.456691
IMAGINARY
           0   0.00116102   0.00202265   0.00426798
 -0.00116102            0  0.000679458   0.00142563
 -0.00202265 -0.000679458            0   -0.0034099
 -0.00426798  -0.00142563    0.0034099            0
EndNode1[0]<--->Repeater1[0]
REAL
  0.485155 0.00223876  0.0160576   0.457683
0.00223876  0.0211203 0.00151876 -0.0101017
 0.0160576 0.00151876  0.0192837 0.00401496
  0.457683 -0.0101017 0.00401496   0.474441
IMAGINARY
          0 -0.00784904  0.00631497 -0.00323433
 0.00784904           0  0.00124596  0.00966676
-0.00631497 -0.00124596           0  -0.0123945
 0.00323433 -0.00966676   0.0123945           0
EndNode2[0]<--->HoM1[0]
REAL
       0.48 -0.00450849  -0.0108458    0.455375
-0.00450849   0.0202941 -0.00109232 -0.00485062
 -0.0108458 -0.00109232   0.0202941 -0.00631138
   0.455375 -0.00485062 -0.00631138    0.479412
IMAGINARY
           0 -0.000475335   0.00374496    0.0130307
 0.000475335            0  0.000750003   0.00508785
 -0.00374496 -0.000750003            0   -0.0102502
  -0.0130307  -0.00508785    0.0102502            0
Repeater1[0]<--->EndNode1[0]
REAL
  0.485155  0.0160576 0.00223876   0.457683
 0.0160576  0.0192837 0.00151876 0.00401496
0.00223876 0.00151876  0.0211203 -0.0101017
  0.457683 0.00401496 -0.0101017   0.474441
IMAGINARY
          0  0.00631497 -0.00784904 -0.00323433
-0.00631497           0 -0.00124596  -0.0123945
 0.00784904  0.00124596           0  0.00966676
 0.00323433   0.0123945 -0.00966676           0
Repeater1[0]<--->HoM1[0]
REAL
       0.48  -0.0108458 -0.00450849    0.455375
 -0.0108458   0.0202941 -0.00109232 -0.00631138
-0.00450849 -0.00109232   0.0202941 -0.00485062
   0.455375 -0.00631138 -0.00485062    0.479412
IMAGINARY
           0   0.00374496 -0.000475335    0.0130307
 -0.00374496            0 -0.000750003   -0.0102502
 0.000475335  0.000750003            0   0.00508785
  -0.0130307    0.0102502  -0.00508785            0
EndNode1[0]<--->Repeater1[0]
REAL
   0.478248 0.000614221  0.00298404    0.458083
0.000614221      0.0219 -0.00228888  0.00328836
 0.00298404 -0.00228888   0.0195324  0.00625555
   0.458083  0.00328836  0.00625555     0.48032
IMAGINARY
          0 -0.00232228  0.00132175 -0.00915828
 0.00232228           0   0.0103184 -0.00657543
-0.00132175  -0.0103184           0  0.00937722
 0.00915828  0.00657543 -0.00937722           0
EndNode2[0]<--->HoM1[0]
REAL
   0.473764  0.00381261 -0.00590169    0.457965
 0.00381261   0.0167785 0.000230838  0.00424756
-0.00590169 0.000230838   0.0247102  0.00205205
   0.457965  0.00424756  0.00205205    0.484747
IMAGINARY
           0  -0.00250069  0.000394721  -0.00535698
  0.00250069            0 -0.000921734   0.00500096
-0.000394721  0.000921734            0   0.00160141
  0.00535698  -0.00500096  -0.00160141            0
Repeater1[0]<--->EndNode1[0]
REAL
   0.478248  0.00298404 0.000614221    0.458083
 0.00298404   0.0195324 -0.00228888  0.00625555
0.000614221 -0.00228888      0.0219  0.00328836
   0.458083  0.00625555  0.00328836     0.48032
IMAGINARY
          0  0.00132175 -0.00232228 -0.00915828
-0.00132175           0  -0.0103184  0.00937722
 0.00232228   0.0103184           0 -0.00657543
 0.00915828 -0.00937722  0.00657543           0
Repeater1[0]<--->HoM1[0]
REAL
   0.473764 -0.00590169  0.00381261    0.457965
-0.00590169   0.0247102 0.000230838  0.00205205
 0.00381261 0.000230838   0.0167785  0.00424756
   0.457965  0.00205205  0.00424756    0.484747
IMAGINARY
           0  0.000394721  -0.00250069  -0.00535698
-0.000394721            0  0.000921734   0.00160141
  0.00250069 -0.000921734            0   0.00500096
  0.00535698  -0.00160141  -0.00500096            0
EndNode1[0]<--->Repeater1[0]
REAL
   0.485344 -0.00301481 -0.00826569    0.458536
-0.00301481   0.0253008 -0.00378472  -0.0039515
-0.00826569 -0.00378472   0.0206726 -0.00497915
   0.458536  -0.0039515 -0.00497915    0.468683
IMAGINARY
           0  -0.00317887    0.0020969 -0.000868762
  0.00317887            0   0.00579791  0.000594492
  -0.0020969  -0.00579791            0   0.00587026
 0.000868762 -0.000594492  -0.00587026            0
EndNode2[0]<--->HoM1[0]
REAL
   0.482861 0.000469878 -0.00564332    0.460046
0.000469878   0.0206856 -0.00113372 -0.00425913
-0.00564332 -0.00113372   0.0230496 -0.00948555
   0.460046 -0.00425913 -0.00948555    0.473404
IMAGINARY
          0  0.00118723  0.00702855  -0.0081217
-0.00118723           0  0.00632206 -0.00326689
-0.00702855 -0.00632206           0 -0.00224049
  0.0081217  0.00326689  0.00224049           0
Repeater1[0]<--->EndNode1[0]
REAL
   0.485344 -0.00826569 -0.00301481    0.458536
-0.00826569   0.0206726 -0.00378472 -0.00497915
-0.00301481 -0.00378472   0.0253008  -0.0039515
   0.458536 -0.00497915  -0.0039515    0.468683
IMAGINARY
           0    0.0020969  -0.00317887 -0.000868762
  -0.0020969            0  -0.00579791   0.00587026
  0.00317887   0.00579791            0  0.000594492
 0.000868762  -0.00587026 -0.000594492            0
Repeater1[0]<--->HoM1[0]
REAL
   0.482861 -0.00564332 0.000469878    0.460046
-0.00564332   0.0230496 -0.00113372 -0.00948555
0.000469878 -0.00113372   0.0206856 -0.00425913
   0.460046 -0.00948555 -0.00425913    0.473404
IMAGINARY
          0  0.00702855  0.00118723  -0.0081217
-0.00702855           0 -0.00632206 -0.00224049
-0.00118723  0.00632206           0 -0.00326689
  0.0081217  0.00224049  0.00326689           0
EndNode1[0]<--->Repeater1[0]
REAL
   0.467747  -0.0019491 -0.00719407    0.461078
 -0.0019491   0.0174017 -0.00434626  0.00522736
-0.00719407 -0.00434626    0.019802  0.00452096
   0.461078  0.00522736  0.00452096     0.49505
IMAGINARY
          0  0.00274575  0.00132821  0.00334784
-0.00274575           0 -0.00408379  0.00239757
-0.00132821  0.00408379           0 -0.00647153
-0.00334784 -0.00239757  0.00647153           0
EndNode2[0]<--->HoM1[0]
REAL
   0.49066 0.00229792 0.00812378   0.456991
0.00229792  0.0169294 0.00401725 0.00207418
0.00812378 0.00401725  0.0213076 0.00849992
  0.456991 0.00207418 0.00849992   0.471103
IMAGINARY
           0  -0.00606392 -0.000679477  -0.00428871
  0.00606392            0   -0.0024639    0.0112984
 0.000679477    0.0024639            0  0.000602751
  0.00428871   -0.0112984 -0.000602751            0
Repeater1[0]<--->EndNode1[0]
REAL
   0.467747 -0.00719407  -0.0019491    0.461078
-0.00719407    0.019802 -0.00434626  0.00452096
 -0.0019491 -0.00434626   0.0174017  0.00522736
   0.461078  0.00452096  0.00522736     0.49505
IMAGINARY
          0  0.00132821  0.00274575  0.00334784
-0.00132821           0  0.00408379 -0.00647153
-0.00274575 -0.00408379           0  0.00239757
-0.00334784  0.00647153 -0.00239757           0
Repeater1[0]<--->HoM1[0]
REAL
   0.49066 0.00812378 0.00229792   0.456991
0.00812378  0.0213076 0.00401725 0.00849992
0.00229792 0.00401725  0.0169294 0.00207418
  0.456991 0.00849992 0.00207418   0.471103
IMAGINARY
           0 -0.000679477  -0.00606392  -0.00428871
 0.000679477            0    0.0024639  0.000602751
  0.00606392   -0.0024639            0    0.0112984
  0.00428871 -0.000602751   -0.0112984            0
EndNode1[0]<--->Repeater1[0]
REAL
    0.463019 -0.000866912  0.000314628     0.458248
-0.000866912    0.0171377   0.00388225  -0.00149806
 0.000314628   0.00388225    0.0216476   -0.0032751
    0.458248  -0.00149806   -0.0032751     0.498196
IMAGINARY
          0 -0.00721953  0.00640724  0.00225645
 0.00721953           0 -0.00554199  0.00865208
-0.00640724  0.00554199           0 -0.00662288
-0.00225645 -0.00865208  0.00662288           0
EndNode2[0]<--->HoM1[0]
REAL
    0.481892  -0.00249516  0.000959346      0.45743
 -0.00249516    0.0224484 -0.000841045   0.00260655
 0.000959346 -0.000841045    0.0212511   0.00792151
     0.45743   0.00260655   0.00792151     0.474409
IMAGINARY
          0  0.00581776 -0.00715602   0.0120607
-0.00581776           0  0.00364222 -0.00193489
 0.00715602 -0.00364222           0   0.0068499
 -0.0120607  0.00193489  -0.0068499           0
Repeater1[0]<--->EndNode1[0]
REAL
    0.463019  0.000314628 -0.000866912     0.458248
 0.000314628    0.0216476   0.00388225   -0.0032751
-0.000866912   0.00388225    0.0171377  -0.00149806
    0.458248   -0.0032751  -0.00149806     0.498196
IMAGINARY
          0  0.00640724 -0.00721953  0.00225645
-0.00640724           0  0.00554199 -0.00662288
 0.00721953 -0.00554199           0  0.00865208
-0.00225645  0.00662288 -0.00865208           0
Repeater1[0]<--->HoM1[0]
REAL
    0.481892  0.000959346  -0.00249516      0.45743
 0.000959346    0.0212511 -0.000841045   0.00792151
 -0.00249516 -0.000841045    0.0224484   0.00260655
     0.45743   0.00792151   0.00260655     0.474409
IMAGINARY
          0 -0.00715602  0.00581776   0.0120607
 0.00715602           0 -0.00364222   0.0068499
-0.00581776  0.00364222           0 -0.00193489
 -0.0120607  -0.0068499  0.00193489           0
EndNode1[0]<--->Repeater1[0]
REAL
   0.484335  0.00321239  0.00109475    0.456949
 0.00321239   0.0247197 -0.00144738  -0.0103907
 0.00109475 -0.00144738   0.0206956  -0.0100701
   0.456949  -0.0103907  -0.0100701     0.47025
IMAGINARY
           0  -0.00602195  0.000982107  0.000451845
  0.00602195            0  -0.00818146   0.00188193
-0.000982107   0.00818146            0  -0.00287163
-0.000451845  -0.00188193   0.00287163            0
EndNode2[0]<--->HoM1[0]
REAL
   0.488678  0.00177825  0.00835084    0.460863
 0.00177825   0.0220318  0.00200063 -0.00122072
 0.00835084  0.00200063   0.0208078  0.00267807
   0.460863 -0.00122072  0.00267807    0.468482
IMAGINARY
           0  -0.00335687  -0.00352962  0.000885865
  0.00335687            0   -0.0112014   0.00322714
  0.00352962    0.0112014            0   0.00486927
-0.000885865  -0.00322714  -0.00486927            0
Repeater1[0]<--->EndNode1[0]
REAL
   0.484335  0.00109475  0.00321239    0.456949
 0.00109475   0.0206956 -0.00144738  -0.0100701
 0.00321239 -0.00144738   0.0247197  -0.0103907
   0.456949  -0.0100701  -0.0103907     0.47025
IMAGINARY
           0  0.000982107  -0.00602195  0.000451845
-0.000982107            0   0.00818146  -0.00287163
  0.00602195  -0.00818146            0   0.00188193
-0.000451845   0.00287163  -0.00188193            0
Repeater1[0]<--->HoM1[0]
REAL
   0.488678  0.00835084  0.00177825    0.460863
 0.00835084   0.0208078  0.00200063  0.00267807
 0.00177825  0.00200063   0.0220318 -0.00122072
   0.460863  0.00267807 -0.00122072    0.468482
IMAGINARY
           0  -0.00352962  -0.00335687  0.000885865
  0.00352962            0    0.0112014   0.00486927
  0.00335687   -0.0112014            0   0.00322714
-0.000885865  -0.00486927  -0.00322714            0
EndNode1[0]<--->Repeater1[0]
REAL
   0.486728   0.0112677   0.0023529    0.456703
  0.0112677   0.0184909 -0.00196519  0.00700136
  0.0023529 -0.00196519   0.0199821 -0.00130997
   0.456703  0.00700136 -0.00130997    0.474799
IMAGINARY
          0 -0.00193808   0.0114772  0.00116234
 0.00193808           0 -0.00669739  -0.0104364
 -0.0114772  0.00669739           0  0.00059999
-0.00116234   0.0104364 -0.00059999           0
EndNode2[0]<--->HoM1[0]
REAL
   0.480109  0.00718169  0.00238419    0.458036
 0.00718169   0.0200425  0.00204695 -0.00134159
 0.00238419  0.00204695   0.0176131 -0.00554332
   0.458036 -0.00134159 -0.00554332    0.482235
IMAGINARY
           0  -0.00268179  -0.00268283   0.00730667
  0.00268179            0  -0.00167537  0.000788341
  0.00268283   0.00167537            0  0.000787294
 -0.00730667 -0.000788341 -0.000787294            0
Repeater1[0]<--->EndNode1[0]
REAL
   0.486728   0.0023529   0.0112677    0.456703
  0.0023529   0.0199821 -0.00196519 -0.00130997
  0.0112677 -0.00196519   0.0184909  0.00700136
   0.456703 -0.00130997  0.00700136    0.474799
IMAGINARY
          0   0.0114772 -0.00193808  0.00116234
 -0.0114772           0  0.00669739  0.00059999
 0.00193808 -0.00669739           0  -0.0104364
-0.00116234 -0.00059999   0.0104364           0
Repeater1[0]<--->HoM1[0]
REAL
   0.480109  0.00238419  0.00718169    0.458036
 0.00238419   0.0176131  0.00204695 -0.00554332
 0.00718169  0.00204695   0.0200425 -0.00134159
   0.458036 -0.00554332 -0.00134159    0.482235
IMAGINARY
           0  -0.00268283  -0.00268179   0.00730667
  0.00268283            0   0.00167537  0.000787294
  0.00268179  -0.00167537            0  0.000788341
 -0.00730667 -0.000787294 -0.000788341            0
EndNode1[0]<--->Repeater1[0]
REAL
    0.478836  -0.00359066  -0.00483329      0.46315
 -0.00359066    0.0164609 -0.000575471   0.00094107
 -0.00483329 -0.000575471    0.0232216  -0.00479258
     0.46315   0.00094107  -0.00479258     0.481481
IMAGINARY
          0 -0.00313528 -0.00960354   0.0149502
 0.00313528           0  0.00304194  0.00975725
 0.00960354 -0.00304194           0 -0.00193696
 -0.0149502 -0.00975725  0.00193696           0
EndNode2[0]<--->HoM1[0]
REAL
   0.488218  0.00654241  0.00199856      0.4567
 0.00654241   0.0229607  0.00362706  0.00436123
 0.00199856  0.00362706   0.0217523 -0.00109117
     0.4567  0.00436123 -0.00109117    0.467069
IMAGINARY
          0  0.00767861  -0.0142826  0.00315433
-0.00767861           0 -0.00147392  0.00232373
  0.0142826  0.00147392           0  0.00276644
-0.00315433 -0.00232373 -0.00276644           0
Repeater1[0]<--->EndNode1[0]
REAL
    0.478836  -0.00483329  -0.00359066      0.46315
 -0.00483329    0.0232216 -0.000575471  -0.00479258
 -0.00359066 -0.000575471    0.0164609   0.00094107
     0.46315  -0.00479258   0.00094107     0.481481
IMAGINARY
          0 -0.00960354 -0.00313528   0.0149502
 0.00960354           0 -0.00304194 -0.00193696
 0.00313528  0.00304194           0  0.00975725
 -0.0149502  0.00193696 -0.00975725           0
Repeater1[0]<--->HoM1[0]
REAL
   0.488218  0.00199856  0.00654241      0.4567
 0.00199856   0.0217523  0.00362706 -0.00109117
 0.00654241  0.00362706   0.0229607  0.00436123
     0.4567 -0.00109117  0.00436123    0.467069
IMAGINARY
          0  -0.0142826  0.00767861  0.00315433
  0.0142826           0  0.00147392  0.00276644
-0.00767861 -0.00147392           0  0.00232373
-0.00315433 -0.00276644 -0.00232373           0
EndNode1[0]<--->Repeater1[0]
REAL
   0.484029  0.00332345 0.000838929    0.460428
 0.00332345   0.0204317 -0.00481073  0.00635421
0.000838929 -0.00481073   0.0233094 -0.00194604
   0.460428  0.00635421 -0.00194604     0.47223
IMAGINARY
          0 -0.00401523  0.00397523  0.00154252
 0.00401523           0 -0.00631864  -0.0143139
-0.00397523  0.00631864           0   0.0101585
-0.00154252   0.0143139  -0.0101585           0
EndNode2[0]<--->HoM1[0]
REAL
   0.478491  0.00670241  0.00219959    0.455405
 0.00670241   0.0212139  0.00271029 -0.00112167
 0.00219959  0.00271029   0.0200354 -0.00377663
   0.455405 -0.00112167 -0.00377663    0.480259
IMAGINARY
          0  0.00128808  0.00258812  0.00408071
-0.00128808           0 -0.00838466  0.00579512
-0.00258812  0.00838466           0 -0.00368329
-0.00408071 -0.00579512  0.00368329           0
Repeater1[0]<--->EndNode1[0]
REAL
   0.484029 0.000838929  0.00332345    0.460428
0.000838929   0.0233094 -0.00481073 -0.00194604
 0.00332345 -0.00481073   0.0204317  0.00635421
   0.460428 -0.00194604  0.00635421     0.47223
IMAGINARY
          0  0.00397523 -0.00401523  0.00154252
-0.00397523           0  0.00631864   0.0101585
 0.00401523 -0.00631864           0  -0.0143139
-0.00154252  -0.0101585   0.0143139           0
Repeater1[0]<--->HoM1[0]
REAL
   0.478491  0.00219959  0.00670241    0.455405
 0.00219959   0.0200354  0.00271029 -0.00377663
 0.00670241  0.00271029   0.0212139 -0.00112167
   0.455405 -0.00377663 -0.00112167    0.480259
IMAGINARY
          0  0.00258812  0.00128808  0.00408071
-0.00258812           0  0.00838466 -0.00368329
-0.00128808 -0.00838466           0  0.00579512
-0.00408071  0.00368329 -0.00579512           0
EndNode1[0]<--->Repeater1[0]
REAL
   0.481138 -0.00343125  -0.0109896    0.456318
-0.00343125   0.0185629  0.00239027  0.00183093
 -0.0109896  0.00239027   0.0203593 -0.00417508
   0.456318  0.00183093 -0.00417508     0.47994
IMAGINARY
          0  0.00325917  0.00130971  0.00570977
-0.00325917           0 -0.00214047 -0.00957905
-0.00130971  0.00214047           0  0.00855418
-0.00570977  0.00957905 -0.00855418           0
EndNode2[0]<--->HoM1[0]
REAL
    0.467933  -0.00451116   -0.0126075     0.454832
 -0.00451116    0.0195962   0.00021752 -0.000631434
  -0.0126075   0.00021752    0.0207838  -0.00749623
    0.454832 -0.000631434  -0.00749623     0.491686
IMAGINARY
           0  4.49939e-05   0.00112336   -0.0113288
-4.49939e-05            0  -0.00179774  -0.00732609
 -0.00112336   0.00179774            0   0.00555259
   0.0113288   0.00732609  -0.00555259            0
Repeater1[0]<--->EndNode1[0]
REAL
   0.481138  -0.0109896 -0.00343125    0.456318
 -0.0109896   0.0203593  0.00239027 -0.00417508
-0.00343125  0.00239027   0.0185629  0.00183093
   0.456318 -0.00417508  0.00183093     0.47994
IMAGINARY
          0  0.00130971  0.00325917  0.00570977
-0.00130971           0  0.00214047  0.00855418
-0.00325917 -0.00214047           0 -0.00957905
-0.00570977 -0.00855418  0.00957905           0
Repeater1[0]<--->HoM1[0]
REAL
    0.467933   -0.0126075  -0.00451116     0.454832
  -0.0126075    0.0207838   0.00021752  -0.00749623
 -0.00451116   0.00021752    0.0195962 -0.000631434
    0.454832  -0.00749623 -0.000631434     0.491686
IMAGINARY
           0   0.00112336  4.49939e-05   -0.0113288
