EndNode1[0]<--->Repeater1[0]
REAL
   0.459614  0.00320256  -0.0035254    0.205098
 0.00320256   0.0587703 -0.00241912  0.00769207
 -0.0035254 -0.00241912   0.0548523 -0.00171446
   0.205098  0.00769207 -0.00171446    0.426763
IMAGINARY
          0 -0.00510384  -0.0032396  0.00365686
 0.00510384           0   0.0054839 -0.00187885
  0.0032396  -0.0054839           0  0.00203277
-0.00365686  0.00187885 -0.00203277           0
EndNode2[0]<--->HoM1[0]
REAL
     0.45279  0.000302149 -0.000793051     0.206998
 0.000302149     0.052187    0.0188325   0.00213995
-0.000793051    0.0188325    0.0542986 -0.000751116
    0.206998   0.00213995 -0.000751116     0.440724
IMAGINARY
          0   -0.010851   0.0116127  0.00359664
   0.010851           0 -0.00701621  0.00998497
 -0.0116127  0.00701621           0  -0.0131135
-0.00359664 -0.00998497   0.0131135           0
Repeater1[0]<--->EndNode1[0]
REAL
   0.459614  -0.0035254  0.00320256    0.205098
 -0.0035254   0.0548523 -0.00241912 -0.00171446
 0.00320256 -0.00241912   0.0587703  0.00769207
   0.205098 -0.00171446  0.00769207    0.426763
IMAGINARY
          0  -0.0032396 -0.00510384  0.00365686
  0.0032396           0  -0.0054839  0.00203277
 0.00510384   0.0054839           0 -0.00187885
-0.00365686 -0.00203277  0.00187885           0
Repeater1[0]<--->HoM1[0]
REAL
     0.45279 -0.000793051  0.000302149     0.206998
-0.000793051    0.0542986    0.0188325 -0.000751116
 0.000302149    0.0188325     0.052187   0.00213995
    0.206998 -0.000751116   0.00213995     0.440724
IMAGINARY
          0   0.0116127   -0.010851  0.00359664
 -0.0116127           0  0.00701621  -0.0131135
   0.010851 -0.00701621           0  0.00998497
-0.00359664   0.0131135 -0.00998497           0
EndNode1[0]<--->Repeater1[0]
REAL
   0.437406 -0.00734425   0.0117652    0.215687
-0.00734425   0.0573152 0.000758462  0.00727955
  0.0117652 0.000758462    0.053997 -0.00263157
   0.215687  0.00727955 -0.00263157    0.451282
IMAGINARY
          0 -0.00202856  0.00289877  0.00942916
 0.00202856           0 -0.00438465 -0.00259901
-0.00289877  0.00438465           0 -0.00696425
-0.00942916  0.00259901  0.00696425           0
EndNode2[0]<--->HoM1[0]
REAL
   0.433789 -0.00636135  -0.0102789    0.205202
-0.00636135   0.0480998  0.00301606  -0.0034176
 -0.0102789  0.00301606   0.0516627  -0.0110286
   0.205202  -0.0034176  -0.0110286    0.466449
IMAGINARY
           0  -0.00463649    0.0136255  0.000978533
  0.00463649            0  -0.00728105   0.00185722
  -0.0136255   0.00728105            0  -0.00811396
-0.000978533  -0.00185722   0.00811396            0
Repeater1[0]<--->EndNode1[0]
REAL
   0.437406   0.0117652 -0.00734425    0.215687
  0.0117652    0.053997 0.000758462 -0.00263157
-0.00734425 0.000758462   0.0573152  0.00727955
   0.215687 -0.00263157  0.00727955    0.451282
IMAGINARY
          0  0.00289877 -0.00202856  0.00942916
-0.00289877           0  0.00438465 -0.00696425
 0.00202856 -0.00438465           0 -0.00259901
-0.00942916  0.00696425  0.00259901           0
Repeater1[0]<--->HoM1[0]
REAL
   0.433789  -0.0102789 -0.00636135    0.205202
 -0.0102789   0.0516627  0.00301606  -0.0110286
-0.00636135  0.00301606   0.0480998  -0.0034176
   0.205202  -0.0110286  -0.0034176    0.466449
IMAGINARY
           0    0.0136255  -0.00463649  0.000978533
  -0.0136255            0   0.00728105  -0.00811396
  0.00463649  -0.00728105            0   0.00185722
-0.000978533   0.00811396  -0.00185722            0
EndNode1[0]<--->Repeater1[0]
REAL
   0.441629 -0.00161546 -0.00274825    0.197784
-0.00161546   0.0597285   0.0113174  0.00534042
-0.00274825   0.0113174   0.0515837 0.000751404
   0.197784  0.00534042 0.000751404    0.447059
IMAGINARY
           0   -0.0143826   -0.0134714  -0.00979801
   0.0143826            0 -2.08167e-17    0.0101033
   0.0134714  2.08167e-17            0  -0.00184524
  0.00979801   -0.0101033   0.00184524            0
EndNode2[0]<--->HoM1[0]
REAL
   0.448089  0.00381344 -0.00671114    0.210245
 0.00381344   0.0577791  0.00695126  0.00221743
-0.00671114  0.00695126   0.0544689  0.00547356
   0.210245  0.00221743  0.00547356    0.439663
IMAGINARY
           0    0.0077775   -0.0111928     0.017035
  -0.0077775            0  0.000838237   0.00041435
   0.0111928 -0.000838237            0  -0.00448408
   -0.017035  -0.00041435   0.00448408            0
Repeater1[0]<--->EndNode1[0]
REAL
   0.441629 -0.00274825 -0.00161546    0.197784
-0.00274825   0.0515837   0.0113174 0.000751404
-0.00161546   0.0113174   0.0597285  0.00534042
   0.197784 0.000751404  0.00534042    0.447059
IMAGINARY
           0   -0.0134714   -0.0143826  -0.00979801
   0.0134714            0  2.08167e-17  -0.00184524
   0.0143826 -2.08167e-17            0    0.0101033
  0.00979801   0.00184524   -0.0101033            0
Repeater1[0]<--->HoM1[0]
REAL
   0.448089 -0.00671114  0.00381344    0.210245
-0.00671114   0.0544689  0.00695126  0.00547356
 0.00381344  0.00695126   0.0577791  0.00221743
   0.210245  0.00547356  0.00221743    0.439663
IMAGINARY
           0   -0.0111928    0.0077775     0.017035
   0.0111928            0 -0.000838237  -0.00448408
  -0.0077775  0.000838237            0   0.00041435
   -0.017035   0.00448408  -0.00041435            0
EndNode1[0]<--->Repeater1[0]
REAL
    0.442446   0.00184271  -0.00241526     0.224955
  0.00184271    0.0542566 -0.000955968    0.0075379
 -0.00241526 -0.000955968    0.0530576  -0.00386071
    0.224955    0.0075379  -0.00386071      0.45024
IMAGINARY
           0  -0.00622701   0.00877853   -0.0134355
  0.00622701            0  -0.00740411  0.000622175
 -0.00877853   0.00740411            0  -0.00229238
   0.0134355 -0.000622175   0.00229238            0
EndNode2[0]<--->HoM1[0]
REAL
   0.445113   0.0118586    0.001996     0.20968
  0.0118586   0.0532331  0.00180124  0.00425028
   0.001996  0.00180124   0.0529323 0.000336494
    0.20968  0.00425028 0.000336494    0.448722
IMAGINARY
          0  0.00422773 -0.00314375   0.0116582
-0.00422773           0 -0.00197293 -0.00685625
 0.00314375  0.00197293           0 -0.00877319
 -0.0116582  0.00685625  0.00877319           0
Repeater1[0]<--->EndNode1[0]
REAL
    0.442446  -0.00241526   0.00184271     0.224955
 -0.00241526    0.0530576 -0.000955968  -0.00386071
  0.00184271 -0.000955968    0.0542566    0.0075379
    0.224955  -0.00386071    0.0075379      0.45024
IMAGINARY
           0   0.00877853  -0.00622701   -0.0134355
 -0.00877853            0   0.00740411  -0.00229238
  0.00622701  -0.00740411            0  0.000622175
   0.0134355   0.00229238 -0.000622175            0
Repeater1[0]<--->HoM1[0]
REAL
   0.445113    0.001996   0.0118586     0.20968
   0.001996   0.0529323  0.00180124 0.000336494
  0.0118586  0.00180124   0.0532331  0.00425028
    0.20968 0.000336494  0.00425028    0.448722
IMAGINARY
          0 -0.00314375  0.00422773   0.0116582
 0.00314375           0  0.00197293 -0.00877319
-0.00422773 -0.00197293           0 -0.00685625
 -0.0116582  0.00877319  0.00685625           0
EndNode1[0]<--->Repeater1[0]
REAL
     0.4231  0.00888379 -0.00805489    0.214402
 0.00888379   0.0550152  -0.0048911 -0.00820156
-0.00805489  -0.0048911   0.0544073 -0.00265468
   0.214402 -0.00820156 -0.00265468    0.467477
IMAGINARY
          0 -0.00266196  0.00547292  0.00384788
 0.00266196           0 -0.00338592   0.0035145
-0.00547292  0.00338592           0 -0.00602588
-0.00384788  -0.0035145  0.00602588           0
EndNode2[0]<--->HoM1[0]
REAL
   0.452676  0.00285776  0.00301354    0.211552
 0.00285776   0.0492894  0.00454192 -0.00542463
 0.00301354  0.00454192   0.0498942   -0.010091
   0.211552 -0.00542463   -0.010091     0.44814
IMAGINARY
          0 -0.00202857  0.00362657 -0.00142764
 0.00202857           0  0.00186972 -0.00692195
-0.00362657 -0.00186972           0  0.00652228
 0.00142764  0.00692195 -0.00652228           0
Repeater1[0]<--->EndNode1[0]
REAL
     0.4231 -0.00805489  0.00888379    0.214402
-0.00805489   0.0544073  -0.0048911 -0.00265468
 0.00888379  -0.0048911   0.0550152 -0.00820156
   0.214402 -0.00265468 -0.00820156    0.467477
IMAGINARY
          0  0.00547292 -0.00266196  0.00384788
-0.00547292           0  0.00338592 -0.00602588
 0.00266196 -0.00338592           0   0.0035145
-0.00384788  0.00602588  -0.0035145           0
Repeater1[0]<--->HoM1[0]
REAL
   0.452676  0.00301354  0.00285776    0.211552
 0.00301354   0.0498942  0.00454192   -0.010091
 0.00285776  0.00454192   0.0492894 -0.00542463
   0.211552   -0.010091 -0.00542463     0.44814
IMAGINARY
          0  0.00362657 -0.00202857 -0.00142764
-0.00362657           0 -0.00186972  0.00652228
 0.00202857  0.00186972           0 -0.00692195
 0.00142764 -0.00652228  0.00692195           0
EndNode1[0]<--->Repeater1[0]
REAL
    0.433702  -0.00220027  -0.00144587     0.208837
 -0.00220027    0.0493864    0.0045781  -0.00648096
 -0.00144587    0.0045781    0.0568692 -0.000848512
    0.208837  -0.00648096 -0.000848512     0.460042
IMAGINARY
          0 -0.00282194  0.00516172   0.0104301
 0.00282194           0  0.00909996   0.0079073
-0.00516172 -0.00909996           0  0.00414353
 -0.0104301  -0.0079073 -0.00414353           0
EndNode2[0]<--->HoM1[0]
REAL
     0.4331 -0.00374086 -0.00739734    0.214744
-0.00374086   0.0505943  0.00581715  0.00739734
-0.00739734  0.00581715   0.0579092 -0.00541107
   0.214744  0.00739734 -0.00541107    0.458397
IMAGINARY
          0 -0.00758813 -0.00102391  0.00245772
 0.00758813           0 -0.00260482  0.00843885
 0.00102391  0.00260482           0  0.00162709
-0.00245772 -0.00843885 -0.00162709           0
Repeater1[0]<--->EndNode1[0]
REAL
    0.433702  -0.00144587  -0.00220027     0.208837
 -0.00144587    0.0568692    0.0045781 -0.000848512
 -0.00220027    0.0045781    0.0493864  -0.00648096
    0.208837 -0.000848512  -0.00648096     0.460042
IMAGINARY
          0  0.00516172 -0.00282194   0.0104301
-0.00516172           0 -0.00909996  0.00414353
 0.00282194  0.00909996           0   0.0079073
 -0.0104301 -0.00414353  -0.0079073           0
Repeater1[0]<--->HoM1[0]
REAL
     0.4331 -0.00739734 -0.00374086    0.214744
-0.00739734   0.0579092  0.00581715 -0.00541107
-0.00374086  0.00581715   0.0505943  0.00739734
   0.214744 -0.00541107  0.00739734    0.458397
IMAGINARY
          0 -0.00102391 -0.00758813  0.00245772
 0.00102391           0  0.00260482  0.00162709
 0.00758813 -0.00260482           0  0.00843885
-0.00245772 -0.00162709 -0.00843885           0
EndNode1[0]<--->Repeater1[0]
REAL
   0.465709 -0.00347432 -0.00344989    0.212226
-0.00347432   0.0504103  0.00257778  0.00677316
-0.00344989  0.00257778   0.0507034  -0.0010574
   0.212226  0.00677316  -0.0010574    0.433177
IMAGINARY
          0 -0.00809026  0.00594517  0.00333724
 0.00809026           0 -0.00549774  0.00163978
-0.00594517  0.00549774           0  0.00566307
-0.00333724 -0.00163978 -0.00566307           0
EndNode2[0]<--->HoM1[0]
REAL
    0.451387 -0.000690547  -0.00306238     0.216891
-0.000690547    0.0557664    0.0052479   0.00829094
 -0.00306238    0.0052479    0.0618978   0.00651666
    0.216891   0.00829094   0.00651666     0.430949
IMAGINARY
          0 -0.00848773  0.00690516 -0.00457312
 0.00848773           0   0.0109548  0.00643626
-0.00690516  -0.0109548           0 -0.00818904
 0.00457312 -0.00643626  0.00818904           0
Repeater1[0]<--->EndNode1[0]
REAL
   0.465709 -0.00344989 -0.00347432    0.212226
-0.00344989   0.0507034  0.00257778  -0.0010574
-0.00347432  0.00257778   0.0504103  0.00677316
   0.212226  -0.0010574  0.00677316    0.433177
IMAGINARY
          0  0.00594517 -0.00809026  0.00333724
-0.00594517           0  0.00549774  0.00566307
 0.00809026 -0.00549774           0  0.00163978
-0.00333724 -0.00566307 -0.00163978           0
Repeater1[0]<--->HoM1[0]
REAL
    0.451387  -0.00306238 -0.000690547     0.216891
 -0.00306238    0.0618978    0.0052479   0.00651666
-0.000690547    0.0052479    0.0557664   0.00829094
    0.216891   0.00651666   0.00829094     0.430949
IMAGINARY
          0  0.00690516 -0.00848773 -0.00457312
-0.00690516           0  -0.0109548 -0.00818904
 0.00848773   0.0109548           0  0.00643626
 0.00457312  0.00818904 -0.00643626           0
EndNode1[0]<--->Repeater1[0]
REAL
   0.447469 -0.00110434  0.00780385    0.214434
-0.00110434   0.0538484 -0.00109312 -0.00179423
 0.00780385 -0.00109312    0.055019 -0.00250143
   0.214434 -0.00179423 -0.00250143    0.443664
IMAGINARY
          0  0.00629908 -0.00253979  0.00878012
-0.00629908           0 -0.00352347 -0.00405494
 0.00253979  0.00352347           0  0.00239396
-0.00878012  0.00405494 -0.00239396           0
EndNode2[0]<--->HoM1[0]
REAL
   0.438809  -0.0102153 -0.00740649    0.213661
 -0.0102153   0.0560307  0.00206417  0.00420038
-0.00740649  0.00206417   0.0539664  0.00181837
   0.213661  0.00420038  0.00181837    0.451194
IMAGINARY
          0  -0.0106129 -0.00664917  0.00452897
  0.0106129           0  0.00303107  0.00148827
 0.00664917 -0.00303107           0  0.00363047
-0.00452897 -0.00148827 -0.00363047           0
Repeater1[0]<--->EndNode1[0]
REAL
   0.447469  0.00780385 -0.00110434    0.214434
 0.00780385    0.055019 -0.00109312 -0.00250143
-0.00110434 -0.00109312   0.0538484 -0.00179423
   0.214434 -0.00250143 -0.00179423    0.443664
IMAGINARY
          0 -0.00253979  0.00629908  0.00878012
 0.00253979           0  0.00352347  0.00239396
-0.00629908 -0.00352347           0 -0.00405494
-0.00878012 -0.00239396  0.00405494           0
Repeater1[0]<--->HoM1[0]
REAL
   0.438809 -0.00740649  -0.0102153    0.213661
-0.00740649   0.0539664  0.00206417  0.00181837
 -0.0102153  0.00206417   0.0560307  0.00420038
   0.213661  0.00181837  0.00420038    0.451194
IMAGINARY
          0 -0.00664917  -0.0106129  0.00452897
 0.00664917           0 -0.00303107  0.00363047
  0.0106129  0.00303107           0  0.00148827
-0.00452897 -0.00363047 -0.00148827           0
EndNode1[0]<--->Repeater1[0]
REAL
   0.457328 -0.00589004 -0.00271954    0.211775
-0.00589004   0.0528757 -0.00641774 -0.00680426
-0.00271954 -0.00641774    0.054731  0.00291385
   0.211775 -0.00680426  0.00291385    0.435065
IMAGINARY
           0  0.000451535  -0.00338913  0.000161803
-0.000451535            0   0.00673682  -0.00731241
  0.00338913  -0.00673682            0 -0.000451535
-0.000161803   0.00731241  0.000451535            0
EndNode2[0]<--->HoM1[0]
REAL
   0.439786 -0.00427875  0.00270075    0.220721
-0.00427875   0.0550104  0.00288245 -0.00226203
 0.00270075  0.00288245   0.0505501 0.000330229
   0.220721 -0.00226203 0.000330229    0.454654
IMAGINARY
           0  -0.00669744    0.0058659  -0.00179375
  0.00669744            0 -0.000891219  -0.00479129
  -0.0058659  0.000891219            0   0.00715798
  0.00179375   0.00479129  -0.00715798            0
Repeater1[0]<--->EndNode1[0]
REAL
   0.457328 -0.00271954 -0.00589004    0.211775
-0.00271954    0.054731 -0.00641774  0.00291385
-0.00589004 -0.00641774   0.0528757 -0.00680426
   0.211775  0.00291385 -0.00680426    0.435065
IMAGINARY
           0  -0.00338913  0.000451535  0.000161803
  0.00338913            0  -0.00673682 -0.000451535
-0.000451535   0.00673682            0  -0.00731241
-0.000161803  0.000451535   0.00731241            0
Repeater1[0]<--->HoM1[0]
REAL
   0.439786  0.00270075 -0.00427875    0.220721
 0.00270075   0.0505501  0.00288245 0.000330229
-0.00427875  0.00288245   0.0550104 -0.00226203
   0.220721 0.000330229 -0.00226203    0.454654
IMAGINARY
           0    0.0058659  -0.00669744  -0.00179375
  -0.0058659            0  0.000891219   0.00715798
  0.00669744 -0.000891219            0  -0.00479129
  0.00179375  -0.00715798   0.00479129            0
EndNode1[0]<--->Repeater1[0]
REAL
    0.466245   0.00591631 -0.000822167     0.215397
  0.00591631    0.0458107   0.00149397 -0.000523124
-0.000822167   0.00149397    0.0449066  -0.00158148
    0.215397 -0.000523124  -0.00158148     0.443038
IMAGINARY
           0  -0.00270858   0.00272624   -0.0120577
  0.00270858            0  0.000554887  0.000101978
 -0.00272624 -0.000554887            0   0.00196431
   0.0120577 -0.000101978  -0.00196431            0
EndNode2[0]<--->HoM1[0]
REAL
   0.442331  0.00171965 -0.00076981    0.212269
 0.00171965   0.0495169  0.00321177 -0.00550634
-0.00076981  0.00321177   0.0519324 -0.00620262
   0.212269 -0.00550634 -0.00620262     0.45622
IMAGINARY
          0  0.00190974 -0.00356913 -0.00475653
-0.00190974           0  0.00415083 -0.00054798
 0.00356913 -0.00415083           0  0.00220736
 0.00475653  0.00054798 -0.00220736           0
Repeater1[0]<--->EndNode1[0]
REAL
    0.466245 -0.000822167   0.00591631     0.215397
-0.000822167    0.0449066   0.00149397  -0.00158148
  0.00591631   0.00149397    0.0458107 -0.000523124
    0.215397  -0.00158148 -0.000523124     0.443038
IMAGINARY
           0   0.00272624  -0.00270858   -0.0120577
 -0.00272624            0 -0.000554887   0.00196431
  0.00270858  0.000554887            0  0.000101978
   0.0120577  -0.00196431 -0.000101978            0
Repeater1[0]<--->HoM1[0]
REAL
   0.442331 -0.00076981  0.00171965    0.212269
-0.00076981   0.0519324  0.00321177 -0.00620262
 0.00171965  0.00321177   0.0495169 -0.00550634
   0.212269 -0.00620262 -0.00550634     0.45622
IMAGINARY
          0 -0.00356913  0.00190974 -0.00475653
 0.00356913           0 -0.00415083  0.00220736
-0.00190974  0.00415083           0 -0.00054798
 0.00475653 -0.00220736  0.00054798           0
EndNode1[0]<--->Repeater1[0]
REAL
   0.449561  0.00553786 -0.00741513    0.211615
 0.00553786   0.0454408   0.0115223  0.00127924
-0.00741513   0.0115223   0.0463496  -0.0107758
   0.211615  0.00127924  -0.0107758    0.458649
IMAGINARY
          0  0.00117396 -0.00523247  0.00246172
-0.00117396           0 -0.00126268  -0.0106088
 0.00523247  0.00126268           0  0.00328621
-0.00246172   0.0106088 -0.00328621           0
EndNode2[0]<--->HoM1[0]
REAL
   0.445709  -0.0135772 -0.00657579    0.211698
 -0.0135772   0.0516764   0.0123673  -0.0130057
-0.00657579   0.0123673   0.0584436    -0.00152
   0.211698  -0.0130057    -0.00152    0.444171
IMAGINARY
           0   0.00466299  -0.00310981   0.00203011
 -0.00466299            0  0.000367974   0.00499989
  0.00310981 -0.000367974            0    0.0004257
 -0.00203011  -0.00499989   -0.0004257            0
Repeater1[0]<--->EndNode1[0]
REAL
   0.449561 -0.00741513  0.00553786    0.211615
-0.00741513   0.0463496   0.0115223  -0.0107758
 0.00553786   0.0115223   0.0454408  0.00127924
   0.211615  -0.0107758  0.00127924    0.458649
IMAGINARY
          0 -0.00523247  0.00117396  0.00246172
 0.00523247           0  0.00126268  0.00328621
-0.00117396 -0.00126268           0  -0.0106088
-0.00246172 -0.00328621   0.0106088           0
Repeater1[0]<--->HoM1[0]
REAL
   0.445709 -0.00657579  -0.0135772    0.211698
-0.00657579   0.0584436   0.0123673    -0.00152
 -0.0135772   0.0123673   0.0516764  -0.0130057
   0.211698    -0.00152  -0.0130057    0.444171
IMAGINARY
           0  -0.00310981   0.00466299   0.00203011
  0.00310981            0 -0.000367974    0.0004257
 -0.00466299  0.000367974            0   0.00499989
 -0.00203011   -0.0004257  -0.00499989            0
EndNode1[0]<--->Repeater1[0]
REAL
    0.43724  0.00390225  0.00556823    0.223007
 0.00390225   0.0621654 -0.00772751 -0.00420665
 0.00556823 -0.00772751    0.053837  -0.0022381
   0.223007 -0.00420665  -0.0022381    0.446758
IMAGINARY
           0   0.00239901 -0.000572384 -0.000290051
 -0.00239901            0   0.00831474   0.00577917
 0.000572384  -0.00831474            0  0.000427525
 0.000290051  -0.00577917 -0.000427525            0
EndNode2[0]<--->HoM1[0]
REAL
    0.462673   0.00700644  0.000361867       0.2135
  0.00700644    0.0548834    0.0101564 -0.000817378
 0.000361867    0.0101564    0.0463263  -0.00260316
      0.2135 -0.000817378  -0.00260316     0.436117
IMAGINARY
          0  0.00363789 -0.00196019   0.0040439
-0.00363789           0  0.00960447  0.00196019
 0.00196019 -0.00960447           0  0.00548065
 -0.0040439 -0.00196019 -0.00548065           0
Repeater1[0]<--->EndNode1[0]
REAL
    0.43724  0.00556823  0.00390225    0.223007
 0.00556823    0.053837 -0.00772751  -0.0022381
 0.00390225 -0.00772751   0.0621654 -0.00420665
   0.223007  -0.0022381 -0.00420665    0.446758
IMAGINARY
           0 -0.000572384   0.00239901 -0.000290051
 0.000572384            0  -0.00831474  0.000427525
 -0.00239901   0.00831474            0   0.00577917
 0.000290051 -0.000427525  -0.00577917            0
Repeater1[0]<--->HoM1[0]
REAL
    0.462673  0.000361867   0.00700644       0.2135
 0.000361867    0.0463263    0.0101564  -0.00260316
  0.00700644    0.0101564    0.0548834 -0.000817378
      0.2135  -0.00260316 -0.000817378     0.436117
IMAGINARY
          0 -0.00196019  0.00363789   0.0040439
 0.00196019           0 -0.00960447  0.00548065
-0.00363789  0.00960447           0  0.00196019
 -0.0040439 -0.00548065 -0.00196019           0
EndNode1[0]<--->Repeater1[0]
REAL
    0.45822 -0.00573097 -0.00418099    0.207259
-0.00573097   0.0555053   0.0127407  0.00373655
-0.00418099   0.0127407   0.0536953 -0.00271347
   0.207259  0.00373655 -0.00271347    0.432579
IMAGINARY
          0   0.0085144 -0.00550658  0.00215536
 -0.0085144           0   0.0108121  -0.0198268
 0.00550658  -0.0108121           0  0.00289301
-0.00215536   0.0198268 -0.00289301           0
EndNode2[0]<--->HoM1[0]
REAL
   0.446764 0.000720905 -0.00177808    0.211509
0.000720905   0.0569639  0.00495403 -0.00370973
-0.00177808  0.00495403    0.053385  -0.0049892
   0.211509 -0.00370973  -0.0049892    0.442887
IMAGINARY
           0   0.00115919 -0.000347586  -0.00897867
 -0.00115919            0  -0.00542837     -0.01635
 0.000347586   0.00542837            0  -0.00270526
  0.00897867      0.01635   0.00270526            0
Repeater1[0]<--->EndNode1[0]
REAL
    0.45822 -0.00418099 -0.00573097    0.207259
-0.00418099   0.0536953   0.0127407 -0.00271347
-0.00573097   0.0127407   0.0555053  0.00373655
   0.207259 -0.00271347  0.00373655    0.432579
IMAGINARY
          0 -0.00550658   0.0085144  0.00215536
 0.00550658           0  -0.0108121  0.00289301
 -0.0085144   0.0108121           0  -0.0198268
-0.00215536 -0.00289301   0.0198268           0
Repeater1[0]<--->HoM1[0]
REAL
   0.446764 -0.00177808 0.000720905    0.211509
-0.00177808    0.053385  0.00495403  -0.0049892
0.000720905  0.00495403   0.0569639 -0.00370973
   0.211509  -0.0049892 -0.00370973    0.442887
IMAGINARY
           0 -0.000347586   0.00115919  -0.00897867
 0.000347586            0   0.00542837  -0.00270526
 -0.00115919  -0.00542837            0     -0.01635
  0.00897867   0.00270526      0.01635            0
EndNode1[0]<--->Repeater1[0]
REAL
  0.444545 0.00272685  0.0143219   0.210708
0.00272685  0.0533333 0.00529729 0.00372866
 0.0143219 0.00529729  0.0542424 0.00389168
  0.210708 0.00372866 0.00389168   0.447879
IMAGINARY
          0  0.00337749 -0.00579649 -0.00732382
-0.00337749           0 -0.00109471   0.0150117
 0.00579649  0.00109471           0 -0.00635014
 0.00732382  -0.0150117  0.00635014           0
EndNode2[0]<--->HoM1[0]
REAL
  0.450704 0.00505815  0.0039299   0.199904
0.00505815  0.0452502  0.0139513 0.00540745
 0.0039299  0.0139513  0.0506443 0.00186956
  0.199904 0.00540745 0.00186956   0.453401
IMAGINARY
           0  -0.00759762    0.0010388  -0.00827113
  0.00759762            0   0.00781946  0.000303286
  -0.0010388  -0.00781946            0  0.000588972
  0.00827113 -0.000303286 -0.000588972            0
Repeater1[0]<--->EndNode1[0]
REAL
  0.444545  0.0143219 0.00272685   0.210708
 0.0143219  0.0542424 0.00529729 0.00389168
0.00272685 0.00529729  0.0533333 0.00372866
  0.210708 0.00389168 0.00372866   0.447879
IMAGINARY
          0 -0.00579649  0.00337749 -0.00732382
 0.00579649           0  0.00109471 -0.00635014
-0.00337749 -0.00109471           0   0.0150117
 0.00732382  0.00635014  -0.0150117           0
Repeater1[0]<--->HoM1[0]
REAL
  0.450704  0.0039299 0.00505815   0.199904
 0.0039299  0.0506443  0.0139513 0.00186956
0.00505815  0.0139513  0.0452502 0.00540745
  0.199904 0.00186956 0.00540745   0.453401
IMAGINARY
           0    0.0010388  -0.00759762  -0.00827113
  -0.0010388            0  -0.00781946  0.000588972
  0.00759762   0.00781946            0  0.000303286
  0.00827113 -0.000588972 -0.000303286            0
EndNode1[0]<--->Repeater1[0]
REAL
   0.452858  0.00227224 -0.00243392    0.206911
 0.00227224   0.0510589  0.00666694 0.000394298
-0.00243392  0.00666694   0.0527995 -0.00518599
   0.206911 0.000394298 -0.00518599    0.443284
IMAGINARY
          0 -0.00250045  0.00360381  0.00661782
 0.00250045           0 -0.00110649 -0.00299331
-0.00360381  0.00110649           0 -0.00604655
-0.00661782  0.00299331  0.00604655           0
EndNode2[0]<--->HoM1[0]
REAL
    0.453986   0.00317098   0.00610697     0.204152
  0.00317098    0.0514004 -0.000907343  -0.00876184
  0.00610697 -0.000907343    0.0501693   0.00243374
    0.204152  -0.00876184   0.00243374     0.444444
IMAGINARY
          0 -0.00959448 -0.00290048  -0.0024679
 0.00959448           0 -0.00552227  0.00587667
 0.00290048  0.00552227           0  0.00453496
  0.0024679 -0.00587667 -0.00453496           0
Repeater1[0]<--->EndNode1[0]
REAL
   0.452858 -0.00243392  0.00227224    0.206911
-0.00243392   0.0527995  0.00666694 -0.00518599
 0.00227224  0.00666694   0.0510589 0.000394298
   0.206911 -0.00518599 0.000394298    0.443284
IMAGINARY
          0  0.00360381 -0.00250045  0.00661782
-0.00360381           0  0.00110649 -0.00604655
 0.00250045 -0.00110649           0 -0.00299331
-0.00661782  0.00604655  0.00299331           0
Repeater1[0]<--->HoM1[0]
REAL
    0.453986   0.00610697   0.00317098     0.204152
  0.00610697    0.0501693 -0.000907343   0.00243374
  0.00317098 -0.000907343    0.0514004  -0.00876184
    0.204152   0.00243374  -0.00876184     0.444444
IMAGINARY
          0 -0.00290048 -0.00959448  -0.0024679
 0.00290048           0  0.00552227  0.00453496
 0.00959448 -0.00552227           0  0.00587667
  0.0024679 -0.00453496 -0.00587667           0
EndNode1[0]<--->Repeater1[0]
REAL
    0.450993  -0.00219239  -0.00318713     0.208435
 -0.00219239    0.0511787 -0.000890969  3.11299e-05
 -0.00318713 -0.000890969    0.0505583  -0.00126417
    0.208435  3.11299e-05  -0.00126417      0.44727
IMAGINARY
          0  0.00365239 -0.00516576  0.00497762
-0.00365239           0 -0.00173279 -0.00380747
 0.00516576  0.00173279           0 -0.00232847
-0.00497762  0.00380747  0.00232847           0
EndNode2[0]<--->HoM1[0]
REAL
   0.427137 -0.00311995 -0.00231888    0.215908
-0.00311995   0.0568908 -0.00581103   0.0119924
-0.00231888 -0.00581103   0.0541527  0.00584063
   0.215908   0.0119924  0.00584063    0.461819
IMAGINARY
          0 -0.00387072 -0.00383317 -0.00216996
 0.00387072           0 -0.00320638  0.00397933
 0.00383317  0.00320638           0  0.00606306
 0.00216996 -0.00397933 -0.00606306           0
Repeater1[0]<--->EndNode1[0]
REAL
    0.450993  -0.00318713  -0.00219239     0.208435
 -0.00318713    0.0505583 -0.000890969  -0.00126417
 -0.00219239 -0.000890969    0.0511787  3.11299e-05
    0.208435  -0.00126417  3.11299e-05      0.44727
IMAGINARY
          0 -0.00516576  0.00365239  0.00497762
 0.00516576           0  0.00173279 -0.00232847
-0.00365239 -0.00173279           0 -0.00380747
-0.00497762  0.00232847  0.00380747           0
Repeater1[0]<--->HoM1[0]
REAL
   0.427137 -0.00231888 -0.00311995    0.215908
-0.00231888   0.0541527 -0.00581103  0.00584063
-0.00311995 -0.00581103   0.0568908   0.0119924
   0.215908  0.00584063   0.0119924    0.461819
IMAGINARY
          0 -0.00383317 -0.00387072 -0.00216996
 0.00383317           0  0.00320638  0.00606306
 0.00387072 -0.00320638           0  0.00397933
 0.00216996 -0.00606306 -0.00397933           0
EndNode1[0]<--->Repeater1[0]
REAL
    0.453055     0.003781 -0.000864763      0.21087
    0.003781    0.0536513    0.0017737   0.00207468
-0.000864763    0.0017737    0.0539493  -0.00196612
     0.21087   0.00207468  -0.00196612     0.439344
IMAGINARY
          0  0.00147757  -0.0119254 -0.00139686
-0.00147757           0  -0.0109394 -0.00402264
  0.0119254   0.0109394           0   0.0112218
 0.00139686  0.00402264  -0.0112218           0
EndNode2[0]<--->HoM1[0]
REAL
   0.452473 -0.00327622  0.00500556    0.203728
-0.00327622   0.0488599 -0.00587142 -0.00274175
 0.00500556 -0.00587142   0.0541901  0.00584187
   0.203728 -0.00274175  0.00584187    0.444477
IMAGINARY
          0  0.00249481  -0.0001409  0.00421094
-0.00249481           0  0.00707843 -0.00331983
  0.0001409 -0.00707843           0 -0.00174248
-0.00421094  0.00331983  0.00174248           0
Repeater1[0]<--->EndNode1[0]
REAL
    0.453055 -0.000864763     0.003781      0.21087
-0.000864763    0.0539493    0.0017737  -0.00196612
    0.003781    0.0017737    0.0536513   0.00207468
     0.21087  -0.00196612   0.00207468     0.439344
IMAGINARY
          0  -0.0119254  0.00147757 -0.00139686
  0.0119254           0   0.0109394   0.0112218
-0.00147757  -0.0109394           0 -0.00402264
 0.00139686  -0.0112218  0.00402264           0
Repeater1[0]<--->HoM1[0]
REAL
   0.452473  0.00500556 -0.00327622    0.203728
 0.00500556   0.0541901 -0.00587142  0.00584187
-0.00327622 -0.00587142   0.0488599 -0.00274175
   0.203728  0.00584187 -0.00274175    0.444477
IMAGINARY
          0  -0.0001409  0.00249481  0.00421094
  0.0001409           0 -0.00707843 -0.00174248
-0.00249481  0.00707843           0 -0.00331983
-0.00421094  0.00174248  0.00331983           0
EndNode1[0]<--->Repeater1[0]
REAL
   0.450236 0.000483727   0.0021943    0.215703
0.000483727   0.0500589 -0.00528935 0.000241758
  0.0021943 -0.00528935   0.0530035 -0.00505133
   0.215703 0.000241758 -0.00505133    0.446702
IMAGINARY
          0  0.00336488 -0.00562167  0.00181728
-0.00336488           0 -0.00272418 -0.00334963
 0.00562167  0.00272418           0  0.00351311
-0.00181728  0.00334963 -0.00351311           0
EndNode2[0]<--->HoM1[0]
REAL
    0.4518 0.00400588 0.00111905   0.216039
0.00400588  0.0488103 0.00179511 0.00336928
0.00111905 0.00179511  0.0552166 -0.0016121
  0.216039 0.00336928 -0.0016121   0.444173
IMAGINARY
           0  0.000623058  -0.00120293  -0.00244468
-0.000623058            0   0.00567807   0.00342384
  0.00120293  -0.00567807            0   0.00574354
  0.00244468  -0.00342384  -0.00574354            0
Repeater1[0]<--->EndNode1[0]
REAL
   0.450236   0.0021943 0.000483727    0.215703
  0.0021943   0.0530035 -0.00528935 -0.00505133
0.000483727 -0.00528935   0.0500589 0.000241758
   0.215703 -0.00505133 0.000241758    0.446702
IMAGINARY
          0 -0.00562167  0.00336488  0.00181728
 0.00562167           0  0.00272418  0.00351311
-0.00336488 -0.00272418           0 -0.00334963
-0.00181728 -0.00351311  0.00334963           0
Repeater1[0]<--->HoM1[0]
REAL
    0.4518 0.00111905 0.00400588   0.216039
0.00111905  0.0552166 0.00179511 -0.0016121
0.00400588 0.00179511  0.0488103 0.00336928
  0.216039 -0.0016121 0.00336928   0.444173
IMAGINARY
           0  -0.00120293  0.000623058  -0.00244468
  0.00120293            0  -0.00567807   0.00574354
-0.000623058   0.00567807            0   0.00342384
  0.00244468  -0.00574354  -0.00342384            0
EndNode1[0]<--->Repeater1[0]
REAL
    0.468455   0.00193372   0.00295653      0.21448
  0.00193372    0.0548613   0.00461802  -0.00551292
  0.00295653   0.00461802    0.0515087 -0.000881092
     0.21448  -0.00551292 -0.000881092     0.425175
IMAGINARY
           0   0.00694186 -0.000318517    0.0112866
 -0.00694186            0   0.00674516  -0.00599537
 0.000318517  -0.00674516            0  -0.00453656
  -0.0112866   0.00599537   0.00453656            0
EndNode2[0]<--->HoM1[0]
REAL
    0.449148  -0.00299078   0.00901341      0.20817
 -0.00299078    0.0552616   0.00841425     0.011098
  0.00901341   0.00841425    0.0537919 -0.000412682
     0.20817     0.011098 -0.000412682     0.441799
IMAGINARY
          0  0.00121728 -0.00823704  0.00642706
-0.00121728           0 -0.00526359 -0.00306412
 0.00823704  0.00526359           0 -0.00366077
-0.00642706  0.00306412  0.00366077           0
Repeater1[0]<--->EndNode1[0]
REAL
    0.468455   0.00295653   0.00193372      0.21448
  0.00295653    0.0515087   0.00461802 -0.000881092
  0.00193372   0.00461802    0.0548613  -0.00551292
     0.21448 -0.000881092  -0.00551292     0.425175
IMAGINARY
           0 -0.000318517   0.00694186    0.0112866
 0.000318517            0  -0.00674516  -0.00453656
 -0.00694186   0.00674516            0  -0.00599537
  -0.0112866   0.00453656   0.00599537            0
Repeater1[0]<--->HoM1[0]
REAL
    0.449148   0.00901341  -0.00299078      0.20817
  0.00901341    0.0537919   0.00841425 -0.000412682
 -0.00299078   0.00841425    0.0552616     0.011098
     0.20817 -0.000412682     0.011098     0.441799
IMAGINARY
          0 -0.00823704  0.00121728  0.00642706
 0.00823704           0  0.00526359 -0.00366077
-0.00121728 -0.00526359           0 -0.00306412
-0.00642706  0.00366077  0.00306412           0
EndNode1[0]<--->Repeater1[0]
REAL
  0.449533 0.00583079  -0.010936   0.212772
0.00583079  0.0518228 0.00506147 0.00884147
 -0.010936 0.00506147  0.0497138 0.00853187
  0.212772 0.00884147 0.00853187    0.44893
IMAGINARY
          0  0.00209384  0.00183282  0.00412761
-0.00209384           0 -0.00240446 -0.00482146
-0.00183282  0.00240446           0 -0.00388702
-0.00412761  0.00482146  0.00388702           0
EndNode2[0]<--->HoM1[0]
REAL
     0.44414   0.00915808   0.00130347     0.213045
  0.00915808     0.056621  -0.00405465   0.00686933
  0.00130347  -0.00405465     0.056621 -0.000693394
    0.213045   0.00686933 -0.000693394     0.442618
IMAGINARY
           0   0.00860283  -0.00537406   0.00423647
 -0.00860283            0 -0.000845142   0.00791061
  0.00537406  0.000845142            0  -0.00875204
 -0.00423647  -0.00791061   0.00875204            0
Repeater1[0]<--->EndNode1[0]
REAL
  0.449533  -0.010936 0.00583079   0.212772
 -0.010936  0.0497138 0.00506147 0.00853187
0.00583079 0.00506147  0.0518228 0.00884147
  0.212772 0.00853187 0.00884147    0.44893
IMAGINARY
          0  0.00183282  0.00209384  0.00412761
-0.00183282           0  0.00240446 -0.00388702
-0.00209384 -0.00240446           0 -0.00482146
-0.00412761  0.00388702  0.00482146           0
Repeater1[0]<--->HoM1[0]
REAL
     0.44414   0.00130347   0.00915808     0.213045
  0.00130347     0.056621  -0.00405465 -0.000693394
  0.00915808  -0.00405465     0.056621   0.00686933
    0.213045 -0.000693394   0.00686933     0.442618
IMAGINARY
           0  -0.00537406   0.00860283   0.00423647
  0.00537406            0  0.000845142  -0.00875204
 -0.00860283 -0.000845142            0   0.00791061
 -0.00423647   0.00875204  -0.00791061            0
EndNode1[0]<--->Repeater1[0]
REAL
    0.45187 -0.00187401   0.0083811    0.222339
-0.00187401   0.0515021 -0.00285628 -0.00717845
  0.0083811 -0.00285628   0.0539546 -0.00323723
   0.222339 -0.00717845 -0.00323723    0.442673
IMAGINARY
           0   0.00901569   0.00354121 -0.000772244
 -0.00901569            0   -0.0128186    0.0072826
 -0.00354121    0.0128186            0  -0.00480643
 0.000772244   -0.0072826   0.00480643            0
EndNode2[0]<--->HoM1[0]
REAL
     0.45339    0.0019953 -0.000672227     0.209644
   0.0019953    0.0553874  -0.00212449   0.00866512
-0.000672227  -0.00212449    0.0508475   0.00481346
    0.209644   0.00866512   0.00481346     0.440375
IMAGINARY
          0  -0.0160719 -0.00461884 -0.00214558
  0.0160719           0 -0.00503575  0.00581358
 0.00461884  0.00503575           0  0.00741001
 0.00214558 -0.00581358 -0.00741001           0
Repeater1[0]<--->EndNode1[0]
REAL
    0.45187   0.0083811 -0.00187401    0.222339
  0.0083811   0.0539546 -0.00285628 -0.00323723
-0.00187401 -0.00285628   0.0515021 -0.00717845
   0.222339 -0.00323723 -0.00717845    0.442673
IMAGINARY
           0   0.00354121   0.00901569 -0.000772244
 -0.00354121            0    0.0128186  -0.00480643
 -0.00901569   -0.0128186            0    0.0072826
 0.000772244   0.00480643   -0.0072826            0
Repeater1[0]<--->HoM1[0]
REAL
     0.45339 -0.000672227    0.0019953     0.209644
-0.000672227    0.0508475  -0.00212449   0.00481346
   0.0019953  -0.00212449    0.0553874   0.00866512
    0.209644   0.00481346   0.00866512     0.440375
IMAGINARY
          0 -0.00461884  -0.0160719 -0.00214558
 0.00461884           0  0.00503575  0.00741001
  0.0160719 -0.00503575           0  0.00581358
 0.00214558 -0.00741001 -0.00581358           0
EndNode1[0]<--->Repeater1[0]
REAL
   0.431981 -0.00472026  -0.0101068    0.218398
-0.00472026   0.0572792  0.00289822 -0.00829521
 -0.0101068  0.00289822    0.049821  -0.0080196
   0.218398 -0.00829521  -0.0080196    0.460919
IMAGINARY
          0   0.0104871 -0.00203834  0.00808765
 -0.0104871           0 -0.00393088  0.00452882
 0.00203834  0.00393088           0  0.00137932
-0.00808765 -0.00452882 -0.00137932           0
EndNode2[0]<--->HoM1[0]
REAL
   0.447137 -0.00240665  -0.0105403    0.210829
-0.00240665   0.0545289   0.0102619  0.00844325
 -0.0105403   0.0102619   0.0484702 -0.00658077
   0.210829  0.00844325 -0.00658077    0.449864
IMAGINARY
           0  -0.00286164 -0.000317163   0.00538067
  0.00286164            0   0.00198333    0.0103082
 0.000317163  -0.00198333            0    -0.019059
 -0.00538067   -0.0103082     0.019059            0
Repeater1[0]<--->EndNode1[0]
REAL
   0.431981  -0.0101068 -0.00472026    0.218398
 -0.0101068    0.049821  0.00289822  -0.0080196
-0.00472026  0.00289822   0.0572792 -0.00829521
   0.218398  -0.0080196 -0.00829521    0.460919
IMAGINARY
          0 -0.00203834   0.0104871  0.00808765
 0.00203834           0  0.00393088  0.00137932
 -0.0104871 -0.00393088           0  0.00452882
-0.00808765 -0.00137932 -0.00452882           0
Repeater1[0]<--->HoM1[0]
REAL
   0.447137  -0.0105403 -0.00240665    0.210829
 -0.0105403   0.0484702   0.0102619 -0.00658077
-0.00240665   0.0102619   0.0545289  0.00844325
   0.210829 -0.00658077  0.00844325    0.449864
IMAGINARY
           0 -0.000317163  -0.00286164   0.00538067
 0.000317163            0  -0.00198333    -0.019059
  0.00286164   0.00198333            0    0.0103082
 -0.00538067     0.019059   -0.0103082            0
EndNode1[0]<--->Repeater1[0]
REAL
   0.430383 -0.00905441 -0.00143784    0.213098
-0.00905441   0.0551622  0.00480225  0.00815449
-0.00143784  0.00480225    0.060767  0.00171295
   0.213098  0.00815449  0.00171295    0.453687
IMAGINARY
          0  0.00148677 -0.00743411 -0.00984483
-0.00148677           0 -0.00353058  0.00371719
 0.00743411  0.00353058           0 -0.00579839
 0.00984483 -0.00371719  0.00579839           0
EndNode2[0]<--->HoM1[0]
REAL
    0.41754  0.00762641  0.00339608    0.218436
 0.00762641   0.0616582  -0.0033803 -0.00324643
 0.00339608  -0.0033803   0.0631547 0.000903971
   0.218436 -0.00324643 0.000903971    0.457647
IMAGINARY
           0 -0.000675879  -0.00321632   0.00693545
 0.000675879            0    0.0108511 -0.000744675
  0.00321632   -0.0108511            0  0.000675879
 -0.00693545  0.000744675 -0.000675879            0
Repeater1[0]<--->EndNode1[0]
REAL
   0.430383 -0.00143784 -0.00905441    0.213098
-0.00143784    0.060767  0.00480225  0.00171295
-0.00905441  0.00480225   0.0551622  0.00815449
   0.213098  0.00171295  0.00815449    0.453687
IMAGINARY
          0 -0.00743411  0.00148677 -0.00984483
 0.00743411           0  0.00353058 -0.00579839
-0.00148677 -0.00353058           0  0.00371719
 0.00984483  0.00579839 -0.00371719           0
Repeater1[0]<--->HoM1[0]
REAL
    0.41754  0.00339608  0.00762641    0.218436
 0.00339608   0.0631547  -0.0033803 0.000903971
 0.00762641  -0.0033803   0.0616582 -0.00324643
   0.218436 0.000903971 -0.00324643    0.457647
IMAGINARY
           0  -0.00321632 -0.000675879   0.00693545
  0.00321632            0   -0.0108511  0.000675879
 0.000675879    0.0108511            0 -0.000744675
