EndNode1[0]<--->Repeater1[0]
REAL
  0.445255 -0.0171389 -0.0138371   0.355215
-0.0171389  0.0748175  0.0104193 0.00919317
-0.0138371  0.0104193  0.0687348 0.00692216
  0.355215 0.00919317 0.00692216   0.411192
IMAGINARY
           0  -0.00383956  -0.00587791  0.000428134
  0.00383956            0 -0.000730614  9.58049e-05
  0.00587791  0.000730614            0   0.00414388
-0.000428134 -9.58049e-05  -0.00414388            0
EndNode2[0]<--->HoM1[0]
REAL
   0.422735 -0.00526513 -0.00908475    0.347027
-0.00526513   0.0734162 -0.00158834 -0.00282693
-0.00908475 -0.00158834   0.0793369 -0.00432232
   0.347027 -0.00282693 -0.00432232    0.424512
IMAGINARY
           0   0.00213178  -0.00911168    0.0125949
 -0.00213178            0   0.00158952  -0.00165755
  0.00911168  -0.00158952            0  2.20708e-05
  -0.0125949   0.00165755 -2.20708e-05            0
Repeater1[0]<--->EndNode1[0]
REAL
  0.445255 -0.0138371 -0.0171389   0.355215
-0.0138371  0.0687348  0.0104193 0.00692216
-0.0171389  0.0104193  0.0748175 0.00919317
  0.355215 0.00692216 0.00919317   0.411192
IMAGINARY
           0  -0.00587791  -0.00383956  0.000428134
  0.00587791            0  0.000730614   0.00414388
  0.00383956 -0.000730614            0  9.58049e-05
-0.000428134  -0.00414388 -9.58049e-05            0
Repeater1[0]<--->HoM1[0]
REAL
   0.422735 -0.00908475 -0.00526513    0.347027
-0.00908475   0.0793369 -0.00158834 -0.00432232
-0.00526513 -0.00158834   0.0734162 -0.00282693
   0.347027 -0.00432232 -0.00282693    0.424512
IMAGINARY
           0  -0.00911168   0.00213178    0.0125949
  0.00911168            0  -0.00158952  2.20708e-05
 -0.00213178   0.00158952            0  -0.00165755
  -0.0125949 -2.20708e-05   0.00165755            0
EndNode1[0]<--->Repeater1[0]
REAL
   0.43792 -0.0123409  0.0140554   0.350977
-0.0123409  0.0807339  0.0117332 -0.0044631
 0.0140554  0.0117332  0.0556575  0.0201346
  0.350977 -0.0044631  0.0201346   0.425688
IMAGINARY
           0   0.00620567  -0.00743567  0.000344371
 -0.00620567            0  -0.00538888    0.0050716
  0.00743567   0.00538888            0   0.00561466
-0.000344371   -0.0050716  -0.00561466            0
EndNode2[0]<--->HoM1[0]
REAL
   0.417223  -0.0172389 -0.00889331    0.345284
 -0.0172389   0.0855064 -0.00302044  -0.0100712
-0.00889331 -0.00302044   0.0673135 -0.00052153
   0.345284  -0.0100712 -0.00052153    0.429958
IMAGINARY
           0  -0.00857511  0.000156415 -0.000830892
  0.00857511            0   0.00570894    0.0126336
-0.000156415  -0.00570894            0 -5.07103e-05
 0.000830892   -0.0126336  5.07103e-05            0
Repeater1[0]<--->EndNode1[0]
REAL
   0.43792  0.0140554 -0.0123409   0.350977
 0.0140554  0.0556575  0.0117332  0.0201346
-0.0123409  0.0117332  0.0807339 -0.0044631
  0.350977  0.0201346 -0.0044631   0.425688
IMAGINARY
           0  -0.00743567   0.00620567  0.000344371
  0.00743567            0   0.00538888   0.00561466
 -0.00620567  -0.00538888            0    0.0050716
-0.000344371  -0.00561466   -0.0050716            0
Repeater1[0]<--->HoM1[0]
REAL
   0.417223 -0.00889331  -0.0172389    0.345284
-0.00889331   0.0673135 -0.00302044 -0.00052153
 -0.0172389 -0.00302044   0.0855064  -0.0100712
   0.345284 -0.00052153  -0.0100712    0.429958
IMAGINARY
           0  0.000156415  -0.00857511 -0.000830892
-0.000156415            0  -0.00570894 -5.07103e-05
  0.00857511   0.00570894            0    0.0126336
 0.000830892  5.07103e-05   -0.0126336            0
EndNode1[0]<--->Repeater1[0]
REAL
   0.443671 -0.00832544  0.00549505     0.35127
-0.00832544   0.0765823 -0.00525442  0.00199447
 0.00549505 -0.00525442   0.0708861 -0.00395736
    0.35127  0.00199447 -0.00395736    0.408861
IMAGINARY
           0    0.0140551   0.00268933 -0.000536687
  -0.0140551            0  -0.00545852  -0.00361698
 -0.00268933   0.00545852            0  -0.00694312
 0.000536687   0.00361698   0.00694312            0
EndNode2[0]<--->HoM1[0]
REAL
   0.415584  -0.0190648   0.0108379     0.35423
 -0.0190648   0.0779221 -0.00521993  -0.0188824
  0.0108379 -0.00521993   0.0802834  -0.0100193
    0.35423  -0.0188824  -0.0100193     0.42621
IMAGINARY
           0    0.0101099   0.00538995  -0.00623653
  -0.0101099            0  -0.00362783 -0.000605257
 -0.00538995   0.00362783            0  -0.00592333
  0.00623653  0.000605257   0.00592333            0
Repeater1[0]<--->EndNode1[0]
REAL
   0.443671  0.00549505 -0.00832544     0.35127
 0.00549505   0.0708861 -0.00525442 -0.00395736
-0.00832544 -0.00525442   0.0765823  0.00199447
    0.35127 -0.00395736  0.00199447    0.408861
IMAGINARY
           0   0.00268933    0.0140551 -0.000536687
 -0.00268933            0   0.00545852  -0.00694312
  -0.0140551  -0.00545852            0  -0.00361698
 0.000536687   0.00694312   0.00361698            0
Repeater1[0]<--->HoM1[0]
REAL
   0.415584   0.0108379  -0.0190648     0.35423
  0.0108379   0.0802834 -0.00521993  -0.0100193
 -0.0190648 -0.00521993   0.0779221  -0.0188824
    0.35423  -0.0100193  -0.0188824     0.42621
IMAGINARY
           0   0.00538995    0.0101099  -0.00623653
 -0.00538995            0   0.00362783  -0.00592333
  -0.0101099  -0.00362783            0 -0.000605257
  0.00623653   0.00592333  0.000605257            0
EndNode1[0]<--->Repeater1[0]
REAL
     0.39772  -0.00421089   0.00281955     0.346445
 -0.00421089    0.0755849  -0.00716996   0.00312166
  0.00281955  -0.00716996    0.0845831 -0.000479544
    0.346445   0.00312166 -0.000479544     0.442112
IMAGINARY
          0 -0.00599803  -0.0155758  0.00670062
 0.00599803           0  -0.0061199  0.00051552
  0.0155758   0.0061199           0   0.0156366
-0.00670062 -0.00051552  -0.0156366           0
EndNode2[0]<--->HoM1[0]
REAL
   0.440462 -0.00723829 -0.00606646    0.356886
-0.00723829    0.072904 -0.00936807   0.0149317
-0.00606646 -0.00936807   0.0613609 -0.00162695
   0.356886   0.0149317 -0.00162695    0.425273
IMAGINARY
           0   0.00460581  -0.00309801  -0.00435633
 -0.00460581            0 -0.000724366   0.00526519
  0.00309801  0.000724366            0  -0.00181943
  0.00435633  -0.00526519   0.00181943            0
Repeater1[0]<--->EndNode1[0]
REAL
     0.39772   0.00281955  -0.00421089     0.346445
  0.00281955    0.0845831  -0.00716996 -0.000479544
 -0.00421089  -0.00716996    0.0755849   0.00312166
    0.346445 -0.000479544   0.00312166     0.442112
IMAGINARY
          0  -0.0155758 -0.00599803  0.00670062
  0.0155758           0   0.0061199   0.0156366
 0.00599803  -0.0061199           0  0.00051552
-0.00670062  -0.0156366 -0.00051552           0
Repeater1[0]<--->HoM1[0]
REAL
   0.440462 -0.00606646 -0.00723829    0.356886
-0.00606646   0.0613609 -0.00936807 -0.00162695
-0.00723829 -0.00936807    0.072904   0.0149317
   0.356886 -0.00162695   0.0149317    0.425273
IMAGINARY
           0  -0.00309801   0.00460581  -0.00435633
  0.00309801            0  0.000724366  -0.00181943
 -0.00460581 -0.000724366            0   0.00526519
  0.00435633   0.00181943  -0.00526519            0
EndNode1[0]<--->Repeater1[0]
REAL
   0.431145 -0.00543404   -0.004555    0.348252
-0.00543404   0.0755375 -0.00196072 -0.00820464
  -0.004555 -0.00196072   0.0650784 -0.00910601
   0.348252 -0.00820464 -0.00910601    0.428239
IMAGINARY
           0   0.00122271 -0.000653023    0.0244488
 -0.00122271            0  -0.00344564  -0.00753376
 0.000653023   0.00344564            0   0.00393193
  -0.0244488   0.00753376  -0.00393193            0
EndNode2[0]<--->HoM1[0]
REAL
   0.433438 -0.00611369 -0.00847904    0.355417
-0.00611369   0.0694006 -0.00261571  -0.0105913
-0.00847904 -0.00261571   0.0700315 -0.00640121
   0.355417  -0.0105913 -0.00640121    0.427129
IMAGINARY
          0 -0.00403527  -0.0147512  -0.0109105
 0.00403527           0 -0.00437067 -0.00891007
  0.0147512  0.00437067           0   0.0115073
  0.0109105  0.00891007  -0.0115073           0
Repeater1[0]<--->EndNode1[0]
REAL
   0.431145   -0.004555 -0.00543404    0.348252
  -0.004555   0.0650784 -0.00196072 -0.00910601
-0.00543404 -0.00196072   0.0755375 -0.00820464
   0.348252 -0.00910601 -0.00820464    0.428239
IMAGINARY
           0 -0.000653023   0.00122271    0.0244488
 0.000653023            0   0.00344564   0.00393193
 -0.00122271  -0.00344564            0  -0.00753376
  -0.0244488  -0.00393193   0.00753376            0
Repeater1[0]<--->HoM1[0]
REAL
   0.433438 -0.00847904 -0.00611369    0.355417
-0.00847904   0.0700315 -0.00261571 -0.00640121
-0.00611369 -0.00261571   0.0694006  -0.0105913
   0.355417 -0.00640121  -0.0105913    0.427129
IMAGINARY
          0  -0.0147512 -0.00403527  -0.0109105
  0.0147512           0  0.00437067   0.0115073
 0.00403527 -0.00437067           0 -0.00891007
  0.0109105  -0.0115073  0.00891007           0
EndNode1[0]<--->Repeater1[0]
REAL
   0.439112 -0.00676235 -0.00327716    0.349676
-0.00676235   0.0719856  0.00729091  -0.0164516
-0.00327716  0.00729091   0.0713857  -0.0141994
   0.349676  -0.0164516  -0.0141994    0.417516
IMAGINARY
           0  -0.00914374   0.00497081  0.000394365
  0.00914374            0   0.00371362  -0.00260954
 -0.00497081  -0.00371362            0   0.00737278
-0.000394365   0.00260954  -0.00737278            0
EndNode2[0]<--->HoM1[0]
REAL
   0.424969   0.0150628  0.00252829    0.354874
  0.0150628   0.0756458  0.00384727 -0.00310969
 0.00252829  0.00384727   0.0731857 -0.00924885
   0.354874 -0.00310969 -0.00924885    0.426199
IMAGINARY
           0    0.0122995   0.00291082   0.00268126
  -0.0122995            0  -0.00814906 -0.000858029
 -0.00291082   0.00814906            0  -0.00731421
 -0.00268126  0.000858029   0.00731421            0
Repeater1[0]<--->EndNode1[0]
REAL
   0.439112 -0.00327716 -0.00676235    0.349676
-0.00327716   0.0713857  0.00729091  -0.0141994
-0.00676235  0.00729091   0.0719856  -0.0164516
   0.349676  -0.0141994  -0.0164516    0.417516
IMAGINARY
           0   0.00497081  -0.00914374  0.000394365
 -0.00497081            0  -0.00371362   0.00737278
  0.00914374   0.00371362            0  -0.00260954
-0.000394365  -0.00737278   0.00260954            0
Repeater1[0]<--->HoM1[0]
REAL
   0.424969  0.00252829   0.0150628    0.354874
 0.00252829   0.0731857  0.00384727 -0.00924885
  0.0150628  0.00384727   0.0756458 -0.00310969
   0.354874 -0.00924885 -0.00310969    0.426199
IMAGINARY
           0   0.00291082    0.0122995   0.00268126
 -0.00291082            0   0.00814906  -0.00731421
  -0.0122995  -0.00814906            0 -0.000858029
 -0.00268126   0.00731421  0.000858029            0
EndNode1[0]<--->Repeater1[0]
REAL
   0.428152 -0.00206677    0.010456    0.352395
-0.00206677   0.0733138  0.00706465   0.0150696
   0.010456  0.00706465   0.0750733   0.0155803
   0.352395   0.0150696   0.0155803     0.42346
IMAGINARY
           0    -0.023816     0.010853   -0.0270706
    0.023816            0 -0.000202145    0.0102654
   -0.010853  0.000202145            0  -0.00325123
   0.0270706   -0.0102654   0.00325123            0
EndNode2[0]<--->HoM1[0]
REAL
    0.430225 -0.000875611  -0.00426299     0.346491
-0.000875611    0.0700792  0.000516845   0.00765596
 -0.00426299  0.000516845    0.0688605    0.0092038
    0.346491   0.00765596    0.0092038     0.430835
IMAGINARY
          0  -0.0125777 -0.00103535  -0.0113909
  0.0125777           0  -0.0113909   0.0173714
 0.00103535   0.0113909           0  -0.0107595
  0.0113909  -0.0173714   0.0107595           0
Repeater1[0]<--->EndNode1[0]
REAL
   0.428152    0.010456 -0.00206677    0.352395
   0.010456   0.0750733  0.00706465   0.0155803
-0.00206677  0.00706465   0.0733138   0.0150696
   0.352395   0.0155803   0.0150696     0.42346
IMAGINARY
           0     0.010853    -0.023816   -0.0270706
   -0.010853            0  0.000202145  -0.00325123
    0.023816 -0.000202145            0    0.0102654
   0.0270706   0.00325123   -0.0102654            0
Repeater1[0]<--->HoM1[0]
REAL
    0.430225  -0.00426299 -0.000875611     0.346491
 -0.00426299    0.0688605  0.000516845    0.0092038
-0.000875611  0.000516845    0.0700792   0.00765596
    0.346491    0.0092038   0.00765596     0.430835
IMAGINARY
          0 -0.00103535  -0.0125777  -0.0113909
 0.00103535           0   0.0113909  -0.0107595
  0.0125777  -0.0113909           0   0.0173714
  0.0113909   0.0107595  -0.0173714           0
EndNode1[0]<--->Repeater1[0]
REAL
   0.434123  0.00387967   0.0166795     0.35335
 0.00387967   0.0734669 -0.00149806 -0.00951101
  0.0166795 -0.00149806   0.0692168  0.00448353
    0.35335 -0.00951101  0.00448353    0.423194
IMAGINARY
           0   0.00739594  -0.00584629   0.00379869
 -0.00739594            0  -0.00657475  0.000395912
  0.00584629   0.00657475            0    0.0020705
 -0.00379869 -0.000395912   -0.0020705            0
EndNode2[0]<--->HoM1[0]
REAL
   0.412319 -0.00879694   -0.017156    0.360838
-0.00879694   0.0886235  0.00836009  0.00419635
  -0.017156  0.00836009    0.070396  0.00367337
   0.360838  0.00419635  0.00367337    0.428661
IMAGINARY
          0  -0.0100263   0.0103842  0.00804621
  0.0100263           0 -0.00773699  0.00681699
 -0.0103842  0.00773699           0   0.0039038
-0.00804621 -0.00681699  -0.0039038           0
Repeater1[0]<--->EndNode1[0]
REAL
   0.434123   0.0166795  0.00387967     0.35335
  0.0166795   0.0692168 -0.00149806  0.00448353
 0.00387967 -0.00149806   0.0734669 -0.00951101
    0.35335  0.00448353 -0.00951101    0.423194
IMAGINARY
           0  -0.00584629   0.00739594   0.00379869
  0.00584629            0   0.00657475    0.0020705
 -0.00739594  -0.00657475            0  0.000395912
 -0.00379869   -0.0020705 -0.000395912            0
Repeater1[0]<--->HoM1[0]
REAL
   0.412319   -0.017156 -0.00879694    0.360838
  -0.017156    0.070396  0.00836009  0.00367337
-0.00879694  0.00836009   0.0886235  0.00419635
   0.360838  0.00367337  0.00419635    0.428661
IMAGINARY
          0   0.0103842  -0.0100263  0.00804621
 -0.0103842           0  0.00773699   0.0039038
  0.0100263 -0.00773699           0  0.00681699
-0.00804621  -0.0039038 -0.00681699           0
EndNode1[0]<--->Repeater1[0]
REAL
   0.411209  -0.0169709  -0.0088002    0.346478
 -0.0169709   0.0725664 -0.00170228 -0.00821472
 -0.0088002 -0.00170228   0.0731563 -0.00959627
   0.346478 -0.00821472 -0.00959627    0.443068
IMAGINARY
           0  0.000759052   0.00327207  -0.00619711
-0.000759052            0    0.0028938  -0.00766353
 -0.00327207   -0.0028938            0   0.00614183
  0.00619711   0.00766353  -0.00614183            0
EndNode2[0]<--->HoM1[0]
REAL
    0.420601   0.00302608   0.00996652     0.351538
  0.00302608    0.0827713   -0.0101046 -0.000853522
  0.00996652   -0.0101046    0.0576334   0.00183419
    0.351538 -0.000853522   0.00183419     0.438994
IMAGINARY
           0   0.00111793   -0.0171544   -0.0114379
 -0.00111793            0  0.000285457   0.00758059
   0.0171544 -0.000285457            0   0.00474989
   0.0114379  -0.00758059  -0.00474989            0
Repeater1[0]<--->EndNode1[0]
REAL
   0.411209  -0.0088002  -0.0169709    0.346478
 -0.0088002   0.0731563 -0.00170228 -0.00959627
 -0.0169709 -0.00170228   0.0725664 -0.00821472
   0.346478 -0.00959627 -0.00821472    0.443068
IMAGINARY
           0   0.00327207  0.000759052  -0.00619711
 -0.00327207            0   -0.0028938   0.00614183
-0.000759052    0.0028938            0  -0.00766353
  0.00619711  -0.00614183   0.00766353            0
Repeater1[0]<--->HoM1[0]
REAL
    0.420601   0.00996652   0.00302608     0.351538
  0.00996652    0.0576334   -0.0101046   0.00183419
  0.00302608   -0.0101046    0.0827713 -0.000853522
    0.351538   0.00183419 -0.000853522     0.438994
IMAGINARY
           0   -0.0171544   0.00111793   -0.0114379
   0.0171544            0 -0.000285457   0.00474989
 -0.00111793  0.000285457            0   0.00758059
   0.0114379  -0.00474989  -0.00758059            0
EndNode1[0]<--->Repeater1[0]
REAL
   0.423893  0.00784873 -0.00939475    0.354275
 0.00784873     0.06792 -0.00717455  0.00382943
-0.00939475 -0.00717455   0.0642814  -0.0151715
   0.354275  0.00382943  -0.0151715    0.443905
IMAGINARY
           0  -0.00400718   -0.0101537   -0.0116262
  0.00400718            0 -0.000436546  -0.00926662
   0.0101537  0.000436546            0    0.0077753
   0.0116262   0.00926662   -0.0077753            0
EndNode2[0]<--->HoM1[0]
REAL
    0.41267  0.00401953 -0.00156636    0.352168
 0.00401953   0.0722321 0.000614628 -0.00591419
-0.00156636 0.000614628   0.0757845 -0.00551564
   0.352168 -0.00591419 -0.00551564    0.439313
IMAGINARY
           0  -0.00309009  -0.00920527   0.00069615
  0.00309009            0   0.00984249    0.0017254
  0.00920527  -0.00984249            0  0.000213217
 -0.00069615   -0.0017254 -0.000213217            0
Repeater1[0]<--->EndNode1[0]
REAL
   0.423893 -0.00939475  0.00784873    0.354275
-0.00939475   0.0642814 -0.00717455  -0.0151715
 0.00784873 -0.00717455     0.06792  0.00382943
   0.354275  -0.0151715  0.00382943    0.443905
IMAGINARY
           0   -0.0101537  -0.00400718   -0.0116262
   0.0101537            0  0.000436546    0.0077753
  0.00400718 -0.000436546            0  -0.00926662
   0.0116262   -0.0077753   0.00926662            0
Repeater1[0]<--->HoM1[0]
REAL
    0.41267 -0.00156636  0.00401953    0.352168
-0.00156636   0.0757845 0.000614628 -0.00551564
 0.00401953 0.000614628   0.0722321 -0.00591419
   0.352168 -0.00551564 -0.00591419    0.439313
IMAGINARY
           0  -0.00920527  -0.00309009   0.00069615
  0.00920527            0  -0.00984249  0.000213217
  0.00309009   0.00984249            0    0.0017254
 -0.00069615 -0.000213217   -0.0017254            0
EndNode1[0]<--->Repeater1[0]
REAL
  0.430288 0.00327441 0.00969446   0.357966
0.00327441  0.0582933 0.00511484 0.00619796
0.00969446 0.00511484  0.0817308   0.010173
  0.357966 0.00619796   0.010173   0.429688
IMAGINARY
           0    0.0025313  -0.00667115  0.000719951
  -0.0025313            0    0.0120073  -0.00344534
  0.00667115   -0.0120073            0    0.0149426
-0.000719951   0.00344534   -0.0149426            0
EndNode2[0]<--->HoM1[0]
REAL
   0.426763   0.0142742   0.0137309    0.339341
  0.0142742   0.0632911  0.00405412  0.00808621
  0.0137309  0.00405412   0.0693189 -0.00560712
   0.339341  0.00808621 -0.00560712    0.440627
IMAGINARY
           0   -0.0240335  -0.00523322   0.00461606
   0.0240335            0   -0.0117674    0.0117107
  0.00523322    0.0117674            0 -0.000334126
 -0.00461606   -0.0117107  0.000334126            0
Repeater1[0]<--->EndNode1[0]
REAL
  0.430288 0.00969446 0.00327441   0.357966
0.00969446  0.0817308 0.00511484   0.010173
0.00327441 0.00511484  0.0582933 0.00619796
  0.357966   0.010173 0.00619796   0.429688
IMAGINARY
           0  -0.00667115    0.0025313  0.000719951
  0.00667115            0   -0.0120073    0.0149426
  -0.0025313    0.0120073            0  -0.00344534
-0.000719951   -0.0149426   0.00344534            0
Repeater1[0]<--->HoM1[0]
REAL
   0.426763   0.0137309   0.0142742    0.339341
  0.0137309   0.0693189  0.00405412 -0.00560712
  0.0142742  0.00405412   0.0632911  0.00808621
   0.339341 -0.00560712  0.00808621    0.440627
IMAGINARY
           0  -0.00523322   -0.0240335   0.00461606
  0.00523322            0    0.0117674 -0.000334126
   0.0240335   -0.0117674            0    0.0117107
 -0.00461606  0.000334126   -0.0117107            0
EndNode1[0]<--->Repeater1[0]
REAL
   0.424833  0.00878308  0.00256285    0.352845
 0.00878308   0.0706026 -0.00524253   0.0139897
 0.00256285 -0.00524253   0.0772976 0.000349343
   0.352845   0.0139897 0.000349343    0.427267
IMAGINARY
           0    0.0108273  -0.00423222  -0.00826506
  -0.0108273            0  5.83688e-05    0.0105461
  0.00423222 -5.83688e-05            0   -0.0195465
  0.00826506   -0.0105461    0.0195465            0
EndNode2[0]<--->HoM1[0]
REAL
   0.439475  -0.0171847 -0.00664497    0.353214
 -0.0171847   0.0667859 0.000342135  -0.0103903
-0.00664497 0.000342135   0.0775194  -0.0171847
   0.353214  -0.0103903  -0.0171847    0.416219
IMAGINARY
          0   0.0134584  0.00350773   0.0157055
 -0.0134584           0  0.00842398  -0.0123002
-0.00350773 -0.00842398           0  0.00412663
 -0.0157055   0.0123002 -0.00412663           0
Repeater1[0]<--->EndNode1[0]
REAL
   0.424833  0.00256285  0.00878308    0.352845
 0.00256285   0.0772976 -0.00524253 0.000349343
 0.00878308 -0.00524253   0.0706026   0.0139897
   0.352845 0.000349343   0.0139897    0.427267
IMAGINARY
           0  -0.00423222    0.0108273  -0.00826506
  0.00423222            0 -5.83688e-05   -0.0195465
  -0.0108273  5.83688e-05            0    0.0105461
  0.00826506    0.0195465   -0.0105461            0
Repeater1[0]<--->HoM1[0]
REAL
   0.439475 -0.00664497  -0.0171847    0.353214
-0.00664497   0.0775194 0.000342135  -0.0171847
 -0.0171847 0.000342135   0.0667859  -0.0103903
   0.353214  -0.0171847  -0.0103903    0.416219
IMAGINARY
          0  0.00350773   0.0134584   0.0157055
-0.00350773           0 -0.00842398  0.00412663
 -0.0134584  0.00842398           0  -0.0123002
 -0.0157055 -0.00412663   0.0123002           0
EndNode1[0]<--->Repeater1[0]
REAL
   0.419396 -0.00214681  0.00121291    0.344577
-0.00214681   0.0770713   0.0121345    0.010879
 0.00121291   0.0121345   0.0693642   0.0172617
   0.344577    0.010879   0.0172617    0.434168
IMAGINARY
          0  0.00745471  0.00950629  0.00547806
-0.00745471           0  -0.0125452 -0.00207908
-0.00950629   0.0125452           0 -0.00418673
-0.00547806  0.00207908  0.00418673           0
EndNode2[0]<--->HoM1[0]
REAL
    0.42158  0.00698078   0.0144232    0.343128
 0.00698078    0.071934 -0.00349394   0.0117963
  0.0144232 -0.00349394   0.0678066 -0.00332225
   0.343128   0.0117963 -0.00332225    0.438679
IMAGINARY
           0   0.00506705     0.016001  -0.00534252
 -0.00506705            0    0.0203541  0.000128008
   -0.016001   -0.0203541            0  -0.00658866
  0.00534252 -0.000128008   0.00658866            0
Repeater1[0]<--->EndNode1[0]
REAL
   0.419396  0.00121291 -0.00214681    0.344577
 0.00121291   0.0693642   0.0121345   0.0172617
-0.00214681   0.0121345   0.0770713    0.010879
   0.344577   0.0172617    0.010879    0.434168
IMAGINARY
          0  0.00950629  0.00745471  0.00547806
-0.00950629           0   0.0125452 -0.00418673
-0.00745471  -0.0125452           0 -0.00207908
-0.00547806  0.00418673  0.00207908           0
Repeater1[0]<--->HoM1[0]
REAL
    0.42158   0.0144232  0.00698078    0.343128
  0.0144232   0.0678066 -0.00349394 -0.00332225
 0.00698078 -0.00349394    0.071934   0.0117963
   0.343128 -0.00332225   0.0117963    0.438679
IMAGINARY
           0     0.016001   0.00506705  -0.00534252
   -0.016001            0   -0.0203541  -0.00658866
 -0.00506705    0.0203541            0  0.000128008
  0.00534252   0.00658866 -0.000128008            0
EndNode1[0]<--->Repeater1[0]
REAL
   0.434703  0.00132549 -0.00468868    0.352467
 0.00132549   0.0668302 -0.00476107 -0.00846117
-0.00468868 -0.00476107   0.0803188  -0.0114172
   0.352467 -0.00846117  -0.0114172    0.418148
IMAGINARY
          0 -0.00557545  0.00739157   0.0129477
 0.00557545           0  0.00786089  -0.0148901
-0.00739157 -0.00786089           0  0.00707515
 -0.0129477   0.0148901 -0.00707515           0
EndNode2[0]<--->HoM1[0]
REAL
   0.427685 -0.00796351 0.000218983    0.346789
-0.00796351   0.0751086   0.0106945 -0.00648016
0.000218983   0.0106945   0.0893855  0.00349124
   0.346789 -0.00648016  0.00349124    0.407821
IMAGINARY
           0    0.0119762 -0.000977775  -0.00136015
  -0.0119762            0    0.0121852   0.00511979
 0.000977775   -0.0121852            0  -0.00724246
  0.00136015  -0.00511979   0.00724246            0
Repeater1[0]<--->EndNode1[0]
REAL
   0.434703 -0.00468868  0.00132549    0.352467
-0.00468868   0.0803188 -0.00476107  -0.0114172
 0.00132549 -0.00476107   0.0668302 -0.00846117
   0.352467  -0.0114172 -0.00846117    0.418148
IMAGINARY
          0  0.00739157 -0.00557545   0.0129477
-0.00739157           0 -0.00786089  0.00707515
 0.00557545  0.00786089           0  -0.0148901
 -0.0129477 -0.00707515   0.0148901           0
Repeater1[0]<--->HoM1[0]
REAL
   0.427685 0.000218983 -0.00796351    0.346789
0.000218983   0.0893855   0.0106945  0.00349124
-0.00796351   0.0106945   0.0751086 -0.00648016
   0.346789  0.00349124 -0.00648016    0.407821
IMAGINARY
           0 -0.000977775    0.0119762  -0.00136015
 0.000977775            0   -0.0121852  -0.00724246
  -0.0119762    0.0121852            0   0.00511979
  0.00136015   0.00724246  -0.00511979            0
EndNode1[0]<--->Repeater1[0]
REAL
   0.422711  0.00448769 -0.00875292    0.353308
 0.00448769   0.0755054 -0.00290513   0.0122052
-0.00875292 -0.00290513   0.0808561  0.00126605
   0.353308   0.0122052  0.00126605    0.420927
IMAGINARY
           0   -0.0174019    0.0155471 -0.000695004
   0.0174019            0    0.0122959   -0.0167306
  -0.0155471   -0.0122959            0    0.0132599
 0.000695004    0.0167306   -0.0132599            0
EndNode2[0]<--->HoM1[0]
REAL
   0.402869 -0.00131047   0.0035902     0.34723
-0.00131047   0.0741184 -0.00355201  0.00388107
  0.0035902 -0.00355201   0.0759115  0.00418403
    0.34723  0.00388107  0.00418403    0.447101
IMAGINARY
          0 -0.00834131  0.00158888  0.00627848
 0.00834131           0    0.016255  0.00863976
-0.00158888   -0.016255           0  0.00533289
-0.00627848 -0.00863976 -0.00533289           0
Repeater1[0]<--->EndNode1[0]
REAL
   0.422711 -0.00875292  0.00448769    0.353308
-0.00875292   0.0808561 -0.00290513  0.00126605
 0.00448769 -0.00290513   0.0755054   0.0122052
   0.353308  0.00126605   0.0122052    0.420927
IMAGINARY
           0    0.0155471   -0.0174019 -0.000695004
  -0.0155471            0   -0.0122959    0.0132599
   0.0174019    0.0122959            0   -0.0167306
 0.000695004   -0.0132599    0.0167306            0
Repeater1[0]<--->HoM1[0]
REAL
   0.402869   0.0035902 -0.00131047     0.34723
  0.0035902   0.0759115 -0.00355201  0.00418403
-0.00131047 -0.00355201   0.0741184  0.00388107
    0.34723  0.00418403  0.00388107    0.447101
IMAGINARY
          0  0.00158888 -0.00834131  0.00627848
-0.00158888           0   -0.016255  0.00533289
 0.00834131    0.016255           0  0.00863976
-0.00627848 -0.00533289 -0.00863976           0
EndNode1[0]<--->Repeater1[0]
REAL
     0.43299  -0.00865584 -0.000525351     0.353848
 -0.00865584    0.0751971  -0.00594362   0.00531577
-0.000525351  -0.00594362    0.0751971   0.00626063
    0.353848   0.00531577   0.00626063     0.416616
IMAGINARY
          0 -0.00156446  0.00554808  0.00587798
 0.00156446           0  -0.0118566 -0.00670683
-0.00554808   0.0118566           0  0.00156446
-0.00587798  0.00670683 -0.00156446           0
EndNode2[0]<--->HoM1[0]
REAL
    0.430622 -0.000403907    0.0149714     0.354101
-0.000403907     0.076555   -0.0107802  -0.00248705
   0.0149714   -0.0107802    0.0747608   -0.0102078
    0.354101  -0.00248705   -0.0102078     0.418062
IMAGINARY
           0    0.0132032  -0.00932397    0.0123656
  -0.0132032            0  -0.00499966 -0.000718632
  0.00932397   0.00499966            0  0.000491298
  -0.0123656  0.000718632 -0.000491298            0
Repeater1[0]<--->EndNode1[0]
REAL
     0.43299 -0.000525351  -0.00865584     0.353848
-0.000525351    0.0751971  -0.00594362   0.00626063
 -0.00865584  -0.00594362    0.0751971   0.00531577
    0.353848   0.00626063   0.00531577     0.416616
IMAGINARY
          0  0.00554808 -0.00156446  0.00587798
-0.00554808           0   0.0118566  0.00156446
 0.00156446  -0.0118566           0 -0.00670683
-0.00587798 -0.00156446  0.00670683           0
Repeater1[0]<--->HoM1[0]
REAL
    0.430622    0.0149714 -0.000403907     0.354101
   0.0149714    0.0747608   -0.0107802   -0.0102078
-0.000403907   -0.0107802     0.076555  -0.00248705
    0.354101   -0.0102078  -0.00248705     0.418062
IMAGINARY
           0  -0.00932397    0.0132032    0.0123656
  0.00932397            0   0.00499966  0.000491298
  -0.0132032  -0.00499966            0 -0.000718632
  -0.0123656 -0.000491298  0.000718632            0
EndNode1[0]<--->Repeater1[0]
REAL
   0.423125 -0.00723774  0.00467528    0.340772
-0.00723774       0.075 -0.00995622 -0.00437317
 0.00467528 -0.00995622    0.073125 -0.00454474
   0.340772 -0.00437317 -0.00454474     0.42875
IMAGINARY
           0     0.011697  -0.00830629  -0.00512551
   -0.011697            0 -0.000642549    -0.014752
  0.00830629  0.000642549            0 -0.000774663
  0.00512551     0.014752  0.000774663            0
EndNode2[0]<--->HoM1[0]
REAL
   0.421884   0.0135438  -0.0098707    0.348648
  0.0135438   0.0680851 -0.00023849  0.00831112
 -0.0098707 -0.00023849   0.0826748 -0.00325057
   0.348648  0.00831112 -0.00325057    0.427356
IMAGINARY
           0   0.00634776  -0.00245718  -0.00658186
 -0.00634776            0 -0.000409021   0.00576844
  0.00245718  0.000409021            0  -0.00544469
  0.00658186  -0.00576844   0.00544469            0
Repeater1[0]<--->EndNode1[0]
REAL
   0.423125  0.00467528 -0.00723774    0.340772
 0.00467528    0.073125 -0.00995622 -0.00454474
-0.00723774 -0.00995622       0.075 -0.00437317
   0.340772 -0.00454474 -0.00437317     0.42875
IMAGINARY
           0  -0.00830629     0.011697  -0.00512551
  0.00830629            0  0.000642549 -0.000774663
   -0.011697 -0.000642549            0    -0.014752
  0.00512551  0.000774663     0.014752            0
Repeater1[0]<--->HoM1[0]
REAL
   0.421884  -0.0098707   0.0135438    0.348648
 -0.0098707   0.0826748 -0.00023849 -0.00325057
  0.0135438 -0.00023849   0.0680851  0.00831112
   0.348648 -0.00325057  0.00831112    0.427356
IMAGINARY
           0  -0.00245718   0.00634776  -0.00658186
  0.00245718            0  0.000409021  -0.00544469
 -0.00634776 -0.000409021            0   0.00576844
  0.00658186   0.00544469  -0.00576844            0
EndNode1[0]<--->Repeater1[0]
REAL
    0.424506   -0.0138942 -0.000172794     0.360035
  -0.0138942    0.0679443  -0.00698625  -0.00165647
-0.000172794  -0.00698625    0.0778165  -0.00195949
    0.360035  -0.00165647  -0.00195949     0.429733
IMAGINARY
          0  0.00698446 -0.00958289   0.0065752
-0.00698446           0 -0.00810425  -0.0105117
 0.00958289  0.00810425           0  0.00069875
 -0.0065752   0.0105117 -0.00069875           0
EndNode2[0]<--->HoM1[0]
REAL
    0.418829  -0.00929499 -0.000170379     0.346694
 -0.00929499     0.070006   0.00197023   0.00758878
-0.000170379   0.00197023     0.074834   0.00543742
    0.346694   0.00758878   0.00543742     0.436331
IMAGINARY
          0 -0.00600708  0.00938644  0.00209248
 0.00600708           0  -0.0132558  -0.0129836
-0.00938644   0.0132558           0   0.0138008
-0.00209248   0.0129836  -0.0138008           0
Repeater1[0]<--->EndNode1[0]
REAL
    0.424506 -0.000172794   -0.0138942     0.360035
-0.000172794    0.0778165  -0.00698625  -0.00195949
  -0.0138942  -0.00698625    0.0679443  -0.00165647
    0.360035  -0.00195949  -0.00165647     0.429733
IMAGINARY
          0 -0.00958289  0.00698446   0.0065752
 0.00958289           0  0.00810425  0.00069875
-0.00698446 -0.00810425           0  -0.0105117
 -0.0065752 -0.00069875   0.0105117           0
Repeater1[0]<--->HoM1[0]
REAL
    0.418829 -0.000170379  -0.00929499     0.346694
-0.000170379     0.074834   0.00197023   0.00543742
 -0.00929499   0.00197023     0.070006   0.00758878
    0.346694   0.00543742   0.00758878     0.436331
IMAGINARY
          0  0.00938644 -0.00600708  0.00209248
-0.00938644           0   0.0132558   0.0138008
 0.00600708  -0.0132558           0  -0.0129836
-0.00209248  -0.0138008   0.0129836           0
EndNode1[0]<--->Repeater1[0]
REAL
 0.415318   0.01879 0.0126294  0.342181
  0.01879 0.0703611 0.0130745 0.0140974
0.0126294 0.0130745 0.0853051 0.0133421
 0.342181 0.0140974 0.0133421  0.429016
IMAGINARY
          0  -0.0083867  -0.0174666 -0.00807096
  0.0083867           0 -0.00776885   0.0108241
  0.0174666  0.00776885           0  0.00476351
 0.00807096  -0.0108241 -0.00476351           0
EndNode2[0]<--->HoM1[0]
REAL
   0.434509 -0.00946818 -0.00852637    0.353263
-0.00946818   0.0743073 0.000669122  -0.0024139
-0.00852637 0.000669122   0.0730479 -0.00679438
   0.353263  -0.0024139 -0.00679438    0.418136
IMAGINARY
          0   0.0147416  -0.0128344 -0.00335796
 -0.0147416           0 -0.00273607  -0.0113401
  0.0128344  0.00273607           0   0.0153291
 0.00335796   0.0113401  -0.0153291           0
Repeater1[0]<--->EndNode1[0]
REAL
 0.415318 0.0126294   0.01879  0.342181
0.0126294 0.0853051 0.0130745 0.0133421
  0.01879 0.0130745 0.0703611 0.0140974
 0.342181 0.0133421 0.0140974  0.429016
IMAGINARY
          0  -0.0174666  -0.0083867 -0.00807096
  0.0174666           0  0.00776885  0.00476351
  0.0083867 -0.00776885           0   0.0108241
 0.00807096 -0.00476351  -0.0108241           0
Repeater1[0]<--->HoM1[0]
REAL
   0.434509 -0.00852637 -0.00946818    0.353263
-0.00852637   0.0730479 0.000669122 -0.00679438
-0.00946818 0.000669122   0.0743073  -0.0024139
   0.353263 -0.00679438  -0.0024139    0.418136
IMAGINARY
          0  -0.0128344   0.0147416 -0.00335796
  0.0128344           0  0.00273607   0.0153291
 -0.0147416 -0.00273607           0  -0.0113401
 0.00335796  -0.0153291   0.0113401           0
EndNode1[0]<--->Repeater1[0]
REAL
   0.442753  0.00115573   0.0102882    0.346773
 0.00115573   0.0688185 -0.00268356 -0.00257833
  0.0102882 -0.00268356   0.0773447   -0.005439
   0.346773 -0.00257833   -0.005439    0.411084
IMAGINARY
         0 -0.0203304  0.0111417  -0.011566
 0.0203304          0 -0.0121863  0.0143305
-0.0111417  0.0121863          0 -0.0125831
  0.011566 -0.0143305  0.0125831          0
EndNode2[0]<--->HoM1[0]
REAL
    0.408867   0.00310345 -0.000622012     0.342351
  0.00310345     0.080665  -0.00244514  -0.00320377
-0.000622012  -0.00244514    0.0849754  -0.00339774
    0.342351  -0.00320377  -0.00339774     0.425493
IMAGINARY
          0  0.00776577  0.00162299  0.00379474
-0.00776577           0  0.00837071 -0.00314459
-0.00162299 -0.00837071           0  0.00410276
-0.00379474  0.00314459 -0.00410276           0
Repeater1[0]<--->EndNode1[0]
REAL
   0.442753   0.0102882  0.00115573    0.346773
  0.0102882   0.0773447 -0.00268356   -0.005439
 0.00115573 -0.00268356   0.0688185 -0.00257833
   0.346773   -0.005439 -0.00257833    0.411084
IMAGINARY
         0  0.0111417 -0.0203304  -0.011566
-0.0111417          0  0.0121863 -0.0125831
 0.0203304 -0.0121863          0  0.0143305
  0.011566  0.0125831 -0.0143305          0
Repeater1[0]<--->HoM1[0]
REAL
    0.408867 -0.000622012   0.00310345     0.342351
-0.000622012    0.0849754  -0.00244514  -0.00339774
  0.00310345  -0.00244514     0.080665  -0.00320377
    0.342351  -0.00339774  -0.00320377     0.425493
IMAGINARY
          0  0.00162299  0.00776577  0.00379474
-0.00162299           0 -0.00837071  0.00410276
-0.00776577  0.00837071           0 -0.00314459
-0.00379474 -0.00410276  0.00314459           0
EndNode1[0]<--->Repeater1[0]
REAL
    0.426851   0.00525205  -0.00727909     0.350988
  0.00525205    0.0662252 -0.000100651    0.0114211
 -0.00727909 -0.000100651    0.0704395   -0.0141278
    0.350988    0.0114211   -0.0141278     0.436484
IMAGINARY
           0 -0.000428957   -0.0100875  -0.00207831
 0.000428957            0   0.00357982   -0.0031556
   0.0100875  -0.00357982            0   0.00719764
  0.00207831    0.0031556  -0.00719764            0
EndNode2[0]<--->HoM1[0]
REAL
  0.442546 -0.0153215 0.00256966   0.348214
-0.0153215   0.070713 0.00479784 -0.0164251
0.00256966 0.00479784  0.0736594 -0.0105821
  0.348214 -0.0164251 -0.0105821   0.413082
IMAGINARY
           0  -0.00235099     0.007414    0.0174208
  0.00235099            0 -0.000795232  -0.00504152
   -0.007414  0.000795232            0  -0.00476645
  -0.0174208   0.00504152   0.00476645            0
Repeater1[0]<--->EndNode1[0]
REAL
    0.426851  -0.00727909   0.00525205     0.350988
 -0.00727909    0.0704395 -0.000100651   -0.0141278
  0.00525205 -0.000100651    0.0662252    0.0114211
    0.350988   -0.0141278    0.0114211     0.436484
IMAGINARY
           0   -0.0100875 -0.000428957  -0.00207831
   0.0100875            0  -0.00357982   0.00719764
 0.000428957   0.00357982            0   -0.0031556
  0.00207831  -0.00719764    0.0031556            0
Repeater1[0]<--->HoM1[0]
REAL
  0.442546 0.00256966 -0.0153215   0.348214
0.00256966  0.0736594 0.00479784 -0.0105821
-0.0153215 0.00479784   0.070713 -0.0164251
  0.348214 -0.0105821 -0.0164251   0.413082
IMAGINARY
           0     0.007414  -0.00235099    0.0174208
   -0.007414            0  0.000795232  -0.00476645
  0.00235099 -0.000795232            0  -0.00504152
  -0.0174208   0.00476645   0.00504152            0
EndNode1[0]<--->Repeater1[0]
REAL
   0.422915   0.0043882  0.00177112    0.348674
  0.0043882   0.0785843  0.00171016  0.00680369
 0.00177112  0.00171016   0.0731854 -0.00586662
   0.348674  0.00680369 -0.00586662    0.425315
IMAGINARY
           0   0.00316007 -0.000931928  -0.00439921
 -0.00316007            0   -0.0169221    0.0114648
 0.000931928    0.0169221            0   -0.0118342
  0.00439921   -0.0114648    0.0118342            0
EndNode2[0]<--->HoM1[0]
REAL
   0.417745 -0.00426253 -0.00575972    0.351137
-0.00426253   0.0739372 -0.00272775 -0.00515731
-0.00575972 -0.00272775   0.0807147  0.00270295
   0.351137 -0.00515731  0.00270295    0.427603
IMAGINARY
           0   -0.0139297 -0.000301932   0.00446929
   0.0139297            0   0.00872719 -0.000301932
 0.000301932  -0.00872719            0   0.00487172
 -0.00446929  0.000301932  -0.00487172            0
Repeater1[0]<--->EndNode1[0]
REAL
   0.422915  0.00177112   0.0043882    0.348674
 0.00177112   0.0731854  0.00171016 -0.00586662
  0.0043882  0.00171016   0.0785843  0.00680369
   0.348674 -0.00586662  0.00680369    0.425315
IMAGINARY
           0 -0.000931928   0.00316007  -0.00439921
 0.000931928            0    0.0169221   -0.0118342
 -0.00316007   -0.0169221            0    0.0114648
  0.00439921    0.0118342   -0.0114648            0
Repeater1[0]<--->HoM1[0]
REAL
   0.417745 -0.00575972 -0.00426253    0.351137
-0.00575972   0.0807147 -0.00272775  0.00270295
-0.00426253 -0.00272775   0.0739372 -0.00515731
   0.351137  0.00270295 -0.00515731    0.427603
IMAGINARY
           0 -0.000301932   -0.0139297   0.00446929
 0.000301932            0  -0.00872719   0.00487172
   0.0139297   0.00872719            0 -0.000301932
 -0.00446929  -0.00487172  0.000301932            0
EndNode1[0]<--->Repeater1[0]
REAL
    0.441474 -0.000114448  0.000438575     0.351713
-0.000114448     0.067142   0.00241571     0.017946
 0.000438575   0.00241571     0.073678   0.00403247
    0.351713     0.017946   0.00403247     0.417706
IMAGINARY
          0 -0.00729338 -0.00908794 -0.00222389
 0.00729338           0  0.00431594  0.00717223
 0.00908794 -0.00431594           0  0.00793195
 0.00222389 -0.00717223 -0.00793195           0
EndNode2[0]<--->HoM1[0]
REAL
    0.440237    0.0106609    0.0133035     0.349689
   0.0106609    0.0739645  -0.00866962 -0.000560794
   0.0133035  -0.00866962    0.0763314   0.00572261
    0.349689 -0.000560794   0.00572261     0.409467
IMAGINARY
          0  -0.0148556  -0.0010821  -0.0138854
  0.0148556           0   0.0123982  0.00624928
  0.0010821  -0.0123982           0  0.00300152
  0.0138854 -0.00624928 -0.00300152           0
Repeater1[0]<--->EndNode1[0]
REAL
    0.441474  0.000438575 -0.000114448     0.351713
 0.000438575     0.073678   0.00241571   0.00403247
-0.000114448   0.00241571     0.067142     0.017946
    0.351713   0.00403247     0.017946     0.417706
IMAGINARY
          0 -0.00908794 -0.00729338 -0.00222389
 0.00908794           0 -0.00431594  0.00793195
 0.00729338  0.00431594           0  0.00717223
 0.00222389 -0.00793195 -0.00717223           0
Repeater1[0]<--->HoM1[0]
REAL
    0.440237    0.0133035    0.0106609     0.349689
   0.0133035    0.0763314  -0.00866962   0.00572261
   0.0106609  -0.00866962    0.0739645 -0.000560794
