EndNode1[0]<--->Repeater1[0]
REAL
   0.340495 -0.00896522  0.00771953    0.171635
-0.00896522     0.16413  0.00658975  -0.0105112
 0.00771953  0.00658975    0.166219  0.00470428
   0.171635  -0.0105112  0.00470428    0.329155
IMAGINARY
          0  -0.0101355   0.0009279   4.715e-05
  0.0101355           0  0.00524466  0.00332742
 -0.0009279 -0.00524466           0  0.00527232
 -4.715e-05 -0.00332742 -0.00527232           0
EndNode2[0]<--->HoM1[0]
REAL
   0.347291 0.000304895 -0.00048756    0.176154
0.000304895    0.154905  0.00346037  0.00696151
-0.00048756  0.00346037    0.171303  0.00135123
   0.176154  0.00696151  0.00135123    0.326501
IMAGINARY
          0 -0.00312388 -0.00632924  -0.0134687
 0.00312388           0 -0.00415378 -0.00301798
 0.00632924  0.00415378           0  0.00266418
  0.0134687  0.00301798 -0.00266418           0
Repeater1[0]<--->EndNode1[0]
REAL
   0.340495  0.00771953 -0.00896522    0.171635
 0.00771953    0.166219  0.00658975  0.00470428
-0.00896522  0.00658975     0.16413  -0.0105112
   0.171635  0.00470428  -0.0105112    0.329155
IMAGINARY
          0   0.0009279  -0.0101355   4.715e-05
 -0.0009279           0 -0.00524466  0.00527232
  0.0101355  0.00524466           0  0.00332742
 -4.715e-05 -0.00527232 -0.00332742           0
Repeater1[0]<--->HoM1[0]
REAL
   0.347291 -0.00048756 0.000304895    0.176154
-0.00048756    0.171303  0.00346037  0.00135123
0.000304895  0.00346037    0.154905  0.00696151
   0.176154  0.00135123  0.00696151    0.326501
IMAGINARY
          0 -0.00632924 -0.00312388  -0.0134687
 0.00632924           0  0.00415378  0.00266418
 0.00312388 -0.00415378           0 -0.00301798
  0.0134687 -0.00266418  0.00301798           0
EndNode1[0]<--->Repeater1[0]
REAL
  0.345694 0.00284666  0.0142152   0.189886
0.00284666     0.1564  0.0128247 0.00878204
 0.0142152  0.0128247   0.168062 0.00674822
  0.189886 0.00878204 0.00674822   0.329844
IMAGINARY
          0 -0.00726478 -0.00412388  0.00052559
 0.00726478           0 -0.00674714  0.00217486
 0.00412388  0.00674714           0 -0.00607854
-0.00052559 -0.00217486  0.00607854           0
EndNode2[0]<--->HoM1[0]
REAL
   0.334142  0.00108036   0.0028746    0.170805
 0.00108036     0.16889 -0.00275502 -0.00820952
  0.0028746 -0.00275502    0.164645 -0.00522974
   0.170805 -0.00820952 -0.00522974    0.332323
IMAGINARY
           0  0.000462007  -0.00359676  -0.00148425
-0.000462007            0   0.00809086 -9.60006e-05
  0.00359676  -0.00809086            0  -0.00592729
  0.00148425  9.60006e-05   0.00592729            0
Repeater1[0]<--->EndNode1[0]
REAL
  0.345694  0.0142152 0.00284666   0.189886
 0.0142152   0.168062  0.0128247 0.00674822
0.00284666  0.0128247     0.1564 0.00878204
  0.189886 0.00674822 0.00878204   0.329844
IMAGINARY
          0 -0.00412388 -0.00726478  0.00052559
 0.00412388           0  0.00674714 -0.00607854
 0.00726478 -0.00674714           0  0.00217486
-0.00052559  0.00607854 -0.00217486           0
Repeater1[0]<--->HoM1[0]
REAL
   0.334142   0.0028746  0.00108036    0.170805
  0.0028746    0.164645 -0.00275502 -0.00522974
 0.00108036 -0.00275502     0.16889 -0.00820952
   0.170805 -0.00522974 -0.00820952    0.332323
IMAGINARY
           0  -0.00359676  0.000462007  -0.00148425
  0.00359676            0  -0.00809086  -0.00592729
-0.000462007   0.00809086            0 -9.60006e-05
  0.00148425   0.00592729  9.60006e-05            0
EndNode1[0]<--->Repeater1[0]
REAL
    0.350987 -0.000166174  -0.00261924     0.180224
-0.000166174       0.1538  -0.00295839  9.32372e-05
 -0.00261924  -0.00295839     0.162777  -0.00176548
    0.180224  9.32372e-05  -0.00176548     0.332436
IMAGINARY
          0 -0.00469749  0.00187268  0.00257906
 0.00469749           0  -0.0129738  0.00468518
-0.00187268   0.0129738           0 -0.00215182
-0.00257906 -0.00468518  0.00215182           0
EndNode2[0]<--->HoM1[0]
REAL
    0.333433   0.00667955   0.00867473     0.173648
  0.00667955     0.172373   0.00518613   0.00589695
  0.00867473   0.00518613     0.161358 -0.000644814
    0.173648   0.00589695 -0.000644814     0.332837
IMAGINARY
          0  -0.0053809 -0.00376491   0.0110569
  0.0053809           0 -0.00290961  0.00256802
 0.00376491  0.00290961           0 -0.00598954
 -0.0110569 -0.00256802  0.00598954           0
Repeater1[0]<--->EndNode1[0]
REAL
    0.350987  -0.00261924 -0.000166174     0.180224
 -0.00261924     0.162777  -0.00295839  -0.00176548
-0.000166174  -0.00295839       0.1538  9.32372e-05
    0.180224  -0.00176548  9.32372e-05     0.332436
IMAGINARY
          0  0.00187268 -0.00469749  0.00257906
-0.00187268           0   0.0129738 -0.00215182
 0.00469749  -0.0129738           0  0.00468518
-0.00257906  0.00215182 -0.00468518           0
Repeater1[0]<--->HoM1[0]
REAL
    0.333433   0.00867473   0.00667955     0.173648
  0.00867473     0.161358   0.00518613 -0.000644814
  0.00667955   0.00518613     0.172373   0.00589695
    0.173648 -0.000644814   0.00589695     0.332837
IMAGINARY
          0 -0.00376491  -0.0053809   0.0110569
 0.00376491           0  0.00290961 -0.00598954
  0.0053809 -0.00290961           0  0.00256802
 -0.0110569  0.00598954 -0.00256802           0
EndNode1[0]<--->Repeater1[0]
REAL
    0.321739   0.00214075 -0.000925829     0.186336
  0.00214075     0.153523   0.00228503   0.00489525
-0.000925829   0.00228503     0.170615  -0.00493404
    0.186336   0.00489525  -0.00493404     0.354123
IMAGINARY
          0  0.00110001 -0.00774137  0.00407521
-0.00110001           0  0.00495549 -0.00256791
 0.00774137 -0.00495549           0  0.00435784
-0.00407521  0.00256791 -0.00435784           0
EndNode2[0]<--->HoM1[0]
REAL
   0.326929  -0.0027346  0.00493368     0.16905
 -0.0027346    0.161213 -0.00759144 -3.1716e-05
 0.00493368 -0.00759144    0.172621 -0.00186099
    0.16905 -3.1716e-05 -0.00186099    0.339237
IMAGINARY
           0  8.24574e-05  -0.00405222  -0.00246793
-8.24574e-05            0  0.000403031    0.0127545
  0.00405222 -0.000403031            0  0.000680901
  0.00246793   -0.0127545 -0.000680901            0
Repeater1[0]<--->EndNode1[0]
REAL
    0.321739 -0.000925829   0.00214075     0.186336
-0.000925829     0.170615   0.00228503  -0.00493404
  0.00214075   0.00228503     0.153523   0.00489525
    0.186336  -0.00493404   0.00489525     0.354123
IMAGINARY
          0 -0.00774137  0.00110001  0.00407521
 0.00774137           0 -0.00495549  0.00435784
-0.00110001  0.00495549           0 -0.00256791
-0.00407521 -0.00435784  0.00256791           0
Repeater1[0]<--->HoM1[0]
REAL
   0.326929  0.00493368  -0.0027346     0.16905
 0.00493368    0.172621 -0.00759144 -0.00186099
 -0.0027346 -0.00759144    0.161213 -3.1716e-05
    0.16905 -0.00186099 -3.1716e-05    0.339237
IMAGINARY
           0  -0.00405222  8.24574e-05  -0.00246793
  0.00405222            0 -0.000403031  0.000680901
-8.24574e-05  0.000403031            0    0.0127545
  0.00246793 -0.000680901   -0.0127545            0
EndNode1[0]<--->Repeater1[0]
REAL
   0.336946  0.00436006  0.00228356    0.176751
 0.00436006     0.16135   0.0112751 -0.00589367
 0.00228356   0.0112751    0.168164  0.00376269
   0.176751 -0.00589367  0.00376269     0.33354
IMAGINARY
           0   0.00283671  -0.00781402   0.00774975
 -0.00283671            0 -0.000801107  -0.00825741
  0.00781402  0.000801107            0  -0.00343195
 -0.00774975   0.00825741   0.00343195            0
EndNode2[0]<--->HoM1[0]
REAL
   0.332643  0.00222025  0.00786651    0.176872
 0.00222025    0.160556  0.00648101 -0.00579305
 0.00786651  0.00648101    0.167357  0.00133425
   0.176872 -0.00579305  0.00133425    0.339444
IMAGINARY
           0   0.00697569  -0.00422319 -0.000997857
 -0.00697569            0 -0.000223144   0.00495826
  0.00422319  0.000223144            0  -0.00035999
 0.000997857  -0.00495826   0.00035999            0
Repeater1[0]<--->EndNode1[0]
REAL
   0.336946  0.00228356  0.00436006    0.176751
 0.00228356    0.168164   0.0112751  0.00376269
 0.00436006   0.0112751     0.16135 -0.00589367
   0.176751  0.00376269 -0.00589367     0.33354
IMAGINARY
           0  -0.00781402   0.00283671   0.00774975
  0.00781402            0  0.000801107  -0.00343195
 -0.00283671 -0.000801107            0  -0.00825741
 -0.00774975   0.00343195   0.00825741            0
Repeater1[0]<--->HoM1[0]
REAL
   0.332643  0.00786651  0.00222025    0.176872
 0.00786651    0.167357  0.00648101  0.00133425
 0.00222025  0.00648101    0.160556 -0.00579305
   0.176872  0.00133425 -0.00579305    0.339444
IMAGINARY
           0  -0.00422319   0.00697569 -0.000997857
  0.00422319            0  0.000223144  -0.00035999
 -0.00697569 -0.000223144            0   0.00495826
 0.000997857   0.00035999  -0.00495826            0
EndNode1[0]<--->Repeater1[0]
REAL
   0.346734  0.00548845 -0.00163967    0.175677
 0.00548845    0.155188  0.00386392 -0.00439533
-0.00163967  0.00386392    0.166716  0.00839205
   0.175677 -0.00439533  0.00839205    0.331363
IMAGINARY
           0  0.000991669   0.00857815  -0.00175954
-0.000991669            0   -0.0108987   0.00428894
 -0.00857815    0.0108987            0   0.00491205
  0.00175954  -0.00428894  -0.00491205            0
EndNode2[0]<--->HoM1[0]
REAL
   0.327267  0.00262434  -0.0003461    0.176481
 0.00262434    0.161695 -0.00274209 -0.00211393
 -0.0003461 -0.00274209    0.171838   0.0112133
   0.176481 -0.00211393   0.0112133      0.3392
IMAGINARY
           0  -0.00993926  -0.00514461  0.000654309
  0.00993926            0  0.000212743 -0.000216154
  0.00514461 -0.000212743            0 -5.78397e-05
-0.000654309  0.000216154  5.78397e-05            0
Repeater1[0]<--->EndNode1[0]
REAL
   0.346734 -0.00163967  0.00548845    0.175677
-0.00163967    0.166716  0.00386392  0.00839205
 0.00548845  0.00386392    0.155188 -0.00439533
   0.175677  0.00839205 -0.00439533    0.331363
IMAGINARY
           0   0.00857815  0.000991669  -0.00175954
 -0.00857815            0    0.0108987   0.00491205
-0.000991669   -0.0108987            0   0.00428894
  0.00175954  -0.00491205  -0.00428894            0
Repeater1[0]<--->HoM1[0]
REAL
   0.327267  -0.0003461  0.00262434    0.176481
 -0.0003461    0.171838 -0.00274209   0.0112133
 0.00262434 -0.00274209    0.161695 -0.00211393
   0.176481   0.0112133 -0.00211393      0.3392
IMAGINARY
           0  -0.00514461  -0.00993926  0.000654309
  0.00514461            0 -0.000212743 -5.78397e-05
  0.00993926  0.000212743            0 -0.000216154
-0.000654309  5.78397e-05  0.000216154            0
EndNode1[0]<--->Repeater1[0]
REAL
   0.345705  0.00585963   0.0122674    0.173005
 0.00585963    0.150254  0.00643569 -0.00466398
  0.0122674  0.00643569    0.166417  -0.0031224
   0.173005 -0.00466398  -0.0031224    0.337623
IMAGINARY
           0    0.0135975   0.00964368   0.00258425
  -0.0135975            0  0.000789987  -0.00627421
 -0.00964368 -0.000789987            0  2.69052e-05
 -0.00258425   0.00627421 -2.69052e-05            0
EndNode2[0]<--->HoM1[0]
REAL
   0.339435  0.00255713 0.000734471     0.17781
 0.00255713    0.153584  0.00110504 -0.00437985
0.000734471  0.00110504     0.16103 -0.00357784
    0.17781 -0.00437985 -0.00357784    0.345951
IMAGINARY
           0  -0.00766181   0.00364405   0.00289271
  0.00766181            0  0.000853172    0.0145136
 -0.00364405 -0.000853172            0  -0.00606715
 -0.00289271   -0.0145136   0.00606715            0
Repeater1[0]<--->EndNode1[0]
REAL
   0.345705   0.0122674  0.00585963    0.173005
  0.0122674    0.166417  0.00643569  -0.0031224
 0.00585963  0.00643569    0.150254 -0.00466398
   0.173005  -0.0031224 -0.00466398    0.337623
IMAGINARY
           0   0.00964368    0.0135975   0.00258425
 -0.00964368            0 -0.000789987  2.69052e-05
  -0.0135975  0.000789987            0  -0.00627421
 -0.00258425 -2.69052e-05   0.00627421            0
Repeater1[0]<--->HoM1[0]
REAL
   0.339435 0.000734471  0.00255713     0.17781
0.000734471     0.16103  0.00110504 -0.00357784
 0.00255713  0.00110504    0.153584 -0.00437985
    0.17781 -0.00357784 -0.00437985    0.345951
IMAGINARY
           0   0.00364405  -0.00766181   0.00289271
 -0.00364405            0 -0.000853172  -0.00606715
  0.00766181  0.000853172            0    0.0145136
 -0.00289271   0.00606715   -0.0145136            0
EndNode1[0]<--->Repeater1[0]
REAL
   0.349791 -0.00227673  0.00676576    0.169911
-0.00227673    0.144225 -0.00125609 -0.00751136
 0.00676576 -0.00125609    0.167564 -0.00055655
   0.169911 -0.00751136 -0.00055655     0.33842
IMAGINARY
           0  -0.00179395  -0.00500193  -0.00495946
  0.00179395            0 -0.000335543   0.00245168
  0.00500193  0.000335543            0  -0.00525676
  0.00495946  -0.00245168   0.00525676            0
EndNode2[0]<--->HoM1[0]
REAL
   0.328313 0.000747489   0.0032426    0.179383
0.000747489    0.158133  0.00845128 -0.00175892
  0.0032426  0.00845128    0.167169 -0.00401158
   0.179383 -0.00175892 -0.00401158    0.346386
IMAGINARY
          0   0.0101968  0.00466165 -0.00450006
 -0.0101968           0  -0.0111626  0.00143773
-0.00466165   0.0111626           0 -0.00677523
 0.00450006 -0.00143773  0.00677523           0
Repeater1[0]<--->EndNode1[0]
REAL
   0.349791  0.00676576 -0.00227673    0.169911
 0.00676576    0.167564 -0.00125609 -0.00055655
-0.00227673 -0.00125609    0.144225 -0.00751136
   0.169911 -0.00055655 -0.00751136     0.33842
IMAGINARY
           0  -0.00500193  -0.00179395  -0.00495946
  0.00500193            0  0.000335543  -0.00525676
  0.00179395 -0.000335543            0   0.00245168
  0.00495946   0.00525676  -0.00245168            0
Repeater1[0]<--->HoM1[0]
REAL
   0.328313   0.0032426 0.000747489    0.179383
  0.0032426    0.167169  0.00845128 -0.00401158
0.000747489  0.00845128    0.158133 -0.00175892
   0.179383 -0.00401158 -0.00175892    0.346386
IMAGINARY
          0  0.00466165   0.0101968 -0.00450006
-0.00466165           0   0.0111626 -0.00677523
 -0.0101968  -0.0111626           0  0.00143773
 0.00450006  0.00677523 -0.00143773           0
EndNode1[0]<--->Repeater1[0]
REAL
   0.329631 -0.00750486  0.00814026    0.170112
-0.00750486    0.162714   0.0066911 0.000403035
 0.00814026   0.0066911    0.160012  0.00678085
   0.170112 0.000403035  0.00678085    0.347643
IMAGINARY
           0  -0.00221715   0.00504136  0.000882637
  0.00221715            0   0.00118714   -0.0114321
 -0.00504136  -0.00118714            0   0.00252147
-0.000882637    0.0114321  -0.00252147            0
EndNode2[0]<--->HoM1[0]
REAL
   0.323412  0.00338782  0.00159746    0.168527
 0.00338782    0.173366  0.00216972 -0.00361243
 0.00159746  0.00216972    0.172139   0.0216554
   0.168527 -0.00361243   0.0216554    0.331083
IMAGINARY
          0  0.00456071   0.0162335  0.00385163
-0.00456071           0  0.00294801  0.00156284
 -0.0162335 -0.00294801           0   -0.019881
-0.00385163 -0.00156284    0.019881           0
Repeater1[0]<--->EndNode1[0]
REAL
   0.329631  0.00814026 -0.00750486    0.170112
 0.00814026    0.160012   0.0066911  0.00678085
-0.00750486   0.0066911    0.162714 0.000403035
   0.170112  0.00678085 0.000403035    0.347643
IMAGINARY
           0   0.00504136  -0.00221715  0.000882637
 -0.00504136            0  -0.00118714   0.00252147
  0.00221715   0.00118714            0   -0.0114321
-0.000882637  -0.00252147    0.0114321            0
Repeater1[0]<--->HoM1[0]
REAL
   0.323412  0.00159746  0.00338782    0.168527
 0.00159746    0.172139  0.00216972   0.0216554
 0.00338782  0.00216972    0.173366 -0.00361243
   0.168527   0.0216554 -0.00361243    0.331083
IMAGINARY
          0   0.0162335  0.00456071  0.00385163
 -0.0162335           0 -0.00294801   -0.019881
-0.00456071  0.00294801           0  0.00156284
-0.00385163    0.019881 -0.00156284           0
EndNode1[0]<--->Repeater1[0]
REAL
   0.333538 -0.00265344 -0.00425039    0.177734
-0.00265344    0.167077 -0.00169445  -0.0150818
-0.00425039 -0.00169445    0.162769  0.00558256
   0.177734  -0.0150818  0.00558256    0.336615
IMAGINARY
          0   0.0129069 -0.00703073  0.00675886
 -0.0129069           0 -0.00365143 -0.00284469
 0.00703073  0.00365143           0  0.00091864
-0.00675886  0.00284469 -0.00091864           0
EndNode2[0]<--->HoM1[0]
REAL
    0.34902  0.00669024 1.87068e-05    0.171649
 0.00669024    0.161086  0.00351405   0.0131924
1.87068e-05  0.00351405    0.154148    0.012427
   0.171649   0.0131924    0.012427    0.335747
IMAGINARY
          0  0.00353867 -0.00838838 -0.00947728
-0.00353867           0  0.00670194 -0.00145009
 0.00838838 -0.00670194           0 -0.00192339
 0.00947728  0.00145009  0.00192339           0
Repeater1[0]<--->EndNode1[0]
REAL
   0.333538 -0.00425039 -0.00265344    0.177734
-0.00425039    0.162769 -0.00169445  0.00558256
-0.00265344 -0.00169445    0.167077  -0.0150818
   0.177734  0.00558256  -0.0150818    0.336615
IMAGINARY
          0 -0.00703073   0.0129069  0.00675886
 0.00703073           0  0.00365143  0.00091864
 -0.0129069 -0.00365143           0 -0.00284469
-0.00675886 -0.00091864  0.00284469           0
Repeater1[0]<--->HoM1[0]
REAL
    0.34902 1.87068e-05  0.00669024    0.171649
1.87068e-05    0.154148  0.00351405    0.012427
 0.00669024  0.00351405    0.161086   0.0131924
   0.171649    0.012427   0.0131924    0.335747
IMAGINARY
          0 -0.00838838  0.00353867 -0.00947728
 0.00838838           0 -0.00670194 -0.00192339
-0.00353867  0.00670194           0 -0.00145009
 0.00947728  0.00192339  0.00145009           0
EndNode1[0]<--->Repeater1[0]
REAL
    0.333433 -0.000992237  0.000102171      0.17197
-0.000992237     0.161339  -0.00500284  -0.00506159
 0.000102171  -0.00500284     0.167613  0.000240809
     0.17197  -0.00506159  0.000240809     0.337616
IMAGINARY
          0  -0.0042388 -0.00659935   0.0129243
  0.0042388           0  0.00574432  0.00394917
 0.00659935 -0.00574432           0 -0.00223941
 -0.0129243 -0.00394917  0.00223941           0
EndNode2[0]<--->HoM1[0]
REAL
   0.343169  0.00123317 -0.00931132     0.17106
 0.00123317    0.167896  -0.0127746 -0.00538119
-0.00931132  -0.0127746    0.150782 -0.00138464
    0.17106 -0.00538119 -0.00138464    0.338153
IMAGINARY
           0  -0.00850592  -0.00187228  -0.00179748
  0.00850592            0   0.00179748  0.000234886
  0.00187228  -0.00179748            0 -0.000574163
  0.00179748 -0.000234886  0.000574163            0
Repeater1[0]<--->EndNode1[0]
REAL
    0.333433  0.000102171 -0.000992237      0.17197
 0.000102171     0.167613  -0.00500284  0.000240809
-0.000992237  -0.00500284     0.161339  -0.00506159
     0.17197  0.000240809  -0.00506159     0.337616
IMAGINARY
          0 -0.00659935  -0.0042388   0.0129243
 0.00659935           0 -0.00574432 -0.00223941
  0.0042388  0.00574432           0  0.00394917
 -0.0129243  0.00223941 -0.00394917           0
Repeater1[0]<--->HoM1[0]
REAL
   0.343169 -0.00931132  0.00123317     0.17106
-0.00931132    0.150782  -0.0127746 -0.00138464
 0.00123317  -0.0127746    0.167896 -0.00538119
    0.17106 -0.00138464 -0.00538119    0.338153
IMAGINARY
           0  -0.00187228  -0.00850592  -0.00179748
  0.00187228            0  -0.00179748 -0.000574163
  0.00850592   0.00179748            0  0.000234886
  0.00179748  0.000574163 -0.000234886            0
EndNode1[0]<--->Repeater1[0]
REAL
   0.341515 -0.00513215  0.00592587    0.173529
-0.00513215    0.159533  -0.0022965 -0.00790456
 0.00592587  -0.0022965    0.161628   0.0061976
   0.173529 -0.00790456   0.0061976    0.337324
IMAGINARY
           0 -0.000198958   0.00254866   0.00585483
 0.000198958            0   -0.0029171  -0.00856904
 -0.00254866    0.0029171            0  -0.00613016
 -0.00585483   0.00856904   0.00613016            0
EndNode2[0]<--->HoM1[0]
REAL
   0.331568 0.000901091   0.0133901    0.175969
0.000901091    0.167108   0.0105241 -0.00181671
  0.0133901   0.0105241    0.159753  0.00422636
   0.175969 -0.00181671  0.00422636    0.341571
IMAGINARY
           0  -0.00932456   0.00180268  -0.00180217
  0.00932456            0 -0.000604567   0.00446069
 -0.00180268  0.000604567            0  0.000311418
  0.00180217  -0.00446069 -0.000311418            0
Repeater1[0]<--->EndNode1[0]
REAL
   0.341515  0.00592587 -0.00513215    0.173529
 0.00592587    0.161628  -0.0022965   0.0061976
-0.00513215  -0.0022965    0.159533 -0.00790456
   0.173529   0.0061976 -0.00790456    0.337324
IMAGINARY
           0   0.00254866 -0.000198958   0.00585483
 -0.00254866            0    0.0029171  -0.00613016
 0.000198958   -0.0029171            0  -0.00856904
 -0.00585483   0.00613016   0.00856904            0
Repeater1[0]<--->HoM1[0]
REAL
   0.331568   0.0133901 0.000901091    0.175969
  0.0133901    0.159753   0.0105241  0.00422636
0.000901091   0.0105241    0.167108 -0.00181671
   0.175969  0.00422636 -0.00181671    0.341571
IMAGINARY
           0   0.00180268  -0.00932456  -0.00180217
 -0.00180268            0  0.000604567  0.000311418
  0.00932456 -0.000604567            0   0.00446069
  0.00180217 -0.000311418  -0.00446069            0
EndNode1[0]<--->Repeater1[0]
REAL
   0.331229  0.00428081   0.0173422    0.173621
 0.00428081    0.178539   0.0104789 -0.00366621
  0.0173422   0.0104789    0.154193 -0.00352938
   0.173621 -0.00366621 -0.00352938    0.336038
IMAGINARY
           0  0.000260401  -0.00602953  -0.00200601
-0.000260401            0  -0.00545222    0.0147909
  0.00602953   0.00545222            0  -0.00267732
  0.00200601   -0.0147909   0.00267732            0
EndNode2[0]<--->HoM1[0]
REAL
    0.350704 -6.42367e-05  -0.00955321     0.182102
-6.42367e-05     0.157532  -0.00599873  0.000572999
 -0.00955321  -0.00599873     0.144654   0.00204293
    0.182102  0.000572999   0.00204293      0.34711
IMAGINARY
           0  0.000810077  0.000434732   0.00135054
-0.000810077            0   0.00135054   0.00226959
-0.000434732  -0.00135054            0    0.0042981
 -0.00135054  -0.00226959   -0.0042981            0
Repeater1[0]<--->EndNode1[0]
REAL
   0.331229   0.0173422  0.00428081    0.173621
  0.0173422    0.154193   0.0104789 -0.00352938
 0.00428081   0.0104789    0.178539 -0.00366621
   0.173621 -0.00352938 -0.00366621    0.336038
IMAGINARY
           0  -0.00602953  0.000260401  -0.00200601
  0.00602953            0   0.00545222  -0.00267732
-0.000260401  -0.00545222            0    0.0147909
  0.00200601   0.00267732   -0.0147909            0
Repeater1[0]<--->HoM1[0]
REAL
    0.350704  -0.00955321 -6.42367e-05     0.182102
 -0.00955321     0.144654  -0.00599873   0.00204293
-6.42367e-05  -0.00599873     0.157532  0.000572999
    0.182102   0.00204293  0.000572999      0.34711
IMAGINARY
           0  0.000434732  0.000810077   0.00135054
-0.000434732            0  -0.00135054    0.0042981
-0.000810077   0.00135054            0   0.00226959
 -0.00135054   -0.0042981  -0.00226959            0
EndNode1[0]<--->Repeater1[0]
REAL
  0.323373 0.00623323 0.00657588   0.180876
0.00623323   0.168639 0.00430925 -0.0120404
0.00657588 0.00430925   0.162722 0.00742797
  0.180876 -0.0120404 0.00742797   0.345266
IMAGINARY
           0  -0.00101468   0.00132803  0.000384235
  0.00101468            0  -0.00190584   0.00238447
 -0.00132803   0.00190584            0   0.00710318
-0.000384235  -0.00238447  -0.00710318            0
EndNode2[0]<--->HoM1[0]
REAL
   0.349313  0.00579894 -0.00195633    0.175332
 0.00579894    0.166718 -0.00580555  0.00669006
-0.00195633 -0.00580555    0.152366 -0.00609479
   0.175332  0.00669006 -0.00609479    0.331603
IMAGINARY
           0  -0.00208217  -0.00244648   0.00464963
  0.00208217            0   -0.0101902   0.00244648
  0.00244648    0.0101902            0 -0.000612444
 -0.00464963  -0.00244648  0.000612444            0
Repeater1[0]<--->EndNode1[0]
REAL
  0.323373 0.00657588 0.00623323   0.180876
0.00657588   0.162722 0.00430925 0.00742797
0.00623323 0.00430925   0.168639 -0.0120404
  0.180876 0.00742797 -0.0120404   0.345266
IMAGINARY
           0   0.00132803  -0.00101468  0.000384235
 -0.00132803            0   0.00190584   0.00710318
  0.00101468  -0.00190584            0   0.00238447
-0.000384235  -0.00710318  -0.00238447            0
Repeater1[0]<--->HoM1[0]
REAL
   0.349313 -0.00195633  0.00579894    0.175332
-0.00195633    0.152366 -0.00580555 -0.00609479
 0.00579894 -0.00580555    0.166718  0.00669006
   0.175332 -0.00609479  0.00669006    0.331603
IMAGINARY
           0  -0.00244648  -0.00208217   0.00464963
  0.00244648            0    0.0101902 -0.000612444
  0.00208217   -0.0101902            0   0.00244648
 -0.00464963  0.000612444  -0.00244648            0
EndNode1[0]<--->Repeater1[0]
REAL
    0.334642   -0.0101787 -0.000840326     0.182609
  -0.0101787     0.163999   0.00251386  -0.00570059
-0.000840326   0.00251386     0.163093  -0.00944406
    0.182609  -0.00570059  -0.00944406     0.338266
IMAGINARY
           0     0.002841   0.00476154   0.00448024
   -0.002841            0  -0.00417647 -0.000136055
 -0.00476154   0.00417647            0  -0.00388546
 -0.00448024  0.000136055   0.00388546            0
EndNode2[0]<--->HoM1[0]
REAL
   0.341798 -0.00592011  0.00498657    0.177805
-0.00592011    0.165791  -0.0172387 0.000916623
 0.00498657  -0.0172387    0.159661  0.00651043
   0.177805 0.000916623  0.00651043     0.33275
IMAGINARY
          0  0.00576369 -0.00349931 -0.00471686
-0.00576369           0 -0.00128914 -0.00303763
 0.00349931  0.00128914           0  0.00715817
 0.00471686  0.00303763 -0.00715817           0
Repeater1[0]<--->EndNode1[0]
REAL
    0.334642 -0.000840326   -0.0101787     0.182609
-0.000840326     0.163093   0.00251386  -0.00944406
  -0.0101787   0.00251386     0.163999  -0.00570059
    0.182609  -0.00944406  -0.00570059     0.338266
IMAGINARY
           0   0.00476154     0.002841   0.00448024
 -0.00476154            0   0.00417647  -0.00388546
   -0.002841  -0.00417647            0 -0.000136055
 -0.00448024   0.00388546  0.000136055            0
Repeater1[0]<--->HoM1[0]
REAL
   0.341798  0.00498657 -0.00592011    0.177805
 0.00498657    0.159661  -0.0172387  0.00651043
-0.00592011  -0.0172387    0.165791 0.000916623
   0.177805  0.00651043 0.000916623     0.33275
IMAGINARY
          0 -0.00349931  0.00576369 -0.00471686
 0.00349931           0  0.00128914  0.00715817
-0.00576369 -0.00128914           0 -0.00303763
 0.00471686 -0.00715817  0.00303763           0
EndNode1[0]<--->Repeater1[0]
REAL
   0.359751  0.00229013 -0.00657612    0.169978
 0.00229013    0.155239 -0.00341337  0.00855723
-0.00657612 -0.00341337    0.160285  0.00030054
   0.169978  0.00855723  0.00030054    0.324725
IMAGINARY
          0   0.0011377   0.0012641 -0.00031479
 -0.0011377           0  -0.0095136 -0.00214129
 -0.0012641   0.0095136           0  0.00587984
 0.00031479  0.00214129 -0.00587984           0
EndNode2[0]<--->HoM1[0]
REAL
   0.349509  0.00340199 5.90554e-05    0.175053
 0.00340199    0.155106  0.00433225  0.00127191
5.90554e-05  0.00433225    0.163442  -0.0144934
   0.175053  0.00127191  -0.0144934    0.331944
IMAGINARY
          0 -0.00462213   0.0107311  0.00729553
 0.00462213           0  0.00609864 -0.00683334
 -0.0107311 -0.00609864           0 -0.00177014
-0.00729553  0.00683334  0.00177014           0
Repeater1[0]<--->EndNode1[0]
REAL
   0.359751 -0.00657612  0.00229013    0.169978
-0.00657612    0.160285 -0.00341337  0.00030054
 0.00229013 -0.00341337    0.155239  0.00855723
   0.169978  0.00030054  0.00855723    0.324725
IMAGINARY
          0   0.0012641   0.0011377 -0.00031479
 -0.0012641           0   0.0095136  0.00587984
 -0.0011377  -0.0095136           0 -0.00214129
 0.00031479 -0.00587984  0.00214129           0
Repeater1[0]<--->HoM1[0]
REAL
   0.349509 5.90554e-05  0.00340199    0.175053
5.90554e-05    0.163442  0.00433225  -0.0144934
 0.00340199  0.00433225    0.155106  0.00127191
   0.175053  -0.0144934  0.00127191    0.331944
IMAGINARY
          0   0.0107311 -0.00462213  0.00729553
 -0.0107311           0 -0.00609864 -0.00177014
 0.00462213  0.00609864           0 -0.00683334
-0.00729553  0.00177014  0.00683334           0
EndNode1[0]<--->Repeater1[0]
REAL
   0.338623   0.0049808  0.00235007    0.168033
  0.0049808    0.163174 -0.00412847 -0.00480556
 0.00235007 -0.00412847    0.158982 0.000851003
   0.168033 -0.00480556 0.000851003    0.339222
IMAGINARY
           0  -0.00590901  0.000205311  0.000495522
  0.00590901            0   0.00534704  -0.00661557
-0.000205311  -0.00534704            0   0.00377226
-0.000495522   0.00661557  -0.00377226            0
EndNode2[0]<--->HoM1[0]
REAL
   0.341499   -0.010671 -0.00570648    0.174425
  -0.010671    0.164404  0.00163601  0.00555816
-0.00570648  0.00163601    0.166765   0.0028098
   0.174425  0.00555816   0.0028098    0.327332
IMAGINARY
          0  0.00703383  0.00576394 -0.00313431
-0.00703383           0 -0.00491578  0.00173529
-0.00576394  0.00491578           0 -0.00320769
 0.00313431 -0.00173529  0.00320769           0
Repeater1[0]<--->EndNode1[0]
REAL
   0.338623  0.00235007   0.0049808    0.168033
 0.00235007    0.158982 -0.00412847 0.000851003
  0.0049808 -0.00412847    0.163174 -0.00480556
   0.168033 0.000851003 -0.00480556    0.339222
IMAGINARY
           0  0.000205311  -0.00590901  0.000495522
-0.000205311            0  -0.00534704   0.00377226
  0.00590901   0.00534704            0  -0.00661557
-0.000495522  -0.00377226   0.00661557            0
Repeater1[0]<--->HoM1[0]
REAL
   0.341499 -0.00570648   -0.010671    0.174425
-0.00570648    0.166765  0.00163601   0.0028098
  -0.010671  0.00163601    0.164404  0.00555816
   0.174425   0.0028098  0.00555816    0.327332
IMAGINARY
          0  0.00576394  0.00703383 -0.00313431
-0.00576394           0  0.00491578 -0.00320769
-0.00703383 -0.00491578           0  0.00173529
 0.00313431  0.00320769 -0.00173529           0
EndNode1[0]<--->Repeater1[0]
REAL
    0.340882 -0.000965494    0.0015519     0.172622
-0.000965494     0.173824  -0.00150095  -0.00997723
   0.0015519  -0.00150095     0.156176   -0.0132704
    0.172622  -0.00997723   -0.0132704     0.329118
IMAGINARY
          0 -0.00119724  0.00108977  0.00410908
 0.00119724           0  0.00737317 -0.00622882
-0.00108977 -0.00737317           0 -0.00515101
-0.00410908  0.00622882  0.00515101           0
EndNode2[0]<--->HoM1[0]
REAL
   0.343233 -0.00468027 -0.00260401     0.17779
-0.00468027    0.168708 -0.00161695  0.00171275
-0.00260401 -0.00161695    0.167789  -0.0122538
    0.17779  0.00171275  -0.0122538    0.320269
IMAGINARY
          0    0.011686   0.0053108  0.00777114
  -0.011686           0 -0.00410142  -0.0010145
 -0.0053108  0.00410142           0 -0.00353787
-0.00777114   0.0010145  0.00353787           0
Repeater1[0]<--->EndNode1[0]
REAL
    0.340882    0.0015519 -0.000965494     0.172622
   0.0015519     0.156176  -0.00150095   -0.0132704
-0.000965494  -0.00150095     0.173824  -0.00997723
    0.172622   -0.0132704  -0.00997723     0.329118
IMAGINARY
          0  0.00108977 -0.00119724  0.00410908
-0.00108977           0 -0.00737317 -0.00515101
 0.00119724  0.00737317           0 -0.00622882
-0.00410908  0.00515101  0.00622882           0
Repeater1[0]<--->HoM1[0]
REAL
   0.343233 -0.00260401 -0.00468027     0.17779
-0.00260401    0.167789 -0.00161695  -0.0122538
-0.00468027 -0.00161695    0.168708  0.00171275
    0.17779  -0.0122538  0.00171275    0.320269
IMAGINARY
          0   0.0053108    0.011686  0.00777114
 -0.0053108           0  0.00410142 -0.00353787
  -0.011686 -0.00410142           0  -0.0010145
-0.00777114  0.00353787   0.0010145           0
EndNode1[0]<--->Repeater1[0]
REAL
   0.323923 0.000371027   0.0065795    0.174611
0.000371027    0.158615  -0.0090374  0.00221335
  0.0065795  -0.0090374    0.160361 -0.00111618
   0.174611  0.00221335 -0.00111618    0.357101
IMAGINARY
          0  0.00576165 -0.00396004 -0.00147966
-0.00576165           0  -0.0113636 -0.00305643
 0.00396004   0.0113636           0  0.00278014
 0.00147966  0.00305643 -0.00278014           0
EndNode2[0]<--->HoM1[0]
REAL
   0.330018  0.00609152  0.00622048     0.17014
 0.00609152    0.151296  0.00167191 -0.00236127
 0.00622048  0.00167191     0.17601 -0.00562842
    0.17014 -0.00236127 -0.00562842    0.342676
IMAGINARY
           0  -0.00939726   0.00321067 -0.000526201
  0.00939726            0  0.000971702   0.00129383
 -0.00321067 -0.000971702            0   0.00188975
 0.000526201  -0.00129383  -0.00188975            0
Repeater1[0]<--->EndNode1[0]
REAL
   0.323923   0.0065795 0.000371027    0.174611
  0.0065795    0.160361  -0.0090374 -0.00111618
0.000371027  -0.0090374    0.158615  0.00221335
   0.174611 -0.00111618  0.00221335    0.357101
IMAGINARY
          0 -0.00396004  0.00576165 -0.00147966
 0.00396004           0   0.0113636  0.00278014
-0.00576165  -0.0113636           0 -0.00305643
 0.00147966 -0.00278014  0.00305643           0
Repeater1[0]<--->HoM1[0]
REAL
   0.330018  0.00622048  0.00609152     0.17014
 0.00622048     0.17601  0.00167191 -0.00562842
 0.00609152  0.00167191    0.151296 -0.00236127
    0.17014 -0.00562842 -0.00236127    0.342676
IMAGINARY
           0   0.00321067  -0.00939726 -0.000526201
 -0.00321067            0 -0.000971702   0.00188975
  0.00939726  0.000971702            0   0.00129383
 0.000526201  -0.00188975  -0.00129383            0
EndNode1[0]<--->Repeater1[0]
REAL
   0.338317 -0.00572721  0.00382596    0.170526
-0.00572721    0.154793 -0.00277993 -0.00412025
 0.00382596 -0.00277993    0.164175   -0.006633
   0.170526 -0.00412025   -0.006633    0.342715
IMAGINARY
           0   0.00913219  -0.00298771   0.00243654
 -0.00913219            0   0.00105997 -0.000876735
  0.00298771  -0.00105997            0  -0.00259236
 -0.00243654  0.000876735   0.00259236            0
EndNode2[0]<--->HoM1[0]
REAL
    0.336538     0.010202  0.000915104      0.17698
    0.010202     0.165793  -0.00438471  -0.00498505
 0.000915104  -0.00438471     0.164336 -0.000404025
     0.17698  -0.00498505 -0.000404025     0.333333
IMAGINARY
           0   0.00432914 -1.23818e-06  -0.00442173
 -0.00432914            0  -0.00218091  0.000454274
 1.23818e-06   0.00218091            0  -0.00206396
  0.00442173 -0.000454274   0.00206396            0
Repeater1[0]<--->EndNode1[0]
REAL
   0.338317  0.00382596 -0.00572721    0.170526
 0.00382596    0.164175 -0.00277993   -0.006633
-0.00572721 -0.00277993    0.154793 -0.00412025
   0.170526   -0.006633 -0.00412025    0.342715
IMAGINARY
           0  -0.00298771   0.00913219   0.00243654
  0.00298771            0  -0.00105997  -0.00259236
 -0.00913219   0.00105997            0 -0.000876735
 -0.00243654   0.00259236  0.000876735            0
Repeater1[0]<--->HoM1[0]
REAL
    0.336538  0.000915104     0.010202      0.17698
 0.000915104     0.164336  -0.00438471 -0.000404025
    0.010202  -0.00438471     0.165793  -0.00498505
     0.17698 -0.000404025  -0.00498505     0.333333
IMAGINARY
           0 -1.23818e-06   0.00432914  -0.00442173
 1.23818e-06            0   0.00218091  -0.00206396
 -0.00432914  -0.00218091            0  0.000454274
  0.00442173   0.00206396 -0.000454274            0
EndNode1[0]<--->Repeater1[0]
REAL
   0.330079 -0.00206711 -0.00321005    0.174638
-0.00206711    0.169921  0.00161213 -0.00622391
-0.00321005  0.00161213    0.163514  -0.0118592
   0.174638 -0.00622391  -0.0118592    0.336486
IMAGINARY
          0  0.00425899   0.0024293  -0.0104383
-0.00425899           0   0.0108887  -0.0034566
 -0.0024293  -0.0108887           0 -0.00734088
  0.0104383   0.0034566  0.00734088           0
EndNode2[0]<--->HoM1[0]
REAL
   0.340432  0.00119608 0.000513241    0.174549
 0.00119608    0.165631 -0.00390135 -0.00245412
0.000513241 -0.00390135    0.157054 -0.00164398
   0.174549 -0.00245412 -0.00164398    0.336883
IMAGINARY
          0   0.0050485 -0.00274717  0.00391726
 -0.0050485           0  0.00677956  0.00290087
 0.00274717 -0.00677956           0  0.00340524
-0.00391726 -0.00290087 -0.00340524           0
Repeater1[0]<--->EndNode1[0]
REAL
   0.330079 -0.00321005 -0.00206711    0.174638
-0.00321005    0.163514  0.00161213  -0.0118592
-0.00206711  0.00161213    0.169921 -0.00622391
   0.174638  -0.0118592 -0.00622391    0.336486
IMAGINARY
          0   0.0024293  0.00425899  -0.0104383
 -0.0024293           0  -0.0108887 -0.00734088
-0.00425899   0.0108887           0  -0.0034566
  0.0104383  0.00734088   0.0034566           0
Repeater1[0]<--->HoM1[0]
REAL
   0.340432 0.000513241  0.00119608    0.174549
0.000513241    0.157054 -0.00390135 -0.00164398
 0.00119608 -0.00390135    0.165631 -0.00245412
   0.174549 -0.00164398 -0.00245412    0.336883
IMAGINARY
          0 -0.00274717   0.0050485  0.00391726
 0.00274717           0 -0.00677956  0.00340524
 -0.0050485  0.00677956           0  0.00290087
-0.00391726 -0.00340524 -0.00290087           0
EndNode1[0]<--->Repeater1[0]
REAL
  0.333234 0.00917615 0.00743394   0.183797
0.00917615   0.156287 0.00737902  0.0088038
0.00743394 0.00737902   0.176946 0.00461061
  0.183797  0.0088038 0.00461061   0.333533
IMAGINARY
           0  -0.00314619  0.000349351   0.00890153
  0.00314619            0  -0.00967385  -0.00241791
-0.000349351   0.00967385            0   0.00669229
 -0.00890153   0.00241791  -0.00669229            0
EndNode2[0]<--->HoM1[0]
REAL
    0.334869  -0.00678657   0.00222693     0.176561
 -0.00678657     0.165284  -0.00561931 -4.09825e-05
  0.00222693  -0.00561931     0.157604  -0.00530903
    0.176561 -4.09825e-05  -0.00530903     0.342243
IMAGINARY
           0  -0.00458155  -0.00411584  0.000388635
  0.00458155            0   -0.0102046  -0.00231404
  0.00411584    0.0102046            0   -0.0067473
-0.000388635   0.00231404    0.0067473            0
Repeater1[0]<--->EndNode1[0]
REAL
  0.333234 0.00743394 0.00917615   0.183797
0.00743394   0.176946 0.00737902 0.00461061
0.00917615 0.00737902   0.156287  0.0088038
  0.183797 0.00461061  0.0088038   0.333533
IMAGINARY
           0  0.000349351  -0.00314619   0.00890153
-0.000349351            0   0.00967385   0.00669229
  0.00314619  -0.00967385            0  -0.00241791
 -0.00890153  -0.00669229   0.00241791            0
Repeater1[0]<--->HoM1[0]
REAL
    0.334869   0.00222693  -0.00678657     0.176561
  0.00222693     0.157604  -0.00561931  -0.00530903
 -0.00678657  -0.00561931     0.165284 -4.09825e-05
    0.176561  -0.00530903 -4.09825e-05     0.342243
IMAGINARY
           0  -0.00411584  -0.00458155  0.000388635
  0.00411584            0    0.0102046   -0.0067473
  0.00458155   -0.0102046            0  -0.00231404
-0.000388635    0.0067473   0.00231404            0
EndNode1[0]<--->Repeater1[0]
REAL
   0.33225 0.00339198 0.00682678   0.172605
0.00339198   0.155346   0.008014  0.0048505
0.00682678   0.008014    0.15948  0.0104084
  0.172605  0.0048505  0.0104084   0.352924
IMAGINARY
           0 -0.000838453    0.0064023  -0.00563194
 0.000838453            0   -0.0084737   -0.0034367
  -0.0064023    0.0084737            0   0.00587997
  0.00563194    0.0034367  -0.00587997            0
EndNode2[0]<--->HoM1[0]
REAL
    0.339583    0.0054669   0.00316129     0.176441
   0.0054669     0.166964   0.00263743 -0.000501715
  0.00316129   0.00263743     0.160417    0.0054669
    0.176441 -0.000501715    0.0054669     0.333036
IMAGINARY
           0    -0.015181    0.0103438  -0.00171343
    0.015181            0  9.81613e-05   0.00378052
  -0.0103438 -9.81613e-05            0   0.00373293
  0.00171343  -0.00378052  -0.00373293            0
Repeater1[0]<--->EndNode1[0]
REAL
   0.33225 0.00682678 0.00339198   0.172605
0.00682678    0.15948   0.008014  0.0104084
0.00339198   0.008014   0.155346  0.0048505
  0.172605  0.0104084  0.0048505   0.352924
IMAGINARY
           0    0.0064023 -0.000838453  -0.00563194
  -0.0064023            0    0.0084737   0.00587997
 0.000838453   -0.0084737            0   -0.0034367
  0.00563194  -0.00587997    0.0034367            0
Repeater1[0]<--->HoM1[0]
REAL
    0.339583   0.00316129    0.0054669     0.176441
  0.00316129     0.160417   0.00263743    0.0054669
   0.0054669   0.00263743     0.166964 -0.000501715
    0.176441    0.0054669 -0.000501715     0.333036
IMAGINARY
