EndNode1[0]<--->Repeater1[0]
REAL
   0.455598 -0.00318398  0.00553046     0.29088
-0.00318398    0.033264    0.011929  0.00507605
 0.00553046    0.011929    0.031482  0.00363214
    0.29088  0.00507605  0.00363214    0.479655
IMAGINARY
          0   0.0070118 -0.00111516 -0.00195637
 -0.0070118           0 -0.00465421  -0.0130585
 0.00111516  0.00465421           0   0.0062572
 0.00195637   0.0130585  -0.0062572           0
EndNode2[0]<--->HoM1[0]
REAL
    0.462979   0.00801712  0.000884504     0.285305
  0.00801712    0.0338983  -0.00094987   0.00802519
 0.000884504  -0.00094987    0.0341957 -0.000919566
    0.285305   0.00802519 -0.000919566     0.468927
IMAGINARY
           0    0.0029223   0.00252944 -0.000169256
  -0.0029223            0   0.00136543  -0.00903868
 -0.00252944  -0.00136543            0   -0.0048902
 0.000169256   0.00903868    0.0048902            0
Repeater1[0]<--->EndNode1[0]
REAL
   0.455598  0.00553046 -0.00318398     0.29088
 0.00553046    0.031482    0.011929  0.00363214
-0.00318398    0.011929    0.033264  0.00507605
    0.29088  0.00363214  0.00507605    0.479655
IMAGINARY
          0 -0.00111516   0.0070118 -0.00195637
 0.00111516           0  0.00465421   0.0062572
 -0.0070118 -0.00465421           0  -0.0130585
 0.00195637  -0.0062572   0.0130585           0
Repeater1[0]<--->HoM1[0]
REAL
    0.462979  0.000884504   0.00801712     0.285305
 0.000884504    0.0341957  -0.00094987 -0.000919566
  0.00801712  -0.00094987    0.0338983   0.00802519
    0.285305 -0.000919566   0.00802519     0.468927
IMAGINARY
           0   0.00252944    0.0029223 -0.000169256
 -0.00252944            0  -0.00136543   -0.0048902
  -0.0029223   0.00136543            0  -0.00903868
 0.000169256    0.0048902   0.00903868            0
EndNode1[0]<--->Repeater1[0]
REAL
   0.462589 -0.00702976 -0.00177497    0.291937
-0.00702976   0.0341509 -0.00812116   -0.009721
-0.00177497 -0.00812116   0.0366346  0.00150573
   0.291937   -0.009721  0.00150573    0.466625
IMAGINARY
          0  0.00359394  0.00200097 -0.00483504
-0.00359394           0 -0.00558783  0.00412863
-0.00200097  0.00558783           0     0.00166
 0.00483504 -0.00412863    -0.00166           0
EndNode2[0]<--->HoM1[0]
REAL
   0.454737 -0.00389716 -0.00135756    0.282584
-0.00389716    0.030175 -0.00537726 -0.00106082
-0.00135756 -0.00537726    0.035003  -3.271e-05
   0.282584 -0.00106082  -3.271e-05    0.480084
IMAGINARY
          0   0.0126398 -0.00629003 -0.00203528
 -0.0126398           0 -0.00824176 -0.00429678
 0.00629003  0.00824176           0  0.00429912
 0.00203528  0.00429678 -0.00429912           0
Repeater1[0]<--->EndNode1[0]
REAL
   0.462589 -0.00177497 -0.00702976    0.291937
-0.00177497   0.0366346 -0.00812116  0.00150573
-0.00702976 -0.00812116   0.0341509   -0.009721
   0.291937  0.00150573   -0.009721    0.466625
IMAGINARY
          0  0.00200097  0.00359394 -0.00483504
-0.00200097           0  0.00558783     0.00166
-0.00359394 -0.00558783           0  0.00412863
 0.00483504    -0.00166 -0.00412863           0
Repeater1[0]<--->HoM1[0]
REAL
   0.454737 -0.00135756 -0.00389716    0.282584
-0.00135756    0.035003 -0.00537726  -3.271e-05
-0.00389716 -0.00537726    0.030175 -0.00106082
   0.282584  -3.271e-05 -0.00106082    0.480084
IMAGINARY
          0 -0.00629003   0.0126398 -0.00203528
 0.00629003           0  0.00824176  0.00429912
 -0.0126398 -0.00824176           0 -0.00429678
 0.00203528 -0.00429912  0.00429678           0
EndNode1[0]<--->Repeater1[0]
REAL
   0.467184 1.31537e-06  0.00274655     0.28634
1.31537e-06   0.0337112 -0.00290985 -0.00420004
 0.00274655 -0.00290985   0.0328162 -0.00407108
    0.28634 -0.00420004 -0.00407108    0.466289
IMAGINARY
           0  -0.00148835  0.000232546   0.00481456
  0.00148835            0   0.00612997   0.00113399
-0.000232546  -0.00612997            0   -0.0138472
 -0.00481456  -0.00113399    0.0138472            0
EndNode2[0]<--->HoM1[0]
REAL
   0.453083  -0.0108709 -0.00201983    0.289322
 -0.0108709   0.0354483 -0.00646316   0.0191323
-0.00201983 -0.00646316   0.0300864  0.00928911
   0.289322   0.0191323  0.00928911    0.481382
IMAGINARY
           0  -0.00965459   0.00226923    0.0192912
  0.00965459            0   0.00121162   0.00826803
 -0.00226923  -0.00121162            0 -0.000882661
  -0.0192912  -0.00826803  0.000882661            0
Repeater1[0]<--->EndNode1[0]
REAL
   0.467184  0.00274655 1.31537e-06     0.28634
 0.00274655   0.0328162 -0.00290985 -0.00407108
1.31537e-06 -0.00290985   0.0337112 -0.00420004
    0.28634 -0.00407108 -0.00420004    0.466289
IMAGINARY
           0  0.000232546  -0.00148835   0.00481456
-0.000232546            0  -0.00612997   -0.0138472
  0.00148835   0.00612997            0   0.00113399
 -0.00481456    0.0138472  -0.00113399            0
Repeater1[0]<--->HoM1[0]
REAL
   0.453083 -0.00201983  -0.0108709    0.289322
-0.00201983   0.0300864 -0.00646316  0.00928911
 -0.0108709 -0.00646316   0.0354483   0.0191323
   0.289322  0.00928911   0.0191323    0.481382
IMAGINARY
           0   0.00226923  -0.00965459    0.0192912
 -0.00226923            0  -0.00121162 -0.000882661
  0.00965459   0.00121162            0   0.00826803
  -0.0192912  0.000882661  -0.00826803            0
EndNode1[0]<--->Repeater1[0]
REAL
   0.468935  0.00203286 -0.00437853    0.294244
 0.00203286   0.0295858  0.00108948 -0.00773015
-0.00437853  0.00108948    0.033432 -0.00734887
   0.294244 -0.00773015 -0.00734887    0.468047
IMAGINARY
           0  0.000134131   0.00394392   0.00607685
-0.000134131            0   0.00784052   0.00498465
 -0.00394392  -0.00784052            0  -0.00697937
 -0.00607685  -0.00498465   0.00697937            0
EndNode2[0]<--->HoM1[0]
REAL
   0.461829  0.00130785 -0.00071467     0.28565
 0.00130785   0.0313498  0.00421434 -0.00299361
-0.00071467  0.00421434   0.0298984  -0.0019259
    0.28565 -0.00299361  -0.0019259    0.476923
IMAGINARY
          0  0.00177067  0.00994021   0.0040142
-0.00177067           0 -0.00539246 -0.00994021
-0.00994021  0.00539246           0  0.00386397
 -0.0040142  0.00994021 -0.00386397           0
Repeater1[0]<--->EndNode1[0]
REAL
   0.468935 -0.00437853  0.00203286    0.294244
-0.00437853    0.033432  0.00108948 -0.00734887
 0.00203286  0.00108948   0.0295858 -0.00773015
   0.294244 -0.00734887 -0.00773015    0.468047
IMAGINARY
           0   0.00394392  0.000134131   0.00607685
 -0.00394392            0  -0.00784052  -0.00697937
-0.000134131   0.00784052            0   0.00498465
 -0.00607685   0.00697937  -0.00498465            0
Repeater1[0]<--->HoM1[0]
REAL
   0.461829 -0.00071467  0.00130785     0.28565
-0.00071467   0.0298984  0.00421434  -0.0019259
 0.00130785  0.00421434   0.0313498 -0.00299361
    0.28565  -0.0019259 -0.00299361    0.476923
IMAGINARY
          0  0.00994021  0.00177067   0.0040142
-0.00994021           0  0.00539246  0.00386397
-0.00177067 -0.00539246           0 -0.00994021
 -0.0040142 -0.00386397  0.00994021           0
EndNode1[0]<--->Repeater1[0]
REAL
    0.472937   -0.0058063  -0.00152141     0.295245
  -0.0058063    0.0266193  -0.00137048 -0.000163124
 -0.00152141  -0.00137048    0.0304644   0.00442805
    0.295245 -0.000163124   0.00442805     0.469979
IMAGINARY
           0  0.000305436  -0.00173552   0.00145809
-0.000305436            0    -0.004894  -0.00903371
  0.00173552     0.004894            0   0.00646379
 -0.00145809   0.00903371  -0.00646379            0
EndNode2[0]<--->HoM1[0]
REAL
   0.467001 -0.00167798  0.00149952    0.277337
-0.00167798   0.0306423  0.00562301 0.000742632
 0.00149952  0.00562301   0.0335887  0.00750757
   0.277337 0.000742632  0.00750757    0.468768
IMAGINARY
           0  -0.00916608   0.00605508  -0.00496613
  0.00916608            0  -0.00210209  0.000400319
 -0.00605508   0.00210209            0   0.00857922
  0.00496613 -0.000400319  -0.00857922            0
Repeater1[0]<--->EndNode1[0]
REAL
    0.472937  -0.00152141   -0.0058063     0.295245
 -0.00152141    0.0304644  -0.00137048   0.00442805
  -0.0058063  -0.00137048    0.0266193 -0.000163124
    0.295245   0.00442805 -0.000163124     0.469979
IMAGINARY
           0  -0.00173552  0.000305436   0.00145809
  0.00173552            0     0.004894   0.00646379
-0.000305436    -0.004894            0  -0.00903371
 -0.00145809  -0.00646379   0.00903371            0
Repeater1[0]<--->HoM1[0]
REAL
   0.467001  0.00149952 -0.00167798    0.277337
 0.00149952   0.0335887  0.00562301  0.00750757
-0.00167798  0.00562301   0.0306423 0.000742632
   0.277337  0.00750757 0.000742632    0.468768
IMAGINARY
           0   0.00605508  -0.00916608  -0.00496613
 -0.00605508            0   0.00210209   0.00857922
  0.00916608  -0.00210209            0  0.000400319
  0.00496613  -0.00857922 -0.000400319            0
EndNode1[0]<--->Repeater1[0]
REAL
   0.455241  0.00338904  -0.0054396    0.291403
 0.00338904   0.0282686  0.00346082 -0.00573865
 -0.0054396  0.00346082   0.0382803 -0.00157635
   0.291403 -0.00573865 -0.00157635     0.47821
IMAGINARY
          0 -0.00340666  0.00472078  0.00234054
 0.00340666           0 -0.00549464 -0.00442084
-0.00472078  0.00549464           0  0.00160702
-0.00234054  0.00442084 -0.00160702           0
EndNode2[0]<--->HoM1[0]
REAL
    0.461561  0.000838329 -0.000377711      0.28574
 0.000838329    0.0323538  -0.00202969  -0.00459966
-0.000377711  -0.00202969    0.0308697 -8.41807e-05
     0.28574  -0.00459966 -8.41807e-05     0.475215
IMAGINARY
           0  -0.00423929    0.0012832  -0.00808464
  0.00423929            0  -0.00896081 -8.41624e-05
  -0.0012832   0.00896081            0   0.00843593
  0.00808464  8.41624e-05  -0.00843593            0
Repeater1[0]<--->EndNode1[0]
REAL
   0.455241  -0.0054396  0.00338904    0.291403
 -0.0054396   0.0382803  0.00346082 -0.00157635
 0.00338904  0.00346082   0.0282686 -0.00573865
   0.291403 -0.00157635 -0.00573865     0.47821
IMAGINARY
          0  0.00472078 -0.00340666  0.00234054
-0.00472078           0  0.00549464  0.00160702
 0.00340666 -0.00549464           0 -0.00442084
-0.00234054 -0.00160702  0.00442084           0
Repeater1[0]<--->HoM1[0]
REAL
    0.461561 -0.000377711  0.000838329      0.28574
-0.000377711    0.0308697  -0.00202969 -8.41807e-05
 0.000838329  -0.00202969    0.0323538  -0.00459966
     0.28574 -8.41807e-05  -0.00459966     0.475215
IMAGINARY
           0    0.0012832  -0.00423929  -0.00808464
  -0.0012832            0   0.00896081   0.00843593
  0.00423929  -0.00896081            0 -8.41624e-05
  0.00808464  -0.00843593  8.41624e-05            0
EndNode1[0]<--->Repeater1[0]
REAL
   0.464886 -0.00823973  -0.0122143    0.287759
-0.00823973   0.0336134  0.00873086 -0.00102464
 -0.0122143  0.00873086   0.0327131 -0.00407554
   0.287759 -0.00102464 -0.00407554    0.468788
IMAGINARY
          0  0.00374598  0.00573637 -0.00128819
-0.00374598           0 -0.00468553 -0.00129324
-0.00573637  0.00468553           0 -0.00404219
 0.00128819  0.00129324  0.00404219           0
EndNode2[0]<--->HoM1[0]
REAL
   0.466897 -0.00740114 -0.00348262    0.285658
-0.00740114   0.0323188  0.00848675  -0.0069309
-0.00348262  0.00848675   0.0301224  -0.0024087
   0.285658  -0.0069309  -0.0024087    0.470662
IMAGINARY
          0  -0.0043545  0.00159096  0.00114771
  0.0043545           0  -0.0044431  0.00645965
-0.00159096   0.0044431           0 -0.00973406
-0.00114771 -0.00645965  0.00973406           0
Repeater1[0]<--->EndNode1[0]
REAL
   0.464886  -0.0122143 -0.00823973    0.287759
 -0.0122143   0.0327131  0.00873086 -0.00407554
-0.00823973  0.00873086   0.0336134 -0.00102464
   0.287759 -0.00407554 -0.00102464    0.468788
IMAGINARY
          0  0.00573637  0.00374598 -0.00128819
-0.00573637           0  0.00468553 -0.00404219
-0.00374598 -0.00468553           0 -0.00129324
 0.00128819  0.00404219  0.00129324           0
Repeater1[0]<--->HoM1[0]
REAL
   0.466897 -0.00348262 -0.00740114    0.285658
-0.00348262   0.0301224  0.00848675  -0.0024087
-0.00740114  0.00848675   0.0323188  -0.0069309
   0.285658  -0.0024087  -0.0069309    0.470662
IMAGINARY
          0  0.00159096  -0.0043545  0.00114771
-0.00159096           0   0.0044431 -0.00973406
  0.0043545  -0.0044431           0  0.00645965
-0.00114771  0.00973406 -0.00645965           0
EndNode1[0]<--->Repeater1[0]
REAL
   0.466249  -0.0167784  -0.0016545    0.288026
 -0.0167784   0.0307646  0.00503576 0.000900353
 -0.0016545  0.00503576   0.0295699  0.00456123
   0.288026 0.000900353  0.00456123    0.473417
IMAGINARY
          0 -0.00209455   -0.001372  0.00181293
 0.00209455           0  -0.0009243 -0.00437861
   0.001372   0.0009243           0  0.00209455
-0.00181293  0.00437861 -0.00209455           0
EndNode2[0]<--->HoM1[0]
REAL
   0.449223 -0.00829088 -0.00236957    0.294873
-0.00829088   0.0322581  0.00123189 -0.00131883
-0.00236957  0.00123189   0.0328554 0.000766536
   0.294873 -0.00131883 0.000766536    0.485663
IMAGINARY
          0 -0.00152533  0.00633561 -0.00373227
 0.00152533           0    0.009042  0.00326247
-0.00633561   -0.009042           0 -0.00627311
 0.00373227 -0.00326247  0.00627311           0
Repeater1[0]<--->EndNode1[0]
REAL
   0.466249  -0.0016545  -0.0167784    0.288026
 -0.0016545   0.0295699  0.00503576  0.00456123
 -0.0167784  0.00503576   0.0307646 0.000900353
   0.288026  0.00456123 0.000900353    0.473417
IMAGINARY
          0   -0.001372 -0.00209455  0.00181293
   0.001372           0   0.0009243  0.00209455
 0.00209455  -0.0009243           0 -0.00437861
-0.00181293 -0.00209455  0.00437861           0
Repeater1[0]<--->HoM1[0]
REAL
   0.449223 -0.00236957 -0.00829088    0.294873
-0.00236957   0.0328554  0.00123189 0.000766536
-0.00829088  0.00123189   0.0322581 -0.00131883
   0.294873 0.000766536 -0.00131883    0.485663
IMAGINARY
          0  0.00633561 -0.00152533 -0.00373227
-0.00633561           0   -0.009042 -0.00627311
 0.00152533    0.009042           0  0.00326247
 0.00373227  0.00627311 -0.00326247           0
EndNode1[0]<--->Repeater1[0]
REAL
   0.454679  -0.0178134 -0.00710463    0.294354
 -0.0178134   0.0329606  0.00448597 -0.00815789
-0.00710463  0.00448597   0.0309005  -0.0093539
   0.294354 -0.00815789  -0.0093539     0.48146
IMAGINARY
           0 -0.000609464 -7.61181e-06  -0.00471654
 0.000609464            0   0.00532481   0.00180617
 7.61181e-06  -0.00532481            0   0.00270779
  0.00471654  -0.00180617  -0.00270779            0
EndNode2[0]<--->HoM1[0]
REAL
  0.459736 0.00742415  0.0105751   0.286329
0.00742415  0.0282452   0.007184 0.00520833
 0.0105751   0.007184  0.0333534 0.00343597
  0.286329 0.00520833 0.00343597   0.478666
IMAGINARY
          0 -0.00645955  0.00629528  -0.0013413
 0.00645955           0 -0.00521958 -0.00460349
-0.00629528  0.00521958           0  0.00538296
  0.0013413  0.00460349 -0.00538296           0
Repeater1[0]<--->EndNode1[0]
REAL
   0.454679 -0.00710463  -0.0178134    0.294354
-0.00710463   0.0309005  0.00448597  -0.0093539
 -0.0178134  0.00448597   0.0329606 -0.00815789
   0.294354  -0.0093539 -0.00815789     0.48146
IMAGINARY
           0 -7.61181e-06 -0.000609464  -0.00471654
 7.61181e-06            0  -0.00532481   0.00270779
 0.000609464   0.00532481            0   0.00180617
  0.00471654  -0.00270779  -0.00180617            0
Repeater1[0]<--->HoM1[0]
REAL
  0.459736  0.0105751 0.00742415   0.286329
 0.0105751  0.0333534   0.007184 0.00343597
0.00742415   0.007184  0.0282452 0.00520833
  0.286329 0.00343597 0.00520833   0.478666
IMAGINARY
          0  0.00629528 -0.00645955  -0.0013413
-0.00629528           0  0.00521958  0.00538296
 0.00645955 -0.00521958           0 -0.00460349
  0.0013413 -0.00538296  0.00460349           0
EndNode1[0]<--->Repeater1[0]
REAL
    0.476131  -0.00473316 -0.000340431     0.282256
 -0.00473316    0.0350279  -0.00364847  -0.00697956
-0.000340431  -0.00364847    0.0322381   0.00607765
    0.282256  -0.00697956   0.00607765     0.456603
IMAGINARY
          0 -0.00762577  0.00198975 -0.00258012
 0.00762577           0   0.0021383  0.00674581
-0.00198975  -0.0021383           0 -0.00792058
 0.00258012 -0.00674581  0.00792058           0
EndNode2[0]<--->HoM1[0]
REAL
   0.467355 -0.00211976 0.000268488    0.285631
-0.00211976   0.0346189   0.0108348   0.0113663
0.000268488   0.0108348   0.0294564 -0.00362398
   0.285631   0.0113663 -0.00362398     0.46857
IMAGINARY
           0 -0.000566049  -0.00141096  -0.00198619
 0.000566049            0  -0.00774726  -0.00413163
  0.00141096   0.00774726            0   0.00202463
  0.00198619   0.00413163  -0.00202463            0
Repeater1[0]<--->EndNode1[0]
REAL
    0.476131 -0.000340431  -0.00473316     0.282256
-0.000340431    0.0322381  -0.00364847   0.00607765
 -0.00473316  -0.00364847    0.0350279  -0.00697956
    0.282256   0.00607765  -0.00697956     0.456603
IMAGINARY
          0  0.00198975 -0.00762577 -0.00258012
-0.00198975           0  -0.0021383 -0.00792058
 0.00762577   0.0021383           0  0.00674581
 0.00258012  0.00792058 -0.00674581           0
Repeater1[0]<--->HoM1[0]
REAL
   0.467355 0.000268488 -0.00211976    0.285631
0.000268488   0.0294564   0.0108348 -0.00362398
-0.00211976   0.0108348   0.0346189   0.0113663
   0.285631 -0.00362398   0.0113663     0.46857
IMAGINARY
           0  -0.00141096 -0.000566049  -0.00198619
  0.00141096            0   0.00774726   0.00202463
 0.000566049  -0.00774726            0  -0.00413163
  0.00198619  -0.00202463   0.00413163            0
EndNode1[0]<--->Repeater1[0]
REAL
    0.460237 -0.000403048   0.00223977     0.281377
-0.000403048    0.0338279  -0.00212461    0.0028544
  0.00223977  -0.00212461    0.0353116   0.00518848
    0.281377    0.0028544   0.00518848     0.470623
IMAGINARY
           0  -0.00156759   -0.0164206  0.000961816
  0.00156759            0   0.00335846  -0.00472294
   0.0164206  -0.00335846            0   0.00692793
-0.000961816   0.00472294  -0.00692793            0
EndNode2[0]<--->HoM1[0]
REAL
    0.46204  0.00399009 -0.00724213    0.287868
 0.00399009   0.0338078  0.00919465  0.00944477
-0.00724213  0.00919465   0.0352906  -0.0026685
   0.287868  0.00944477  -0.0026685    0.468861
IMAGINARY
          0 -0.00545898 -0.00657463  0.00938311
 0.00545898           0 -0.00697492 -0.00776228
 0.00657463  0.00697492           0   0.0123288
-0.00938311  0.00776228  -0.0123288           0
Repeater1[0]<--->EndNode1[0]
REAL
    0.460237   0.00223977 -0.000403048     0.281377
  0.00223977    0.0353116  -0.00212461   0.00518848
-0.000403048  -0.00212461    0.0338279    0.0028544
    0.281377   0.00518848    0.0028544     0.470623
IMAGINARY
           0   -0.0164206  -0.00156759  0.000961816
   0.0164206            0  -0.00335846   0.00692793
  0.00156759   0.00335846            0  -0.00472294
-0.000961816  -0.00692793   0.00472294            0
Repeater1[0]<--->HoM1[0]
REAL
    0.46204 -0.00724213  0.00399009    0.287868
-0.00724213   0.0352906  0.00919465  -0.0026685
 0.00399009  0.00919465   0.0338078  0.00944477
   0.287868  -0.0026685  0.00944477    0.468861
IMAGINARY
          0 -0.00657463 -0.00545898  0.00938311
 0.00657463           0  0.00697492   0.0123288
 0.00545898 -0.00697492           0 -0.00776228
-0.00938311  -0.0123288  0.00776228           0
EndNode1[0]<--->Repeater1[0]
REAL
    0.464138  -0.00885972  -0.00115864     0.290015
 -0.00885972    0.0302312 -0.000732215   -0.0086809
 -0.00115864 -0.000732215    0.0299348   -0.0058239
    0.290015   -0.0086809   -0.0058239     0.475697
IMAGINARY
           0   0.00315026  -0.00396534   -0.0153147
 -0.00315026            0   -0.0125049 -0.000116909
  0.00396534    0.0125049            0  0.000931986
   0.0153147  0.000116909 -0.000931986            0
EndNode2[0]<--->HoM1[0]
REAL
     0.46727 -0.000351919 -0.000685734     0.285309
-0.000351919     0.028356  -0.00473323   0.00248429
-0.000685734  -0.00473323    0.0310709      0.00275
    0.285309   0.00248429      0.00275     0.473303
IMAGINARY
          0  0.00179808 -0.00337894   0.0135888
-0.00179808           0 -0.00234443  -0.0029198
 0.00337894  0.00234443           0 -0.00509742
 -0.0135888   0.0029198  0.00509742           0
Repeater1[0]<--->EndNode1[0]
REAL
    0.464138  -0.00115864  -0.00885972     0.290015
 -0.00115864    0.0299348 -0.000732215   -0.0058239
 -0.00885972 -0.000732215    0.0302312   -0.0086809
    0.290015   -0.0058239   -0.0086809     0.475697
IMAGINARY
           0  -0.00396534   0.00315026   -0.0153147
  0.00396534            0    0.0125049  0.000931986
 -0.00315026   -0.0125049            0 -0.000116909
   0.0153147 -0.000931986  0.000116909            0
Repeater1[0]<--->HoM1[0]
REAL
     0.46727 -0.000685734 -0.000351919     0.285309
-0.000685734    0.0310709  -0.00473323      0.00275
-0.000351919  -0.00473323     0.028356   0.00248429
    0.285309      0.00275   0.00248429     0.473303
IMAGINARY
          0 -0.00337894  0.00179808   0.0135888
 0.00337894           0  0.00234443 -0.00509742
-0.00179808 -0.00234443           0  -0.0029198
 -0.0135888  0.00509742   0.0029198           0
EndNode1[0]<--->Repeater1[0]
REAL
   0.477345  -0.0095364  -0.0108665     0.27912
 -0.0095364   0.0369408 -0.00374034  -0.0122338
 -0.0108665 -0.00374034    0.033189   -0.000494
    0.27912  -0.0122338   -0.000494    0.452525
IMAGINARY
          0 -0.00481998  0.00686057  -0.0119636
 0.00481998           0 -0.00439011  0.00671064
-0.00686057  0.00439011           0  -0.0105811
  0.0119636 -0.00671064   0.0105811           0
EndNode2[0]<--->HoM1[0]
REAL
    0.474784  -0.00274889   0.00250668     0.280953
 -0.00274889    0.0274545   0.00860201 -0.000202532
  0.00250668   0.00860201    0.0331244    0.0029025
    0.280953 -0.000202532    0.0029025     0.464637
IMAGINARY
           0    0.0097394   0.00622443   0.00905937
  -0.0097394            0  -0.00767262 -0.000303763
 -0.00622443   0.00767262            0  0.000621757
 -0.00905937  0.000303763 -0.000621757            0
Repeater1[0]<--->EndNode1[0]
REAL
   0.477345  -0.0108665  -0.0095364     0.27912
 -0.0108665    0.033189 -0.00374034   -0.000494
 -0.0095364 -0.00374034   0.0369408  -0.0122338
    0.27912   -0.000494  -0.0122338    0.452525
IMAGINARY
          0  0.00686057 -0.00481998  -0.0119636
-0.00686057           0  0.00439011  -0.0105811
 0.00481998 -0.00439011           0  0.00671064
  0.0119636   0.0105811 -0.00671064           0
Repeater1[0]<--->HoM1[0]
REAL
    0.474784   0.00250668  -0.00274889     0.280953
  0.00250668    0.0331244   0.00860201    0.0029025
 -0.00274889   0.00860201    0.0274545 -0.000202532
    0.280953    0.0029025 -0.000202532     0.464637
IMAGINARY
           0   0.00622443    0.0097394   0.00905937
 -0.00622443            0   0.00767262  0.000621757
  -0.0097394  -0.00767262            0 -0.000303763
 -0.00905937 -0.000621757  0.000303763            0
EndNode1[0]<--->Repeater1[0]
REAL
   0.447582 -0.00176796 -0.00530032     0.29299
-0.00176796   0.0387504  0.00630721  -0.0030501
-0.00530032  0.00630721    0.031541  0.00132847
    0.29299  -0.0030501  0.00132847    0.482127
IMAGINARY
           0  3.40799e-05  -0.00482938   -0.0116108
-3.40799e-05            0   -0.0110102   0.00011518
  0.00482938    0.0110102            0  -0.00180191
   0.0116108  -0.00011518   0.00180191            0
EndNode2[0]<--->HoM1[0]
REAL
   0.453842  0.00841402   0.0039389    0.283816
 0.00841402   0.0360334  -0.0092772  0.00409204
  0.0039389  -0.0092772   0.0369267 -0.00395239
   0.283816  0.00409204 -0.00395239    0.473198
IMAGINARY
           0   0.00246755 -0.000586555  -0.00180473
 -0.00246755            0  -0.00421582   0.00717128
 0.000586555   0.00421582            0  -0.00583308
  0.00180473  -0.00717128   0.00583308            0
Repeater1[0]<--->EndNode1[0]
REAL
   0.447582 -0.00530032 -0.00176796     0.29299
-0.00530032    0.031541  0.00630721  0.00132847
-0.00176796  0.00630721   0.0387504  -0.0030501
    0.29299  0.00132847  -0.0030501    0.482127
IMAGINARY
           0  -0.00482938  3.40799e-05   -0.0116108
  0.00482938            0    0.0110102  -0.00180191
-3.40799e-05   -0.0110102            0   0.00011518
   0.0116108   0.00180191  -0.00011518            0
Repeater1[0]<--->HoM1[0]
REAL
   0.453842   0.0039389  0.00841402    0.283816
  0.0039389   0.0369267  -0.0092772 -0.00395239
 0.00841402  -0.0092772   0.0360334  0.00409204
   0.283816 -0.00395239  0.00409204    0.473198
IMAGINARY
           0 -0.000586555   0.00246755  -0.00180473
 0.000586555            0   0.00421582  -0.00583308
 -0.00246755  -0.00421582            0   0.00717128
  0.00180473   0.00583308  -0.00717128            0
EndNode1[0]<--->Repeater1[0]
REAL
   0.467767  0.00207319  0.00670926    0.283455
 0.00207319   0.0342194 -0.00268587 -0.00730098
 0.00670926 -0.00268587   0.0296364  0.00354811
   0.283455 -0.00730098  0.00354811    0.468378
IMAGINARY
           0   0.00821126  -0.00574888  -0.00613335
 -0.00821126            0   0.00205849 -0.000224839
  0.00574888  -0.00205849            0   0.00194406
  0.00613335  0.000224839  -0.00194406            0
EndNode2[0]<--->HoM1[0]
REAL
    0.487474  -0.00375851   0.00189227     0.283551
 -0.00375851    0.0309461  -0.00512264 -0.000813685
  0.00189227  -0.00512264    0.0250516  0.000214596
    0.283551 -0.000813685  0.000214596     0.456528
IMAGINARY
          0  0.00626896 -0.00696715  0.00309252
-0.00626896           0  0.00188698   0.0077123
 0.00696715 -0.00188698           0  0.00222583
-0.00309252  -0.0077123 -0.00222583           0
Repeater1[0]<--->EndNode1[0]
REAL
   0.467767  0.00670926  0.00207319    0.283455
 0.00670926   0.0296364 -0.00268587  0.00354811
 0.00207319 -0.00268587   0.0342194 -0.00730098
   0.283455  0.00354811 -0.00730098    0.468378
IMAGINARY
           0  -0.00574888   0.00821126  -0.00613335
  0.00574888            0  -0.00205849   0.00194406
 -0.00821126   0.00205849            0 -0.000224839
  0.00613335  -0.00194406  0.000224839            0
Repeater1[0]<--->HoM1[0]
REAL
    0.487474   0.00189227  -0.00375851     0.283551
  0.00189227    0.0250516  -0.00512264  0.000214596
 -0.00375851  -0.00512264    0.0309461 -0.000813685
    0.283551  0.000214596 -0.000813685     0.456528
IMAGINARY
          0 -0.00696715  0.00626896  0.00309252
 0.00696715           0 -0.00188698  0.00222583
-0.00626896  0.00188698           0   0.0077123
-0.00309252 -0.00222583  -0.0077123           0
EndNode1[0]<--->Repeater1[0]
REAL
   0.466985 -0.00470814  -0.0027632    0.289526
-0.00470814   0.0334628  0.00606388 -0.00528209
 -0.0027632  0.00606388   0.0334628  0.00202637
   0.289526 -0.00528209  0.00202637    0.466089
IMAGINARY
           0   -0.0054863    0.0045951 -0.000160759
   0.0054863            0  -0.00681166   0.00254351
  -0.0045951   0.00681166            0  -0.00224719
 0.000160759  -0.00254351   0.00224719            0
EndNode2[0]<--->HoM1[0]
REAL
   0.479346 -0.00151754 -0.00237533    0.284105
-0.00151754   0.0295931  0.00215681  0.00325976
-0.00237533  0.00215681   0.0326757  0.00269679
   0.284105  0.00325976  0.00269679    0.458385
IMAGINARY
           0   0.00192423   0.00193362  0.000153977
 -0.00192423            0  -0.00196339   0.00149206
 -0.00193362   0.00196339            0  -0.00117952
-0.000153977  -0.00149206   0.00117952            0
Repeater1[0]<--->EndNode1[0]
REAL
   0.466985  -0.0027632 -0.00470814    0.289526
 -0.0027632   0.0334628  0.00606388  0.00202637
-0.00470814  0.00606388   0.0334628 -0.00528209
   0.289526  0.00202637 -0.00528209    0.466089
IMAGINARY
           0    0.0045951   -0.0054863 -0.000160759
  -0.0045951            0   0.00681166  -0.00224719
   0.0054863  -0.00681166            0   0.00254351
 0.000160759   0.00224719  -0.00254351            0
Repeater1[0]<--->HoM1[0]
REAL
   0.479346 -0.00237533 -0.00151754    0.284105
-0.00237533   0.0326757  0.00215681  0.00269679
-0.00151754  0.00215681   0.0295931  0.00325976
   0.284105  0.00269679  0.00325976    0.458385
IMAGINARY
           0   0.00193362   0.00192423  0.000153977
 -0.00193362            0   0.00196339  -0.00117952
 -0.00192423  -0.00196339            0   0.00149206
-0.000153977   0.00117952  -0.00149206            0
EndNode1[0]<--->Repeater1[0]
REAL
   0.478999  0.00621797  -0.0049705    0.286908
 0.00621797   0.0300864 0.000606642 -0.00587358
 -0.0049705 0.000606642   0.0348525  0.00198836
   0.286908 -0.00587358  0.00198836    0.456062
IMAGINARY
           0   0.00171203  -0.00249204 -0.000995766
 -0.00171203            0  -0.00494954    0.0059928
  0.00249204   0.00494954            0  -0.00155983
 0.000995766   -0.0059928   0.00155983            0
EndNode2[0]<--->HoM1[0]
REAL
    0.464168  -0.00234174 -0.000541842     0.284231
 -0.00234174     0.032084   0.00372913  -0.00200383
-0.000541842   0.00372913    0.0323838   0.00578589
    0.284231  -0.00200383   0.00578589     0.471364
IMAGINARY
           0  0.000304825   0.00469485   0.00213969
-0.000304825            0   0.00346128  -0.00218378
 -0.00469485  -0.00346128            0  -0.00311132
 -0.00213969   0.00218378   0.00311132            0
Repeater1[0]<--->EndNode1[0]
REAL
   0.478999  -0.0049705  0.00621797    0.286908
 -0.0049705   0.0348525 0.000606642  0.00198836
 0.00621797 0.000606642   0.0300864 -0.00587358
   0.286908  0.00198836 -0.00587358    0.456062
IMAGINARY
           0  -0.00249204   0.00171203 -0.000995766
  0.00249204            0   0.00494954  -0.00155983
 -0.00171203  -0.00494954            0    0.0059928
 0.000995766   0.00155983   -0.0059928            0
Repeater1[0]<--->HoM1[0]
REAL
    0.464168 -0.000541842  -0.00234174     0.284231
-0.000541842    0.0323838   0.00372913   0.00578589
 -0.00234174   0.00372913     0.032084  -0.00200383
    0.284231   0.00578589  -0.00200383     0.471364
IMAGINARY
           0   0.00469485  0.000304825   0.00213969
 -0.00469485            0  -0.00346128  -0.00311132
-0.000304825   0.00346128            0  -0.00218378
 -0.00213969   0.00311132   0.00218378            0
EndNode1[0]<--->Repeater1[0]
REAL
   0.469429 -0.00710828  0.00179574    0.283293
-0.00710828   0.0307157  0.00436768 0.000450445
 0.00179574  0.00436768    0.031585  0.00126821
   0.283293 0.000450445  0.00126821     0.46827
IMAGINARY
           0  -0.00955639   0.00269634    0.0017328
  0.00955639            0   -0.0101042  0.000550415
 -0.00269634    0.0101042            0  0.000111287
  -0.0017328 -0.000550415 -0.000111287            0
EndNode2[0]<--->HoM1[0]
REAL
   0.465392   0.0045715  0.00207835     0.29445
  0.0045715   0.0379478  -0.0036745 -0.00268923
 0.00207835  -0.0036745   0.0303582 -0.00365519
    0.29445 -0.00268923 -0.00365519    0.466302
IMAGINARY
          0 -0.00464421 -0.00421556 -0.00694068
 0.00464421           0  0.00784702  0.00524106
 0.00421556 -0.00784702           0  0.00332572
 0.00694068 -0.00524106 -0.00332572           0
Repeater1[0]<--->EndNode1[0]
REAL
   0.469429  0.00179574 -0.00710828    0.283293
 0.00179574    0.031585  0.00436768  0.00126821
-0.00710828  0.00436768   0.0307157 0.000450445
   0.283293  0.00126821 0.000450445     0.46827
IMAGINARY
           0   0.00269634  -0.00955639    0.0017328
 -0.00269634            0    0.0101042  0.000111287
  0.00955639   -0.0101042            0  0.000550415
  -0.0017328 -0.000111287 -0.000550415            0
Repeater1[0]<--->HoM1[0]
REAL
   0.465392  0.00207835   0.0045715     0.29445
 0.00207835   0.0303582  -0.0036745 -0.00365519
  0.0045715  -0.0036745   0.0379478 -0.00268923
    0.29445 -0.00365519 -0.00268923    0.466302
IMAGINARY
          0 -0.00421556 -0.00464421 -0.00694068
 0.00421556           0 -0.00784702  0.00332572
 0.00464421  0.00784702           0  0.00524106
 0.00694068 -0.00332572 -0.00524106           0
EndNode1[0]<--->Repeater1[0]
REAL
  0.464384 0.00754817  0.0112653   0.286324
0.00754817   0.038826  0.0098713 0.00805834
 0.0112653  0.0098713  0.0330174 0.00181173
  0.286324 0.00805834 0.00181173   0.463773
IMAGINARY
          0 -0.00334497   0.0012065    0.014065
 0.00334497           0 -0.00213112 -0.00344196
 -0.0012065  0.00213112           0 -0.00574593
  -0.014065  0.00344196  0.00574593           0
EndNode2[0]<--->HoM1[0]
REAL
    0.44842  -0.0115946 -0.00772408    0.286265
 -0.0115946   0.0390578  0.00831352  0.00923011
-0.00772408  0.00831352    0.029517  0.00647412
   0.286265  0.00923011  0.00647412    0.483005
IMAGINARY
           0   0.00139283  0.000127543   0.00593384
 -0.00139283            0  -0.00758798  -0.00637364
-0.000127543   0.00758798            0   0.00329175
 -0.00593384   0.00637364  -0.00329175            0
Repeater1[0]<--->EndNode1[0]
REAL
  0.464384  0.0112653 0.00754817   0.286324
 0.0112653  0.0330174  0.0098713 0.00181173
0.00754817  0.0098713   0.038826 0.00805834
  0.286324 0.00181173 0.00805834   0.463773
IMAGINARY
          0   0.0012065 -0.00334497    0.014065
 -0.0012065           0  0.00213112 -0.00574593
 0.00334497 -0.00213112           0 -0.00344196
  -0.014065  0.00574593  0.00344196           0
Repeater1[0]<--->HoM1[0]
REAL
    0.44842 -0.00772408  -0.0115946    0.286265
-0.00772408    0.029517  0.00831352  0.00647412
 -0.0115946  0.00831352   0.0390578  0.00923011
   0.286265  0.00647412  0.00923011    0.483005
IMAGINARY
           0  0.000127543   0.00139283   0.00593384
-0.000127543            0   0.00758798   0.00329175
 -0.00139283  -0.00758798            0  -0.00637364
 -0.00593384  -0.00329175   0.00637364            0
EndNode1[0]<--->Repeater1[0]
REAL
     0.4748 -0.00735297  -0.0160731    0.281951
-0.00735297   0.0353411  0.00520519  0.00751041
 -0.0160731  0.00520519   0.0261217 -0.00120972
   0.281951  0.00751041 -0.00120972    0.463737
IMAGINARY
          0 -0.00116618 -0.00207495 -0.00125577
 0.00116618           0  -0.0115257    -0.01156
 0.00207495   0.0115257           0  0.00790876
 0.00125577     0.01156 -0.00790876           0
EndNode2[0]<--->HoM1[0]
REAL
   0.475455 -0.00139181 -0.00543574    0.292795
-0.00139181   0.0321212  0.00146669 -0.00769002
-0.00543574  0.00146669   0.0287879 -0.00990245
   0.292795 -0.00769002 -0.00990245    0.463636
IMAGINARY
          0  0.00725138  0.00467581  0.00904427
-0.00725138           0 -0.00618713 -0.00241746
-0.00467581  0.00618713           0  -0.0134242
-0.00904427  0.00241746   0.0134242           0
Repeater1[0]<--->EndNode1[0]
REAL
     0.4748  -0.0160731 -0.00735297    0.281951
 -0.0160731   0.0261217  0.00520519 -0.00120972
-0.00735297  0.00520519   0.0353411  0.00751041
   0.281951 -0.00120972  0.00751041    0.463737
IMAGINARY
          0 -0.00207495 -0.00116618 -0.00125577
 0.00207495           0   0.0115257  0.00790876
 0.00116618  -0.0115257           0    -0.01156
 0.00125577 -0.00790876     0.01156           0
Repeater1[0]<--->HoM1[0]
REAL
   0.475455 -0.00543574 -0.00139181    0.292795
-0.00543574   0.0287879  0.00146669 -0.00990245
-0.00139181  0.00146669   0.0321212 -0.00769002
   0.292795 -0.00990245 -0.00769002    0.463636
IMAGINARY
          0  0.00467581  0.00725138  0.00904427
-0.00467581           0  0.00618713  -0.0134242
-0.00725138 -0.00618713           0 -0.00241746
-0.00904427   0.0134242  0.00241746           0
EndNode1[0]<--->Repeater1[0]
REAL
     0.45389  -0.00659402    0.0103946     0.290783
 -0.00659402    0.0270351  -0.00428722 -0.000860391
   0.0103946  -0.00428722    0.0318414    0.0095637
    0.290783 -0.000860391    0.0095637     0.487233
IMAGINARY
           0   0.00648616 -0.000166565  -0.00116629
 -0.00648616            0   0.00316077   0.00145633
 0.000166565  -0.00316077            0  -0.00806254
  0.00116629  -0.00145633   0.00806254            0
EndNode2[0]<--->HoM1[0]
REAL
    0.47519 -0.00627127 -0.00350997    0.279025
-0.00627127   0.0316591   0.0031528 -0.00504089
-0.00350997   0.0031528   0.0292237  -0.0124806
   0.279025 -0.00504089  -0.0124806    0.463927
IMAGINARY
           0  -0.00194994  -0.00082571 -0.000993929
  0.00194994            0    0.0118797   0.00694941
  0.00082571   -0.0118797            0   0.00807364
 0.000993929  -0.00694941  -0.00807364            0
Repeater1[0]<--->EndNode1[0]
REAL
     0.45389    0.0103946  -0.00659402     0.290783
   0.0103946    0.0318414  -0.00428722    0.0095637
 -0.00659402  -0.00428722    0.0270351 -0.000860391
    0.290783    0.0095637 -0.000860391     0.487233
IMAGINARY
           0 -0.000166565   0.00648616  -0.00116629
 0.000166565            0  -0.00316077  -0.00806254
 -0.00648616   0.00316077            0   0.00145633
  0.00116629   0.00806254  -0.00145633            0
Repeater1[0]<--->HoM1[0]
REAL
    0.47519 -0.00350997 -0.00627127    0.279025
-0.00350997   0.0292237   0.0031528  -0.0124806
-0.00627127   0.0031528   0.0316591 -0.00504089
   0.279025  -0.0124806 -0.00504089    0.463927
IMAGINARY
           0  -0.00082571  -0.00194994 -0.000993929
  0.00082571            0   -0.0118797   0.00807364
  0.00194994    0.0118797            0   0.00694941
 0.000993929  -0.00807364  -0.00694941            0
EndNode1[0]<--->Repeater1[0]
REAL
    0.466727  -0.00622397   0.00676666     0.291524
 -0.00622397    0.0296431 -0.000430744   -0.0107221
  0.00676666 -0.000430744    0.0332728 -0.000954469
    0.291524   -0.0107221 -0.000954469     0.470357
IMAGINARY
           0  0.000274972  -0.00686843  -0.00225658
-0.000274972            0  -0.00859333 -0.000486716
  0.00686843   0.00859333            0   0.00377787
  0.00225658  0.000486716  -0.00377787            0
EndNode2[0]<--->HoM1[0]
REAL
  0.472406 0.00657632 0.00562867   0.296602
0.00657632  0.0290942 0.00621944 0.00877709
0.00562867 0.00621944  0.0323935 0.00332765
  0.296602 0.00877709 0.00332765   0.466107
IMAGINARY
          0 -0.00335438  -0.0105291 -0.00197509
 0.00335438           0   0.0091823  0.00343907
  0.0105291  -0.0091823           0  0.00366264
 0.00197509 -0.00343907 -0.00366264           0
Repeater1[0]<--->EndNode1[0]
REAL
    0.466727   0.00676666  -0.00622397     0.291524
  0.00676666    0.0332728 -0.000430744 -0.000954469
 -0.00622397 -0.000430744    0.0296431   -0.0107221
    0.291524 -0.000954469   -0.0107221     0.470357
IMAGINARY
           0  -0.00686843  0.000274972  -0.00225658
  0.00686843            0   0.00859333   0.00377787
-0.000274972  -0.00859333            0 -0.000486716
  0.00225658  -0.00377787  0.000486716            0
Repeater1[0]<--->HoM1[0]
REAL
  0.472406 0.00562867 0.00657632   0.296602
0.00562867  0.0323935 0.00621944 0.00332765
0.00657632 0.00621944  0.0290942 0.00877709
  0.296602 0.00332765 0.00877709   0.466107
IMAGINARY
          0  -0.0105291 -0.00335438 -0.00197509
  0.0105291           0  -0.0091823  0.00366264
 0.00335438   0.0091823           0  0.00343907
 0.00197509 -0.00366264 -0.00343907           0
EndNode1[0]<--->Repeater1[0]
REAL
   0.468452 -0.00668443  -0.0108089    0.283555
-0.00668443   0.0300595 0.000788619 -0.00358819
 -0.0108089 0.000788619    0.033631 -0.00561311
   0.283555 -0.00358819 -0.00561311    0.467857
IMAGINARY
           0   0.00275673  -0.00201974  -0.00625958
 -0.00275673            0   0.00119403 -0.000842572
  0.00201974  -0.00119403            0   0.00884315
  0.00625958  0.000842572  -0.00884315            0
EndNode2[0]<--->HoM1[0]
REAL
   0.475448 -0.00267927 -0.00151821    0.287064
-0.00267927   0.0338136  0.00251765 -0.00495618
-0.00151821  0.00251765   0.0244046 -0.00703232
   0.287064 -0.00495618 -0.00703232    0.466333
IMAGINARY
          0   0.0135507  0.00644155  0.00683972
 -0.0135507           0 -0.00826602  -0.0104534
-0.00644155  0.00826602           0  0.00680587
-0.00683972   0.0104534 -0.00680587           0
Repeater1[0]<--->EndNode1[0]
REAL
   0.468452  -0.0108089 -0.00668443    0.283555
 -0.0108089    0.033631 0.000788619 -0.00561311
-0.00668443 0.000788619   0.0300595 -0.00358819
   0.283555 -0.00561311 -0.00358819    0.467857
IMAGINARY
           0  -0.00201974   0.00275673  -0.00625958
  0.00201974            0  -0.00119403   0.00884315
 -0.00275673   0.00119403            0 -0.000842572
  0.00625958  -0.00884315  0.000842572            0
Repeater1[0]<--->HoM1[0]
REAL
   0.475448 -0.00151821 -0.00267927    0.287064
-0.00151821   0.0244046  0.00251765 -0.00703232
