EndNode1[0]<--->Repeater1[0]
REAL
   0.414234 -0.00468438  0.00375632    0.154505
-0.00468438   0.0812044  0.00471899 -0.00111237
 0.00375632  0.00471899   0.0772506  0.00497815
   0.154505 -0.00111237  0.00497815    0.427311
IMAGINARY
          0 -0.00298457  0.00351168  -0.0121343
 0.00298457           0 -0.00660035 -0.00778258
-0.00351168  0.00660035           0 -0.00616735
  0.0121343  0.00778258  0.00616735           0
EndNode2[0]<--->HoM1[0]
REAL
   0.428787 -0.00225707  0.00723456    0.156824
-0.00225707   0.0713638 0.000619939  0.00494589
 0.00723456 0.000619939   0.0758996 -0.00210383
   0.156824  0.00494589 -0.00210383    0.423949
IMAGINARY
           0   0.00133232 -7.80354e-05   0.00450544
 -0.00133232            0   0.00362825   0.00200282
 7.80354e-05  -0.00362825            0  -0.00414547
 -0.00450544  -0.00200282   0.00414547            0
Repeater1[0]<--->EndNode1[0]
REAL
   0.414234  0.00375632 -0.00468438    0.154505
 0.00375632   0.0772506  0.00471899  0.00497815
-0.00468438  0.00471899   0.0812044 -0.00111237
   0.154505  0.00497815 -0.00111237    0.427311
IMAGINARY
          0  0.00351168 -0.00298457  -0.0121343
-0.00351168           0  0.00660035 -0.00616735
 0.00298457 -0.00660035           0 -0.00778258
  0.0121343  0.00616735  0.00778258           0
Repeater1[0]<--->HoM1[0]
REAL
   0.428787  0.00723456 -0.00225707    0.156824
 0.00723456   0.0758996 0.000619939 -0.00210383
-0.00225707 0.000619939   0.0713638  0.00494589
   0.156824 -0.00210383  0.00494589    0.423949
IMAGINARY
           0 -7.80354e-05   0.00133232   0.00450544
 7.80354e-05            0  -0.00362825  -0.00414547
 -0.00133232   0.00362825            0   0.00200282
 -0.00450544   0.00414547  -0.00200282            0
EndNode1[0]<--->Repeater1[0]
REAL
   0.419247   0.0116244 -0.00469768    0.158034
  0.0116244   0.0746812   0.0062779 -0.00513033
-0.00469768   0.0062779   0.0859138  -0.0021035
   0.158034 -0.00513033  -0.0021035    0.420158
IMAGINARY
           0   0.00648835  -0.00193779  -0.00192093
 -0.00648835            0    0.0112764  -0.00541736
  0.00193779   -0.0112764            0 -0.000934458
  0.00192093   0.00541736  0.000934458            0
EndNode2[0]<--->HoM1[0]
REAL
    0.42708 -0.00239091 -0.00522773    0.159059
-0.00239091   0.0669759   0.0112939  0.00552659
-0.00522773   0.0112939    0.080893 -0.00239091
   0.159059  0.00552659 -0.00239091    0.425051
IMAGINARY
          0   0.0035254 -0.00613443  0.00914151
 -0.0035254           0  0.00354731  0.00298411
 0.00613443 -0.00354731           0  0.00322528
-0.00914151 -0.00298411 -0.00322528           0
Repeater1[0]<--->EndNode1[0]
REAL
   0.419247 -0.00469768   0.0116244    0.158034
-0.00469768   0.0859138   0.0062779  -0.0021035
  0.0116244   0.0062779   0.0746812 -0.00513033
   0.158034  -0.0021035 -0.00513033    0.420158
IMAGINARY
           0  -0.00193779   0.00648835  -0.00192093
  0.00193779            0   -0.0112764 -0.000934458
 -0.00648835    0.0112764            0  -0.00541736
  0.00192093  0.000934458   0.00541736            0
Repeater1[0]<--->HoM1[0]
REAL
    0.42708 -0.00522773 -0.00239091    0.159059
-0.00522773    0.080893   0.0112939 -0.00239091
-0.00239091   0.0112939   0.0669759  0.00552659
   0.159059 -0.00239091  0.00552659    0.425051
IMAGINARY
          0 -0.00613443   0.0035254  0.00914151
 0.00613443           0 -0.00354731  0.00322528
 -0.0035254  0.00354731           0  0.00298411
-0.00914151 -0.00322528 -0.00298411           0
EndNode1[0]<--->Repeater1[0]
REAL
  0.420911  0.0023403 0.00287073   0.152869
 0.0023403  0.0784901 0.00341895 0.00226832
0.00287073 0.00341895  0.0769922 0.00189187
  0.152869 0.00226832 0.00189187   0.423607
IMAGINARY
          0 -0.00122917 -0.00184599 -0.00151198
 0.00122917           0 -0.00987518   0.0058191
 0.00184599  0.00987518           0 -0.00304956
 0.00151198  -0.0058191  0.00304956           0
EndNode2[0]<--->HoM1[0]
REAL
   0.412234 -0.00558633 -0.00398684    0.148779
-0.00558633    0.070331 0.000765569 0.000904949
-0.00398684 0.000765569   0.0712175 -0.00512691
   0.148779 0.000904949 -0.00512691    0.446217
IMAGINARY
           0   0.00616121  -0.00551887  0.000399778
 -0.00616121            0 -0.000996437  -0.00506391
  0.00551887  0.000996437            0   0.00616121
-0.000399778   0.00506391  -0.00616121            0
Repeater1[0]<--->EndNode1[0]
REAL
  0.420911 0.00287073  0.0023403   0.152869
0.00287073  0.0769922 0.00341895 0.00189187
 0.0023403 0.00341895  0.0784901 0.00226832
  0.152869 0.00189187 0.00226832   0.423607
IMAGINARY
          0 -0.00184599 -0.00122917 -0.00151198
 0.00184599           0  0.00987518 -0.00304956
 0.00122917 -0.00987518           0   0.0058191
 0.00151198  0.00304956  -0.0058191           0
Repeater1[0]<--->HoM1[0]
REAL
   0.412234 -0.00398684 -0.00558633    0.148779
-0.00398684   0.0712175 0.000765569 -0.00512691
-0.00558633 0.000765569    0.070331 0.000904949
   0.148779 -0.00512691 0.000904949    0.446217
IMAGINARY
           0  -0.00551887   0.00616121  0.000399778
  0.00551887            0  0.000996437   0.00616121
 -0.00616121 -0.000996437            0  -0.00506391
-0.000399778  -0.00616121   0.00506391            0
EndNode1[0]<--->Repeater1[0]
REAL
   0.404845  -0.0006983   0.0103008    0.159744
 -0.0006983    0.079101 -0.00102382  0.00663776
  0.0103008 -0.00102382   0.0863981  0.00508977
   0.159744  0.00663776  0.00508977    0.429656
IMAGINARY
          0  0.00266622 -0.00190398  0.00637795
-0.00266622           0 -0.00471983  0.00610314
 0.00190398  0.00471983           0  -0.0017664
-0.00637795 -0.00610314   0.0017664           0
EndNode2[0]<--->HoM1[0]
REAL
    0.429969  -0.00992704  -0.00127483     0.158324
 -0.00992704    0.0792049 -0.000413486  0.000379306
 -0.00127483 -0.000413486    0.0746177     -0.01067
    0.158324  0.000379306     -0.01067     0.416208
IMAGINARY
          0 -0.00716362  0.00609969  -0.0147948
 0.00716362           0 -0.00198173  -0.0138765
-0.00609969  0.00198173           0 -0.00366286
  0.0147948   0.0138765  0.00366286           0
Repeater1[0]<--->EndNode1[0]
REAL
   0.404845   0.0103008  -0.0006983    0.159744
  0.0103008   0.0863981 -0.00102382  0.00508977
 -0.0006983 -0.00102382    0.079101  0.00663776
   0.159744  0.00508977  0.00663776    0.429656
IMAGINARY
          0 -0.00190398  0.00266622  0.00637795
 0.00190398           0  0.00471983  -0.0017664
-0.00266622 -0.00471983           0  0.00610314
-0.00637795   0.0017664 -0.00610314           0
Repeater1[0]<--->HoM1[0]
REAL
    0.429969  -0.00127483  -0.00992704     0.158324
 -0.00127483    0.0746177 -0.000413486     -0.01067
 -0.00992704 -0.000413486    0.0792049  0.000379306
    0.158324     -0.01067  0.000379306     0.416208
IMAGINARY
          0  0.00609969 -0.00716362  -0.0147948
-0.00609969           0  0.00198173 -0.00366286
 0.00716362 -0.00198173           0  -0.0138765
  0.0147948  0.00366286   0.0138765           0
EndNode1[0]<--->Repeater1[0]
REAL
   0.411696  0.00522907  -0.0049616    0.147111
 0.00522907   0.0833333  0.00667844  -0.0117001
 -0.0049616  0.00667844   0.0766082 -0.00537652
   0.147111  -0.0117001 -0.00537652    0.428363
IMAGINARY
           0  0.000994523    0.0160619  0.000185596
-0.000994523            0   0.00410362   0.00241208
  -0.0160619  -0.00410362            0  -0.00835409
-0.000185596  -0.00241208   0.00835409            0
EndNode2[0]<--->HoM1[0]
REAL
   0.424886  -0.0149551 -0.00918619    0.160585
 -0.0149551     0.07739 -0.00527744 -0.00770163
-0.00918619 -0.00527744   0.0807284 -0.00223432
   0.160585 -0.00770163 -0.00223432    0.416995
IMAGINARY
          0 -0.00211234  0.00731495   0.0098628
 0.00211234           0 -0.00306317  0.00806503
-0.00731495  0.00306317           0 -0.00663314
 -0.0098628 -0.00806503  0.00663314           0
Repeater1[0]<--->EndNode1[0]
REAL
   0.411696  -0.0049616  0.00522907    0.147111
 -0.0049616   0.0766082  0.00667844 -0.00537652
 0.00522907  0.00667844   0.0833333  -0.0117001
   0.147111 -0.00537652  -0.0117001    0.428363
IMAGINARY
           0    0.0160619  0.000994523  0.000185596
  -0.0160619            0  -0.00410362  -0.00835409
-0.000994523   0.00410362            0   0.00241208
-0.000185596   0.00835409  -0.00241208            0
Repeater1[0]<--->HoM1[0]
REAL
   0.424886 -0.00918619  -0.0149551    0.160585
-0.00918619   0.0807284 -0.00527744 -0.00223432
 -0.0149551 -0.00527744     0.07739 -0.00770163
   0.160585 -0.00223432 -0.00770163    0.416995
IMAGINARY
          0  0.00731495 -0.00211234   0.0098628
-0.00731495           0  0.00306317 -0.00663314
 0.00211234 -0.00306317           0  0.00806503
 -0.0098628  0.00663314 -0.00806503           0
EndNode1[0]<--->Repeater1[0]
REAL
    0.417526   -0.0031996 -0.000449743     0.151843
  -0.0031996    0.0806549  0.000922106  -0.00634989
-0.000449743  0.000922106    0.0748939   -0.0014846
    0.151843  -0.00634989   -0.0014846     0.426925
IMAGINARY
          0  -0.0118659  0.00555644  0.00717639
  0.0118659           0   0.0051115  0.00840672
-0.00555644  -0.0051115           0  0.00295327
-0.00717639 -0.00840672 -0.00295327           0
EndNode2[0]<--->HoM1[0]
REAL
   0.418577  0.00119886 -0.00550526    0.146292
 0.00119886   0.0781062  0.00319856  0.00220987
-0.00550526  0.00319856   0.0850422 0.000898201
   0.146292  0.00220987 0.000898201    0.418275
IMAGINARY
          0 -0.00691308 -0.00592044   0.0047699
 0.00691308           0 -0.00433169   0.0042653
 0.00592044  0.00433169           0  0.00194768
 -0.0047699  -0.0042653 -0.00194768           0
Repeater1[0]<--->EndNode1[0]
REAL
    0.417526 -0.000449743   -0.0031996     0.151843
-0.000449743    0.0748939  0.000922106   -0.0014846
  -0.0031996  0.000922106    0.0806549  -0.00634989
    0.151843   -0.0014846  -0.00634989     0.426925
IMAGINARY
          0  0.00555644  -0.0118659  0.00717639
-0.00555644           0  -0.0051115  0.00295327
  0.0118659   0.0051115           0  0.00840672
-0.00717639 -0.00295327 -0.00840672           0
Repeater1[0]<--->HoM1[0]
REAL
   0.418577 -0.00550526  0.00119886    0.146292
-0.00550526   0.0850422  0.00319856 0.000898201
 0.00119886  0.00319856   0.0781062  0.00220987
   0.146292 0.000898201  0.00220987    0.418275
IMAGINARY
          0 -0.00592044 -0.00691308   0.0047699
 0.00592044           0  0.00433169  0.00194768
 0.00691308 -0.00433169           0   0.0042653
 -0.0047699 -0.00194768  -0.0042653           0
EndNode1[0]<--->Repeater1[0]
REAL
   0.435658 -0.00118814  -0.0139158    0.158273
-0.00118814    0.078172  0.00647699  0.00196425
 -0.0139158  0.00647699   0.0751654 -0.00894802
   0.158273  0.00196425 -0.00894802    0.411004
IMAGINARY
          0  0.00164671 -0.00315953  0.00531108
-0.00164671           0 -0.00622739  0.00196192
 0.00315953  0.00622739           0  0.00164671
-0.00531108 -0.00196192 -0.00164671           0
EndNode2[0]<--->HoM1[0]
REAL
    0.42567  0.00532582  0.00645754    0.144826
 0.00532582   0.0788931  0.00351223  0.00104026
 0.00645754  0.00351223   0.0812482 0.000407787
   0.144826  0.00104026 0.000407787    0.414189
IMAGINARY
           0  -0.00273898  -0.00121692  -0.00190224
  0.00273898            0  0.000678996  -0.00136903
  0.00121692 -0.000678996            0  -0.00349771
  0.00190224   0.00136903   0.00349771            0
Repeater1[0]<--->EndNode1[0]
REAL
   0.435658  -0.0139158 -0.00118814    0.158273
 -0.0139158   0.0751654  0.00647699 -0.00894802
-0.00118814  0.00647699    0.078172  0.00196425
   0.158273 -0.00894802  0.00196425    0.411004
IMAGINARY
          0 -0.00315953  0.00164671  0.00531108
 0.00315953           0  0.00622739  0.00164671
-0.00164671 -0.00622739           0  0.00196192
-0.00531108 -0.00164671 -0.00196192           0
Repeater1[0]<--->HoM1[0]
REAL
    0.42567  0.00645754  0.00532582    0.144826
 0.00645754   0.0812482  0.00351223 0.000407787
 0.00532582  0.00351223   0.0788931  0.00104026
   0.144826 0.000407787  0.00104026    0.414189
IMAGINARY
           0  -0.00121692  -0.00273898  -0.00190224
  0.00121692            0 -0.000678996  -0.00349771
  0.00273898  0.000678996            0  -0.00136903
  0.00190224   0.00349771   0.00136903            0
EndNode1[0]<--->Repeater1[0]
REAL
  0.422005 0.00510204 0.00164994   0.153269
0.00510204  0.0791815 0.00159336  0.0004509
0.00164994 0.00159336  0.0735469 0.00960384
  0.153269  0.0004509 0.00960384   0.425267
IMAGINARY
           0  -0.00399655   -0.0146825  0.000347669
  0.00399655            0    0.0136488    -0.001466
   0.0146825   -0.0136488            0  -0.00460593
-0.000347669     0.001466   0.00460593            0
EndNode2[0]<--->HoM1[0]
REAL
   0.444379 -0.00162861  0.00166373    0.141402
-0.00162861   0.0733728  0.00599491  0.00317888
 0.00166373  0.00599491   0.0715976   0.0091952
   0.141402  0.00317888   0.0091952    0.410651
IMAGINARY
          0 -0.00224903   0.0018494 -0.00283453
 0.00224903           0  0.00840311 -0.00771054
 -0.0018494 -0.00840311           0 -0.00661782
 0.00283453  0.00771054  0.00661782           0
Repeater1[0]<--->EndNode1[0]
REAL
  0.422005 0.00164994 0.00510204   0.153269
0.00164994  0.0735469 0.00159336 0.00960384
0.00510204 0.00159336  0.0791815  0.0004509
  0.153269 0.00960384  0.0004509   0.425267
IMAGINARY
           0   -0.0146825  -0.00399655  0.000347669
   0.0146825            0   -0.0136488  -0.00460593
  0.00399655    0.0136488            0    -0.001466
-0.000347669   0.00460593     0.001466            0
Repeater1[0]<--->HoM1[0]
REAL
   0.444379  0.00166373 -0.00162861    0.141402
 0.00166373   0.0715976  0.00599491   0.0091952
-0.00162861  0.00599491   0.0733728  0.00317888
   0.141402   0.0091952  0.00317888    0.410651
IMAGINARY
          0   0.0018494 -0.00224903 -0.00283453
 -0.0018494           0 -0.00840311 -0.00661782
 0.00224903  0.00840311           0 -0.00771054
 0.00283453  0.00661782  0.00771054           0
EndNode1[0]<--->Repeater1[0]
REAL
    0.411356 -0.000686206  -0.00858238     0.154315
-0.000686206    0.0776201   -0.0104253    0.0109906
 -0.00858238   -0.0104253    0.0803383   0.00279337
    0.154315    0.0109906   0.00279337     0.430686
IMAGINARY
          0 -0.00371319 -0.00738448 -0.00043026
 0.00371319           0   0.0023946 -0.00371987
 0.00738448  -0.0023946           0 -0.00100235
 0.00043026  0.00371987  0.00100235           0
EndNode2[0]<--->HoM1[0]
REAL
   0.439112  0.00232846 -0.00113687    0.162317
 0.00232846   0.0821836  0.00424867   0.0032568
-0.00113687  0.00424867   0.0695861 9.43182e-05
   0.162317   0.0032568 9.43182e-05    0.409118
IMAGINARY
           0   0.00312088   -0.0115865 -0.000996094
 -0.00312088            0  -0.00310707  -0.00521014
   0.0115865   0.00310707            0    0.0136758
 0.000996094   0.00521014   -0.0136758            0
Repeater1[0]<--->EndNode1[0]
REAL
    0.411356  -0.00858238 -0.000686206     0.154315
 -0.00858238    0.0803383   -0.0104253   0.00279337
-0.000686206   -0.0104253    0.0776201    0.0109906
    0.154315   0.00279337    0.0109906     0.430686
IMAGINARY
          0 -0.00738448 -0.00371319 -0.00043026
 0.00738448           0  -0.0023946 -0.00100235
 0.00371319   0.0023946           0 -0.00371987
 0.00043026  0.00100235  0.00371987           0
Repeater1[0]<--->HoM1[0]
REAL
   0.439112 -0.00113687  0.00232846    0.162317
-0.00113687   0.0695861  0.00424867 9.43182e-05
 0.00232846  0.00424867   0.0821836   0.0032568
   0.162317 9.43182e-05   0.0032568    0.409118
IMAGINARY
           0   -0.0115865   0.00312088 -0.000996094
   0.0115865            0   0.00310707    0.0136758
 -0.00312088  -0.00310707            0  -0.00521014
 0.000996094   -0.0136758   0.00521014            0
EndNode1[0]<--->Repeater1[0]
REAL
   0.410693  0.00212627  -0.0108273    0.150269
 0.00212627   0.0905225  0.00319312  0.00130207
 -0.0108273  0.00319312   0.0744228 -0.00439418
   0.150269  0.00130207 -0.00439418    0.424362
IMAGINARY
          0 -0.00612977   0.0178366 -0.00437288
 0.00612977           0 -0.00544289  0.00464358
 -0.0178366  0.00544289           0 -0.00312677
 0.00437288 -0.00464358  0.00312677           0
EndNode2[0]<--->HoM1[0]
REAL
    0.410287 -0.000744311  0.000498227     0.146428
-0.000744311    0.0780502    0.0103997  -0.00347974
 0.000498227    0.0103997    0.0783493  -0.00432426
    0.146428  -0.00347974  -0.00432426     0.433313
IMAGINARY
          0  0.00301237  0.00609318  0.00504466
-0.00301237           0 -0.00564562  -0.0068617
-0.00609318  0.00564562           0 -0.00347348
-0.00504466   0.0068617  0.00347348           0
Repeater1[0]<--->EndNode1[0]
REAL
   0.410693  -0.0108273  0.00212627    0.150269
 -0.0108273   0.0744228  0.00319312 -0.00439418
 0.00212627  0.00319312   0.0905225  0.00130207
   0.150269 -0.00439418  0.00130207    0.424362
IMAGINARY
          0   0.0178366 -0.00612977 -0.00437288
 -0.0178366           0  0.00544289 -0.00312677
 0.00612977 -0.00544289           0  0.00464358
 0.00437288  0.00312677 -0.00464358           0
Repeater1[0]<--->HoM1[0]
REAL
    0.410287  0.000498227 -0.000744311     0.146428
 0.000498227    0.0783493    0.0103997  -0.00432426
-0.000744311    0.0103997    0.0780502  -0.00347974
    0.146428  -0.00432426  -0.00347974     0.433313
IMAGINARY
          0  0.00609318  0.00301237  0.00504466
-0.00609318           0  0.00564562 -0.00347348
-0.00301237 -0.00564562           0  -0.0068617
-0.00504466  0.00347348   0.0068617           0
EndNode1[0]<--->Repeater1[0]
REAL
    0.422383   0.00491824    0.0054995     0.148428
  0.00491824    0.0773165     0.006408   0.00174687
   0.0054995     0.006408    0.0803249 -0.000925335
    0.148428   0.00174687 -0.000925335     0.419976
IMAGINARY
          0  0.00308012  0.00917192 -0.00679568
-0.00308012           0 -0.00108311  0.00781035
-0.00917192  0.00108311           0 -0.00894125
 0.00679568 -0.00781035  0.00894125           0
EndNode2[0]<--->HoM1[0]
REAL
   0.422762 -0.00700595  0.00109558    0.146027
-0.00700595   0.0846737 -0.00556077  0.00368625
 0.00109558 -0.00556077   0.0886191 -0.00285657
   0.146027  0.00368625 -0.00285657    0.403945
IMAGINARY
           0  -0.00352428  -0.00535016    0.0126132
  0.00352428            0   0.00361103   0.00295352
  0.00535016  -0.00361103            0 -0.000969427
  -0.0126132  -0.00295352  0.000969427            0
Repeater1[0]<--->EndNode1[0]
REAL
    0.422383    0.0054995   0.00491824     0.148428
   0.0054995    0.0803249     0.006408 -0.000925335
  0.00491824     0.006408    0.0773165   0.00174687
    0.148428 -0.000925335   0.00174687     0.419976
IMAGINARY
          0  0.00917192  0.00308012 -0.00679568
-0.00917192           0  0.00108311 -0.00894125
-0.00308012 -0.00108311           0  0.00781035
 0.00679568  0.00894125 -0.00781035           0
Repeater1[0]<--->HoM1[0]
REAL
   0.422762  0.00109558 -0.00700595    0.146027
 0.00109558   0.0886191 -0.00556077 -0.00285657
-0.00700595 -0.00556077   0.0846737  0.00368625
   0.146027 -0.00285657  0.00368625    0.403945
IMAGINARY
           0  -0.00535016  -0.00352428    0.0126132
  0.00535016            0  -0.00361103 -0.000969427
  0.00352428   0.00361103            0   0.00295352
  -0.0126132  0.000969427  -0.00295352            0
EndNode1[0]<--->Repeater1[0]
REAL
    0.419404   -0.0100041 -0.000755069     0.162414
  -0.0100041    0.0821168  -0.00182211  0.000605681
-0.000755069  -0.00182211    0.0766423    0.0098547
    0.162414  0.000605681    0.0098547     0.421837
IMAGINARY
          0  0.00608531  0.00457721 -0.00799307
-0.00608531           0 -0.00476727  0.00712136
-0.00457721  0.00476727           0   0.0068287
 0.00799307 -0.00712136  -0.0068287           0
EndNode2[0]<--->HoM1[0]
REAL
   0.418626 -0.00582416 -0.00433715    0.149133
-0.00582416   0.0720313  0.00782866 -0.00359021
-0.00433715  0.00782866    0.074141  -0.0101747
   0.149133 -0.00359021  -0.0101747    0.435202
IMAGINARY
          0  0.00400571 -0.00264367 -0.00522515
-0.00400571           0 -0.00314305 -0.00158338
 0.00264367  0.00314305           0  0.00625999
 0.00522515  0.00158338 -0.00625999           0
Repeater1[0]<--->EndNode1[0]
REAL
    0.419404 -0.000755069   -0.0100041     0.162414
-0.000755069    0.0766423  -0.00182211    0.0098547
  -0.0100041  -0.00182211    0.0821168  0.000605681
    0.162414    0.0098547  0.000605681     0.421837
IMAGINARY
          0  0.00457721  0.00608531 -0.00799307
-0.00457721           0  0.00476727   0.0068287
-0.00608531 -0.00476727           0  0.00712136
 0.00799307  -0.0068287 -0.00712136           0
Repeater1[0]<--->HoM1[0]
REAL
   0.418626 -0.00433715 -0.00582416    0.149133
-0.00433715    0.074141  0.00782866  -0.0101747
-0.00582416  0.00782866   0.0720313 -0.00359021
   0.149133  -0.0101747 -0.00359021    0.435202
IMAGINARY
          0 -0.00264367  0.00400571 -0.00522515
 0.00264367           0  0.00314305  0.00625999
-0.00400571 -0.00314305           0 -0.00158338
 0.00522515 -0.00625999  0.00158338           0
EndNode1[0]<--->Repeater1[0]
REAL
    0.427105 -0.000813294    0.0163813     0.140813
-0.000813294    0.0754603    0.0147462   0.00194645
   0.0163813    0.0147462    0.0757621   0.00369121
    0.140813   0.00194645   0.00369121     0.421672
IMAGINARY
          0 -0.00208162  -0.0129771 -0.00322099
 0.00208162           0  0.00674968 -0.00305704
  0.0129771 -0.00674968           0   0.0013461
 0.00322099  0.00305704  -0.0013461           0
EndNode2[0]<--->HoM1[0]
REAL
    0.432206   0.00224685 -2.82004e-05     0.149327
  0.00224685    0.0841066   0.00534938  -0.00177036
-2.82004e-05   0.00534938    0.0685424   0.00374835
    0.149327  -0.00177036   0.00374835     0.415145
IMAGINARY
          0  0.00178145 -0.00130125   0.0017028
-0.00178145           0  0.00185381 -0.00269401
 0.00130125 -0.00185381           0  0.00546922
 -0.0017028  0.00269401 -0.00546922           0
Repeater1[0]<--->EndNode1[0]
REAL
    0.427105    0.0163813 -0.000813294     0.140813
   0.0163813    0.0757621    0.0147462   0.00369121
-0.000813294    0.0147462    0.0754603   0.00194645
    0.140813   0.00369121   0.00194645     0.421672
IMAGINARY
          0  -0.0129771 -0.00208162 -0.00322099
  0.0129771           0 -0.00674968   0.0013461
 0.00208162  0.00674968           0 -0.00305704
 0.00322099  -0.0013461  0.00305704           0
Repeater1[0]<--->HoM1[0]
REAL
    0.432206 -2.82004e-05   0.00224685     0.149327
-2.82004e-05    0.0685424   0.00534938   0.00374835
  0.00224685   0.00534938    0.0841066  -0.00177036
    0.149327   0.00374835  -0.00177036     0.415145
IMAGINARY
          0 -0.00130125  0.00178145   0.0017028
 0.00130125           0 -0.00185381  0.00546922
-0.00178145  0.00185381           0 -0.00269401
 -0.0017028 -0.00546922  0.00269401           0
EndNode1[0]<--->Repeater1[0]
REAL
   0.411209  0.00515206   0.0117091    0.155567
 0.00515206   0.0737463 -0.00970788  0.00382075
  0.0117091 -0.00970788    0.079646   0.0125093
   0.155567  0.00382075   0.0125093    0.435398
IMAGINARY
          0  -0.0015576  -0.0167232  0.00186837
  0.0015576           0 -0.00231573  0.00180674
  0.0167232  0.00231573           0 -0.00798894
-0.00186837 -0.00180674  0.00798894           0
EndNode2[0]<--->HoM1[0]
REAL
    0.422683  -0.00694248  -0.00975208     0.146144
 -0.00694248    0.0780474   0.00175998 -0.000128156
 -0.00975208   0.00175998     0.077755   0.00245146
    0.146144 -0.000128156   0.00245146     0.421514
IMAGINARY
          0  0.00322792   0.0051264 -0.00208099
-0.00322792           0  0.00632857  -0.0119015
 -0.0051264 -0.00632857           0 -0.00879853
 0.00208099   0.0119015  0.00879853           0
Repeater1[0]<--->EndNode1[0]
REAL
   0.411209   0.0117091  0.00515206    0.155567
  0.0117091    0.079646 -0.00970788   0.0125093
 0.00515206 -0.00970788   0.0737463  0.00382075
   0.155567   0.0125093  0.00382075    0.435398
IMAGINARY
          0  -0.0167232  -0.0015576  0.00186837
  0.0167232           0  0.00231573 -0.00798894
  0.0015576 -0.00231573           0  0.00180674
-0.00186837  0.00798894 -0.00180674           0
Repeater1[0]<--->HoM1[0]
REAL
    0.422683  -0.00975208  -0.00694248     0.146144
 -0.00975208     0.077755   0.00175998   0.00245146
 -0.00694248   0.00175998    0.0780474 -0.000128156
    0.146144   0.00245146 -0.000128156     0.421514
IMAGINARY
          0   0.0051264  0.00322792 -0.00208099
 -0.0051264           0 -0.00632857 -0.00879853
-0.00322792  0.00632857           0  -0.0119015
 0.00208099  0.00879853   0.0119015           0
EndNode1[0]<--->Repeater1[0]
REAL
    0.43774 -0.00546767  -0.0042034    0.157228
-0.00546767   0.0733511  0.00154242  0.00405348
 -0.0042034  0.00154242   0.0736469  -0.0156718
   0.157228  0.00405348  -0.0156718    0.415262
IMAGINARY
          0 -0.00988288 -0.00909798  0.00769823
 0.00988288           0  0.00229282  0.00767258
 0.00909798 -0.00229282           0  0.00845747
-0.00769823 -0.00767258 -0.00845747           0
EndNode2[0]<--->HoM1[0]
REAL
   0.421194  0.00537686 -0.00877268    0.160782
 0.00537686   0.0746269  0.00955099  0.00253011
-0.00877268  0.00955099   0.0797015 -0.00894405
   0.160782  0.00253011 -0.00894405    0.424478
IMAGINARY
          0 -0.00220813  0.00159349 -0.00599936
 0.00220813           0 -0.00199461 -0.00393816
-0.00159349  0.00199461           0 -0.00717053
 0.00599936  0.00393816  0.00717053           0
Repeater1[0]<--->EndNode1[0]
REAL
    0.43774  -0.0042034 -0.00546767    0.157228
 -0.0042034   0.0736469  0.00154242  -0.0156718
-0.00546767  0.00154242   0.0733511  0.00405348
   0.157228  -0.0156718  0.00405348    0.415262
IMAGINARY
          0 -0.00909798 -0.00988288  0.00769823
 0.00909798           0 -0.00229282  0.00845747
 0.00988288  0.00229282           0  0.00767258
-0.00769823 -0.00845747 -0.00767258           0
Repeater1[0]<--->HoM1[0]
REAL
   0.421194 -0.00877268  0.00537686    0.160782
-0.00877268   0.0797015  0.00955099 -0.00894405
 0.00537686  0.00955099   0.0746269  0.00253011
   0.160782 -0.00894405  0.00253011    0.424478
IMAGINARY
          0  0.00159349 -0.00220813 -0.00599936
-0.00159349           0  0.00199461 -0.00717053
 0.00220813 -0.00199461           0 -0.00393816
 0.00599936  0.00717053  0.00393816           0
EndNode1[0]<--->Repeater1[0]
REAL
    0.433519  0.000949764 -0.000530963     0.151725
 0.000949764    0.0780746  0.000513969   -0.0132004
-0.000530963  0.000513969    0.0727913  -0.00662141
    0.151725   -0.0132004  -0.00662141     0.415615
IMAGINARY
           0  2.07867e-05  0.000514188   0.00498158
-2.07867e-05            0  0.000700236   -0.0076022
-0.000514188 -0.000700236            0   -0.0109481
 -0.00498158    0.0076022    0.0109481            0
EndNode2[0]<--->HoM1[0]
REAL
   0.429487  -0.0050851 -0.00220382    0.145137
 -0.0050851   0.0668498  -0.0012222  -0.0104305
-0.00220382  -0.0012222   0.0763126 -0.00348301
   0.145137  -0.0104305 -0.00348301     0.42735
IMAGINARY
           0 -2.50686e-06   0.00570035  -0.00764354
 2.50686e-06            0  -0.00116569   0.00960426
 -0.00570035   0.00116569            0  -0.00460373
  0.00764354  -0.00960426   0.00460373            0
Repeater1[0]<--->EndNode1[0]
REAL
    0.433519 -0.000530963  0.000949764     0.151725
-0.000530963    0.0727913  0.000513969  -0.00662141
 0.000949764  0.000513969    0.0780746   -0.0132004
    0.151725  -0.00662141   -0.0132004     0.415615
IMAGINARY
           0  0.000514188  2.07867e-05   0.00498158
-0.000514188            0 -0.000700236   -0.0109481
-2.07867e-05  0.000700236            0   -0.0076022
 -0.00498158    0.0109481    0.0076022            0
Repeater1[0]<--->HoM1[0]
REAL
   0.429487 -0.00220382  -0.0050851    0.145137
-0.00220382   0.0763126  -0.0012222 -0.00348301
 -0.0050851  -0.0012222   0.0668498  -0.0104305
   0.145137 -0.00348301  -0.0104305     0.42735
IMAGINARY
           0   0.00570035 -2.50686e-06  -0.00764354
 -0.00570035            0   0.00116569  -0.00460373
 2.50686e-06  -0.00116569            0   0.00960426
  0.00764354   0.00460373  -0.00960426            0
EndNode1[0]<--->Repeater1[0]
REAL
   0.429838  0.00737818 -0.00962141    0.154104
 0.00737818   0.0717873  -0.0040591   0.0127755
-0.00962141  -0.0040591   0.0732644 0.000281783
   0.154104   0.0127755 0.000281783    0.425111
IMAGINARY
          0 -0.00427153 -0.00723315 -0.00403192
 0.00427153           0  0.00130299 -0.00387129
 0.00723315 -0.00130299           0 -0.00473207
 0.00403192  0.00387129  0.00473207           0
EndNode2[0]<--->HoM1[0]
REAL
   0.440533 -0.00186873 -0.00168765    0.140935
-0.00186873   0.0745562  0.00137573 -0.00243953
-0.00168765  0.00137573   0.0775148 0.000798724
   0.140935 -0.00243953 0.000798724    0.407396
IMAGINARY
           0    0.0155425 -1.73547e-06    0.0139757
  -0.0155425            0    0.0101867 -0.000151123
 1.73547e-06   -0.0101867            0   0.00631628
  -0.0139757  0.000151123  -0.00631628            0
Repeater1[0]<--->EndNode1[0]
REAL
   0.429838 -0.00962141  0.00737818    0.154104
-0.00962141   0.0732644  -0.0040591 0.000281783
 0.00737818  -0.0040591   0.0717873   0.0127755
   0.154104 0.000281783   0.0127755    0.425111
IMAGINARY
          0 -0.00723315 -0.00427153 -0.00403192
 0.00723315           0 -0.00130299 -0.00473207
 0.00427153  0.00130299           0 -0.00387129
 0.00403192  0.00473207  0.00387129           0
Repeater1[0]<--->HoM1[0]
REAL
   0.440533 -0.00168765 -0.00186873    0.140935
-0.00168765   0.0775148  0.00137573 0.000798724
-0.00186873  0.00137573   0.0745562 -0.00243953
   0.140935 0.000798724 -0.00243953    0.407396
IMAGINARY
           0 -1.73547e-06    0.0155425    0.0139757
 1.73547e-06            0   -0.0101867   0.00631628
  -0.0155425    0.0101867            0 -0.000151123
  -0.0139757  -0.00631628  0.000151123            0
EndNode1[0]<--->Repeater1[0]
REAL
   0.421583 -0.00190607  0.00120622    0.151521
-0.00190607   0.0774101   0.0148326  -0.0129433
 0.00120622   0.0148326   0.0823022   0.0095743
   0.151521  -0.0129433   0.0095743    0.418705
IMAGINARY
          0  -0.0108057   0.0103223 -0.00405633
  0.0108057           0  0.00658835 -0.00377081
 -0.0103223 -0.00658835           0 -0.00289291
 0.00405633  0.00377081  0.00289291           0
EndNode2[0]<--->HoM1[0]
REAL
   0.414599 -0.00531209 -0.00422222    0.152091
-0.00531209   0.0820438  0.00315472  0.00422222
-0.00422222  0.00315472   0.0791241  0.00804102
   0.152091  0.00422222  0.00804102    0.424234
IMAGINARY
          0  -0.0154616   0.0122745  0.00930693
  0.0154616           0  0.00824793  0.00486494
 -0.0122745 -0.00824793           0  -0.0140892
-0.00930693 -0.00486494   0.0140892           0
Repeater1[0]<--->EndNode1[0]
REAL
   0.421583  0.00120622 -0.00190607    0.151521
 0.00120622   0.0823022   0.0148326   0.0095743
-0.00190607   0.0148326   0.0774101  -0.0129433
   0.151521   0.0095743  -0.0129433    0.418705
IMAGINARY
          0   0.0103223  -0.0108057 -0.00405633
 -0.0103223           0 -0.00658835 -0.00289291
  0.0108057  0.00658835           0 -0.00377081
 0.00405633  0.00289291  0.00377081           0
Repeater1[0]<--->HoM1[0]
REAL
   0.414599 -0.00422222 -0.00531209    0.152091
-0.00422222   0.0791241  0.00315472  0.00804102
-0.00531209  0.00315472   0.0820438  0.00422222
   0.152091  0.00804102  0.00422222    0.424234
IMAGINARY
          0   0.0122745  -0.0154616  0.00930693
 -0.0122745           0 -0.00824793  -0.0140892
  0.0154616  0.00824793           0  0.00486494
-0.00930693   0.0140892 -0.00486494           0
EndNode1[0]<--->Repeater1[0]
REAL
   0.432695 -0.00520221 -0.00650752    0.155663
-0.00520221   0.0810015  0.00492105  -0.0120448
-0.00650752  0.00492105   0.0751105  0.00124844
   0.155663  -0.0120448  0.00124844    0.411193
IMAGINARY
          0 -0.00302867 -0.00282387 -0.00586671
 0.00302867           0  0.00541828 -0.00133044
 0.00282387 -0.00541828           0 -0.00379625
 0.00586671  0.00133044  0.00379625           0
EndNode2[0]<--->HoM1[0]
REAL
    0.43167  0.00711352  0.00635531    0.155379
 0.00711352   0.0745692 -0.00150956 -0.00666244
 0.00635531 -0.00150956   0.0748663  0.00517149
   0.155379 -0.00666244  0.00517149    0.418895
IMAGINARY
          0  0.00956347 -0.00977967  0.00738331
-0.00956347           0   0.0064591 -0.00340552
 0.00977967  -0.0064591           0 -0.00111902
-0.00738331  0.00340552  0.00111902           0
Repeater1[0]<--->EndNode1[0]
REAL
   0.432695 -0.00650752 -0.00520221    0.155663
-0.00650752   0.0751105  0.00492105  0.00124844
-0.00520221  0.00492105   0.0810015  -0.0120448
   0.155663  0.00124844  -0.0120448    0.411193
IMAGINARY
          0 -0.00282387 -0.00302867 -0.00586671
 0.00282387           0 -0.00541828 -0.00379625
 0.00302867  0.00541828           0 -0.00133044
 0.00586671  0.00379625  0.00133044           0
Repeater1[0]<--->HoM1[0]
REAL
    0.43167  0.00635531  0.00711352    0.155379
 0.00635531   0.0748663 -0.00150956  0.00517149
 0.00711352 -0.00150956   0.0745692 -0.00666244
   0.155379  0.00517149 -0.00666244    0.418895
IMAGINARY
          0 -0.00977967  0.00956347  0.00738331
 0.00977967           0  -0.0064591 -0.00111902
-0.00956347   0.0064591           0 -0.00340552
-0.00738331  0.00111902  0.00340552           0
EndNode1[0]<--->Repeater1[0]
REAL
   0.426009 -0.00247624   0.0113694    0.160667
-0.00247624   0.0750374 0.000516917  0.00178853
  0.0113694 0.000516917   0.0726457 -0.00619601
   0.160667  0.00178853 -0.00619601    0.426308
IMAGINARY
           0   0.00427939  -0.00226313  0.000222883
 -0.00427939            0 -0.000222883  -0.00330078
  0.00226313  0.000222883            0  -0.00412902
-0.000222883   0.00330078   0.00412902            0
EndNode2[0]<--->HoM1[0]
REAL
    0.41639  0.00177885   0.0102671    0.164242
 0.00177885   0.0768304 -0.00828984 -0.00104094
  0.0102671 -0.00828984   0.0750226  0.00387591
   0.164242 -0.00104094  0.00387591    0.431757
IMAGINARY
           0  -0.00438876  -0.00796003   0.00456448
  0.00438876            0  0.000105505  -0.00471519
  0.00796003 -0.000105505            0  -0.00261989
 -0.00456448   0.00471519   0.00261989            0
Repeater1[0]<--->EndNode1[0]
REAL
   0.426009   0.0113694 -0.00247624    0.160667
  0.0113694   0.0726457 0.000516917 -0.00619601
-0.00247624 0.000516917   0.0750374  0.00178853
   0.160667 -0.00619601  0.00178853    0.426308
IMAGINARY
           0  -0.00226313   0.00427939  0.000222883
  0.00226313            0  0.000222883  -0.00412902
 -0.00427939 -0.000222883            0  -0.00330078
-0.000222883   0.00412902   0.00330078            0
Repeater1[0]<--->HoM1[0]
REAL
    0.41639   0.0102671  0.00177885    0.164242
  0.0102671   0.0750226 -0.00828984  0.00387591
 0.00177885 -0.00828984   0.0768304 -0.00104094
   0.164242  0.00387591 -0.00104094    0.431757
IMAGINARY
           0  -0.00796003  -0.00438876   0.00456448
  0.00796003            0 -0.000105505  -0.00261989
  0.00438876  0.000105505            0  -0.00471519
 -0.00456448   0.00261989   0.00471519            0
EndNode1[0]<--->Repeater1[0]
REAL
    0.416987    0.0069278     0.013049     0.150714
   0.0069278    0.0674756 -0.000166472   0.00671987
    0.013049 -0.000166472    0.0739864    0.0192279
    0.150714   0.00671987    0.0192279     0.441551
IMAGINARY
          0 -0.00265741  0.00362553  0.00911164
 0.00265741           0  0.00599499 -0.00787568
-0.00362553 -0.00599499           0 -0.00280707
-0.00911164  0.00787568  0.00280707           0
EndNode2[0]<--->HoM1[0]
REAL
   0.412958 0.000236151 -0.00880086    0.166999
0.000236151   0.0838632 -0.00988189 -0.00209141
-0.00880086 -0.00988189   0.0784136 -0.00307113
   0.166999 -0.00209141 -0.00307113    0.424765
IMAGINARY
           0   0.00285516 -0.000576949   0.00370161
 -0.00285516            0   -0.0101873   0.00725171
 0.000576949    0.0101873            0 -0.000124578
 -0.00370161  -0.00725171  0.000124578            0
Repeater1[0]<--->EndNode1[0]
REAL
    0.416987     0.013049    0.0069278     0.150714
    0.013049    0.0739864 -0.000166472    0.0192279
   0.0069278 -0.000166472    0.0674756   0.00671987
    0.150714    0.0192279   0.00671987     0.441551
IMAGINARY
          0  0.00362553 -0.00265741  0.00911164
-0.00362553           0 -0.00599499 -0.00280707
 0.00265741  0.00599499           0 -0.00787568
-0.00911164  0.00280707  0.00787568           0
Repeater1[0]<--->HoM1[0]
REAL
   0.412958 -0.00880086 0.000236151    0.166999
-0.00880086   0.0784136 -0.00988189 -0.00307113
0.000236151 -0.00988189   0.0838632 -0.00209141
   0.166999 -0.00307113 -0.00209141    0.424765
IMAGINARY
           0 -0.000576949   0.00285516   0.00370161
 0.000576949            0    0.0101873 -0.000124578
 -0.00285516   -0.0101873            0   0.00725171
 -0.00370161  0.000124578  -0.00725171            0
EndNode1[0]<--->Repeater1[0]
REAL
   0.423484 -0.00149897  0.00363479     0.14606
-0.00149897   0.0726898 -0.00142199 -0.00889162
 0.00363479 -0.00142199   0.0706298 -0.00646138
    0.14606 -0.00889162 -0.00646138    0.433196
IMAGINARY
           0  -0.00400001  -0.00258209 -0.000823592
  0.00400001            0   0.00171751   -0.0100078
  0.00258209  -0.00171751            0   0.00639809
 0.000823592    0.0100078  -0.00639809            0
EndNode2[0]<--->HoM1[0]
REAL
   0.410827   0.0017276  0.00350177    0.155466
  0.0017276    0.078797 4.97995e-05 0.000416255
 0.00350177 4.97995e-05   0.0875188  0.00610844
   0.155466 0.000416255  0.00610844    0.422857
IMAGINARY
           0  -0.00243799  -0.00510958  -0.00573932
  0.00243799            0   0.00201261    -0.012227
  0.00510958  -0.00201261            0 -0.000783856
  0.00573932     0.012227  0.000783856            0
Repeater1[0]<--->EndNode1[0]
REAL
   0.423484  0.00363479 -0.00149897     0.14606
 0.00363479   0.0706298 -0.00142199 -0.00646138
-0.00149897 -0.00142199   0.0726898 -0.00889162
    0.14606 -0.00646138 -0.00889162    0.433196
IMAGINARY
           0  -0.00258209  -0.00400001 -0.000823592
  0.00258209            0  -0.00171751   0.00639809
  0.00400001   0.00171751            0   -0.0100078
 0.000823592  -0.00639809    0.0100078            0
Repeater1[0]<--->HoM1[0]
REAL
   0.410827  0.00350177   0.0017276    0.155466
 0.00350177   0.0875188 4.97995e-05  0.00610844
  0.0017276 4.97995e-05    0.078797 0.000416255
   0.155466  0.00610844 0.000416255    0.422857
IMAGINARY
           0  -0.00510958  -0.00243799  -0.00573932
  0.00510958            0  -0.00201261 -0.000783856
  0.00243799   0.00201261            0    -0.012227
  0.00573932  0.000783856     0.012227            0
EndNode1[0]<--->Repeater1[0]
REAL
    0.42955 -0.00733495 -0.00480721    0.149013
-0.00733495   0.0714924  0.00225403   0.0112156
-0.00480721  0.00225403   0.0744713  0.00122467
   0.149013   0.0112156  0.00122467    0.424486
IMAGINARY
           0   0.00289951  -0.00992685 -0.000593736
 -0.00289951            0  -0.00271752  -0.00447891
  0.00992685   0.00271752            0    0.0100057
 0.000593736   0.00447891   -0.0100057            0
EndNode2[0]<--->HoM1[0]
REAL
   0.435719  -0.0103637  0.00186685      0.1512
 -0.0103637   0.0733778 -0.00333415 -0.00977494
 0.00186685 -0.00333415   0.0718617 -0.00649695
     0.1512 -0.00977494 -0.00649695    0.419042
IMAGINARY
          0 -0.00126402  0.00213469  0.00310826
 0.00126402           0  0.00401079  0.00920183
-0.00213469 -0.00401079           0  0.00424731
-0.00310826 -0.00920183 -0.00424731           0
Repeater1[0]<--->EndNode1[0]
REAL
    0.42955 -0.00480721 -0.00733495    0.149013
-0.00480721   0.0744713  0.00225403  0.00122467
-0.00733495  0.00225403   0.0714924   0.0112156
   0.149013  0.00122467   0.0112156    0.424486
IMAGINARY
           0  -0.00992685   0.00289951 -0.000593736
  0.00992685            0   0.00271752    0.0100057
 -0.00289951  -0.00271752            0  -0.00447891
 0.000593736   -0.0100057   0.00447891            0
Repeater1[0]<--->HoM1[0]
REAL
   0.435719  0.00186685  -0.0103637      0.1512
 0.00186685   0.0718617 -0.00333415 -0.00649695
 -0.0103637 -0.00333415   0.0733778 -0.00977494
     0.1512 -0.00649695 -0.00977494    0.419042
IMAGINARY
          0  0.00213469 -0.00126402  0.00310826
-0.00213469           0 -0.00401079  0.00424731
 0.00126402  0.00401079           0  0.00920183
