EndNode1[0]<--->Repeater1[0]
REAL
   0.347826  0.00394629 -0.00361553    0.106005
 0.00394629    0.163949  0.00497189 -0.00482838
-0.00361553  0.00497189    0.164855 0.000878803
   0.106005 -0.00482838 0.000878803     0.32337
IMAGINARY
           0  -0.00175251  9.14825e-05   0.00997651
  0.00175251            0    -0.003834   0.00851931
-9.14825e-05     0.003834            0   0.00175251
 -0.00997651  -0.00851931  -0.00175251            0
EndNode2[0]<--->HoM1[0]
REAL
   0.333333 -0.00223151 -0.00702287    0.102159
-0.00223151    0.159846  0.00378404 -0.00144667
-0.00702287  0.00378404    0.163701   0.0104039
   0.102159 -0.00144667   0.0104039     0.34312
IMAGINARY
           0   0.00278186   0.00461736  0.000165604
 -0.00278186            0   0.00163188   0.00200117
 -0.00461736  -0.00163188            0  -0.00488776
-0.000165604  -0.00200117   0.00488776            0
Repeater1[0]<--->EndNode1[0]
REAL
   0.347826 -0.00361553  0.00394629    0.106005
-0.00361553    0.164855  0.00497189 0.000878803
 0.00394629  0.00497189    0.163949 -0.00482838
   0.106005 0.000878803 -0.00482838     0.32337
IMAGINARY
           0  9.14825e-05  -0.00175251   0.00997651
-9.14825e-05            0     0.003834   0.00175251
  0.00175251    -0.003834            0   0.00851931
 -0.00997651  -0.00175251  -0.00851931            0
Repeater1[0]<--->HoM1[0]
REAL
   0.333333 -0.00702287 -0.00223151    0.102159
-0.00702287    0.163701  0.00378404   0.0104039
-0.00223151  0.00378404    0.159846 -0.00144667
   0.102159   0.0104039 -0.00144667     0.34312
IMAGINARY
           0   0.00461736   0.00278186  0.000165604
 -0.00461736            0  -0.00163188  -0.00488776
 -0.00278186   0.00163188            0   0.00200117
-0.000165604   0.00488776  -0.00200117            0
EndNode1[0]<--->Repeater1[0]
REAL
    0.34761 -0.00416045 -0.00332909   0.0943886
-0.00416045    0.158908  0.00253362 -0.00806481
-0.00332909  0.00253362    0.162632 -0.00249832
  0.0943886 -0.00806481 -0.00249832     0.33085
IMAGINARY
          0 -0.00726329  0.00282402  0.00306329
 0.00726329           0 -0.00873832 -0.00133769
-0.00282402  0.00873832           0 -0.00284373
-0.00306329  0.00133769  0.00284373           0
EndNode2[0]<--->HoM1[0]
REAL
    0.33664  -0.0100328    0.005373    0.106876
 -0.0100328      0.1581  0.00588499 -0.00404986
   0.005373  0.00588499    0.159002 -0.00128736
   0.106876 -0.00404986 -0.00128736    0.346258
IMAGINARY
          0   -0.010945   0.0109144 -0.00622337
   0.010945           0 -0.00487404 -0.00872845
 -0.0109144  0.00487404           0 -0.00843713
 0.00622337  0.00872845  0.00843713           0
Repeater1[0]<--->EndNode1[0]
REAL
    0.34761 -0.00332909 -0.00416045   0.0943886
-0.00332909    0.162632  0.00253362 -0.00249832
-0.00416045  0.00253362    0.158908 -0.00806481
  0.0943886 -0.00249832 -0.00806481     0.33085
IMAGINARY
          0  0.00282402 -0.00726329  0.00306329
-0.00282402           0  0.00873832 -0.00284373
 0.00726329 -0.00873832           0 -0.00133769
-0.00306329  0.00284373  0.00133769           0
Repeater1[0]<--->HoM1[0]
REAL
    0.33664    0.005373  -0.0100328    0.106876
   0.005373    0.159002  0.00588499 -0.00128736
 -0.0100328  0.00588499      0.1581 -0.00404986
   0.106876 -0.00128736 -0.00404986    0.346258
IMAGINARY
          0   0.0109144   -0.010945 -0.00622337
 -0.0109144           0  0.00487404 -0.00843713
   0.010945 -0.00487404           0 -0.00872845
 0.00622337  0.00843713  0.00872845           0
EndNode1[0]<--->Repeater1[0]
REAL
   0.345531 -0.00251111   0.0107522    0.104017
-0.00251111    0.159268    0.014607 -0.00393137
  0.0107522    0.014607    0.158068  0.00399391
   0.104017 -0.00393137  0.00399391    0.337133
IMAGINARY
          0 -0.00599309 -0.00753684   0.0162623
 0.00599309           0  -0.0147617  0.00254441
 0.00753684   0.0147617           0   0.0100778
 -0.0162623 -0.00254441  -0.0100778           0
EndNode2[0]<--->HoM1[0]
REAL
   0.336291 -0.00448167   0.0188358    0.111482
-0.00448167    0.165851 -0.00121689  -0.0103309
  0.0188358 -0.00121689    0.155447   0.0135834
   0.111482  -0.0103309   0.0135834    0.342411
IMAGINARY
           0   -0.0103994  -0.00910654  -0.00957248
   0.0103994            0   0.00455181   0.00624767
  0.00910654  -0.00455181            0 -0.000885621
  0.00957248  -0.00624767  0.000885621            0
Repeater1[0]<--->EndNode1[0]
REAL
   0.345531   0.0107522 -0.00251111    0.104017
  0.0107522    0.158068    0.014607  0.00399391
-0.00251111    0.014607    0.159268 -0.00393137
   0.104017  0.00399391 -0.00393137    0.337133
IMAGINARY
          0 -0.00753684 -0.00599309   0.0162623
 0.00753684           0   0.0147617   0.0100778
 0.00599309  -0.0147617           0  0.00254441
 -0.0162623  -0.0100778 -0.00254441           0
Repeater1[0]<--->HoM1[0]
REAL
   0.336291   0.0188358 -0.00448167    0.111482
  0.0188358    0.155447 -0.00121689   0.0135834
-0.00448167 -0.00121689    0.165851  -0.0103309
   0.111482   0.0135834  -0.0103309    0.342411
IMAGINARY
           0  -0.00910654   -0.0103994  -0.00957248
  0.00910654            0  -0.00455181 -0.000885621
   0.0103994   0.00455181            0   0.00624767
  0.00957248  0.000885621  -0.00624767            0
EndNode1[0]<--->Repeater1[0]
REAL
    0.343645   0.00594648   0.00170494     0.114093
  0.00594648     0.154364 -1.64442e-05   0.00885224
  0.00170494 -1.64442e-05     0.161409  0.000505129
    0.114093   0.00885224  0.000505129     0.340582
IMAGINARY
           0  -0.00377876   0.00107098   0.00265673
  0.00377876            0 -0.000567182   0.00631521
 -0.00107098  0.000567182            0  -0.00481334
 -0.00265673  -0.00631521   0.00481334            0
EndNode2[0]<--->HoM1[0]
REAL
    0.34142  0.00416411 -0.00138623   0.0993022
 0.00416411    0.162624  0.00495693 -0.00881786
-0.00138623  0.00495693    0.155136 -0.00372045
  0.0993022 -0.00881786 -0.00372045    0.340821
IMAGINARY
          0  -0.0067816  0.00427433  0.00373748
  0.0067816           0  0.00776373  0.00286852
-0.00427433 -0.00776373           0 -0.00363506
-0.00373748 -0.00286852  0.00363506           0
Repeater1[0]<--->EndNode1[0]
REAL
    0.343645   0.00170494   0.00594648     0.114093
  0.00170494     0.161409 -1.64442e-05  0.000505129
  0.00594648 -1.64442e-05     0.154364   0.00885224
    0.114093  0.000505129   0.00885224     0.340582
IMAGINARY
           0   0.00107098  -0.00377876   0.00265673
 -0.00107098            0  0.000567182  -0.00481334
  0.00377876 -0.000567182            0   0.00631521
 -0.00265673   0.00481334  -0.00631521            0
Repeater1[0]<--->HoM1[0]
REAL
    0.34142 -0.00138623  0.00416411   0.0993022
-0.00138623    0.155136  0.00495693 -0.00372045
 0.00416411  0.00495693    0.162624 -0.00881786
  0.0993022 -0.00372045 -0.00881786    0.340821
IMAGINARY
          0  0.00427433  -0.0067816  0.00373748
-0.00427433           0 -0.00776373 -0.00363506
  0.0067816  0.00776373           0  0.00286852
-0.00373748  0.00363506 -0.00286852           0
EndNode1[0]<--->Repeater1[0]
REAL
   0.325319 -0.00764632 -0.00188834    0.105827
-0.00764632    0.168002 -0.00109219  0.00952993
-0.00188834 -0.00109219    0.160285 -0.00239264
   0.105827  0.00952993 -0.00239264    0.346394
IMAGINARY
           0  -0.00363197  -0.00050853   0.00347947
  0.00363197            0   -0.0046735  -0.00351772
  0.00050853    0.0046735            0 -0.000692519
 -0.00347947   0.00351772  0.000692519            0
EndNode2[0]<--->HoM1[0]
REAL
   0.335379  0.00650314  0.00411991    0.109528
 0.00650314     0.15649   0.0015499 -0.00263887
 0.00411991   0.0015499    0.163854 -0.00946522
   0.109528 -0.00263887 -0.00946522    0.344277
IMAGINARY
          0 -0.00537584  -0.0153458 -0.00646828
 0.00537584           0  -0.0075305   0.0027483
  0.0153458   0.0075305           0 -0.00272254
 0.00646828  -0.0027483  0.00272254           0
Repeater1[0]<--->EndNode1[0]
REAL
   0.325319 -0.00188834 -0.00764632    0.105827
-0.00188834    0.160285 -0.00109219 -0.00239264
-0.00764632 -0.00109219    0.168002  0.00952993
   0.105827 -0.00239264  0.00952993    0.346394
IMAGINARY
           0  -0.00050853  -0.00363197   0.00347947
  0.00050853            0    0.0046735 -0.000692519
  0.00363197   -0.0046735            0  -0.00351772
 -0.00347947  0.000692519   0.00351772            0
Repeater1[0]<--->HoM1[0]
REAL
   0.335379  0.00411991  0.00650314    0.109528
 0.00411991    0.163854   0.0015499 -0.00946522
 0.00650314   0.0015499     0.15649 -0.00263887
   0.109528 -0.00946522 -0.00263887    0.344277
IMAGINARY
          0  -0.0153458 -0.00537584 -0.00646828
  0.0153458           0   0.0075305 -0.00272254
 0.00537584  -0.0075305           0   0.0027483
 0.00646828  0.00272254  -0.0027483           0
EndNode1[0]<--->Repeater1[0]
REAL
   0.341672  0.00539172 -0.00792189    0.101154
 0.00539172    0.164509  0.00260896 -0.00471774
-0.00792189  0.00260896    0.164509 -0.00568567
   0.101154 -0.00471774 -0.00568567    0.329311
IMAGINARY
          0  0.00165545  0.00894225  0.00531847
-0.00165545           0  0.00278645  0.00682488
-0.00894225 -0.00278645           0  0.00501526
-0.00531847 -0.00682488 -0.00501526           0
EndNode2[0]<--->HoM1[0]
REAL
    0.339165 -0.000340132  -0.00302454     0.107047
-0.000340132     0.160221 -0.000790805   0.00839099
 -0.00302454 -0.000790805     0.163904   0.00202673
    0.107047   0.00839099   0.00202673      0.33671
IMAGINARY
           0   0.00743419  0.000706396     0.002631
 -0.00743419            0  -0.00712155   0.00607027
-0.000706396   0.00712155            0  -0.00389854
   -0.002631  -0.00607027   0.00389854            0
Repeater1[0]<--->EndNode1[0]
REAL
   0.341672 -0.00792189  0.00539172    0.101154
-0.00792189    0.164509  0.00260896 -0.00568567
 0.00539172  0.00260896    0.164509 -0.00471774
   0.101154 -0.00568567 -0.00471774    0.329311
IMAGINARY
          0  0.00894225  0.00165545  0.00531847
-0.00894225           0 -0.00278645  0.00501526
-0.00165545  0.00278645           0  0.00682488
-0.00531847 -0.00501526 -0.00682488           0
Repeater1[0]<--->HoM1[0]
REAL
    0.339165  -0.00302454 -0.000340132     0.107047
 -0.00302454     0.163904 -0.000790805   0.00202673
-0.000340132 -0.000790805     0.160221   0.00839099
    0.107047   0.00202673   0.00839099      0.33671
IMAGINARY
           0  0.000706396   0.00743419     0.002631
-0.000706396            0   0.00712155  -0.00389854
 -0.00743419  -0.00712155            0   0.00607027
   -0.002631   0.00389854  -0.00607027            0
EndNode1[0]<--->Repeater1[0]
REAL
   0.330141 -0.00280431  0.00148578    0.114792
-0.00280431    0.171506 0.000455339  0.00417235
 0.00148578 0.000455339    0.150254  0.00846244
   0.114792  0.00417235  0.00846244    0.348099
IMAGINARY
           0   -0.0155021  -0.00650819    0.0177262
   0.0155021            0  0.000548251 -0.000897026
  0.00650819 -0.000548251            0  0.000987885
  -0.0177262  0.000897026 -0.000987885            0
EndNode2[0]<--->HoM1[0]
REAL
     0.32864   0.00135465 -0.000248274     0.107823
  0.00135465     0.160575   0.00073293  -0.00517218
-0.000248274   0.00073293      0.17136  -0.00618911
    0.107823  -0.00517218  -0.00618911     0.339425
IMAGINARY
           0   -0.0066078  -0.00181949   0.00112606
   0.0066078            0 -0.000227321  0.000479008
  0.00181949  0.000227321            0 -9.46175e-05
 -0.00112606 -0.000479008  9.46175e-05            0
Repeater1[0]<--->EndNode1[0]
REAL
   0.330141  0.00148578 -0.00280431    0.114792
 0.00148578    0.150254 0.000455339  0.00846244
-0.00280431 0.000455339    0.171506  0.00417235
   0.114792  0.00846244  0.00417235    0.348099
IMAGINARY
           0  -0.00650819   -0.0155021    0.0177262
  0.00650819            0 -0.000548251  0.000987885
   0.0155021  0.000548251            0 -0.000897026
  -0.0177262 -0.000987885  0.000897026            0
Repeater1[0]<--->HoM1[0]
REAL
     0.32864 -0.000248274   0.00135465     0.107823
-0.000248274      0.17136   0.00073293  -0.00618911
  0.00135465   0.00073293     0.160575  -0.00517218
    0.107823  -0.00618911  -0.00517218     0.339425
IMAGINARY
           0  -0.00181949   -0.0066078   0.00112606
  0.00181949            0  0.000227321 -9.46175e-05
   0.0066078 -0.000227321            0  0.000479008
 -0.00112606  9.46175e-05 -0.000479008            0
EndNode1[0]<--->Repeater1[0]
REAL
   0.335395 -0.00113471  0.00569155    0.106908
-0.00113471    0.165194  0.00276589  0.00509095
 0.00569155  0.00276589    0.161661  0.00606385
   0.106908  0.00509095  0.00606385     0.33775
IMAGINARY
          0 -0.00533075  0.00302467  0.00452517
 0.00533075           0  0.00306232  0.00657917
-0.00302467 -0.00306232           0 -0.00877489
-0.00452517 -0.00657917  0.00877489           0
EndNode2[0]<--->HoM1[0]
REAL
   0.336525 -0.00822666 -0.00682987    0.100371
-0.00822666    0.164491  0.00388992  0.00247944
-0.00682987  0.00388992    0.158689  -0.0108252
   0.100371  0.00247944  -0.0108252    0.340296
IMAGINARY
          0  0.00509111 -0.00218679  0.00349976
-0.00509111           0  -0.0158473  0.00279359
 0.00218679   0.0158473           0  0.00643801
-0.00349976 -0.00279359 -0.00643801           0
Repeater1[0]<--->EndNode1[0]
REAL
   0.335395  0.00569155 -0.00113471    0.106908
 0.00569155    0.161661  0.00276589  0.00606385
-0.00113471  0.00276589    0.165194  0.00509095
   0.106908  0.00606385  0.00509095     0.33775
IMAGINARY
          0  0.00302467 -0.00533075  0.00452517
-0.00302467           0 -0.00306232 -0.00877489
 0.00533075  0.00306232           0  0.00657917
-0.00452517  0.00877489 -0.00657917           0
Repeater1[0]<--->HoM1[0]
REAL
   0.336525 -0.00682987 -0.00822666    0.100371
-0.00682987    0.158689  0.00388992  -0.0108252
-0.00822666  0.00388992    0.164491  0.00247944
   0.100371  -0.0108252  0.00247944    0.340296
IMAGINARY
          0 -0.00218679  0.00509111  0.00349976
 0.00218679           0   0.0158473  0.00643801
-0.00509111  -0.0158473           0  0.00279359
-0.00349976 -0.00643801 -0.00279359           0
EndNode1[0]<--->Repeater1[0]
REAL
      0.3299 -7.33969e-06 -0.000549139     0.111141
-7.33969e-06     0.170554    0.0110816   0.00188247
-0.000549139    0.0110816     0.155407  -0.00310377
    0.111141   0.00188247  -0.00310377     0.344138
IMAGINARY
           0  -0.00850565  0.000365293  -0.00515987
  0.00850565            0  -0.00383517  -0.00465143
-0.000365293   0.00383517            0  -0.00701312
  0.00515987   0.00465143   0.00701312            0
EndNode2[0]<--->HoM1[0]
REAL
   0.341953  0.00285744 0.000987004    0.102469
 0.00285744    0.164892 -0.00317365  0.00694484
0.000987004 -0.00317365      0.1655  0.00507441
   0.102469  0.00694484  0.00507441    0.327654
IMAGINARY
          0  0.00149077 -0.00322269  0.00583488
-0.00149077           0 -0.00508345 -0.00217947
 0.00322269  0.00508345           0  0.00331115
-0.00583488  0.00217947 -0.00331115           0
Repeater1[0]<--->EndNode1[0]
REAL
      0.3299 -0.000549139 -7.33969e-06     0.111141
-0.000549139     0.155407    0.0110816  -0.00310377
-7.33969e-06    0.0110816     0.170554   0.00188247
    0.111141  -0.00310377   0.00188247     0.344138
IMAGINARY
           0  0.000365293  -0.00850565  -0.00515987
-0.000365293            0   0.00383517  -0.00701312
  0.00850565  -0.00383517            0  -0.00465143
  0.00515987   0.00701312   0.00465143            0
Repeater1[0]<--->HoM1[0]
REAL
   0.341953 0.000987004  0.00285744    0.102469
0.000987004      0.1655 -0.00317365  0.00507441
 0.00285744 -0.00317365    0.164892  0.00694484
   0.102469  0.00507441  0.00694484    0.327654
IMAGINARY
          0 -0.00322269  0.00149077  0.00583488
 0.00322269           0  0.00508345  0.00331115
-0.00149077 -0.00508345           0 -0.00217947
-0.00583488 -0.00331115  0.00217947           0
EndNode1[0]<--->Repeater1[0]
REAL
    0.349409   0.00661462   0.00184593     0.102103
  0.00661462     0.162572 -0.000842735    0.0127055
  0.00184593 -0.000842735     0.163179   -0.0013641
    0.102103    0.0127055   -0.0013641     0.324841
IMAGINARY
           0   0.00290003  -0.00157908   0.00672317
 -0.00290003            0   0.00101858  -0.00879062
  0.00157908  -0.00101858            0 -4.46077e-05
 -0.00672317   0.00879062  4.46077e-05            0
EndNode2[0]<--->HoM1[0]
REAL
   0.346356 -0.00331559   0.0112022    0.106737
-0.00331559    0.161224  0.00759643  0.00109662
  0.0112022  0.00759643    0.162682  -0.0068575
   0.106737  0.00109662  -0.0068575    0.329738
IMAGINARY
          0  0.00266797  0.00444441 -0.00179897
-0.00266797           0 -0.00567263  0.00261514
-0.00444441  0.00567263           0 -0.00543041
 0.00179897 -0.00261514  0.00543041           0
Repeater1[0]<--->EndNode1[0]
REAL
    0.349409   0.00184593   0.00661462     0.102103
  0.00184593     0.163179 -0.000842735   -0.0013641
  0.00661462 -0.000842735     0.162572    0.0127055
    0.102103   -0.0013641    0.0127055     0.324841
IMAGINARY
           0  -0.00157908   0.00290003   0.00672317
  0.00157908            0  -0.00101858 -4.46077e-05
 -0.00290003   0.00101858            0  -0.00879062
 -0.00672317  4.46077e-05   0.00879062            0
Repeater1[0]<--->HoM1[0]
REAL
   0.346356   0.0112022 -0.00331559    0.106737
  0.0112022    0.162682  0.00759643  -0.0068575
-0.00331559  0.00759643    0.161224  0.00109662
   0.106737  -0.0068575  0.00109662    0.329738
IMAGINARY
          0  0.00444441  0.00266797 -0.00179897
-0.00444441           0  0.00567263 -0.00543041
-0.00266797 -0.00567263           0  0.00261514
 0.00179897  0.00543041 -0.00261514           0
EndNode1[0]<--->Repeater1[0]
REAL
   0.321223 -0.00545534 -0.00529864   0.0970398
-0.00545534    0.167121 -0.00374126  -0.0102255
-0.00529864 -0.00374126    0.176506 -0.00115394
  0.0970398  -0.0102255 -0.00115394     0.33515
IMAGINARY
           0  -0.00311888 -7.50976e-05  -0.00191757
  0.00311888            0   0.00265875 -7.50976e-05
 7.50976e-05  -0.00265875            0   0.00176712
  0.00191757  7.50976e-05  -0.00176712            0
EndNode2[0]<--->HoM1[0]
REAL
   0.338434  0.00311405   0.0065023   0.0991037
 0.00311405    0.166217 -0.00977448  0.00447331
  0.0065023 -0.00977448    0.168017 0.000239613
  0.0991037  0.00447331 0.000239613    0.327333
IMAGINARY
          0   0.0063975 -0.00912413 -0.00249552
 -0.0063975           0 -0.00639474  0.00492497
 0.00912413  0.00639474           0 -0.00579762
 0.00249552 -0.00492497  0.00579762           0
Repeater1[0]<--->EndNode1[0]
REAL
   0.321223 -0.00529864 -0.00545534   0.0970398
-0.00529864    0.176506 -0.00374126 -0.00115394
-0.00545534 -0.00374126    0.167121  -0.0102255
  0.0970398 -0.00115394  -0.0102255     0.33515
IMAGINARY
           0 -7.50976e-05  -0.00311888  -0.00191757
 7.50976e-05            0  -0.00265875   0.00176712
  0.00311888   0.00265875            0 -7.50976e-05
  0.00191757  -0.00176712  7.50976e-05            0
Repeater1[0]<--->HoM1[0]
REAL
   0.338434   0.0065023  0.00311405   0.0991037
  0.0065023    0.168017 -0.00977448 0.000239613
 0.00311405 -0.00977448    0.166217  0.00447331
  0.0991037 0.000239613  0.00447331    0.327333
IMAGINARY
          0 -0.00912413   0.0063975 -0.00249552
 0.00912413           0  0.00639474 -0.00579762
 -0.0063975 -0.00639474           0  0.00492497
 0.00249552  0.00579762 -0.00492497           0
EndNode1[0]<--->Repeater1[0]
REAL
   0.345786 -0.00043191 -0.00805914    0.112679
-0.00043191    0.164375 -0.00347347 -0.00608045
-0.00805914 -0.00347347    0.162283  0.00404202
   0.112679 -0.00608045  0.00404202    0.327555
IMAGINARY
          0  0.00018044 -0.00440357   0.0134098
-0.00018044           0 -0.00192944 -0.00367279
 0.00440357  0.00192944           0  0.00231589
 -0.0134098  0.00367279 -0.00231589           0
EndNode2[0]<--->HoM1[0]
REAL
   0.324925  0.00437597  0.00757739    0.112539
 0.00437597    0.166667 -0.00669515 -0.00120499
 0.00757739 -0.00669515    0.168168  0.00199643
   0.112539 -0.00120499  0.00199643     0.34024
IMAGINARY
           0   0.00391375 -0.000916487  -0.00519196
 -0.00391375            0   0.00294173     0.004082
 0.000916487  -0.00294173            0   0.00950199
  0.00519196    -0.004082  -0.00950199            0
Repeater1[0]<--->EndNode1[0]
REAL
   0.345786 -0.00805914 -0.00043191    0.112679
-0.00805914    0.162283 -0.00347347  0.00404202
-0.00043191 -0.00347347    0.164375 -0.00608045
   0.112679  0.00404202 -0.00608045    0.327555
IMAGINARY
          0 -0.00440357  0.00018044   0.0134098
 0.00440357           0  0.00192944  0.00231589
-0.00018044 -0.00192944           0 -0.00367279
 -0.0134098 -0.00231589  0.00367279           0
Repeater1[0]<--->HoM1[0]
REAL
   0.324925  0.00757739  0.00437597    0.112539
 0.00757739    0.168168 -0.00669515  0.00199643
 0.00437597 -0.00669515    0.166667 -0.00120499
   0.112539  0.00199643 -0.00120499     0.34024
IMAGINARY
           0 -0.000916487   0.00391375  -0.00519196
 0.000916487            0  -0.00294173   0.00950199
 -0.00391375   0.00294173            0     0.004082
  0.00519196  -0.00950199    -0.004082            0
EndNode1[0]<--->Repeater1[0]
REAL
    0.321472   0.00372731 -0.000727473     0.109347
  0.00372731     0.166971   0.00364481  0.000574987
-0.000727473   0.00364481     0.163625   0.00313454
    0.109347  0.000574987   0.00313454     0.347932
IMAGINARY
           0  -0.00458178  1.67643e-05  -0.00770772
  0.00458178            0   -0.0123526   0.00347126
-1.67643e-05    0.0123526            0   0.00534005
  0.00770772  -0.00347126  -0.00534005            0
EndNode2[0]<--->HoM1[0]
REAL
   0.354878  -0.0040121 -0.00405785   0.0978069
 -0.0040121    0.152824 -0.00444227 -0.00974133
-0.00405785 -0.00444227     0.15373 -0.00773188
  0.0978069 -0.00974133 -0.00773188    0.338568
IMAGINARY
           0    0.0034274 -0.000878059  -0.00115116
  -0.0034274            0  -0.00249404   0.00368954
 0.000878059   0.00249404            0   0.00915029
  0.00115116  -0.00368954  -0.00915029            0
Repeater1[0]<--->EndNode1[0]
REAL
    0.321472 -0.000727473   0.00372731     0.109347
-0.000727473     0.163625   0.00364481   0.00313454
  0.00372731   0.00364481     0.166971  0.000574987
    0.109347   0.00313454  0.000574987     0.347932
IMAGINARY
           0  1.67643e-05  -0.00458178  -0.00770772
-1.67643e-05            0    0.0123526   0.00534005
  0.00458178   -0.0123526            0   0.00347126
  0.00770772  -0.00534005  -0.00347126            0
Repeater1[0]<--->HoM1[0]
REAL
   0.354878 -0.00405785  -0.0040121   0.0978069
-0.00405785     0.15373 -0.00444227 -0.00773188
 -0.0040121 -0.00444227    0.152824 -0.00974133
  0.0978069 -0.00773188 -0.00974133    0.338568
IMAGINARY
           0 -0.000878059    0.0034274  -0.00115116
 0.000878059            0   0.00249404   0.00915029
  -0.0034274  -0.00249404            0   0.00368954
  0.00115116  -0.00915029  -0.00368954            0
EndNode1[0]<--->Repeater1[0]
REAL
   0.349506  0.00262241 -0.00276465    0.102246
 0.00262241    0.158431   0.0155753  0.00720514
-0.00276465   0.0155753    0.155735 0.000337918
   0.102246  0.00720514 0.000337918    0.336328
IMAGINARY
           0  0.000379406  -0.00680575  -0.00841721
-0.000379406            0  -0.00293248   0.00919666
  0.00680575   0.00293248            0   0.00111492
  0.00841721  -0.00919666  -0.00111492            0
EndNode2[0]<--->HoM1[0]
REAL
   0.357292  0.00167979 -0.00374068    0.110832
 0.00167979    0.157769  0.00416939   0.0122997
-0.00374068  0.00416939    0.142559  0.00594548
   0.110832   0.0122997  0.00594548     0.34238
IMAGINARY
          0 -0.00540355  0.00249613 -0.00890065
 0.00540355           0  0.00565389  0.00130282
-0.00249613 -0.00565389           0   0.0132937
 0.00890065 -0.00130282  -0.0132937           0
Repeater1[0]<--->EndNode1[0]
REAL
   0.349506 -0.00276465  0.00262241    0.102246
-0.00276465    0.155735   0.0155753 0.000337918
 0.00262241   0.0155753    0.158431  0.00720514
   0.102246 0.000337918  0.00720514    0.336328
IMAGINARY
           0  -0.00680575  0.000379406  -0.00841721
  0.00680575            0   0.00293248   0.00111492
-0.000379406  -0.00293248            0   0.00919666
  0.00841721  -0.00111492  -0.00919666            0
Repeater1[0]<--->HoM1[0]
REAL
   0.357292 -0.00374068  0.00167979    0.110832
-0.00374068    0.142559  0.00416939  0.00594548
 0.00167979  0.00416939    0.157769   0.0122997
   0.110832  0.00594548   0.0122997     0.34238
IMAGINARY
          0  0.00249613 -0.00540355 -0.00890065
-0.00249613           0 -0.00565389   0.0132937
 0.00540355  0.00565389           0  0.00130282
 0.00890065  -0.0132937 -0.00130282           0
EndNode1[0]<--->Repeater1[0]
REAL
   0.358411  0.00106835  0.00311317    0.106546
 0.00106835    0.156786 -0.00502409 -0.00570069
 0.00311317 -0.00502409    0.157087  0.00212799
   0.106546 -0.00570069  0.00212799    0.327716
IMAGINARY
           0  -0.00236819  0.000255491   0.00610483
  0.00236819            0   0.00625404   0.00771381
-0.000255491  -0.00625404            0  -0.00796239
 -0.00610483  -0.00771381   0.00796239            0
EndNode2[0]<--->HoM1[0]
REAL
    0.34093  0.00185153  0.00767068   0.0972374
 0.00185153    0.168516 -0.00167371  0.00828192
 0.00767068 -0.00167371     0.16072  0.00468144
  0.0972374  0.00828192  0.00468144    0.329835
IMAGINARY
           0  -0.00271647   0.00502189  0.000520059
  0.00271647            0 -0.000520059    -0.011374
 -0.00502189  0.000520059            0   0.00241399
-0.000520059     0.011374  -0.00241399            0
Repeater1[0]<--->EndNode1[0]
REAL
   0.358411  0.00311317  0.00106835    0.106546
 0.00311317    0.157087 -0.00502409  0.00212799
 0.00106835 -0.00502409    0.156786 -0.00570069
   0.106546  0.00212799 -0.00570069    0.327716
IMAGINARY
           0  0.000255491  -0.00236819   0.00610483
-0.000255491            0  -0.00625404  -0.00796239
  0.00236819   0.00625404            0   0.00771381
 -0.00610483   0.00796239  -0.00771381            0
Repeater1[0]<--->HoM1[0]
REAL
    0.34093  0.00767068  0.00185153   0.0972374
 0.00767068     0.16072 -0.00167371  0.00468144
 0.00185153 -0.00167371    0.168516  0.00828192
  0.0972374  0.00468144  0.00828192    0.329835
IMAGINARY
           0   0.00502189  -0.00271647  0.000520059
 -0.00502189            0  0.000520059   0.00241399
  0.00271647 -0.000520059            0    -0.011374
-0.000520059  -0.00241399     0.011374            0
EndNode1[0]<--->Repeater1[0]
REAL
    0.343431  0.000890468  -0.00635853     0.111426
 0.000890468     0.161666 -0.000665872  -0.00431174
 -0.00635853 -0.000665872     0.156423   0.00376838
    0.111426  -0.00431174   0.00376838     0.338479
IMAGINARY
          0   0.0109229 -0.00435764  0.00112057
 -0.0109229           0  0.00218472 -0.00746516
 0.00435764 -0.00218472           0   0.0044916
-0.00112057  0.00746516  -0.0044916           0
EndNode2[0]<--->HoM1[0]
REAL
    0.345525  -0.00916552   -0.0028227      0.11515
 -0.00916552     0.157895 -0.000257913   -0.0028227
  -0.0028227 -0.000257913     0.163247   -0.0013624
     0.11515   -0.0028227   -0.0013624     0.333333
IMAGINARY
          0  0.00179906  0.00365697 -0.00135606
-0.00179906           0 -0.00399072  -0.0116879
-0.00365697  0.00399072           0 -0.00358371
 0.00135606   0.0116879  0.00358371           0
Repeater1[0]<--->EndNode1[0]
REAL
    0.343431  -0.00635853  0.000890468     0.111426
 -0.00635853     0.156423 -0.000665872   0.00376838
 0.000890468 -0.000665872     0.161666  -0.00431174
    0.111426   0.00376838  -0.00431174     0.338479
IMAGINARY
          0 -0.00435764   0.0109229  0.00112057
 0.00435764           0 -0.00218472   0.0044916
 -0.0109229  0.00218472           0 -0.00746516
-0.00112057  -0.0044916  0.00746516           0
Repeater1[0]<--->HoM1[0]
REAL
    0.345525   -0.0028227  -0.00916552      0.11515
  -0.0028227     0.163247 -0.000257913   -0.0013624
 -0.00916552 -0.000257913     0.157895   -0.0028227
     0.11515   -0.0013624   -0.0028227     0.333333
IMAGINARY
          0  0.00365697  0.00179906 -0.00135606
-0.00365697           0  0.00399072 -0.00358371
-0.00179906 -0.00399072           0  -0.0116879
 0.00135606  0.00358371   0.0116879           0
EndNode1[0]<--->Repeater1[0]
REAL
   0.341287  -0.0120326 -0.00165173    0.110584
 -0.0120326    0.154938  0.00560809 -0.00449519
-0.00165173  0.00560809    0.161281  0.00228752
   0.110584 -0.00449519  0.00228752    0.342495
IMAGINARY
           0  -0.00151717 -0.000552856  -0.00535857
  0.00151717            0   -0.0043091  -0.00521171
 0.000552856    0.0043091            0  -0.00910176
  0.00535857   0.00521171   0.00910176            0
EndNode2[0]<--->HoM1[0]
REAL
    0.340573 -0.000810713 -0.000213135     0.111125
-0.000810713     0.163198  -0.00675343   -0.0025578
-0.000213135  -0.00675343     0.165913   0.00450529
    0.111125   -0.0025578   0.00450529     0.330317
IMAGINARY
           0   -0.0117484   0.00307538  0.000555744
   0.0117484            0   0.00996108  -0.00186326
 -0.00307538  -0.00996108            0  -0.00552433
-0.000555744   0.00186326   0.00552433            0
Repeater1[0]<--->EndNode1[0]
REAL
   0.341287 -0.00165173  -0.0120326    0.110584
-0.00165173    0.161281  0.00560809  0.00228752
 -0.0120326  0.00560809    0.154938 -0.00449519
   0.110584  0.00228752 -0.00449519    0.342495
IMAGINARY
           0 -0.000552856  -0.00151717  -0.00535857
 0.000552856            0    0.0043091  -0.00910176
  0.00151717   -0.0043091            0  -0.00521171
  0.00535857   0.00910176   0.00521171            0
Repeater1[0]<--->HoM1[0]
REAL
    0.340573 -0.000213135 -0.000810713     0.111125
-0.000213135     0.165913  -0.00675343   0.00450529
-0.000810713  -0.00675343     0.163198   -0.0025578
    0.111125   0.00450529   -0.0025578     0.330317
IMAGINARY
           0   0.00307538   -0.0117484  0.000555744
 -0.00307538            0  -0.00996108  -0.00552433
   0.0117484   0.00996108            0  -0.00186326
-0.000555744   0.00552433   0.00186326            0
EndNode1[0]<--->Repeater1[0]
REAL
    0.33695 -0.00265972  0.00299213    0.106325
-0.00265972     0.15995  0.00738804 -0.00712436
 0.00299213  0.00738804     0.16615  -0.0100431
   0.106325 -0.00712436  -0.0100431     0.33695
IMAGINARY
          0  0.00461778 -0.00694048 -0.00465585
-0.00461778           0  0.00539007  0.00251047
 0.00694048 -0.00539007           0  0.00630957
 0.00465585 -0.00251047 -0.00630957           0
EndNode2[0]<--->HoM1[0]
REAL
   0.342849  0.00836551   0.0083451   0.0996896
 0.00836551    0.160156  0.00272355 -0.00540219
  0.0083451  0.00272355    0.163762  0.00311183
  0.0996896 -0.00540219  0.00311183    0.333233
IMAGINARY
          0 -0.00478623  0.00121458  0.00589162
 0.00478623           0  -0.0106706  0.00830357
-0.00121458   0.0106706           0  0.00091948
-0.00589162 -0.00830357 -0.00091948           0
Repeater1[0]<--->EndNode1[0]
REAL
    0.33695  0.00299213 -0.00265972    0.106325
 0.00299213     0.16615  0.00738804  -0.0100431
-0.00265972  0.00738804     0.15995 -0.00712436
   0.106325  -0.0100431 -0.00712436     0.33695
IMAGINARY
          0 -0.00694048  0.00461778 -0.00465585
 0.00694048           0 -0.00539007  0.00630957
-0.00461778  0.00539007           0  0.00251047
 0.00465585 -0.00630957 -0.00251047           0
Repeater1[0]<--->HoM1[0]
REAL
   0.342849   0.0083451  0.00836551   0.0996896
  0.0083451    0.163762  0.00272355  0.00311183
 0.00836551  0.00272355    0.160156 -0.00540219
  0.0996896  0.00311183 -0.00540219    0.333233
IMAGINARY
          0  0.00121458 -0.00478623  0.00589162
-0.00121458           0   0.0106706  0.00091948
 0.00478623  -0.0106706           0  0.00830357
-0.00589162 -0.00091948 -0.00830357           0
EndNode1[0]<--->Repeater1[0]
REAL
    0.335921 -0.000490166  -0.00416596     0.100391
-0.000490166     0.167513  0.000511206   -0.0176386
 -0.00416596  0.000511206     0.148403  -0.00296848
    0.100391   -0.0176386  -0.00296848     0.348164
IMAGINARY
          0   0.0021955  0.00589926   0.0024463
 -0.0021955           0  0.00765619  0.00115992
-0.00589926 -0.00765619           0 -0.00685155
 -0.0024463 -0.00115992  0.00685155           0
EndNode2[0]<--->HoM1[0]
REAL
    0.337593   0.00370265   0.00202606     0.100886
  0.00370265     0.168499  -0.00731475 -7.35209e-05
  0.00202606  -0.00731475     0.162853  -0.00325207
    0.100886 -7.35209e-05  -0.00325207     0.331055
IMAGINARY
           0   0.00628832   0.00526337  -0.00477143
 -0.00628832            0 -0.000598319  -0.00511371
 -0.00526337  0.000598319            0   0.00164343
  0.00477143   0.00511371  -0.00164343            0
Repeater1[0]<--->EndNode1[0]
REAL
    0.335921  -0.00416596 -0.000490166     0.100391
 -0.00416596     0.148403  0.000511206  -0.00296848
-0.000490166  0.000511206     0.167513   -0.0176386
    0.100391  -0.00296848   -0.0176386     0.348164
IMAGINARY
          0  0.00589926   0.0021955   0.0024463
-0.00589926           0 -0.00765619 -0.00685155
 -0.0021955  0.00765619           0  0.00115992
 -0.0024463  0.00685155 -0.00115992           0
Repeater1[0]<--->HoM1[0]
REAL
    0.337593   0.00202606   0.00370265     0.100886
  0.00202606     0.162853  -0.00731475  -0.00325207
  0.00370265  -0.00731475     0.168499 -7.35209e-05
    0.100886  -0.00325207 -7.35209e-05     0.331055
IMAGINARY
           0   0.00526337   0.00628832  -0.00477143
 -0.00526337            0  0.000598319   0.00164343
 -0.00628832 -0.000598319            0  -0.00511371
  0.00477143  -0.00164343   0.00511371            0
EndNode1[0]<--->Repeater1[0]
REAL
   0.348246 -0.00196928  0.00665794    0.103464
-0.00196928    0.163158 5.72506e-05  0.00457461
 0.00665794 5.72506e-05    0.160819 -0.00137012
   0.103464  0.00457461 -0.00137012    0.327778
IMAGINARY
          0  -0.0105393  0.00372097  0.00175321
  0.0105393           0 -0.00205661   0.0082336
-0.00372097  0.00205661           0 -0.00470275
-0.00175321  -0.0082336  0.00470275           0
EndNode2[0]<--->HoM1[0]
REAL
    0.340705 -0.000671772 -0.000421361     0.112438
-0.000671772     0.160191    0.0111775   0.00275372
-0.000421361    0.0111775     0.169755  0.000380227
    0.112438   0.00275372  0.000380227     0.329348
IMAGINARY
           0   0.00537178  -0.00442351  -0.00247295
 -0.00537178            0  0.000804764   0.00847391
  0.00442351 -0.000804764            0  0.000478809
  0.00247295  -0.00847391 -0.000478809            0
Repeater1[0]<--->EndNode1[0]
REAL
   0.348246  0.00665794 -0.00196928    0.103464
 0.00665794    0.160819 5.72506e-05 -0.00137012
-0.00196928 5.72506e-05    0.163158  0.00457461
   0.103464 -0.00137012  0.00457461    0.327778
IMAGINARY
          0  0.00372097  -0.0105393  0.00175321
-0.00372097           0  0.00205661 -0.00470275
  0.0105393 -0.00205661           0   0.0082336
-0.00175321  0.00470275  -0.0082336           0
Repeater1[0]<--->HoM1[0]
REAL
    0.340705 -0.000421361 -0.000671772     0.112438
-0.000421361     0.169755    0.0111775  0.000380227
-0.000671772    0.0111775     0.160191   0.00275372
    0.112438  0.000380227   0.00275372     0.329348
IMAGINARY
           0  -0.00442351   0.00537178  -0.00247295
  0.00442351            0 -0.000804764  0.000478809
 -0.00537178  0.000804764            0   0.00847391
  0.00247295 -0.000478809  -0.00847391            0
EndNode1[0]<--->Repeater1[0]
REAL
     0.34686  -0.00527863   0.00506434     0.105758
 -0.00527863     0.162618 -0.000412832   0.00270446
  0.00506434 -0.000412832     0.162915   0.00496788
    0.105758   0.00270446   0.00496788     0.327607
IMAGINARY
           0    0.0143601   -0.0026479    -0.010725
  -0.0143601            0  -0.00883491  -0.00279675
   0.0026479   0.00883491            0  0.000763964
    0.010725   0.00279675 -0.000763964            0
EndNode2[0]<--->HoM1[0]
REAL
   0.332535 -0.00149097 -0.00691213    0.104814
-0.00149097    0.154445 -0.00963318   0.0051049
-0.00691213 -0.00963318    0.171506 0.000888563
   0.104814   0.0051049 0.000888563    0.341515
IMAGINARY
          0   0.0100291  0.00324708 -0.00433332
 -0.0100291           0  0.00737839 -0.00443614
-0.00324708 -0.00737839           0 -0.00319203
 0.00433332  0.00443614  0.00319203           0
Repeater1[0]<--->EndNode1[0]
REAL
     0.34686   0.00506434  -0.00527863     0.105758
  0.00506434     0.162915 -0.000412832   0.00496788
 -0.00527863 -0.000412832     0.162618   0.00270446
    0.105758   0.00496788   0.00270446     0.327607
IMAGINARY
           0   -0.0026479    0.0143601    -0.010725
   0.0026479            0   0.00883491  0.000763964
  -0.0143601  -0.00883491            0  -0.00279675
    0.010725 -0.000763964   0.00279675            0
Repeater1[0]<--->HoM1[0]
REAL
   0.332535 -0.00691213 -0.00149097    0.104814
-0.00691213    0.171506 -0.00963318 0.000888563
-0.00149097 -0.00963318    0.154445   0.0051049
   0.104814 0.000888563   0.0051049    0.341515
IMAGINARY
          0  0.00324708   0.0100291 -0.00433332
-0.00324708           0 -0.00737839 -0.00319203
 -0.0100291  0.00737839           0 -0.00443614
 0.00433332  0.00319203  0.00443614           0
EndNode1[0]<--->Repeater1[0]
REAL
   0.321628  -0.0155175  0.00232572   0.0982668
 -0.0155175    0.167495 -0.00318911  0.00368073
 0.00232572 -0.00318911    0.168428  0.00453006
  0.0982668  0.00368073  0.00453006    0.342449
IMAGINARY
          0 -0.00401775  0.00720821 -0.00164528
 0.00401775           0  0.00384922 -0.00311358
-0.00720821 -0.00384922           0 -0.00371655
 0.00164528  0.00311358  0.00371655           0
EndNode2[0]<--->HoM1[0]
REAL
   0.329916  -0.0148571 0.000589224   0.0993948
 -0.0148571    0.158926  -0.0133219 8.50427e-06
0.000589224  -0.0133219    0.167973  0.00439683
  0.0993948 8.50427e-06  0.00439683    0.343185
IMAGINARY
          0  0.00706846  0.00118834  0.00248231
-0.00706846           0  0.00618821 -0.00620811
-0.00118834 -0.00618821           0 -0.00356983
-0.00248231  0.00620811  0.00356983           0
Repeater1[0]<--->EndNode1[0]
REAL
   0.321628  0.00232572  -0.0155175   0.0982668
 0.00232572    0.168428 -0.00318911  0.00453006
 -0.0155175 -0.00318911    0.167495  0.00368073
  0.0982668  0.00453006  0.00368073    0.342449
IMAGINARY
          0  0.00720821 -0.00401775 -0.00164528
-0.00720821           0 -0.00384922 -0.00371655
 0.00401775  0.00384922           0 -0.00311358
 0.00164528  0.00371655  0.00311358           0
Repeater1[0]<--->HoM1[0]
REAL
   0.329916 0.000589224  -0.0148571   0.0993948
0.000589224    0.167973  -0.0133219  0.00439683
 -0.0148571  -0.0133219    0.158926 8.50427e-06
  0.0993948  0.00439683 8.50427e-06    0.343185
IMAGINARY
          0  0.00118834  0.00706846  0.00248231
-0.00118834           0 -0.00618821 -0.00356983
-0.00706846  0.00618821           0 -0.00620811
-0.00248231  0.00356983  0.00620811           0
EndNode1[0]<--->Repeater1[0]
REAL
   0.328796 -0.00613784 -0.00185141    0.094511
-0.00613784    0.176951  -0.0108302  0.00453157
-0.00185141  -0.0108302    0.166062  0.00584005
   0.094511  0.00453157  0.00584005    0.328191
IMAGINARY
           0  0.000814768   0.00547063  -0.00754512
-0.000814768            0 -0.000627247   0.00076082
 -0.00547063  0.000627247            0   0.00363627
  0.00754512  -0.00076082  -0.00363627            0
EndNode2[0]<--->HoM1[0]
REAL
   0.340578  0.00602283  0.00621693    0.101824
 0.00602283    0.167609 -0.00925381 -0.00933728
 0.00621693 -0.00925381    0.156297    0.001258
   0.101824 -0.00933728    0.001258    0.335517
IMAGINARY
           0    0.0025594  -0.00214846 -0.000290238
  -0.0025594            0   0.00517424   0.00422192
  0.00214846  -0.00517424            0   -0.0120381
 0.000290238  -0.00422192    0.0120381            0
Repeater1[0]<--->EndNode1[0]
REAL
   0.328796 -0.00185141 -0.00613784    0.094511
-0.00185141    0.166062  -0.0108302  0.00584005
-0.00613784  -0.0108302    0.176951  0.00453157
   0.094511  0.00584005  0.00453157    0.328191
IMAGINARY
           0   0.00547063  0.000814768  -0.00754512
 -0.00547063            0  0.000627247   0.00363627
-0.000814768 -0.000627247            0   0.00076082
  0.00754512  -0.00363627  -0.00076082            0
Repeater1[0]<--->HoM1[0]
REAL
   0.340578  0.00621693  0.00602283    0.101824
