EndNode1[0]<--->Repeater1[0]
REAL
   0.269369  0.00360185  -0.0100834   0.0358003
 0.00360185    0.222823  0.00511014 -0.00137152
 -0.0100834  0.00511014    0.228529 -0.00345309
  0.0358003 -0.00137152 -0.00345309    0.279279
IMAGINARY
           0   0.00326755    0.0026944   0.00198975
 -0.00326755            0  -0.00873857   -0.0016665
  -0.0026944   0.00873857            0  0.000403519
 -0.00198975    0.0016665 -0.000403519            0
EndNode2[0]<--->HoM1[0]
REAL
   0.268285  0.00031968 -0.00709723   0.0321093
 0.00031968    0.230974 -0.00311048 -0.00816528
-0.00709723 -0.00311048    0.217353  0.00425907
  0.0321093 -0.00816528  0.00425907    0.283388
IMAGINARY
          0  0.00190356 -0.00162056 -0.00267956
-0.00190356           0 -0.00147474  0.00523284
 0.00162056  0.00147474           0 -0.00250561
 0.00267956 -0.00523284  0.00250561           0
Repeater1[0]<--->EndNode1[0]
REAL
   0.269369  -0.0100834  0.00360185   0.0358003
 -0.0100834    0.228529  0.00511014 -0.00345309
 0.00360185  0.00511014    0.222823 -0.00137152
  0.0358003 -0.00345309 -0.00137152    0.279279
IMAGINARY
           0    0.0026944   0.00326755   0.00198975
  -0.0026944            0   0.00873857  0.000403519
 -0.00326755  -0.00873857            0   -0.0016665
 -0.00198975 -0.000403519    0.0016665            0
Repeater1[0]<--->HoM1[0]
REAL
   0.268285 -0.00709723  0.00031968   0.0321093
-0.00709723    0.217353 -0.00311048  0.00425907
 0.00031968 -0.00311048    0.230974 -0.00816528
  0.0321093  0.00425907 -0.00816528    0.283388
IMAGINARY
          0 -0.00162056  0.00190356 -0.00267956
 0.00162056           0  0.00147474 -0.00250561
-0.00190356 -0.00147474           0  0.00523284
 0.00267956  0.00250561 -0.00523284           0
EndNode1[0]<--->Repeater1[0]
REAL
   0.272234 -0.00313677  -0.0046079   0.0350996
-0.00313677    0.236358  0.00475007  0.00656279
 -0.0046079  0.00475007    0.227917  0.00809918
  0.0350996  0.00656279  0.00809918    0.263491
IMAGINARY
           0   0.00395045  -0.00621876    0.0073225
 -0.00395045            0  -0.00253495  8.75492e-05
  0.00621876   0.00253495            0  -0.00578981
  -0.0073225 -8.75492e-05   0.00578981            0
EndNode2[0]<--->HoM1[0]
REAL
   0.276914   0.0106273 -0.00337764   0.0342562
  0.0106273    0.226459  0.00579088 -0.00928431
-0.00337764  0.00579088    0.228219 -0.00385463
  0.0342562 -0.00928431 -0.00385463    0.268407
IMAGINARY
          0 -0.00208895  0.00832957  0.00100627
 0.00208895           0  0.00770134 -0.00771076
-0.00832957 -0.00770134           0  0.00703944
-0.00100627  0.00771076 -0.00703944           0
Repeater1[0]<--->EndNode1[0]
REAL
   0.272234  -0.0046079 -0.00313677   0.0350996
 -0.0046079    0.227917  0.00475007  0.00809918
-0.00313677  0.00475007    0.236358  0.00656279
  0.0350996  0.00809918  0.00656279    0.263491
IMAGINARY
           0  -0.00621876   0.00395045    0.0073225
  0.00621876            0   0.00253495  -0.00578981
 -0.00395045  -0.00253495            0  8.75492e-05
  -0.0073225   0.00578981 -8.75492e-05            0
Repeater1[0]<--->HoM1[0]
REAL
   0.276914 -0.00337764   0.0106273   0.0342562
-0.00337764    0.228219  0.00579088 -0.00385463
  0.0106273  0.00579088    0.226459 -0.00928431
  0.0342562 -0.00385463 -0.00928431    0.268407
IMAGINARY
          0  0.00832957 -0.00208895  0.00100627
-0.00832957           0 -0.00770134  0.00703944
 0.00208895  0.00770134           0 -0.00771076
-0.00100627 -0.00703944  0.00771076           0
EndNode1[0]<--->Repeater1[0]
REAL
    0.28392  0.00138161  0.00158087    0.038239
 0.00138161    0.207044  0.00182314  0.00556199
 0.00158087  0.00182314    0.239204 -0.00821391
   0.038239  0.00556199 -0.00821391    0.269832
IMAGINARY
          0  -0.0017744  0.00228123 -0.00662846
  0.0017744           0  -0.0021847  0.00633164
-0.00228123   0.0021847           0 -0.00381641
 0.00662846 -0.00633164  0.00381641           0
EndNode2[0]<--->HoM1[0]
REAL
    0.27818  0.00491725 -0.00259635   0.0376974
 0.00491725    0.229656   0.0154194  0.00625453
-0.00259635   0.0154194    0.226944  0.00371605
  0.0376974  0.00625453  0.00371605     0.26522
IMAGINARY
           0 -0.000440825  -0.00236637  -0.00259224
 0.000440825            0   0.00107525   -0.0110594
  0.00236637  -0.00107525            0 -0.000591928
  0.00259224    0.0110594  0.000591928            0
Repeater1[0]<--->EndNode1[0]
REAL
    0.28392  0.00158087  0.00138161    0.038239
 0.00158087    0.239204  0.00182314 -0.00821391
 0.00138161  0.00182314    0.207044  0.00556199
   0.038239 -0.00821391  0.00556199    0.269832
IMAGINARY
          0  0.00228123  -0.0017744 -0.00662846
-0.00228123           0   0.0021847 -0.00381641
  0.0017744  -0.0021847           0  0.00633164
 0.00662846  0.00381641 -0.00633164           0
Repeater1[0]<--->HoM1[0]
REAL
    0.27818 -0.00259635  0.00491725   0.0376974
-0.00259635    0.226944   0.0154194  0.00371605
 0.00491725   0.0154194    0.229656  0.00625453
  0.0376974  0.00371605  0.00625453     0.26522
IMAGINARY
           0  -0.00236637 -0.000440825  -0.00259224
  0.00236637            0  -0.00107525 -0.000591928
 0.000440825   0.00107525            0   -0.0110594
  0.00259224  0.000591928    0.0110594            0
EndNode1[0]<--->Repeater1[0]
REAL
    0.277015   0.00117481  -0.00511169    0.0353348
  0.00117481     0.227164 -0.000252411   0.00206105
 -0.00511169 -0.000252411     0.234925  -0.00666596
   0.0353348   0.00206105  -0.00666596     0.260896
IMAGINARY
          0  0.00291999 -0.00150338  0.00294422
-0.00291999           0   0.0139467  0.00832426
 0.00150338  -0.0139467           0 -0.00440279
-0.00294422 -0.00832426  0.00440279           0
EndNode2[0]<--->HoM1[0]
REAL
   0.277476 -0.00495709  0.00141575   0.0393262
-0.00495709    0.219807  0.00639567 0.000201421
 0.00141575  0.00639567    0.238829 -0.00783326
  0.0393262 0.000201421 -0.00783326    0.263889
IMAGINARY
          0  0.00145927   0.0119772  0.00248359
-0.00145927           0 -0.00233393  0.00192012
 -0.0119772  0.00233393           0 -0.00448042
-0.00248359 -0.00192012  0.00448042           0
Repeater1[0]<--->EndNode1[0]
REAL
    0.277015  -0.00511169   0.00117481    0.0353348
 -0.00511169     0.234925 -0.000252411  -0.00666596
  0.00117481 -0.000252411     0.227164   0.00206105
   0.0353348  -0.00666596   0.00206105     0.260896
IMAGINARY
          0 -0.00150338  0.00291999  0.00294422
 0.00150338           0  -0.0139467 -0.00440279
-0.00291999   0.0139467           0  0.00832426
-0.00294422  0.00440279 -0.00832426           0
Repeater1[0]<--->HoM1[0]
REAL
   0.277476  0.00141575 -0.00495709   0.0393262
 0.00141575    0.238829  0.00639567 -0.00783326
-0.00495709  0.00639567    0.219807 0.000201421
  0.0393262 -0.00783326 0.000201421    0.263889
IMAGINARY
          0   0.0119772  0.00145927  0.00248359
 -0.0119772           0  0.00233393 -0.00448042
-0.00145927 -0.00233393           0  0.00192012
-0.00248359  0.00448042 -0.00192012           0
EndNode1[0]<--->Repeater1[0]
REAL
   0.271116 -0.00499375  0.00559935    0.027604
-0.00499375    0.226816 -0.00351121 -0.00232748
 0.00559935 -0.00351121    0.223568  0.00945538
   0.027604 -0.00232748  0.00945538      0.2785
IMAGINARY
           0    0.0106321  -0.00455687  -0.00434868
  -0.0106321            0    0.0102869    0.0085618
  0.00455687   -0.0102869            0 -0.000465711
  0.00434868   -0.0085618  0.000465711            0
EndNode2[0]<--->HoM1[0]
REAL
   0.263503 0.000136816 -0.00139723   0.0554151
0.000136816    0.216055  0.00723332  -0.0042441
-0.00139723  0.00723332    0.254551  0.00164466
  0.0554151  -0.0042441  0.00164466    0.265891
IMAGINARY
          0  0.00131245 -0.00158484  0.00106569
-0.00131245           0  0.00633836  -0.0047788
 0.00158484 -0.00633836           0  0.00899058
-0.00106569   0.0047788 -0.00899058           0
Repeater1[0]<--->EndNode1[0]
REAL
   0.271116  0.00559935 -0.00499375    0.027604
 0.00559935    0.223568 -0.00351121  0.00945538
-0.00499375 -0.00351121    0.226816 -0.00232748
   0.027604  0.00945538 -0.00232748      0.2785
IMAGINARY
           0  -0.00455687    0.0106321  -0.00434868
  0.00455687            0   -0.0102869 -0.000465711
  -0.0106321    0.0102869            0    0.0085618
  0.00434868  0.000465711   -0.0085618            0
Repeater1[0]<--->HoM1[0]
REAL
   0.263503 -0.00139723 0.000136816   0.0554151
-0.00139723    0.254551  0.00723332  0.00164466
0.000136816  0.00723332    0.216055  -0.0042441
  0.0554151  0.00164466  -0.0042441    0.265891
IMAGINARY
          0 -0.00158484  0.00131245  0.00106569
 0.00158484           0 -0.00633836  0.00899058
-0.00131245  0.00633836           0  -0.0047788
-0.00106569 -0.00899058   0.0047788           0
EndNode1[0]<--->Repeater1[0]
REAL
   0.266667 0.000677201  0.00483362   0.0476847
0.000677201    0.228274  0.00378812  -0.0043781
 0.00483362  0.00378812    0.230655 -0.00295476
  0.0476847  -0.0043781 -0.00295476    0.274405
IMAGINARY
           0  -0.00646749   0.00291439   0.00593029
  0.00646749            0  -0.00258479  0.000392885
 -0.00291439   0.00258479            0  -0.00676161
 -0.00593029 -0.000392885   0.00676161            0
EndNode2[0]<--->HoM1[0]
REAL
   0.271458 -0.00310296 -0.00421591   0.0458293
-0.00310296    0.222453   0.0082248  0.00274705
-0.00421591   0.0082248    0.231066  0.00750954
  0.0458293  0.00274705  0.00750954    0.275022
IMAGINARY
           0  -0.00138733   0.00344258   0.00226162
  0.00138733            0  -0.00255766   0.00971124
 -0.00344258   0.00255766            0 -0.000624434
 -0.00226162  -0.00971124  0.000624434            0
Repeater1[0]<--->EndNode1[0]
REAL
   0.266667  0.00483362 0.000677201   0.0476847
 0.00483362    0.230655  0.00378812 -0.00295476
0.000677201  0.00378812    0.228274  -0.0043781
  0.0476847 -0.00295476  -0.0043781    0.274405
IMAGINARY
           0   0.00291439  -0.00646749   0.00593029
 -0.00291439            0   0.00258479  -0.00676161
  0.00646749  -0.00258479            0  0.000392885
 -0.00593029   0.00676161 -0.000392885            0
Repeater1[0]<--->HoM1[0]
REAL
   0.271458 -0.00421591 -0.00310296   0.0458293
-0.00421591    0.231066   0.0082248  0.00750954
-0.00310296   0.0082248    0.222453  0.00274705
  0.0458293  0.00750954  0.00274705    0.275022
IMAGINARY
           0   0.00344258  -0.00138733   0.00226162
 -0.00344258            0   0.00255766 -0.000624434
  0.00138733  -0.00255766            0   0.00971124
 -0.00226162  0.000624434  -0.00971124            0
EndNode1[0]<--->Repeater1[0]
REAL
    0.273057   0.00763225    0.0112606     0.037927
  0.00763225     0.225884   0.00437495 -0.000647748
   0.0112606   0.00437495     0.233444  0.000887925
    0.037927 -0.000647748  0.000887925     0.267614
IMAGINARY
          0  -0.0036726  -0.0106469  0.00250934
  0.0036726           0  0.00446188 -0.00620373
  0.0106469 -0.00446188           0  0.00620764
-0.00250934  0.00620373 -0.00620764           0
EndNode2[0]<--->HoM1[0]
REAL
    0.266807 -0.000245439  -0.00644663    0.0398385
-0.000245439     0.227917   0.00912745  -0.00450227
 -0.00644663   0.00912745     0.236961   -0.0116159
   0.0398385  -0.00450227   -0.0116159     0.268315
IMAGINARY
          0 -0.00530646  0.00189735  0.00314218
 0.00530646           0  -0.0117271  0.00370023
-0.00189735   0.0117271           0  0.00122173
-0.00314218 -0.00370023 -0.00122173           0
Repeater1[0]<--->EndNode1[0]
REAL
    0.273057    0.0112606   0.00763225     0.037927
   0.0112606     0.233444   0.00437495  0.000887925
  0.00763225   0.00437495     0.225884 -0.000647748
    0.037927  0.000887925 -0.000647748     0.267614
IMAGINARY
          0  -0.0106469  -0.0036726  0.00250934
  0.0106469           0 -0.00446188  0.00620764
  0.0036726  0.00446188           0 -0.00620373
-0.00250934 -0.00620764  0.00620373           0
Repeater1[0]<--->HoM1[0]
REAL
    0.266807  -0.00644663 -0.000245439    0.0398385
 -0.00644663     0.236961   0.00912745   -0.0116159
-0.000245439   0.00912745     0.227917  -0.00450227
   0.0398385   -0.0116159  -0.00450227     0.268315
IMAGINARY
          0  0.00189735 -0.00530646  0.00314218
-0.00189735           0   0.0117271  0.00122173
 0.00530646  -0.0117271           0  0.00370023
-0.00314218 -0.00122173 -0.00370023           0
EndNode1[0]<--->Repeater1[0]
REAL
   0.263936  0.00613583   0.0033814   0.0385824
 0.00613583    0.244225  0.00347638  0.00367743
  0.0033814  0.00347638     0.23745 -0.00701818
  0.0385824  0.00367743 -0.00701818    0.254389
IMAGINARY
          0  -0.0118333  0.00117589 -0.00498117
  0.0118333           0 -0.00377997 -0.00640446
-0.00117589  0.00377997           0  0.00511084
 0.00498117  0.00640446 -0.00511084           0
EndNode2[0]<--->HoM1[0]
REAL
  0.279028 0.00715297 0.00391498  0.0325607
0.00715297   0.234893 0.00580822  0.0133887
0.00391498 0.00580822   0.224526 0.00653947
 0.0325607  0.0133887 0.00653947   0.261552
IMAGINARY
          0  0.00286982 -0.00400987 -0.00528871
-0.00286982           0 -0.00193095  0.00529742
 0.00400987  0.00193095           0  0.00213733
 0.00528871 -0.00529742 -0.00213733           0
Repeater1[0]<--->EndNode1[0]
REAL
   0.263936   0.0033814  0.00613583   0.0385824
  0.0033814     0.23745  0.00347638 -0.00701818
 0.00613583  0.00347638    0.244225  0.00367743
  0.0385824 -0.00701818  0.00367743    0.254389
IMAGINARY
          0  0.00117589  -0.0118333 -0.00498117
-0.00117589           0  0.00377997  0.00511084
  0.0118333 -0.00377997           0 -0.00640446
 0.00498117 -0.00511084  0.00640446           0
Repeater1[0]<--->HoM1[0]
REAL
  0.279028 0.00391498 0.00715297  0.0325607
0.00391498   0.224526 0.00580822 0.00653947
0.00715297 0.00580822   0.234893  0.0133887
 0.0325607 0.00653947  0.0133887   0.261552
IMAGINARY
          0 -0.00400987  0.00286982 -0.00528871
 0.00400987           0  0.00193095  0.00213733
-0.00286982 -0.00193095           0  0.00529742
 0.00528871 -0.00213733 -0.00529742           0
EndNode1[0]<--->Repeater1[0]
REAL
   0.266245 -0.00282822 -0.00128546   0.0457799
-0.00282822    0.243381  0.00352002 -0.00750215
-0.00128546  0.00352002    0.217509  -0.0056615
  0.0457799 -0.00750215  -0.0056615    0.272864
IMAGINARY
           0   0.00330543 -0.000617282  0.000278521
 -0.00330543            0   0.00490125   -0.0131664
 0.000617282  -0.00490125            0 -0.000730449
-0.000278521    0.0131664  0.000730449            0
EndNode2[0]<--->HoM1[0]
REAL
    0.272293   0.00298953  0.000256873    0.0330162
  0.00298953     0.223382 -0.000693307   0.00484675
 0.000256873 -0.000693307     0.231136  -0.00159763
   0.0330162   0.00484675  -0.00159763     0.273188
IMAGINARY
           0   0.00068255 -0.000915863   0.00467757
 -0.00068255            0   0.00541744   -0.0152707
 0.000915863  -0.00541744            0  -0.00350405
 -0.00467757    0.0152707   0.00350405            0
Repeater1[0]<--->EndNode1[0]
REAL
   0.266245 -0.00128546 -0.00282822   0.0457799
-0.00128546    0.217509  0.00352002  -0.0056615
-0.00282822  0.00352002    0.243381 -0.00750215
  0.0457799  -0.0056615 -0.00750215    0.272864
IMAGINARY
           0 -0.000617282   0.00330543  0.000278521
 0.000617282            0  -0.00490125 -0.000730449
 -0.00330543   0.00490125            0   -0.0131664
-0.000278521  0.000730449    0.0131664            0
Repeater1[0]<--->HoM1[0]
REAL
    0.272293  0.000256873   0.00298953    0.0330162
 0.000256873     0.231136 -0.000693307  -0.00159763
  0.00298953 -0.000693307     0.223382   0.00484675
   0.0330162  -0.00159763   0.00484675     0.273188
IMAGINARY
           0 -0.000915863   0.00068255   0.00467757
 0.000915863            0  -0.00541744  -0.00350405
 -0.00068255   0.00541744            0   -0.0152707
 -0.00467757   0.00350405    0.0152707            0
EndNode1[0]<--->Repeater1[0]
REAL
   0.279185   0.0027797 -0.00776034   0.0308552
  0.0027797    0.225757 -0.00220624  -0.0103338
-0.00776034 -0.00220624     0.23286 0.000537549
  0.0308552  -0.0103338 0.000537549    0.262199
IMAGINARY
           0   0.00742718  0.000535696  -0.00474578
 -0.00742718            0   -0.0012746  -0.00883747
-0.000535696    0.0012746            0   0.00757428
  0.00474578   0.00883747  -0.00757428            0
EndNode2[0]<--->HoM1[0]
REAL
    0.27254  -0.0039128 -0.00175137   0.0365844
 -0.0039128    0.228488 -0.00100724 -0.00932038
-0.00175137 -0.00100724    0.226725 -0.00450173
  0.0365844 -0.00932038 -0.00450173    0.272247
IMAGINARY
           0  -0.00198916  -0.00405145  -0.00845681
  0.00198916            0  0.000568461    0.0086358
  0.00405145 -0.000568461            0  -0.00412331
  0.00845681   -0.0086358   0.00412331            0
Repeater1[0]<--->EndNode1[0]
REAL
   0.279185 -0.00776034   0.0027797   0.0308552
-0.00776034     0.23286 -0.00220624 0.000537549
  0.0027797 -0.00220624    0.225757  -0.0103338
  0.0308552 0.000537549  -0.0103338    0.262199
IMAGINARY
           0  0.000535696   0.00742718  -0.00474578
-0.000535696            0    0.0012746   0.00757428
 -0.00742718   -0.0012746            0  -0.00883747
  0.00474578  -0.00757428   0.00883747            0
Repeater1[0]<--->HoM1[0]
REAL
    0.27254 -0.00175137  -0.0039128   0.0365844
-0.00175137    0.226725 -0.00100724 -0.00450173
 -0.0039128 -0.00100724    0.228488 -0.00932038
  0.0365844 -0.00450173 -0.00932038    0.272247
IMAGINARY
           0  -0.00405145  -0.00198916  -0.00845681
  0.00405145            0 -0.000568461  -0.00412331
  0.00198916  0.000568461            0    0.0086358
  0.00845681   0.00412331   -0.0086358            0
EndNode1[0]<--->Repeater1[0]
REAL
    0.276157  -0.00940051  -0.00399746    0.0428587
 -0.00940051     0.226348  0.000911871 -0.000633549
 -0.00399746  0.000911871     0.239022  -0.00210233
   0.0428587 -0.000633549  -0.00210233     0.258473
IMAGINARY
          0  0.00568501  0.00397615 -0.00567949
-0.00568501           0   0.0107907 -0.00529155
-0.00397615  -0.0107907           0 -0.00466192
 0.00567949  0.00529155  0.00466192           0
EndNode2[0]<--->HoM1[0]
REAL
   0.271492 -0.00352343  0.00447218   0.0416125
-0.00352343    0.223634 -0.00381492  0.00326591
 0.00447218 -0.00381492    0.232201 -0.00570276
  0.0416125  0.00326591 -0.00570276    0.272674
IMAGINARY
           0   0.00227095   0.00395194 -0.000899426
 -0.00227095            0 -0.000452332   0.00870818
 -0.00395194  0.000452332            0   0.00949551
 0.000899426  -0.00870818  -0.00949551            0
Repeater1[0]<--->EndNode1[0]
REAL
    0.276157  -0.00399746  -0.00940051    0.0428587
 -0.00399746     0.239022  0.000911871  -0.00210233
 -0.00940051  0.000911871     0.226348 -0.000633549
   0.0428587  -0.00210233 -0.000633549     0.258473
IMAGINARY
          0  0.00397615  0.00568501 -0.00567949
-0.00397615           0  -0.0107907 -0.00466192
-0.00568501   0.0107907           0 -0.00529155
 0.00567949  0.00466192  0.00529155           0
Repeater1[0]<--->HoM1[0]
REAL
   0.271492  0.00447218 -0.00352343   0.0416125
 0.00447218    0.232201 -0.00381492 -0.00570276
-0.00352343 -0.00381492    0.223634  0.00326591
  0.0416125 -0.00570276  0.00326591    0.272674
IMAGINARY
           0   0.00395194   0.00227095 -0.000899426
 -0.00395194            0  0.000452332   0.00949551
 -0.00227095 -0.000452332            0   0.00870818
 0.000899426  -0.00949551  -0.00870818            0
EndNode1[0]<--->Repeater1[0]
REAL
   0.262059  0.00546041 -0.00461289   0.0396452
 0.00546041    0.220588   -0.010447  0.00415904
-0.00461289   -0.010447    0.235294  0.00679375
  0.0396452  0.00415904  0.00679375    0.282059
IMAGINARY
           0   0.00246091   -0.0028965   0.00172135
 -0.00246091            0     0.020769 -0.000483955
   0.0028965    -0.020769            0   0.00952433
 -0.00172135  0.000483955  -0.00952433            0
EndNode2[0]<--->HoM1[0]
REAL
    0.268947 -0.000805581  -0.00318821    0.0345105
-0.000805581      0.23061  -0.00301908  -0.00364483
 -0.00318821  -0.00301908     0.234149   -0.0075129
   0.0345105  -0.00364483   -0.0075129     0.266293
IMAGINARY
          0  0.00309743   0.0105948  -0.0146535
-0.00309743           0  0.00207396   0.0074312
 -0.0105948 -0.00207396           0 -0.00605251
  0.0146535  -0.0074312  0.00605251           0
Repeater1[0]<--->EndNode1[0]
REAL
   0.262059 -0.00461289  0.00546041   0.0396452
-0.00461289    0.235294   -0.010447  0.00679375
 0.00546041   -0.010447    0.220588  0.00415904
  0.0396452  0.00679375  0.00415904    0.282059
IMAGINARY
           0   -0.0028965   0.00246091   0.00172135
   0.0028965            0    -0.020769   0.00952433
 -0.00246091     0.020769            0 -0.000483955
 -0.00172135  -0.00952433  0.000483955            0
Repeater1[0]<--->HoM1[0]
REAL
    0.268947  -0.00318821 -0.000805581    0.0345105
 -0.00318821     0.234149  -0.00301908   -0.0075129
-0.000805581  -0.00301908      0.23061  -0.00364483
   0.0345105   -0.0075129  -0.00364483     0.266293
IMAGINARY
          0   0.0105948  0.00309743  -0.0146535
 -0.0105948           0 -0.00207396 -0.00605251
-0.00309743  0.00207396           0   0.0074312
  0.0146535  0.00605251  -0.0074312           0
EndNode1[0]<--->Repeater1[0]
REAL
    0.259392  -0.00383523 -0.000675009    0.0432321
 -0.00383523     0.231664  -0.00167631  0.000822894
-0.000675009  -0.00167631     0.235242    0.0122647
   0.0432321  0.000822894    0.0122647     0.273703
IMAGINARY
          0  0.00265091 -0.00165261  -0.0105576
-0.00265091           0 -0.00053996  0.00781062
 0.00165261  0.00053996           0  -0.0061054
  0.0105576 -0.00781062   0.0061054           0
EndNode2[0]<--->HoM1[0]
REAL
   0.268249  0.00734281 9.94224e-05   0.0451998
 0.00734281    0.234905  0.00824651  -0.0015597
9.94224e-05  0.00824651    0.227696  -0.0114316
  0.0451998  -0.0015597  -0.0114316     0.26915
IMAGINARY
          0  0.00426987   0.0136916 -0.00219812
-0.00426987           0   0.0035386 -0.00569767
 -0.0136916  -0.0035386           0 -0.00230908
 0.00219812  0.00569767  0.00230908           0
Repeater1[0]<--->EndNode1[0]
REAL
    0.259392 -0.000675009  -0.00383523    0.0432321
-0.000675009     0.235242  -0.00167631    0.0122647
 -0.00383523  -0.00167631     0.231664  0.000822894
   0.0432321    0.0122647  0.000822894     0.273703
IMAGINARY
          0 -0.00165261  0.00265091  -0.0105576
 0.00165261           0  0.00053996  -0.0061054
-0.00265091 -0.00053996           0  0.00781062
  0.0105576   0.0061054 -0.00781062           0
Repeater1[0]<--->HoM1[0]
REAL
   0.268249 9.94224e-05  0.00734281   0.0451998
9.94224e-05    0.227696  0.00824651  -0.0114316
 0.00734281  0.00824651    0.234905  -0.0015597
  0.0451998  -0.0114316  -0.0015597     0.26915
IMAGINARY
          0   0.0136916  0.00426987 -0.00219812
 -0.0136916           0  -0.0035386 -0.00230908
-0.00426987   0.0035386           0 -0.00569767
 0.00219812  0.00230908  0.00569767           0
EndNode1[0]<--->Repeater1[0]
REAL
   0.268454  0.00419594 -0.00585658   0.0437816
 0.00419594    0.231395  0.00770853  -0.0034382
-0.00585658  0.00770853     0.22567 0.000672749
  0.0437816  -0.0034382 0.000672749     0.27448
IMAGINARY
           0  -0.00915306  -0.00493734   0.00451358
  0.00915306            0 -0.000136884   0.00387189
  0.00493734  0.000136884            0   -0.0110905
 -0.00451358  -0.00387189    0.0110905            0
EndNode2[0]<--->HoM1[0]
REAL
   0.272224 -0.00841111   0.0103818   0.0391232
-0.00841111    0.228237  0.00567096 -0.00190722
  0.0103818  0.00567096    0.234389 -0.00490608
  0.0391232 -0.00190722 -0.00490608    0.265149
IMAGINARY
           0  -0.00386679 -0.000681731  -0.00798496
  0.00386679            0   0.00235366   0.00707483
 0.000681731  -0.00235366            0  0.000149871
  0.00798496  -0.00707483 -0.000149871            0
Repeater1[0]<--->EndNode1[0]
REAL
   0.268454 -0.00585658  0.00419594   0.0437816
-0.00585658     0.22567  0.00770853 0.000672749
 0.00419594  0.00770853    0.231395  -0.0034382
  0.0437816 0.000672749  -0.0034382     0.27448
IMAGINARY
           0  -0.00493734  -0.00915306   0.00451358
  0.00493734            0  0.000136884   -0.0110905
  0.00915306 -0.000136884            0   0.00387189
 -0.00451358    0.0110905  -0.00387189            0
Repeater1[0]<--->HoM1[0]
REAL
   0.272224   0.0103818 -0.00841111   0.0391232
  0.0103818    0.234389  0.00567096 -0.00490608
-0.00841111  0.00567096    0.228237 -0.00190722
  0.0391232 -0.00490608 -0.00190722    0.265149
IMAGINARY
           0 -0.000681731  -0.00386679  -0.00798496
 0.000681731            0  -0.00235366  0.000149871
  0.00386679   0.00235366            0   0.00707483
  0.00798496 -0.000149871  -0.00707483            0
EndNode1[0]<--->Repeater1[0]
REAL
   0.277374   0.0042028 0.000206175   0.0471062
  0.0042028    0.228675 -0.00758832  -0.0107341
0.000206175 -0.00758832    0.235632  0.00205292
  0.0471062  -0.0107341  0.00205292    0.258318
IMAGINARY
          0   0.0110187  0.00303481 -0.00621947
 -0.0110187           0  0.00695455  -0.0121257
-0.00303481 -0.00695455           0  0.00939863
 0.00621947   0.0121257 -0.00939863           0
EndNode2[0]<--->HoM1[0]
REAL
  0.257553 0.00421454 0.00600174  0.0445654
0.00421454   0.243515 0.00810547  0.0144399
0.00600174 0.00810547   0.225816 0.00876666
 0.0445654  0.0144399 0.00876666   0.273116
IMAGINARY
          0 -0.00376195   0.0126997 -0.00143997
 0.00376195           0  0.00533919  0.00530329
 -0.0126997 -0.00533919           0 -0.00939993
 0.00143997 -0.00530329  0.00939993           0
Repeater1[0]<--->EndNode1[0]
REAL
   0.277374 0.000206175   0.0042028   0.0471062
0.000206175    0.235632 -0.00758832  0.00205292
  0.0042028 -0.00758832    0.228675  -0.0107341
  0.0471062  0.00205292  -0.0107341    0.258318
IMAGINARY
          0  0.00303481   0.0110187 -0.00621947
-0.00303481           0 -0.00695455  0.00939863
 -0.0110187  0.00695455           0  -0.0121257
 0.00621947 -0.00939863   0.0121257           0
Repeater1[0]<--->HoM1[0]
REAL
  0.257553 0.00600174 0.00421454  0.0445654
0.00600174   0.225816 0.00810547 0.00876666
0.00421454 0.00810547   0.243515  0.0144399
 0.0445654 0.00876666  0.0144399   0.273116
IMAGINARY
          0   0.0126997 -0.00376195 -0.00143997
 -0.0126997           0 -0.00533919 -0.00939993
 0.00376195  0.00533919           0  0.00530329
 0.00143997  0.00939993 -0.00530329           0
EndNode1[0]<--->Repeater1[0]
REAL
    0.270746  -0.00263001  -0.00366908    0.0301433
 -0.00263001     0.230149     0.013033 -0.000557971
 -0.00366908     0.013033     0.233433 -8.73825e-05
   0.0301433 -0.000557971 -8.73825e-05     0.265672
IMAGINARY
           0  0.000900997  -0.00576976   0.00746936
-0.000900997            0   0.00851946    0.0123506
  0.00576976  -0.00851946            0  -0.00484952
 -0.00746936   -0.0123506   0.00484952            0
EndNode2[0]<--->HoM1[0]
REAL
   0.265709  0.00364512    0.004327   0.0412254
 0.00364512    0.228007  0.00452817 0.000457693
   0.004327  0.00452817    0.224716 -0.00274799
  0.0412254 0.000457693 -0.00274799    0.281568
IMAGINARY
           0   0.00366634    0.0117476   0.00450074
 -0.00366634            0   0.00269351 -0.000432642
  -0.0117476  -0.00269351            0   0.00489635
 -0.00450074  0.000432642  -0.00489635            0
Repeater1[0]<--->EndNode1[0]
REAL
    0.270746  -0.00366908  -0.00263001    0.0301433
 -0.00366908     0.233433     0.013033 -8.73825e-05
 -0.00263001     0.013033     0.230149 -0.000557971
   0.0301433 -8.73825e-05 -0.000557971     0.265672
IMAGINARY
           0  -0.00576976  0.000900997   0.00746936
  0.00576976            0  -0.00851946  -0.00484952
-0.000900997   0.00851946            0    0.0123506
 -0.00746936   0.00484952   -0.0123506            0
Repeater1[0]<--->HoM1[0]
REAL
   0.265709    0.004327  0.00364512   0.0412254
   0.004327    0.224716  0.00452817 -0.00274799
 0.00364512  0.00452817    0.228007 0.000457693
  0.0412254 -0.00274799 0.000457693    0.281568
IMAGINARY
           0    0.0117476   0.00366634   0.00450074
  -0.0117476            0  -0.00269351   0.00489635
 -0.00366634   0.00269351            0 -0.000432642
 -0.00450074  -0.00489635  0.000432642            0
EndNode1[0]<--->Repeater1[0]
REAL
   0.263971 -0.00586749 -0.00588656   0.0372883
-0.00586749    0.233948 -0.00773537   0.0033363
-0.00588656 -0.00773537    0.227408 -0.00868397
  0.0372883   0.0033363 -0.00868397    0.274673
IMAGINARY
           0   0.00923657   -0.0262241  -0.00665659
 -0.00923657            0  -0.00299359    0.0022312
   0.0262241   0.00299359            0  0.000538311
  0.00665659   -0.0022312 -0.000538311            0
EndNode2[0]<--->HoM1[0]
REAL
     0.26638    0.0111539 -0.000793158    0.0340152
   0.0111539     0.231929  -0.00422007    -0.006966
-0.000793158  -0.00422007     0.247001   -0.0105332
   0.0340152    -0.006966   -0.0105332     0.254691
IMAGINARY
           0   0.00510387   0.00312189   0.00741138
 -0.00510387            0 -0.000173569   -0.0128278
 -0.00312189  0.000173569            0  -0.00128034
 -0.00741138    0.0128278   0.00128034            0
Repeater1[0]<--->EndNode1[0]
REAL
   0.263971 -0.00588656 -0.00586749   0.0372883
-0.00588656    0.227408 -0.00773537 -0.00868397
-0.00586749 -0.00773537    0.233948   0.0033363
  0.0372883 -0.00868397   0.0033363    0.274673
IMAGINARY
           0   -0.0262241   0.00923657  -0.00665659
   0.0262241            0   0.00299359  0.000538311
 -0.00923657  -0.00299359            0    0.0022312
  0.00665659 -0.000538311   -0.0022312            0
Repeater1[0]<--->HoM1[0]
REAL
     0.26638 -0.000793158    0.0111539    0.0340152
-0.000793158     0.247001  -0.00422007   -0.0105332
   0.0111539  -0.00422007     0.231929    -0.006966
   0.0340152   -0.0105332    -0.006966     0.254691
IMAGINARY
           0   0.00312189   0.00510387   0.00741138
 -0.00312189            0  0.000173569  -0.00128034
 -0.00510387 -0.000173569            0   -0.0128278
 -0.00741138   0.00128034    0.0128278            0
EndNode1[0]<--->Repeater1[0]
REAL
   0.271202 2.78631e-05 -0.00117659   0.0292844
2.78631e-05    0.238238    0.004329  -0.0111283
-0.00117659    0.004329    0.220258  -0.0051299
  0.0292844  -0.0111283  -0.0051299    0.270303
IMAGINARY
           0   0.00559753  -0.00107797  -0.00214268
 -0.00559753            0 -0.000516899  -0.00516089
  0.00107797  0.000516899            0  -0.00322082
  0.00214268   0.00516089   0.00322082            0
EndNode2[0]<--->HoM1[0]
REAL
     0.28024   0.00629204  0.000526811    0.0370805
  0.00629204     0.224551 -0.000268902  -0.00168623
 0.000526811 -0.000268902     0.226048  -0.00165436
   0.0370805  -0.00168623  -0.00165436     0.269162
IMAGINARY
           0  -0.00237188  -0.00324193   0.00457752
  0.00237188            0  -0.00202266  0.000531086
  0.00324193   0.00202266            0  0.000865859
 -0.00457752 -0.000531086 -0.000865859            0
Repeater1[0]<--->EndNode1[0]
REAL
   0.271202 -0.00117659 2.78631e-05   0.0292844
-0.00117659    0.220258    0.004329  -0.0051299
2.78631e-05    0.004329    0.238238  -0.0111283
  0.0292844  -0.0051299  -0.0111283    0.270303
IMAGINARY
           0  -0.00107797   0.00559753  -0.00214268
  0.00107797            0  0.000516899  -0.00322082
 -0.00559753 -0.000516899            0  -0.00516089
  0.00214268   0.00322082   0.00516089            0
Repeater1[0]<--->HoM1[0]
REAL
     0.28024  0.000526811   0.00629204    0.0370805
 0.000526811     0.226048 -0.000268902  -0.00165436
  0.00629204 -0.000268902     0.224551  -0.00168623
   0.0370805  -0.00165436  -0.00168623     0.269162
IMAGINARY
           0  -0.00324193  -0.00237188   0.00457752
  0.00324193            0   0.00202266  0.000865859
  0.00237188  -0.00202266            0  0.000531086
 -0.00457752 -0.000865859 -0.000531086            0
EndNode1[0]<--->Repeater1[0]
REAL
   0.264837 -0.00625749 -0.00297979   0.0412926
-0.00625749    0.228452 0.000549652  0.00207672
-0.00297979 0.000549652    0.239487 0.000538042
  0.0412926  0.00207672 0.000538042    0.267223
IMAGINARY
          0  -0.0035285  -0.0062659 -0.00775375
  0.0035285           0  0.00745363 -0.00182277
  0.0062659 -0.00745363           0 -0.00785556
 0.00775375  0.00182277  0.00785556           0
EndNode2[0]<--->HoM1[0]
REAL
   0.273388 -0.00491112  0.00452527   0.0434225
-0.00491112    0.227975 -0.00461245   0.0052905
 0.00452527 -0.00461245    0.224039  -0.0121532
  0.0434225   0.0052905  -0.0121532    0.274599
IMAGINARY
           0   0.00973739  0.000939564    0.0155538
 -0.00973739            0  -0.00492809  -0.00561829
-0.000939564   0.00492809            0   0.00398688
  -0.0155538   0.00561829  -0.00398688            0
Repeater1[0]<--->EndNode1[0]
REAL
   0.264837 -0.00297979 -0.00625749   0.0412926
-0.00297979    0.239487 0.000549652 0.000538042
-0.00625749 0.000549652    0.228452  0.00207672
  0.0412926 0.000538042  0.00207672    0.267223
IMAGINARY
          0  -0.0062659  -0.0035285 -0.00775375
  0.0062659           0 -0.00745363 -0.00785556
  0.0035285  0.00745363           0 -0.00182277
 0.00775375  0.00785556  0.00182277           0
Repeater1[0]<--->HoM1[0]
REAL
   0.273388  0.00452527 -0.00491112   0.0434225
 0.00452527    0.224039 -0.00461245  -0.0121532
-0.00491112 -0.00461245    0.227975   0.0052905
  0.0434225  -0.0121532   0.0052905    0.274599
IMAGINARY
           0  0.000939564   0.00973739    0.0155538
-0.000939564            0   0.00492809   0.00398688
 -0.00973739  -0.00492809            0  -0.00561829
  -0.0155538  -0.00398688   0.00561829            0
EndNode1[0]<--->Repeater1[0]
REAL
   0.266463 -0.00686862 -0.00346361   0.0397406
-0.00686862    0.244817   -0.001209  0.00073303
-0.00346361   -0.001209    0.228963  0.00201425
  0.0397406  0.00073303  0.00201425    0.259756
IMAGINARY
           0   0.00399726   0.00329642   -0.0040398
 -0.00399726            0  -0.00108995  -0.00774746
 -0.00329642   0.00108995            0  0.000750511
   0.0040398   0.00774746 -0.000750511            0
EndNode2[0]<--->HoM1[0]
REAL
   0.276654 -0.00778403   0.0106217   0.0426332
-0.00778403     0.22531 -0.00502188   0.0125591
  0.0106217 -0.00502188    0.228632  0.00763052
  0.0426332   0.0125591  0.00763052    0.269405
IMAGINARY
           0  -0.00977835   0.00635758   0.00204746
  0.00977835            0   0.00431537  0.000752859
 -0.00635758  -0.00431537            0  -0.00247581
 -0.00204746 -0.000752859   0.00247581            0
Repeater1[0]<--->EndNode1[0]
REAL
   0.266463 -0.00346361 -0.00686862   0.0397406
-0.00346361    0.228963   -0.001209  0.00201425
-0.00686862   -0.001209    0.244817  0.00073303
  0.0397406  0.00201425  0.00073303    0.259756
IMAGINARY
           0   0.00329642   0.00399726   -0.0040398
 -0.00329642            0   0.00108995  0.000750511
 -0.00399726  -0.00108995            0  -0.00774746
   0.0040398 -0.000750511   0.00774746            0
Repeater1[0]<--->HoM1[0]
REAL
   0.276654   0.0106217 -0.00778403   0.0426332
  0.0106217    0.228632 -0.00502188  0.00763052
-0.00778403 -0.00502188     0.22531   0.0125591
  0.0426332  0.00763052   0.0125591    0.269405
IMAGINARY
           0   0.00635758  -0.00977835   0.00204746
 -0.00635758            0  -0.00431537  -0.00247581
  0.00977835   0.00431537            0  0.000752859
 -0.00204746   0.00247581 -0.000752859            0
EndNode1[0]<--->Repeater1[0]
REAL
   0.255172  0.00195157   0.0011739   0.0410557
 0.00195157    0.225787 -0.00284674  0.00599028
  0.0011739 -0.00284674    0.238081 -0.00344411
  0.0410557  0.00599028 -0.00344411     0.28096
IMAGINARY
           0 -8.07191e-05 -0.000959333 -0.000720952
 8.07191e-05            0  -0.00554023   -0.0124553
 0.000959333   0.00554023            0  -0.00723635
 0.000720952    0.0124553   0.00723635            0
EndNode2[0]<--->HoM1[0]
REAL
    0.264081  -0.00664901   -0.0086584    0.0371919
 -0.00664901     0.240382  -0.00834573 -0.000956981
  -0.0086584  -0.00834573     0.230532  -0.00236541
   0.0371919 -0.000956981  -0.00236541     0.265005
IMAGINARY
           0  -0.00678676 -2.75556e-05  -0.00484415
  0.00678676            0   0.00230759  -0.00195234
 2.75556e-05  -0.00230759            0   0.00267467
  0.00484415   0.00195234  -0.00267467            0
Repeater1[0]<--->EndNode1[0]
REAL
   0.255172   0.0011739  0.00195157   0.0410557
  0.0011739    0.238081 -0.00284674 -0.00344411
 0.00195157 -0.00284674    0.225787  0.00599028
  0.0410557 -0.00344411  0.00599028     0.28096
IMAGINARY
           0 -0.000959333 -8.07191e-05 -0.000720952
 0.000959333            0   0.00554023  -0.00723635
 8.07191e-05  -0.00554023            0   -0.0124553
 0.000720952   0.00723635    0.0124553            0
Repeater1[0]<--->HoM1[0]
REAL
    0.264081   -0.0086584  -0.00664901    0.0371919
  -0.0086584     0.230532  -0.00834573  -0.00236541
 -0.00664901  -0.00834573     0.240382 -0.000956981
   0.0371919  -0.00236541 -0.000956981     0.265005
IMAGINARY
           0 -2.75556e-05  -0.00678676  -0.00484415
 2.75556e-05            0  -0.00230759   0.00267467
  0.00678676   0.00230759            0  -0.00195234
  0.00484415  -0.00267467   0.00195234            0
EndNode1[0]<--->Repeater1[0]
REAL
   0.255737 -0.00387561  -0.0123271   0.0343142
-0.00387561    0.240942  0.00771035  0.00220437
 -0.0123271  0.00771035    0.222524  0.00142162
  0.0343142  0.00220437  0.00142162    0.280797
IMAGINARY
           0   0.00560806 -0.000571608 -0.000305623
 -0.00560806            0 -0.000305623  -0.00231681
 0.000571608  0.000305623            0   -0.0127531
 0.000305623   0.00231681    0.0127531            0
EndNode2[0]<--->HoM1[0]
REAL
   0.268872  0.00192644   0.0136325   0.0445277
 0.00192644     0.22797   0.0129281 -0.00688186
  0.0136325   0.0129281    0.226466  0.00632438
  0.0445277 -0.00688186  0.00632438    0.276692
IMAGINARY
          0   0.0012047   0.0121953  0.00187065
 -0.0012047           0 -0.00142276 -0.00327482
 -0.0121953  0.00142276           0   -0.009218
-0.00187065  0.00327482    0.009218           0
Repeater1[0]<--->EndNode1[0]
REAL
   0.255737  -0.0123271 -0.00387561   0.0343142
 -0.0123271    0.222524  0.00771035  0.00142162
-0.00387561  0.00771035    0.240942  0.00220437
  0.0343142  0.00142162  0.00220437    0.280797
IMAGINARY
           0 -0.000571608   0.00560806 -0.000305623
 0.000571608            0  0.000305623   -0.0127531
 -0.00560806 -0.000305623            0  -0.00231681
 0.000305623    0.0127531   0.00231681            0
Repeater1[0]<--->HoM1[0]
REAL
   0.268872   0.0136325  0.00192644   0.0445277
  0.0136325    0.226466   0.0129281  0.00632438
 0.00192644   0.0129281     0.22797 -0.00688186
  0.0445277  0.00632438 -0.00688186    0.276692
IMAGINARY
          0   0.0121953   0.0012047  0.00187065
 -0.0121953           0  0.00142276   -0.009218
 -0.0012047 -0.00142276           0 -0.00327482
-0.00187065    0.009218  0.00327482           0
EndNode1[0]<--->Repeater1[0]
REAL
    0.269799 -0.000260623  -0.00328412    0.0428332
-0.000260623     0.219858  -0.00178502   0.00222384
 -0.00328412  -0.00178502      0.23818  -0.00776725
   0.0428332   0.00222384  -0.00776725     0.272163
IMAGINARY
          0 -0.00929833  0.00502237  -0.0037687
 0.00929833           0 -0.00588607  0.00985037
-0.00502237  0.00588607           0   0.0057718
  0.0037687 -0.00985037  -0.0057718           0
EndNode2[0]<--->HoM1[0]
REAL
   0.290649 -0.00549463  0.00606134   0.0415315
-0.00549463    0.210542 -0.00728906  0.00666593
 0.00606134 -0.00728906    0.225432 -0.00935385
  0.0415315  0.00666593 -0.00935385    0.273377
IMAGINARY
           0  -0.00119501 -0.000586799   0.00715784
  0.00119501            0  -0.00105847   0.00521505
 0.000586799   0.00105847            0  -0.00134307
 -0.00715784  -0.00521505   0.00134307            0
Repeater1[0]<--->EndNode1[0]
REAL
    0.269799  -0.00328412 -0.000260623    0.0428332
 -0.00328412      0.23818  -0.00178502  -0.00776725
-0.000260623  -0.00178502     0.219858   0.00222384
   0.0428332  -0.00776725   0.00222384     0.272163
IMAGINARY
          0  0.00502237 -0.00929833  -0.0037687
-0.00502237           0  0.00588607   0.0057718
 0.00929833 -0.00588607           0  0.00985037
  0.0037687  -0.0057718 -0.00985037           0
Repeater1[0]<--->HoM1[0]
REAL
   0.290649  0.00606134 -0.00549463   0.0415315
