EndNode1[0]<--->Repeater1[0]
REAL
   0.486039 0.000458468  0.00563065    0.462817
0.000458468   0.0223995 -0.00231358 -0.00504551
 0.00563065 -0.00231358    0.015649  0.00275979
   0.462817 -0.00504551  0.00275979    0.475913
IMAGINARY
           0  1.13553e-05  -0.00414458  0.000352847
-1.13553e-05            0   0.00452448   0.00111243
  0.00414458  -0.00452448            0   0.00635614
-0.000352847  -0.00111243  -0.00635614            0
EndNode2[0]<--->HoM1[0]
REAL
   0.476345  0.00509665 0.000464043    0.461356
 0.00509665   0.0227676  0.00145431  0.00632462
0.000464043  0.00145431   0.0204021  0.00464361
   0.461356  0.00632462  0.00464361    0.480485
IMAGINARY
           0 -0.000180292   0.00479376  -0.00591557
 0.000180292            0   0.00182342   0.00260908
 -0.00479376  -0.00182342            0  -0.00722255
  0.00591557  -0.00260908   0.00722255            0
Repeater1[0]<--->EndNode1[0]
REAL
   0.486039  0.00563065 0.000458468    0.462817
 0.00563065    0.015649 -0.00231358  0.00275979
0.000458468 -0.00231358   0.0223995 -0.00504551
   0.462817  0.00275979 -0.00504551    0.475913
IMAGINARY
           0  -0.00414458  1.13553e-05  0.000352847
  0.00414458            0  -0.00452448   0.00635614
-1.13553e-05   0.00452448            0   0.00111243
-0.000352847  -0.00635614  -0.00111243            0
Repeater1[0]<--->HoM1[0]
REAL
   0.476345 0.000464043  0.00509665    0.461356
0.000464043   0.0204021  0.00145431  0.00464361
 0.00509665  0.00145431   0.0227676  0.00632462
   0.461356  0.00464361  0.00632462    0.480485
IMAGINARY
           0   0.00479376 -0.000180292  -0.00591557
 -0.00479376            0  -0.00182342  -0.00722255
 0.000180292   0.00182342            0   0.00260908
  0.00591557   0.00722255  -0.00260908            0
EndNode1[0]<--->Repeater1[0]
REAL
    0.46751   0.0104843   0.0106002    0.461755
  0.0104843   0.0164657 -0.00161251   0.0146824
  0.0106002 -0.00161251    0.018524   0.0142034
   0.461755   0.0146824   0.0142034    0.497501
IMAGINARY
           0  0.000900624     0.009978   -0.0154739
-0.000900624            0    0.0122873  -0.00805777
   -0.009978   -0.0122873            0    0.0036784
   0.0154739   0.00805777   -0.0036784            0
EndNode2[0]<--->HoM1[0]
REAL
    0.480693   0.00214528 -0.000166376      0.46551
  0.00214528    0.0194588   0.00052974   -0.0101429
-0.000166376   0.00052974    0.0167224    -0.013061
     0.46551   -0.0101429    -0.013061     0.483126
IMAGINARY
          0 -0.00336968  0.00588784  0.00280983
 0.00336968           0 -0.00205886 -0.00124851
-0.00588784  0.00205886           0 -0.00156896
-0.00280983  0.00124851  0.00156896           0
Repeater1[0]<--->EndNode1[0]
REAL
    0.46751   0.0106002   0.0104843    0.461755
  0.0106002    0.018524 -0.00161251   0.0142034
  0.0104843 -0.00161251   0.0164657   0.0146824
   0.461755   0.0142034   0.0146824    0.497501
IMAGINARY
           0     0.009978  0.000900624   -0.0154739
   -0.009978            0   -0.0122873    0.0036784
-0.000900624    0.0122873            0  -0.00805777
   0.0154739   -0.0036784   0.00805777            0
Repeater1[0]<--->HoM1[0]
REAL
    0.480693 -0.000166376   0.00214528      0.46551
-0.000166376    0.0167224   0.00052974    -0.013061
  0.00214528   0.00052974    0.0194588   -0.0101429
     0.46551    -0.013061   -0.0101429     0.483126
IMAGINARY
          0  0.00588784 -0.00336968  0.00280983
-0.00588784           0  0.00205886 -0.00156896
 0.00336968 -0.00205886           0 -0.00124851
-0.00280983  0.00156896  0.00124851           0
EndNode1[0]<--->Repeater1[0]
REAL
     0.48012  -0.00155425   0.00479553     0.467037
 -0.00155425    0.0167414 -0.000239815   0.00229774
  0.00479553 -0.000239815    0.0212257   0.00744015
    0.467037   0.00229774   0.00744015     0.481913
IMAGINARY
           0 -0.000278858  -0.00332286   0.00271859
 0.000278858            0   0.00331277   0.00647506
  0.00332286  -0.00331277            0  -0.00257314
 -0.00271859  -0.00647506   0.00257314            0
EndNode2[0]<--->HoM1[0]
REAL
  0.471463 0.00589329 0.00555126   0.467485
0.00589329  0.0172414 0.00433356 0.00868465
0.00555126 0.00433356   0.020214  0.0051468
  0.467485 0.00868465  0.0051468   0.491082
IMAGINARY
           0    0.0027186   0.00446304    0.0127857
  -0.0027186            0  8.91965e-05  -0.00506221
 -0.00446304 -8.91965e-05            0  -0.00900979
  -0.0127857   0.00506221   0.00900979            0
Repeater1[0]<--->EndNode1[0]
REAL
     0.48012   0.00479553  -0.00155425     0.467037
  0.00479553    0.0212257 -0.000239815   0.00744015
 -0.00155425 -0.000239815    0.0167414   0.00229774
    0.467037   0.00744015   0.00229774     0.481913
IMAGINARY
           0  -0.00332286 -0.000278858   0.00271859
  0.00332286            0  -0.00331277  -0.00257314
 0.000278858   0.00331277            0   0.00647506
 -0.00271859   0.00257314  -0.00647506            0
Repeater1[0]<--->HoM1[0]
REAL
  0.471463 0.00555126 0.00589329   0.467485
0.00555126   0.020214 0.00433356  0.0051468
0.00589329 0.00433356  0.0172414 0.00868465
  0.467485  0.0051468 0.00868465   0.491082
IMAGINARY
           0   0.00446304    0.0027186    0.0127857
 -0.00446304            0 -8.91965e-05  -0.00900979
  -0.0027186  8.91965e-05            0  -0.00506221
  -0.0127857   0.00900979   0.00506221            0
EndNode1[0]<--->Repeater1[0]
REAL
   0.486037  0.00218283   0.0053944    0.466081
 0.00218283   0.0190137 -0.00212476   0.0206705
  0.0053944 -0.00212476   0.0163399   0.0158392
   0.466081   0.0206705   0.0158392     0.47861
IMAGINARY
           0  -0.00184794   0.00326912  0.000533833
  0.00184794            0  0.000684936  -0.00403341
 -0.00326912 -0.000684936            0   0.00261223
-0.000533833   0.00403341  -0.00261223            0
EndNode2[0]<--->HoM1[0]
REAL
    0.461252  -0.00167879   0.00119575     0.462414
 -0.00167879    0.0192188 -0.000389125  -0.00963457
  0.00119575 -0.000389125    0.0192188  -0.00615726
    0.462414  -0.00963457  -0.00615726      0.50031
IMAGINARY
          0 -0.00873656  0.00594821 -0.00136258
 0.00873656           0 -0.00642185  0.00834629
-0.00594821  0.00642185           0 -0.00340607
 0.00136258 -0.00834629  0.00340607           0
Repeater1[0]<--->EndNode1[0]
REAL
   0.486037   0.0053944  0.00218283    0.466081
  0.0053944   0.0163399 -0.00212476   0.0158392
 0.00218283 -0.00212476   0.0190137   0.0206705
   0.466081   0.0158392   0.0206705     0.47861
IMAGINARY
           0   0.00326912  -0.00184794  0.000533833
 -0.00326912            0 -0.000684936   0.00261223
  0.00184794  0.000684936            0  -0.00403341
-0.000533833  -0.00261223   0.00403341            0
Repeater1[0]<--->HoM1[0]
REAL
    0.461252   0.00119575  -0.00167879     0.462414
  0.00119575    0.0192188 -0.000389125  -0.00615726
 -0.00167879 -0.000389125    0.0192188  -0.00963457
    0.462414  -0.00615726  -0.00963457      0.50031
IMAGINARY
          0  0.00594821 -0.00873656 -0.00136258
-0.00594821           0  0.00642185 -0.00340607
 0.00873656 -0.00642185           0  0.00834629
 0.00136258  0.00340607 -0.00834629           0
EndNode1[0]<--->Repeater1[0]
REAL
   0.475672  0.00209487 -0.00202155    0.460466
 0.00209487   0.0211544 -0.00109621 -0.00495238
-0.00202155 -0.00109621   0.0250831 -0.00967523
   0.460466 -0.00495238 -0.00967523     0.47809
IMAGINARY
          0 -0.00121674 -0.00303546 -0.00364322
 0.00121674           0  0.00274609  0.00182481
 0.00303546 -0.00274609           0  0.00333539
 0.00364322 -0.00182481 -0.00333539           0
EndNode2[0]<--->HoM1[0]
REAL
  0.480923  0.0120208  0.0174207   0.460556
 0.0120208  0.0159716 0.00122366 0.00990084
 0.0174207 0.00122366  0.0201124   0.012912
  0.460556 0.00990084   0.012912   0.482993
IMAGINARY
          0  -0.0054548  0.00613989  0.00603998
  0.0054548           0 -0.00634155   0.0019026
-0.00613989  0.00634155           0 -0.00380165
-0.00603998  -0.0019026  0.00380165           0
Repeater1[0]<--->EndNode1[0]
REAL
   0.475672 -0.00202155  0.00209487    0.460466
-0.00202155   0.0250831 -0.00109621 -0.00967523
 0.00209487 -0.00109621   0.0211544 -0.00495238
   0.460466 -0.00967523 -0.00495238     0.47809
IMAGINARY
          0 -0.00303546 -0.00121674 -0.00364322
 0.00303546           0 -0.00274609  0.00333539
 0.00121674  0.00274609           0  0.00182481
 0.00364322 -0.00333539 -0.00182481           0
Repeater1[0]<--->HoM1[0]
REAL
  0.480923  0.0174207  0.0120208   0.460556
 0.0174207  0.0201124 0.00122366   0.012912
 0.0120208 0.00122366  0.0159716 0.00990084
  0.460556   0.012912 0.00990084   0.482993
IMAGINARY
          0  0.00613989  -0.0054548  0.00603998
-0.00613989           0  0.00634155 -0.00380165
  0.0054548 -0.00634155           0   0.0019026
-0.00603998  0.00380165  -0.0019026           0
EndNode1[0]<--->Repeater1[0]
REAL
   0.479356  0.00335066  0.00709842    0.466721
 0.00335066   0.0218579 -0.00243531 0.000404586
 0.00709842 -0.00243531     0.02034  0.00925438
   0.466721 0.000404586  0.00925438    0.478446
IMAGINARY
           0  -0.00534169   0.00400264  -0.00327823
  0.00534169            0   0.00357925   0.00159155
 -0.00400264  -0.00357925            0  0.000957051
  0.00327823  -0.00159155 -0.000957051            0
EndNode2[0]<--->HoM1[0]
REAL
    0.481149   0.00321357  -0.00455753     0.467104
  0.00321357     0.021544  0.000509326 -0.000178187
 -0.00455753  0.000509326    0.0197487  -0.00367187
    0.467104 -0.000178187  -0.00367187     0.477558
IMAGINARY
          0 -0.00722173 -0.00698998 -0.00276652
 0.00722173           0   0.0038085  0.00377209
 0.00698998  -0.0038085           0   0.0089073
 0.00276652 -0.00377209  -0.0089073           0
Repeater1[0]<--->EndNode1[0]
REAL
   0.479356  0.00709842  0.00335066    0.466721
 0.00709842     0.02034 -0.00243531  0.00925438
 0.00335066 -0.00243531   0.0218579 0.000404586
   0.466721  0.00925438 0.000404586    0.478446
IMAGINARY
           0   0.00400264  -0.00534169  -0.00327823
 -0.00400264            0  -0.00357925  0.000957051
  0.00534169   0.00357925            0   0.00159155
  0.00327823 -0.000957051  -0.00159155            0
Repeater1[0]<--->HoM1[0]
REAL
    0.481149  -0.00455753   0.00321357     0.467104
 -0.00455753    0.0197487  0.000509326  -0.00367187
  0.00321357  0.000509326     0.021544 -0.000178187
    0.467104  -0.00367187 -0.000178187     0.477558
IMAGINARY
          0 -0.00698998 -0.00722173 -0.00276652
 0.00698998           0  -0.0038085   0.0089073
 0.00722173   0.0038085           0  0.00377209
 0.00276652  -0.0089073 -0.00377209           0
EndNode1[0]<--->Repeater1[0]
REAL
    0.479724  0.000854772     0.011834     0.466031
 0.000854772    0.0169687 -0.000534583 -0.000688935
    0.011834 -0.000534583    0.0169687   0.00754217
    0.466031 -0.000688935   0.00754217     0.486339
IMAGINARY
           0  0.000252996   0.00681591  -0.00111048
-0.000252996            0    0.0151546   -0.0056001
 -0.00681591   -0.0151546            0   0.00157071
  0.00111048    0.0056001  -0.00157071            0
EndNode2[0]<--->HoM1[0]
REAL
    0.478116   0.00945825   0.00384584     0.465408
  0.00945825     0.012766 -0.000754082   0.00101425
  0.00384584 -0.000754082    0.0209726  -0.00636547
    0.465408   0.00101425  -0.00636547     0.488146
IMAGINARY
           0  -0.00567941   0.00392069   0.00620403
  0.00567941            0 -5.34171e-05   0.00869433
 -0.00392069  5.34171e-05            0   -0.0081229
 -0.00620403  -0.00869433    0.0081229            0
Repeater1[0]<--->EndNode1[0]
REAL
    0.479724     0.011834  0.000854772     0.466031
    0.011834    0.0169687 -0.000534583   0.00754217
 0.000854772 -0.000534583    0.0169687 -0.000688935
    0.466031   0.00754217 -0.000688935     0.486339
IMAGINARY
           0   0.00681591  0.000252996  -0.00111048
 -0.00681591            0   -0.0151546   0.00157071
-0.000252996    0.0151546            0   -0.0056001
  0.00111048  -0.00157071    0.0056001            0
Repeater1[0]<--->HoM1[0]
REAL
    0.478116   0.00384584   0.00945825     0.465408
  0.00384584    0.0209726 -0.000754082  -0.00636547
  0.00945825 -0.000754082     0.012766   0.00101425
    0.465408  -0.00636547   0.00101425     0.488146
IMAGINARY
           0   0.00392069  -0.00567941   0.00620403
 -0.00392069            0  5.34171e-05   -0.0081229
  0.00567941 -5.34171e-05            0   0.00869433
 -0.00620403    0.0081229  -0.00869433            0
EndNode1[0]<--->Repeater1[0]
REAL
    0.483228  -0.00227126   0.00139649     0.459247
 -0.00227126    0.0187368 -0.000383316   0.00437445
  0.00139649 -0.000383316    0.0196434   0.00419491
    0.459247   0.00437445   0.00419491     0.478392
IMAGINARY
           0   0.00191044  -0.00133711  0.000611412
 -0.00191044            0   -0.0136315  -0.00528847
  0.00133711    0.0136315            0    0.0013253
-0.000611412   0.00528847   -0.0013253            0
EndNode2[0]<--->HoM1[0]
REAL
    0.477653   0.00689994   0.00891064     0.465863
  0.00689994    0.0173305 -0.000115466   0.00366893
  0.00891064 -0.000115466     0.020675   0.00173904
    0.465863   0.00366893   0.00173904     0.484342
IMAGINARY
           0  -0.00439022  0.000146143   0.00646258
  0.00439022            0   0.00203257 -0.000753677
-0.000146143  -0.00203257            0   0.00864295
 -0.00646258  0.000753677  -0.00864295            0
Repeater1[0]<--->EndNode1[0]
REAL
    0.483228   0.00139649  -0.00227126     0.459247
  0.00139649    0.0196434 -0.000383316   0.00419491
 -0.00227126 -0.000383316    0.0187368   0.00437445
    0.459247   0.00419491   0.00437445     0.478392
IMAGINARY
           0  -0.00133711   0.00191044  0.000611412
  0.00133711            0    0.0136315    0.0013253
 -0.00191044   -0.0136315            0  -0.00528847
-0.000611412   -0.0013253   0.00528847            0
Repeater1[0]<--->HoM1[0]
REAL
    0.477653   0.00891064   0.00689994     0.465863
  0.00891064     0.020675 -0.000115466   0.00173904
  0.00689994 -0.000115466    0.0173305   0.00366893
    0.465863   0.00173904   0.00366893     0.484342
IMAGINARY
           0  0.000146143  -0.00439022   0.00646258
-0.000146143            0  -0.00203257   0.00864295
  0.00439022   0.00203257            0 -0.000753677
 -0.00646258  -0.00864295  0.000753677            0
EndNode1[0]<--->Repeater1[0]
REAL
   0.498349  0.00492865   0.0134027    0.462841
 0.00492865   0.0183128  0.00145565 0.000364319
  0.0134027  0.00145565   0.0144101  0.00339208
   0.462841 0.000364319  0.00339208    0.468928
IMAGINARY
           0    0.0019223    -0.015001   0.00462021
  -0.0019223            0 -0.000213628   0.00687959
    0.015001  0.000213628            0   0.00252146
 -0.00462021  -0.00687959  -0.00252146            0
EndNode2[0]<--->HoM1[0]
REAL
    0.487923   0.00410245   0.00246736     0.465807
  0.00410245    0.0187198  -0.00207774 -0.000968556
  0.00246736  -0.00207774    0.0181159  -0.00230389
    0.465807 -0.000968556  -0.00230389     0.475242
IMAGINARY
           0   0.00659131 -0.000903246   0.00142501
 -0.00659131            0  -0.00423649   0.00414426
 0.000903246   0.00423649            0    -0.010127
 -0.00142501  -0.00414426     0.010127            0
Repeater1[0]<--->EndNode1[0]
REAL
   0.498349   0.0134027  0.00492865    0.462841
  0.0134027   0.0144101  0.00145565  0.00339208
 0.00492865  0.00145565   0.0183128 0.000364319
   0.462841  0.00339208 0.000364319    0.468928
IMAGINARY
           0    -0.015001    0.0019223   0.00462021
    0.015001            0  0.000213628   0.00252146
  -0.0019223 -0.000213628            0   0.00687959
 -0.00462021  -0.00252146  -0.00687959            0
Repeater1[0]<--->HoM1[0]
REAL
    0.487923   0.00246736   0.00410245     0.465807
  0.00246736    0.0181159  -0.00207774  -0.00230389
  0.00410245  -0.00207774    0.0187198 -0.000968556
    0.465807  -0.00230389 -0.000968556     0.475242
IMAGINARY
           0 -0.000903246   0.00659131   0.00142501
 0.000903246            0   0.00423649    -0.010127
 -0.00659131  -0.00423649            0   0.00414426
 -0.00142501     0.010127  -0.00414426            0
EndNode1[0]<--->Repeater1[0]
REAL
    0.491969   0.00244189   0.00578827      0.46374
  0.00244189     0.015467  -0.00285566   3.4362e-05
  0.00578827  -0.00285566    0.0190363 -0.000501015
     0.46374   3.4362e-05 -0.000501015     0.473528
IMAGINARY
          0 -0.00148021  0.00819131   0.0123638
 0.00148021           0   0.0078835 -0.00650575
-0.00819131  -0.0078835           0 -0.00418942
 -0.0123638  0.00650575  0.00418942           0
EndNode2[0]<--->HoM1[0]
REAL
    0.499849 -0.000832416   -0.0044581     0.461751
-0.000832416    0.0198855  0.000176746   0.00148368
  -0.0044581  0.000176746    0.0216933    0.0014273
    0.461751   0.00148368    0.0014273     0.458572
IMAGINARY
           0   0.00193189  0.000757015   0.00848038
 -0.00193189            0     0.003527  -0.00521444
-0.000757015    -0.003527            0   0.00652185
 -0.00848038   0.00521444  -0.00652185            0
Repeater1[0]<--->EndNode1[0]
REAL
    0.491969   0.00578827   0.00244189      0.46374
  0.00578827    0.0190363  -0.00285566 -0.000501015
  0.00244189  -0.00285566     0.015467   3.4362e-05
     0.46374 -0.000501015   3.4362e-05     0.473528
IMAGINARY
          0  0.00819131 -0.00148021   0.0123638
-0.00819131           0  -0.0078835 -0.00418942
 0.00148021   0.0078835           0 -0.00650575
 -0.0123638  0.00418942  0.00650575           0
Repeater1[0]<--->HoM1[0]
REAL
    0.499849   -0.0044581 -0.000832416     0.461751
  -0.0044581    0.0216933  0.000176746    0.0014273
-0.000832416  0.000176746    0.0198855   0.00148368
    0.461751    0.0014273   0.00148368     0.458572
IMAGINARY
           0  0.000757015   0.00193189   0.00848038
-0.000757015            0    -0.003527   0.00652185
 -0.00193189     0.003527            0  -0.00521444
 -0.00848038  -0.00652185   0.00521444            0
EndNode1[0]<--->Repeater1[0]
REAL
   0.477118  0.00184014  -0.0021083    0.469789
 0.00184014   0.0206673    0.001287 0.000451172
 -0.0021083    0.001287   0.0186005 -0.00229209
   0.469789 0.000451172 -0.00229209    0.483614
IMAGINARY
          0 -0.00782187   0.0102595  0.00521213
 0.00782187           0 -0.00356493  0.00107399
 -0.0102595  0.00356493           0 -0.00203977
-0.00521213 -0.00107399  0.00203977           0
EndNode2[0]<--->HoM1[0]
REAL
    0.48453  0.00159607 -0.00444944    0.460172
 0.00159607   0.0180234 -0.00302522   0.0114917
-0.00444944 -0.00302522   0.0165215   0.0135373
   0.460172   0.0114917   0.0135373    0.480925
IMAGINARY
           0 -0.000426129  0.000677587  -0.00862191
 0.000426129            0  6.73383e-05  0.000981538
-0.000677587 -6.73383e-05            0  -0.00364627
  0.00862191 -0.000981538   0.00364627            0
Repeater1[0]<--->EndNode1[0]
REAL
   0.477118  -0.0021083  0.00184014    0.469789
 -0.0021083   0.0186005    0.001287 -0.00229209
 0.00184014    0.001287   0.0206673 0.000451172
   0.469789 -0.00229209 0.000451172    0.483614
IMAGINARY
          0   0.0102595 -0.00782187  0.00521213
 -0.0102595           0  0.00356493 -0.00203977
 0.00782187 -0.00356493           0  0.00107399
-0.00521213  0.00203977 -0.00107399           0
Repeater1[0]<--->HoM1[0]
REAL
    0.48453 -0.00444944  0.00159607    0.460172
-0.00444944   0.0165215 -0.00302522   0.0135373
 0.00159607 -0.00302522   0.0180234   0.0114917
   0.460172   0.0135373   0.0114917    0.480925
IMAGINARY
           0  0.000677587 -0.000426129  -0.00862191
-0.000677587            0 -6.73383e-05  -0.00364627
 0.000426129  6.73383e-05            0  0.000981538
  0.00862191   0.00364627 -0.000981538            0
EndNode1[0]<--->Repeater1[0]
REAL
   0.485837  0.00612771  0.00301358    0.463453
 0.00612771    0.012931 0.000588442 -0.00167628
 0.00301358 0.000588442   0.0169335  -0.0062763
   0.463453 -0.00167628  -0.0062763    0.484298
IMAGINARY
          0 -0.00905563  0.00656225 -0.00772413
 0.00905563           0 -0.00213332  0.00124795
-0.00656225  0.00213332           0 -0.00464905
 0.00772413 -0.00124795  0.00464905           0
EndNode2[0]<--->HoM1[0]
REAL
    0.491392   -0.0124184  -0.00296047     0.467616
  -0.0124184    0.0235578 -0.000589531  -0.00573257
 -0.00296047 -0.000589531    0.0135911  0.000727793
    0.467616  -0.00573257  0.000727793     0.471459
IMAGINARY
           0   0.00419175   0.00221341   -0.0110476
 -0.00419175            0   0.00156745    -0.004812
 -0.00221341  -0.00156745            0 -0.000981718
   0.0110476     0.004812  0.000981718            0
Repeater1[0]<--->EndNode1[0]
REAL
   0.485837  0.00301358  0.00612771    0.463453
 0.00301358   0.0169335 0.000588442  -0.0062763
 0.00612771 0.000588442    0.012931 -0.00167628
   0.463453  -0.0062763 -0.00167628    0.484298
IMAGINARY
          0  0.00656225 -0.00905563 -0.00772413
-0.00656225           0  0.00213332 -0.00464905
 0.00905563 -0.00213332           0  0.00124795
 0.00772413  0.00464905 -0.00124795           0
Repeater1[0]<--->HoM1[0]
REAL
    0.491392  -0.00296047   -0.0124184     0.467616
 -0.00296047    0.0135911 -0.000589531  0.000727793
  -0.0124184 -0.000589531    0.0235578  -0.00573257
    0.467616  0.000727793  -0.00573257     0.471459
IMAGINARY
           0   0.00221341   0.00419175   -0.0110476
 -0.00221341            0  -0.00156745 -0.000981718
 -0.00419175   0.00156745            0    -0.004812
   0.0110476  0.000981718     0.004812            0
EndNode1[0]<--->Repeater1[0]
REAL
     0.4755 -0.00930499 -0.00865478    0.461574
-0.00930499   0.0217454  0.00683475  0.00257945
-0.00865478  0.00683475   0.0223253  0.00565979
   0.461574  0.00257945  0.00565979    0.480429
IMAGINARY
           0  -0.00685875  0.000749895   -0.0076944
  0.00685875            0  -0.00622812   -0.0016612
-0.000749895   0.00622812            0   0.00442862
   0.0076944    0.0016612  -0.00442862            0
EndNode2[0]<--->HoM1[0]
REAL
    0.474009   0.00330527   0.00295724     0.463532
  0.00330527    0.0164464   0.00453103  -0.00251775
  0.00295724   0.00453103    0.0132159 -0.000814797
    0.463532  -0.00251775 -0.000814797     0.496329
IMAGINARY
           0   0.00712251  -0.00524696 -0.000609793
 -0.00712251            0  -0.00168308  -0.00585046
  0.00524696   0.00168308            0   0.00305011
 0.000609793   0.00585046  -0.00305011            0
Repeater1[0]<--->EndNode1[0]
REAL
     0.4755 -0.00865478 -0.00930499    0.461574
-0.00865478   0.0223253  0.00683475  0.00565979
-0.00930499  0.00683475   0.0217454  0.00257945
   0.461574  0.00565979  0.00257945    0.480429
IMAGINARY
           0  0.000749895  -0.00685875   -0.0076944
-0.000749895            0   0.00622812   0.00442862
  0.00685875  -0.00622812            0   -0.0016612
   0.0076944  -0.00442862    0.0016612            0
Repeater1[0]<--->HoM1[0]
REAL
    0.474009   0.00295724   0.00330527     0.463532
  0.00295724    0.0132159   0.00453103 -0.000814797
  0.00330527   0.00453103    0.0164464  -0.00251775
    0.463532 -0.000814797  -0.00251775     0.496329
IMAGINARY
           0  -0.00524696   0.00712251 -0.000609793
  0.00524696            0   0.00168308   0.00305011
 -0.00712251  -0.00168308            0  -0.00585046
 0.000609793  -0.00305011   0.00585046            0
EndNode1[0]<--->Repeater1[0]
REAL
   0.473684 -0.00210552  0.00523911    0.463634
-0.00210552   0.0214095   0.0024366  0.00218288
 0.00523911   0.0024366   0.0211121  0.00770989
   0.463634  0.00218288  0.00770989    0.483794
IMAGINARY
           0  0.000563481  0.000748016    0.0113251
-0.000563481            0    -0.012833  -0.00395608
-0.000748016     0.012833            0   0.00295012
  -0.0113251   0.00395608  -0.00295012            0
EndNode2[0]<--->HoM1[0]
REAL
    0.47942  0.00147892 -0.00470746     0.46138
 0.00147892   0.0151022 -0.00377819  0.00410177
-0.00470746 -0.00377819   0.0198401  0.00397232
    0.46138  0.00410177  0.00397232    0.485638
IMAGINARY
           0  -0.00905708   0.00349435  -0.00158745
  0.00905708            0 -0.000992214  -0.00289875
 -0.00349435  0.000992214            0   0.00697251
  0.00158745   0.00289875  -0.00697251            0
Repeater1[0]<--->EndNode1[0]
REAL
   0.473684  0.00523911 -0.00210552    0.463634
 0.00523911   0.0211121   0.0024366  0.00770989
-0.00210552   0.0024366   0.0214095  0.00218288
   0.463634  0.00770989  0.00218288    0.483794
IMAGINARY
           0  0.000748016  0.000563481    0.0113251
-0.000748016            0     0.012833   0.00295012
-0.000563481    -0.012833            0  -0.00395608
  -0.0113251  -0.00295012   0.00395608            0
Repeater1[0]<--->HoM1[0]
REAL
    0.47942 -0.00470746  0.00147892     0.46138
-0.00470746   0.0198401 -0.00377819  0.00397232
 0.00147892 -0.00377819   0.0151022  0.00410177
    0.46138  0.00397232  0.00410177    0.485638
IMAGINARY
           0   0.00349435  -0.00905708  -0.00158745
 -0.00349435            0  0.000992214   0.00697251
  0.00905708 -0.000992214            0  -0.00289875
  0.00158745  -0.00697251   0.00289875            0
EndNode1[0]<--->Repeater1[0]
REAL
   0.491843  0.00293395 0.000179268    0.461221
 0.00293395   0.0129909  0.00361943 -0.00354874
0.000179268  0.00361943   0.0166163 -0.00102947
   0.461221 -0.00354874 -0.00102947     0.47855
IMAGINARY
           0    0.0113163  -0.00805359   0.00724753
  -0.0113163            0   0.00186476   -0.0022432
  0.00805359  -0.00186476            0  0.000191852
 -0.00724753    0.0022432 -0.000191852            0
EndNode2[0]<--->HoM1[0]
REAL
    0.475015   0.00249254  -0.00292004     0.463281
  0.00249254    0.0243902  0.000295361   0.00292004
 -0.00292004  0.000295361    0.0220107 -0.000385376
    0.463281   0.00292004 -0.000385376     0.478584
IMAGINARY
           0   0.00536591  0.000426363  -0.00623172
 -0.00536591            0 -0.000215058  -0.00588753
-0.000426363  0.000215058            0   0.00191565
  0.00623172   0.00588753  -0.00191565            0
Repeater1[0]<--->EndNode1[0]
REAL
   0.491843 0.000179268  0.00293395    0.461221
0.000179268   0.0166163  0.00361943 -0.00102947
 0.00293395  0.00361943   0.0129909 -0.00354874
   0.461221 -0.00102947 -0.00354874     0.47855
IMAGINARY
           0  -0.00805359    0.0113163   0.00724753
  0.00805359            0  -0.00186476  0.000191852
  -0.0113163   0.00186476            0   -0.0022432
 -0.00724753 -0.000191852    0.0022432            0
Repeater1[0]<--->HoM1[0]
REAL
    0.475015  -0.00292004   0.00249254     0.463281
 -0.00292004    0.0220107  0.000295361 -0.000385376
  0.00249254  0.000295361    0.0243902   0.00292004
    0.463281 -0.000385376   0.00292004     0.478584
IMAGINARY
           0  0.000426363   0.00536591  -0.00623172
-0.000426363            0  0.000215058   0.00191565
 -0.00536591 -0.000215058            0  -0.00588753
  0.00623172  -0.00191565   0.00588753            0
EndNode1[0]<--->Repeater1[0]
REAL
   0.494549 -0.00979819 -0.00668691    0.465155
-0.00979819   0.0142338 -0.00156184  0.00594087
-0.00668691 -0.00156184   0.0151423  0.00308378
   0.465155  0.00594087  0.00308378    0.476075
IMAGINARY
           0   0.00500095  -0.00945735   0.00490645
 -0.00500095            0   0.00287981  0.000611777
  0.00945735  -0.00287981            0   0.00834238
 -0.00490645 -0.000611777  -0.00834238            0
EndNode2[0]<--->HoM1[0]
REAL
   0.481252  0.00272309  0.00251879    0.462836
 0.00272309   0.0206673 -0.00178979 -0.00653306
 0.00251879 -0.00178979   0.0174195 -0.00465589
   0.462836 -0.00653306 -0.00465589    0.480661
IMAGINARY
          0 -0.00190342  0.00299311 -0.00262277
 0.00190342           0   0.0100991   0.0082342
-0.00299311  -0.0100991           0  -0.0102467
 0.00262277  -0.0082342   0.0102467           0
Repeater1[0]<--->EndNode1[0]
REAL
   0.494549 -0.00668691 -0.00979819    0.465155
-0.00668691   0.0151423 -0.00156184  0.00308378
-0.00979819 -0.00156184   0.0142338  0.00594087
   0.465155  0.00308378  0.00594087    0.476075
IMAGINARY
           0  -0.00945735   0.00500095   0.00490645
  0.00945735            0  -0.00287981   0.00834238
 -0.00500095   0.00287981            0  0.000611777
 -0.00490645  -0.00834238 -0.000611777            0
Repeater1[0]<--->HoM1[0]
REAL
   0.481252  0.00251879  0.00272309    0.462836
 0.00251879   0.0174195 -0.00178979 -0.00465589
 0.00272309 -0.00178979   0.0206673 -0.00653306
   0.462836 -0.00465589 -0.00653306    0.480661
IMAGINARY
          0  0.00299311 -0.00190342 -0.00262277
-0.00299311           0  -0.0100991  -0.0102467
 0.00190342   0.0100991           0   0.0082342
 0.00262277   0.0102467  -0.0082342           0
EndNode1[0]<--->Repeater1[0]
REAL
   0.484533 -0.00553892   0.0117688    0.465678
-0.00553892   0.0234979 -0.00153546 -0.00203159
  0.0117688 -0.00153546   0.0157644   0.0115667
   0.465678 -0.00203159   0.0115667    0.476205
IMAGINARY
           0  0.000891266   -0.0155499   0.00558332
-0.000891266            0  -0.00147623   0.00823136
   0.0155499   0.00147623            0   0.00232887
 -0.00558332  -0.00823136  -0.00232887            0
EndNode2[0]<--->HoM1[0]
REAL
   0.479699 -0.00354983  0.00771324    0.464783
-0.00354983   0.0192481 0.000423497  -0.0059136
 0.00771324 0.000423497   0.0159398  0.00954863
   0.464783  -0.0059136  0.00954863    0.485113
IMAGINARY
           0 -0.000523051   0.00216758   0.00689487
 0.000523051            0  -0.00198087  -0.00291008
 -0.00216758   0.00198087            0  7.75501e-05
 -0.00689487   0.00291008 -7.75501e-05            0
Repeater1[0]<--->EndNode1[0]
REAL
   0.484533   0.0117688 -0.00553892    0.465678
  0.0117688   0.0157644 -0.00153546   0.0115667
-0.00553892 -0.00153546   0.0234979 -0.00203159
   0.465678   0.0115667 -0.00203159    0.476205
IMAGINARY
           0   -0.0155499  0.000891266   0.00558332
   0.0155499            0   0.00147623   0.00232887
-0.000891266  -0.00147623            0   0.00823136
 -0.00558332  -0.00232887  -0.00823136            0
Repeater1[0]<--->HoM1[0]
REAL
   0.479699  0.00771324 -0.00354983    0.464783
 0.00771324   0.0159398 0.000423497  0.00954863
-0.00354983 0.000423497   0.0192481  -0.0059136
   0.464783  0.00954863  -0.0059136    0.485113
IMAGINARY
           0   0.00216758 -0.000523051   0.00689487
 -0.00216758            0   0.00198087  7.75501e-05
 0.000523051  -0.00198087            0  -0.00291008
 -0.00689487 -7.75501e-05   0.00291008            0
EndNode1[0]<--->Repeater1[0]
REAL
   0.488142 -0.00149912 -0.00533978    0.463663
-0.00149912   0.0156109   0.0017524  0.00755675
-0.00533978   0.0017524   0.0207145  0.00105573
   0.463663  0.00755675  0.00105573    0.475533
IMAGINARY
          0  0.00695895 -0.00135224 -0.00873338
-0.00695895           0  -0.0102232 -0.00378681
 0.00135224   0.0102232           0 -0.00786585
 0.00873338  0.00378681  0.00786585           0
EndNode2[0]<--->HoM1[0]
REAL
   0.490502 -0.00129106   -0.010142    0.462158
-0.00129106   0.0214461  -0.0047372  0.00162622
  -0.010142  -0.0047372   0.0174632 -0.00114203
   0.462158  0.00162622 -0.00114203    0.470588
IMAGINARY
          0 -0.00297857  0.00604245  0.00332591
 0.00297857           0 -0.00463978  0.00663277
-0.00604245  0.00463978           0  -0.0093984
-0.00332591 -0.00663277   0.0093984           0
Repeater1[0]<--->EndNode1[0]
REAL
   0.488142 -0.00533978 -0.00149912    0.463663
-0.00533978   0.0207145   0.0017524  0.00105573
-0.00149912   0.0017524   0.0156109  0.00755675
   0.463663  0.00105573  0.00755675    0.475533
IMAGINARY
          0 -0.00135224  0.00695895 -0.00873338
 0.00135224           0   0.0102232 -0.00786585
-0.00695895  -0.0102232           0 -0.00378681
 0.00873338  0.00786585  0.00378681           0
Repeater1[0]<--->HoM1[0]
REAL
   0.490502   -0.010142 -0.00129106    0.462158
  -0.010142   0.0174632  -0.0047372 -0.00114203
-0.00129106  -0.0047372   0.0214461  0.00162622
   0.462158 -0.00114203  0.00162622    0.470588
IMAGINARY
          0  0.00604245 -0.00297857  0.00332591
-0.00604245           0  0.00463978  -0.0093984
 0.00297857 -0.00463978           0  0.00663277
-0.00332591   0.0093984 -0.00663277           0
EndNode1[0]<--->Repeater1[0]
REAL
   0.481267 -0.00533774  0.00322334    0.458552
-0.00533774   0.0216266 -0.00296342 -0.00575687
 0.00322334 -0.00296342   0.0170576   0.0036984
   0.458552 -0.00575687   0.0036984    0.480049
IMAGINARY
           0   0.00029395  -0.00450858   0.00568596
 -0.00029395            0   0.00321835  0.000331968
  0.00450858  -0.00321835            0   0.00239101
 -0.00568596 -0.000331968  -0.00239101            0
EndNode2[0]<--->HoM1[0]
REAL
   0.475643   0.0074278   0.0121238    0.459613
  0.0074278   0.0187595  0.00221203 -0.00839581
  0.0121238  0.00221203     0.02118 -0.00608572
   0.459613 -0.00839581 -0.00608572    0.484418
IMAGINARY
           0  -0.00910123  -0.00164612   -0.0105834
  0.00910123            0 -0.000773589   0.00149289
  0.00164612  0.000773589            0   0.00465747
   0.0105834  -0.00149289  -0.00465747            0
Repeater1[0]<--->EndNode1[0]
REAL
   0.481267  0.00322334 -0.00533774    0.458552
 0.00322334   0.0170576 -0.00296342   0.0036984
-0.00533774 -0.00296342   0.0216266 -0.00575687
   0.458552   0.0036984 -0.00575687    0.480049
IMAGINARY
           0  -0.00450858   0.00029395   0.00568596
  0.00450858            0  -0.00321835   0.00239101
 -0.00029395   0.00321835            0  0.000331968
 -0.00568596  -0.00239101 -0.000331968            0
Repeater1[0]<--->HoM1[0]
REAL
   0.475643   0.0121238   0.0074278    0.459613
  0.0121238     0.02118  0.00221203 -0.00608572
  0.0074278  0.00221203   0.0187595 -0.00839581
   0.459613 -0.00608572 -0.00839581    0.484418
IMAGINARY
           0  -0.00164612  -0.00910123   -0.0105834
  0.00164612            0  0.000773589   0.00465747
  0.00910123 -0.000773589            0   0.00149289
   0.0105834  -0.00465747  -0.00149289            0
EndNode1[0]<--->Repeater1[0]
REAL
    0.488909  -0.00368613   -0.0077461     0.460663
 -0.00368613    0.0166359 -0.000577171   -0.0031535
  -0.0077461 -0.000577171    0.0141713  -0.00721347
    0.460663   -0.0031535  -0.00721347     0.480283
IMAGINARY
          0  -0.0071085  0.00358516 -0.00292855
  0.0071085           0   0.0098688  0.00446493
-0.00358516  -0.0098688           0 -0.00153789
 0.00292855 -0.00446493  0.00153789           0
EndNode2[0]<--->HoM1[0]
REAL
   0.494681 -0.00278409  0.00478403    0.460073
-0.00278409   0.0206856  0.00210529 -0.00554046
 0.00478403  0.00210529   0.0227541  0.00233023
   0.460073 -0.00554046  0.00233023    0.461879
IMAGINARY
          0 -0.00569377  0.00235278  0.00278619
 0.00569377           0   0.0132566   0.0114059
-0.00235278  -0.0132566           0 -0.00231954
-0.00278619  -0.0114059  0.00231954           0
Repeater1[0]<--->EndNode1[0]
REAL
    0.488909   -0.0077461  -0.00368613     0.460663
  -0.0077461    0.0141713 -0.000577171  -0.00721347
 -0.00368613 -0.000577171    0.0166359   -0.0031535
    0.460663  -0.00721347   -0.0031535     0.480283
IMAGINARY
          0  0.00358516  -0.0071085 -0.00292855
-0.00358516           0  -0.0098688 -0.00153789
  0.0071085   0.0098688           0  0.00446493
 0.00292855  0.00153789 -0.00446493           0
Repeater1[0]<--->HoM1[0]
REAL
   0.494681  0.00478403 -0.00278409    0.460073
 0.00478403   0.0227541  0.00210529  0.00233023
-0.00278409  0.00210529   0.0206856 -0.00554046
   0.460073  0.00233023 -0.00554046    0.461879
IMAGINARY
          0  0.00235278 -0.00569377  0.00278619
-0.00235278           0  -0.0132566 -0.00231954
 0.00569377   0.0132566           0   0.0114059
-0.00278619  0.00231954  -0.0114059           0
EndNode1[0]<--->Repeater1[0]
REAL
      0.4884  0.000762053 -0.000173564     0.461296
 0.000762053    0.0207894   0.00126064  -0.00180513
-0.000173564   0.00126064    0.0204881   0.00243429
    0.461296  -0.00180513   0.00243429     0.470322
IMAGINARY
          0  0.00297796  -0.0111104  0.00354558
-0.00297796           0 -0.00262364 -0.00275782
  0.0111104  0.00262364           0   0.0132761
-0.00354558  0.00275782  -0.0132761           0
EndNode2[0]<--->HoM1[0]
REAL
  0.483163 0.00121151 0.00183751   0.461857
0.00121151  0.0159351 0.00414384 0.00397818
0.00183751 0.00414384  0.0207456 0.00639362
  0.461857 0.00397818 0.00639362   0.480156
IMAGINARY
           0   0.00586535  -0.00709274  -0.00777029
 -0.00586535            0   0.00205772  0.000839017
  0.00709274  -0.00205772            0   0.00277074
  0.00777029 -0.000839017  -0.00277074            0
Repeater1[0]<--->EndNode1[0]
REAL
      0.4884 -0.000173564  0.000762053     0.461296
-0.000173564    0.0204881   0.00126064   0.00243429
 0.000762053   0.00126064    0.0207894  -0.00180513
    0.461296   0.00243429  -0.00180513     0.470322
IMAGINARY
          0  -0.0111104  0.00297796  0.00354558
  0.0111104           0  0.00262364   0.0132761
-0.00297796 -0.00262364           0 -0.00275782
-0.00354558  -0.0132761  0.00275782           0
Repeater1[0]<--->HoM1[0]
REAL
  0.483163 0.00183751 0.00121151   0.461857
0.00183751  0.0207456 0.00414384 0.00639362
0.00121151 0.00414384  0.0159351 0.00397818
  0.461857 0.00639362 0.00397818   0.480156
IMAGINARY
           0  -0.00709274   0.00586535  -0.00777029
  0.00709274            0  -0.00205772   0.00277074
 -0.00586535   0.00205772            0  0.000839017
  0.00777029  -0.00277074 -0.000839017            0
EndNode1[0]<--->Repeater1[0]
REAL
    0.481549   0.00107216  -0.00288324     0.463726
  0.00107216    0.0170784 -0.000740691    0.0128251
 -0.00288324 -0.000740691    0.0173833   0.00550478
    0.463726    0.0128251   0.00550478     0.483989
IMAGINARY
          0 -0.00171626 -0.00568531 -0.00341421
 0.00171626           0 -0.00568212  0.00434163
 0.00568531  0.00568212           0 -0.00261339
 0.00341421 -0.00434163  0.00261339           0
EndNode2[0]<--->HoM1[0]
REAL
   0.484515    0.003392 -0.00342398    0.466317
   0.003392   0.0172722 -0.00281541   0.0085276
-0.00342398 -0.00281541     0.01757  0.00294886
   0.466317   0.0085276  0.00294886    0.480643
IMAGINARY
           0    0.0134249 -0.000675288    0.0052185
  -0.0134249            0   0.00219003  -0.00544003
 0.000675288  -0.00219003            0   -0.0055624
  -0.0052185   0.00544003    0.0055624            0
Repeater1[0]<--->EndNode1[0]
REAL
    0.481549  -0.00288324   0.00107216     0.463726
 -0.00288324    0.0173833 -0.000740691   0.00550478
  0.00107216 -0.000740691    0.0170784    0.0128251
    0.463726   0.00550478    0.0128251     0.483989
IMAGINARY
          0 -0.00568531 -0.00171626 -0.00341421
 0.00568531           0  0.00568212 -0.00261339
 0.00171626 -0.00568212           0  0.00434163
 0.00341421  0.00261339 -0.00434163           0
Repeater1[0]<--->HoM1[0]
REAL
   0.484515 -0.00342398    0.003392    0.466317
-0.00342398     0.01757 -0.00281541  0.00294886
   0.003392 -0.00281541   0.0172722   0.0085276
   0.466317  0.00294886   0.0085276    0.480643
IMAGINARY
           0 -0.000675288    0.0134249    0.0052185
 0.000675288            0  -0.00219003   -0.0055624
  -0.0134249   0.00219003            0  -0.00544003
  -0.0052185    0.0055624   0.00544003            0
EndNode1[0]<--->Repeater1[0]
REAL
   0.482023  0.00757131 0.000183617    0.461088
 0.00757131   0.0201097  0.00204152  0.00940871
0.000183617  0.00204152   0.0161487  0.00232078
   0.461088  0.00940871  0.00232078    0.481718
IMAGINARY
           0  -0.00580049   0.00415618  0.000442692
  0.00580049            0  -0.00207136  0.000428174
 -0.00415618   0.00207136            0  -0.00550758
-0.000442692 -0.000428174   0.00550758            0
EndNode2[0]<--->HoM1[0]
REAL
   0.477959 -0.00017817 -0.00164665    0.464524
-0.00017817   0.0147947 -0.00241599  0.00875145
-0.00164665 -0.00241599   0.0184179   0.0049147
   0.464524  0.00875145   0.0049147    0.488829
IMAGINARY
           0    0.0135162  0.000517759    0.0117291
  -0.0135162            0 -0.000348207   -0.0101725
-0.000517759  0.000348207            0  -0.00356882
  -0.0117291    0.0101725   0.00356882            0
Repeater1[0]<--->EndNode1[0]
REAL
   0.482023 0.000183617  0.00757131    0.461088
0.000183617   0.0161487  0.00204152  0.00232078
 0.00757131  0.00204152   0.0201097  0.00940871
   0.461088  0.00232078  0.00940871    0.481718
IMAGINARY
