EndNode1[0]<--->Repeater1[0]
REAL
  0.459184  0.0307706 0.00599688   0.346703
 0.0307706   0.112245  0.0411475 -0.0106698
0.00599688  0.0411475  0.0918367 -0.0541351
  0.346703 -0.0106698 -0.0541351   0.336735
IMAGINARY
           0   -0.0412743   -0.0185185 -0.000363636
   0.0412743            0   -0.0276364    0.0462963
   0.0185185    0.0276364            0   -0.0327997
 0.000363636   -0.0462963    0.0327997            0
EndNode2[0]<--->HoM1[0]
REAL
  0.421569  0.0352671  0.0522149   0.356806
 0.0352671  0.0686275 -0.0360512 0.00438884
 0.0522149 -0.0360512  0.0686275  0.0119027
  0.356806 0.00438884  0.0119027   0.441176
IMAGINARY
          0  -0.0313929  -0.0110119   0.0731674
  0.0313929           0  0.00291951   0.0556548
  0.0110119 -0.00291951           0  0.00460714
 -0.0731674  -0.0556548 -0.00460714           0
Repeater1[0]<--->EndNode1[0]
REAL
  0.459184 0.00599688  0.0307706   0.346703
0.00599688  0.0918367  0.0411475 -0.0541351
 0.0307706  0.0411475   0.112245 -0.0106698
  0.346703 -0.0541351 -0.0106698   0.336735
IMAGINARY
           0   -0.0185185   -0.0412743 -0.000363636
   0.0185185            0    0.0276364   -0.0327997
   0.0412743   -0.0276364            0    0.0462963
 0.000363636    0.0327997   -0.0462963            0
Repeater1[0]<--->HoM1[0]
REAL
  0.421569  0.0522149  0.0352671   0.356806
 0.0522149  0.0686275 -0.0360512  0.0119027
 0.0352671 -0.0360512  0.0686275 0.00438884
  0.356806  0.0119027 0.00438884   0.441176
IMAGINARY
          0  -0.0110119  -0.0313929   0.0731674
  0.0110119           0 -0.00291951  0.00460714
  0.0313929  0.00291951           0   0.0556548
 -0.0731674 -0.00460714  -0.0556548           0
EndNode1[0]<--->Repeater1[0]
REAL
   0.369231   0.0127042  -0.0135796    0.328351
  0.0127042   0.0923077    0.022526 -0.00396424
 -0.0135796    0.022526   0.0615385    -0.03902
   0.328351 -0.00396424    -0.03902    0.476923
IMAGINARY
           0   -0.0207566    0.0576556   -0.0044732
   0.0207566            0 -0.000199696    0.0248687
  -0.0576556  0.000199696            0  -0.00351523
   0.0044732   -0.0248687   0.00351523            0
EndNode2[0]<--->HoM1[0]
REAL
  0.382609 0.00220863  -0.018543   0.346177
0.00220863  0.0782609 -0.0204893  0.0323045
 -0.018543 -0.0204893  0.0434783  0.0207271
  0.346177  0.0323045  0.0207271   0.495652
IMAGINARY
          0   0.0085034   0.0246499  -0.0173849
 -0.0085034           0  0.00362347   0.0372549
 -0.0246499 -0.00362347           0  -0.0323129
  0.0173849  -0.0372549   0.0323129           0
Repeater1[0]<--->EndNode1[0]
REAL
   0.369231  -0.0135796   0.0127042    0.328351
 -0.0135796   0.0615385    0.022526    -0.03902
  0.0127042    0.022526   0.0923077 -0.00396424
   0.328351    -0.03902 -0.00396424    0.476923
IMAGINARY
           0    0.0576556   -0.0207566   -0.0044732
  -0.0576556            0  0.000199696  -0.00351523
   0.0207566 -0.000199696            0    0.0248687
   0.0044732   0.00351523   -0.0248687            0
Repeater1[0]<--->HoM1[0]
REAL
  0.382609  -0.018543 0.00220863   0.346177
 -0.018543  0.0434783 -0.0204893  0.0207271
0.00220863 -0.0204893  0.0782609  0.0323045
  0.346177  0.0207271  0.0323045   0.495652
IMAGINARY
          0   0.0246499   0.0085034  -0.0173849
 -0.0246499           0 -0.00362347  -0.0323129
 -0.0085034  0.00362347           0   0.0372549
  0.0173849   0.0323129  -0.0372549           0
EndNode1[0]<--->Repeater1[0]
REAL
  0.453608 -0.0283866 -0.0546892   0.362664
-0.0283866   0.123711 -0.0196889 -0.0155587
-0.0546892 -0.0196889  0.0103093 -0.0501258
  0.362664 -0.0155587 -0.0501258   0.412371
IMAGINARY
          0   0.0707547  0.00431034    0.047586
 -0.0707547           0   0.0250635 -0.00431034
-0.00431034  -0.0250635           0  -0.0707547
  -0.047586  0.00431034   0.0707547           0
EndNode2[0]<--->HoM1[0]
REAL
        0.5   -0.042781  0.00229358    0.315817
  -0.042781   0.0818182 -0.00449587 -0.00229358
 0.00229358 -0.00449587   0.0909091  0.00504512
   0.315817 -0.00229358  0.00504512    0.327273
IMAGINARY
         0  0.0323438      0.025  0.0223759
-0.0323438          0  0.0477996     -0.025
    -0.025 -0.0477996          0  0.0223437
-0.0223759      0.025 -0.0223437          0
Repeater1[0]<--->EndNode1[0]
REAL
  0.453608 -0.0546892 -0.0283866   0.362664
-0.0546892  0.0103093 -0.0196889 -0.0501258
-0.0283866 -0.0196889   0.123711 -0.0155587
  0.362664 -0.0501258 -0.0155587   0.412371
IMAGINARY
          0  0.00431034   0.0707547    0.047586
-0.00431034           0  -0.0250635  -0.0707547
 -0.0707547   0.0250635           0 -0.00431034
  -0.047586   0.0707547  0.00431034           0
Repeater1[0]<--->HoM1[0]
REAL
        0.5  0.00229358   -0.042781    0.315817
 0.00229358   0.0909091 -0.00449587  0.00504512
  -0.042781 -0.00449587   0.0818182 -0.00229358
   0.315817  0.00504512 -0.00229358    0.327273
IMAGINARY
         0      0.025  0.0323438  0.0223759
    -0.025          0 -0.0477996  0.0223437
-0.0323438  0.0477996          0     -0.025
-0.0223759 -0.0223437      0.025          0
EndNode1[0]<--->Repeater1[0]
REAL
   0.445783   0.0149935 -0.00134708    0.352564
  0.0149935   0.0240964   0.0192308   0.0312616
-0.00134708   0.0192308   0.0722892   0.0234681
   0.352564   0.0312616   0.0234681    0.457831
IMAGINARY
         0  0.0727273 -0.0188705   -0.01849
-0.0727273          0 -0.0269646 -0.0477961
 0.0188705  0.0269646          0  0.0272727
   0.01849  0.0477961 -0.0272727          0
EndNode2[0]<--->HoM1[0]
REAL
  0.326923  0.0334154 0.00950534   0.335921
 0.0334154   0.134615 -0.0102329  0.0868249
0.00950534 -0.0102329  0.0576923  0.0537406
  0.335921  0.0868249  0.0537406   0.480769
IMAGINARY
          0  -0.0173209  -0.0309201  -0.0447696
  0.0173209           0 -0.00695451   0.0180995
  0.0309201  0.00695451           0 -0.00404659
  0.0447696  -0.0180995  0.00404659           0
Repeater1[0]<--->EndNode1[0]
REAL
   0.445783 -0.00134708   0.0149935    0.352564
-0.00134708   0.0722892   0.0192308   0.0234681
  0.0149935   0.0192308   0.0240964   0.0312616
   0.352564   0.0234681   0.0312616    0.457831
IMAGINARY
         0 -0.0188705  0.0727273   -0.01849
 0.0188705          0  0.0269646  0.0272727
-0.0727273 -0.0269646          0 -0.0477961
   0.01849 -0.0272727  0.0477961          0
Repeater1[0]<--->HoM1[0]
REAL
  0.326923 0.00950534  0.0334154   0.335921
0.00950534  0.0576923 -0.0102329  0.0537406
 0.0334154 -0.0102329   0.134615  0.0868249
  0.335921  0.0537406  0.0868249   0.480769
IMAGINARY
          0  -0.0309201  -0.0173209  -0.0447696
  0.0309201           0  0.00695451 -0.00404659
  0.0173209 -0.00695451           0   0.0180995
  0.0447696  0.00404659  -0.0180995           0
EndNode1[0]<--->Repeater1[0]
REAL
   0.446429  -0.0437937 -0.00649351    0.388182
 -0.0437937    0.107143   0.0481818  -0.0207792
-0.00649351   0.0481818   0.0535714   0.0619755
   0.388182  -0.0207792   0.0619755    0.392857
IMAGINARY
          0   0.0107387 -0.00738776   0.0615942
 -0.0107387           0 -0.00507246  -0.0686122
 0.00738776  0.00507246           0   0.0332613
 -0.0615942   0.0686122  -0.0332613           0
EndNode2[0]<--->HoM1[0]
REAL
        0.5   0.0364583  -0.0216018    0.330023
  0.0364583   0.0714286   0.0449766   0.0111851
 -0.0216018   0.0449766      0.0625 -0.00520833
   0.330023   0.0111851 -0.00520833    0.366071
IMAGINARY
         0  0.0639573 -0.0021275 -0.0106226
-0.0639573          0  -0.047936 -0.0305828
 0.0021275   0.047936          0 -0.0219013
 0.0106226  0.0305828  0.0219013          0
Repeater1[0]<--->EndNode1[0]
REAL
   0.446429 -0.00649351  -0.0437937    0.388182
-0.00649351   0.0535714   0.0481818   0.0619755
 -0.0437937   0.0481818    0.107143  -0.0207792
   0.388182   0.0619755  -0.0207792    0.392857
IMAGINARY
          0 -0.00738776   0.0107387   0.0615942
 0.00738776           0  0.00507246   0.0332613
 -0.0107387 -0.00507246           0  -0.0686122
 -0.0615942  -0.0332613   0.0686122           0
Repeater1[0]<--->HoM1[0]
REAL
        0.5  -0.0216018   0.0364583    0.330023
 -0.0216018      0.0625   0.0449766 -0.00520833
  0.0364583   0.0449766   0.0714286   0.0111851
   0.330023 -0.00520833   0.0111851    0.366071
IMAGINARY
         0 -0.0021275  0.0639573 -0.0106226
 0.0021275          0   0.047936 -0.0219013
-0.0639573  -0.047936          0 -0.0305828
 0.0106226  0.0219013  0.0305828          0
EndNode1[0]<--->Repeater1[0]
REAL
  0.409524   0.040154 -0.0139116   0.353989
  0.040154  0.0380952 -0.0163818 -0.0245499
-0.0139116 -0.0163818   0.104762  0.0154015
  0.353989 -0.0245499  0.0154015   0.447619
IMAGINARY
          0   -0.025622   0.0674074  -0.0524227
   0.025622           0  -0.0575773 -0.00259259
 -0.0674074   0.0575773           0   0.0163627
  0.0524227  0.00259259  -0.0163627           0
EndNode2[0]<--->HoM1[0]
REAL
   0.447368  0.00309611  -0.0141723    0.340336
 0.00309611   0.0877193   0.0168067 -0.00623583
 -0.0141723   0.0168067   0.0789474  -0.0439124
   0.340336 -0.00623583  -0.0439124    0.385965
IMAGINARY
          0 -0.00997295   0.0263305   0.0223214
 0.00997295           0  -0.0014881  -0.0165266
 -0.0263305   0.0014881           0   0.0589926
 -0.0223214   0.0165266  -0.0589926           0
Repeater1[0]<--->EndNode1[0]
REAL
  0.409524 -0.0139116   0.040154   0.353989
-0.0139116   0.104762 -0.0163818  0.0154015
  0.040154 -0.0163818  0.0380952 -0.0245499
  0.353989  0.0154015 -0.0245499   0.447619
IMAGINARY
          0   0.0674074   -0.025622  -0.0524227
 -0.0674074           0   0.0575773   0.0163627
   0.025622  -0.0575773           0 -0.00259259
  0.0524227  -0.0163627  0.00259259           0
Repeater1[0]<--->HoM1[0]
REAL
   0.447368  -0.0141723  0.00309611    0.340336
 -0.0141723   0.0789474   0.0168067  -0.0439124
 0.00309611   0.0168067   0.0877193 -0.00623583
   0.340336  -0.0439124 -0.00623583    0.385965
IMAGINARY
          0   0.0263305 -0.00997295   0.0223214
 -0.0263305           0   0.0014881   0.0589926
 0.00997295  -0.0014881           0  -0.0165266
 -0.0223214  -0.0589926   0.0165266           0
EndNode1[0]<--->Repeater1[0]
REAL
  0.371681 0.00531301 -0.0405003    0.34188
0.00531301  0.0619469  0.0470085  0.0191328
-0.0405003  0.0470085  0.0619469 -0.0352275
   0.34188  0.0191328 -0.0352275   0.504425
IMAGINARY
          0  0.00203303     0.01335  -0.0116862
-0.00203303           0 -0.00718171  -0.0176235
   -0.01335  0.00718171           0  -0.0319476
  0.0116862   0.0176235   0.0319476           0
EndNode2[0]<--->HoM1[0]
REAL
       0.45  -0.0203008  0.00849871    0.345106
 -0.0203008   0.0583333  -0.0240531  -0.0242882
 0.00849871  -0.0240531       0.075 -0.00601504
   0.345106  -0.0242882 -0.00601504    0.416667
IMAGINARY
          0  -0.0739736   0.0219666   0.0452249
  0.0739736           0 -0.00285202 -0.00794792
 -0.0219666  0.00285202           0   0.0599549
 -0.0452249  0.00794792  -0.0599549           0
Repeater1[0]<--->EndNode1[0]
REAL
  0.371681 -0.0405003 0.00531301    0.34188
-0.0405003  0.0619469  0.0470085 -0.0352275
0.00531301  0.0470085  0.0619469  0.0191328
   0.34188 -0.0352275  0.0191328   0.504425
IMAGINARY
          0     0.01335  0.00203303  -0.0116862
   -0.01335           0  0.00718171  -0.0319476
-0.00203303 -0.00718171           0  -0.0176235
  0.0116862   0.0319476   0.0176235           0
Repeater1[0]<--->HoM1[0]
REAL
       0.45  0.00849871  -0.0203008    0.345106
 0.00849871       0.075  -0.0240531 -0.00601504
 -0.0203008  -0.0240531   0.0583333  -0.0242882
   0.345106 -0.00601504  -0.0242882    0.416667
IMAGINARY
          0   0.0219666  -0.0739736   0.0452249
 -0.0219666           0  0.00285202   0.0599549
  0.0739736 -0.00285202           0 -0.00794792
 -0.0452249  -0.0599549  0.00794792           0
EndNode1[0]<--->Repeater1[0]
REAL
  0.380165 0.00349462 -0.0024708   0.329515
0.00349462  0.0991736   0.027628 -0.0213387
-0.0024708   0.027628  0.0826446  -0.036828
  0.329515 -0.0213387  -0.036828   0.438017
IMAGINARY
         0  0.0442271 -0.0708481 -0.0355603
-0.0442271          0 -0.0269397  0.0331123
 0.0708481  0.0269397          0  0.0029427
 0.0355603 -0.0331123 -0.0029427          0
EndNode2[0]<--->HoM1[0]
REAL
    0.466667    0.0030303 -0.000353107     0.341667
   0.0030303    0.0857143   -0.0166667    0.0420198
-0.000353107   -0.0166667    0.0857143     0.030303
    0.341667    0.0420198     0.030303     0.361905
IMAGINARY
          0  -0.0104701  -0.0347222   0.0142196
  0.0104701           0   0.0320767   0.0430556
  0.0347222  -0.0320767           0 -0.00619658
 -0.0142196  -0.0430556  0.00619658           0
Repeater1[0]<--->EndNode1[0]
REAL
  0.380165 -0.0024708 0.00349462   0.329515
-0.0024708  0.0826446   0.027628  -0.036828
0.00349462   0.027628  0.0991736 -0.0213387
  0.329515  -0.036828 -0.0213387   0.438017
IMAGINARY
         0 -0.0708481  0.0442271 -0.0355603
 0.0708481          0  0.0269397  0.0029427
-0.0442271 -0.0269397          0  0.0331123
 0.0355603 -0.0029427 -0.0331123          0
Repeater1[0]<--->HoM1[0]
REAL
    0.466667 -0.000353107    0.0030303     0.341667
-0.000353107    0.0857143   -0.0166667     0.030303
   0.0030303   -0.0166667    0.0857143    0.0420198
    0.341667     0.030303    0.0420198     0.361905
IMAGINARY
          0  -0.0347222  -0.0104701   0.0142196
  0.0347222           0  -0.0320767 -0.00619658
  0.0104701   0.0320767           0   0.0430556
 -0.0142196  0.00619658  -0.0430556           0
EndNode1[0]<--->Repeater1[0]
REAL
  0.435185  0.0300968 -0.0222289   0.328728
 0.0300968  0.0648148 -0.0129386  0.0573166
-0.0222289 -0.0129386  0.0462963 -0.0388687
  0.328728  0.0573166 -0.0388687   0.453704
IMAGINARY
         0  0.0202586 -0.0309829 -0.0511964
-0.0202586          0  -0.042863 -0.0523504
 0.0309829   0.042863          0  0.0547414
 0.0511964  0.0523504 -0.0547414          0
EndNode2[0]<--->HoM1[0]
REAL
  0.470085 -0.0010563  0.0374609    0.37496
-0.0010563  0.0940171 -0.0188451  0.0021074
 0.0374609 -0.0188451  0.0940171 -0.0169293
   0.37496  0.0021074 -0.0169293    0.34188
IMAGINARY
         0  0.0212499 -0.0567489  0.0279412
-0.0212499          0  0.0112745  0.0257754
 0.0567489 -0.0112745          0  0.0274227
-0.0279412 -0.0257754 -0.0274227          0
Repeater1[0]<--->EndNode1[0]
REAL
  0.435185 -0.0222289  0.0300968   0.328728
-0.0222289  0.0462963 -0.0129386 -0.0388687
 0.0300968 -0.0129386  0.0648148  0.0573166
  0.328728 -0.0388687  0.0573166   0.453704
IMAGINARY
         0 -0.0309829  0.0202586 -0.0511964
 0.0309829          0   0.042863  0.0547414
-0.0202586  -0.042863          0 -0.0523504
 0.0511964 -0.0547414  0.0523504          0
Repeater1[0]<--->HoM1[0]
REAL
  0.470085  0.0374609 -0.0010563    0.37496
 0.0374609  0.0940171 -0.0188451 -0.0169293
-0.0010563 -0.0188451  0.0940171  0.0021074
   0.37496 -0.0169293  0.0021074    0.34188
IMAGINARY
         0 -0.0567489  0.0212499  0.0279412
 0.0567489          0 -0.0112745  0.0274227
-0.0212499  0.0112745          0  0.0257754
-0.0279412 -0.0274227 -0.0257754          0
EndNode1[0]<--->Repeater1[0]
REAL
      0.5 0.0454224 0.0116199  0.357154
0.0454224    0.0625 0.0534154 0.0493557
0.0116199 0.0534154 0.0729167 0.0236833
 0.357154 0.0493557 0.0236833  0.364583
IMAGINARY
          0 -0.00683301   0.0240713   -0.053194
 0.00683301           0   0.0484321   0.0366764
 -0.0240713  -0.0484321           0  -0.0445689
   0.053194  -0.0366764   0.0445689           0
EndNode2[0]<--->HoM1[0]
REAL
  0.421569 0.00602899  0.0511936   0.346191
0.00602899   0.147059  0.0226615   -0.01021
 0.0511936  0.0226615  0.0686275  0.0349546
  0.346191   -0.01021  0.0349546   0.362745
IMAGINARY
          0  -0.0144336   -0.032879    0.055102
  0.0144336           0    0.044898   0.0524868
   0.032879   -0.044898           0 -0.00517429
  -0.055102  -0.0524868  0.00517429           0
Repeater1[0]<--->EndNode1[0]
REAL
      0.5 0.0116199 0.0454224  0.357154
0.0116199 0.0729167 0.0534154 0.0236833
0.0454224 0.0534154    0.0625 0.0493557
 0.357154 0.0236833 0.0493557  0.364583
IMAGINARY
          0   0.0240713 -0.00683301   -0.053194
 -0.0240713           0  -0.0484321  -0.0445689
 0.00683301   0.0484321           0   0.0366764
   0.053194   0.0445689  -0.0366764           0
Repeater1[0]<--->HoM1[0]
REAL
  0.421569  0.0511936 0.00602899   0.346191
 0.0511936  0.0686275  0.0226615  0.0349546
0.00602899  0.0226615   0.147059   -0.01021
  0.346191  0.0349546   -0.01021   0.362745
IMAGINARY
          0   -0.032879  -0.0144336    0.055102
   0.032879           0   -0.044898 -0.00517429
  0.0144336    0.044898           0   0.0524868
  -0.055102  0.00517429  -0.0524868           0
EndNode1[0]<--->Repeater1[0]
REAL
   0.354545   0.0341954 -0.00654534    0.354504
  0.0341954    0.127273   0.0075651   0.0582695
-0.00654534   0.0075651         0.1   0.0175287
   0.354504   0.0582695   0.0175287    0.418182
IMAGINARY
          0   0.0124165  -0.0167383 -0.00724934
 -0.0124165           0   0.0340351  -0.0342821
  0.0167383  -0.0340351           0  0.00799169
 0.00724934   0.0342821 -0.00799169           0
EndNode2[0]<--->HoM1[0]
REAL
  0.410256  0.0124674  -0.029661    0.36549
 0.0124674   0.102564  0.0158659  -0.029661
 -0.029661  0.0158659  0.0940171 -0.0548403
   0.36549  -0.029661 -0.0548403   0.393162
IMAGINARY
          0 -0.00265369   0.0218515  -0.0271674
 0.00265369           0  -0.0359394  -0.0406485
 -0.0218515   0.0359394           0  -0.0236621
  0.0271674   0.0406485   0.0236621           0
Repeater1[0]<--->EndNode1[0]
REAL
   0.354545 -0.00654534   0.0341954    0.354504
-0.00654534         0.1   0.0075651   0.0175287
  0.0341954   0.0075651    0.127273   0.0582695
   0.354504   0.0175287   0.0582695    0.418182
IMAGINARY
          0  -0.0167383   0.0124165 -0.00724934
  0.0167383           0  -0.0340351  0.00799169
 -0.0124165   0.0340351           0  -0.0342821
 0.00724934 -0.00799169   0.0342821           0
Repeater1[0]<--->HoM1[0]
REAL
  0.410256  -0.029661  0.0124674    0.36549
 -0.029661  0.0940171  0.0158659 -0.0548403
 0.0124674  0.0158659   0.102564  -0.029661
   0.36549 -0.0548403  -0.029661   0.393162
IMAGINARY
          0   0.0218515 -0.00265369  -0.0271674
 -0.0218515           0   0.0359394  -0.0236621
 0.00265369  -0.0359394           0  -0.0406485
  0.0271674   0.0236621   0.0406485           0
EndNode1[0]<--->Repeater1[0]
REAL
  0.423729  0.0400859  0.0318574   0.365842
 0.0400859  0.0932203 -0.0341584  0.0225981
 0.0318574 -0.0341584  0.0338983 -0.0351354
  0.365842  0.0225981 -0.0351354   0.449153
IMAGINARY
         0 -0.0313406  0.0231269  0.0696219
 0.0313406          0 -0.0191632  0.0185398
-0.0231269  0.0191632          0 -0.0269928
-0.0696219 -0.0185398  0.0269928          0
EndNode2[0]<--->HoM1[0]
REAL
   0.391304  -0.0146675  -0.0616037    0.368203
 -0.0146675   0.0869565 -0.00379661  -0.0231421
 -0.0616037 -0.00379661   0.0782609  -0.0531291
   0.368203  -0.0231421  -0.0531291    0.443478
IMAGINARY
          0    0.030931  -0.0722883  0.00981779
  -0.030931           0  -0.0644396  0.00428829
  0.0722883   0.0644396           0  0.00506897
-0.00981779 -0.00428829 -0.00506897           0
Repeater1[0]<--->EndNode1[0]
REAL
  0.423729  0.0318574  0.0400859   0.365842
 0.0318574  0.0338983 -0.0341584 -0.0351354
 0.0400859 -0.0341584  0.0932203  0.0225981
  0.365842 -0.0351354  0.0225981   0.449153
IMAGINARY
         0  0.0231269 -0.0313406  0.0696219
-0.0231269          0  0.0191632 -0.0269928
 0.0313406 -0.0191632          0  0.0185398
-0.0696219  0.0269928 -0.0185398          0
Repeater1[0]<--->HoM1[0]
REAL
   0.391304  -0.0616037  -0.0146675    0.368203
 -0.0616037   0.0782609 -0.00379661  -0.0531291
 -0.0146675 -0.00379661   0.0869565  -0.0231421
   0.368203  -0.0531291  -0.0231421    0.443478
IMAGINARY
          0  -0.0722883    0.030931  0.00981779
  0.0722883           0   0.0644396  0.00506897
  -0.030931  -0.0644396           0  0.00428829
-0.00981779 -0.00506897 -0.00428829           0
EndNode1[0]<--->Repeater1[0]
REAL
   0.524272  0.00256457    0.033164    0.330097
 0.00256457   0.0485437  -0.0145631 -0.00889212
   0.033164  -0.0145631   0.0679612   0.0119985
   0.330097 -0.00889212   0.0119985    0.359223
IMAGINARY
           0    0.0127243   -0.0191642  0.000681405
  -0.0127243            0   -0.0583737   -0.0148164
   0.0191642    0.0583737            0   -0.0175787
-0.000681405    0.0148164    0.0175787            0
EndNode2[0]<--->HoM1[0]
REAL
    0.426087  -0.00436897    0.0380507     0.348825
 -0.00436897    0.0782609    0.0109876   -0.0333778
   0.0380507    0.0109876    0.0173913 -0.000303928
    0.348825   -0.0333778 -0.000303928     0.478261
IMAGINARY
         0  -0.036036   0.042471 -0.0170802
  0.036036          0  0.0343216 -0.0289575
 -0.042471 -0.0343216          0  0.0225225
 0.0170802  0.0289575 -0.0225225          0
Repeater1[0]<--->EndNode1[0]
REAL
   0.524272    0.033164  0.00256457    0.330097
   0.033164   0.0679612  -0.0145631   0.0119985
 0.00256457  -0.0145631   0.0485437 -0.00889212
   0.330097   0.0119985 -0.00889212    0.359223
IMAGINARY
           0   -0.0191642    0.0127243  0.000681405
   0.0191642            0    0.0583737   -0.0175787
  -0.0127243   -0.0583737            0   -0.0148164
-0.000681405    0.0175787    0.0148164            0
Repeater1[0]<--->HoM1[0]
REAL
    0.426087    0.0380507  -0.00436897     0.348825
   0.0380507    0.0173913    0.0109876 -0.000303928
 -0.00436897    0.0109876    0.0782609   -0.0333778
    0.348825 -0.000303928   -0.0333778     0.478261
IMAGINARY
         0   0.042471  -0.036036 -0.0170802
 -0.042471          0 -0.0343216  0.0225225
  0.036036  0.0343216          0 -0.0289575
 0.0170802 -0.0225225  0.0289575          0
EndNode1[0]<--->Repeater1[0]
REAL
   0.425743  -0.0175192 -0.00233307    0.319322
 -0.0175192    0.039604  -0.0140118  0.00675784
-0.00233307  -0.0140118   0.0891089  -0.0134542
   0.319322  0.00675784  -0.0134542    0.445545
IMAGINARY
          0  -0.0044757  -0.0680297  -0.0214707
  0.0044757           0  -0.0066192  0.00920612
  0.0680297   0.0066192           0   0.0534953
  0.0214707 -0.00920612  -0.0534953           0
EndNode2[0]<--->HoM1[0]
REAL
  0.431373  0.0710253 -0.0227289    0.33679
 0.0710253  0.0980392  0.0493886  0.0511842
-0.0227289  0.0493886  0.0686275 0.00621048
   0.33679  0.0511842 0.00621048   0.401961
IMAGINARY
          0  0.00304408   0.0168565  -0.0734736
-0.00304408           0 -0.00450807  -0.0365415
 -0.0168565  0.00450807           0  -0.0227291
  0.0734736   0.0365415   0.0227291           0
Repeater1[0]<--->EndNode1[0]
REAL
   0.425743 -0.00233307  -0.0175192    0.319322
-0.00233307   0.0891089  -0.0140118  -0.0134542
 -0.0175192  -0.0140118    0.039604  0.00675784
   0.319322  -0.0134542  0.00675784    0.445545
IMAGINARY
          0  -0.0680297  -0.0044757  -0.0214707
  0.0680297           0   0.0066192   0.0534953
  0.0044757  -0.0066192           0  0.00920612
  0.0214707  -0.0534953 -0.00920612           0
Repeater1[0]<--->HoM1[0]
REAL
  0.431373 -0.0227289  0.0710253    0.33679
-0.0227289  0.0686275  0.0493886 0.00621048
 0.0710253  0.0493886  0.0980392  0.0511842
   0.33679 0.00621048  0.0511842   0.401961
IMAGINARY
          0   0.0168565  0.00304408  -0.0734736
 -0.0168565           0  0.00450807  -0.0227291
-0.00304408 -0.00450807           0  -0.0365415
  0.0734736   0.0227291   0.0365415           0
EndNode1[0]<--->Repeater1[0]
REAL
  0.428571  0.0144439  0.0110937   0.358033
 0.0144439  0.0952381 -0.0233226  0.0426253
 0.0110937 -0.0233226  0.0285714 -0.0268405
  0.358033  0.0426253 -0.0268405   0.447619
IMAGINARY
          0  -0.0161421 -0.00423729  -0.0407397
  0.0161421           0  0.00565202 -0.00423729
 0.00423729 -0.00565202           0  0.00766747
  0.0407397  0.00423729 -0.00766747           0
EndNode2[0]<--->HoM1[0]
REAL
      0.48  0.0147523  0.0157248   0.331935
 0.0147523      0.088 -0.0301336  0.0248157
 0.0157248 -0.0301336       0.04 -0.0102477
  0.331935  0.0248157 -0.0102477      0.392
IMAGINARY
         0  0.0138547 -0.0262847  0.0401046
-0.0138547          0  -0.045481  0.0521467
 0.0262847   0.045481          0 -0.0397167
-0.0401046 -0.0521467  0.0397167          0
Repeater1[0]<--->EndNode1[0]
REAL
  0.428571  0.0110937  0.0144439   0.358033
 0.0110937  0.0285714 -0.0233226 -0.0268405
 0.0144439 -0.0233226  0.0952381  0.0426253
  0.358033 -0.0268405  0.0426253   0.447619
IMAGINARY
          0 -0.00423729  -0.0161421  -0.0407397
 0.00423729           0 -0.00565202  0.00766747
  0.0161421  0.00565202           0 -0.00423729
  0.0407397 -0.00766747  0.00423729           0
Repeater1[0]<--->HoM1[0]
REAL
      0.48  0.0157248  0.0147523   0.331935
 0.0157248       0.04 -0.0301336 -0.0102477
 0.0147523 -0.0301336      0.088  0.0248157
  0.331935 -0.0102477  0.0248157      0.392
IMAGINARY
         0 -0.0262847  0.0138547  0.0401046
 0.0262847          0   0.045481 -0.0397167
-0.0138547  -0.045481          0  0.0521467
-0.0401046  0.0397167 -0.0521467          0
EndNode1[0]<--->Repeater1[0]
REAL
 0.435897 0.0302934 0.0274235  0.335234
0.0302934 0.0769231 0.0117047 0.0542092
0.0274235 0.0117047  0.034188 0.0615434
 0.335234 0.0542092 0.0615434  0.452991
IMAGINARY
          0   0.0299695   0.0209209   0.0627236
 -0.0299695           0   -0.010092  8.7535e-05
 -0.0209209    0.010092           0  0.00784562
 -0.0627236 -8.7535e-05 -0.00784562           0
EndNode2[0]<--->HoM1[0]
REAL
  0.392308  0.0185714 -0.0022409   0.348413
 0.0185714  0.0923077 -0.0484127 -0.0120448
-0.0022409 -0.0484127  0.0461538 -0.0614286
  0.348413 -0.0120448 -0.0614286   0.469231
IMAGINARY
          0   -0.021164  -0.0166667 -0.00615606
   0.021164           0   0.0315798   0.0642857
  0.0166667  -0.0315798           0  -0.0026455
 0.00615606  -0.0642857   0.0026455           0
Repeater1[0]<--->EndNode1[0]
REAL
 0.435897 0.0274235 0.0302934  0.335234
0.0274235  0.034188 0.0117047 0.0615434
0.0302934 0.0117047 0.0769231 0.0542092
 0.335234 0.0615434 0.0542092  0.452991
IMAGINARY
          0   0.0209209   0.0299695   0.0627236
 -0.0209209           0    0.010092  0.00784562
 -0.0299695   -0.010092           0  8.7535e-05
 -0.0627236 -0.00784562 -8.7535e-05           0
Repeater1[0]<--->HoM1[0]
REAL
  0.392308 -0.0022409  0.0185714   0.348413
-0.0022409  0.0461538 -0.0484127 -0.0614286
 0.0185714 -0.0484127  0.0923077 -0.0120448
  0.348413 -0.0614286 -0.0120448   0.469231
IMAGINARY
          0  -0.0166667   -0.021164 -0.00615606
  0.0166667           0  -0.0315798  -0.0026455
   0.021164   0.0315798           0   0.0642857
 0.00615606   0.0026455  -0.0642857           0
EndNode1[0]<--->Repeater1[0]
REAL
  0.392857  0.0287697  0.0475981   0.388007
 0.0287697  0.0714286 -0.0365216 0.00685735
 0.0475981 -0.0365216  0.0714286 -0.0040172
  0.388007 0.00685735 -0.0040172   0.464286
IMAGINARY
          0  -0.0207456   0.0379173  -0.0439137
  0.0207456           0  0.00154083   0.0186865
 -0.0379173 -0.00154083           0  -0.0547261
  0.0439137  -0.0186865   0.0547261           0
EndNode2[0]<--->HoM1[0]
REAL
  0.428571 -0.0190752 0.00889351   0.359211
-0.0190752  0.0827068  0.0326806    0.00462
0.00889351  0.0326806  0.0902256 -0.0394834
  0.359211    0.00462 -0.0394834   0.398496
IMAGINARY
         0 -0.0357143  0.0240905    0.10568
 0.0357143          0  0.0113408   0.037134
-0.0240905 -0.0113408          0 -0.0357143
  -0.10568  -0.037134  0.0357143          0
Repeater1[0]<--->EndNode1[0]
REAL
  0.392857  0.0475981  0.0287697   0.388007
 0.0475981  0.0714286 -0.0365216 -0.0040172
 0.0287697 -0.0365216  0.0714286 0.00685735
  0.388007 -0.0040172 0.00685735   0.464286
IMAGINARY
          0   0.0379173  -0.0207456  -0.0439137
 -0.0379173           0 -0.00154083  -0.0547261
  0.0207456  0.00154083           0   0.0186865
  0.0439137   0.0547261  -0.0186865           0
Repeater1[0]<--->HoM1[0]
REAL
  0.428571 0.00889351 -0.0190752   0.359211
0.00889351  0.0902256  0.0326806 -0.0394834
-0.0190752  0.0326806  0.0827068    0.00462
  0.359211 -0.0394834    0.00462   0.398496
IMAGINARY
         0  0.0240905 -0.0357143    0.10568
-0.0240905          0 -0.0113408 -0.0357143
 0.0357143  0.0113408          0   0.037134
  -0.10568  0.0357143  -0.037134          0
EndNode1[0]<--->Repeater1[0]
REAL
      0.45 -0.0419048 -0.0192727   0.343811
-0.0419048       0.05 0.00418868 -0.0647273
-0.0192727 0.00418868       0.05 -0.0180952
  0.343811 -0.0647273 -0.0180952       0.45
IMAGINARY
           0  -0.00888365   -0.0342087    0.0190476
  0.00888365            0     0.052381    0.0153408
   0.0342087    -0.052381            0 -0.000550314
  -0.0190476   -0.0153408  0.000550314            0
EndNode2[0]<--->HoM1[0]
REAL
     0.464 -0.0647495 -0.0296666   0.334567
-0.0647495      0.024 -0.0201339  0.0554398
-0.0296666 -0.0201339       0.08  0.0492856
  0.334567  0.0554398  0.0492856      0.432
IMAGINARY
         0  0.0153846 -0.0420513  0.0411684
-0.0153846          0 -0.0453701 -0.0220513
 0.0420513  0.0453701          0  0.0230769
-0.0411684  0.0220513 -0.0230769          0
Repeater1[0]<--->EndNode1[0]
REAL
      0.45 -0.0192727 -0.0419048   0.343811
-0.0192727       0.05 0.00418868 -0.0180952
-0.0419048 0.00418868       0.05 -0.0647273
  0.343811 -0.0180952 -0.0647273       0.45
IMAGINARY
           0   -0.0342087  -0.00888365    0.0190476
   0.0342087            0    -0.052381 -0.000550314
  0.00888365     0.052381            0    0.0153408
  -0.0190476  0.000550314   -0.0153408            0
Repeater1[0]<--->HoM1[0]
REAL
     0.464 -0.0296666 -0.0647495   0.334567
-0.0296666       0.08 -0.0201339  0.0492856
-0.0647495 -0.0201339      0.024  0.0554398
  0.334567  0.0492856  0.0554398      0.432
IMAGINARY
         0 -0.0420513  0.0153846  0.0411684
 0.0420513          0  0.0453701  0.0230769
-0.0153846 -0.0453701          0 -0.0220513
-0.0411684 -0.0230769  0.0220513          0
EndNode1[0]<--->Repeater1[0]
REAL
   0.370787   0.0108589 -0.00286523    0.356557
  0.0108589   0.0898876  0.00409836   0.0192587
-0.00286523  0.00409836   0.0786517  -0.0190556
   0.356557   0.0192587  -0.0190556    0.460674
IMAGINARY
          0   0.0219298  0.00105386   -0.024197
 -0.0219298           0  -0.0531226   0.0153396
-0.00105386   0.0531226           0  -0.0219298
   0.024197  -0.0153396   0.0219298           0
EndNode2[0]<--->HoM1[0]
REAL
   0.405172  -0.0186966 -0.00807653    0.367444
 -0.0186966    0.103448   0.0128982   -0.021838
-0.00807653   0.0128982   0.0775862   0.0229701
   0.367444   -0.021838   0.0229701    0.413793
IMAGINARY
          0  -0.0133838   0.0524955     0.04133
  0.0133838           0  0.00496633  -0.0161319
 -0.0524955 -0.00496633           0  -0.0411616
   -0.04133   0.0161319   0.0411616           0
Repeater1[0]<--->EndNode1[0]
REAL
   0.370787 -0.00286523   0.0108589    0.356557
-0.00286523   0.0786517  0.00409836  -0.0190556
  0.0108589  0.00409836   0.0898876   0.0192587
   0.356557  -0.0190556   0.0192587    0.460674
IMAGINARY
          0  0.00105386   0.0219298   -0.024197
-0.00105386           0   0.0531226  -0.0219298
 -0.0219298  -0.0531226           0   0.0153396
   0.024197   0.0219298  -0.0153396           0
Repeater1[0]<--->HoM1[0]
REAL
   0.405172 -0.00807653  -0.0186966    0.367444
-0.00807653   0.0775862   0.0128982   0.0229701
 -0.0186966   0.0128982    0.103448   -0.021838
   0.367444   0.0229701   -0.021838    0.413793
IMAGINARY
          0   0.0524955  -0.0133838     0.04133
 -0.0524955           0 -0.00496633  -0.0411616
  0.0133838  0.00496633           0  -0.0161319
   -0.04133   0.0411616   0.0161319           0
EndNode1[0]<--->Repeater1[0]
REAL
 0.385417 0.0572174 0.0104151  0.376692
0.0572174   0.09375 0.0113077 0.0575849
0.0104151 0.0113077  0.104167 0.0267826
 0.376692 0.0575849 0.0267826  0.416667
IMAGINARY
          0   0.0163934  0.00663717   0.0151871
 -0.0163934           0   0.0102366 -0.00663717
-0.00663717  -0.0102366           0  -0.0163934
 -0.0151871  0.00663717   0.0163934           0
EndNode2[0]<--->HoM1[0]
REAL
  0.425743   0.104794  0.0256116   0.347222
  0.104794  0.0891089 -0.0138889  0.0577217
 0.0256116 -0.0138889   0.118812  0.0118732
  0.347222  0.0577217  0.0118732   0.366337
IMAGINARY
          0  -0.0620684   0.0668536  -0.0295425
  0.0620684           0   0.0214779  0.00722052
 -0.0668536  -0.0214779           0 -0.00274639
  0.0295425 -0.00722052  0.00274639           0
Repeater1[0]<--->EndNode1[0]
REAL
 0.385417 0.0104151 0.0572174  0.376692
0.0104151  0.104167 0.0113077 0.0267826
0.0572174 0.0113077   0.09375 0.0575849
 0.376692 0.0267826 0.0575849  0.416667
IMAGINARY
          0  0.00663717   0.0163934   0.0151871
-0.00663717           0  -0.0102366  -0.0163934
 -0.0163934   0.0102366           0 -0.00663717
 -0.0151871   0.0163934  0.00663717           0
Repeater1[0]<--->HoM1[0]
REAL
  0.425743  0.0256116   0.104794   0.347222
 0.0256116   0.118812 -0.0138889  0.0118732
  0.104794 -0.0138889  0.0891089  0.0577217
  0.347222  0.0118732  0.0577217   0.366337
IMAGINARY
          0   0.0668536  -0.0620684  -0.0295425
 -0.0668536           0  -0.0214779 -0.00274639
  0.0620684   0.0214779           0  0.00722052
  0.0295425  0.00274639 -0.00722052           0
EndNode1[0]<--->Repeater1[0]
REAL
  0.365385  -0.043812  0.0252129   0.343227
 -0.043812  0.0192308 0.00582911   0.003089
 0.0252129 0.00582911   0.105769  0.0155101
  0.343227   0.003089  0.0155101   0.509615
IMAGINARY
          0 -0.00832552  -0.0166086   0.0164177
 0.00832552           0   0.0206194  -0.0118467
  0.0166086  -0.0206194           0   0.0205206
 -0.0164177   0.0118467  -0.0205206           0
EndNode2[0]<--->HoM1[0]
REAL
 0.421053 0.0526125     0.025   0.31152
0.0526125 0.0877193 0.0154033 0.0711538
    0.025 0.0154033  0.105263 0.0243106
  0.31152 0.0711538 0.0243106  0.385965
IMAGINARY
          0   0.0176121  -0.0202921 -0.00774775
 -0.0176121           0   0.0122523  -0.0428147
  0.0202921  -0.0122523           0 -0.00304903
 0.00774775   0.0428147  0.00304903           0
Repeater1[0]<--->EndNode1[0]
REAL
  0.365385  0.0252129  -0.043812   0.343227
 0.0252129   0.105769 0.00582911  0.0155101
 -0.043812 0.00582911  0.0192308   0.003089
  0.343227  0.0155101   0.003089   0.509615
IMAGINARY
          0  -0.0166086 -0.00832552   0.0164177
  0.0166086           0  -0.0206194   0.0205206
 0.00832552   0.0206194           0  -0.0118467
 -0.0164177  -0.0205206   0.0118467           0
Repeater1[0]<--->HoM1[0]
REAL
 0.421053     0.025 0.0526125   0.31152
    0.025  0.105263 0.0154033 0.0243106
0.0526125 0.0154033 0.0877193 0.0711538
  0.31152 0.0243106 0.0711538  0.385965
IMAGINARY
          0  -0.0202921   0.0176121 -0.00774775
  0.0202921           0  -0.0122523 -0.00304903
 -0.0176121   0.0122523           0  -0.0428147
 0.00774775  0.00304903   0.0428147           0
EndNode1[0]<--->Repeater1[0]
REAL
  0.424242 -0.0393723   0.029304   0.385294
-0.0393723  0.0808081 -0.0305935 -0.0421245
  0.029304 -0.0305935   0.030303  0.0180048
  0.385294 -0.0421245  0.0180048   0.464646
IMAGINARY
          0 -0.00220165   0.0142571 -0.00267275
 0.00220165           0   0.0280965  -0.0469674
 -0.0142571  -0.0280965           0   -0.011817
 0.00267275   0.0469674    0.011817           0
EndNode2[0]<--->HoM1[0]
REAL
  0.545455  0.0430615 -0.0213915   0.368141
 0.0430615  0.0505051  0.0270199   0.029456
-0.0213915  0.0270199   0.040404 0.00532562
  0.368141   0.029456 0.00532562   0.363636
IMAGINARY
          0  0.00462617   0.0225479    0.014666
-0.00462617           0   0.0638464   0.0662372
 -0.0225479  -0.0638464           0  -0.0653738
  -0.014666  -0.0662372   0.0653738           0
Repeater1[0]<--->EndNode1[0]
REAL
  0.424242   0.029304 -0.0393723   0.385294
  0.029304   0.030303 -0.0305935  0.0180048
-0.0393723 -0.0305935  0.0808081 -0.0421245
  0.385294  0.0180048 -0.0421245   0.464646
IMAGINARY
          0   0.0142571 -0.00220165 -0.00267275
 -0.0142571           0  -0.0280965   -0.011817
 0.00220165   0.0280965           0  -0.0469674
 0.00267275    0.011817   0.0469674           0
Repeater1[0]<--->HoM1[0]
REAL
  0.545455 -0.0213915  0.0430615   0.368141
-0.0213915   0.040404  0.0270199 0.00532562
 0.0430615  0.0270199  0.0505051   0.029456
  0.368141 0.00532562   0.029456   0.363636
IMAGINARY
          0   0.0225479  0.00462617    0.014666
 -0.0225479           0  -0.0638464  -0.0653738
-0.00462617   0.0638464           0   0.0662372
  -0.014666   0.0653738  -0.0662372           0
EndNode1[0]<--->Repeater1[0]
REAL
  0.432836 -0.0211999  0.0296176   0.361357
-0.0211999   0.119403  0.0265742 0.00486514
 0.0296176  0.0265742  0.0447761  0.0298205
  0.361357 0.00486514  0.0298205   0.402985
IMAGINARY
          0  -0.0119778 -0.00869565   0.0396301
  0.0119778           0   -0.013768  0.00434783
 0.00869565    0.013768           0  0.00763001
 -0.0396301 -0.00434783 -0.00763001           0
EndNode2[0]<--->HoM1[0]
REAL
  0.335938 -0.0344461 -0.0600699   0.334862
-0.0344461    0.09375  0.0183486 -0.0362604
-0.0600699  0.0183486    0.09375 -0.0251869
  0.334862 -0.0362604 -0.0251869   0.476562
IMAGINARY
          0 -0.00883631   0.0788669   0.0544025
 0.00883631           0  -0.0210692   0.0174634
 -0.0788669   0.0210692           0  -0.0140995
 -0.0544025  -0.0174634   0.0140995           0
Repeater1[0]<--->EndNode1[0]
REAL
  0.432836  0.0296176 -0.0211999   0.361357
 0.0296176  0.0447761  0.0265742  0.0298205
-0.0211999  0.0265742   0.119403 0.00486514
  0.361357  0.0298205 0.00486514   0.402985
IMAGINARY
          0 -0.00869565  -0.0119778   0.0396301
 0.00869565           0    0.013768  0.00763001
  0.0119778   -0.013768           0  0.00434783
 -0.0396301 -0.00763001 -0.00434783           0
Repeater1[0]<--->HoM1[0]
REAL
  0.335938 -0.0600699 -0.0344461   0.334862
-0.0600699    0.09375  0.0183486 -0.0251869
-0.0344461  0.0183486    0.09375 -0.0362604
  0.334862 -0.0251869 -0.0362604   0.476562
IMAGINARY
          0   0.0788669 -0.00883631   0.0544025
 -0.0788669           0   0.0210692  -0.0140995
 0.00883631  -0.0210692           0   0.0174634
 -0.0544025   0.0140995  -0.0174634           0
EndNode1[0]<--->Repeater1[0]
REAL
   0.407767  0.00242457   0.0126381    0.332841
 0.00242457   0.0485437 -0.00525452   0.0563274
  0.0126381 -0.00525452   0.0485437   0.0492996
   0.332841   0.0563274   0.0492996    0.495146
IMAGINARY
          0 -0.00728022 -0.00489542   0.0228128
 0.00728022           0  -0.0275748  -0.0189141
 0.00489542   0.0275748           0   0.0215659
 -0.0228128   0.0189141  -0.0215659           0
EndNode2[0]<--->HoM1[0]
REAL
  0.440678 -0.0767977 -0.0215672   0.354935
-0.0767977  0.0677966 -0.0376271 -0.0168943
-0.0215672 -0.0376271  0.0847458 -0.0289716
  0.354935 -0.0168943 -0.0289716    0.40678
IMAGINARY
          0 -0.00993969  -0.0118228   0.0104895
 0.00993969           0   -0.014763    0.015955
  0.0118228    0.014763           0   0.0306008
 -0.0104895   -0.015955  -0.0306008           0
Repeater1[0]<--->EndNode1[0]
REAL
   0.407767   0.0126381  0.00242457    0.332841
  0.0126381   0.0485437 -0.00525452   0.0492996
 0.00242457 -0.00525452   0.0485437   0.0563274
   0.332841   0.0492996   0.0563274    0.495146
IMAGINARY
          0 -0.00489542 -0.00728022   0.0228128
 0.00489542           0   0.0275748   0.0215659
 0.00728022  -0.0275748           0  -0.0189141
 -0.0228128  -0.0215659   0.0189141           0
Repeater1[0]<--->HoM1[0]
REAL
  0.440678 -0.0215672 -0.0767977   0.354935
-0.0215672  0.0847458 -0.0376271 -0.0289716
-0.0767977 -0.0376271  0.0677966 -0.0168943
  0.354935 -0.0289716 -0.0168943    0.40678
IMAGINARY
          0  -0.0118228 -0.00993969   0.0104895
  0.0118228           0    0.014763   0.0306008
 0.00993969   -0.014763           0    0.015955
 -0.0104895  -0.0306008   -0.015955           0
EndNode1[0]<--->Repeater1[0]
REAL
  0.342593 -0.0566737 -0.0104356   0.359293
-0.0566737  0.0555556 -0.0372589 0.00196106
-0.0104356 -0.0372589   0.148148 0.00582627
  0.359293 0.00196106 0.00582627   0.453704
IMAGINARY
          0  -0.0324247   0.0221903  -0.0101343
  0.0324247           0   0.0625153  0.00367178
 -0.0221903  -0.0625153           0  -0.0279202
  0.0101343 -0.00367178   0.0279202           0
EndNode2[0]<--->HoM1[0]
