EndNode1[0]<--->Repeater1[0]
REAL
  0.397072  -0.012576  0.0107822   0.284933
 -0.012576    0.10186 0.00260369 -0.0044054
 0.0107822 0.00260369   0.113754 0.00301079
  0.284933 -0.0044054 0.00301079   0.387313
IMAGINARY
          0  0.00390396  0.00479553  0.00703864
-0.00390396           0 -0.00373335  -0.0121097
-0.00479553  0.00373335           0   0.0127725
-0.00703864   0.0121097  -0.0127725           0
EndNode2[0]<--->HoM1[0]
REAL
   0.401182  0.00354168  0.00458073    0.288096
 0.00354168    0.102806  0.00324271 -0.00851774
 0.00458073  0.00324271    0.102511   0.0073608
   0.288096 -0.00851774   0.0073608    0.393501
IMAGINARY
           0  -0.00844101   0.00204055   0.00625455
  0.00844101            0  -0.00246552 -0.000340399
 -0.00204055   0.00246552            0   0.00550437
 -0.00625455  0.000340399  -0.00550437            0
Repeater1[0]<--->EndNode1[0]
REAL
  0.397072  0.0107822  -0.012576   0.284933
 0.0107822   0.113754 0.00260369 0.00301079
 -0.012576 0.00260369    0.10186 -0.0044054
  0.284933 0.00301079 -0.0044054   0.387313
IMAGINARY
          0  0.00479553  0.00390396  0.00703864
-0.00479553           0  0.00373335   0.0127725
-0.00390396 -0.00373335           0  -0.0121097
-0.00703864  -0.0127725   0.0121097           0
Repeater1[0]<--->HoM1[0]
REAL
   0.401182  0.00458073  0.00354168    0.288096
 0.00458073    0.102511  0.00324271   0.0073608
 0.00354168  0.00324271    0.102806 -0.00851774
   0.288096   0.0073608 -0.00851774    0.393501
IMAGINARY
           0   0.00204055  -0.00844101   0.00625455
 -0.00204055            0   0.00246552   0.00550437
  0.00844101  -0.00246552            0 -0.000340399
 -0.00625455  -0.00550437  0.000340399            0
EndNode1[0]<--->Repeater1[0]
REAL
   0.385881 -0.00517009   0.0016414    0.290684
-0.00517009    0.108286  0.00415018  0.00340611
  0.0016414  0.00415018    0.113072  0.00635773
   0.290684  0.00340611  0.00635773    0.392761
IMAGINARY
          0  -0.0030456  0.00500524 -0.00985737
  0.0030456           0 -0.00147915   0.0010224
-0.00500524  0.00147915           0 -0.00533428
 0.00985737  -0.0010224  0.00533428           0
EndNode2[0]<--->HoM1[0]
REAL
   0.389493  -0.0027787 -0.00351744    0.280147
 -0.0027787    0.102053  0.00325599 -0.00487082
-0.00351744  0.00325599    0.102053 -0.00351249
   0.280147 -0.00487082 -0.00351249    0.406401
IMAGINARY
           0   0.00108714 -0.000658699  -0.00145587
 -0.00108714            0  -0.00237894   0.00213624
 0.000658699   0.00237894            0   -0.0034512
  0.00145587  -0.00213624    0.0034512            0
Repeater1[0]<--->EndNode1[0]
REAL
   0.385881   0.0016414 -0.00517009    0.290684
  0.0016414    0.113072  0.00415018  0.00635773
-0.00517009  0.00415018    0.108286  0.00340611
   0.290684  0.00635773  0.00340611    0.392761
IMAGINARY
          0  0.00500524  -0.0030456 -0.00985737
-0.00500524           0  0.00147915 -0.00533428
  0.0030456 -0.00147915           0   0.0010224
 0.00985737  0.00533428  -0.0010224           0
Repeater1[0]<--->HoM1[0]
REAL
   0.389493 -0.00351744  -0.0027787    0.280147
-0.00351744    0.102053  0.00325599 -0.00351249
 -0.0027787  0.00325599    0.102053 -0.00487082
   0.280147 -0.00351249 -0.00487082    0.406401
IMAGINARY
           0 -0.000658699   0.00108714  -0.00145587
 0.000658699            0   0.00237894   -0.0034512
 -0.00108714  -0.00237894            0   0.00213624
  0.00145587    0.0034512  -0.00213624            0
EndNode1[0]<--->Repeater1[0]
REAL
    0.384148   0.00112552 -0.000712061     0.287607
  0.00112552     0.112663  -0.00336371   0.00533755
-0.000712061  -0.00336371     0.102338   0.00200787
    0.287607   0.00533755   0.00200787      0.40085
IMAGINARY
          0 -0.00817428 -0.00655329   0.0129707
 0.00817428           0  0.00324311  0.00933622
 0.00655329 -0.00324311           0  0.00415449
 -0.0129707 -0.00933622 -0.00415449           0
EndNode2[0]<--->HoM1[0]
REAL
   0.410109  -0.0140712 -0.00178328    0.290725
 -0.0140712    0.105024 0.000431335 -0.00374406
-0.00178328 0.000431335    0.104419   0.0100378
   0.290725 -0.00374406   0.0100378    0.380448
IMAGINARY
           0  -0.00225009   0.00146205  1.65153e-05
  0.00225009            0    0.0020693    0.0108208
 -0.00146205   -0.0020693            0   0.00135135
-1.65153e-05   -0.0108208  -0.00135135            0
Repeater1[0]<--->EndNode1[0]
REAL
    0.384148 -0.000712061   0.00112552     0.287607
-0.000712061     0.102338  -0.00336371   0.00200787
  0.00112552  -0.00336371     0.112663   0.00533755
    0.287607   0.00200787   0.00533755      0.40085
IMAGINARY
          0 -0.00655329 -0.00817428   0.0129707
 0.00655329           0 -0.00324311  0.00415449
 0.00817428  0.00324311           0  0.00933622
 -0.0129707 -0.00415449 -0.00933622           0
Repeater1[0]<--->HoM1[0]
REAL
   0.410109 -0.00178328  -0.0140712    0.290725
-0.00178328    0.104419 0.000431335   0.0100378
 -0.0140712 0.000431335    0.105024 -0.00374406
   0.290725   0.0100378 -0.00374406    0.380448
IMAGINARY
           0   0.00146205  -0.00225009  1.65153e-05
 -0.00146205            0   -0.0020693   0.00135135
  0.00225009    0.0020693            0    0.0108208
-1.65153e-05  -0.00135135   -0.0108208            0
EndNode1[0]<--->Repeater1[0]
REAL
    0.407321 -6.12745e-05  -0.00872336     0.294381
-6.12745e-05    0.0981987    -0.010972   0.00495262
 -0.00872336    -0.010972     0.105171  -0.00189951
    0.294381   0.00495262  -0.00189951     0.389309
IMAGINARY
          0  0.00338982 -0.00471252  0.00859913
-0.00338982           0  -0.0146051 -0.00501984
 0.00471252   0.0146051           0  0.00147636
-0.00859913  0.00501984 -0.00147636           0
EndNode2[0]<--->HoM1[0]
REAL
    0.396648  -0.00192701 -0.000623642     0.296353
 -0.00192701     0.108203   0.00109623  -0.00377964
-0.000623642   0.00109623     0.107615  -0.00338729
    0.296353  -0.00377964  -0.00338729     0.387533
IMAGINARY
           0   0.00755415  -0.00931363  0.000912131
 -0.00755415            0  -0.00258437  -0.00854887
  0.00931363   0.00258437            0  -0.00710383
-0.000912131   0.00854887   0.00710383            0
Repeater1[0]<--->EndNode1[0]
REAL
    0.407321  -0.00872336 -6.12745e-05     0.294381
 -0.00872336     0.105171    -0.010972  -0.00189951
-6.12745e-05    -0.010972    0.0981987   0.00495262
    0.294381  -0.00189951   0.00495262     0.389309
IMAGINARY
          0 -0.00471252  0.00338982  0.00859913
 0.00471252           0   0.0146051  0.00147636
-0.00338982  -0.0146051           0 -0.00501984
-0.00859913 -0.00147636  0.00501984           0
Repeater1[0]<--->HoM1[0]
REAL
    0.396648 -0.000623642  -0.00192701     0.296353
-0.000623642     0.107615   0.00109623  -0.00338729
 -0.00192701   0.00109623     0.108203  -0.00377964
    0.296353  -0.00338729  -0.00377964     0.387533
IMAGINARY
           0  -0.00931363   0.00755415  0.000912131
  0.00931363            0   0.00258437  -0.00710383
 -0.00755415  -0.00258437            0  -0.00854887
-0.000912131   0.00710383   0.00854887            0
EndNode1[0]<--->Repeater1[0]
REAL
     0.40268   0.00714946   0.00368063     0.294744
  0.00714946     0.101736  -0.00114399  -0.00338703
  0.00368063  -0.00114399     0.100822 -0.000690266
    0.294744  -0.00338703 -0.000690266     0.394761
IMAGINARY
           0   0.00220844    -0.004473   0.00137376
 -0.00220844            0  -0.00639353  0.000995524
    0.004473   0.00639353            0  -0.00205725
 -0.00137376 -0.000995524   0.00205725            0
EndNode2[0]<--->HoM1[0]
REAL
   0.409145  0.00953912 -0.00528359    0.280364
 0.00953912    0.102138  0.00744981   0.0071207
-0.00528359  0.00744981    0.104216  0.00607631
   0.280364   0.0071207  0.00607631    0.384501
IMAGINARY
          0  0.00122227  0.00307182 -0.00229544
-0.00122227           0 -0.00289282  0.00397871
-0.00307182  0.00289282           0   0.0043594
 0.00229544 -0.00397871  -0.0043594           0
Repeater1[0]<--->EndNode1[0]
REAL
     0.40268   0.00368063   0.00714946     0.294744
  0.00368063     0.100822  -0.00114399 -0.000690266
  0.00714946  -0.00114399     0.101736  -0.00338703
    0.294744 -0.000690266  -0.00338703     0.394761
IMAGINARY
           0    -0.004473   0.00220844   0.00137376
    0.004473            0   0.00639353  -0.00205725
 -0.00220844  -0.00639353            0  0.000995524
 -0.00137376   0.00205725 -0.000995524            0
Repeater1[0]<--->HoM1[0]
REAL
   0.409145 -0.00528359  0.00953912    0.280364
-0.00528359    0.104216  0.00744981  0.00607631
 0.00953912  0.00744981    0.102138   0.0071207
   0.280364  0.00607631   0.0071207    0.384501
IMAGINARY
          0  0.00307182  0.00122227 -0.00229544
-0.00307182           0  0.00289282   0.0043594
-0.00122227 -0.00289282           0  0.00397871
 0.00229544  -0.0043594 -0.00397871           0
EndNode1[0]<--->Repeater1[0]
REAL
     0.4009 -0.00535096 -0.00868465    0.277215
-0.00535096    0.106747 -0.00198179  9.7726e-05
-0.00868465 -0.00198179    0.103448 -0.00383856
   0.277215  9.7726e-05 -0.00383856    0.388906
IMAGINARY
          0 -0.00236243  0.00329514  0.00111399
 0.00236243           0    0.004253 -0.00390342
-0.00329514   -0.004253           0 -0.00067893
-0.00111399  0.00390342  0.00067893           0
EndNode2[0]<--->HoM1[0]
REAL
   0.409429   0.0125653  0.00855866    0.284587
  0.0125653    0.106079 -0.00523159   0.0108143
 0.00855866 -0.00523159    0.102047  0.00976539
   0.284587   0.0108143  0.00976539    0.382444
IMAGINARY
          0  0.00257703  -0.0058784 -0.00498786
-0.00257703           0  0.00438436  0.00305017
  0.0058784 -0.00438436           0 -0.00153506
 0.00498786 -0.00305017  0.00153506           0
Repeater1[0]<--->EndNode1[0]
REAL
     0.4009 -0.00868465 -0.00535096    0.277215
-0.00868465    0.103448 -0.00198179 -0.00383856
-0.00535096 -0.00198179    0.106747  9.7726e-05
   0.277215 -0.00383856  9.7726e-05    0.388906
IMAGINARY
          0  0.00329514 -0.00236243  0.00111399
-0.00329514           0   -0.004253 -0.00067893
 0.00236243    0.004253           0 -0.00390342
-0.00111399  0.00067893  0.00390342           0
Repeater1[0]<--->HoM1[0]
REAL
   0.409429  0.00855866   0.0125653    0.284587
 0.00855866    0.102047 -0.00523159  0.00976539
  0.0125653 -0.00523159    0.106079   0.0108143
   0.284587  0.00976539   0.0108143    0.382444
IMAGINARY
          0  -0.0058784  0.00257703 -0.00498786
  0.0058784           0 -0.00438436 -0.00153506
-0.00257703  0.00438436           0  0.00305017
 0.00498786  0.00153506 -0.00305017           0
EndNode1[0]<--->Repeater1[0]
REAL
  0.393285 0.00158532 0.00647429   0.289451
0.00158532   0.116607 0.00331198 0.00130083
0.00647429 0.00331198   0.103717 0.00469459
  0.289451 0.00130083 0.00469459   0.386391
IMAGINARY
           0 -0.000545092   0.00430919   0.00499444
 0.000545092            0  0.000252933   0.00461407
 -0.00430919 -0.000252933            0  -0.00391654
 -0.00499444  -0.00461407   0.00391654            0
EndNode2[0]<--->HoM1[0]
REAL
   0.404545  0.00647481  0.00673153    0.283513
 0.00647481    0.104242   0.0055715 0.000206491
 0.00673153   0.0055715    0.100606  0.00909719
   0.283513 0.000206491  0.00909719    0.390606
IMAGINARY
          0 -0.00387498  0.00895489   0.0093776
 0.00387498           0   0.0105624  0.00163335
-0.00895489  -0.0105624           0 -0.00641913
 -0.0093776 -0.00163335  0.00641913           0
Repeater1[0]<--->EndNode1[0]
REAL
  0.393285 0.00647429 0.00158532   0.289451
0.00647429   0.103717 0.00331198 0.00469459
0.00158532 0.00331198   0.116607 0.00130083
  0.289451 0.00469459 0.00130083   0.386391
IMAGINARY
           0   0.00430919 -0.000545092   0.00499444
 -0.00430919            0 -0.000252933  -0.00391654
 0.000545092  0.000252933            0   0.00461407
 -0.00499444   0.00391654  -0.00461407            0
Repeater1[0]<--->HoM1[0]
REAL
   0.404545  0.00673153  0.00647481    0.283513
 0.00673153    0.100606   0.0055715  0.00909719
 0.00647481   0.0055715    0.104242 0.000206491
   0.283513  0.00909719 0.000206491    0.390606
IMAGINARY
          0  0.00895489 -0.00387498   0.0093776
-0.00895489           0  -0.0105624 -0.00641913
 0.00387498   0.0105624           0  0.00163335
 -0.0093776  0.00641913 -0.00163335           0
EndNode1[0]<--->Repeater1[0]
REAL
   0.384206  -0.0017077  0.00506841    0.272884
 -0.0017077    0.101449 -0.00130997  0.00583037
 0.00506841 -0.00130997    0.110322  0.00872472
   0.272884  0.00583037  0.00872472    0.404022
IMAGINARY
          0  0.00413711  0.00246026 -0.00171689
-0.00413711           0  0.00111809  -0.0058078
-0.00246026 -0.00111809           0  -0.0026155
 0.00171689   0.0058078   0.0026155           0
EndNode2[0]<--->HoM1[0]
REAL
   0.387116  0.00286572 -0.00545588    0.293389
 0.00286572    0.111542 0.000152085  0.00530496
-0.00545588 0.000152085    0.100805 -0.00301664
   0.293389  0.00530496 -0.00301664    0.400537
IMAGINARY
           0 -0.000532075  -0.00202697   0.00207711
 0.000532075            0  -0.00909358  0.000692059
  0.00202697   0.00909358            0  -0.00317602
 -0.00207711 -0.000692059   0.00317602            0
Repeater1[0]<--->EndNode1[0]
REAL
   0.384206  0.00506841  -0.0017077    0.272884
 0.00506841    0.110322 -0.00130997  0.00872472
 -0.0017077 -0.00130997    0.101449  0.00583037
   0.272884  0.00872472  0.00583037    0.404022
IMAGINARY
          0  0.00246026  0.00413711 -0.00171689
-0.00246026           0 -0.00111809  -0.0026155
-0.00413711  0.00111809           0  -0.0058078
 0.00171689   0.0026155   0.0058078           0
Repeater1[0]<--->HoM1[0]
REAL
   0.387116 -0.00545588  0.00286572    0.293389
-0.00545588    0.100805 0.000152085 -0.00301664
 0.00286572 0.000152085    0.111542  0.00530496
   0.293389 -0.00301664  0.00530496    0.400537
IMAGINARY
           0  -0.00202697 -0.000532075   0.00207711
  0.00202697            0   0.00909358  -0.00317602
 0.000532075  -0.00909358            0  0.000692059
 -0.00207711   0.00317602 -0.000692059            0
EndNode1[0]<--->Repeater1[0]
REAL
   0.387358  -0.0148198 -0.00197177    0.289661
 -0.0148198    0.113541   0.0047588  0.00358704
-0.00197177   0.0047588   0.0973637 -0.00412295
   0.289661  0.00358704 -0.00412295    0.401738
IMAGINARY
           0   0.00153017  -0.00765134   0.00831917
 -0.00153017            0  0.000222623   -0.0111478
  0.00765134 -0.000222623            0   0.00153017
 -0.00831917    0.0111478  -0.00153017            0
EndNode2[0]<--->HoM1[0]
REAL
   0.406842 -0.00742151 -0.00717349    0.288115
-0.00742151   0.0971289  0.00252682  0.00327427
-0.00717349  0.00252682      0.1011  0.00592181
   0.288115  0.00327427  0.00592181     0.39493
IMAGINARY
           0 -0.000411907   0.00152991  -0.00725076
 0.000411907            0   0.00725076   0.00464656
 -0.00152991  -0.00725076            0  -0.00252927
  0.00725076  -0.00464656   0.00252927            0
Repeater1[0]<--->EndNode1[0]
REAL
   0.387358 -0.00197177  -0.0148198    0.289661
-0.00197177   0.0973637   0.0047588 -0.00412295
 -0.0148198   0.0047588    0.113541  0.00358704
   0.289661 -0.00412295  0.00358704    0.401738
IMAGINARY
           0  -0.00765134   0.00153017   0.00831917
  0.00765134            0 -0.000222623   0.00153017
 -0.00153017  0.000222623            0   -0.0111478
 -0.00831917  -0.00153017    0.0111478            0
Repeater1[0]<--->HoM1[0]
REAL
   0.406842 -0.00717349 -0.00742151    0.288115
-0.00717349      0.1011  0.00252682  0.00592181
-0.00742151  0.00252682   0.0971289  0.00327427
   0.288115  0.00592181  0.00327427     0.39493
IMAGINARY
           0   0.00152991 -0.000411907  -0.00725076
 -0.00152991            0  -0.00725076  -0.00252927
 0.000411907   0.00725076            0   0.00464656
  0.00725076   0.00252927  -0.00464656            0
EndNode1[0]<--->Repeater1[0]
REAL
   0.395692 -0.00370577 -0.00381856    0.288644
-0.00370577    0.107406  0.00383719 -0.00802277
-0.00381856  0.00383719   0.0950133 -0.00310299
   0.288644 -0.00802277 -0.00310299    0.401888
IMAGINARY
          0  -0.0048101  0.00675636  0.00280525
  0.0048101           0 -0.00894022 -0.00601737
-0.00675636  0.00894022           0  0.00111515
-0.00280525  0.00601737 -0.00111515           0
EndNode2[0]<--->HoM1[0]
REAL
   0.400119 -0.00330462 -0.00337749    0.297508
-0.00330462    0.108988 -0.00771793 -0.00352942
-0.00337749 -0.00771793   0.0994327  0.00660792
   0.297508 -0.00352942  0.00660792     0.39146
IMAGINARY
           0 -0.000524533   0.00291555  -0.00231946
 0.000524533            0     0.011702   0.00807019
 -0.00291555    -0.011702            0  -0.00571062
  0.00231946  -0.00807019   0.00571062            0
Repeater1[0]<--->EndNode1[0]
REAL
   0.395692 -0.00381856 -0.00370577    0.288644
-0.00381856   0.0950133  0.00383719 -0.00310299
-0.00370577  0.00383719    0.107406 -0.00802277
   0.288644 -0.00310299 -0.00802277    0.401888
IMAGINARY
          0  0.00675636  -0.0048101  0.00280525
-0.00675636           0  0.00894022  0.00111515
  0.0048101 -0.00894022           0 -0.00601737
-0.00280525 -0.00111515  0.00601737           0
Repeater1[0]<--->HoM1[0]
REAL
   0.400119 -0.00337749 -0.00330462    0.297508
-0.00337749   0.0994327 -0.00771793  0.00660792
-0.00330462 -0.00771793    0.108988 -0.00352942
   0.297508  0.00660792 -0.00352942     0.39146
IMAGINARY
           0   0.00291555 -0.000524533  -0.00231946
 -0.00291555            0    -0.011702  -0.00571062
 0.000524533     0.011702            0   0.00807019
  0.00231946   0.00571062  -0.00807019            0
EndNode1[0]<--->Repeater1[0]
REAL
   0.388408  0.00378504  0.00568607    0.287834
 0.00378504     0.10487 -0.00666195  0.00553587
 0.00568607 -0.00666195    0.112638   0.0074369
   0.287834  0.00553587   0.0074369    0.394084
IMAGINARY
          0   0.0166779  0.00355862 -0.00222179
 -0.0166779           0 -0.00339619  -0.0114856
-0.00355862  0.00339619           0  0.00171872
 0.00222179   0.0114856 -0.00171872           0
EndNode2[0]<--->HoM1[0]
REAL
  0.386514  0.0114371 0.00254644   0.291905
 0.0114371   0.104756 0.00407048  0.0110759
0.00254644 0.00407048   0.108067 0.00435238
  0.291905  0.0110759 0.00435238   0.400662
IMAGINARY
          0  -0.0172255   0.0030127  0.00188801
  0.0172255           0 -0.00173736  0.00271754
 -0.0030127  0.00173736           0 -0.00378541
-0.00188801 -0.00271754  0.00378541           0
Repeater1[0]<--->EndNode1[0]
REAL
   0.388408  0.00568607  0.00378504    0.287834
 0.00568607    0.112638 -0.00666195   0.0074369
 0.00378504 -0.00666195     0.10487  0.00553587
   0.287834   0.0074369  0.00553587    0.394084
IMAGINARY
          0  0.00355862   0.0166779 -0.00222179
-0.00355862           0  0.00339619  0.00171872
 -0.0166779 -0.00339619           0  -0.0114856
 0.00222179 -0.00171872   0.0114856           0
Repeater1[0]<--->HoM1[0]
REAL
  0.386514 0.00254644  0.0114371   0.291905
0.00254644   0.108067 0.00407048 0.00435238
 0.0114371 0.00407048   0.104756  0.0110759
  0.291905 0.00435238  0.0110759   0.400662
IMAGINARY
          0   0.0030127  -0.0172255  0.00188801
 -0.0030127           0  0.00173736 -0.00378541
  0.0172255 -0.00173736           0  0.00271754
-0.00188801  0.00378541 -0.00271754           0
EndNode1[0]<--->Repeater1[0]
REAL
    0.386667   0.00570515   0.00916415      0.28784
  0.00570515     0.103333 -0.000643965   0.00298759
  0.00916415 -0.000643965     0.109091   0.00407552
     0.28784   0.00298759   0.00407552     0.400909
IMAGINARY
           0   0.00648519 -0.000560883  -0.00188993
 -0.00648519            0  -0.00945652    0.0014422
 0.000560883   0.00945652            0   0.00144666
  0.00188993   -0.0014422  -0.00144666            0
EndNode2[0]<--->HoM1[0]
REAL
   0.382991   0.0169457  0.00502929    0.282112
  0.0169457    0.104074  0.00602399 -0.00956925
 0.00502929  0.00602399    0.104371 -0.00272054
   0.282112 -0.00956925 -0.00272054    0.408564
IMAGINARY
          0  0.00230291  0.00283164 -0.00454067
-0.00230291           0  0.00675111 -0.00633027
-0.00283164 -0.00675111           0  0.00423801
 0.00454067  0.00633027 -0.00423801           0
Repeater1[0]<--->EndNode1[0]
REAL
    0.386667   0.00916415   0.00570515      0.28784
  0.00916415     0.109091 -0.000643965   0.00407552
  0.00570515 -0.000643965     0.103333   0.00298759
     0.28784   0.00407552   0.00298759     0.400909
IMAGINARY
           0 -0.000560883   0.00648519  -0.00188993
 0.000560883            0   0.00945652   0.00144666
 -0.00648519  -0.00945652            0    0.0014422
  0.00188993  -0.00144666   -0.0014422            0
Repeater1[0]<--->HoM1[0]
REAL
   0.382991  0.00502929   0.0169457    0.282112
 0.00502929    0.104371  0.00602399 -0.00272054
  0.0169457  0.00602399    0.104074 -0.00956925
   0.282112 -0.00272054 -0.00956925    0.408564
IMAGINARY
          0  0.00283164  0.00230291 -0.00454067
-0.00283164           0 -0.00675111  0.00423801
-0.00230291  0.00675111           0 -0.00633027
 0.00454067 -0.00423801  0.00633027           0
EndNode1[0]<--->Repeater1[0]
REAL
   0.391118  0.00428946   0.0095687     0.29106
 0.00428946    0.105666 -0.00246123 0.000823224
  0.0095687 -0.00246123    0.105666 -0.00696167
    0.29106 0.000823224 -0.00696167     0.39755
IMAGINARY
          0  -0.0057579 -0.00537009  0.00538806
  0.0057579           0 -0.00195624   0.0040077
 0.00537009  0.00195624           0   0.0125699
-0.00538806  -0.0040077  -0.0125699           0
EndNode2[0]<--->HoM1[0]
REAL
    0.397792  0.000363786  -0.00132553      0.28935
 0.000363786     0.111608 -0.000773451   0.00222266
 -0.00132553 -0.000773451     0.113101   0.00621516
     0.28935   0.00222266   0.00621516     0.377499
IMAGINARY
           0  -0.00157455   0.00390676 -0.000984055
  0.00157455            0  -0.00735443   0.00497611
 -0.00390676   0.00735443            0  -0.00339383
 0.000984055  -0.00497611   0.00339383            0
Repeater1[0]<--->EndNode1[0]
REAL
   0.391118   0.0095687  0.00428946     0.29106
  0.0095687    0.105666 -0.00246123 -0.00696167
 0.00428946 -0.00246123    0.105666 0.000823224
    0.29106 -0.00696167 0.000823224     0.39755
IMAGINARY
          0 -0.00537009  -0.0057579  0.00538806
 0.00537009           0  0.00195624   0.0125699
  0.0057579 -0.00195624           0   0.0040077
-0.00538806  -0.0125699  -0.0040077           0
Repeater1[0]<--->HoM1[0]
REAL
    0.397792  -0.00132553  0.000363786      0.28935
 -0.00132553     0.113101 -0.000773451   0.00621516
 0.000363786 -0.000773451     0.111608   0.00222266
     0.28935   0.00621516   0.00222266     0.377499
IMAGINARY
           0   0.00390676  -0.00157455 -0.000984055
 -0.00390676            0   0.00735443  -0.00339383
  0.00157455  -0.00735443            0   0.00497611
 0.000984055   0.00339383  -0.00497611            0
EndNode1[0]<--->Repeater1[0]
REAL
   0.402778 -0.00468156  0.00385871    0.293144
-0.00468156    0.106884  0.00265957 -0.00179015
 0.00385871  0.00265957      0.1093  0.00763664
   0.293144 -0.00179015  0.00763664    0.381039
IMAGINARY
          0 -0.00617338  0.00202646 -0.00578695
 0.00617338           0 -0.00907054  0.00772532
-0.00202646  0.00907054           0 -0.00860204
 0.00578695 -0.00772532  0.00860204           0
EndNode2[0]<--->HoM1[0]
REAL
    0.389761  -0.00500921 -0.000869651     0.289993
 -0.00500921     0.102094   0.00135364  -0.00542062
-0.000869651   0.00135364     0.112565  -0.00619054
    0.289993  -0.00542062  -0.00619054     0.395579
IMAGINARY
          0 -0.00240589 -0.00396315 -0.00508454
 0.00240589           0 -0.00786575 -0.00844343
 0.00396315  0.00786575           0   0.0055449
 0.00508454  0.00844343  -0.0055449           0
Repeater1[0]<--->EndNode1[0]
REAL
   0.402778  0.00385871 -0.00468156    0.293144
 0.00385871      0.1093  0.00265957  0.00763664
-0.00468156  0.00265957    0.106884 -0.00179015
   0.293144  0.00763664 -0.00179015    0.381039
IMAGINARY
          0  0.00202646 -0.00617338 -0.00578695
-0.00202646           0  0.00907054 -0.00860204
 0.00617338 -0.00907054           0  0.00772532
 0.00578695  0.00860204 -0.00772532           0
Repeater1[0]<--->HoM1[0]
REAL
    0.389761 -0.000869651  -0.00500921     0.289993
-0.000869651     0.112565   0.00135364  -0.00619054
 -0.00500921   0.00135364     0.102094  -0.00542062
    0.289993  -0.00619054  -0.00542062     0.395579
IMAGINARY
          0 -0.00396315 -0.00240589 -0.00508454
 0.00396315           0  0.00786575   0.0055449
 0.00240589 -0.00786575           0 -0.00844343
 0.00508454  -0.0055449  0.00844343           0
EndNode1[0]<--->Repeater1[0]
REAL
    0.377986 -0.000224484  -0.00556608     0.287422
-0.000224484     0.104324   -0.0044232   -0.0029643
 -0.00556608   -0.0044232     0.109162 -0.000224484
    0.287422   -0.0029643 -0.000224484     0.408527
IMAGINARY
          0 -0.00153644   0.0054875 -0.00235337
 0.00153644           0  0.00280127 -0.00272846
 -0.0054875 -0.00280127           0  0.00153644
 0.00235337  0.00272846 -0.00153644           0
EndNode2[0]<--->HoM1[0]
REAL
    0.379289  -0.00137223 -0.000385461     0.292782
 -0.00137223     0.110294   0.00774563  -0.00430112
-0.000385461   0.00774563       0.1106   0.00225096
    0.292782  -0.00430112   0.00225096     0.399816
IMAGINARY
           0   0.00282848 -0.000497512   0.00316737
 -0.00282848            0   0.00909505 -0.000797452
 0.000497512  -0.00909505            0  -0.00872776
 -0.00316737  0.000797452   0.00872776            0
Repeater1[0]<--->EndNode1[0]
REAL
    0.377986  -0.00556608 -0.000224484     0.287422
 -0.00556608     0.109162   -0.0044232 -0.000224484
-0.000224484   -0.0044232     0.104324   -0.0029643
    0.287422 -0.000224484   -0.0029643     0.408527
IMAGINARY
          0   0.0054875 -0.00153644 -0.00235337
 -0.0054875           0 -0.00280127  0.00153644
 0.00153644  0.00280127           0 -0.00272846
 0.00235337 -0.00153644  0.00272846           0
Repeater1[0]<--->HoM1[0]
REAL
    0.379289 -0.000385461  -0.00137223     0.292782
-0.000385461       0.1106   0.00774563   0.00225096
 -0.00137223   0.00774563     0.110294  -0.00430112
    0.292782   0.00225096  -0.00430112     0.399816
IMAGINARY
           0 -0.000497512   0.00282848   0.00316737
 0.000497512            0  -0.00909505  -0.00872776
 -0.00282848   0.00909505            0 -0.000797452
 -0.00316737   0.00872776  0.000797452            0
EndNode1[0]<--->Repeater1[0]
REAL
   0.396323 0.000824638 0.000808814    0.281265
0.000824638    0.104882 -0.00808418 0.000364895
0.000808814 -0.00808418    0.113321 5.56438e-05
   0.281265 0.000364895 5.56438e-05    0.385473
IMAGINARY
          0 -0.00611244   0.0102848 -0.00342516
 0.00611244           0 -0.00136027  0.00894594
 -0.0102848  0.00136027           0  -0.0125266
 0.00342516 -0.00894594   0.0125266           0
EndNode2[0]<--->HoM1[0]
REAL
   0.396596 0.000585555    0.001825    0.290769
0.000585555    0.110759 -0.00198068  0.00241742
   0.001825 -0.00198068    0.102106  0.00456596
   0.290769  0.00241742  0.00456596    0.390539
IMAGINARY
           0  -0.00748491 -0.000414903   0.00561829
  0.00748491            0   -0.0110927    0.0128016
 0.000414903    0.0110927            0  -0.00671449
 -0.00561829   -0.0128016   0.00671449            0
Repeater1[0]<--->EndNode1[0]
REAL
   0.396323 0.000808814 0.000824638    0.281265
0.000808814    0.113321 -0.00808418 5.56438e-05
0.000824638 -0.00808418    0.104882 0.000364895
   0.281265 5.56438e-05 0.000364895    0.385473
IMAGINARY
          0   0.0102848 -0.00611244 -0.00342516
 -0.0102848           0  0.00136027  -0.0125266
 0.00611244 -0.00136027           0  0.00894594
 0.00342516   0.0125266 -0.00894594           0
Repeater1[0]<--->HoM1[0]
REAL
   0.396596    0.001825 0.000585555    0.290769
   0.001825    0.102106 -0.00198068  0.00456596
0.000585555 -0.00198068    0.110759  0.00241742
   0.290769  0.00456596  0.00241742    0.390539
IMAGINARY
           0 -0.000414903  -0.00748491   0.00561829
 0.000414903            0    0.0110927  -0.00671449
  0.00748491   -0.0110927            0    0.0128016
 -0.00561829   0.00671449   -0.0128016            0
EndNode1[0]<--->Repeater1[0]
REAL
   0.383793 -0.00439102  -0.0123133    0.297238
-0.00439102   0.0991392  0.00172315 -0.00128278
 -0.0123133  0.00172315    0.116652  0.00118295
   0.297238 -0.00128278  0.00118295    0.400416
IMAGINARY
          0 -0.00634588   6.407e-05   0.0107369
 0.00634588           0  0.00583348    0.010411
 -6.407e-05 -0.00583348           0 -0.00737499
 -0.0107369   -0.010411  0.00737499           0
EndNode2[0]<--->HoM1[0]
REAL
   0.392305 -0.00162402  0.00444166    0.296185
-0.00162402    0.115723  0.00552142  0.00188373
 0.00444166  0.00552142    0.106937 -0.00028831
   0.296185  0.00188373 -0.00028831    0.385035
IMAGINARY
          0 -0.00468887 -0.00298313  -0.0041833
 0.00468887           0 -0.00861349   0.0123783
 0.00298313  0.00861349           0 -0.00617431
  0.0041833  -0.0123783  0.00617431           0
Repeater1[0]<--->EndNode1[0]
REAL
   0.383793  -0.0123133 -0.00439102    0.297238
 -0.0123133    0.116652  0.00172315  0.00118295
-0.00439102  0.00172315   0.0991392 -0.00128278
   0.297238  0.00118295 -0.00128278    0.400416
IMAGINARY
          0   6.407e-05 -0.00634588   0.0107369
 -6.407e-05           0 -0.00583348 -0.00737499
 0.00634588  0.00583348           0    0.010411
 -0.0107369  0.00737499   -0.010411           0
Repeater1[0]<--->HoM1[0]
REAL
   0.392305  0.00444166 -0.00162402    0.296185
 0.00444166    0.106937  0.00552142 -0.00028831
-0.00162402  0.00552142    0.115723  0.00188373
   0.296185 -0.00028831  0.00188373    0.385035
IMAGINARY
          0 -0.00298313 -0.00468887  -0.0041833
 0.00298313           0  0.00861349 -0.00617431
 0.00468887 -0.00861349           0   0.0123783
  0.0041833  0.00617431  -0.0123783           0
EndNode1[0]<--->Repeater1[0]
REAL
   0.408077 -0.00902928 -0.00491446     0.29064
-0.00902928   0.0961423  0.00553094  -0.0126113
-0.00491446  0.00553094    0.101869 -0.00496188
    0.29064  -0.0126113 -0.00496188    0.393912
IMAGINARY
           0    -0.005443 -0.000451441  0.000308366
    0.005443            0   0.00818715  0.000754104
 0.000451441  -0.00818715            0   0.00271903
-0.000308366 -0.000754104  -0.00271903            0
EndNode2[0]<--->HoM1[0]
REAL
   0.398608   0.0113048  0.00545767    0.291208
  0.0113048    0.102603  0.00260948  0.00834785
 0.00545767  0.00260948    0.103814 -0.00380182
   0.291208  0.00834785 -0.00380182    0.394976
IMAGINARY
           0    0.0055722   0.00312536  -0.00227915
  -0.0055722            0   0.00494977   0.00251597
 -0.00312536  -0.00494977            0  0.000662951
  0.00227915  -0.00251597 -0.000662951            0
Repeater1[0]<--->EndNode1[0]
REAL
   0.408077 -0.00491446 -0.00902928     0.29064
-0.00491446    0.101869  0.00553094 -0.00496188
-0.00902928  0.00553094   0.0961423  -0.0126113
    0.29064 -0.00496188  -0.0126113    0.393912
IMAGINARY
           0 -0.000451441    -0.005443  0.000308366
 0.000451441            0  -0.00818715   0.00271903
    0.005443   0.00818715            0  0.000754104
-0.000308366  -0.00271903 -0.000754104            0
Repeater1[0]<--->HoM1[0]
REAL
   0.398608  0.00545767   0.0113048    0.291208
 0.00545767    0.103814  0.00260948 -0.00380182
  0.0113048  0.00260948    0.102603  0.00834785
   0.291208 -0.00380182  0.00834785    0.394976
IMAGINARY
           0   0.00312536    0.0055722  -0.00227915
 -0.00312536            0  -0.00494977  0.000662951
  -0.0055722   0.00494977            0   0.00251597
  0.00227915 -0.000662951  -0.00251597            0
EndNode1[0]<--->Repeater1[0]
REAL
   0.398788  -0.0152057  -0.0049757    0.295819
 -0.0152057    0.105758 0.000432981  -0.0107438
 -0.0049757 0.000432981     0.10303 0.000695391
   0.295819  -0.0107438 0.000695391    0.392424
IMAGINARY
           0   -0.0120625 -0.000698025  -0.00212214
   0.0120625            0   0.00468161    0.0028231
 0.000698025  -0.00468161            0  -0.00524166
  0.00212214   -0.0028231   0.00524166            0
EndNode2[0]<--->HoM1[0]
REAL
   0.395186 -0.00703268 -0.00252758    0.292031
-0.00703268    0.105424  -0.0013892  -0.0055708
-0.00252758  -0.0013892     0.10908 -0.00526486
   0.292031  -0.0055708 -0.00526486    0.390311
IMAGINARY
           0  0.000237303    -0.011635  -0.00324119
-0.000237303            0 -0.000315416   0.00155797
    0.011635  0.000315416            0    0.0107289
  0.00324119  -0.00155797   -0.0107289            0
Repeater1[0]<--->EndNode1[0]
REAL
   0.398788  -0.0049757  -0.0152057    0.295819
 -0.0049757     0.10303 0.000432981 0.000695391
 -0.0152057 0.000432981    0.105758  -0.0107438
   0.295819 0.000695391  -0.0107438    0.392424
IMAGINARY
           0 -0.000698025   -0.0120625  -0.00212214
 0.000698025            0  -0.00468161  -0.00524166
   0.0120625   0.00468161            0    0.0028231
  0.00212214   0.00524166   -0.0028231            0
Repeater1[0]<--->HoM1[0]
REAL
   0.395186 -0.00252758 -0.00703268    0.292031
-0.00252758     0.10908  -0.0013892 -0.00526486
-0.00703268  -0.0013892    0.105424  -0.0055708
   0.292031 -0.00526486  -0.0055708    0.390311
IMAGINARY
           0    -0.011635  0.000237303  -0.00324119
    0.011635            0  0.000315416    0.0107289
-0.000237303 -0.000315416            0   0.00155797
  0.00324119   -0.0107289  -0.00155797            0
EndNode1[0]<--->Repeater1[0]
REAL
  0.398187  0.0113448 0.00577575   0.289686
 0.0113448   0.100604 0.00994518  0.0111265
0.00577575 0.00994518   0.106042 0.00371357
  0.289686  0.0111265 0.00371357   0.395166
IMAGINARY
           0 -0.000602559  -0.00751135    0.0220484
 0.000602559            0   -0.0066414  0.000444216
  0.00751135    0.0066414            0   0.00295827
  -0.0220484 -0.000444216  -0.00295827            0
EndNode2[0]<--->HoM1[0]
REAL
   0.415573 -0.00222384 -0.00242902     0.28914
-0.00222384   0.0886038 -0.00878285  0.00600044
-0.00242902 -0.00878285   0.0972554 -0.00908569
    0.28914  0.00600044 -0.00908569    0.398568
IMAGINARY
          0  -0.0038242  0.00980995  -0.0142492
  0.0038242           0   0.0064554 -0.00209481
-0.00980995  -0.0064554           0 -0.00893544
  0.0142492  0.00209481  0.00893544           0
Repeater1[0]<--->EndNode1[0]
REAL
  0.398187 0.00577575  0.0113448   0.289686
0.00577575   0.106042 0.00994518 0.00371357
 0.0113448 0.00994518   0.100604  0.0111265
  0.289686 0.00371357  0.0111265   0.395166
IMAGINARY
           0  -0.00751135 -0.000602559    0.0220484
  0.00751135            0    0.0066414   0.00295827
 0.000602559   -0.0066414            0  0.000444216
  -0.0220484  -0.00295827 -0.000444216            0
Repeater1[0]<--->HoM1[0]
REAL
   0.415573 -0.00242902 -0.00222384     0.28914
-0.00242902   0.0972554 -0.00878285 -0.00908569
-0.00222384 -0.00878285   0.0886038  0.00600044
    0.28914 -0.00908569  0.00600044    0.398568
IMAGINARY
          0  0.00980995  -0.0038242  -0.0142492
-0.00980995           0  -0.0064554 -0.00893544
  0.0038242   0.0064554           0 -0.00209481
  0.0142492  0.00893544  0.00209481           0
EndNode1[0]<--->Repeater1[0]
REAL
    0.406316   0.00438976  -0.00516775     0.298159
  0.00438976    0.0989474 -0.000814304  -0.00250187
 -0.00516775 -0.000814304     0.100752   -0.0076346
    0.298159  -0.00250187   -0.0076346     0.393985
IMAGINARY
           0   0.00158703   0.00274703  0.000971045
 -0.00158703            0   0.00248345  -0.00531268
 -0.00274703  -0.00248345            0   0.00278967
-0.000971045   0.00531268  -0.00278967            0
EndNode2[0]<--->HoM1[0]
REAL
    0.401138  -0.00647668   0.00319916     0.290886
 -0.00647668      0.10695   -0.0020535  -0.00542666
  0.00319916   -0.0020535     0.105752 -0.000799826
    0.290886  -0.00542666 -0.000799826     0.386159
IMAGINARY
           0  -0.00786449   0.00876472  -0.00106065
  0.00786449            0 -0.000909641   0.00176628
 -0.00876472  0.000909641            0 -0.000293324
  0.00106065  -0.00176628  0.000293324            0
Repeater1[0]<--->EndNode1[0]
REAL
    0.406316  -0.00516775   0.00438976     0.298159
 -0.00516775     0.100752 -0.000814304   -0.0076346
  0.00438976 -0.000814304    0.0989474  -0.00250187
    0.298159   -0.0076346  -0.00250187     0.393985
IMAGINARY
           0   0.00274703   0.00158703  0.000971045
 -0.00274703            0  -0.00248345   0.00278967
 -0.00158703   0.00248345            0  -0.00531268
-0.000971045  -0.00278967   0.00531268            0
Repeater1[0]<--->HoM1[0]
REAL
    0.401138   0.00319916  -0.00647668     0.290886
  0.00319916     0.105752   -0.0020535 -0.000799826
 -0.00647668   -0.0020535      0.10695  -0.00542666
    0.290886 -0.000799826  -0.00542666     0.386159
IMAGINARY
           0   0.00876472  -0.00786449  -0.00106065
 -0.00876472            0  0.000909641 -0.000293324
  0.00786449 -0.000909641            0   0.00176628
  0.00106065  0.000293324  -0.00176628            0
EndNode1[0]<--->Repeater1[0]
REAL
   0.385871 -0.00614522  0.00382958    0.289255
-0.00614522    0.108934  0.00213544 -0.00683981
 0.00382958  0.00213544    0.108044 -0.00198241
   0.289255 -0.00683981 -0.00198241     0.39715
IMAGINARY
           0 -0.000361378   0.00226922   0.00544853
 0.000361378            0 -0.000527565  -0.00882856
 -0.00226922  0.000527565            0  -0.00619795
 -0.00544853   0.00882856   0.00619795            0
EndNode2[0]<--->HoM1[0]
REAL
   0.402617 -0.00161508  0.00839356    0.296033
-0.00161508   0.0982958  -0.0024726  -0.0046319
 0.00839356  -0.0024726    0.102861  0.00296928
   0.296033  -0.0046319  0.00296928    0.396226
IMAGINARY
           0   0.00385914  -0.00461918  -0.00247093
 -0.00385914            0  0.000840331  -0.00718949
  0.00461918 -0.000840331            0    0.0103412
  0.00247093   0.00718949   -0.0103412            0
Repeater1[0]<--->EndNode1[0]
REAL
   0.385871  0.00382958 -0.00614522    0.289255
 0.00382958    0.108044  0.00213544 -0.00198241
-0.00614522  0.00213544    0.108934 -0.00683981
   0.289255 -0.00198241 -0.00683981     0.39715
IMAGINARY
           0   0.00226922 -0.000361378   0.00544853
 -0.00226922            0  0.000527565  -0.00619795
 0.000361378 -0.000527565            0  -0.00882856
 -0.00544853   0.00619795   0.00882856            0
Repeater1[0]<--->HoM1[0]
REAL
   0.402617  0.00839356 -0.00161508    0.296033
 0.00839356    0.102861  -0.0024726  0.00296928
-0.00161508  -0.0024726   0.0982958  -0.0046319
   0.296033  0.00296928  -0.0046319    0.396226
IMAGINARY
           0  -0.00461918   0.00385914  -0.00247093
  0.00461918            0 -0.000840331    0.0103412
 -0.00385914  0.000840331            0  -0.00718949
  0.00247093   -0.0103412   0.00718949            0
EndNode1[0]<--->Repeater1[0]
REAL
    0.391867   0.00421537  -0.00028553     0.287913
  0.00421537    0.0945783    0.0112629 -0.000892326
 -0.00028553    0.0112629      0.11506   0.00226284
    0.287913 -0.000892326   0.00226284     0.398494
IMAGINARY
           0 -0.000592412   0.00176388   0.00673113
 0.000592412            0   0.00156126   0.00943349
 -0.00176388  -0.00156126            0  -0.00104987
 -0.00673113  -0.00943349   0.00104987            0
EndNode2[0]<--->HoM1[0]
REAL
   0.386324  -0.0114742 -0.00687182    0.291054
 -0.0114742    0.110169  0.00379461 -0.00918878
-0.00687182  0.00379461   0.0984804 -0.00246519
   0.291054 -0.00918878 -0.00246519    0.405026
IMAGINARY
           0    0.0039802   0.00126311   0.00810275
  -0.0039802            0 -0.000911673  0.000366518
 -0.00126311  0.000911673            0  -0.00323946
 -0.00810275 -0.000366518   0.00323946            0
Repeater1[0]<--->EndNode1[0]
REAL
    0.391867  -0.00028553   0.00421537     0.287913
 -0.00028553      0.11506    0.0112629   0.00226284
  0.00421537    0.0112629    0.0945783 -0.000892326
    0.287913   0.00226284 -0.000892326     0.398494
IMAGINARY
           0   0.00176388 -0.000592412   0.00673113
 -0.00176388            0  -0.00156126  -0.00104987
 0.000592412   0.00156126            0   0.00943349
 -0.00673113   0.00104987  -0.00943349            0
Repeater1[0]<--->HoM1[0]
REAL
   0.386324 -0.00687182  -0.0114742    0.291054
-0.00687182   0.0984804  0.00379461 -0.00246519
 -0.0114742  0.00379461    0.110169 -0.00918878
