EndNode1[0]<--->Repeater1[0]
REAL
   0.477892 -0.00126654   0.0112417    0.374121
-0.00126654    0.017868  0.00120647  0.00172077
  0.0112417  0.00120647   0.0169594   0.0124812
   0.374121  0.00172077   0.0124812     0.48728
IMAGINARY
          0  0.00577979 -0.00293996  -0.0129353
-0.00577979           0  0.00951979    0.002485
 0.00293996 -0.00951979           0  0.00832394
  0.0129353   -0.002485 -0.00832394           0
EndNode2[0]<--->HoM1[0]
REAL
    0.495846  -0.00134881    0.0104661     0.373029
 -0.00134881     0.015727   0.00425193 -0.000165962
   0.0104661   0.00425193    0.0186944    0.0048803
    0.373029 -0.000165962    0.0048803     0.469733
IMAGINARY
          0 -0.00400341 -0.00404648  0.00134455
 0.00400341           0 -0.00496555  0.00189529
 0.00404648  0.00496555           0  0.00277416
-0.00134455 -0.00189529 -0.00277416           0
Repeater1[0]<--->EndNode1[0]
REAL
   0.477892   0.0112417 -0.00126654    0.374121
  0.0112417   0.0169594  0.00120647   0.0124812
-0.00126654  0.00120647    0.017868  0.00172077
   0.374121   0.0124812  0.00172077     0.48728
IMAGINARY
          0 -0.00293996  0.00577979  -0.0129353
 0.00293996           0 -0.00951979  0.00832394
-0.00577979  0.00951979           0    0.002485
  0.0129353 -0.00832394   -0.002485           0
Repeater1[0]<--->HoM1[0]
REAL
    0.495846    0.0104661  -0.00134881     0.373029
   0.0104661    0.0186944   0.00425193    0.0048803
 -0.00134881   0.00425193     0.015727 -0.000165962
    0.373029    0.0048803 -0.000165962     0.469733
IMAGINARY
          0 -0.00404648 -0.00400341  0.00134455
 0.00404648           0  0.00496555  0.00277416
 0.00400341 -0.00496555           0  0.00189529
-0.00134455 -0.00277416 -0.00189529           0
EndNode1[0]<--->Repeater1[0]
REAL
   0.492169 -0.00137493  0.00516703    0.369928
-0.00137493   0.0180723  0.00848269  -0.0024381
 0.00516703  0.00848269   0.0138554   0.0116842
   0.369928  -0.0024381   0.0116842    0.475904
IMAGINARY
          0  0.00374122 -0.00660452  0.00028487
-0.00374122           0  0.00585548   0.0120262
 0.00660452 -0.00585548           0 -0.00615086
-0.00028487  -0.0120262  0.00615086           0
EndNode2[0]<--->HoM1[0]
REAL
    0.486027   0.00497475   0.00865125     0.372124
  0.00497475    0.0157959   0.00736485   -0.0153463
  0.00865125   0.00736485    0.0170109 -0.000714251
    0.372124   -0.0153463 -0.000714251     0.481166
IMAGINARY
           0   -0.0146196     0.012701  0.000301743
   0.0146196            0  -0.00117842   0.00416652
   -0.012701   0.00117842            0   -0.0151997
-0.000301743  -0.00416652    0.0151997            0
Repeater1[0]<--->EndNode1[0]
REAL
   0.492169  0.00516703 -0.00137493    0.369928
 0.00516703   0.0138554  0.00848269   0.0116842
-0.00137493  0.00848269   0.0180723  -0.0024381
   0.369928   0.0116842  -0.0024381    0.475904
IMAGINARY
          0 -0.00660452  0.00374122  0.00028487
 0.00660452           0 -0.00585548 -0.00615086
-0.00374122  0.00585548           0   0.0120262
-0.00028487  0.00615086  -0.0120262           0
Repeater1[0]<--->HoM1[0]
REAL
    0.486027   0.00865125   0.00497475     0.372124
  0.00865125    0.0170109   0.00736485 -0.000714251
  0.00497475   0.00736485    0.0157959   -0.0153463
    0.372124 -0.000714251   -0.0153463     0.481166
IMAGINARY
           0     0.012701   -0.0146196  0.000301743
   -0.012701            0   0.00117842   -0.0151997
   0.0146196  -0.00117842            0   0.00416652
-0.000301743    0.0151997  -0.00416652            0
EndNode1[0]<--->Repeater1[0]
REAL
   0.507311 -0.00222276 -0.00211418    0.374581
-0.00222276   0.0185019  0.00883211  0.00662139
-0.00211418  0.00883211   0.0188004  0.00432613
   0.374581  0.00662139  0.00432613    0.455386
IMAGINARY
           0  -0.00377285   0.00127187   0.00172901
  0.00377285            0   0.00531324   0.00515015
 -0.00127187  -0.00531324            0  0.000103122
 -0.00172901  -0.00515015 -0.000103122            0
EndNode2[0]<--->HoM1[0]
REAL
      0.4785  0.000496032   0.00158663     0.378627
 0.000496032    0.0155535   0.00512922 -0.000378899
  0.00158663   0.00512922    0.0149436  -0.00744048
    0.378627 -0.000378899  -0.00744048     0.491003
IMAGINARY
           0   0.00576272  -0.00989209  1.27599e-05
 -0.00576272            0   -0.0117983   0.00989209
  0.00989209    0.0117983            0  -0.00726513
-1.27599e-05  -0.00989209   0.00726513            0
Repeater1[0]<--->EndNode1[0]
REAL
   0.507311 -0.00211418 -0.00222276    0.374581
-0.00211418   0.0188004  0.00883211  0.00432613
-0.00222276  0.00883211   0.0185019  0.00662139
   0.374581  0.00432613  0.00662139    0.455386
IMAGINARY
           0   0.00127187  -0.00377285   0.00172901
 -0.00127187            0  -0.00531324  0.000103122
  0.00377285   0.00531324            0   0.00515015
 -0.00172901 -0.000103122  -0.00515015            0
Repeater1[0]<--->HoM1[0]
REAL
      0.4785   0.00158663  0.000496032     0.378627
  0.00158663    0.0149436   0.00512922  -0.00744048
 0.000496032   0.00512922    0.0155535 -0.000378899
    0.378627  -0.00744048 -0.000378899     0.491003
IMAGINARY
           0  -0.00989209   0.00576272  1.27599e-05
  0.00989209            0    0.0117983  -0.00726513
 -0.00576272   -0.0117983            0   0.00989209
-1.27599e-05   0.00726513  -0.00989209            0
EndNode1[0]<--->Repeater1[0]
REAL
    0.483948  0.000365129 -0.000911202     0.375637
 0.000365129    0.0189019  -0.00145842   0.00629076
-0.000911202  -0.00145842    0.0153015   0.00471556
    0.375637   0.00629076   0.00471556     0.481848
IMAGINARY
          0  0.00090336  0.00167815 -0.00180696
-0.00090336           0 -0.00166003 -0.00602327
-0.00167815  0.00166003           0 -0.00276556
 0.00180696  0.00602327  0.00276556           0
EndNode2[0]<--->HoM1[0]
REAL
  0.483602  0.0105985 0.00922219   0.377123
 0.0105985   0.015802 0.00470676 0.00152059
0.00922219 0.00470676  0.0143113 0.00843154
  0.377123 0.00152059 0.00843154   0.486285
IMAGINARY
          0 -0.00349794 -0.00130026   0.0122522
 0.00349794           0   0.0148225   0.0139996
 0.00130026  -0.0148225           0 -0.00979208
 -0.0122522  -0.0139996  0.00979208           0
Repeater1[0]<--->EndNode1[0]
REAL
    0.483948 -0.000911202  0.000365129     0.375637
-0.000911202    0.0153015  -0.00145842   0.00471556
 0.000365129  -0.00145842    0.0189019   0.00629076
    0.375637   0.00471556   0.00629076     0.481848
IMAGINARY
          0  0.00167815  0.00090336 -0.00180696
-0.00167815           0  0.00166003 -0.00276556
-0.00090336 -0.00166003           0 -0.00602327
 0.00180696  0.00276556  0.00602327           0
Repeater1[0]<--->HoM1[0]
REAL
  0.483602 0.00922219  0.0105985   0.377123
0.00922219  0.0143113 0.00470676 0.00843154
 0.0105985 0.00470676   0.015802 0.00152059
  0.377123 0.00843154 0.00152059   0.486285
IMAGINARY
          0 -0.00130026 -0.00349794   0.0122522
 0.00130026           0  -0.0148225 -0.00979208
 0.00349794   0.0148225           0   0.0139996
 -0.0122522  0.00979208  -0.0139996           0
EndNode1[0]<--->Repeater1[0]
REAL
   0.486739  0.00523919 -0.00337647    0.372078
 0.00523919   0.0159735  0.00281251  0.00089182
-0.00337647  0.00281251   0.0114527 -0.00246223
   0.372078  0.00089182 -0.00246223    0.485835
IMAGINARY
          0 -0.00336679   0.0025565  0.00227158
 0.00336679           0 -0.00257424  0.00119162
 -0.0025565  0.00257424           0 -0.00397954
-0.00227158 -0.00119162  0.00397954           0
EndNode2[0]<--->HoM1[0]
REAL
    0.472919  -0.00581492   0.00442544     0.372066
 -0.00581492    0.0129991  0.000930582  -0.00608858
  0.00442544  0.000930582    0.0244506 -8.16651e-05
    0.372066  -0.00608858 -8.16651e-05     0.489632
IMAGINARY
           0   0.00624012    0.0143998 -1.25423e-05
 -0.00624012            0   0.00598626   0.00365853
  -0.0143998  -0.00598626            0  -0.00291739
 1.25423e-05  -0.00365853   0.00291739            0
Repeater1[0]<--->EndNode1[0]
REAL
   0.486739 -0.00337647  0.00523919    0.372078
-0.00337647   0.0114527  0.00281251 -0.00246223
 0.00523919  0.00281251   0.0159735  0.00089182
   0.372078 -0.00246223  0.00089182    0.485835
IMAGINARY
          0   0.0025565 -0.00336679  0.00227158
 -0.0025565           0  0.00257424 -0.00397954
 0.00336679 -0.00257424           0  0.00119162
-0.00227158  0.00397954 -0.00119162           0
Repeater1[0]<--->HoM1[0]
REAL
    0.472919   0.00442544  -0.00581492     0.372066
  0.00442544    0.0244506  0.000930582 -8.16651e-05
 -0.00581492  0.000930582    0.0129991  -0.00608858
    0.372066 -8.16651e-05  -0.00608858     0.489632
IMAGINARY
           0    0.0143998   0.00624012 -1.25423e-05
  -0.0143998            0  -0.00598626  -0.00291739
 -0.00624012   0.00598626            0   0.00365853
 1.25423e-05   0.00291739  -0.00365853            0
EndNode1[0]<--->Repeater1[0]
REAL
    0.48849 -0.00292479 -0.00124393    0.382036
-0.00292479   0.0197309 0.000209615  -0.0116544
-0.00124393 0.000209615   0.0242152 -0.00572468
   0.382036  -0.0116544 -0.00572468    0.467564
IMAGINARY
           0   0.00298436   -0.0117798   0.00232687
 -0.00298436            0  0.000115133   0.00514607
   0.0117798 -0.000115133            0   0.00210666
 -0.00232687  -0.00514607  -0.00210666            0
EndNode2[0]<--->HoM1[0]
REAL
   0.466627 -0.00936638 -0.00300963    0.373453
-0.00936638   0.0160906  0.00228969 0.000631504
-0.00300963  0.00228969   0.0202622  0.00401561
   0.373453 0.000631504  0.00401561     0.49702
IMAGINARY
          0  0.00126066  0.00445303 -0.00543968
-0.00126066           0   0.0010814 -0.00673197
-0.00445303  -0.0010814           0 -0.00323574
 0.00543968  0.00673197  0.00323574           0
Repeater1[0]<--->EndNode1[0]
REAL
    0.48849 -0.00124393 -0.00292479    0.382036
-0.00124393   0.0242152 0.000209615 -0.00572468
-0.00292479 0.000209615   0.0197309  -0.0116544
   0.382036 -0.00572468  -0.0116544    0.467564
IMAGINARY
           0   -0.0117798   0.00298436   0.00232687
   0.0117798            0 -0.000115133   0.00210666
 -0.00298436  0.000115133            0   0.00514607
 -0.00232687  -0.00210666  -0.00514607            0
Repeater1[0]<--->HoM1[0]
REAL
   0.466627 -0.00300963 -0.00936638    0.373453
-0.00300963   0.0202622  0.00228969  0.00401561
-0.00936638  0.00228969   0.0160906 0.000631504
   0.373453  0.00401561 0.000631504     0.49702
IMAGINARY
          0  0.00445303  0.00126066 -0.00543968
-0.00445303           0  -0.0010814 -0.00323574
-0.00126066   0.0010814           0 -0.00673197
 0.00543968  0.00323574  0.00673197           0
EndNode1[0]<--->Repeater1[0]
REAL
   0.491212  0.00553853  0.00833946    0.377415
 0.00553853   0.0166816 0.000980008 -0.00309255
 0.00833946 0.000980008   0.0187668 0.000942947
   0.377415 -0.00309255 0.000942947    0.473339
IMAGINARY
          0 -0.00429654 -0.00670723  0.00202367
 0.00429654           0  0.00514217  0.00731146
 0.00670723 -0.00514217           0 -0.00809017
-0.00202367 -0.00731146  0.00809017           0
EndNode2[0]<--->HoM1[0]
REAL
   0.491597 -0.00980416  -0.0140895    0.380451
-0.00980416   0.0144058  0.00496299  0.00762337
 -0.0140895  0.00496299   0.0165066  0.00243574
   0.380451  0.00762337  0.00243574    0.477491
IMAGINARY
           0   0.00970713   0.00457658   0.00395662
 -0.00970713            0  -0.00395662  -0.00292642
 -0.00457658   0.00395662            0 -0.000856248
 -0.00395662   0.00292642  0.000856248            0
Repeater1[0]<--->EndNode1[0]
REAL
   0.491212  0.00833946  0.00553853    0.377415
 0.00833946   0.0187668 0.000980008 0.000942947
 0.00553853 0.000980008   0.0166816 -0.00309255
   0.377415 0.000942947 -0.00309255    0.473339
IMAGINARY
          0 -0.00670723 -0.00429654  0.00202367
 0.00670723           0 -0.00514217 -0.00809017
 0.00429654  0.00514217           0  0.00731146
-0.00202367  0.00809017 -0.00731146           0
Repeater1[0]<--->HoM1[0]
REAL
   0.491597  -0.0140895 -0.00980416    0.380451
 -0.0140895   0.0165066  0.00496299  0.00243574
-0.00980416  0.00496299   0.0144058  0.00762337
   0.380451  0.00243574  0.00762337    0.477491
IMAGINARY
           0   0.00457658   0.00970713   0.00395662
 -0.00457658            0   0.00395662 -0.000856248
 -0.00970713  -0.00395662            0  -0.00292642
 -0.00395662  0.000856248   0.00292642            0
EndNode1[0]<--->Repeater1[0]
REAL
   0.489483 -0.00343982   0.0010588    0.377914
-0.00343982   0.0174279  0.00208559  0.00945972
  0.0010588  0.00208559   0.0195312  0.00299538
   0.377914  0.00945972  0.00299538    0.473558
IMAGINARY
          0 -0.00212808 -0.00121441  0.00692506
 0.00212808           0  0.00247402 -0.00541609
 0.00121441 -0.00247402           0  0.00574472
-0.00692506  0.00541609 -0.00574472           0
EndNode2[0]<--->HoM1[0]
REAL
   0.493222 -0.00177686 -0.00100048    0.372198
-0.00177686   0.0187924  0.00498431 -0.00160289
-0.00100048  0.00498431   0.0169439 0.000704888
   0.372198 -0.00160289 0.000704888    0.471041
IMAGINARY
          0  -0.0123482   0.0112291 -0.00445192
  0.0123482           0 -0.00460121  0.00229265
 -0.0112291  0.00460121           0 -0.00512366
 0.00445192 -0.00229265  0.00512366           0
Repeater1[0]<--->EndNode1[0]
REAL
   0.489483   0.0010588 -0.00343982    0.377914
  0.0010588   0.0195312  0.00208559  0.00299538
-0.00343982  0.00208559   0.0174279  0.00945972
   0.377914  0.00299538  0.00945972    0.473558
IMAGINARY
          0 -0.00121441 -0.00212808  0.00692506
 0.00121441           0 -0.00247402  0.00574472
 0.00212808  0.00247402           0 -0.00541609
-0.00692506 -0.00574472  0.00541609           0
Repeater1[0]<--->HoM1[0]
REAL
   0.493222 -0.00100048 -0.00177686    0.372198
-0.00100048   0.0169439  0.00498431 0.000704888
-0.00177686  0.00498431   0.0187924 -0.00160289
   0.372198 0.000704888 -0.00160289    0.471041
IMAGINARY
          0   0.0112291  -0.0123482 -0.00445192
 -0.0112291           0  0.00460121 -0.00512366
  0.0123482 -0.00460121           0  0.00229265
 0.00445192  0.00512366 -0.00229265           0
EndNode1[0]<--->Repeater1[0]
REAL
   0.467709 -0.00232382   0.0048479    0.373067
-0.00232382   0.0179888  0.00882251 -0.00696783
  0.0048479  0.00882251   0.0188735  0.00262667
   0.373067 -0.00696783  0.00262667    0.495429
IMAGINARY
           0   0.00172979  -0.00883084   0.00255636
 -0.00172979            0  0.000190894    0.0030947
  0.00883084 -0.000190894            0    0.0008196
 -0.00255636   -0.0030947   -0.0008196            0
EndNode2[0]<--->HoM1[0]
REAL
    0.478597 -0.000134483  -0.00628842     0.365316
-0.000134483    0.0181332    0.0082993  -0.00614045
 -0.00628842    0.0082993    0.0166468   0.00208117
    0.365316  -0.00614045   0.00208117     0.486623
IMAGINARY
          0   0.0038264  0.00134019  0.00032955
 -0.0038264           0  -0.0081656 -0.00651005
-0.00134019   0.0081656           0  0.00134347
-0.00032955  0.00651005 -0.00134347           0
Repeater1[0]<--->EndNode1[0]
REAL
   0.467709   0.0048479 -0.00232382    0.373067
  0.0048479   0.0188735  0.00882251  0.00262667
-0.00232382  0.00882251   0.0179888 -0.00696783
   0.373067  0.00262667 -0.00696783    0.495429
IMAGINARY
           0  -0.00883084   0.00172979   0.00255636
  0.00883084            0 -0.000190894    0.0008196
 -0.00172979  0.000190894            0    0.0030947
 -0.00255636   -0.0008196   -0.0030947            0
Repeater1[0]<--->HoM1[0]
REAL
    0.478597  -0.00628842 -0.000134483     0.365316
 -0.00628842    0.0166468    0.0082993   0.00208117
-0.000134483    0.0082993    0.0181332  -0.00614045
    0.365316   0.00208117  -0.00614045     0.486623
IMAGINARY
          0  0.00134019   0.0038264  0.00032955
-0.00134019           0   0.0081656  0.00134347
 -0.0038264  -0.0081656           0 -0.00651005
-0.00032955 -0.00134347  0.00651005           0
EndNode1[0]<--->Repeater1[0]
REAL
   0.480437 -0.00796692  0.00328682    0.371493
-0.00796692   0.0175918  0.00492821  0.00209917
 0.00328682  0.00492821   0.0163785  0.00168326
   0.371493  0.00209917  0.00168326    0.485593
IMAGINARY
          0  0.00249708  -0.0040515  0.00350705
-0.00249708           0 -0.00165976  0.00878432
  0.0040515  0.00165976           0 -0.00203906
-0.00350705 -0.00878432  0.00203906           0
EndNode2[0]<--->HoM1[0]
REAL
   0.491413 0.000943861  0.00148393    0.376373
0.000943861     0.01627   0.0035191 -0.00462107
 0.00148393   0.0035191   0.0168726  -0.0016908
   0.376373 -0.00462107  -0.0016908    0.475444
IMAGINARY
           0   0.00395866  -0.00624706  -0.00767446
 -0.00395866            0  0.000552798  -0.00349981
  0.00624706 -0.000552798            0  -0.00323128
  0.00767446   0.00349981   0.00323128            0
Repeater1[0]<--->EndNode1[0]
REAL
   0.480437  0.00328682 -0.00796692    0.371493
 0.00328682   0.0163785  0.00492821  0.00168326
-0.00796692  0.00492821   0.0175918  0.00209917
   0.371493  0.00168326  0.00209917    0.485593
IMAGINARY
          0  -0.0040515  0.00249708  0.00350705
  0.0040515           0  0.00165976 -0.00203906
-0.00249708 -0.00165976           0  0.00878432
-0.00350705  0.00203906 -0.00878432           0
Repeater1[0]<--->HoM1[0]
REAL
   0.491413  0.00148393 0.000943861    0.376373
 0.00148393   0.0168726   0.0035191  -0.0016908
0.000943861   0.0035191     0.01627 -0.00462107
   0.376373  -0.0016908 -0.00462107    0.475444
IMAGINARY
           0  -0.00624706   0.00395866  -0.00767446
  0.00624706            0 -0.000552798  -0.00323128
 -0.00395866  0.000552798            0  -0.00349981
  0.00767446   0.00323128   0.00349981            0
EndNode1[0]<--->Repeater1[0]
REAL
    0.473276 -0.000909367  -0.00261486     0.377274
-0.000909367    0.0194088  0.000301613   -0.0079912
 -0.00261486  0.000301613    0.0182144  2.75649e-07
    0.377274   -0.0079912  2.75649e-07     0.489101
IMAGINARY
          0 -0.00519823 -0.00444687 -0.00971818
 0.00519823           0  -0.0113184 -0.00110544
 0.00444687   0.0113184           0   0.0122117
 0.00971818  0.00110544  -0.0122117           0
EndNode2[0]<--->HoM1[0]
REAL
   0.477341 -0.00205898 -0.00635202    0.372964
-0.00205898   0.0193353  0.00978035 -0.00739836
-0.00635202  0.00978035   0.0202417  -0.0104826
   0.372964 -0.00739836  -0.0104826    0.483082
IMAGINARY
           0 -0.000294554   0.00194267   0.00371591
 0.000294554            0   0.00342487   0.00455083
 -0.00194267  -0.00342487            0   -0.0016686
 -0.00371591  -0.00455083    0.0016686            0
Repeater1[0]<--->EndNode1[0]
REAL
    0.473276  -0.00261486 -0.000909367     0.377274
 -0.00261486    0.0182144  0.000301613  2.75649e-07
-0.000909367  0.000301613    0.0194088   -0.0079912
    0.377274  2.75649e-07   -0.0079912     0.489101
IMAGINARY
          0 -0.00444687 -0.00519823 -0.00971818
 0.00444687           0   0.0113184   0.0122117
 0.00519823  -0.0113184           0 -0.00110544
 0.00971818  -0.0122117  0.00110544           0
Repeater1[0]<--->HoM1[0]
REAL
   0.477341 -0.00635202 -0.00205898    0.372964
-0.00635202   0.0202417  0.00978035  -0.0104826
-0.00205898  0.00978035   0.0193353 -0.00739836
   0.372964  -0.0104826 -0.00739836    0.483082
IMAGINARY
           0   0.00194267 -0.000294554   0.00371591
 -0.00194267            0  -0.00342487   -0.0016686
 0.000294554   0.00342487            0   0.00455083
 -0.00371591    0.0016686  -0.00455083            0
EndNode1[0]<--->Repeater1[0]
REAL
    0.467517 -0.000353085    0.0020737     0.375268
-0.000353085    0.0172056   0.00441538   0.00436658
   0.0020737   0.00441538    0.0183922   0.00181679
    0.375268   0.00436658   0.00181679     0.496885
IMAGINARY
           0 -0.000799584  -0.00975918  -0.00532724
 0.000799584            0 -0.000247876   0.00176155
  0.00975918  0.000247876            0   0.00524271
  0.00532724  -0.00176155  -0.00524271            0
EndNode2[0]<--->HoM1[0]
REAL
    0.479009   -0.0054364  0.000302366     0.376567
  -0.0054364    0.0166113   0.00517271 -0.000153423
 0.000302366   0.00517271    0.0205376   -0.0054364
    0.376567 -0.000153423   -0.0054364     0.483842
IMAGINARY
          0 -0.00379788  0.00164078  0.00973981
 0.00379788           0  0.00855287  0.00076307
-0.00164078 -0.00855287           0  0.00439884
-0.00973981 -0.00076307 -0.00439884           0
Repeater1[0]<--->EndNode1[0]
REAL
    0.467517    0.0020737 -0.000353085     0.375268
   0.0020737    0.0183922   0.00441538   0.00181679
-0.000353085   0.00441538    0.0172056   0.00436658
    0.375268   0.00181679   0.00436658     0.496885
IMAGINARY
           0  -0.00975918 -0.000799584  -0.00532724
  0.00975918            0  0.000247876   0.00524271
 0.000799584 -0.000247876            0   0.00176155
  0.00532724  -0.00524271  -0.00176155            0
Repeater1[0]<--->HoM1[0]
REAL
    0.479009  0.000302366   -0.0054364     0.376567
 0.000302366    0.0205376   0.00517271   -0.0054364
  -0.0054364   0.00517271    0.0166113 -0.000153423
    0.376567   -0.0054364 -0.000153423     0.483842
IMAGINARY
          0  0.00164078 -0.00379788  0.00973981
-0.00164078           0 -0.00855287  0.00439884
 0.00379788  0.00855287           0  0.00076307
-0.00973981 -0.00439884 -0.00076307           0
EndNode1[0]<--->Repeater1[0]
REAL
   0.487445 0.000742943 -0.00131636    0.381113
0.000742943   0.0153798 -0.00807285   0.0026997
-0.00131636 -0.00807285   0.0207156 -0.00212628
   0.381113   0.0026997 -0.00212628     0.47646
IMAGINARY
           0   0.00289916   -0.0036335  0.000730567
 -0.00289916            0   0.00248393   0.00185096
   0.0036335  -0.00248393            0  -0.00260207
-0.000730567  -0.00185096   0.00260207            0
EndNode2[0]<--->HoM1[0]
REAL
   0.488024  -0.0041853 -0.00568676    0.376739
 -0.0041853   0.0206587 0.000556743 -0.00553446
-0.00568676 0.000556743   0.0140719  -0.0131566
   0.376739 -0.00553446  -0.0131566    0.477246
IMAGINARY
          0  0.00657055 -0.00924004  0.00339927
-0.00657055           0 -0.00295666  0.00268316
 0.00924004  0.00295666           0  0.00730563
-0.00339927 -0.00268316 -0.00730563           0
Repeater1[0]<--->EndNode1[0]
REAL
   0.487445 -0.00131636 0.000742943    0.381113
-0.00131636   0.0207156 -0.00807285 -0.00212628
0.000742943 -0.00807285   0.0153798   0.0026997
   0.381113 -0.00212628   0.0026997     0.47646
IMAGINARY
           0   -0.0036335   0.00289916  0.000730567
   0.0036335            0  -0.00248393  -0.00260207
 -0.00289916   0.00248393            0   0.00185096
-0.000730567   0.00260207  -0.00185096            0
Repeater1[0]<--->HoM1[0]
REAL
   0.488024 -0.00568676  -0.0041853    0.376739
-0.00568676   0.0140719 0.000556743  -0.0131566
 -0.0041853 0.000556743   0.0206587 -0.00553446
   0.376739  -0.0131566 -0.00553446    0.477246
IMAGINARY
          0 -0.00924004  0.00657055  0.00339927
 0.00924004           0  0.00295666  0.00730563
-0.00657055 -0.00295666           0  0.00268316
-0.00339927 -0.00730563 -0.00268316           0
EndNode1[0]<--->Repeater1[0]
REAL
   0.488647 -0.00086885 0.000788243    0.383136
-0.00086885   0.0163488  0.00521896 -0.00198872
0.000788243  0.00521896   0.0202846  0.00987245
   0.383136 -0.00198872  0.00987245     0.47472
IMAGINARY
           0   0.00520173   -0.0134225  -0.00196036
 -0.00520173            0  0.000883103   0.00624122
   0.0134225 -0.000883103            0  -0.00161107
  0.00196036  -0.00624122   0.00161107            0
EndNode2[0]<--->HoM1[0]
REAL
   0.494845  0.00753612  0.00325003    0.377191
 0.00753612   0.0167894  0.00582263  -0.0028069
 0.00325003  0.00582263   0.0173785 -0.00945636
   0.377191  -0.0028069 -0.00945636    0.470987
IMAGINARY
           0 -0.000404353  -0.00174688  -0.00575829
 0.000404353            0  0.000704693  0.000536226
  0.00174688 -0.000704693            0  -0.00595158
  0.00575829 -0.000536226   0.00595158            0
Repeater1[0]<--->EndNode1[0]
REAL
   0.488647 0.000788243 -0.00086885    0.383136
0.000788243   0.0202846  0.00521896  0.00987245
-0.00086885  0.00521896   0.0163488 -0.00198872
   0.383136  0.00987245 -0.00198872     0.47472
IMAGINARY
           0   -0.0134225   0.00520173  -0.00196036
   0.0134225            0 -0.000883103  -0.00161107
 -0.00520173  0.000883103            0   0.00624122
  0.00196036   0.00161107  -0.00624122            0
Repeater1[0]<--->HoM1[0]
REAL
   0.494845  0.00325003  0.00753612    0.377191
 0.00325003   0.0173785  0.00582263 -0.00945636
 0.00753612  0.00582263   0.0167894  -0.0028069
   0.377191 -0.00945636  -0.0028069    0.470987
IMAGINARY
           0  -0.00174688 -0.000404353  -0.00575829
  0.00174688            0 -0.000704693  -0.00595158
 0.000404353  0.000704693            0  0.000536226
  0.00575829   0.00595158 -0.000536226            0
EndNode1[0]<--->Repeater1[0]
REAL
   0.485689  0.00256706  0.00894068    0.374679
 0.00256706   0.0150487   0.0118941  -0.0040285
 0.00894068   0.0118941   0.0174093 -0.00152509
   0.374679  -0.0040285 -0.00152509    0.481853
IMAGINARY
          0   0.0020701 -0.00132636    0.010524
 -0.0020701           0  -0.0129439  0.00893315
 0.00132636   0.0129439           0  -0.0111397
  -0.010524 -0.00893315   0.0111397           0
EndNode2[0]<--->HoM1[0]
REAL
   0.492404 -0.00598036  -0.0097311    0.374069
-0.00598036    0.020852  0.00561679  0.00217366
 -0.0097311  0.00561679    0.018171 -0.00157708
   0.374069  0.00217366 -0.00157708    0.468573
IMAGINARY
          0 -0.00333166  0.00468877 -0.00337785
 0.00333166           0 -0.00217085   0.0103201
-0.00468877  0.00217085           0 -0.00608564
 0.00337785  -0.0103201  0.00608564           0
Repeater1[0]<--->EndNode1[0]
REAL
   0.485689  0.00894068  0.00256706    0.374679
 0.00894068   0.0174093   0.0118941 -0.00152509
 0.00256706   0.0118941   0.0150487  -0.0040285
   0.374679 -0.00152509  -0.0040285    0.481853
IMAGINARY
          0 -0.00132636   0.0020701    0.010524
 0.00132636           0   0.0129439  -0.0111397
 -0.0020701  -0.0129439           0  0.00893315
  -0.010524   0.0111397 -0.00893315           0
Repeater1[0]<--->HoM1[0]
REAL
   0.492404  -0.0097311 -0.00598036    0.374069
 -0.0097311    0.018171  0.00561679 -0.00157708
-0.00598036  0.00561679    0.020852  0.00217366
   0.374069 -0.00157708  0.00217366    0.468573
IMAGINARY
          0  0.00468877 -0.00333166 -0.00337785
-0.00468877           0  0.00217085 -0.00608564
 0.00333166 -0.00217085           0   0.0103201
 0.00337785  0.00608564  -0.0103201           0
EndNode1[0]<--->Repeater1[0]
REAL
   0.490161 -0.00348458  0.00140081    0.384089
-0.00348458   0.0161002  0.00352702  0.00386235
 0.00140081  0.00352702   0.0181872  0.00843814
   0.384089  0.00386235  0.00843814    0.475552
IMAGINARY
           0    0.0145251   -0.0104024 -0.000785053
  -0.0145251            0   0.00838112  -0.00979668
   0.0104024  -0.00838112            0   0.00274655
 0.000785053   0.00979668  -0.00274655            0
EndNode2[0]<--->HoM1[0]
REAL
   0.483607  -0.0096686 -0.00924896    0.371785
 -0.0096686    0.015808   0.0038148  0.00175496
-0.00924896   0.0038148   0.0161007  0.00787004
   0.371785  0.00175496  0.00787004    0.484485
IMAGINARY
           0   0.00843386  -0.00368515   0.00127323
 -0.00843386            0 -0.000214867  -0.00398402
  0.00368515  0.000214867            0  -0.00286995
 -0.00127323   0.00398402   0.00286995            0
Repeater1[0]<--->EndNode1[0]
REAL
   0.490161  0.00140081 -0.00348458    0.384089
 0.00140081   0.0181872  0.00352702  0.00843814
-0.00348458  0.00352702   0.0161002  0.00386235
   0.384089  0.00843814  0.00386235    0.475552
IMAGINARY
           0   -0.0104024    0.0145251 -0.000785053
   0.0104024            0  -0.00838112   0.00274655
  -0.0145251   0.00838112            0  -0.00979668
 0.000785053  -0.00274655   0.00979668            0
Repeater1[0]<--->HoM1[0]
REAL
   0.483607 -0.00924896  -0.0096686    0.371785
-0.00924896   0.0161007   0.0038148  0.00787004
 -0.0096686   0.0038148    0.015808  0.00175496
   0.371785  0.00787004  0.00175496    0.484485
IMAGINARY
           0  -0.00368515   0.00843386   0.00127323
  0.00368515            0  0.000214867  -0.00286995
 -0.00843386 -0.000214867            0  -0.00398402
 -0.00127323   0.00286995   0.00398402            0
EndNode1[0]<--->Repeater1[0]
REAL
   0.481995 -0.00709292  0.00427939    0.383978
-0.00709292   0.0206612 -0.00034199 0.000569093
 0.00427939 -0.00034199   0.0168241  0.00224443
   0.383978 0.000569093  0.00224443    0.480519
IMAGINARY
          0 -0.00675381  0.00376858   0.0017261
 0.00675381           0  0.00424761  0.00436275
-0.00376858 -0.00424761           0 -0.00782121
 -0.0017261 -0.00436275  0.00782121           0
EndNode2[0]<--->HoM1[0]
REAL
  0.478733 0.00881632 0.00903945   0.375689
0.00881632  0.0193062   -0.00493  0.0014479
0.00903945   -0.00493  0.0190045 0.00197949
  0.375689  0.0014479 0.00197949   0.482956
IMAGINARY
          0 -0.00225289   0.0129527  0.00237627
 0.00225289           0  0.00609318 -0.00565551
 -0.0129527 -0.00609318           0  -0.0041686
-0.00237627  0.00565551   0.0041686           0
Repeater1[0]<--->EndNode1[0]
REAL
   0.481995  0.00427939 -0.00709292    0.383978
 0.00427939   0.0168241 -0.00034199  0.00224443
-0.00709292 -0.00034199   0.0206612 0.000569093
   0.383978  0.00224443 0.000569093    0.480519
IMAGINARY
          0  0.00376858 -0.00675381   0.0017261
-0.00376858           0 -0.00424761 -0.00782121
 0.00675381  0.00424761           0  0.00436275
 -0.0017261  0.00782121 -0.00436275           0
Repeater1[0]<--->HoM1[0]
REAL
  0.478733 0.00903945 0.00881632   0.375689
0.00903945  0.0190045   -0.00493 0.00197949
0.00881632   -0.00493  0.0193062  0.0014479
  0.375689 0.00197949  0.0014479   0.482956
IMAGINARY
          0   0.0129527 -0.00225289  0.00237627
 -0.0129527           0 -0.00609318  -0.0041686
 0.00225289  0.00609318           0 -0.00565551
-0.00237627   0.0041686  0.00565551           0
EndNode1[0]<--->Repeater1[0]
REAL
   0.489608  -0.0022608 -0.00232634    0.378292
 -0.0022608   0.0181116  0.00605332 -0.00484486
-0.00232634  0.00605332   0.0190024 -0.00582586
   0.378292 -0.00484486 -0.00582586    0.473278
IMAGINARY
          0  0.00584848  0.00784563  0.00303252
-0.00584848           0  0.00805913  -0.0066516
-0.00784563 -0.00805913           0 -0.00286341
-0.00303252   0.0066516  0.00286341           0
EndNode2[0]<--->HoM1[0]
REAL
   0.458448 -0.00491835 0.000380706    0.367111
-0.00491835   0.0196259  0.00941339 -0.00499243
0.000380706  0.00941339   0.0162527  0.00119922
   0.367111 -0.00499243  0.00119922    0.505673
IMAGINARY
           0   0.00428791   0.00255283  0.000138302
 -0.00428791            0    0.0146985  -0.00180545
 -0.00255283   -0.0146985            0 -0.000252039
-0.000138302   0.00180545  0.000252039            0
Repeater1[0]<--->EndNode1[0]
REAL
   0.489608 -0.00232634  -0.0022608    0.378292
-0.00232634   0.0190024  0.00605332 -0.00582586
 -0.0022608  0.00605332   0.0181116 -0.00484486
   0.378292 -0.00582586 -0.00484486    0.473278
IMAGINARY
          0  0.00784563  0.00584848  0.00303252
-0.00784563           0 -0.00805913 -0.00286341
-0.00584848  0.00805913           0  -0.0066516
-0.00303252  0.00286341   0.0066516           0
Repeater1[0]<--->HoM1[0]
REAL
   0.458448 0.000380706 -0.00491835    0.367111
0.000380706   0.0162527  0.00941339  0.00119922
-0.00491835  0.00941339   0.0196259 -0.00499243
   0.367111  0.00119922 -0.00499243    0.505673
IMAGINARY
           0   0.00255283   0.00428791  0.000138302
 -0.00255283            0   -0.0146985 -0.000252039
 -0.00428791    0.0146985            0  -0.00180545
-0.000138302  0.000252039   0.00180545            0
EndNode1[0]<--->Repeater1[0]
REAL
   0.483537   0.0022603 -0.00649872    0.369134
  0.0022603   0.0140244  0.00571329  0.00680472
-0.00649872  0.00571329   0.0192073  -0.0016483
   0.369134  0.00680472  -0.0016483    0.483232
IMAGINARY
          0  0.00357521 -0.00949453 -0.00395847
-0.00357521           0  0.00989319  0.00415011
 0.00949453 -0.00989319           0  0.00770745
 0.00395847 -0.00415011 -0.00770745           0
EndNode2[0]<--->HoM1[0]
REAL
    0.495898 -0.000311678   0.00352072     0.379809
-0.000311678     0.015193   0.00140271 -0.000187383
  0.00352072   0.00140271    0.0161045  -0.00120347
    0.379809 -0.000187383  -0.00120347     0.472805
IMAGINARY
           0   0.00193974  -0.00337244   -0.0119598
 -0.00193974            0   0.00185565  -0.00276712
  0.00337244  -0.00185565            0  6.94626e-06
   0.0119598   0.00276712 -6.94626e-06            0
Repeater1[0]<--->EndNode1[0]
REAL
   0.483537 -0.00649872   0.0022603    0.369134
-0.00649872   0.0192073  0.00571329  -0.0016483
  0.0022603  0.00571329   0.0140244  0.00680472
   0.369134  -0.0016483  0.00680472    0.483232
IMAGINARY
          0 -0.00949453  0.00357521 -0.00395847
 0.00949453           0 -0.00989319  0.00770745
-0.00357521  0.00989319           0  0.00415011
 0.00395847 -0.00770745 -0.00415011           0
Repeater1[0]<--->HoM1[0]
REAL
    0.495898   0.00352072 -0.000311678     0.379809
  0.00352072    0.0161045   0.00140271  -0.00120347
-0.000311678   0.00140271     0.015193 -0.000187383
    0.379809  -0.00120347 -0.000187383     0.472805
IMAGINARY
           0  -0.00337244   0.00193974   -0.0119598
  0.00337244            0  -0.00185565  6.94626e-06
 -0.00193974   0.00185565            0  -0.00276712
   0.0119598 -6.94626e-06   0.00276712            0
EndNode1[0]<--->Repeater1[0]
REAL
   0.464427  -0.0191412 -0.00810934    0.362186
 -0.0191412   0.0143511  0.00995163  -0.0101779
-0.00810934  0.00995163   0.0164885  -0.0104455
   0.362186  -0.0101779  -0.0104455    0.504733
IMAGINARY
          0 -0.00291225   0.0165047   0.0132283
 0.00291225           0  0.00163496 -0.00054242
 -0.0165047 -0.00163496           0  -0.0112258
 -0.0132283  0.00054242   0.0112258           0
EndNode2[0]<--->HoM1[0]
REAL
   0.479928  0.00978734    0.010201    0.375905
 0.00978734   0.0159976 -0.00362735  0.00510207
   0.010201 -0.00362735    0.019016 0.000807127
   0.375905  0.00510207 0.000807127    0.485059
IMAGINARY
           0  -0.00364192   0.00452661 -0.000630911
  0.00364192            0   -0.0103353  -0.00138007
 -0.00452661    0.0103353            0   0.00349208
 0.000630911   0.00138007  -0.00349208            0
Repeater1[0]<--->EndNode1[0]
REAL
   0.464427 -0.00810934  -0.0191412    0.362186
-0.00810934   0.0164885  0.00995163  -0.0104455
 -0.0191412  0.00995163   0.0143511  -0.0101779
   0.362186  -0.0104455  -0.0101779    0.504733
IMAGINARY
          0   0.0165047 -0.00291225   0.0132283
 -0.0165047           0 -0.00163496  -0.0112258
 0.00291225  0.00163496           0 -0.00054242
 -0.0132283   0.0112258  0.00054242           0
Repeater1[0]<--->HoM1[0]
REAL
   0.479928    0.010201  0.00978734    0.375905
   0.010201    0.019016 -0.00362735 0.000807127
 0.00978734 -0.00362735   0.0159976  0.00510207
   0.375905 0.000807127  0.00510207    0.485059
IMAGINARY
           0   0.00452661  -0.00364192 -0.000630911
 -0.00452661            0    0.0103353   0.00349208
  0.00364192   -0.0103353            0  -0.00138007
 0.000630911  -0.00349208   0.00138007            0
EndNode1[0]<--->Repeater1[0]
REAL
   0.486233  0.00526348 -0.00676551    0.372263
 0.00526348   0.0216755   0.0078564 0.000935913
-0.00676551   0.0078564   0.0143527 -0.00182551
   0.372263 0.000935913 -0.00182551    0.477739
IMAGINARY
           0  -0.00186626    0.0059624 -0.000513936
  0.00186626            0  -0.00204862   0.00309663
  -0.0059624   0.00204862            0  -0.00310159
 0.000513936  -0.00309663   0.00310159            0
EndNode2[0]<--->HoM1[0]
REAL
    0.47309 -0.00656751  0.00514084     0.37602
-0.00656751   0.0163544 0.000754094  -0.0149566
 0.00514084 0.000754094   0.0190306 -0.00324826
    0.37602  -0.0149566 -0.00324826    0.491525
IMAGINARY
           0  1.33232e-05  -0.00473796  0.000404378
-1.33232e-05            0   0.00265595  -0.00210719
  0.00473796  -0.00265595            0   0.00987411
-0.000404378   0.00210719  -0.00987411            0
Repeater1[0]<--->EndNode1[0]
REAL
   0.486233 -0.00676551  0.00526348    0.372263
-0.00676551   0.0143527   0.0078564 -0.00182551
 0.00526348   0.0078564   0.0216755 0.000935913
   0.372263 -0.00182551 0.000935913    0.477739
IMAGINARY
           0    0.0059624  -0.00186626 -0.000513936
  -0.0059624            0   0.00204862  -0.00310159
  0.00186626  -0.00204862            0   0.00309663
 0.000513936   0.00310159  -0.00309663            0
Repeater1[0]<--->HoM1[0]
REAL
    0.47309  0.00514084 -0.00656751     0.37602
 0.00514084   0.0190306 0.000754094 -0.00324826
-0.00656751 0.000754094   0.0163544  -0.0149566
    0.37602 -0.00324826  -0.0149566    0.491525
IMAGINARY
           0  -0.00473796  1.33232e-05  0.000404378
  0.00473796            0  -0.00265595   0.00987411
-1.33232e-05   0.00265595            0  -0.00210719
-0.000404378  -0.00987411   0.00210719            0
EndNode1[0]<--->Repeater1[0]
REAL
  0.467989 0.00857858 0.00584595   0.375582
0.00857858   0.014728 0.00783131 0.00286799
0.00584595 0.00783131  0.0165314 -0.0142877
  0.375582 0.00286799 -0.0142877   0.500751
IMAGINARY
          0  0.00431789  -0.0101966  0.00255311
-0.00431789           0  -0.0102912  0.00329263
  0.0101966   0.0102912           0  0.00105186
-0.00255311 -0.00329263 -0.00105186           0
EndNode2[0]<--->HoM1[0]
REAL
    0.47494  0.00668419 -0.00601958     0.37149
 0.00668419   0.0166063  0.00253056 -0.00151508
-0.00601958  0.00253056    0.017814  -0.0063828
    0.37149 -0.00151508  -0.0063828     0.49064
IMAGINARY
          0 -0.00100449  -0.0028137  0.00082657
 0.00100449           0  0.00082657 -0.00385692
  0.0028137 -0.00082657           0   0.0035245
-0.00082657  0.00385692  -0.0035245           0
Repeater1[0]<--->EndNode1[0]
REAL
  0.467989 0.00584595 0.00857858   0.375582
0.00584595  0.0165314 0.00783131 -0.0142877
0.00857858 0.00783131   0.014728 0.00286799
  0.375582 -0.0142877 0.00286799   0.500751
IMAGINARY
          0  -0.0101966  0.00431789  0.00255311
  0.0101966           0   0.0102912  0.00105186
-0.00431789  -0.0102912           0  0.00329263
-0.00255311 -0.00105186 -0.00329263           0
Repeater1[0]<--->HoM1[0]
REAL
    0.47494 -0.00601958  0.00668419     0.37149
-0.00601958    0.017814  0.00253056  -0.0063828
 0.00668419  0.00253056   0.0166063 -0.00151508
    0.37149  -0.0063828 -0.00151508     0.49064
IMAGINARY
          0  -0.0028137 -0.00100449  0.00082657
  0.0028137           0 -0.00082657   0.0035245
 0.00100449  0.00082657           0 -0.00385692
-0.00082657  -0.0035245  0.00385692           0
EndNode1[0]<--->Repeater1[0]
REAL
    0.494559 -0.000460039  -0.00503561     0.377879
-0.000460039     0.017231   0.00310144  -0.00124429
 -0.00503561   0.00310144    0.0190447   0.00913229
    0.377879  -0.00124429   0.00913229     0.469166
IMAGINARY
          0  0.00210068  0.00695911 -0.00544151
-0.00210068           0  0.00708085 -0.00755117
-0.00695911 -0.00708085           0 -0.00121258
 0.00544151  0.00755117  0.00121258           0
EndNode2[0]<--->HoM1[0]
REAL
   0.494287 -0.00323016  0.00528993    0.380511
-0.00323016   0.0140639  0.00636833 -0.00620961
 0.00528993  0.00636833   0.0152359 -0.00412729
   0.380511 -0.00620961 -0.00412729    0.476414
IMAGINARY
           0  -0.00177882   0.00255828  -0.00412591
  0.00177882            0   0.00693739  -0.00718101
 -0.00255828  -0.00693739            0 -0.000159743
  0.00412591   0.00718101  0.000159743            0
Repeater1[0]<--->EndNode1[0]
REAL
    0.494559  -0.00503561 -0.000460039     0.377879
 -0.00503561    0.0190447   0.00310144   0.00913229
-0.000460039   0.00310144     0.017231  -0.00124429
    0.377879   0.00913229  -0.00124429     0.469166
IMAGINARY
          0  0.00695911  0.00210068 -0.00544151
-0.00695911           0 -0.00708085 -0.00121258
-0.00210068  0.00708085           0 -0.00755117
 0.00544151  0.00121258  0.00755117           0
Repeater1[0]<--->HoM1[0]
REAL
   0.494287  0.00528993 -0.00323016    0.380511
 0.00528993   0.0152359  0.00636833 -0.00412729
-0.00323016  0.00636833   0.0140639 -0.00620961
   0.380511 -0.00412729 -0.00620961    0.476414
IMAGINARY
           0   0.00255828  -0.00177882  -0.00412591
 -0.00255828            0  -0.00693739 -0.000159743
