EndNode1[0]<--->Repeater1[0]
REAL
   0.498935  -0.0061326 -0.00693644    0.354334
 -0.0061326   0.0197749  0.00216538  0.00378423
-0.00693644  0.00216538   0.0191664   0.0029804
   0.354334  0.00378423   0.0029804    0.462124
IMAGINARY
          0  0.00232416  0.00458981  0.00166319
-0.00232416           0  0.00314161 -0.00650778
-0.00458981 -0.00314161           0 -0.00306184
-0.00166319  0.00650778  0.00306184           0
EndNode2[0]<--->HoM1[0]
REAL
    0.48782  0.00272407  0.00488167    0.351584
 0.00272407   0.0207065  0.00272996  0.00161951
 0.00488167  0.00272996     0.02162 -0.00301958
   0.351584  0.00161951 -0.00301958    0.469854
IMAGINARY
          0  0.00416822    0.002013    0.011367
-0.00416822           0  0.00123806 -7.9051e-05
  -0.002013 -0.00123806           0  0.00103856
  -0.011367  7.9051e-05 -0.00103856           0
Repeater1[0]<--->EndNode1[0]
REAL
   0.498935 -0.00693644  -0.0061326    0.354334
-0.00693644   0.0191664  0.00216538   0.0029804
 -0.0061326  0.00216538   0.0197749  0.00378423
   0.354334   0.0029804  0.00378423    0.462124
IMAGINARY
          0  0.00458981  0.00232416  0.00166319
-0.00458981           0 -0.00314161 -0.00306184
-0.00232416  0.00314161           0 -0.00650778
-0.00166319  0.00306184  0.00650778           0
Repeater1[0]<--->HoM1[0]
REAL
    0.48782  0.00488167  0.00272407    0.351584
 0.00488167     0.02162  0.00272996 -0.00301958
 0.00272407  0.00272996   0.0207065  0.00161951
   0.351584 -0.00301958  0.00161951    0.469854
IMAGINARY
          0    0.002013  0.00416822    0.011367
  -0.002013           0 -0.00123806  0.00103856
-0.00416822  0.00123806           0 -7.9051e-05
  -0.011367 -0.00103856  7.9051e-05           0
EndNode1[0]<--->Repeater1[0]
REAL
   0.471777 -0.00187594 -0.00932398    0.351759
-0.00187594   0.0190137  0.00273565   0.0100963
-0.00932398  0.00273565   0.0193108   0.0103715
   0.351759   0.0100963   0.0103715    0.489899
IMAGINARY
           0   0.00263629   0.00228574  -0.00200479
 -0.00263629            0  0.000659503   0.00398065
 -0.00228574 -0.000659503            0  -0.00132471
  0.00200479  -0.00398065   0.00132471            0
EndNode2[0]<--->HoM1[0]
REAL
   0.475811  0.00199976  0.00923609    0.349602
 0.00199976   0.0192897  0.00133675  0.00338128
 0.00923609  0.00133675   0.0226577 5.42327e-05
   0.349602  0.00338128 5.42327e-05    0.482241
IMAGINARY
           0  -0.00603268    0.0036102 -0.000834445
  0.00603268            0   -0.0106564    0.0143385
  -0.0036102    0.0106564            0  -0.00618452
 0.000834445   -0.0143385   0.00618452            0
Repeater1[0]<--->EndNode1[0]
REAL
   0.471777 -0.00932398 -0.00187594    0.351759
-0.00932398   0.0193108  0.00273565   0.0103715
-0.00187594  0.00273565   0.0190137   0.0100963
   0.351759   0.0103715   0.0100963    0.489899
IMAGINARY
           0   0.00228574   0.00263629  -0.00200479
 -0.00228574            0 -0.000659503  -0.00132471
 -0.00263629  0.000659503            0   0.00398065
  0.00200479   0.00132471  -0.00398065            0
Repeater1[0]<--->HoM1[0]
REAL
   0.475811  0.00923609  0.00199976    0.349602
 0.00923609   0.0226577  0.00133675 5.42327e-05
 0.00199976  0.00133675   0.0192897  0.00338128
   0.349602 5.42327e-05  0.00338128    0.482241
IMAGINARY
           0    0.0036102  -0.00603268 -0.000834445
  -0.0036102            0    0.0106564  -0.00618452
  0.00603268   -0.0106564            0    0.0143385
 0.000834445   0.00618452   -0.0143385            0
EndNode1[0]<--->Repeater1[0]
REAL
   0.484167   0.0122386  0.00434056    0.359497
  0.0122386   0.0198284  0.00283094  0.00195818
 0.00434056  0.00283094   0.0233797 -0.00743961
   0.359497  0.00195818 -0.00743961    0.472625
IMAGINARY
          0  0.00118333  -0.0010293  0.00257453
-0.00118333           0 -0.00153006  0.00178848
  0.0010293  0.00153006           0 -0.00619396
-0.00257453 -0.00178848  0.00619396           0
EndNode2[0]<--->HoM1[0]
REAL
   0.476627 -0.00192936 -0.00589951    0.356804
-0.00192936   0.0189429 0.000127141 -0.00226315
-0.00589951 0.000127141   0.0204705 -0.00326506
   0.356804 -0.00226315 -0.00326506     0.48396
IMAGINARY
          0  0.00104228 -0.00246269  0.00175624
-0.00104228           0  0.00206056  0.00780394
 0.00246269 -0.00206056           0 -0.00311943
-0.00175624 -0.00780394  0.00311943           0
Repeater1[0]<--->EndNode1[0]
REAL
   0.484167  0.00434056   0.0122386    0.359497
 0.00434056   0.0233797  0.00283094 -0.00743961
  0.0122386  0.00283094   0.0198284  0.00195818
   0.359497 -0.00743961  0.00195818    0.472625
IMAGINARY
          0  -0.0010293  0.00118333  0.00257453
  0.0010293           0  0.00153006 -0.00619396
-0.00118333 -0.00153006           0  0.00178848
-0.00257453  0.00619396 -0.00178848           0
Repeater1[0]<--->HoM1[0]
REAL
   0.476627 -0.00589951 -0.00192936    0.356804
-0.00589951   0.0204705 0.000127141 -0.00326506
-0.00192936 0.000127141   0.0189429 -0.00226315
   0.356804 -0.00326506 -0.00226315     0.48396
IMAGINARY
          0 -0.00246269  0.00104228  0.00175624
 0.00246269           0 -0.00206056 -0.00311943
-0.00104228  0.00206056           0  0.00780394
-0.00175624  0.00311943 -0.00780394           0
EndNode1[0]<--->Repeater1[0]
REAL
   0.475007 -0.00321034  0.00200847    0.357433
-0.00321034   0.0221828  0.00558092 -0.00216068
 0.00200847  0.00558092   0.0233659  -0.0085096
   0.357433 -0.00216068  -0.0085096    0.479444
IMAGINARY
           0  0.000673401   0.00824723  0.000194666
-0.000673401            0  -0.00484043  -0.00869167
 -0.00824723   0.00484043            0   -0.0043771
-0.000194666   0.00869167    0.0043771            0
EndNode2[0]<--->HoM1[0]
REAL
   0.463352  0.00269099 -0.00199029    0.355674
 0.00269099   0.0204082  0.00333887 -0.00842018
-0.00199029  0.00333887    0.018971  -0.0125066
   0.355674 -0.00842018  -0.0125066    0.497269
IMAGINARY
          0  0.00861236  -0.0105108  0.00505086
-0.00861236           0 -0.00246019  0.00778188
  0.0105108  0.00246019           0 -0.00497379
-0.00505086 -0.00778188  0.00497379           0
Repeater1[0]<--->EndNode1[0]
REAL
   0.475007  0.00200847 -0.00321034    0.357433
 0.00200847   0.0233659  0.00558092  -0.0085096
-0.00321034  0.00558092   0.0221828 -0.00216068
   0.357433  -0.0085096 -0.00216068    0.479444
IMAGINARY
           0   0.00824723  0.000673401  0.000194666
 -0.00824723            0   0.00484043   -0.0043771
-0.000673401  -0.00484043            0  -0.00869167
-0.000194666    0.0043771   0.00869167            0
Repeater1[0]<--->HoM1[0]
REAL
   0.463352 -0.00199029  0.00269099    0.355674
-0.00199029    0.018971  0.00333887  -0.0125066
 0.00269099  0.00333887   0.0204082 -0.00842018
   0.355674  -0.0125066 -0.00842018    0.497269
IMAGINARY
          0  -0.0105108  0.00861236  0.00505086
  0.0105108           0  0.00246019 -0.00497379
-0.00861236 -0.00246019           0  0.00778188
-0.00505086  0.00497379 -0.00778188           0
EndNode1[0]<--->Repeater1[0]
REAL
    0.470605   -0.0112445   0.00438074      0.35625
  -0.0112445    0.0201813 -0.000143213   -0.0170772
  0.00438074 -0.000143213    0.0213513   0.00398932
     0.35625   -0.0170772   0.00398932     0.487862
IMAGINARY
           0   0.00679731  -0.00957042   0.00767686
 -0.00679731            0  0.000981787   0.00833509
  0.00957042 -0.000981787            0   0.00710016
 -0.00767686  -0.00833509  -0.00710016            0
EndNode2[0]<--->HoM1[0]
REAL
  0.471988 0.00199932 0.00269453   0.351999
0.00199932   0.021988 0.00400837 0.00731725
0.00269453 0.00400837  0.0207831 0.00712907
  0.351999 0.00731725 0.00712907   0.485241
IMAGINARY
           0   0.00780207  -0.00770529  -0.00338049
 -0.00780207            0  0.000303566   0.00725198
  0.00770529 -0.000303566            0   0.00322845
  0.00338049  -0.00725198  -0.00322845            0
Repeater1[0]<--->EndNode1[0]
REAL
    0.470605   0.00438074   -0.0112445      0.35625
  0.00438074    0.0213513 -0.000143213   0.00398932
  -0.0112445 -0.000143213    0.0201813   -0.0170772
     0.35625   0.00398932   -0.0170772     0.487862
IMAGINARY
           0  -0.00957042   0.00679731   0.00767686
  0.00957042            0 -0.000981787   0.00710016
 -0.00679731  0.000981787            0   0.00833509
 -0.00767686  -0.00710016  -0.00833509            0
Repeater1[0]<--->HoM1[0]
REAL
  0.471988 0.00269453 0.00199932   0.351999
0.00269453  0.0207831 0.00400837 0.00712907
0.00199932 0.00400837   0.021988 0.00731725
  0.351999 0.00712907 0.00731725   0.485241
IMAGINARY
           0  -0.00770529   0.00780207  -0.00338049
  0.00770529            0 -0.000303566   0.00322845
 -0.00780207  0.000303566            0   0.00725198
  0.00338049  -0.00322845  -0.00725198            0
EndNode1[0]<--->Repeater1[0]
REAL
   0.473506 -0.00729829 0.000938018    0.356736
-0.00729829   0.0181762 -0.00103701  0.00181933
0.000938018 -0.00103701   0.0203327 -0.00189289
   0.356736  0.00181933 -0.00189289    0.487985
IMAGINARY
           0  0.000195645   -0.0118905   0.00613542
-0.000195645            0   0.00117879 -0.000304603
   0.0118905  -0.00117879            0   0.00906089
 -0.00613542  0.000304603  -0.00906089            0
EndNode2[0]<--->HoM1[0]
REAL
  0.471206 0.00977507 0.00358997   0.355477
0.00977507  0.0164967 0.00260517 0.00582145
0.00358997 0.00260517  0.0194961 0.00591062
  0.355477 0.00582145 0.00591062   0.492801
IMAGINARY
          0 -0.00219246  0.00015329  0.00331383
 0.00219246           0  0.00164261 -0.00340966
-0.00015329 -0.00164261           0  0.00988932
-0.00331383  0.00340966 -0.00988932           0
Repeater1[0]<--->EndNode1[0]
REAL
   0.473506 0.000938018 -0.00729829    0.356736
0.000938018   0.0203327 -0.00103701 -0.00189289
-0.00729829 -0.00103701   0.0181762  0.00181933
   0.356736 -0.00189289  0.00181933    0.487985
IMAGINARY
           0   -0.0118905  0.000195645   0.00613542
   0.0118905            0  -0.00117879   0.00906089
-0.000195645   0.00117879            0 -0.000304603
 -0.00613542  -0.00906089  0.000304603            0
Repeater1[0]<--->HoM1[0]
REAL
  0.471206 0.00358997 0.00977507   0.355477
0.00358997  0.0194961 0.00260517 0.00591062
0.00977507 0.00260517  0.0164967 0.00582145
  0.355477 0.00591062 0.00582145   0.492801
IMAGINARY
          0  0.00015329 -0.00219246  0.00331383
-0.00015329           0 -0.00164261  0.00988932
 0.00219246  0.00164261           0 -0.00340966
-0.00331383 -0.00988932  0.00340966           0
EndNode1[0]<--->Repeater1[0]
REAL
    0.478052   -0.0113427 -0.000381821     0.351819
  -0.0113427    0.0210463  -0.00632502   -0.0131068
-0.000381821  -0.00632502    0.0171377   -0.0113427
    0.351819   -0.0131068   -0.0113427     0.483764
IMAGINARY
           0  0.000710071   0.00106471   0.00419425
-0.000710071            0   0.00229533   -0.0013566
 -0.00106471  -0.00229533            0   0.00425198
 -0.00419425    0.0013566  -0.00425198            0
EndNode2[0]<--->HoM1[0]
REAL
    0.49548 -0.00727934  -0.0111906    0.351546
-0.00727934   0.0163313  0.00317048  0.00254643
 -0.0111906  0.00317048   0.0209974 -0.00409463
   0.351546  0.00254643 -0.00409463    0.467192
IMAGINARY
          0 -0.00722759 -0.00102467  0.00992199
 0.00722759           0  0.00263159  0.00132551
 0.00102467 -0.00263159           0 -0.00450526
-0.00992199 -0.00132551  0.00450526           0
Repeater1[0]<--->EndNode1[0]
REAL
    0.478052 -0.000381821   -0.0113427     0.351819
-0.000381821    0.0171377  -0.00632502   -0.0113427
  -0.0113427  -0.00632502    0.0210463   -0.0131068
    0.351819   -0.0113427   -0.0131068     0.483764
IMAGINARY
           0   0.00106471  0.000710071   0.00419425
 -0.00106471            0  -0.00229533   0.00425198
-0.000710071   0.00229533            0   -0.0013566
 -0.00419425  -0.00425198    0.0013566            0
Repeater1[0]<--->HoM1[0]
REAL
    0.49548  -0.0111906 -0.00727934    0.351546
 -0.0111906   0.0209974  0.00317048 -0.00409463
-0.00727934  0.00317048   0.0163313  0.00254643
   0.351546 -0.00409463  0.00254643    0.467192
IMAGINARY
          0 -0.00102467 -0.00722759  0.00992199
 0.00102467           0 -0.00263159 -0.00450526
 0.00722759  0.00263159           0  0.00132551
-0.00992199  0.00450526 -0.00132551           0
EndNode1[0]<--->Repeater1[0]
REAL
    0.480559 -0.000246212   0.00329421     0.351296
-0.000246212    0.0212637   0.00041126   0.00359614
  0.00329421   0.00041126    0.0236938   0.00144453
    0.351296   0.00359614   0.00144453     0.474484
IMAGINARY
           0  0.000213755  -0.00778239   0.00990897
-0.000213755            0  -0.00583447   0.00523214
  0.00778239   0.00583447            0   0.00263653
 -0.00990897  -0.00523214  -0.00263653            0
EndNode2[0]<--->HoM1[0]
REAL
   0.494661 0.000757519  0.00536568    0.350762
0.000757519   0.0194724  -0.0050963  0.00293997
 0.00536568  -0.0050963   0.0204146  0.00482992
   0.350762  0.00293997  0.00482992    0.465452
IMAGINARY
           0  -0.00640664 -0.000213267  0.000285987
  0.00640664            0  -0.00253217  0.000363102
 0.000213267   0.00253217            0 -3.62712e-05
-0.000285987 -0.000363102  3.62712e-05            0
Repeater1[0]<--->EndNode1[0]
REAL
    0.480559   0.00329421 -0.000246212     0.351296
  0.00329421    0.0236938   0.00041126   0.00144453
-0.000246212   0.00041126    0.0212637   0.00359614
    0.351296   0.00144453   0.00359614     0.474484
IMAGINARY
           0  -0.00778239  0.000213755   0.00990897
  0.00778239            0   0.00583447   0.00263653
-0.000213755  -0.00583447            0   0.00523214
 -0.00990897  -0.00263653  -0.00523214            0
Repeater1[0]<--->HoM1[0]
REAL
   0.494661  0.00536568 0.000757519    0.350762
 0.00536568   0.0204146  -0.0050963  0.00482992
0.000757519  -0.0050963   0.0194724  0.00293997
   0.350762  0.00482992  0.00293997    0.465452
IMAGINARY
           0 -0.000213267  -0.00640664  0.000285987
 0.000213267            0   0.00253217 -3.62712e-05
  0.00640664  -0.00253217            0  0.000363102
-0.000285987  3.62712e-05 -0.000363102            0
EndNode1[0]<--->Repeater1[0]
REAL
   0.485276  0.00354856   0.0016202    0.359791
 0.00354856   0.0201322  0.00912973  -0.0075514
  0.0016202  0.00912973   0.0204327 -0.00236232
   0.359791  -0.0075514 -0.00236232    0.474159
IMAGINARY
           0     0.004131 -0.000826119   0.00451793
   -0.004131            0     0.003487 -0.000375804
 0.000826119    -0.003487            0   0.00458294
 -0.00451793  0.000375804  -0.00458294            0
EndNode2[0]<--->HoM1[0]
REAL
   0.465102 -0.00873123    -0.00188    0.356086
-0.00873123    0.019305  0.00300239 -0.00848116
   -0.00188  0.00300239    0.023463 -0.00281407
   0.356086 -0.00848116 -0.00281407    0.492129
IMAGINARY
          0  0.00664819 -0.00437592 -0.00377662
-0.00664819           0 -0.00332952  0.00377133
 0.00437592  0.00332952           0  0.00604831
 0.00377662 -0.00377133 -0.00604831           0
Repeater1[0]<--->EndNode1[0]
REAL
   0.485276   0.0016202  0.00354856    0.359791
  0.0016202   0.0204327  0.00912973 -0.00236232
 0.00354856  0.00912973   0.0201322  -0.0075514
   0.359791 -0.00236232  -0.0075514    0.474159
IMAGINARY
           0 -0.000826119     0.004131   0.00451793
 0.000826119            0    -0.003487   0.00458294
   -0.004131     0.003487            0 -0.000375804
 -0.00451793  -0.00458294  0.000375804            0
Repeater1[0]<--->HoM1[0]
REAL
   0.465102    -0.00188 -0.00873123    0.356086
   -0.00188    0.023463  0.00300239 -0.00281407
-0.00873123  0.00300239    0.019305 -0.00848116
   0.356086 -0.00281407 -0.00848116    0.492129
IMAGINARY
          0 -0.00437592  0.00664819 -0.00377662
 0.00437592           0  0.00332952  0.00604831
-0.00664819 -0.00332952           0  0.00377133
 0.00377662 -0.00604831 -0.00377133           0
EndNode1[0]<--->Repeater1[0]
REAL
    0.489973  -0.00521551  -0.00210267     0.348139
 -0.00521551    0.0194553   0.00260769 -0.000882409
 -0.00210267   0.00260769    0.0176594    0.0010364
    0.348139 -0.000882409    0.0010364     0.472912
IMAGINARY
          0   0.0167637  -0.0111143  0.00325925
 -0.0167637           0  0.00650984 -0.00718205
  0.0111143 -0.00650984           0  0.00303235
-0.00325925  0.00718205 -0.00303235           0
EndNode2[0]<--->HoM1[0]
REAL
    0.49684 -0.00247197 -0.00766687     0.35118
-0.00247197   0.0201625   0.0087735  0.00208848
-0.00766687   0.0087735   0.0195606  -0.0139696
    0.35118  0.00208848  -0.0139696    0.463437
IMAGINARY
           0  0.000607348   0.00186535  -0.00972593
-0.000607348            0   0.00496686  -0.00622625
 -0.00186535  -0.00496686            0  -0.00587051
  0.00972593   0.00622625   0.00587051            0
Repeater1[0]<--->EndNode1[0]
REAL
    0.489973  -0.00210267  -0.00521551     0.348139
 -0.00210267    0.0176594   0.00260769    0.0010364
 -0.00521551   0.00260769    0.0194553 -0.000882409
    0.348139    0.0010364 -0.000882409     0.472912
IMAGINARY
          0  -0.0111143   0.0167637  0.00325925
  0.0111143           0 -0.00650984  0.00303235
 -0.0167637  0.00650984           0 -0.00718205
-0.00325925 -0.00303235  0.00718205           0
Repeater1[0]<--->HoM1[0]
REAL
    0.49684 -0.00766687 -0.00247197     0.35118
-0.00766687   0.0195606   0.0087735  -0.0139696
-0.00247197   0.0087735   0.0201625  0.00208848
    0.35118  -0.0139696  0.00208848    0.463437
IMAGINARY
           0   0.00186535  0.000607348  -0.00972593
 -0.00186535            0  -0.00496686  -0.00587051
-0.000607348   0.00496686            0  -0.00622625
  0.00972593   0.00587051   0.00622625            0
EndNode1[0]<--->Repeater1[0]
REAL
    0.47007  0.00534393  0.00080126    0.360097
 0.00534393   0.0202465  0.00215421  0.00230819
 0.00080126  0.00215421   0.0211268 -0.00565488
   0.360097  0.00230819 -0.00565488    0.488556
IMAGINARY
          0  0.00322706  0.00520784 -0.00321156
-0.00322706           0  -0.0129077 -0.00240795
-0.00520784   0.0129077           0  0.00517259
 0.00321156  0.00240795 -0.00517259           0
EndNode2[0]<--->HoM1[0]
REAL
    0.484536   0.00899975  0.000330801     0.356756
  0.00899975    0.0167894 -0.000470582   0.00822005
 0.000330801 -0.000470582    0.0182622   0.00885204
    0.356756   0.00822005   0.00885204     0.480412
IMAGINARY
           0  -0.00230118  -0.00386728  -0.00379439
  0.00230118            0  -0.00516176   0.00651123
  0.00386728   0.00516176            0 -0.000342764
  0.00379439  -0.00651123  0.000342764            0
Repeater1[0]<--->EndNode1[0]
REAL
    0.47007  0.00080126  0.00534393    0.360097
 0.00080126   0.0211268  0.00215421 -0.00565488
 0.00534393  0.00215421   0.0202465  0.00230819
   0.360097 -0.00565488  0.00230819    0.488556
IMAGINARY
          0  0.00520784  0.00322706 -0.00321156
-0.00520784           0   0.0129077  0.00517259
-0.00322706  -0.0129077           0 -0.00240795
 0.00321156 -0.00517259  0.00240795           0
Repeater1[0]<--->HoM1[0]
REAL
    0.484536  0.000330801   0.00899975     0.356756
 0.000330801    0.0182622 -0.000470582   0.00885204
  0.00899975 -0.000470582    0.0167894   0.00822005
    0.356756   0.00885204   0.00822005     0.480412
IMAGINARY
           0  -0.00386728  -0.00230118  -0.00379439
  0.00386728            0   0.00516176 -0.000342764
  0.00230118  -0.00516176            0   0.00651123
  0.00379439  0.000342764  -0.00651123            0
EndNode1[0]<--->Repeater1[0]
REAL
  0.478604 0.00215356  -0.007233    0.34975
0.00215356  0.0191199 0.00585893 0.00275806
 -0.007233 0.00585893  0.0215478 0.00112807
   0.34975 0.00275806 0.00112807   0.480728
IMAGINARY
          0  0.00459084 -0.00378472  0.00982664
-0.00459084           0 -0.00486124  0.00873819
 0.00378472  0.00486124           0 -0.00233927
-0.00982664 -0.00873819  0.00233927           0
EndNode2[0]<--->HoM1[0]
REAL
    0.483239 -0.000631964  -0.00873367     0.358933
-0.000631964    0.0216553   0.00378771   -0.0123158
 -0.00873367   0.00378771    0.0183922   -0.0143162
    0.358933   -0.0123158   -0.0143162     0.476713
IMAGINARY
           0  -0.00566653   0.00159402  -0.00672957
  0.00566653            0   0.00250762   0.00613947
 -0.00159402  -0.00250762            0 -0.000579754
  0.00672957  -0.00613947  0.000579754            0
Repeater1[0]<--->EndNode1[0]
REAL
  0.478604  -0.007233 0.00215356    0.34975
 -0.007233  0.0215478 0.00585893 0.00112807
0.00215356 0.00585893  0.0191199 0.00275806
   0.34975 0.00112807 0.00275806   0.480728
IMAGINARY
          0 -0.00378472  0.00459084  0.00982664
 0.00378472           0  0.00486124 -0.00233927
-0.00459084 -0.00486124           0  0.00873819
-0.00982664  0.00233927 -0.00873819           0
Repeater1[0]<--->HoM1[0]
REAL
    0.483239  -0.00873367 -0.000631964     0.358933
 -0.00873367    0.0183922   0.00378771   -0.0143162
-0.000631964   0.00378771    0.0216553   -0.0123158
    0.358933   -0.0143162   -0.0123158     0.476713
IMAGINARY
           0   0.00159402  -0.00566653  -0.00672957
 -0.00159402            0  -0.00250762 -0.000579754
  0.00566653   0.00250762            0   0.00613947
  0.00672957  0.000579754  -0.00613947            0
EndNode1[0]<--->Repeater1[0]
REAL
   0.467772  0.00506823 -0.00442234    0.356806
 0.00506823   0.0178023  0.00293181 -0.00123579
-0.00442234  0.00293181   0.0184162 0.000292107
   0.356806 -0.00123579 0.000292107     0.49601
IMAGINARY
           0  -0.00414355  -0.00764572  0.000404419
  0.00414355            0   0.00406519   0.00734066
  0.00764572  -0.00406519            0     0.010855
-0.000404419  -0.00734066    -0.010855            0
EndNode2[0]<--->HoM1[0]
REAL
   0.481818 -0.00232378 -0.00426765    0.357085
-0.00232378   0.0208211  0.00906692  0.00380397
-0.00426765  0.00906692   0.0178886  0.00958807
   0.357085  0.00380397  0.00958807    0.479472
IMAGINARY
          0  0.00314444 -0.00853167 -0.00867035
-0.00314444           0 -0.00269664 -0.00720149
 0.00853167  0.00269664           0   0.0116447
 0.00867035  0.00720149  -0.0116447           0
Repeater1[0]<--->EndNode1[0]
REAL
   0.467772 -0.00442234  0.00506823    0.356806
-0.00442234   0.0184162  0.00293181 0.000292107
 0.00506823  0.00293181   0.0178023 -0.00123579
   0.356806 0.000292107 -0.00123579     0.49601
IMAGINARY
           0  -0.00764572  -0.00414355  0.000404419
  0.00764572            0  -0.00406519     0.010855
  0.00414355   0.00406519            0   0.00734066
-0.000404419    -0.010855  -0.00734066            0
Repeater1[0]<--->HoM1[0]
REAL
   0.481818 -0.00426765 -0.00232378    0.357085
-0.00426765   0.0178886  0.00906692  0.00958807
-0.00232378  0.00906692   0.0208211  0.00380397
   0.357085  0.00958807  0.00380397    0.479472
IMAGINARY
          0 -0.00853167  0.00314444 -0.00867035
 0.00853167           0  0.00269664   0.0116447
-0.00314444 -0.00269664           0 -0.00720149
 0.00867035  -0.0116447  0.00720149           0
EndNode1[0]<--->Repeater1[0]
REAL
   0.483056 -0.00129862  0.00515519    0.361968
-0.00129862   0.0217004 -0.00136742 5.31463e-05
 0.00515519 -0.00136742   0.0160523  0.00497509
   0.361968 5.31463e-05  0.00497509    0.479191
IMAGINARY
           0   0.00992656   0.00375655   -0.0118797
 -0.00992656            0    0.0112852  -0.00315451
 -0.00375655   -0.0112852            0  0.000308239
   0.0118797   0.00315451 -0.000308239            0
EndNode2[0]<--->HoM1[0]
REAL
   0.479762  0.00613607 -0.00797236    0.352155
 0.00613607   0.0202381  0.00308116  0.00189107
-0.00797236  0.00308116    0.021131 -0.00391121
   0.352155  0.00189107 -0.00391121    0.478869
IMAGINARY
           0   0.00373348    0.0042494  -0.00581633
 -0.00373348            0 -7.98962e-05  -0.00933009
  -0.0042494  7.98962e-05            0 -0.000147113
  0.00581633   0.00933009  0.000147113            0
Repeater1[0]<--->EndNode1[0]
REAL
   0.483056  0.00515519 -0.00129862    0.361968
 0.00515519   0.0160523 -0.00136742  0.00497509
-0.00129862 -0.00136742   0.0217004 5.31463e-05
   0.361968  0.00497509 5.31463e-05    0.479191
IMAGINARY
           0   0.00375655   0.00992656   -0.0118797
 -0.00375655            0   -0.0112852  0.000308239
 -0.00992656    0.0112852            0  -0.00315451
   0.0118797 -0.000308239   0.00315451            0
Repeater1[0]<--->HoM1[0]
REAL
   0.479762 -0.00797236  0.00613607    0.352155
-0.00797236    0.021131  0.00308116 -0.00391121
 0.00613607  0.00308116   0.0202381  0.00189107
   0.352155 -0.00391121  0.00189107    0.478869
IMAGINARY
           0    0.0042494   0.00373348  -0.00581633
  -0.0042494            0  7.98962e-05 -0.000147113
 -0.00373348 -7.98962e-05            0  -0.00933009
  0.00581633  0.000147113   0.00933009            0
EndNode1[0]<--->Repeater1[0]
REAL
   0.476582  -0.0146964  0.00282082    0.356424
 -0.0146964    0.020073 -0.00153775  -0.0151087
 0.00282082 -0.00153775   0.0234185 -0.00168749
   0.356424  -0.0151087 -0.00168749    0.479927
IMAGINARY
           0    0.0105256  -0.00144525  0.000665833
  -0.0105256            0 -0.000813457   -0.0148394
  0.00144525  0.000813457            0    0.0024418
-0.000665833    0.0148394   -0.0024418            0
EndNode2[0]<--->HoM1[0]
REAL
   0.497729  0.00255128 -0.00170573    0.352836
 0.00255128   0.0166515  0.00131834  0.00344891
-0.00170573  0.00131834   0.0217984 0.000935062
   0.352836  0.00344891 0.000935062    0.463821
IMAGINARY
          0  0.00262534  -0.0069125 -0.00214121
-0.00262534           0 -0.00137785 -0.00706406
  0.0069125  0.00137785           0  0.00894665
 0.00214121  0.00706406 -0.00894665           0
Repeater1[0]<--->EndNode1[0]
REAL
   0.476582  0.00282082  -0.0146964    0.356424
 0.00282082   0.0234185 -0.00153775 -0.00168749
 -0.0146964 -0.00153775    0.020073  -0.0151087
   0.356424 -0.00168749  -0.0151087    0.479927
IMAGINARY
           0  -0.00144525    0.0105256  0.000665833
  0.00144525            0  0.000813457    0.0024418
  -0.0105256 -0.000813457            0   -0.0148394
-0.000665833   -0.0024418    0.0148394            0
Repeater1[0]<--->HoM1[0]
REAL
   0.497729 -0.00170573  0.00255128    0.352836
-0.00170573   0.0217984  0.00131834 0.000935062
 0.00255128  0.00131834   0.0166515  0.00344891
   0.352836 0.000935062  0.00344891    0.463821
IMAGINARY
          0  -0.0069125  0.00262534 -0.00214121
  0.0069125           0  0.00137785  0.00894665
-0.00262534 -0.00137785           0 -0.00706406
 0.00214121 -0.00894665  0.00706406           0
EndNode1[0]<--->Repeater1[0]
REAL
  0.481039 0.00214525 0.00335366   0.357523
0.00214525  0.0207118 0.00131811 0.00335366
0.00335366 0.00131811  0.0218786 0.00669622
  0.357523 0.00335366 0.00669622   0.476371
IMAGINARY
          0 -0.00659972    0.010705 -0.00269741
 0.00659972           0 -0.00780866  0.00421148
  -0.010705  0.00780866           0 -0.00354348
 0.00269741 -0.00421148  0.00354348           0
EndNode2[0]<--->HoM1[0]
REAL
     0.49023  -0.00488254   0.00113556     0.345193
 -0.00488254    0.0192529   0.00526616  0.000393496
  0.00113556   0.00526616    0.0181034 -1.04296e-05
    0.345193  0.000393496 -1.04296e-05     0.472414
IMAGINARY
           0  0.000434899   0.00723518  -0.00151457
-0.000434899            0   -0.0117066   0.00211778
 -0.00723518    0.0117066            0  -0.00365477
  0.00151457  -0.00211778   0.00365477            0
Repeater1[0]<--->EndNode1[0]
REAL
  0.481039 0.00335366 0.00214525   0.357523
0.00335366  0.0218786 0.00131811 0.00669622
0.00214525 0.00131811  0.0207118 0.00335366
  0.357523 0.00669622 0.00335366   0.476371
IMAGINARY
          0    0.010705 -0.00659972 -0.00269741
  -0.010705           0  0.00780866 -0.00354348
 0.00659972 -0.00780866           0  0.00421148
 0.00269741  0.00354348 -0.00421148           0
Repeater1[0]<--->HoM1[0]
REAL
     0.49023   0.00113556  -0.00488254     0.345193
  0.00113556    0.0181034   0.00526616 -1.04296e-05
 -0.00488254   0.00526616    0.0192529  0.000393496
    0.345193 -1.04296e-05  0.000393496     0.472414
IMAGINARY
           0   0.00723518  0.000434899  -0.00151457
 -0.00723518            0    0.0117066  -0.00365477
-0.000434899   -0.0117066            0   0.00211778
  0.00151457   0.00365477  -0.00211778            0
EndNode1[0]<--->Repeater1[0]
REAL
   0.474901  -0.0052183 -0.00325035    0.352898
 -0.0052183   0.0188622  0.00222524  0.00796177
-0.00325035  0.00222524    0.025251 -0.00184883
   0.352898  0.00796177 -0.00184883    0.480986
IMAGINARY
           0    0.0026444  -0.00274294  -0.00391563
  -0.0026444            0  -0.00224237  -0.00766097
  0.00274294   0.00224237            0  0.000415575
  0.00391563   0.00766097 -0.000415575            0
EndNode2[0]<--->HoM1[0]
REAL
   0.465414  0.00343882 5.58951e-05     0.35249
 0.00343882   0.0193798  0.00507986  0.00413321
5.58951e-05  0.00507986   0.0220632  0.00194717
    0.35249  0.00413321  0.00194717    0.493143
IMAGINARY
          0  0.00716926 -0.00263678 -0.00629359
-0.00716926           0  0.00215629  0.00356157
 0.00263678 -0.00215629           0  0.00022901
 0.00629359 -0.00356157 -0.00022901           0
Repeater1[0]<--->EndNode1[0]
REAL
   0.474901 -0.00325035  -0.0052183    0.352898
-0.00325035    0.025251  0.00222524 -0.00184883
 -0.0052183  0.00222524   0.0188622  0.00796177
   0.352898 -0.00184883  0.00796177    0.480986
IMAGINARY
           0  -0.00274294    0.0026444  -0.00391563
  0.00274294            0   0.00224237  0.000415575
  -0.0026444  -0.00224237            0  -0.00766097
  0.00391563 -0.000415575   0.00766097            0
Repeater1[0]<--->HoM1[0]
REAL
   0.465414 5.58951e-05  0.00343882     0.35249
5.58951e-05   0.0220632  0.00507986  0.00194717
 0.00343882  0.00507986   0.0193798  0.00413321
    0.35249  0.00194717  0.00413321    0.493143
IMAGINARY
          0 -0.00263678  0.00716926 -0.00629359
 0.00263678           0 -0.00215629  0.00022901
-0.00716926  0.00215629           0  0.00356157
 0.00629359 -0.00022901 -0.00356157           0
EndNode1[0]<--->Repeater1[0]
REAL
  0.482798 -0.0117921 -0.0082006   0.347365
-0.0117921   0.022839 0.00525993 0.00497678
-0.0082006 0.00525993  0.0231281 0.00795422
  0.347365 0.00497678 0.00795422   0.471234
IMAGINARY
           0 -7.85366e-05  -0.00205659   -0.0055765
 7.85366e-05            0 -0.000623124  -0.00631661
  0.00205659  0.000623124            0    0.0132364
   0.0055765   0.00631661   -0.0132364            0
EndNode2[0]<--->HoM1[0]
REAL
   0.482453 -0.00149385 -0.00743758     0.35263
-0.00149385   0.0222765  0.00759845 -0.00336026
-0.00743758  0.00759845   0.0183094  -0.0111036
    0.35263 -0.00336026  -0.0111036    0.476961
IMAGINARY
           0   0.00477526  -0.00277586   0.00423272
 -0.00477526            0  0.000717778   0.00339698
  0.00277586 -0.000717778            0  -0.00881253
 -0.00423272  -0.00339698   0.00881253            0
Repeater1[0]<--->EndNode1[0]
REAL
  0.482798 -0.0082006 -0.0117921   0.347365
-0.0082006  0.0231281 0.00525993 0.00795422
-0.0117921 0.00525993   0.022839 0.00497678
  0.347365 0.00795422 0.00497678   0.471234
IMAGINARY
           0  -0.00205659 -7.85366e-05   -0.0055765
  0.00205659            0  0.000623124    0.0132364
 7.85366e-05 -0.000623124            0  -0.00631661
   0.0055765   -0.0132364   0.00631661            0
Repeater1[0]<--->HoM1[0]
REAL
   0.482453 -0.00743758 -0.00149385     0.35263
-0.00743758   0.0183094  0.00759845  -0.0111036
-0.00149385  0.00759845   0.0222765 -0.00336026
    0.35263  -0.0111036 -0.00336026    0.476961
IMAGINARY
           0  -0.00277586   0.00477526   0.00423272
  0.00277586            0 -0.000717778  -0.00881253
 -0.00477526  0.000717778            0   0.00339698
 -0.00423272   0.00881253  -0.00339698            0
EndNode1[0]<--->Repeater1[0]
REAL
   0.470554  0.00176502 -0.00275367    0.351421
 0.00176502   0.0249492  0.00952448  0.00215558
-0.00275367  0.00952448    0.018857  0.00630914
   0.351421  0.00215558  0.00630914     0.48564
IMAGINARY
          0  0.00383668 -0.00344618 -0.00425774
-0.00383668           0  0.00626701 -0.00144679
 0.00344618 -0.00626701           0  0.00625506
 0.00425774  0.00144679 -0.00625506           0
EndNode2[0]<--->HoM1[0]
REAL
   0.480048 0.000204204  -0.0097925    0.350048
0.000204204   0.0196493  0.00128331  0.00485681
 -0.0097925  0.00128331   0.0208585 -0.00364423
   0.350048  0.00485681 -0.00364423    0.479444
IMAGINARY
          0 -0.00124337  -0.0021477 -0.00463552
 0.00124337           0   0.0052329  0.00348739
  0.0021477  -0.0052329           0     -0.0126
 0.00463552 -0.00348739      0.0126           0
Repeater1[0]<--->EndNode1[0]
REAL
   0.470554 -0.00275367  0.00176502    0.351421
-0.00275367    0.018857  0.00952448  0.00630914
 0.00176502  0.00952448   0.0249492  0.00215558
   0.351421  0.00630914  0.00215558     0.48564
IMAGINARY
          0 -0.00344618  0.00383668 -0.00425774
 0.00344618           0 -0.00626701  0.00625506
-0.00383668  0.00626701           0 -0.00144679
 0.00425774 -0.00625506  0.00144679           0
Repeater1[0]<--->HoM1[0]
REAL
   0.480048  -0.0097925 0.000204204    0.350048
 -0.0097925   0.0208585  0.00128331 -0.00364423
0.000204204  0.00128331   0.0196493  0.00485681
   0.350048 -0.00364423  0.00485681    0.479444
IMAGINARY
          0  -0.0021477 -0.00124337 -0.00463552
  0.0021477           0  -0.0052329     -0.0126
 0.00124337   0.0052329           0  0.00348739
 0.00463552      0.0126 -0.00348739           0
EndNode1[0]<--->Repeater1[0]
REAL
   0.488626 0.000450449 -0.00638142     0.34803
0.000450449   0.0206248  0.00637366  0.00308603
-0.00638142  0.00637366   0.0178951 -0.00314667
    0.34803  0.00308603 -0.00314667    0.472854
IMAGINARY
           0   0.00480956   -0.0103488  -0.00363443
 -0.00480956            0   0.00244325  0.000909086
   0.0103488  -0.00244325            0   0.00950226
  0.00363443 -0.000909086  -0.00950226            0
EndNode2[0]<--->HoM1[0]
REAL
    0.483368  -0.00475177  -0.00294081     0.357662
 -0.00475177    0.0212766   0.00587832 -0.000215188
 -0.00294081   0.00587832    0.0221756  -0.00020765
    0.357662 -0.000215188  -0.00020765      0.47318
IMAGINARY
          0  0.00644616 -0.00285864  0.00732916
-0.00644616           0  -0.0151136 -0.00888274
 0.00285864   0.0151136           0  0.00163557
-0.00732916  0.00888274 -0.00163557           0
Repeater1[0]<--->EndNode1[0]
REAL
   0.488626 -0.00638142 0.000450449     0.34803
-0.00638142   0.0178951  0.00637366 -0.00314667
0.000450449  0.00637366   0.0206248  0.00308603
    0.34803 -0.00314667  0.00308603    0.472854
IMAGINARY
           0   -0.0103488   0.00480956  -0.00363443
   0.0103488            0  -0.00244325   0.00950226
 -0.00480956   0.00244325            0  0.000909086
  0.00363443  -0.00950226 -0.000909086            0
Repeater1[0]<--->HoM1[0]
REAL
    0.483368  -0.00294081  -0.00475177     0.357662
 -0.00294081    0.0221756   0.00587832  -0.00020765
 -0.00475177   0.00587832    0.0212766 -0.000215188
    0.357662  -0.00020765 -0.000215188      0.47318
IMAGINARY
          0 -0.00285864  0.00644616  0.00732916
 0.00285864           0   0.0151136  0.00163557
-0.00644616  -0.0151136           0 -0.00888274
-0.00732916 -0.00163557  0.00888274           0
EndNode1[0]<--->Repeater1[0]
REAL
   0.476005 -0.00743186 -0.00801018     0.35626
-0.00743186   0.0215957  0.00122265  0.00310093
-0.00801018  0.00122265   0.0191962 -0.00313047
    0.35626  0.00310093 -0.00313047    0.483203
IMAGINARY
           0  -0.00224563  -0.00688596   -0.0131296
  0.00224563            0 -0.000550055    0.0133521
  0.00688596  0.000550055            0  -0.00722805
   0.0131296   -0.0133521   0.00722805            0
EndNode2[0]<--->HoM1[0]
REAL
   0.478509 -0.00759661  0.00183419    0.355966
-0.00759661   0.0234445  0.00914611   -0.014526
 0.00183419  0.00914611     0.02104 -0.00893232
   0.355966   -0.014526 -0.00893232    0.477006
IMAGINARY
           0   0.00545424  -0.00838299   0.00239694
 -0.00545424            0   0.00194308  0.000171583
  0.00838299  -0.00194308            0   0.00425015
 -0.00239694 -0.000171583  -0.00425015            0
Repeater1[0]<--->EndNode1[0]
REAL
   0.476005 -0.00801018 -0.00743186     0.35626
-0.00801018   0.0191962  0.00122265 -0.00313047
-0.00743186  0.00122265   0.0215957  0.00310093
    0.35626 -0.00313047  0.00310093    0.483203
IMAGINARY
           0  -0.00688596  -0.00224563   -0.0131296
  0.00688596            0  0.000550055  -0.00722805
  0.00224563 -0.000550055            0    0.0133521
   0.0131296   0.00722805   -0.0133521            0
Repeater1[0]<--->HoM1[0]
REAL
   0.478509  0.00183419 -0.00759661    0.355966
 0.00183419     0.02104  0.00914611 -0.00893232
-0.00759661  0.00914611   0.0234445   -0.014526
   0.355966 -0.00893232   -0.014526    0.477006
IMAGINARY
           0  -0.00838299   0.00545424   0.00239694
  0.00838299            0  -0.00194308   0.00425015
 -0.00545424   0.00194308            0  0.000171583
 -0.00239694  -0.00425015 -0.000171583            0
EndNode1[0]<--->Repeater1[0]
REAL
  0.471174  0.0117218 0.00609764   0.352938
 0.0117218  0.0153939 0.00706856  0.0095416
0.00609764 0.00706856  0.0244491 0.00361373
  0.352938  0.0095416 0.00361373   0.488983
IMAGINARY
           0  0.000767125   0.00556568  -0.00664113
-0.000767125            0  -0.00114989   0.00127193
 -0.00556568   0.00114989            0  -0.00447083
  0.00664113  -0.00127193   0.00447083            0
EndNode2[0]<--->HoM1[0]
REAL
   0.476776 -0.00531342 -0.00944623    0.358925
-0.00531342   0.0224753   -0.001782 -0.00102175
-0.00944623   -0.001782   0.0212766 -0.00577032
   0.358925 -0.00102175 -0.00577032    0.479473
IMAGINARY
           0   0.00809966  0.000209179  -0.00275421
 -0.00809966            0   0.00110107  -0.00867369
-0.000209179  -0.00110107            0 -0.000526155
  0.00275421   0.00867369  0.000526155            0
Repeater1[0]<--->EndNode1[0]
REAL
  0.471174 0.00609764  0.0117218   0.352938
0.00609764  0.0244491 0.00706856 0.00361373
 0.0117218 0.00706856  0.0153939  0.0095416
  0.352938 0.00361373  0.0095416   0.488983
IMAGINARY
           0   0.00556568  0.000767125  -0.00664113
 -0.00556568            0   0.00114989  -0.00447083
-0.000767125  -0.00114989            0   0.00127193
  0.00664113   0.00447083  -0.00127193            0
Repeater1[0]<--->HoM1[0]
REAL
   0.476776 -0.00944623 -0.00531342    0.358925
-0.00944623   0.0212766   -0.001782 -0.00577032
-0.00531342   -0.001782   0.0224753 -0.00102175
   0.358925 -0.00577032 -0.00102175    0.479473
IMAGINARY
           0  0.000209179   0.00809966  -0.00275421
-0.000209179            0  -0.00110107 -0.000526155
 -0.00809966   0.00110107            0  -0.00867369
  0.00275421  0.000526155   0.00867369            0
EndNode1[0]<--->Repeater1[0]
REAL
   0.476233 -0.00320119  0.00402458    0.352498
-0.00320119   0.0200768   0.0021133  -0.0032736
 0.00402458   0.0021133   0.0188958  0.00154904
   0.352498  -0.0032736  0.00154904    0.484795
IMAGINARY
          0  0.00243323 -0.00202087  0.00359497
-0.00243323           0  0.00359497  0.00231655
 0.00202087 -0.00359497           0  0.00377611
-0.00359497 -0.00231655 -0.00377611           0
EndNode2[0]<--->HoM1[0]
REAL
   0.474184  0.00369511 -0.00245753    0.356009
 0.00369511   0.0195846 -0.00138769  0.00739322
-0.00245753 -0.00138769   0.0225519   0.0173937
   0.356009  0.00739322   0.0173937     0.48368
IMAGINARY
          0 -0.00499216  0.00325692  0.00359896
 0.00499216           0  0.00056129  0.00282075
-0.00325692 -0.00056129           0 -0.00375377
-0.00359896 -0.00282075  0.00375377           0
Repeater1[0]<--->EndNode1[0]
REAL
   0.476233  0.00402458 -0.00320119    0.352498
 0.00402458   0.0188958   0.0021133  0.00154904
-0.00320119   0.0021133   0.0200768  -0.0032736
   0.352498  0.00154904  -0.0032736    0.484795
IMAGINARY
          0 -0.00202087  0.00243323  0.00359497
 0.00202087           0 -0.00359497  0.00377611
-0.00243323  0.00359497           0  0.00231655
-0.00359497 -0.00377611 -0.00231655           0
Repeater1[0]<--->HoM1[0]
REAL
   0.474184 -0.00245753  0.00369511    0.356009
-0.00245753   0.0225519 -0.00138769   0.0173937
 0.00369511 -0.00138769   0.0195846  0.00739322
   0.356009   0.0173937  0.00739322     0.48368
IMAGINARY
          0  0.00325692 -0.00499216  0.00359896
-0.00325692           0 -0.00056129 -0.00375377
