EndNode1[0]<--->Repeater1[0]
REAL
   0.465102 -0.00629687 -0.00115941    0.442429
-0.00629687    0.027621 -0.00343023   -0.010525
-0.00115941 -0.00343023    0.030591 -0.00265609
   0.442429   -0.010525 -0.00265609    0.476685
IMAGINARY
          0  -0.0046889 -0.00552111    0.013145
  0.0046889           0  0.00405405  0.00537478
 0.00552111 -0.00405405           0  0.00981035
  -0.013145 -0.00537478 -0.00981035           0
EndNode2[0]<--->HoM1[0]
REAL
   0.490572  0.00307671 -0.00271628    0.443133
 0.00307671   0.0264599 -0.00323604   0.0055855
-0.00271628 -0.00323604   0.0328467 -0.00292569
   0.443133   0.0055855 -0.00292569    0.450122
IMAGINARY
          0 -0.00628439  0.00957864 -0.00166921
 0.00628439           0  0.00106969 -0.00701762
-0.00957864 -0.00106969           0 -0.00169995
 0.00166921  0.00701762  0.00169995           0
Repeater1[0]<--->EndNode1[0]
REAL
   0.465102 -0.00115941 -0.00629687    0.442429
-0.00115941    0.030591 -0.00343023 -0.00265609
-0.00629687 -0.00343023    0.027621   -0.010525
   0.442429 -0.00265609   -0.010525    0.476685
IMAGINARY
          0 -0.00552111  -0.0046889    0.013145
 0.00552111           0 -0.00405405  0.00981035
  0.0046889  0.00405405           0  0.00537478
  -0.013145 -0.00981035 -0.00537478           0
Repeater1[0]<--->HoM1[0]
REAL
   0.490572 -0.00271628  0.00307671    0.443133
-0.00271628   0.0328467 -0.00323604 -0.00292569
 0.00307671 -0.00323604   0.0264599   0.0055855
   0.443133 -0.00292569   0.0055855    0.450122
IMAGINARY
          0  0.00957864 -0.00628439 -0.00166921
-0.00957864           0 -0.00106969 -0.00169995
 0.00628439  0.00106969           0 -0.00701762
 0.00166921  0.00169995  0.00701762           0
EndNode1[0]<--->Repeater1[0]
REAL
    0.467055  -0.00315267   0.00268005     0.443929
 -0.00315267    0.0297376  -0.00317499   -0.0059715
  0.00268005  -0.00317499    0.0297376 -0.000737214
    0.443929   -0.0059715 -0.000737214     0.473469
IMAGINARY
           0  -0.00240888  -0.00417009 -0.000474899
  0.00240888            0   0.00310079   -0.0097188
  0.00417009  -0.00310079            0    0.0171843
 0.000474899    0.0097188   -0.0171843            0
EndNode2[0]<--->HoM1[0]
REAL
    0.503216   0.00416677   -0.0040821     0.439018
  0.00416677    0.0289474 -0.000889465   0.00271057
  -0.0040821 -0.000889465    0.0254386  -0.00828137
    0.439018   0.00271057  -0.00828137     0.442398
IMAGINARY
           0  -0.00393969   0.00405369   0.00450197
  0.00393969            0   0.00344424   0.00226372
 -0.00405369  -0.00344424            0 -0.000220558
 -0.00450197  -0.00226372  0.000220558            0
Repeater1[0]<--->EndNode1[0]
REAL
    0.467055   0.00268005  -0.00315267     0.443929
  0.00268005    0.0297376  -0.00317499 -0.000737214
 -0.00315267  -0.00317499    0.0297376   -0.0059715
    0.443929 -0.000737214   -0.0059715     0.473469
IMAGINARY
           0  -0.00417009  -0.00240888 -0.000474899
  0.00417009            0  -0.00310079    0.0171843
  0.00240888   0.00310079            0   -0.0097188
 0.000474899   -0.0171843    0.0097188            0
Repeater1[0]<--->HoM1[0]
REAL
    0.503216   -0.0040821   0.00416677     0.439018
  -0.0040821    0.0254386 -0.000889465  -0.00828137
  0.00416677 -0.000889465    0.0289474   0.00271057
    0.439018  -0.00828137   0.00271057     0.442398
IMAGINARY
           0   0.00405369  -0.00393969   0.00450197
 -0.00405369            0  -0.00344424 -0.000220558
  0.00393969   0.00344424            0   0.00226372
 -0.00450197  0.000220558  -0.00226372            0
EndNode1[0]<--->Repeater1[0]
REAL
    0.477568    0.0156789  -0.00179553     0.442747
   0.0156789    0.0298111 -0.000752717   0.00451456
 -0.00179553 -0.000752717     0.025974  -0.00570909
    0.442747   0.00451456  -0.00570909     0.466647
IMAGINARY
          0  -0.0123258  0.00285276  -0.0076291
  0.0123258           0 -0.00223342 -0.00103016
-0.00285276  0.00223342           0  0.00807309
  0.0076291  0.00103016 -0.00807309           0
EndNode2[0]<--->HoM1[0]
REAL
   0.482314  0.00130291  -0.0022719    0.445286
 0.00130291   0.0251799 -0.00105431   0.0027145
 -0.0022719 -0.00105431   0.0290767 -0.00764697
   0.445286   0.0027145 -0.00764697    0.463429
IMAGINARY
          0  0.00604913 -0.00804214 -0.00432723
-0.00604913           0  0.00342471 -0.00312411
 0.00804214 -0.00342471           0  0.00232556
 0.00432723  0.00312411 -0.00232556           0
Repeater1[0]<--->EndNode1[0]
REAL
    0.477568  -0.00179553    0.0156789     0.442747
 -0.00179553     0.025974 -0.000752717  -0.00570909
   0.0156789 -0.000752717    0.0298111   0.00451456
    0.442747  -0.00570909   0.00451456     0.466647
IMAGINARY
          0  0.00285276  -0.0123258  -0.0076291
-0.00285276           0  0.00223342  0.00807309
  0.0123258 -0.00223342           0 -0.00103016
  0.0076291 -0.00807309  0.00103016           0
Repeater1[0]<--->HoM1[0]
REAL
   0.482314  -0.0022719  0.00130291    0.445286
 -0.0022719   0.0290767 -0.00105431 -0.00764697
 0.00130291 -0.00105431   0.0251799   0.0027145
   0.445286 -0.00764697   0.0027145    0.463429
IMAGINARY
          0 -0.00804214  0.00604913 -0.00432723
 0.00804214           0 -0.00342471  0.00232556
-0.00604913  0.00342471           0 -0.00312411
 0.00432723 -0.00232556  0.00312411           0
EndNode1[0]<--->Repeater1[0]
REAL
    0.47245 -0.00126247 -0.00155739    0.441907
-0.00126247   0.0272567 9.19586e-05 -0.00171447
-0.00155739 9.19586e-05   0.0269637  0.00245224
   0.441907 -0.00171447  0.00245224    0.473329
IMAGINARY
           0  -0.00617186    0.0109628   0.00506979
  0.00617186            0  0.000441541   -0.0017677
  -0.0109628 -0.000441541            0  -0.00151581
 -0.00506979    0.0017677   0.00151581            0
EndNode2[0]<--->HoM1[0]
REAL
  0.461818 0.00263809  0.0046564   0.439622
0.00263809  0.0309091 0.00638908 0.00194228
 0.0046564 0.00638908  0.0281818 0.00695999
  0.439622 0.00194228 0.00695999   0.479091
IMAGINARY
          0  0.00519426  0.00237612  0.00348716
-0.00519426           0 -0.00200083  -0.0129501
-0.00237612  0.00200083           0  0.00266073
-0.00348716   0.0129501 -0.00266073           0
Repeater1[0]<--->EndNode1[0]
REAL
    0.47245 -0.00155739 -0.00126247    0.441907
-0.00155739   0.0269637 9.19586e-05  0.00245224
-0.00126247 9.19586e-05   0.0272567 -0.00171447
   0.441907  0.00245224 -0.00171447    0.473329
IMAGINARY
           0    0.0109628  -0.00617186   0.00506979
  -0.0109628            0 -0.000441541  -0.00151581
  0.00617186  0.000441541            0   -0.0017677
 -0.00506979   0.00151581    0.0017677            0
Repeater1[0]<--->HoM1[0]
REAL
  0.461818  0.0046564 0.00263809   0.439622
 0.0046564  0.0281818 0.00638908 0.00695999
0.00263809 0.00638908  0.0309091 0.00194228
  0.439622 0.00695999 0.00194228   0.479091
IMAGINARY
          0  0.00237612  0.00519426  0.00348716
-0.00237612           0  0.00200083  0.00266073
-0.00519426 -0.00200083           0  -0.0129501
-0.00348716 -0.00266073   0.0129501           0
EndNode1[0]<--->Repeater1[0]
REAL
   0.460207 -0.00418632  0.00744087     0.44664
-0.00418632    0.036452  0.00197807  -0.0038351
 0.00744087  0.00197807   0.0270352  0.00268391
    0.44664  -0.0038351  0.00268391    0.476306
IMAGINARY
           0  0.000941845  -0.00790157  -0.00901499
-0.000941845            0  -0.00257093  -0.00608339
  0.00790157   0.00257093            0   0.00642658
  0.00901499   0.00608339  -0.00642658            0
EndNode2[0]<--->HoM1[0]
REAL
   0.466078 -0.00306772 -0.00801492     0.44186
-0.00306772   0.0331609  0.00272162  0.00709127
-0.00801492  0.00272162   0.0304229 -0.00216627
    0.44186  0.00709127 -0.00216627    0.470338
IMAGINARY
           0   0.00202503    0.0121126  -0.00572541
 -0.00202503            0  0.000269793  -0.00687088
  -0.0121126 -0.000269793            0  -0.00406347
  0.00572541   0.00687088   0.00406347            0
Repeater1[0]<--->EndNode1[0]
REAL
   0.460207  0.00744087 -0.00418632     0.44664
 0.00744087   0.0270352  0.00197807  0.00268391
-0.00418632  0.00197807    0.036452  -0.0038351
    0.44664  0.00268391  -0.0038351    0.476306
IMAGINARY
           0  -0.00790157  0.000941845  -0.00901499
  0.00790157            0   0.00257093   0.00642658
-0.000941845  -0.00257093            0  -0.00608339
  0.00901499  -0.00642658   0.00608339            0
Repeater1[0]<--->HoM1[0]
REAL
   0.466078 -0.00801492 -0.00306772     0.44186
-0.00801492   0.0304229  0.00272162 -0.00216627
-0.00306772  0.00272162   0.0331609  0.00709127
    0.44186 -0.00216627  0.00709127    0.470338
IMAGINARY
           0    0.0121126   0.00202503  -0.00572541
  -0.0121126            0 -0.000269793  -0.00406347
 -0.00202503  0.000269793            0  -0.00687088
  0.00572541   0.00406347   0.00687088            0
EndNode1[0]<--->Repeater1[0]
REAL
   0.476032  0.00167047 0.000552373    0.437778
 0.00167047   0.0324636  0.00213881   0.0107504
0.000552373  0.00213881   0.0303398  0.00368348
   0.437778   0.0107504  0.00368348    0.461165
IMAGINARY
           0     -0.00201  -0.00135258    -0.007409
     0.00201            0  -0.00293783  -0.00120381
  0.00135258   0.00293783            0  0.000957364
    0.007409   0.00120381 -0.000957364            0
EndNode2[0]<--->HoM1[0]
REAL
   0.478882 -0.00471451  0.00119946    0.440231
-0.00471451   0.0270435  0.00168519  0.00149515
 0.00119946  0.00168519   0.0309936  0.00681032
   0.440231  0.00149515  0.00681032    0.463081
IMAGINARY
           0  -0.00255312   0.00394053   0.00231931
  0.00255312            0   0.00452584  0.000775018
 -0.00394053  -0.00452584            0   0.00574752
 -0.00231931 -0.000775018  -0.00574752            0
Repeater1[0]<--->EndNode1[0]
REAL
   0.476032 0.000552373  0.00167047    0.437778
0.000552373   0.0303398  0.00213881  0.00368348
 0.00167047  0.00213881   0.0324636   0.0107504
   0.437778  0.00368348   0.0107504    0.461165
IMAGINARY
           0  -0.00135258     -0.00201    -0.007409
  0.00135258            0   0.00293783  0.000957364
     0.00201  -0.00293783            0  -0.00120381
    0.007409 -0.000957364   0.00120381            0
Repeater1[0]<--->HoM1[0]
REAL
   0.478882  0.00119946 -0.00471451    0.440231
 0.00119946   0.0309936  0.00168519  0.00681032
-0.00471451  0.00168519   0.0270435  0.00149515
   0.440231  0.00681032  0.00149515    0.463081
IMAGINARY
           0   0.00394053  -0.00255312   0.00231931
 -0.00394053            0  -0.00452584   0.00574752
  0.00255312   0.00452584            0  0.000775018
 -0.00231931  -0.00574752 -0.000775018            0
EndNode1[0]<--->Repeater1[0]
REAL
   0.475679  -0.0116401 -0.00400275    0.435643
 -0.0116401   0.0295434  0.00178044  -0.0107212
-0.00400275  0.00178044   0.0316323  0.00121068
   0.435643  -0.0107212  0.00121068    0.463145
IMAGINARY
          0   0.0075546 -0.00738458  0.00968345
 -0.0075546           0  0.00257731   0.0062088
 0.00738458 -0.00257731           0 -0.00549699
-0.00968345  -0.0062088  0.00549699           0
EndNode2[0]<--->HoM1[0]
REAL
   0.467775 -0.00257248 -0.00606244    0.444257
-0.00257248    0.027027  0.00360641 0.000151561
-0.00606244  0.00360641    0.030888 -0.00212592
   0.444257 0.000151561 -0.00212592    0.474309
IMAGINARY
          0 -0.00946691 -0.00667513   0.0011413
 0.00946691           0 -0.00583685  0.00264888
 0.00667513  0.00583685           0  0.00723011
 -0.0011413 -0.00264888 -0.00723011           0
Repeater1[0]<--->EndNode1[0]
REAL
   0.475679 -0.00400275  -0.0116401    0.435643
-0.00400275   0.0316323  0.00178044  0.00121068
 -0.0116401  0.00178044   0.0295434  -0.0107212
   0.435643  0.00121068  -0.0107212    0.463145
IMAGINARY
          0 -0.00738458   0.0075546  0.00968345
 0.00738458           0 -0.00257731 -0.00549699
 -0.0075546  0.00257731           0   0.0062088
-0.00968345  0.00549699  -0.0062088           0
Repeater1[0]<--->HoM1[0]
REAL
   0.467775 -0.00606244 -0.00257248    0.444257
-0.00606244    0.030888  0.00360641 -0.00212592
-0.00257248  0.00360641    0.027027 0.000151561
   0.444257 -0.00212592 0.000151561    0.474309
IMAGINARY
          0 -0.00667513 -0.00946691   0.0011413
 0.00667513           0  0.00583685  0.00723011
 0.00946691 -0.00583685           0  0.00264888
 -0.0011413 -0.00723011 -0.00264888           0
EndNode1[0]<--->Repeater1[0]
REAL
  0.469247 0.00946676  0.0129219   0.438146
0.00946676  0.0234023 0.00145703  0.0126189
 0.0129219 0.00145703  0.0267027   0.010365
  0.438146  0.0126189   0.010365   0.480648
IMAGINARY
           0   0.00111291 -0.000101772  -0.00311023
 -0.00111291            0  -0.00040265  -0.00669255
 0.000101772   0.00040265            0   0.00599024
  0.00311023   0.00669255  -0.00599024            0
EndNode2[0]<--->HoM1[0]
REAL
   0.452892  0.00621109 -0.00356957    0.437684
 0.00621109   0.0316041  -0.0023824  0.00327142
-0.00356957  -0.0023824   0.0277281 -0.00978891
   0.437684  0.00327142 -0.00978891    0.487776
IMAGINARY
           0  0.000990577 -0.000754573   0.00742696
-0.000990577            0   0.00667868  -0.00239197
 0.000754573  -0.00667868            0   0.00335464
 -0.00742696   0.00239197  -0.00335464            0
Repeater1[0]<--->EndNode1[0]
REAL
  0.469247  0.0129219 0.00946676   0.438146
 0.0129219  0.0267027 0.00145703   0.010365
0.00946676 0.00145703  0.0234023  0.0126189
  0.438146   0.010365  0.0126189   0.480648
IMAGINARY
           0 -0.000101772   0.00111291  -0.00311023
 0.000101772            0   0.00040265   0.00599024
 -0.00111291  -0.00040265            0  -0.00669255
  0.00311023  -0.00599024   0.00669255            0
Repeater1[0]<--->HoM1[0]
REAL
   0.452892 -0.00356957  0.00621109    0.437684
-0.00356957   0.0277281  -0.0023824 -0.00978891
 0.00621109  -0.0023824   0.0316041  0.00327142
   0.437684 -0.00978891  0.00327142    0.487776
IMAGINARY
           0 -0.000754573  0.000990577   0.00742696
 0.000754573            0  -0.00667868   0.00335464
-0.000990577   0.00667868            0  -0.00239197
 -0.00742696  -0.00335464   0.00239197            0
EndNode1[0]<--->Repeater1[0]
REAL
    0.475478  0.000462295  -0.00273497     0.440714
 0.000462295      0.02811   0.00120242    0.0108188
 -0.00273497   0.00120242    0.0352871 -0.000761696
    0.440714    0.0108188 -0.000761696     0.461124
IMAGINARY
          0 -0.00561284 -0.00541943  0.00220163
 0.00561284           0  0.00264979  0.00273767
 0.00541943 -0.00264979           0  0.00799663
-0.00220163 -0.00273767 -0.00799663           0
EndNode2[0]<--->HoM1[0]
REAL
   0.481732  0.00407979   0.0051821    0.439685
 0.00407979   0.0312316 0.000392439  0.00178913
  0.0051821 0.000392439   0.0285798 -0.00185493
   0.439685  0.00178913 -0.00185493    0.458456
IMAGINARY
           0   -0.0109398   0.00606829    0.0184257
   0.0109398            0   0.00339143  0.000338054
 -0.00606829  -0.00339143            0  -0.00553361
  -0.0184257 -0.000338054   0.00553361            0
Repeater1[0]<--->EndNode1[0]
REAL
    0.475478  -0.00273497  0.000462295     0.440714
 -0.00273497    0.0352871   0.00120242 -0.000761696
 0.000462295   0.00120242      0.02811    0.0108188
    0.440714 -0.000761696    0.0108188     0.461124
IMAGINARY
          0 -0.00541943 -0.00561284  0.00220163
 0.00541943           0 -0.00264979  0.00799663
 0.00561284  0.00264979           0  0.00273767
-0.00220163 -0.00799663 -0.00273767           0
Repeater1[0]<--->HoM1[0]
REAL
   0.481732   0.0051821  0.00407979    0.439685
  0.0051821   0.0285798 0.000392439 -0.00185493
 0.00407979 0.000392439   0.0312316  0.00178913
   0.439685 -0.00185493  0.00178913    0.458456
IMAGINARY
           0   0.00606829   -0.0109398    0.0184257
 -0.00606829            0  -0.00339143  -0.00553361
   0.0109398   0.00339143            0  0.000338054
  -0.0184257   0.00553361 -0.000338054            0
EndNode1[0]<--->Repeater1[0]
REAL
   0.466258 -0.00952954 -0.00492265    0.435717
-0.00952954   0.0294479 -0.00600961  -0.0041893
-0.00492265 -0.00600961   0.0343558  0.00649222
   0.435717  -0.0041893  0.00649222    0.469939
IMAGINARY
           0  -0.00615648  0.000462987  -0.00291059
  0.00615648            0   0.00200643  -0.00287845
-0.000462987  -0.00200643            0   0.00947774
  0.00291059   0.00287845  -0.00947774            0
EndNode2[0]<--->HoM1[0]
REAL
    0.472366    0.0164863   0.00901365     0.440961
   0.0164863     0.031145  0.000649103 -0.000314154
  0.00901365  0.000649103    0.0332824  -0.00483785
    0.440961 -0.000314154  -0.00483785     0.463206
IMAGINARY
          0  0.00960294  0.00342444    0.014313
-0.00960294           0 -0.00246757  -0.0061239
-0.00342444  0.00246757           0 -0.00600366
  -0.014313   0.0061239  0.00600366           0
Repeater1[0]<--->EndNode1[0]
REAL
   0.466258 -0.00492265 -0.00952954    0.435717
-0.00492265   0.0343558 -0.00600961  0.00649222
-0.00952954 -0.00600961   0.0294479  -0.0041893
   0.435717  0.00649222  -0.0041893    0.469939
IMAGINARY
           0  0.000462987  -0.00615648  -0.00291059
-0.000462987            0  -0.00200643   0.00947774
  0.00615648   0.00200643            0  -0.00287845
  0.00291059  -0.00947774   0.00287845            0
Repeater1[0]<--->HoM1[0]
REAL
    0.472366   0.00901365    0.0164863     0.440961
  0.00901365    0.0332824  0.000649103  -0.00483785
   0.0164863  0.000649103     0.031145 -0.000314154
    0.440961  -0.00483785 -0.000314154     0.463206
IMAGINARY
          0  0.00342444  0.00960294    0.014313
-0.00342444           0  0.00246757 -0.00600366
-0.00960294 -0.00246757           0  -0.0061239
  -0.014313  0.00600366   0.0061239           0
EndNode1[0]<--->Repeater1[0]
REAL
   0.457334  -0.0072319  0.00287535    0.444961
 -0.0072319   0.0276344  0.00362714 -0.00510418
 0.00287535  0.00362714   0.0273307  0.00648896
   0.444961 -0.00510418  0.00648896    0.487701
IMAGINARY
          0  0.00221944  0.00459982  0.00204275
-0.00221944           0  0.00387091 -0.00340864
-0.00459982 -0.00387091           0 -0.00489961
-0.00204275  0.00340864  0.00489961           0
EndNode2[0]<--->HoM1[0]
REAL
   0.478488 -0.00291203  0.00402863    0.441107
-0.00291203   0.0282729 0.000826261  0.00210726
 0.00402863 0.000826261   0.0307314  0.00545617
   0.441107  0.00210726  0.00545617    0.462508
IMAGINARY
           0  -0.00217467   0.00870156   0.00402876
  0.00217467            0  -0.00222696  0.000958859
 -0.00870156   0.00222696            0  -0.00748575
 -0.00402876 -0.000958859   0.00748575            0
Repeater1[0]<--->EndNode1[0]
REAL
   0.457334  0.00287535  -0.0072319    0.444961
 0.00287535   0.0273307  0.00362714  0.00648896
 -0.0072319  0.00362714   0.0276344 -0.00510418
   0.444961  0.00648896 -0.00510418    0.487701
IMAGINARY
          0  0.00459982  0.00221944  0.00204275
-0.00459982           0 -0.00387091 -0.00489961
-0.00221944  0.00387091           0 -0.00340864
-0.00204275  0.00489961  0.00340864           0
Repeater1[0]<--->HoM1[0]
REAL
   0.478488  0.00402863 -0.00291203    0.441107
 0.00402863   0.0307314 0.000826261  0.00545617
-0.00291203 0.000826261   0.0282729  0.00210726
   0.441107  0.00545617  0.00210726    0.462508
IMAGINARY
           0   0.00870156  -0.00217467   0.00402876
 -0.00870156            0   0.00222696  -0.00748575
  0.00217467  -0.00222696            0  0.000958859
 -0.00402876   0.00748575 -0.000958859            0
EndNode1[0]<--->Repeater1[0]
REAL
   0.471646   0.0118619  0.00735334    0.439501
  0.0118619   0.0332317 -0.00273895   0.0018751
 0.00735334 -0.00273895   0.0262195 -0.00233089
   0.439501   0.0018751 -0.00233089    0.468902
IMAGINARY
           0 -0.000508243  -0.00629299  -0.00697048
 0.000508243            0    0.0095659   0.00279241
  0.00629299   -0.0095659            0 -0.000658619
  0.00697048  -0.00279241  0.000658619            0
EndNode2[0]<--->HoM1[0]
REAL
    0.475266  -0.00392984   0.00673978      0.43758
 -0.00392984    0.0336874   0.00487655 -0.000776754
  0.00673978   0.00487655    0.0306525     0.010191
     0.43758 -0.000776754     0.010191     0.460395
IMAGINARY
           0   0.00371717   -0.0119011 -7.50073e-05
 -0.00371717            0 -0.000826435    0.0127866
   0.0119011  0.000826435            0  -0.00755424
 7.50073e-05   -0.0127866   0.00755424            0
Repeater1[0]<--->EndNode1[0]
REAL
   0.471646  0.00735334   0.0118619    0.439501
 0.00735334   0.0262195 -0.00273895 -0.00233089
  0.0118619 -0.00273895   0.0332317   0.0018751
   0.439501 -0.00233089   0.0018751    0.468902
IMAGINARY
           0  -0.00629299 -0.000508243  -0.00697048
  0.00629299            0   -0.0095659 -0.000658619
 0.000508243    0.0095659            0   0.00279241
  0.00697048  0.000658619  -0.00279241            0
Repeater1[0]<--->HoM1[0]
REAL
    0.475266   0.00673978  -0.00392984      0.43758
  0.00673978    0.0306525   0.00487655     0.010191
 -0.00392984   0.00487655    0.0336874 -0.000776754
     0.43758     0.010191 -0.000776754     0.460395
IMAGINARY
           0   -0.0119011   0.00371717 -7.50073e-05
   0.0119011            0  0.000826435  -0.00755424
 -0.00371717 -0.000826435            0    0.0127866
 7.50073e-05   0.00755424   -0.0127866            0
EndNode1[0]<--->Repeater1[0]
REAL
   0.463983 -0.00498554  -0.0107663    0.442503
-0.00498554   0.0302663 -0.00422718  0.00301199
 -0.0107663 -0.00422718   0.0335956  0.00374485
   0.442503  0.00301199  0.00374485    0.472155
IMAGINARY
           0   0.00181094  -0.00680675   0.00958815
 -0.00181094            0  0.000936602  -0.00429121
  0.00680675 -0.000936602            0   0.00928702
 -0.00958815   0.00429121  -0.00928702            0
EndNode2[0]<--->HoM1[0]
REAL
   0.473556 -0.00361678 6.96767e-05    0.439861
-0.00361678   0.0276596  0.00397911  0.00174192
6.96767e-05  0.00397911    0.031307 -0.00664892
   0.439861  0.00174192 -0.00664892    0.467477
IMAGINARY
          0  0.00529412 -0.00317496  0.00435238
-0.00529412           0  0.00818493 -0.00211916
 0.00317496 -0.00818493           0  0.00529412
-0.00435238  0.00211916 -0.00529412           0
Repeater1[0]<--->EndNode1[0]
REAL
   0.463983  -0.0107663 -0.00498554    0.442503
 -0.0107663   0.0335956 -0.00422718  0.00374485
-0.00498554 -0.00422718   0.0302663  0.00301199
   0.442503  0.00374485  0.00301199    0.472155
IMAGINARY
           0  -0.00680675   0.00181094   0.00958815
  0.00680675            0 -0.000936602   0.00928702
 -0.00181094  0.000936602            0  -0.00429121
 -0.00958815  -0.00928702   0.00429121            0
Repeater1[0]<--->HoM1[0]
REAL
   0.473556 6.96767e-05 -0.00361678    0.439861
6.96767e-05    0.031307  0.00397911 -0.00664892
-0.00361678  0.00397911   0.0276596  0.00174192
   0.439861 -0.00664892  0.00174192    0.467477
IMAGINARY
          0 -0.00317496  0.00529412  0.00435238
 0.00317496           0 -0.00818493  0.00529412
-0.00529412  0.00818493           0 -0.00211916
-0.00435238 -0.00529412  0.00211916           0
EndNode1[0]<--->Repeater1[0]
REAL
   0.481216  0.00540837  0.00538347    0.443918
 0.00540837   0.0283244 -0.00295566  0.00839189
 0.00538347 -0.00295566   0.0339893  0.00140362
   0.443918  0.00839189  0.00140362     0.45647
IMAGINARY
          0  0.00106883   0.0025839 -0.00427897
-0.00106883           0  -0.0114948  0.00167204
 -0.0025839   0.0114948           0 -0.00796639
 0.00427897 -0.00167204  0.00796639           0
EndNode2[0]<--->HoM1[0]
REAL
   0.469166  0.00734614  0.00903578    0.442447
 0.00734614   0.0302297  0.00153647 -0.00666471
 0.00903578  0.00153647   0.0293229 -0.00290037
   0.442447 -0.00666471 -0.00290037    0.471282
IMAGINARY
           0  -0.00580076 -0.000226799  -0.00916759
  0.00580076            0   0.00204593   -0.0083653
 0.000226799  -0.00204593            0     0.011981
  0.00916759    0.0083653    -0.011981            0
Repeater1[0]<--->EndNode1[0]
REAL
   0.481216  0.00538347  0.00540837    0.443918
 0.00538347   0.0339893 -0.00295566  0.00140362
 0.00540837 -0.00295566   0.0283244  0.00839189
   0.443918  0.00140362  0.00839189     0.45647
IMAGINARY
          0   0.0025839  0.00106883 -0.00427897
 -0.0025839           0   0.0114948 -0.00796639
-0.00106883  -0.0114948           0  0.00167204
 0.00427897  0.00796639 -0.00167204           0
Repeater1[0]<--->HoM1[0]
REAL
   0.469166  0.00903578  0.00734614    0.442447
 0.00903578   0.0293229  0.00153647 -0.00290037
 0.00734614  0.00153647   0.0302297 -0.00666471
   0.442447 -0.00290037 -0.00666471    0.471282
IMAGINARY
           0 -0.000226799  -0.00580076  -0.00916759
 0.000226799            0  -0.00204593     0.011981
  0.00580076   0.00204593            0   -0.0083653
  0.00916759    -0.011981    0.0083653            0
EndNode1[0]<--->Repeater1[0]
REAL
   0.463808 -0.00598527 -0.00378617    0.439863
-0.00598527   0.0310219 -0.00380763   0.0015346
-0.00378617 -0.00380763   0.0295012  0.00283307
   0.439863   0.0015346  0.00283307    0.475669
IMAGINARY
          0 -0.00487122   0.0036582  0.00134015
 0.00487122           0  0.00732358   0.0102728
 -0.0036582 -0.00732358           0 -0.00663696
-0.00134015  -0.0102728  0.00663696           0
EndNode2[0]<--->HoM1[0]
REAL
    0.468712  -0.00309146  -0.00462751     0.437964
 -0.00309146     0.034296 -0.000350745  0.000709485
 -0.00462751 -0.000350745    0.0318893   0.00188592
    0.437964  0.000709485   0.00188592     0.465102
IMAGINARY
           0    0.0102971  -0.00994206  0.000170226
  -0.0102971            0   0.00225108  -0.00844774
  0.00994206  -0.00225108            0   0.00316943
-0.000170226   0.00844774  -0.00316943            0
Repeater1[0]<--->EndNode1[0]
REAL
   0.463808 -0.00378617 -0.00598527    0.439863
-0.00378617   0.0295012 -0.00380763  0.00283307
-0.00598527 -0.00380763   0.0310219   0.0015346
   0.439863  0.00283307   0.0015346    0.475669
IMAGINARY
          0   0.0036582 -0.00487122  0.00134015
 -0.0036582           0 -0.00732358 -0.00663696
 0.00487122  0.00732358           0   0.0102728
-0.00134015  0.00663696  -0.0102728           0
Repeater1[0]<--->HoM1[0]
REAL
    0.468712  -0.00462751  -0.00309146     0.437964
 -0.00462751    0.0318893 -0.000350745   0.00188592
 -0.00309146 -0.000350745     0.034296  0.000709485
    0.437964   0.00188592  0.000709485     0.465102
IMAGINARY
           0  -0.00994206    0.0102971  0.000170226
  0.00994206            0  -0.00225108   0.00316943
  -0.0102971   0.00225108            0  -0.00844774
-0.000170226  -0.00316943   0.00844774            0
EndNode1[0]<--->Repeater1[0]
REAL
  0.469924  0.0023631 0.00460328   0.439871
 0.0023631  0.0274809 0.00226008 0.00519464
0.00460328 0.00226008  0.0335878 0.00896574
  0.439871 0.00519464 0.00896574   0.469008
IMAGINARY
           0  -0.00242861 -0.000682522 -0.000714895
  0.00242861            0    0.0142443   0.00216094
 0.000682522   -0.0142443            0  -0.00348505
 0.000714895  -0.00216094   0.00348505            0
EndNode2[0]<--->HoM1[0]
REAL
   0.480269  0.00256726  0.00981485    0.442226
 0.00256726   0.0336159  0.00175719 -0.00596185
 0.00981485  0.00175719   0.0336159  0.00454595
   0.442226 -0.00596185  0.00454595    0.452499
IMAGINARY
          0 -0.00314885 -0.00503235 -0.00129897
 0.00314885           0  0.00404454  0.00322839
 0.00503235 -0.00404454           0  0.00856075
 0.00129897 -0.00322839 -0.00856075           0
Repeater1[0]<--->EndNode1[0]
REAL
  0.469924 0.00460328  0.0023631   0.439871
0.00460328  0.0335878 0.00226008 0.00896574
 0.0023631 0.00226008  0.0274809 0.00519464
  0.439871 0.00896574 0.00519464   0.469008
IMAGINARY
           0 -0.000682522  -0.00242861 -0.000714895
 0.000682522            0   -0.0142443  -0.00348505
  0.00242861    0.0142443            0   0.00216094
 0.000714895   0.00348505  -0.00216094            0
Repeater1[0]<--->HoM1[0]
REAL
   0.480269  0.00981485  0.00256726    0.442226
 0.00981485   0.0336159  0.00175719  0.00454595
 0.00256726  0.00175719   0.0336159 -0.00596185
   0.442226  0.00454595 -0.00596185    0.452499
IMAGINARY
          0 -0.00503235 -0.00314885 -0.00129897
 0.00503235           0 -0.00404454  0.00856075
 0.00314885  0.00404454           0  0.00322839
 0.00129897 -0.00856075 -0.00322839           0
EndNode1[0]<--->Repeater1[0]
REAL
   0.455015 -0.00354121 -0.00185226    0.440186
-0.00354121   0.0294833 -0.00113132 -0.00934177
-0.00185226 -0.00113132    0.031307 -0.00951849
   0.440186 -0.00934177 -0.00951849    0.484195
IMAGINARY
           0  -0.00149754  -0.00291454   0.00251038
  0.00149754            0   0.00386377   0.00261514
  0.00291454  -0.00386377            0 -0.000598264
 -0.00251038  -0.00261514  0.000598264            0
EndNode2[0]<--->HoM1[0]
REAL
   0.467456 -0.00354942 -0.00414786    0.441844
-0.00354942    0.033432  0.00253439  0.00178099
-0.00414786  0.00253439   0.0328402 -0.00295945
   0.441844  0.00178099 -0.00295945    0.466272
IMAGINARY
          0  -0.0117761  0.00914443  0.00240616
  0.0117761           0 -0.00447594   -0.007296
-0.00914443  0.00447594           0   0.0065389
-0.00240616    0.007296  -0.0065389           0
Repeater1[0]<--->EndNode1[0]
REAL
   0.455015 -0.00185226 -0.00354121    0.440186
-0.00185226    0.031307 -0.00113132 -0.00951849
-0.00354121 -0.00113132   0.0294833 -0.00934177
   0.440186 -0.00951849 -0.00934177    0.484195
IMAGINARY
           0  -0.00291454  -0.00149754   0.00251038
  0.00291454            0  -0.00386377 -0.000598264
  0.00149754   0.00386377            0   0.00261514
 -0.00251038  0.000598264  -0.00261514            0
Repeater1[0]<--->HoM1[0]
REAL
   0.467456 -0.00414786 -0.00354942    0.441844
-0.00414786   0.0328402  0.00253439 -0.00295945
-0.00354942  0.00253439    0.033432  0.00178099
   0.441844 -0.00295945  0.00178099    0.466272
IMAGINARY
          0  0.00914443  -0.0117761  0.00240616
-0.00914443           0  0.00447594   0.0065389
  0.0117761 -0.00447594           0   -0.007296
-0.00240616  -0.0065389    0.007296           0
EndNode1[0]<--->Repeater1[0]
REAL
   0.482209 -0.00502114  -0.0120952    0.433511
-0.00502114   0.0260736  0.00082167  0.00414919
 -0.0120952  0.00082167   0.0282209 -0.00202534
   0.433511  0.00414919 -0.00202534    0.463497
IMAGINARY
           0  -0.00145937   -0.0100422   0.00927592
  0.00145937            0  -0.00273609  0.000530913
   0.0100422   0.00273609            0   0.00453224
 -0.00927592 -0.000530913  -0.00453224            0
EndNode2[0]<--->HoM1[0]
REAL
   0.470764 -0.00253656  0.00805541    0.442988
-0.00253656   0.0250597  0.00120799 -0.00671252
 0.00805541  0.00120799   0.0304296  0.00477469
   0.442988 -0.00671252  0.00477469    0.473747
IMAGINARY
          0  0.00240869   -0.010455  0.00555064
-0.00240869           0 -0.00185788  0.00457268
   0.010455  0.00185788           0  0.00679191
-0.00555064 -0.00457268 -0.00679191           0
Repeater1[0]<--->EndNode1[0]
REAL
   0.482209  -0.0120952 -0.00502114    0.433511
 -0.0120952   0.0282209  0.00082167 -0.00202534
-0.00502114  0.00082167   0.0260736  0.00414919
   0.433511 -0.00202534  0.00414919    0.463497
IMAGINARY
           0   -0.0100422  -0.00145937   0.00927592
   0.0100422            0   0.00273609   0.00453224
  0.00145937  -0.00273609            0  0.000530913
 -0.00927592  -0.00453224 -0.000530913            0
Repeater1[0]<--->HoM1[0]
REAL
   0.470764  0.00805541 -0.00253656    0.442988
 0.00805541   0.0304296  0.00120799  0.00477469
-0.00253656  0.00120799   0.0250597 -0.00671252
   0.442988  0.00477469 -0.00671252    0.473747
IMAGINARY
          0   -0.010455  0.00240869  0.00555064
   0.010455           0  0.00185788  0.00679191
-0.00240869 -0.00185788           0  0.00457268
-0.00555064 -0.00679191 -0.00457268           0
EndNode1[0]<--->Repeater1[0]
REAL
    0.478814   0.00118142  -0.00796358     0.441899
  0.00118142    0.0329903   0.00421824 -0.000465079
 -0.00796358   0.00421824    0.0317797  -0.00509473
    0.441899 -0.000465079  -0.00509473     0.456416
IMAGINARY
          0  0.00851741 -0.00304417 -0.00279786
-0.00851741           0   -0.011822  -0.0142669
 0.00304417    0.011822           0  0.00821657
 0.00279786   0.0142669 -0.00821657           0
EndNode2[0]<--->HoM1[0]
REAL
   0.472046   0.0142701   0.0004073    0.439999
  0.0142701   0.0302206 -0.00472303  0.00848841
  0.0004073 -0.00472303   0.0290118 -0.00384062
   0.439999  0.00848841 -0.00384062    0.468722
IMAGINARY
          0 -0.00532964 -0.00844705   0.0105411
 0.00532964           0  0.00479057  0.00918213
 0.00844705 -0.00479057           0  0.00694681
 -0.0105411 -0.00918213 -0.00694681           0
Repeater1[0]<--->EndNode1[0]
REAL
    0.478814  -0.00796358   0.00118142     0.441899
 -0.00796358    0.0317797   0.00421824  -0.00509473
  0.00118142   0.00421824    0.0329903 -0.000465079
    0.441899  -0.00509473 -0.000465079     0.456416
IMAGINARY
          0 -0.00304417  0.00851741 -0.00279786
 0.00304417           0    0.011822  0.00821657
-0.00851741   -0.011822           0  -0.0142669
 0.00279786 -0.00821657   0.0142669           0
Repeater1[0]<--->HoM1[0]
REAL
   0.472046   0.0004073   0.0142701    0.439999
  0.0004073   0.0290118 -0.00472303 -0.00384062
  0.0142701 -0.00472303   0.0302206  0.00848841
   0.439999 -0.00384062  0.00848841    0.468722
IMAGINARY
          0 -0.00844705 -0.00532964   0.0105411
 0.00844705           0 -0.00479057  0.00694681
 0.00532964  0.00479057           0  0.00918213
 -0.0105411 -0.00694681 -0.00918213           0
EndNode1[0]<--->Repeater1[0]
REAL
   0.461608  0.00579369  0.00200055     0.44222
 0.00579369   0.0328214  0.00113077  0.00420969
 0.00200055  0.00113077   0.0280036 0.000113614
    0.44222  0.00420969 0.000113614    0.477567
IMAGINARY
           0   0.00335024 -4.31476e-05 -0.000890832
 -0.00335024            0   0.00299673  -0.00694882
 4.31476e-05  -0.00299673            0   0.00304666
 0.000890832   0.00694882  -0.00304666            0
EndNode2[0]<--->HoM1[0]
REAL
   0.464805 -0.00749244  0.00533868    0.440282
-0.00749244    0.028215 -0.00203174  -0.0113381
 0.00533868 -0.00203174    0.031482  0.00237099
   0.440282  -0.0113381  0.00237099    0.475497
IMAGINARY
          0 -0.00670406 -0.00252751 -0.00278289
 0.00670406           0 -0.00081855  0.00505501
 0.00252751  0.00081855           0 -0.00117581
 0.00278289 -0.00505501  0.00117581           0
Repeater1[0]<--->EndNode1[0]
REAL
   0.461608  0.00200055  0.00579369     0.44222
 0.00200055   0.0280036  0.00113077 0.000113614
 0.00579369  0.00113077   0.0328214  0.00420969
    0.44222 0.000113614  0.00420969    0.477567
IMAGINARY
           0 -4.31476e-05   0.00335024 -0.000890832
 4.31476e-05            0  -0.00299673   0.00304666
 -0.00335024   0.00299673            0  -0.00694882
 0.000890832  -0.00304666   0.00694882            0
Repeater1[0]<--->HoM1[0]
REAL
   0.464805  0.00533868 -0.00749244    0.440282
 0.00533868    0.031482 -0.00203174  0.00237099
-0.00749244 -0.00203174    0.028215  -0.0113381
   0.440282  0.00237099  -0.0113381    0.475497
IMAGINARY
          0 -0.00252751 -0.00670406 -0.00278289
 0.00252751           0  0.00081855 -0.00117581
 0.00670406 -0.00081855           0  0.00505501
 0.00278289  0.00117581 -0.00505501           0
EndNode1[0]<--->Repeater1[0]
REAL
   0.463956  0.00673906 0.000241873     0.44487
 0.00673906   0.0304991 0.000137692  0.00114062
0.000241873 0.000137692   0.0304991 -0.00935043
    0.44487  0.00114062 -0.00935043    0.475046
IMAGINARY
           0 -0.000291943  -0.00435759   0.00351873
 0.000291943            0    0.0127921  -0.00686867
  0.00435759   -0.0127921            0  4.09027e-06
 -0.00351873   0.00686867 -4.09027e-06            0
EndNode2[0]<--->HoM1[0]
REAL
    0.455932  -0.00944438  -0.00449107     0.442248
 -0.00944438    0.0234828   0.00170871 -0.000204479
 -0.00449107   0.00170871    0.0332418   0.00323414
    0.442248 -0.000204479   0.00323414     0.487344
IMAGINARY
           0  -0.00458347   0.00859746   -0.0068265
  0.00458347            0  0.000769566   0.00253318
 -0.00859746 -0.000769566            0  0.000189798
   0.0068265  -0.00253318 -0.000189798            0
Repeater1[0]<--->EndNode1[0]
REAL
   0.463956 0.000241873  0.00673906     0.44487
0.000241873   0.0304991 0.000137692 -0.00935043
 0.00673906 0.000137692   0.0304991  0.00114062
    0.44487 -0.00935043  0.00114062    0.475046
IMAGINARY
           0  -0.00435759 -0.000291943   0.00351873
  0.00435759            0   -0.0127921  4.09027e-06
 0.000291943    0.0127921            0  -0.00686867
 -0.00351873 -4.09027e-06   0.00686867            0
Repeater1[0]<--->HoM1[0]
REAL
    0.455932  -0.00449107  -0.00944438     0.442248
 -0.00449107    0.0332418   0.00170871   0.00323414
 -0.00944438   0.00170871    0.0234828 -0.000204479
    0.442248   0.00323414 -0.000204479     0.487344
IMAGINARY
           0   0.00859746  -0.00458347   -0.0068265
 -0.00859746            0 -0.000769566  0.000189798
  0.00458347  0.000769566            0   0.00253318
   0.0068265 -0.000189798  -0.00253318            0
EndNode1[0]<--->Repeater1[0]
REAL
    0.482433  -0.00635459 -0.000536692     0.437535
 -0.00635459    0.0280484  -0.00270475   -0.0059486
-0.000536692  -0.00270475    0.0271627  -0.00329426
    0.437535   -0.0059486  -0.00329426     0.462356
IMAGINARY
           0   0.00402963  -0.00332103 -0.000709384
 -0.00402963            0   0.00351257   0.00121892
  0.00332103  -0.00351257            0  -0.00222782
 0.000709384  -0.00121892   0.00222782            0
EndNode2[0]<--->HoM1[0]
REAL
   0.468511  0.00217766 -0.00615994    0.438942
 0.00217766   0.0326663  0.00468427  0.00662971
-0.00615994  0.00468427   0.0288405  0.00142397
   0.438942  0.00662971  0.00142397    0.469982
IMAGINARY
          0  0.00249242 -0.00384848  0.00923476
-0.00249242           0 -0.00671326  0.00384848
 0.00384848  0.00671326           0  0.00293581
-0.00923476 -0.00384848 -0.00293581           0
Repeater1[0]<--->EndNode1[0]
REAL
    0.482433 -0.000536692  -0.00635459     0.437535
-0.000536692    0.0271627  -0.00270475  -0.00329426
 -0.00635459  -0.00270475    0.0280484   -0.0059486
    0.437535  -0.00329426   -0.0059486     0.462356
IMAGINARY
           0  -0.00332103   0.00402963 -0.000709384
  0.00332103            0  -0.00351257  -0.00222782
 -0.00402963   0.00351257            0   0.00121892
 0.000709384   0.00222782  -0.00121892            0
Repeater1[0]<--->HoM1[0]
REAL
   0.468511 -0.00615994  0.00217766    0.438942
-0.00615994   0.0288405  0.00468427  0.00142397
 0.00217766  0.00468427   0.0326663  0.00662971
   0.438942  0.00142397  0.00662971    0.469982
IMAGINARY
          0 -0.00384848  0.00249242  0.00923476
 0.00384848           0  0.00671326  0.00293581
-0.00249242 -0.00671326           0  0.00384848
-0.00923476 -0.00293581 -0.00384848           0
EndNode1[0]<--->Repeater1[0]
REAL
   0.464222  -0.0119065 -0.00394132    0.434637
 -0.0119065   0.0253429 -0.00164754 -0.00363903
-0.00394132 -0.00164754   0.0274299   0.0143322
   0.434637 -0.00363903   0.0143322    0.483005
IMAGINARY
           0   0.00231944  0.000225686 -0.000771732
 -0.00231944            0  -0.00516434  0.000821278
-0.000225686   0.00516434            0  -0.00546033
 0.000771732 -0.000821278   0.00546033            0
EndNode2[0]<--->HoM1[0]
REAL
  0.473301 -0.0134933  -0.010736   0.442128
-0.0134933   0.032767  0.0023509 -0.0058284
 -0.010736  0.0023509  0.0273058 -0.0125803
  0.442128 -0.0058284 -0.0125803   0.466626
IMAGINARY
          0  0.00864274 -0.00738145  0.00589799
-0.00864274           0   0.0020677  0.00385619
 0.00738145  -0.0020677           0 -0.00364861
-0.00589799 -0.00385619  0.00364861           0
Repeater1[0]<--->EndNode1[0]
REAL
   0.464222 -0.00394132  -0.0119065    0.434637
-0.00394132   0.0274299 -0.00164754   0.0143322
 -0.0119065 -0.00164754   0.0253429 -0.00363903
   0.434637   0.0143322 -0.00363903    0.483005
IMAGINARY
           0  0.000225686   0.00231944 -0.000771732
-0.000225686            0   0.00516434  -0.00546033
 -0.00231944  -0.00516434            0  0.000821278
 0.000771732   0.00546033 -0.000821278            0
Repeater1[0]<--->HoM1[0]
REAL
  0.473301  -0.010736 -0.0134933   0.442128
 -0.010736  0.0273058  0.0023509 -0.0125803
-0.0134933  0.0023509   0.032767 -0.0058284
  0.442128 -0.0125803 -0.0058284   0.466626
IMAGINARY
