EndNode1[0]<--->Repeater1[0]
REAL
   0.256842 0.000401588 -0.00689172   0.0399715
0.000401588    0.227368   -0.015785 -0.00498164
-0.00689172   -0.015785    0.238195 -0.00142768
  0.0399715 -0.00498164 -0.00142768    0.277594
IMAGINARY
           0    -0.012822  0.000749644   -0.0142434
    0.012822            0  -0.00161788    0.0049767
-0.000749644   0.00161788            0   0.00890395
   0.0142434   -0.0049767  -0.00890395            0
EndNode2[0]<--->HoM1[0]
REAL
   0.269207   0.0126574 -0.00612773   0.0370464
  0.0126574    0.229232 0.000568254 -0.00671631
-0.00612773 0.000568254    0.234541  0.00263311
  0.0370464 -0.00671631  0.00263311    0.267021
IMAGINARY
           0  -0.00541148 -0.000335872   -0.0119729
  0.00541148            0   -0.0104892   0.00253335
 0.000335872    0.0104892            0  -0.00088796
   0.0119729  -0.00253335   0.00088796            0
Repeater1[0]<--->EndNode1[0]
REAL
   0.256842 -0.00689172 0.000401588   0.0399715
-0.00689172    0.238195   -0.015785 -0.00142768
0.000401588   -0.015785    0.227368 -0.00498164
  0.0399715 -0.00142768 -0.00498164    0.277594
IMAGINARY
           0  0.000749644    -0.012822   -0.0142434
-0.000749644            0   0.00161788   0.00890395
    0.012822  -0.00161788            0    0.0049767
   0.0142434  -0.00890395   -0.0049767            0
Repeater1[0]<--->HoM1[0]
REAL
   0.269207 -0.00612773   0.0126574   0.0370464
-0.00612773    0.234541 0.000568254  0.00263311
  0.0126574 0.000568254    0.229232 -0.00671631
  0.0370464  0.00263311 -0.00671631    0.267021
IMAGINARY
           0 -0.000335872  -0.00541148   -0.0119729
 0.000335872            0    0.0104892  -0.00088796
  0.00541148   -0.0104892            0   0.00253335
   0.0119729   0.00088796  -0.00253335            0
EndNode1[0]<--->Repeater1[0]
REAL
   0.261757 -0.00606889 -0.00664601   0.0381122
-0.00606889    0.219678  0.00524218  0.00709606
-0.00664601  0.00524218    0.231436 -0.00308203
  0.0381122  0.00709606 -0.00308203    0.287129
IMAGINARY
          0  0.00348782  0.00396985  0.00738961
-0.00348782           0    0.001398 -0.00961711
-0.00396985   -0.001398           0   0.0065035
-0.00738961  0.00961711  -0.0065035           0
EndNode2[0]<--->HoM1[0]
REAL
    0.279348     0.012239   -0.0145404    0.0385954
    0.012239     0.237984   -0.0122956 -0.000813788
  -0.0145404   -0.0122956     0.228954  0.000378821
   0.0385954 -0.000813788  0.000378821     0.253714
IMAGINARY
           0  9.75865e-05   0.00536627  -0.00114456
-9.75865e-05            0  -0.00352552   0.00142926
 -0.00536627   0.00352552            0    -0.018068
  0.00114456  -0.00142926     0.018068            0
Repeater1[0]<--->EndNode1[0]
REAL
   0.261757 -0.00664601 -0.00606889   0.0381122
-0.00664601    0.231436  0.00524218 -0.00308203
-0.00606889  0.00524218    0.219678  0.00709606
  0.0381122 -0.00308203  0.00709606    0.287129
IMAGINARY
          0  0.00396985  0.00348782  0.00738961
-0.00396985           0   -0.001398   0.0065035
-0.00348782    0.001398           0 -0.00961711
-0.00738961  -0.0065035  0.00961711           0
Repeater1[0]<--->HoM1[0]
REAL
    0.279348   -0.0145404     0.012239    0.0385954
  -0.0145404     0.228954   -0.0122956  0.000378821
    0.012239   -0.0122956     0.237984 -0.000813788
   0.0385954  0.000378821 -0.000813788     0.253714
IMAGINARY
           0   0.00536627  9.75865e-05  -0.00114456
 -0.00536627            0   0.00352552    -0.018068
-9.75865e-05  -0.00352552            0   0.00142926
  0.00114456     0.018068  -0.00142926            0
EndNode1[0]<--->Repeater1[0]
REAL
    0.260923 -0.000132988   0.00154881    0.0264455
-0.000132988        0.224  -0.00659956   -0.0045109
  0.00154881  -0.00659956     0.234154  -0.00134805
   0.0264455   -0.0045109  -0.00134805     0.280923
IMAGINARY
          0  -0.0118232   0.0126457  -0.0103884
  0.0118232           0  0.00697691 -0.00461604
 -0.0126457 -0.00697691           0 -0.00423613
  0.0103884  0.00461604  0.00423613           0
EndNode2[0]<--->HoM1[0]
REAL
    0.269643 -0.000156775  -0.00180628    0.0466814
-0.000156775     0.233333   0.00686357   0.00581103
 -0.00180628   0.00686357     0.233929  0.000898395
   0.0466814   0.00581103  0.000898395     0.263095
IMAGINARY
          0  0.00411068 -0.00692913  0.00292204
-0.00411068           0  0.00507192 -0.00526599
 0.00692913 -0.00507192           0  0.00573358
-0.00292204  0.00526599 -0.00573358           0
Repeater1[0]<--->EndNode1[0]
REAL
    0.260923   0.00154881 -0.000132988    0.0264455
  0.00154881     0.234154  -0.00659956  -0.00134805
-0.000132988  -0.00659956        0.224   -0.0045109
   0.0264455  -0.00134805   -0.0045109     0.280923
IMAGINARY
          0   0.0126457  -0.0118232  -0.0103884
 -0.0126457           0 -0.00697691 -0.00423613
  0.0118232  0.00697691           0 -0.00461604
  0.0103884  0.00423613  0.00461604           0
Repeater1[0]<--->HoM1[0]
REAL
    0.269643  -0.00180628 -0.000156775    0.0466814
 -0.00180628     0.233929   0.00686357  0.000898395
-0.000156775   0.00686357     0.233333   0.00581103
   0.0466814  0.000898395   0.00581103     0.263095
IMAGINARY
          0 -0.00692913  0.00411068  0.00292204
 0.00692913           0 -0.00507192  0.00573358
-0.00411068  0.00507192           0 -0.00526599
-0.00292204 -0.00573358  0.00526599           0
EndNode1[0]<--->Repeater1[0]
REAL
   0.257557  0.00692079  0.00424904   0.0331534
 0.00692079    0.242745 -0.00273174   -0.011478
 0.00424904 -0.00273174    0.232467 -0.00300513
  0.0331534   -0.011478 -0.00300513    0.267231
IMAGINARY
           0   0.00966155   0.00157668 -0.000914559
 -0.00966155            0   0.00754977   0.00111471
 -0.00157668  -0.00754977            0  -0.00697016
 0.000914559  -0.00111471   0.00697016            0
EndNode2[0]<--->HoM1[0]
REAL
   0.270153 -0.00291434  -0.0039478   0.0344274
-0.00291434    0.229692 -0.00336768  -0.0128001
 -0.0039478 -0.00336768    0.228136 0.000782792
  0.0344274  -0.0128001 0.000782792     0.27202
IMAGINARY
          0  0.00585361 -0.00768213  -0.0125355
-0.00585361           0  0.00266117 -0.00262561
 0.00768213 -0.00266117           0 -0.00301525
  0.0125355  0.00262561  0.00301525           0
Repeater1[0]<--->EndNode1[0]
REAL
   0.257557  0.00424904  0.00692079   0.0331534
 0.00424904    0.232467 -0.00273174 -0.00300513
 0.00692079 -0.00273174    0.242745   -0.011478
  0.0331534 -0.00300513   -0.011478    0.267231
IMAGINARY
           0   0.00157668   0.00966155 -0.000914559
 -0.00157668            0  -0.00754977  -0.00697016
 -0.00966155   0.00754977            0   0.00111471
 0.000914559   0.00697016  -0.00111471            0
Repeater1[0]<--->HoM1[0]
REAL
   0.270153  -0.0039478 -0.00291434   0.0344274
 -0.0039478    0.228136 -0.00336768 0.000782792
-0.00291434 -0.00336768    0.229692  -0.0128001
  0.0344274 0.000782792  -0.0128001     0.27202
IMAGINARY
          0 -0.00768213  0.00585361  -0.0125355
 0.00768213           0 -0.00266117 -0.00301525
-0.00585361  0.00266117           0 -0.00262561
  0.0125355  0.00301525  0.00262561           0
EndNode1[0]<--->Repeater1[0]
REAL
   0.268666  -0.0024411 -0.00560571   0.0184928
 -0.0024411    0.229085  0.00634266 -0.00726084
-0.00560571  0.00634266    0.235082  0.00453565
  0.0184928 -0.00726084  0.00453565    0.267166
IMAGINARY
           0  -0.00545797  0.000341908 -0.000132479
  0.00545797            0    0.0105182   0.00811703
-0.000341908   -0.0105182            0  -0.00915292
 0.000132479  -0.00811703   0.00915292            0
EndNode2[0]<--->HoM1[0]
REAL
   0.264253 -0.00040888   0.0187706   0.0381815
-0.00040888    0.232579 -0.00175362  0.00474618
  0.0187706 -0.00175362    0.234691  0.00363667
  0.0381815  0.00474618  0.00363667    0.268477
IMAGINARY
          0 -0.00321871 -0.00114076 -0.00851585
 0.00321871           0  0.00973018  0.00836151
 0.00114076 -0.00973018           0  0.00395552
 0.00851585 -0.00836151 -0.00395552           0
Repeater1[0]<--->EndNode1[0]
REAL
   0.268666 -0.00560571  -0.0024411   0.0184928
-0.00560571    0.235082  0.00634266  0.00453565
 -0.0024411  0.00634266    0.229085 -0.00726084
  0.0184928  0.00453565 -0.00726084    0.267166
IMAGINARY
           0  0.000341908  -0.00545797 -0.000132479
-0.000341908            0   -0.0105182  -0.00915292
  0.00545797    0.0105182            0   0.00811703
 0.000132479   0.00915292  -0.00811703            0
Repeater1[0]<--->HoM1[0]
REAL
   0.264253   0.0187706 -0.00040888   0.0381815
  0.0187706    0.234691 -0.00175362  0.00363667
-0.00040888 -0.00175362    0.232579  0.00474618
  0.0381815  0.00363667  0.00474618    0.268477
IMAGINARY
          0 -0.00114076 -0.00321871 -0.00851585
 0.00114076           0 -0.00973018  0.00395552
 0.00321871  0.00973018           0  0.00836151
 0.00851585 -0.00395552 -0.00836151           0
EndNode1[0]<--->Repeater1[0]
REAL
   0.264758    0.011184  0.00230976   0.0427423
   0.011184    0.227788  0.00479864  0.00260827
 0.00230976  0.00479864    0.230769 -0.00566989
  0.0427423  0.00260827 -0.00566989    0.276685
IMAGINARY
           0  -0.00456567  -0.00133919 -0.000256215
  0.00456567            0   0.00154451    0.0105191
  0.00133919  -0.00154451            0    0.0100736
 0.000256215   -0.0105191   -0.0100736            0
EndNode2[0]<--->HoM1[0]
REAL
    0.26006 6.10236e-05   0.0040439   0.0439095
6.10236e-05    0.237838  0.00698871  0.00344113
  0.0040439  0.00698871    0.223724  0.00083718
  0.0439095  0.00344113  0.00083718    0.278378
IMAGINARY
           0  0.000400828  -0.00704785   0.00132677
-0.000400828            0  -0.00617543  -0.00565768
  0.00704785   0.00617543            0  -0.00473566
 -0.00132677   0.00565768   0.00473566            0
Repeater1[0]<--->EndNode1[0]
REAL
   0.264758  0.00230976    0.011184   0.0427423
 0.00230976    0.230769  0.00479864 -0.00566989
   0.011184  0.00479864    0.227788  0.00260827
  0.0427423 -0.00566989  0.00260827    0.276685
IMAGINARY
           0  -0.00133919  -0.00456567 -0.000256215
  0.00133919            0  -0.00154451    0.0100736
  0.00456567   0.00154451            0    0.0105191
 0.000256215   -0.0100736   -0.0105191            0
Repeater1[0]<--->HoM1[0]
REAL
    0.26006   0.0040439 6.10236e-05   0.0439095
  0.0040439    0.223724  0.00698871  0.00083718
6.10236e-05  0.00698871    0.237838  0.00344113
  0.0439095  0.00083718  0.00344113    0.278378
IMAGINARY
           0  -0.00704785  0.000400828   0.00132677
  0.00704785            0   0.00617543  -0.00473566
-0.000400828  -0.00617543            0  -0.00565768
 -0.00132677   0.00473566   0.00565768            0
EndNode1[0]<--->Repeater1[0]
REAL
   0.261062 -0.00423876  0.00726627   0.0320119
-0.00423876    0.234513  0.00517823  0.00188367
 0.00726627  0.00517823    0.242773 -0.00845309
  0.0320119  0.00188367 -0.00845309    0.261652
IMAGINARY
          0  0.00624344 -0.00203659  -0.0029845
-0.00624344           0  0.00499502   0.0044218
 0.00203659 -0.00499502           0  0.00717338
  0.0029845  -0.0044218 -0.00717338           0
EndNode2[0]<--->HoM1[0]
REAL
   0.275532  0.00452645 -0.00350318   0.0362531
 0.00452645    0.231207 -0.00355677 -0.00560402
-0.00350318 -0.00355677    0.228512  -0.0103491
  0.0362531 -0.00560402  -0.0103491     0.26475
IMAGINARY
          0 -0.00310537   0.0138407 -0.00315037
 0.00310537           0  -0.0108195 -0.00373972
 -0.0138407   0.0108195           0  0.00280829
 0.00315037  0.00373972 -0.00280829           0
Repeater1[0]<--->EndNode1[0]
REAL
   0.261062  0.00726627 -0.00423876   0.0320119
 0.00726627    0.242773  0.00517823 -0.00845309
-0.00423876  0.00517823    0.234513  0.00188367
  0.0320119 -0.00845309  0.00188367    0.261652
IMAGINARY
          0 -0.00203659  0.00624344  -0.0029845
 0.00203659           0 -0.00499502  0.00717338
-0.00624344  0.00499502           0   0.0044218
  0.0029845 -0.00717338  -0.0044218           0
Repeater1[0]<--->HoM1[0]
REAL
   0.275532 -0.00350318  0.00452645   0.0362531
-0.00350318    0.228512 -0.00355677  -0.0103491
 0.00452645 -0.00355677    0.231207 -0.00560402
  0.0362531  -0.0103491 -0.00560402     0.26475
IMAGINARY
          0   0.0138407 -0.00310537 -0.00315037
 -0.0138407           0   0.0108195  0.00280829
 0.00310537  -0.0108195           0 -0.00373972
 0.00315037 -0.00280829  0.00373972           0
EndNode1[0]<--->Repeater1[0]
REAL
   0.266807   -0.010203 -0.00900525   0.0361066
  -0.010203    0.244498  0.00602574 -0.00594492
-0.00900525  0.00602574    0.223696 -0.00837147
  0.0361066 -0.00594492 -0.00837147    0.264998
IMAGINARY
           0   -0.0059743  -0.00052312  -0.00898934
   0.0059743            0   0.00570772 -0.000823782
  0.00052312  -0.00570772            0   0.00851845
  0.00898934  0.000823782  -0.00851845            0
EndNode2[0]<--->HoM1[0]
REAL
   0.269439 -0.00540341 3.62808e-06   0.0362287
-0.00540341    0.232369  0.00442661 -0.00971237
3.62808e-06  0.00442661    0.223026 -0.00187814
  0.0362287 -0.00971237 -0.00187814    0.275166
IMAGINARY
           0    0.0020067  -0.00327218  -0.00912037
  -0.0020067            0  -0.00144196  0.000916466
  0.00327218   0.00144196            0  -0.00848491
  0.00912037 -0.000916466   0.00848491            0
Repeater1[0]<--->EndNode1[0]
REAL
   0.266807 -0.00900525   -0.010203   0.0361066
-0.00900525    0.223696  0.00602574 -0.00837147
  -0.010203  0.00602574    0.244498 -0.00594492
  0.0361066 -0.00837147 -0.00594492    0.264998
IMAGINARY
           0  -0.00052312   -0.0059743  -0.00898934
  0.00052312            0  -0.00570772   0.00851845
   0.0059743   0.00570772            0 -0.000823782
  0.00898934  -0.00851845  0.000823782            0
Repeater1[0]<--->HoM1[0]
REAL
   0.269439 3.62808e-06 -0.00540341   0.0362287
3.62808e-06    0.223026  0.00442661 -0.00187814
-0.00540341  0.00442661    0.232369 -0.00971237
  0.0362287 -0.00187814 -0.00971237    0.275166
IMAGINARY
           0  -0.00327218    0.0020067  -0.00912037
  0.00327218            0   0.00144196  -0.00848491
  -0.0020067  -0.00144196            0  0.000916466
  0.00912037   0.00848491 -0.000916466            0
EndNode1[0]<--->Repeater1[0]
REAL
    0.286225   0.00211826 -0.000862408    0.0400611
  0.00211826     0.212284  0.000773203  -0.00354417
-0.000862408  0.000773203     0.237627   0.00316963
   0.0400611  -0.00354417   0.00316963     0.263864
IMAGINARY
          0  0.00809911   0.0121998  0.00990704
-0.00809911           0  0.00354256  0.00161231
 -0.0121998 -0.00354256           0  0.00540611
-0.00990704 -0.00161231 -0.00540611           0
EndNode2[0]<--->HoM1[0]
REAL
   0.270926  0.00687969  0.00247134   0.0215622
 0.00687969    0.223307 -0.00781446  0.00888551
 0.00247134 -0.00781446     0.22449 -0.00777628
  0.0215622  0.00888551 -0.00777628    0.281278
IMAGINARY
           0  -0.00899637    -0.012948   0.00640756
  0.00899637            0   0.00158159  0.000869226
    0.012948  -0.00158159            0  -0.00159116
 -0.00640756 -0.000869226   0.00159116            0
Repeater1[0]<--->EndNode1[0]
REAL
    0.286225 -0.000862408   0.00211826    0.0400611
-0.000862408     0.237627  0.000773203   0.00316963
  0.00211826  0.000773203     0.212284  -0.00354417
   0.0400611   0.00316963  -0.00354417     0.263864
IMAGINARY
          0   0.0121998  0.00809911  0.00990704
 -0.0121998           0 -0.00354256  0.00540611
-0.00809911  0.00354256           0  0.00161231
-0.00990704 -0.00540611 -0.00161231           0
Repeater1[0]<--->HoM1[0]
REAL
   0.270926  0.00247134  0.00687969   0.0215622
 0.00247134     0.22449 -0.00781446 -0.00777628
 0.00687969 -0.00781446    0.223307  0.00888551
  0.0215622 -0.00777628  0.00888551    0.281278
IMAGINARY
           0    -0.012948  -0.00899637   0.00640756
    0.012948            0  -0.00158159  -0.00159116
  0.00899637   0.00158159            0  0.000869226
 -0.00640756   0.00159116 -0.000869226            0
EndNode1[0]<--->Repeater1[0]
REAL
   0.266191   0.0122521  0.00822168   0.0351966
  0.0122521    0.234106 -0.00746963 -0.00791699
 0.00822168 -0.00746963     0.22549  0.00572471
  0.0351966 -0.00791699  0.00572471    0.274213
IMAGINARY
           0  0.000919644   0.00064281   0.00906194
-0.000919644            0   0.00785929  -0.00352772
 -0.00064281  -0.00785929            0  -0.00532292
 -0.00906194   0.00352772   0.00532292            0
EndNode2[0]<--->HoM1[0]
REAL
   0.274682  0.00486121  -0.0100641   0.0395074
 0.00486121    0.228649 -0.00373735 -0.00977343
 -0.0100641 -0.00373735    0.233495 -0.00595462
  0.0395074 -0.00977343 -0.00595462    0.263174
IMAGINARY
          0   0.0126936  0.00450023  0.00957284
 -0.0126936           0   0.0115624  0.00228326
-0.00450023  -0.0115624           0  0.00200401
-0.00957284 -0.00228326 -0.00200401           0
Repeater1[0]<--->EndNode1[0]
REAL
   0.266191  0.00822168   0.0122521   0.0351966
 0.00822168     0.22549 -0.00746963  0.00572471
  0.0122521 -0.00746963    0.234106 -0.00791699
  0.0351966  0.00572471 -0.00791699    0.274213
IMAGINARY
           0   0.00064281  0.000919644   0.00906194
 -0.00064281            0  -0.00785929  -0.00532292
-0.000919644   0.00785929            0  -0.00352772
 -0.00906194   0.00532292   0.00352772            0
Repeater1[0]<--->HoM1[0]
REAL
   0.274682  -0.0100641  0.00486121   0.0395074
 -0.0100641    0.233495 -0.00373735 -0.00595462
 0.00486121 -0.00373735    0.228649 -0.00977343
  0.0395074 -0.00595462 -0.00977343    0.263174
IMAGINARY
          0  0.00450023   0.0126936  0.00957284
-0.00450023           0  -0.0115624  0.00200401
 -0.0126936   0.0115624           0  0.00228326
-0.00957284 -0.00200401 -0.00228326           0
EndNode1[0]<--->Repeater1[0]
REAL
   0.281647 -0.00839073 -0.00595915    0.028174
-0.00839073    0.222592  0.00109501 -0.00329169
-0.00595915  0.00109501    0.235009   0.0106655
   0.028174 -0.00329169   0.0106655    0.260751
IMAGINARY
           0   0.00464319   0.00408714  -0.00338754
 -0.00464319            0   -0.0151642  -0.00601078
 -0.00408714    0.0151642            0  0.000239911
  0.00338754   0.00601078 -0.000239911            0
EndNode2[0]<--->HoM1[0]
REAL
   0.276151 0.000176755  -0.0065691   0.0309112
0.000176755    0.228033   0.0127048  0.00219241
 -0.0065691   0.0127048    0.222056   0.0038981
  0.0309112  0.00219241   0.0038981     0.27376
IMAGINARY
          0 -0.00505365  0.00749142 -0.00358822
 0.00505365           0   0.0166395 -0.00944748
-0.00749142  -0.0166395           0  0.00731065
 0.00358822  0.00944748 -0.00731065           0
Repeater1[0]<--->EndNode1[0]
REAL
   0.281647 -0.00595915 -0.00839073    0.028174
-0.00595915    0.235009  0.00109501   0.0106655
-0.00839073  0.00109501    0.222592 -0.00329169
   0.028174   0.0106655 -0.00329169    0.260751
IMAGINARY
           0   0.00408714   0.00464319  -0.00338754
 -0.00408714            0    0.0151642  0.000239911
 -0.00464319   -0.0151642            0  -0.00601078
  0.00338754 -0.000239911   0.00601078            0
Repeater1[0]<--->HoM1[0]
REAL
   0.276151  -0.0065691 0.000176755   0.0309112
 -0.0065691    0.222056   0.0127048   0.0038981
0.000176755   0.0127048    0.228033  0.00219241
  0.0309112   0.0038981  0.00219241     0.27376
IMAGINARY
          0  0.00749142 -0.00505365 -0.00358822
-0.00749142           0  -0.0166395  0.00731065
 0.00505365   0.0166395           0 -0.00944748
 0.00358822 -0.00731065  0.00944748           0
EndNode1[0]<--->Repeater1[0]
REAL
    0.26353  0.00208704  0.00101729   0.0451892
 0.00208704    0.226015   0.0064526   0.0127141
 0.00101729   0.0064526     0.24016 -0.00387809
  0.0451892   0.0127141 -0.00387809    0.270295
IMAGINARY
          0  0.00560777 -0.00226442 -0.00127565
-0.00560777           0  0.00172195  -0.0105484
 0.00226442 -0.00172195           0  0.00184157
 0.00127565   0.0105484 -0.00184157           0
EndNode2[0]<--->HoM1[0]
REAL
   0.260489  -0.0072858 -0.00242619   0.0363225
 -0.0072858    0.237851   0.0108359 -0.00331746
-0.00242619   0.0108359    0.226985  0.00516972
  0.0363225 -0.00331746  0.00516972    0.274676
IMAGINARY
          0 -0.00207254  0.00717515 -0.00609824
 0.00207254           0 -0.00702474   0.0037918
-0.00717515  0.00702474           0 -0.00148013
 0.00609824  -0.0037918  0.00148013           0
Repeater1[0]<--->EndNode1[0]
REAL
    0.26353  0.00101729  0.00208704   0.0451892
 0.00101729     0.24016   0.0064526 -0.00387809
 0.00208704   0.0064526    0.226015   0.0127141
  0.0451892 -0.00387809   0.0127141    0.270295
IMAGINARY
          0 -0.00226442  0.00560777 -0.00127565
 0.00226442           0 -0.00172195  0.00184157
-0.00560777  0.00172195           0  -0.0105484
 0.00127565 -0.00184157   0.0105484           0
Repeater1[0]<--->HoM1[0]
REAL
   0.260489 -0.00242619  -0.0072858   0.0363225
-0.00242619    0.226985   0.0108359  0.00516972
 -0.0072858   0.0108359    0.237851 -0.00331746
  0.0363225  0.00516972 -0.00331746    0.274676
IMAGINARY
          0  0.00717515 -0.00207254 -0.00609824
-0.00717515           0  0.00702474 -0.00148013
 0.00207254 -0.00702474           0   0.0037918
 0.00609824  0.00148013  -0.0037918           0
EndNode1[0]<--->Repeater1[0]
REAL
   0.276411 0.000665223  -0.0020352   0.0392682
0.000665223     0.22419 -0.00110828   0.0045993
 -0.0020352 -0.00110828    0.227491 -0.00322933
  0.0392682   0.0045993 -0.00322933    0.271909
IMAGINARY
           0  -0.00499517   0.00723016    0.0110215
  0.00499517            0  -0.00437457 -0.000551349
 -0.00723016   0.00437457            0   -0.0041123
  -0.0110215  0.000551349    0.0041123            0
EndNode2[0]<--->HoM1[0]
REAL
   0.278046 -0.00996824  0.00235054   0.0260784
-0.00996824    0.216526 -0.00521983 -0.00628041
 0.00235054 -0.00521983    0.237636 -0.00877421
  0.0260784 -0.00628041 -0.00877421    0.267793
IMAGINARY
          0   0.0106616 -0.00112119   0.0115061
 -0.0106616           0  0.00657335 -0.00550848
 0.00112119 -0.00657335           0  0.00521879
 -0.0115061  0.00550848 -0.00521879           0
Repeater1[0]<--->EndNode1[0]
REAL
   0.276411  -0.0020352 0.000665223   0.0392682
 -0.0020352    0.227491 -0.00110828 -0.00322933
0.000665223 -0.00110828     0.22419   0.0045993
  0.0392682 -0.00322933   0.0045993    0.271909
IMAGINARY
           0   0.00723016  -0.00499517    0.0110215
 -0.00723016            0   0.00437457   -0.0041123
  0.00499517  -0.00437457            0 -0.000551349
  -0.0110215    0.0041123  0.000551349            0
Repeater1[0]<--->HoM1[0]
REAL
   0.278046  0.00235054 -0.00996824   0.0260784
 0.00235054    0.237636 -0.00521983 -0.00877421
-0.00996824 -0.00521983    0.216526 -0.00628041
  0.0260784 -0.00877421 -0.00628041    0.267793
IMAGINARY
          0 -0.00112119   0.0106616   0.0115061
 0.00112119           0 -0.00657335  0.00521879
 -0.0106616  0.00657335           0 -0.00550848
 -0.0115061 -0.00521879  0.00550848           0
EndNode1[0]<--->Repeater1[0]
REAL
    0.248951  -0.00474451  0.000522706    0.0445872
 -0.00474451     0.231276  -0.00425282 -0.000376036
 0.000522706  -0.00425282     0.239664   0.00694456
   0.0445872 -0.000376036   0.00694456     0.280108
IMAGINARY
           0    0.0035388 -0.000869467    -0.007439
  -0.0035388            0   0.00256689   0.00544822
 0.000869467  -0.00256689            0   0.00836596
    0.007439  -0.00544822  -0.00836596            0
EndNode2[0]<--->HoM1[0]
REAL
   0.258816  0.00398148  0.00162612   0.0462717
 0.00398148    0.235204 -0.00844417 -0.00236206
 0.00162612 -0.00844417    0.232137  0.00293639
  0.0462717 -0.00236206  0.00293639    0.273842
IMAGINARY
          0  0.00778136 -0.00585016   0.0061009
-0.00778136           0 -0.00501021  -0.0113808
 0.00585016  0.00501021           0 -0.00838595
 -0.0061009   0.0113808  0.00838595           0
Repeater1[0]<--->EndNode1[0]
REAL
    0.248951  0.000522706  -0.00474451    0.0445872
 0.000522706     0.239664  -0.00425282   0.00694456
 -0.00474451  -0.00425282     0.231276 -0.000376036
   0.0445872   0.00694456 -0.000376036     0.280108
IMAGINARY
           0 -0.000869467    0.0035388    -0.007439
 0.000869467            0  -0.00256689   0.00836596
  -0.0035388   0.00256689            0   0.00544822
    0.007439  -0.00836596  -0.00544822            0
Repeater1[0]<--->HoM1[0]
REAL
   0.258816  0.00162612  0.00398148   0.0462717
 0.00162612    0.232137 -0.00844417  0.00293639
 0.00398148 -0.00844417    0.235204 -0.00236206
  0.0462717  0.00293639 -0.00236206    0.273842
IMAGINARY
          0 -0.00585016  0.00778136   0.0061009
 0.00585016           0  0.00501021 -0.00838595
-0.00778136 -0.00501021           0  -0.0113808
 -0.0061009  0.00838595   0.0113808           0
EndNode1[0]<--->Repeater1[0]
REAL
   0.256183   0.0105584 0.000299754   0.0393761
  0.0105584    0.229008  0.00659405  0.00447637
0.000299754  0.00659405    0.236947 -0.00488677
  0.0393761  0.00447637 -0.00488677    0.277863
IMAGINARY
           0   -0.0030372   -0.0049943  0.000956253
   0.0030372            0  -0.00181981    0.0103103
   0.0049943   0.00181981            0    0.0012652
-0.000956253   -0.0103103   -0.0012652            0
EndNode2[0]<--->HoM1[0]
REAL
   0.263505  0.00529897  0.00389815   0.0355617
 0.00529897     0.22449  0.00574455 -0.00315255
 0.00389815  0.00574455    0.243397 -0.00634282
  0.0355617 -0.00315255 -0.00634282    0.268607
IMAGINARY
          0  -0.0047543 -0.00092153  0.00637696
  0.0047543           0   0.0050071   0.0118595
 0.00092153  -0.0050071           0 -0.00168861
-0.00637696  -0.0118595  0.00168861           0
Repeater1[0]<--->EndNode1[0]
REAL
   0.256183 0.000299754   0.0105584   0.0393761
0.000299754    0.236947  0.00659405 -0.00488677
  0.0105584  0.00659405    0.229008  0.00447637
  0.0393761 -0.00488677  0.00447637    0.277863
IMAGINARY
           0   -0.0049943   -0.0030372  0.000956253
   0.0049943            0   0.00181981    0.0012652
   0.0030372  -0.00181981            0    0.0103103
-0.000956253   -0.0012652   -0.0103103            0
Repeater1[0]<--->HoM1[0]
REAL
   0.263505  0.00389815  0.00529897   0.0355617
 0.00389815    0.243397  0.00574455 -0.00634282
 0.00529897  0.00574455     0.22449 -0.00315255
  0.0355617 -0.00634282 -0.00315255    0.268607
IMAGINARY
          0 -0.00092153  -0.0047543  0.00637696
 0.00092153           0  -0.0050071 -0.00168861
  0.0047543   0.0050071           0   0.0118595
-0.00637696  0.00168861  -0.0118595           0
EndNode1[0]<--->Repeater1[0]
REAL
   0.257366 -0.00546141  -0.0113321   0.0339603
-0.00546141    0.228503 -0.00574158  0.00486531
 -0.0113321 -0.00574158    0.242934  0.00105224
  0.0339603  0.00486531  0.00105224    0.271197
IMAGINARY
           0   0.00303323  0.000145623  -0.00242584
 -0.00303323            0   0.00463758   0.00426569
-0.000145623  -0.00463758            0  -0.00714032
  0.00242584  -0.00426569   0.00714032            0
EndNode2[0]<--->HoM1[0]
REAL
   0.270972 0.000871969  -0.0103737   0.0265204
0.000871969    0.231141  0.00193019 1.47614e-05
 -0.0103737  0.00193019    0.228727  0.00102473
  0.0265204 1.47614e-05  0.00102473    0.269161
IMAGINARY
          0  0.00147381  0.00858819 -0.00926863
-0.00147381           0  0.00446514  0.00318529
-0.00858819 -0.00446514           0  0.00493454
 0.00926863 -0.00318529 -0.00493454           0
Repeater1[0]<--->EndNode1[0]
REAL
   0.257366  -0.0113321 -0.00546141   0.0339603
 -0.0113321    0.242934 -0.00574158  0.00105224
-0.00546141 -0.00574158    0.228503  0.00486531
  0.0339603  0.00105224  0.00486531    0.271197
IMAGINARY
           0  0.000145623   0.00303323  -0.00242584
-0.000145623            0  -0.00463758  -0.00714032
 -0.00303323   0.00463758            0   0.00426569
  0.00242584   0.00714032  -0.00426569            0
Repeater1[0]<--->HoM1[0]
REAL
   0.270972  -0.0103737 0.000871969   0.0265204
 -0.0103737    0.228727  0.00193019  0.00102473
0.000871969  0.00193019    0.231141 1.47614e-05
  0.0265204  0.00102473 1.47614e-05    0.269161
IMAGINARY
          0  0.00858819  0.00147381 -0.00926863
-0.00858819           0 -0.00446514  0.00493454
-0.00147381  0.00446514           0  0.00318529
 0.00926863 -0.00493454 -0.00318529           0
EndNode1[0]<--->Repeater1[0]
REAL
    0.276975   -0.0100559  0.000754724    0.0320308
  -0.0100559      0.22656  -0.00303879 -0.000903401
 0.000754724  -0.00303879     0.240086  0.000391885
   0.0320308 -0.000903401  0.000391885     0.256379
IMAGINARY
           0  -0.00180082 -0.000751503  -0.00422205
  0.00180082            0 -2.03718e-05   0.00711433
 0.000751503  2.03718e-05            0   0.00224473
  0.00422205  -0.00711433  -0.00224473            0
EndNode2[0]<--->HoM1[0]
REAL
    0.26937  0.00949414   0.0109971   0.0372103
 0.00949414    0.225484  0.00948957  0.00114488
  0.0109971  0.00948957    0.233051 -0.00606948
  0.0372103  0.00114488 -0.00606948    0.272094
IMAGINARY
          0  0.00945999 -0.00875577 -0.00243393
-0.00945999           0  -0.0101635 -0.00429791
 0.00875577   0.0101635           0   0.0112206
 0.00243393  0.00429791  -0.0112206           0
Repeater1[0]<--->EndNode1[0]
REAL
    0.276975  0.000754724   -0.0100559    0.0320308
 0.000754724     0.240086  -0.00303879  0.000391885
  -0.0100559  -0.00303879      0.22656 -0.000903401
   0.0320308  0.000391885 -0.000903401     0.256379
IMAGINARY
           0 -0.000751503  -0.00180082  -0.00422205
 0.000751503            0  2.03718e-05   0.00224473
  0.00180082 -2.03718e-05            0   0.00711433
  0.00422205  -0.00224473  -0.00711433            0
Repeater1[0]<--->HoM1[0]
REAL
    0.26937   0.0109971  0.00949414   0.0372103
  0.0109971    0.233051  0.00948957 -0.00606948
 0.00949414  0.00948957    0.225484  0.00114488
  0.0372103 -0.00606948  0.00114488    0.272094
IMAGINARY
          0 -0.00875577  0.00945999 -0.00243393
 0.00875577           0   0.0101635   0.0112206
-0.00945999  -0.0101635           0 -0.00429791
 0.00243393  -0.0112206  0.00429791           0
EndNode1[0]<--->Repeater1[0]
REAL
   0.271357  0.00682452  0.00231308   0.0290446
 0.00682452    0.232338   0.0111819   0.0027697
 0.00231308   0.0111819    0.236181 -0.00493663
  0.0290446   0.0027697 -0.00493663    0.260124
IMAGINARY
           0    0.0045921   0.00235402    0.0140178
  -0.0045921            0   0.00756711 -2.41026e-05
 -0.00235402  -0.00756711            0  -0.00319415
  -0.0140178  2.41026e-05   0.00319415            0
EndNode2[0]<--->HoM1[0]
REAL
    0.279381  -0.00113238   0.00490889     0.037533
 -0.00113238     0.224112  -0.00373491   0.00827692
  0.00490889  -0.00373491     0.235348 -0.000837915
    0.037533   0.00827692 -0.000837915      0.26116
IMAGINARY
           0  0.000218154   0.00161483  -0.00734823
-0.000218154            0   -0.0103548   -0.0108852
 -0.00161483    0.0103548            0  -0.00350763
  0.00734823    0.0108852   0.00350763            0
Repeater1[0]<--->EndNode1[0]
REAL
   0.271357  0.00231308  0.00682452   0.0290446
 0.00231308    0.236181   0.0111819 -0.00493663
 0.00682452   0.0111819    0.232338   0.0027697
  0.0290446 -0.00493663   0.0027697    0.260124
IMAGINARY
           0   0.00235402    0.0045921    0.0140178
 -0.00235402            0  -0.00756711  -0.00319415
  -0.0045921   0.00756711            0 -2.41026e-05
  -0.0140178   0.00319415  2.41026e-05            0
Repeater1[0]<--->HoM1[0]
REAL
    0.279381   0.00490889  -0.00113238     0.037533
  0.00490889     0.235348  -0.00373491 -0.000837915
 -0.00113238  -0.00373491     0.224112   0.00827692
    0.037533 -0.000837915   0.00827692      0.26116
IMAGINARY
           0   0.00161483  0.000218154  -0.00734823
 -0.00161483            0    0.0103548  -0.00350763
-0.000218154   -0.0103548            0   -0.0108852
  0.00734823   0.00350763    0.0108852            0
EndNode1[0]<--->Repeater1[0]
REAL
    0.266257 -0.000376056   0.00102674    0.0304337
-0.000376056      0.23345  0.000135272  -0.00435604
  0.00102674  0.000135272     0.231693  -0.00204525
   0.0304337  -0.00435604  -0.00204525       0.2686
IMAGINARY
           0 -0.000391589    0.0130205   -0.0010085
 0.000391589            0    0.0156232   0.00190257
  -0.0130205   -0.0156232            0  -0.00247244
   0.0010085  -0.00190257   0.00247244            0
EndNode2[0]<--->HoM1[0]
REAL
   0.261475   0.0102494 -0.00739996   0.0542467
  0.0102494    0.229494 -0.00884574 -0.00940428
-0.00739996 -0.00884574    0.233047 -0.00464795
  0.0542467 -0.00940428 -0.00464795    0.275985
IMAGINARY
          0  -0.0147977   0.0123993 -8.0531e-05
  0.0147977           0   0.0043281  0.00359596
 -0.0123993  -0.0043281           0   0.0133166
 8.0531e-05 -0.00359596  -0.0133166           0
Repeater1[0]<--->EndNode1[0]
REAL
    0.266257   0.00102674 -0.000376056    0.0304337
  0.00102674     0.231693  0.000135272  -0.00204525
-0.000376056  0.000135272      0.23345  -0.00435604
   0.0304337  -0.00204525  -0.00435604       0.2686
IMAGINARY
           0    0.0130205 -0.000391589   -0.0010085
  -0.0130205            0   -0.0156232  -0.00247244
 0.000391589    0.0156232            0   0.00190257
   0.0010085   0.00247244  -0.00190257            0
Repeater1[0]<--->HoM1[0]
REAL
   0.261475 -0.00739996   0.0102494   0.0542467
-0.00739996    0.233047 -0.00884574 -0.00464795
  0.0102494 -0.00884574    0.229494 -0.00940428
  0.0542467 -0.00464795 -0.00940428    0.275985
IMAGINARY
          0   0.0123993  -0.0147977 -8.0531e-05
 -0.0123993           0  -0.0043281   0.0133166
  0.0147977   0.0043281           0  0.00359596
 8.0531e-05  -0.0133166 -0.00359596           0
EndNode1[0]<--->Repeater1[0]
REAL
   0.267504 0.000438333 -0.00252071   0.0443245
0.000438333    0.222023  0.00249423  0.00342107
-0.00252071  0.00249423    0.230102 -0.00614061
  0.0443245  0.00342107 -0.00614061    0.280371
IMAGINARY
           0  -0.00696243   0.00261532  -0.00493453
  0.00696243            0  0.000676627    0.0165632
 -0.00261532 -0.000676627            0   0.00560332
  0.00493453   -0.0165632  -0.00560332            0
EndNode2[0]<--->HoM1[0]
REAL
   0.270694 -0.00029735 -0.00566632   0.0282189
-0.00029735      0.2219   0.0101956 -0.00458774
-0.00566632   0.0101956    0.232646  0.00106258
  0.0282189 -0.00458774  0.00106258     0.27476
IMAGINARY
          0  0.00498176  0.00411471   -0.017747
-0.00498176           0 -0.00371988  0.00169925
-0.00411471  0.00371988           0   0.0147857
   0.017747 -0.00169925  -0.0147857           0
Repeater1[0]<--->EndNode1[0]
REAL
   0.267504 -0.00252071 0.000438333   0.0443245
-0.00252071    0.230102  0.00249423 -0.00614061
0.000438333  0.00249423    0.222023  0.00342107
  0.0443245 -0.00614061  0.00342107    0.280371
IMAGINARY
           0   0.00261532  -0.00696243  -0.00493453
 -0.00261532            0 -0.000676627   0.00560332
  0.00696243  0.000676627            0    0.0165632
  0.00493453  -0.00560332   -0.0165632            0
Repeater1[0]<--->HoM1[0]
REAL
   0.270694 -0.00566632 -0.00029735   0.0282189
-0.00566632    0.232646   0.0101956  0.00106258
-0.00029735   0.0101956      0.2219 -0.00458774
  0.0282189  0.00106258 -0.00458774     0.27476
IMAGINARY
          0  0.00411471  0.00498176   -0.017747
-0.00411471           0  0.00371988   0.0147857
-0.00498176 -0.00371988           0  0.00169925
   0.017747  -0.0147857 -0.00169925           0
EndNode1[0]<--->Repeater1[0]
REAL
  0.274719 -0.0116177 -0.0111243  0.0369465
-0.0116177   0.238515 0.00075837 0.00799467
-0.0111243 0.00075837   0.233952  -0.010886
 0.0369465 0.00799467  -0.010886   0.252814
IMAGINARY
          0 -0.00236899  0.00618585   0.0032119
 0.00236899           0 -0.00697356 -0.00136076
-0.00618585  0.00697356           0 -0.00667805
 -0.0032119  0.00136076  0.00667805           0
EndNode2[0]<--->HoM1[0]
REAL
    0.252954  -0.00380753  -0.00572089    0.0332622
 -0.00380753     0.229627   0.00725401  -0.00358283
 -0.00572089   0.00725401     0.237201 -0.000994387
   0.0332622  -0.00358283 -0.000994387     0.280218
IMAGINARY
          0  0.00248425 -0.00254514  0.00517439
-0.00248425           0  0.00131911  0.00692854
 0.00254514 -0.00131911           0  0.00482142
-0.00517439 -0.00692854 -0.00482142           0
Repeater1[0]<--->EndNode1[0]
REAL
  0.274719 -0.0111243 -0.0116177  0.0369465
-0.0111243   0.233952 0.00075837  -0.010886
-0.0116177 0.00075837   0.238515 0.00799467
 0.0369465  -0.010886 0.00799467   0.252814
IMAGINARY
          0  0.00618585 -0.00236899   0.0032119
-0.00618585           0  0.00697356 -0.00667805
 0.00236899 -0.00697356           0 -0.00136076
 -0.0032119  0.00667805  0.00136076           0
Repeater1[0]<--->HoM1[0]
REAL
    0.252954  -0.00572089  -0.00380753    0.0332622
 -0.00572089     0.237201   0.00725401 -0.000994387
 -0.00380753   0.00725401     0.229627  -0.00358283
   0.0332622 -0.000994387  -0.00358283     0.280218
IMAGINARY
          0 -0.00254514  0.00248425  0.00517439
 0.00254514           0 -0.00131911  0.00482142
-0.00248425  0.00131911           0  0.00692854
-0.00517439 -0.00482142 -0.00692854           0
EndNode1[0]<--->Repeater1[0]
REAL
   0.268416  0.00442795  0.00272776    0.036829
 0.00442795     0.22547 -0.00213013 -0.00502064
 0.00272776 -0.00213013    0.224277 -0.00366366
   0.036829 -0.00502064 -0.00366366    0.281837
IMAGINARY
          0   0.0082367  0.00663662  0.00638573
 -0.0082367           0 -0.00218908  0.00409552
-0.00663662  0.00218908           0 -0.00132696
-0.00638573 -0.00409552  0.00132696           0
EndNode2[0]<--->HoM1[0]
REAL
    0.263993 -0.000634892   -0.0011882    0.0352431
-0.000634892     0.227923  0.000984371   0.00164677
  -0.0011882  0.000984371     0.249378  -0.00165798
   0.0352431   0.00164677  -0.00165798     0.258706
IMAGINARY
          0  0.00719566  0.00693853 -0.00439717
-0.00719566           0  0.00974395  0.00664682
-0.00693853 -0.00974395           0 -0.00630965
 0.00439717 -0.00664682  0.00630965           0
Repeater1[0]<--->EndNode1[0]
REAL
   0.268416  0.00272776  0.00442795    0.036829
 0.00272776    0.224277 -0.00213013 -0.00366366
 0.00442795 -0.00213013     0.22547 -0.00502064
   0.036829 -0.00366366 -0.00502064    0.281837
IMAGINARY
          0  0.00663662   0.0082367  0.00638573
-0.00663662           0  0.00218908 -0.00132696
 -0.0082367 -0.00218908           0  0.00409552
-0.00638573  0.00132696 -0.00409552           0
Repeater1[0]<--->HoM1[0]
REAL
    0.263993   -0.0011882 -0.000634892    0.0352431
  -0.0011882     0.249378  0.000984371  -0.00165798
-0.000634892  0.000984371     0.227923   0.00164677
   0.0352431  -0.00165798   0.00164677     0.258706
IMAGINARY
          0  0.00693853  0.00719566 -0.00439717
-0.00693853           0 -0.00974395 -0.00630965
-0.00719566  0.00974395           0  0.00664682
 0.00439717  0.00630965 -0.00664682           0
EndNode1[0]<--->Repeater1[0]
REAL
    0.260343   0.00563842   0.00248066    0.0324647
  0.00563842     0.237589 -0.000293922   0.00232992
  0.00248066 -0.000293922     0.233452   0.00338142
   0.0324647   0.00232992   0.00338142     0.268617
IMAGINARY
          0    0.005333 -0.00588733  0.00157844
  -0.005333           0  0.00126672  0.00559997
 0.00588733 -0.00126672           0 -0.00447093
-0.00157844 -0.00559997  0.00447093           0
EndNode2[0]<--->HoM1[0]
REAL
   0.270158  0.00604958  0.00314111   0.0331621
 0.00604958    0.230586 -0.00641688  0.00819162
 0.00314111 -0.00641688    0.238322  0.00346991
  0.0331621  0.00819162  0.00346991    0.260934
IMAGINARY
          0  0.00212412  0.00144842  0.00363038
-0.00212412           0 -0.00497729  -0.0128626
-0.00144842  0.00497729           0  0.00780769
-0.00363038   0.0128626 -0.00780769           0
Repeater1[0]<--->EndNode1[0]
REAL
    0.260343   0.00248066   0.00563842    0.0324647
  0.00248066     0.233452 -0.000293922   0.00338142
  0.00563842 -0.000293922     0.237589   0.00232992
   0.0324647   0.00338142   0.00232992     0.268617
IMAGINARY
          0 -0.00588733    0.005333  0.00157844
 0.00588733           0 -0.00126672 -0.00447093
  -0.005333  0.00126672           0  0.00559997
-0.00157844  0.00447093 -0.00559997           0
Repeater1[0]<--->HoM1[0]
REAL
   0.270158  0.00314111  0.00604958   0.0331621
 0.00314111    0.238322 -0.00641688  0.00346991
 0.00604958 -0.00641688    0.230586  0.00819162
  0.0331621  0.00346991  0.00819162    0.260934
IMAGINARY
