EndNode1[0]<--->Repeater1[0]
REAL
    0.424545  -0.00207347   0.00264798     0.349484
 -0.00207347    0.0740909 -0.000174164   0.00264798
  0.00264798 -0.000174164    0.0756364   0.00621232
    0.349484   0.00264798   0.00621232     0.425727
IMAGINARY
           0   0.00201969  -0.00412875    0.0018571
 -0.00201969            0   -0.0015893 -0.000184689
  0.00412875    0.0015893            0   0.00310253
  -0.0018571  0.000184689  -0.00310253            0
EndNode2[0]<--->HoM1[0]
REAL
    0.427311   0.00515891 -0.000503708     0.351787
  0.00515891    0.0727338   0.00101945   0.00117521
-0.000503708   0.00101945    0.0770546  -0.00556181
    0.351787   0.00117521  -0.00556181       0.4229
IMAGINARY
           0  -0.00233999  -0.00318528  -0.00308103
  0.00233999            0  -0.00048943  0.000140659
  0.00318528   0.00048943            0  -0.00224967
  0.00308103 -0.000140659   0.00224967            0
Repeater1[0]<--->EndNode1[0]
REAL
    0.424545   0.00264798  -0.00207347     0.349484
  0.00264798    0.0756364 -0.000174164   0.00621232
 -0.00207347 -0.000174164    0.0740909   0.00264798
    0.349484   0.00621232   0.00264798     0.425727
IMAGINARY
           0  -0.00412875   0.00201969    0.0018571
  0.00412875            0    0.0015893   0.00310253
 -0.00201969   -0.0015893            0 -0.000184689
  -0.0018571  -0.00310253  0.000184689            0
Repeater1[0]<--->HoM1[0]
REAL
    0.427311 -0.000503708   0.00515891     0.351787
-0.000503708    0.0770546   0.00101945  -0.00556181
  0.00515891   0.00101945    0.0727338   0.00117521
    0.351787  -0.00556181   0.00117521       0.4229
IMAGINARY
           0  -0.00318528  -0.00233999  -0.00308103
  0.00318528            0   0.00048943  -0.00224967
  0.00233999  -0.00048943            0  0.000140659
  0.00308103   0.00224967 -0.000140659            0
EndNode1[0]<--->Repeater1[0]
REAL
    0.423359    0.0050475   0.00316408     0.351871
   0.0050475    0.0793239 -0.000109518  -0.00198398
  0.00316408 -0.000109518    0.0752996  -0.00177952
    0.351871  -0.00198398  -0.00177952     0.422018
IMAGINARY
           0  -0.00487393  -0.00248714  -0.00257193
  0.00487393            0   0.00392744    0.0031087
  0.00248714  -0.00392744            0 -0.000808893
  0.00257193   -0.0031087  0.000808893            0
EndNode2[0]<--->HoM1[0]
REAL
   0.429465 -0.00031954 0.000161704    0.354933
-0.00031954   0.0758657 -0.00459753  0.00047362
0.000161704 -0.00459753   0.0735748    0.004313
   0.354933  0.00047362    0.004313    0.421094
IMAGINARY
           0  -0.00310323   -0.0025809 -0.000222434
  0.00310323            0  -0.00424511   0.00792825
   0.0025809   0.00424511            0   0.00144061
 0.000222434  -0.00792825  -0.00144061            0
Repeater1[0]<--->EndNode1[0]
REAL
    0.423359   0.00316408    0.0050475     0.351871
  0.00316408    0.0752996 -0.000109518  -0.00177952
   0.0050475 -0.000109518    0.0793239  -0.00198398
    0.351871  -0.00177952  -0.00198398     0.422018
IMAGINARY
           0  -0.00248714  -0.00487393  -0.00257193
  0.00248714            0  -0.00392744 -0.000808893
  0.00487393   0.00392744            0    0.0031087
  0.00257193  0.000808893   -0.0031087            0
Repeater1[0]<--->HoM1[0]
REAL
   0.429465 0.000161704 -0.00031954    0.354933
0.000161704   0.0735748 -0.00459753    0.004313
-0.00031954 -0.00459753   0.0758657  0.00047362
   0.354933    0.004313  0.00047362    0.421094
IMAGINARY
           0   -0.0025809  -0.00310323 -0.000222434
   0.0025809            0   0.00424511   0.00144061
  0.00310323  -0.00424511            0   0.00792825
 0.000222434  -0.00144061  -0.00792825            0
EndNode1[0]<--->Repeater1[0]
REAL
   0.429435 -0.00452033 -0.00496068    0.357171
-0.00452033   0.0760213  0.00256058 3.04109e-05
-0.00496068  0.00256058   0.0699793  -0.0024531
   0.357171 3.04109e-05  -0.0024531    0.424565
IMAGINARY
           0 -0.000295038 -0.000524716 -0.000395055
 0.000295038            0  -0.00311972  -0.00314583
 0.000524716   0.00311972            0   0.00450274
 0.000395055   0.00314583  -0.00450274            0
EndNode2[0]<--->HoM1[0]
REAL
    0.425785  -0.00214738   0.00480133     0.347413
 -0.00214738    0.0771036   0.00114747   -0.0027958
  0.00480133   0.00114747    0.0747562 -0.000927759
    0.347413   -0.0027958 -0.000927759     0.422355
IMAGINARY
           0   0.00404277 -0.000919196   0.00137468
 -0.00404277            0 -0.000477338  -0.00393605
 0.000919196  0.000477338            0   0.00480558
 -0.00137468   0.00393605  -0.00480558            0
Repeater1[0]<--->EndNode1[0]
REAL
   0.429435 -0.00496068 -0.00452033    0.357171
-0.00496068   0.0699793  0.00256058  -0.0024531
-0.00452033  0.00256058   0.0760213 3.04109e-05
   0.357171  -0.0024531 3.04109e-05    0.424565
IMAGINARY
           0 -0.000524716 -0.000295038 -0.000395055
 0.000524716            0   0.00311972   0.00450274
 0.000295038  -0.00311972            0  -0.00314583
 0.000395055  -0.00450274   0.00314583            0
Repeater1[0]<--->HoM1[0]
REAL
    0.425785   0.00480133  -0.00214738     0.347413
  0.00480133    0.0747562   0.00114747 -0.000927759
 -0.00214738   0.00114747    0.0771036   -0.0027958
    0.347413 -0.000927759   -0.0027958     0.422355
IMAGINARY
           0 -0.000919196   0.00404277   0.00137468
 0.000919196            0  0.000477338   0.00480558
 -0.00404277 -0.000477338            0  -0.00393605
 -0.00137468  -0.00480558   0.00393605            0
EndNode1[0]<--->Repeater1[0]
REAL
    0.425914   0.00203121   0.00273309     0.350753
  0.00203121     0.072574   0.00100341  -0.00255481
  0.00273309   0.00100341    0.0777055 -0.000694077
    0.350753  -0.00255481 -0.000694077     0.423806
IMAGINARY
           0 -0.000378301  0.000438437  -0.00251068
 0.000378301            0   0.00375115  -0.00670635
-0.000438437  -0.00375115            0   0.00861612
  0.00251068   0.00670635  -0.00861612            0
EndNode2[0]<--->HoM1[0]
REAL
   0.421537  0.00113323 -0.00151302    0.347617
 0.00113323   0.0751564 -0.00207044 0.000152598
-0.00151302 -0.00207044   0.0758713 -0.00294712
   0.347617 0.000152598 -0.00294712    0.427435
IMAGINARY
          0  0.00208202   0.0017309 -0.00351822
-0.00208202           0 -0.00170826  0.00397829
 -0.0017309  0.00170826           0  0.00139702
 0.00351822 -0.00397829 -0.00139702           0
Repeater1[0]<--->EndNode1[0]
REAL
    0.425914   0.00273309   0.00203121     0.350753
  0.00273309    0.0777055   0.00100341 -0.000694077
  0.00203121   0.00100341     0.072574  -0.00255481
    0.350753 -0.000694077  -0.00255481     0.423806
IMAGINARY
           0  0.000438437 -0.000378301  -0.00251068
-0.000438437            0  -0.00375115   0.00861612
 0.000378301   0.00375115            0  -0.00670635
  0.00251068  -0.00861612   0.00670635            0
Repeater1[0]<--->HoM1[0]
REAL
   0.421537 -0.00151302  0.00113323    0.347617
-0.00151302   0.0758713 -0.00207044 -0.00294712
 0.00113323 -0.00207044   0.0751564 0.000152598
   0.347617 -0.00294712 0.000152598    0.427435
IMAGINARY
          0   0.0017309  0.00208202 -0.00351822
 -0.0017309           0  0.00170826  0.00139702
-0.00208202 -0.00170826           0  0.00397829
 0.00351822 -0.00139702 -0.00397829           0
EndNode1[0]<--->Repeater1[0]
REAL
    0.43379 0.000371946 -0.00763275    0.350195
0.000371946   0.0713513  0.00178889 0.000633197
-0.00763275  0.00178889    0.073877 -0.00130819
   0.350195 0.000633197 -0.00130819    0.420981
IMAGINARY
           0  0.000817585   0.00327162 -0.000798478
-0.000817585            0  -0.00129357  -0.00157033
 -0.00327162   0.00129357            0  -0.00314567
 0.000798478   0.00157033   0.00314567            0
EndNode2[0]<--->HoM1[0]
REAL
   0.433458  0.00391034  0.00444773    0.350417
 0.00391034   0.0734719 -0.00299752  0.00274522
 0.00444773 -0.00299752   0.0735608  0.00337252
   0.350417  0.00274522  0.00337252     0.41951
IMAGINARY
           0  0.000779734  -0.00651012  -0.00688656
-0.000779734            0   0.00246178   0.00137236
  0.00651012  -0.00246178            0   0.00344869
  0.00688656  -0.00137236  -0.00344869            0
Repeater1[0]<--->EndNode1[0]
REAL
    0.43379 -0.00763275 0.000371946    0.350195
-0.00763275    0.073877  0.00178889 -0.00130819
0.000371946  0.00178889   0.0713513 0.000633197
   0.350195 -0.00130819 0.000633197    0.420981
IMAGINARY
           0   0.00327162  0.000817585 -0.000798478
 -0.00327162            0   0.00129357  -0.00314567
-0.000817585  -0.00129357            0  -0.00157033
 0.000798478   0.00314567   0.00157033            0
Repeater1[0]<--->HoM1[0]
REAL
   0.433458  0.00444773  0.00391034    0.350417
 0.00444773   0.0735608 -0.00299752  0.00337252
 0.00391034 -0.00299752   0.0734719  0.00274522
   0.350417  0.00337252  0.00274522     0.41951
IMAGINARY
           0  -0.00651012  0.000779734  -0.00688656
  0.00651012            0  -0.00246178   0.00344869
-0.000779734   0.00246178            0   0.00137236
  0.00688656  -0.00344869  -0.00137236            0
EndNode1[0]<--->Repeater1[0]
REAL
   0.422238 -0.00336109  0.00272921    0.352338
-0.00336109   0.0745179  0.00218029 0.000615715
 0.00272921  0.00218029   0.0740674  0.00501125
   0.352338 0.000615715  0.00501125    0.429176
IMAGINARY
           0   0.00178441  -0.00596543  -0.00237102
 -0.00178441            0   0.00332271    0.0072688
  0.00596543  -0.00332271            0  5.82873e-05
  0.00237102   -0.0072688 -5.82873e-05            0
EndNode2[0]<--->HoM1[0]
REAL
   0.430537  -0.0037594  0.00522826    0.347708
 -0.0037594   0.0758925 -0.00335371 -0.00239425
 0.00522826 -0.00335371   0.0754429  0.00173511
   0.347708 -0.00239425  0.00173511    0.418128
IMAGINARY
           0  -0.00305147  0.000955355   0.00588268
  0.00305147            0  -0.00143484  0.000822058
-0.000955355   0.00143484            0   0.00182096
 -0.00588268 -0.000822058  -0.00182096            0
Repeater1[0]<--->EndNode1[0]
REAL
   0.422238  0.00272921 -0.00336109    0.352338
 0.00272921   0.0740674  0.00218029  0.00501125
-0.00336109  0.00218029   0.0745179 0.000615715
   0.352338  0.00501125 0.000615715    0.429176
IMAGINARY
           0  -0.00596543   0.00178441  -0.00237102
  0.00596543            0  -0.00332271  5.82873e-05
 -0.00178441   0.00332271            0    0.0072688
  0.00237102 -5.82873e-05   -0.0072688            0
Repeater1[0]<--->HoM1[0]
REAL
   0.430537  0.00522826  -0.0037594    0.347708
 0.00522826   0.0754429 -0.00335371  0.00173511
 -0.0037594 -0.00335371   0.0758925 -0.00239425
   0.347708  0.00173511 -0.00239425    0.418128
IMAGINARY
           0  0.000955355  -0.00305147   0.00588268
-0.000955355            0   0.00143484   0.00182096
  0.00305147  -0.00143484            0  0.000822058
 -0.00588268  -0.00182096 -0.000822058            0
EndNode1[0]<--->Repeater1[0]
REAL
    0.43252 -0.00180062  -0.0024807    0.354634
-0.00180062   0.0749282 -1.2011e-05   0.0019856
 -0.0024807 -1.2011e-05   0.0758256 -0.00166504
   0.354634   0.0019856 -0.00166504    0.416726
IMAGINARY
           0  -0.00308768  -0.00261057   0.00458671
  0.00308768            0   0.00315763 -0.000529502
  0.00261057  -0.00315763            0   0.00140387
 -0.00458671  0.000529502  -0.00140387            0
EndNode2[0]<--->HoM1[0]
REAL
    0.430712  0.000105871   0.00527945     0.353468
 0.000105871    0.0694697  0.000328903 -0.000638771
  0.00527945  0.000328903    0.0733745   0.00241335
    0.353468 -0.000638771   0.00241335     0.426444
IMAGINARY
           0  -0.00209596   0.00129684    0.0028012
  0.00209596            0  3.03708e-05  0.000538926
 -0.00129684 -3.03708e-05            0 -0.000635304
  -0.0028012 -0.000538926  0.000635304            0
Repeater1[0]<--->EndNode1[0]
REAL
    0.43252  -0.0024807 -0.00180062    0.354634
 -0.0024807   0.0758256 -1.2011e-05 -0.00166504
-0.00180062 -1.2011e-05   0.0749282   0.0019856
   0.354634 -0.00166504   0.0019856    0.416726
IMAGINARY
           0  -0.00261057  -0.00308768   0.00458671
  0.00261057            0  -0.00315763   0.00140387
  0.00308768   0.00315763            0 -0.000529502
 -0.00458671  -0.00140387  0.000529502            0
Repeater1[0]<--->HoM1[0]
REAL
    0.430712   0.00527945  0.000105871     0.353468
  0.00527945    0.0733745  0.000328903   0.00241335
 0.000105871  0.000328903    0.0694697 -0.000638771
    0.353468   0.00241335 -0.000638771     0.426444
IMAGINARY
           0   0.00129684  -0.00209596    0.0028012
 -0.00129684            0 -3.03708e-05 -0.000635304
  0.00209596  3.03708e-05            0  0.000538926
  -0.0028012  0.000635304 -0.000538926            0
EndNode1[0]<--->Repeater1[0]
REAL
     0.41876   0.00120372  -0.00172873     0.352515
  0.00120372    0.0769301 -0.000526317 -0.000390874
 -0.00172873 -0.000526317    0.0749129  -0.00215078
    0.352515 -0.000390874  -0.00215078     0.429397
IMAGINARY
           0  -0.00418986   0.00403276  -0.00216211
  0.00418986            0   0.00170549  -0.00304586
 -0.00403276  -0.00170549            0 -0.000206334
  0.00216211   0.00304586  0.000206334            0
EndNode2[0]<--->HoM1[0]
REAL
     0.42378  -0.00108547 -0.000457935     0.350042
 -0.00108547    0.0786406   0.00209291   0.00499726
-0.000457935   0.00209291    0.0763989   0.00337761
    0.350042   0.00499726   0.00337761      0.42118
IMAGINARY
           0   0.00889187  -0.00740762  6.72092e-05
 -0.00889187            0  0.000702649  -0.00269022
  0.00740762 -0.000702649            0   0.00174452
-6.72092e-05   0.00269022  -0.00174452            0
Repeater1[0]<--->EndNode1[0]
REAL
     0.41876  -0.00172873   0.00120372     0.352515
 -0.00172873    0.0749129 -0.000526317  -0.00215078
  0.00120372 -0.000526317    0.0769301 -0.000390874
    0.352515  -0.00215078 -0.000390874     0.429397
IMAGINARY
           0   0.00403276  -0.00418986  -0.00216211
 -0.00403276            0  -0.00170549 -0.000206334
  0.00418986   0.00170549            0  -0.00304586
  0.00216211  0.000206334   0.00304586            0
Repeater1[0]<--->HoM1[0]
REAL
     0.42378 -0.000457935  -0.00108547     0.350042
-0.000457935    0.0763989   0.00209291   0.00337761
 -0.00108547   0.00209291    0.0786406   0.00499726
    0.350042   0.00337761   0.00499726      0.42118
IMAGINARY
           0  -0.00740762   0.00889187  6.72092e-05
  0.00740762            0 -0.000702649   0.00174452
 -0.00889187  0.000702649            0  -0.00269022
-6.72092e-05  -0.00174452   0.00269022            0
EndNode1[0]<--->Repeater1[0]
REAL
   0.428962 -0.00333695 -0.00345856    0.352225
-0.00333695   0.0747903  0.00101501 0.000945538
-0.00345856  0.00101501   0.0759382 -0.00356244
   0.352225 0.000945538 -0.00356244    0.420309
IMAGINARY
           0  -0.00179197  -0.00335086 -0.000539493
  0.00179197            0  0.000137097  0.000201615
  0.00335086 -0.000137097            0   0.00603661
 0.000539493 -0.000201615  -0.00603661            0
EndNode2[0]<--->HoM1[0]
REAL
   0.419546 -0.00420602  0.00517108    0.352137
-0.00420602   0.0738969 -0.00186673 -0.00155816
 0.00517108 -0.00186673   0.0768208  0.00333709
   0.352137 -0.00155816  0.00333709    0.429736
IMAGINARY
           0 -0.000147532   0.00143015   0.00108317
 0.000147532            0  0.000991894  -0.00699279
 -0.00143015 -0.000991894            0   0.00105944
 -0.00108317   0.00699279  -0.00105944            0
Repeater1[0]<--->EndNode1[0]
REAL
   0.428962 -0.00345856 -0.00333695    0.352225
-0.00345856   0.0759382  0.00101501 -0.00356244
-0.00333695  0.00101501   0.0747903 0.000945538
   0.352225 -0.00356244 0.000945538    0.420309
IMAGINARY
           0  -0.00335086  -0.00179197 -0.000539493
  0.00335086            0 -0.000137097   0.00603661
  0.00179197  0.000137097            0  0.000201615
 0.000539493  -0.00603661 -0.000201615            0
Repeater1[0]<--->HoM1[0]
REAL
   0.419546  0.00517108 -0.00420602    0.352137
 0.00517108   0.0768208 -0.00186673  0.00333709
-0.00420602 -0.00186673   0.0738969 -0.00155816
   0.352137  0.00333709 -0.00155816    0.429736
IMAGINARY
           0   0.00143015 -0.000147532   0.00108317
 -0.00143015            0 -0.000991894   0.00105944
 0.000147532  0.000991894            0  -0.00699279
 -0.00108317  -0.00105944   0.00699279            0
EndNode1[0]<--->Repeater1[0]
REAL
   0.424021 -0.00233994 -0.00354533    0.349553
-0.00233994   0.0764701 -0.00114677  0.00273946
-0.00354533 -0.00114677   0.0795039  0.00144453
   0.349553  0.00273946  0.00144453    0.420005
IMAGINARY
           0  -0.00011699 -0.000566156   0.00122769
  0.00011699            0   0.00176687  0.000521589
 0.000566156  -0.00176687            0  0.000428961
 -0.00122769 -0.000521589 -0.000428961            0
EndNode2[0]<--->HoM1[0]
REAL
    0.429885  0.000161856 -0.000892623     0.350579
 0.000161856    0.0770133 -0.000752815 -0.000758131
-0.000892623 -0.000752815    0.0729552 -0.000474161
    0.350579 -0.000758131 -0.000474161     0.420146
IMAGINARY
           0   -0.0020014   0.00879463  -0.00169381
   0.0020014            0  -0.00317776   -0.0024101
 -0.00879463   0.00317776            0  0.000177249
  0.00169381    0.0024101 -0.000177249            0
Repeater1[0]<--->EndNode1[0]
REAL
   0.424021 -0.00354533 -0.00233994    0.349553
-0.00354533   0.0795039 -0.00114677  0.00144453
-0.00233994 -0.00114677   0.0764701  0.00273946
   0.349553  0.00144453  0.00273946    0.420005
IMAGINARY
           0 -0.000566156  -0.00011699   0.00122769
 0.000566156            0  -0.00176687  0.000428961
  0.00011699   0.00176687            0  0.000521589
 -0.00122769 -0.000428961 -0.000521589            0
Repeater1[0]<--->HoM1[0]
REAL
    0.429885 -0.000892623  0.000161856     0.350579
-0.000892623    0.0729552 -0.000752815 -0.000474161
 0.000161856 -0.000752815    0.0770133 -0.000758131
    0.350579 -0.000474161 -0.000758131     0.420146
IMAGINARY
           0   0.00879463   -0.0020014  -0.00169381
 -0.00879463            0   0.00317776  0.000177249
   0.0020014  -0.00317776            0   -0.0024101
  0.00169381 -0.000177249    0.0024101            0
EndNode1[0]<--->Repeater1[0]
REAL
   0.422386 -0.00333827  0.00605934    0.348463
-0.00333827    0.075548  0.00324207 -0.00263159
 0.00605934  0.00324207    0.075548  0.00189501
   0.348463 -0.00263159  0.00189501    0.426518
IMAGINARY
          0  0.00480008 -0.00772199  0.00284972
-0.00480008           0 -0.00352339 -0.00605035
 0.00772199  0.00352339           0  0.00267895
-0.00284972  0.00605035 -0.00267895           0
EndNode2[0]<--->HoM1[0]
REAL
   0.428818 0.000297763 -0.00223252    0.349335
0.000297763   0.0666001  0.00219935   0.0020959
-0.00223252  0.00219935   0.0683241  -0.0051707
   0.349335   0.0020959  -0.0051707    0.436258
IMAGINARY
           0  -0.00825709  -0.00178139  0.000420044
  0.00825709            0  -0.00289062   0.00452395
  0.00178139   0.00289062            0  0.000838688
-0.000420044  -0.00452395 -0.000838688            0
Repeater1[0]<--->EndNode1[0]
REAL
   0.422386  0.00605934 -0.00333827    0.348463
 0.00605934    0.075548  0.00324207  0.00189501
-0.00333827  0.00324207    0.075548 -0.00263159
   0.348463  0.00189501 -0.00263159    0.426518
IMAGINARY
          0 -0.00772199  0.00480008  0.00284972
 0.00772199           0  0.00352339  0.00267895
-0.00480008 -0.00352339           0 -0.00605035
-0.00284972 -0.00267895  0.00605035           0
Repeater1[0]<--->HoM1[0]
REAL
   0.428818 -0.00223252 0.000297763    0.349335
-0.00223252   0.0683241  0.00219935  -0.0051707
0.000297763  0.00219935   0.0666001   0.0020959
   0.349335  -0.0051707   0.0020959    0.436258
IMAGINARY
           0  -0.00178139  -0.00825709  0.000420044
  0.00178139            0   0.00289062  0.000838688
  0.00825709  -0.00289062            0   0.00452395
-0.000420044 -0.000838688  -0.00452395            0
EndNode1[0]<--->Repeater1[0]
REAL
    0.40776 -0.00111329 -0.00557763    0.354043
-0.00111329   0.0761631 -0.00132398  0.00377712
-0.00557763 -0.00132398    0.075265  0.00183349
   0.354043  0.00377712  0.00183349    0.440812
IMAGINARY
          0  -0.0030627  0.00385558  0.00651484
  0.0030627           0  -0.0050378  0.00875622
-0.00385558   0.0050378           0 -0.00910188
-0.00651484 -0.00875622  0.00910188           0
EndNode2[0]<--->HoM1[0]
REAL
   0.426106  0.00167607 0.000575247    0.351083
 0.00167607   0.0786768 -0.00423694  0.00187885
0.000575247 -0.00423694   0.0729549 0.000141778
   0.351083  0.00187885 0.000141778    0.422262
IMAGINARY
           0  -0.00340662   0.00112848   0.00081504
  0.00340662            0 -4.96186e-05  3.97463e-05
 -0.00112848  4.96186e-05            0   0.00151949
 -0.00081504 -3.97463e-05  -0.00151949            0
Repeater1[0]<--->EndNode1[0]
REAL
    0.40776 -0.00557763 -0.00111329    0.354043
-0.00557763    0.075265 -0.00132398  0.00183349
-0.00111329 -0.00132398   0.0761631  0.00377712
   0.354043  0.00183349  0.00377712    0.440812
IMAGINARY
          0  0.00385558  -0.0030627  0.00651484
-0.00385558           0   0.0050378 -0.00910188
  0.0030627  -0.0050378           0  0.00875622
-0.00651484  0.00910188 -0.00875622           0
Repeater1[0]<--->HoM1[0]
REAL
   0.426106 0.000575247  0.00167607    0.351083
0.000575247   0.0729549 -0.00423694 0.000141778
 0.00167607 -0.00423694   0.0786768  0.00187885
   0.351083 0.000141778  0.00187885    0.422262
IMAGINARY
           0   0.00112848  -0.00340662   0.00081504
 -0.00112848            0  4.96186e-05   0.00151949
  0.00340662 -4.96186e-05            0  3.97463e-05
 -0.00081504  -0.00151949 -3.97463e-05            0
EndNode1[0]<--->Repeater1[0]
REAL
   0.418826 -0.00490551  0.00128193    0.346185
-0.00490551   0.0769162  0.00106636 -0.00491454
 0.00128193  0.00106636   0.0770955  0.00243892
   0.346185 -0.00491454  0.00243892    0.427163
IMAGINARY
           0   0.00398235  0.000409078  -0.00614122
 -0.00398235            0  -0.00402842  -0.00259365
-0.000409078   0.00402842            0 -0.000281948
  0.00614122   0.00259365  0.000281948            0
EndNode2[0]<--->HoM1[0]
REAL
   0.414581  0.00294025  0.00254121    0.353444
 0.00294025   0.0778367  0.00458682 -0.00213585
 0.00254121  0.00458682   0.0727206 -0.00199439
   0.353444 -0.00213585 -0.00199439    0.434862
IMAGINARY
           0 -0.000947028  -0.00401376   0.00278492
 0.000947028            0   0.00215212   -0.0015423
  0.00401376  -0.00215212            0   0.00370247
 -0.00278492    0.0015423  -0.00370247            0
Repeater1[0]<--->EndNode1[0]
REAL
   0.418826  0.00128193 -0.00490551    0.346185
 0.00128193   0.0770955  0.00106636  0.00243892
-0.00490551  0.00106636   0.0769162 -0.00491454
   0.346185  0.00243892 -0.00491454    0.427163
IMAGINARY
           0  0.000409078   0.00398235  -0.00614122
-0.000409078            0   0.00402842 -0.000281948
 -0.00398235  -0.00402842            0  -0.00259365
  0.00614122  0.000281948   0.00259365            0
Repeater1[0]<--->HoM1[0]
REAL
   0.414581  0.00254121  0.00294025    0.353444
 0.00254121   0.0727206  0.00458682 -0.00199439
 0.00294025  0.00458682   0.0778367 -0.00213585
   0.353444 -0.00199439 -0.00213585    0.434862
IMAGINARY
           0  -0.00401376 -0.000947028   0.00278492
  0.00401376            0  -0.00215212   0.00370247
 0.000947028   0.00215212            0   -0.0015423
 -0.00278492  -0.00370247    0.0015423            0
EndNode1[0]<--->Repeater1[0]
REAL
   0.417688   0.0025744 -0.00389926    0.350023
  0.0025744   0.0792025 -0.00207107   0.0020043
-0.00389926 -0.00207107   0.0731663  -0.0072667
   0.350023   0.0020043  -0.0072667    0.429943
IMAGINARY
           0 -0.000784934  -0.00248486  -0.00303664
 0.000784934            0  0.000435273  -0.00297327
  0.00248486 -0.000435273            0  0.000427024
  0.00303664   0.00297327 -0.000427024            0
EndNode2[0]<--->HoM1[0]
REAL
   0.429347 -0.00621723  0.00118336    0.351742
-0.00621723    0.075161 -0.00171114  0.00253228
 0.00118336 -0.00171114    0.074885  0.00536666
   0.351742  0.00253228  0.00536666    0.420607
IMAGINARY
           0  -0.00189791   0.00445503  0.000834629
  0.00189791            0   0.00208619   0.00664429
 -0.00445503  -0.00208619            0  -0.00752103
-0.000834629  -0.00664429   0.00752103            0
Repeater1[0]<--->EndNode1[0]
REAL
   0.417688 -0.00389926   0.0025744    0.350023
-0.00389926   0.0731663 -0.00207107  -0.0072667
  0.0025744 -0.00207107   0.0792025   0.0020043
   0.350023  -0.0072667   0.0020043    0.429943
IMAGINARY
           0  -0.00248486 -0.000784934  -0.00303664
  0.00248486            0 -0.000435273  0.000427024
 0.000784934  0.000435273            0  -0.00297327
  0.00303664 -0.000427024   0.00297327            0
Repeater1[0]<--->HoM1[0]
REAL
   0.429347  0.00118336 -0.00621723    0.351742
 0.00118336    0.074885 -0.00171114  0.00536666
-0.00621723 -0.00171114    0.075161  0.00253228
   0.351742  0.00536666  0.00253228    0.420607
IMAGINARY
           0   0.00445503  -0.00189791  0.000834629
 -0.00445503            0  -0.00208619  -0.00752103
  0.00189791   0.00208619            0   0.00664429
-0.000834629   0.00752103  -0.00664429            0
EndNode1[0]<--->Repeater1[0]
REAL
   0.428559     0.00391  0.00155632    0.352008
    0.00391   0.0771227 0.000859221 -0.00074492
 0.00155632 0.000859221   0.0737228 -0.00165612
   0.352008 -0.00074492 -0.00165612    0.420596
IMAGINARY
           0  -0.00440877   0.00134103   0.00140531
  0.00440877            0  0.000612082 -0.000888873
 -0.00134103 -0.000612082            0 -2.24097e-05
 -0.00140531  0.000888873  2.24097e-05            0
EndNode2[0]<--->HoM1[0]
REAL
   0.423694  0.00380135 0.000723002    0.349462
 0.00380135   0.0745403 -0.00090932  0.00583821
0.000723002 -0.00090932   0.0775292  0.00105215
   0.349462  0.00583821  0.00105215    0.424237
IMAGINARY
           0   0.00513027    0.0017885  -0.00196284
 -0.00513027            0  -0.00263518  0.000295964
  -0.0017885   0.00263518            0 -5.50484e-05
  0.00196284 -0.000295964  5.50484e-05            0
Repeater1[0]<--->EndNode1[0]
REAL
   0.428559  0.00155632     0.00391    0.352008
 0.00155632   0.0737228 0.000859221 -0.00165612
    0.00391 0.000859221   0.0771227 -0.00074492
   0.352008 -0.00165612 -0.00074492    0.420596
IMAGINARY
           0   0.00134103  -0.00440877   0.00140531
 -0.00134103            0 -0.000612082 -2.24097e-05
  0.00440877  0.000612082            0 -0.000888873
 -0.00140531  2.24097e-05  0.000888873            0
Repeater1[0]<--->HoM1[0]
REAL
   0.423694 0.000723002  0.00380135    0.349462
0.000723002   0.0775292 -0.00090932  0.00105215
 0.00380135 -0.00090932   0.0745403  0.00583821
   0.349462  0.00105215  0.00583821    0.424237
IMAGINARY
           0    0.0017885   0.00513027  -0.00196284
  -0.0017885            0   0.00263518 -5.50484e-05
 -0.00513027  -0.00263518            0  0.000295964
  0.00196284  5.50484e-05 -0.000295964            0
EndNode1[0]<--->Repeater1[0]
REAL
    0.42231  0.00165513  0.00126045    0.351878
 0.00165513    0.076702 -0.00148538  0.00375688
 0.00126045 -0.00148538   0.0782288 -0.00010432
   0.351878  0.00375688 -0.00010432    0.422759
IMAGINARY
           0   0.00258292 -0.000983262   0.00193879
 -0.00258292            0  -0.00641613 -0.000308498
 0.000983262   0.00641613            0  -0.00253838
 -0.00193879  0.000308498   0.00253838            0
EndNode2[0]<--->HoM1[0]
REAL
   0.429943 -0.00208285 -0.00560982    0.353082
-0.00208285   0.0691141 -0.00395727   0.0022097
-0.00560982 -0.00395727   0.0738713 -0.00331202
   0.353082   0.0022097 -0.00331202    0.427071
IMAGINARY
           0  -0.00248535  -0.00196229   0.00443131
  0.00248535            0  0.000956617   0.00620954
  0.00196229 -0.000956617            0  -0.00266556
 -0.00443131  -0.00620954   0.00266556            0
Repeater1[0]<--->EndNode1[0]
REAL
    0.42231  0.00126045  0.00165513    0.351878
 0.00126045   0.0782288 -0.00148538 -0.00010432
 0.00165513 -0.00148538    0.076702  0.00375688
   0.351878 -0.00010432  0.00375688    0.422759
IMAGINARY
           0 -0.000983262   0.00258292   0.00193879
 0.000983262            0   0.00641613  -0.00253838
 -0.00258292  -0.00641613            0 -0.000308498
 -0.00193879   0.00253838  0.000308498            0
Repeater1[0]<--->HoM1[0]
REAL
   0.429943 -0.00560982 -0.00208285    0.353082
-0.00560982   0.0738713 -0.00395727 -0.00331202
-0.00208285 -0.00395727   0.0691141   0.0022097
   0.353082 -0.00331202   0.0022097    0.427071
IMAGINARY
           0  -0.00196229  -0.00248535   0.00443131
  0.00196229            0 -0.000956617  -0.00266556
  0.00248535  0.000956617            0   0.00620954
 -0.00443131   0.00266556  -0.00620954            0
EndNode1[0]<--->Repeater1[0]
REAL
    0.429267   0.00209064 -0.000309668     0.350695
  0.00209064    0.0783024  -0.00158951  0.000983704
-0.000309668  -0.00158951    0.0741575   0.00280736
    0.350695  0.000983704   0.00280736     0.418274
IMAGINARY
           0  -0.00046256   0.00205707  -0.00319906
  0.00046256            0 -1.54886e-05  -0.00223419
 -0.00205707  1.54886e-05            0   -0.0023713
  0.00319906   0.00223419    0.0023713            0
EndNode2[0]<--->HoM1[0]
REAL
   0.421275 0.000902949  0.00131957    0.347668
0.000902949   0.0770197  -0.0030045  0.00085763
 0.00131957  -0.0030045   0.0712747 -0.00121398
   0.347668  0.00085763 -0.00121398    0.430431
IMAGINARY
           0  -0.00147215  -0.00483271  0.000543561
  0.00147215            0   0.00401297    0.0110211
  0.00483271  -0.00401297            0  -0.00624085
-0.000543561   -0.0110211   0.00624085            0
Repeater1[0]<--->EndNode1[0]
REAL
    0.429267 -0.000309668   0.00209064     0.350695
-0.000309668    0.0741575  -0.00158951   0.00280736
  0.00209064  -0.00158951    0.0783024  0.000983704
    0.350695   0.00280736  0.000983704     0.418274
IMAGINARY
           0   0.00205707  -0.00046256  -0.00319906
 -0.00205707            0  1.54886e-05   -0.0023713
  0.00046256 -1.54886e-05            0  -0.00223419
  0.00319906    0.0023713   0.00223419            0
Repeater1[0]<--->HoM1[0]
REAL
   0.421275  0.00131957 0.000902949    0.347668
 0.00131957   0.0712747  -0.0030045 -0.00121398
0.000902949  -0.0030045   0.0770197  0.00085763
   0.347668 -0.00121398  0.00085763    0.430431
IMAGINARY
           0  -0.00483271  -0.00147215  0.000543561
  0.00483271            0  -0.00401297  -0.00624085
  0.00147215   0.00401297            0    0.0110211
-0.000543561   0.00624085   -0.0110211            0
EndNode1[0]<--->Repeater1[0]
REAL
    0.429748   0.00210726   0.00414054     0.355607
  0.00210726    0.0693227   0.00449847   0.00337485
  0.00414054   0.00449847    0.0806552 -0.000477413
    0.355607   0.00337485 -0.000477413     0.420274
IMAGINARY
           0   0.00653915  -0.00230736  -0.00281437
 -0.00653915            0  -0.00345039  -0.00361756
  0.00230736   0.00345039            0  0.000109428
  0.00281437   0.00361756 -0.000109428            0
EndNode2[0]<--->HoM1[0]
REAL
   0.430858 -0.00225363  0.00123166     0.34579
-0.00225363   0.0725332  0.00339635 0.000198697
 0.00123166  0.00339635   0.0775979 1.86888e-05
    0.34579 0.000198697 1.86888e-05    0.419011
IMAGINARY
          0 -0.00236636  0.00367291  0.00150857
 0.00236636           0 -0.00268038 -0.00380996
-0.00367291  0.00268038           0  0.00131565
-0.00150857  0.00380996 -0.00131565           0
Repeater1[0]<--->EndNode1[0]
REAL
    0.429748   0.00414054   0.00210726     0.355607
  0.00414054    0.0806552   0.00449847 -0.000477413
  0.00210726   0.00449847    0.0693227   0.00337485
    0.355607 -0.000477413   0.00337485     0.420274
IMAGINARY
           0  -0.00230736   0.00653915  -0.00281437
  0.00230736            0   0.00345039  0.000109428
 -0.00653915  -0.00345039            0  -0.00361756
  0.00281437 -0.000109428   0.00361756            0
Repeater1[0]<--->HoM1[0]
REAL
   0.430858  0.00123166 -0.00225363     0.34579
 0.00123166   0.0775979  0.00339635 1.86888e-05
-0.00225363  0.00339635   0.0725332 0.000198697
    0.34579 1.86888e-05 0.000198697    0.419011
IMAGINARY
          0  0.00367291 -0.00236636  0.00150857
-0.00367291           0  0.00268038  0.00131565
 0.00236636 -0.00268038           0 -0.00380996
-0.00150857 -0.00131565  0.00380996           0
EndNode1[0]<--->Repeater1[0]
REAL
   0.424215  0.00453676  0.00239375    0.351603
 0.00453676   0.0739408  0.00101171 -0.00427412
 0.00239375  0.00101171   0.0733111 -0.00498446
   0.351603 -0.00427412 -0.00498446    0.428533
IMAGINARY
           0    0.0015505  -0.00306708  0.000197434
  -0.0015505            0  -0.00408532  0.000559023
  0.00306708   0.00408532            0 -0.000475615
-0.000197434 -0.000559023  0.000475615            0
EndNode2[0]<--->HoM1[0]
REAL
   0.415145  -0.0042574  0.00311095    0.350774
 -0.0042574   0.0747404  0.00253055 -0.00333636
 0.00311095  0.00253055   0.0754565 -0.00128764
   0.350774 -0.00333636 -0.00128764    0.434658
IMAGINARY
           0  -0.00322173   0.00365645   0.00645203
  0.00322173            0 -9.00245e-05   0.00693753
 -0.00365645  9.00245e-05            0  -0.00773445
 -0.00645203  -0.00693753   0.00773445            0
Repeater1[0]<--->EndNode1[0]
REAL
   0.424215  0.00239375  0.00453676    0.351603
 0.00239375   0.0733111  0.00101171 -0.00498446
 0.00453676  0.00101171   0.0739408 -0.00427412
   0.351603 -0.00498446 -0.00427412    0.428533
IMAGINARY
           0  -0.00306708    0.0015505  0.000197434
  0.00306708            0   0.00408532 -0.000475615
  -0.0015505  -0.00408532            0  0.000559023
-0.000197434  0.000475615 -0.000559023            0
Repeater1[0]<--->HoM1[0]
REAL
   0.415145  0.00311095  -0.0042574    0.350774
 0.00311095   0.0754565  0.00253055 -0.00128764
 -0.0042574  0.00253055   0.0747404 -0.00333636
   0.350774 -0.00128764 -0.00333636    0.434658
IMAGINARY
           0   0.00365645  -0.00322173   0.00645203
 -0.00365645            0  9.00245e-05  -0.00773445
  0.00322173 -9.00245e-05            0   0.00693753
 -0.00645203   0.00773445  -0.00693753            0
EndNode1[0]<--->Repeater1[0]
REAL
     0.41839    0.0022627   0.00253344     0.349339
   0.0022627    0.0739935  -0.00218006 -0.000430534
  0.00253344  -0.00218006    0.0796155     0.001093
    0.349339 -0.000430534     0.001093     0.428001
IMAGINARY
          0 -0.00103592 -0.00192944 -0.00344956
 0.00103592           0  -2.799e-05  0.00282823
 0.00192944   2.799e-05           0 -0.00219975
 0.00344956 -0.00282823  0.00219975           0
EndNode2[0]<--->HoM1[0]
REAL
   0.432994  0.00275985 0.000904934    0.352071
 0.00275985   0.0752678  0.00259548  0.00347366
0.000904934  0.00259548   0.0762666  0.00329942
   0.352071  0.00347366  0.00329942    0.415471
IMAGINARY
          0  0.00160106 -0.00166765  0.00197671
-0.00160106           0 -0.00627471  0.00627741
 0.00166765  0.00627471           0  0.00209588
-0.00197671 -0.00627741 -0.00209588           0
Repeater1[0]<--->EndNode1[0]
REAL
     0.41839   0.00253344    0.0022627     0.349339
  0.00253344    0.0796155  -0.00218006     0.001093
   0.0022627  -0.00218006    0.0739935 -0.000430534
    0.349339     0.001093 -0.000430534     0.428001
IMAGINARY
          0 -0.00192944 -0.00103592 -0.00344956
 0.00192944           0   2.799e-05 -0.00219975
 0.00103592  -2.799e-05           0  0.00282823
 0.00344956  0.00219975 -0.00282823           0
Repeater1[0]<--->HoM1[0]
REAL
   0.432994 0.000904934  0.00275985    0.352071
0.000904934   0.0762666  0.00259548  0.00329942
 0.00275985  0.00259548   0.0752678  0.00347366
   0.352071  0.00329942  0.00347366    0.415471
IMAGINARY
          0 -0.00166765  0.00160106  0.00197671
 0.00166765           0  0.00627471  0.00209588
-0.00160106 -0.00627471           0  0.00627741
-0.00197671 -0.00209588 -0.00627741           0
EndNode1[0]<--->Repeater1[0]
REAL
    0.424121 -0.000785789 -0.000135277     0.353642
-0.000785789    0.0750592  -0.00248085    0.0016147
-0.000135277  -0.00248085    0.0774276 -0.000603971
    0.353642    0.0016147 -0.000603971     0.423392
IMAGINARY
           0  -0.00446194   0.00562781  0.000229156
  0.00446194            0   0.00358967  0.000352201
 -0.00562781  -0.00358967            0  0.000624026
-0.000229156 -0.000352201 -0.000624026            0
EndNode2[0]<--->HoM1[0]
REAL
   0.427671  0.00687334  -0.0052323    0.350112
 0.00687334   0.0746242  0.00334533  0.00809866
 -0.0052323  0.00334533   0.0730039 0.000471695
   0.350112  0.00809866 0.000471695    0.424701
IMAGINARY
           0   0.00256893 -0.000656553   0.00153319
 -0.00256893            0   0.00153319  2.26101e-05
 0.000656553  -0.00153319            0  -0.00320288
 -0.00153319 -2.26101e-05   0.00320288            0
Repeater1[0]<--->EndNode1[0]
REAL
    0.424121 -0.000135277 -0.000785789     0.353642
-0.000135277    0.0774276  -0.00248085 -0.000603971
-0.000785789  -0.00248085    0.0750592    0.0016147
    0.353642 -0.000603971    0.0016147     0.423392
IMAGINARY
           0   0.00562781  -0.00446194  0.000229156
 -0.00562781            0  -0.00358967  0.000624026
  0.00446194   0.00358967            0  0.000352201
-0.000229156 -0.000624026 -0.000352201            0
Repeater1[0]<--->HoM1[0]
REAL
   0.427671  -0.0052323  0.00687334    0.350112
 -0.0052323   0.0730039  0.00334533 0.000471695
 0.00687334  0.00334533   0.0746242  0.00809866
   0.350112 0.000471695  0.00809866    0.424701
IMAGINARY
           0 -0.000656553   0.00256893   0.00153319
 0.000656553            0  -0.00153319  -0.00320288
 -0.00256893   0.00153319            0  2.26101e-05
 -0.00153319   0.00320288 -2.26101e-05            0
EndNode1[0]<--->Repeater1[0]
REAL
    0.427715   0.00206774  -0.00462711      0.35294
  0.00206774    0.0749659  -0.00348948 -0.000417983
 -0.00462711  -0.00348948    0.0775102  -0.00514838
     0.35294 -0.000417983  -0.00514838     0.419809
IMAGINARY
           0   0.00339238  -0.00707392   0.00402488
 -0.00339238            0  -0.00279861  0.000494375
  0.00707392   0.00279861            0   0.00173512
 -0.00402488 -0.000494375  -0.00173512            0
EndNode2[0]<--->HoM1[0]
REAL
   0.432371 -0.00764018 -0.00420118     0.34737
-0.00764018   0.0755803  0.00352494   0.0017266
-0.00420118  0.00352494   0.0733869  0.00489564
    0.34737   0.0017266  0.00489564    0.418662
IMAGINARY
           0  -0.00199194   0.00435827  7.24573e-08
  0.00199194            0  0.000269179  -0.00319026
 -0.00435827 -0.000269179            0  -0.00654354
-7.24573e-08   0.00319026   0.00654354            0
Repeater1[0]<--->EndNode1[0]
REAL
    0.427715  -0.00462711   0.00206774      0.35294
 -0.00462711    0.0775102  -0.00348948  -0.00514838
  0.00206774  -0.00348948    0.0749659 -0.000417983
     0.35294  -0.00514838 -0.000417983     0.419809
IMAGINARY
           0  -0.00707392   0.00339238   0.00402488
  0.00707392            0   0.00279861   0.00173512
 -0.00339238  -0.00279861            0  0.000494375
 -0.00402488  -0.00173512 -0.000494375            0
Repeater1[0]<--->HoM1[0]
REAL
   0.432371 -0.00420118 -0.00764018     0.34737
-0.00420118   0.0733869  0.00352494  0.00489564
-0.00764018  0.00352494   0.0755803   0.0017266
    0.34737  0.00489564   0.0017266    0.418662
IMAGINARY
           0   0.00435827  -0.00199194  7.24573e-08
 -0.00435827            0 -0.000269179  -0.00654354
  0.00199194  0.000269179            0  -0.00319026
-7.24573e-08   0.00654354   0.00319026            0
EndNode1[0]<--->Repeater1[0]
REAL
    0.41589  0.00113997 -0.00363047    0.348836
 0.00113997   0.0774591 0.000452177  0.00389737
-0.00363047 0.000452177   0.0747444 -0.00105101
   0.348836  0.00389737 -0.00105101    0.431907
IMAGINARY
           0   0.00330087   0.00226059  0.000987205
 -0.00330087            0  -0.00257278  -0.00329598
 -0.00226059   0.00257278            0  0.000615582
-0.000987205   0.00329598 -0.000615582            0
EndNode2[0]<--->HoM1[0]
REAL
    0.421608   0.00517077   0.00112369       0.3528
  0.00517077    0.0734281  0.000104612 -0.000585864
  0.00112369  0.000104612    0.0787049   -0.0038262
      0.3528 -0.000585864   -0.0038262     0.426259
IMAGINARY
           0   0.00215235  -0.00082308  0.000364226
 -0.00215235            0   0.00171948  -0.00390112
  0.00082308  -0.00171948            0  -0.00399704
