OMNeT++ Discrete Event Simulation  (C) 1992-2022 Andras Varga, OpenSim Ltd.
Version: 6.0.1, build: 220831-e4f07d04b8, edition: Academic Public License -- NOT FOR COMMERCIAL USE
See the license for distribution terms and warranty disclaimer

Setting up Cmdenv...

Loading NED files from .:  39

Preparing for running configuration ChannelXErrorSimpleMSM-0, run #0...
Assigned runID=ChannelXErrorSimpleMSM-0-0-20230929-08:46:49-80144
Setting up network "networks.Simple_MSM"...
Initializing...

Running simulation...
** Event #0   t=0   Elapsed: 1.4e-05s (0m 00s)  0% completed  (0% total)
     Speed:     ev/sec=0   simsec/sec=0   ev/simsec=0
     Messages:  created: 14   present: 14   in FES: 5
Hash is 205157699, t = 6323470153705173262, long = 6323470153705173262
** Event #2905856   t=10.538280204983   Elapsed: 2.00011s (0m 02s)  52% completed  (5% total)
     Speed:     ev/sec=1.45286e+06   simsec/sec=5.2689   ev/simsec=275743
     Messages:  created: 556522   present: 10   in FES: 2
** Event #6252544   t=12.211624204983   Elapsed: 4.00023s (0m 04s)  61% completed  (6% total)
     Speed:     ev/sec=1.67324e+06   simsec/sec=0.836619   ev/simsec=2e+06
     Messages:  created: 556522   present: 10   in FES: 2
** Event #9698560   t=13.934632204983   Elapsed: 6.00031s (0m 06s)  69% completed  (6% total)
     Speed:     ev/sec=1.72294e+06   simsec/sec=0.86147   ev/simsec=2e+06
     Messages:  created: 556522   present: 10   in FES: 2
** Event #13030400   t=15.600552204983   Elapsed: 8.00042s (0m 08s)  78% completed  (7% total)
     Speed:     ev/sec=1.66583e+06   simsec/sec=0.832915   ev/simsec=2e+06
     Messages:  created: 556522   present: 10   in FES: 2
** Event #16371968   t=17.271336204983   Elapsed: 10.0005s (0m 10s)  86% completed  (8% total)
     Speed:     ev/sec=1.67072e+06   simsec/sec=0.83536   ev/simsec=2e+06
     Messages:  created: 556522   present: 10   in FES: 2
** Event #19769600   t=18.970152204983   Elapsed: 12.0005s (0m 12s)  94% completed  (9% total)
     Speed:     ev/sec=1.6988e+06   simsec/sec=0.849398   ev/simsec=2e+06
     Messages:  created: 556522   present: 10   in FES: 2
** Event #21829295   t=20   Elapsed: 13.2547s (0m 13s)  100% completed  (10% total)
     Speed:     ev/sec=1.64224e+06   simsec/sec=0.821121   ev/simsec=2e+06
     Messages:  created: 556522   present: 10   in FES: 2

<!> Simulation time limit reached -- at t=20s, event #21829295

Calling finish() at end of Run #0...
[INFO]	Finishing Hardware Monitor
default!=results/ChannelXErrorSimpleMSM-0.output
Opened new file to write. Address is 1
[INFO]	1, 0.0711806, -0.00431406, 0.048976
[INFO]	0.0711806, 1, 0.0631769, 0.0111524
[INFO]	0.0112166, -0.0381978, -0.830889, 0.0133809
[INFO]	0.0258237, -0.0235397, 0.0173833, 0.805877
[INFO]	DM =            (0.470169,0) (0.0119102,-0.00326732) (0.0205832,-0.00614937)  (0.457722,-0.00624476)
[INFO]	 (0.0119102,0.00326732)           (0.0427427,0)   (0.0422778,0.0253437)  (0.015007,0.000541086)
[INFO]	 (0.0205832,0.00614937)  (0.0422778,-0.0253437)           (0.0543188,0)  (0.0236801,0.00542435)
[INFO]	  (0.457722,0.00624476) (0.015007,-0.000541086) (0.0236801,-0.00542435)            (0.432769,0)
[INFO]	Xerr = 0.0908085
[INFO]	Zerr = -0.0062529 or, -0.0062529+0
[INFO]	Yerr = 0.0062529
EndNode1<-->QuantumChannel{cost=0.00121454;distance=0.5km;fidelity=0.909191;bellpair_per_sec=996.045;}<-->EndNode2; Fidelity=0.909191; Xerror=0.0908085; Zerror=-0.0062529; Yerror=0.0062529
Closed file to write.
BSA Statistics (raw):
    39006 1048 0 0
last BSM message that was sent 10.039718204983
[INFO]	Finishing Hardware Monitor
default!=results/ChannelXErrorSimpleMSM-0.output
Opened new file to write. Address is 2
[INFO]	1, 0.0711806, 0.0112166, 0.0258237
[INFO]	0.0711806, 1, -0.0381978, -0.0235397
[INFO]	-0.00431406, 0.0631769, -0.830889, 0.0173833
[INFO]	0.048976, 0.0111524, 0.0133809, 0.805877
[INFO]	DM =            (0.470169,0) (0.0205832,-0.00614937) (0.0119102,-0.00326732)  (0.457722,-0.00624476)
[INFO]	 (0.0205832,0.00614937)           (0.0543188,0)  (0.0422778,-0.0253437)  (0.0236801,0.00542435)
[INFO]	 (0.0119102,0.00326732)   (0.0422778,0.0253437)           (0.0427427,0)  (0.015007,0.000541086)
[INFO]	  (0.457722,0.00624476) (0.0236801,-0.00542435) (0.015007,-0.000541086)            (0.432769,0)
[INFO]	Xerr = 0.0908085
[INFO]	Zerr = -0.0062529 or, -0.0062529+0
[INFO]	Yerr = 0.0062529
EndNode2<-->QuantumChannel{cost=0.00121454;distance=0.5km;fidelity=0.909191;bellpair_per_sec=996.045;}<-->EndNode1; Fidelity=0.909191; Xerror=0.0908085; Zerror=-0.0062529; Yerror=0.0062529
Closed file to write.
BSA Statistics (raw):
    38403 1037 0 0
last BSM message that was sent 10.039718204983
last EPPS message that was sent 10
undisposed object: (omnetpp::cTopology) Simple_MSM.EndNode1.router.topo -- check module destructor

Preparing for running configuration ChannelXErrorSimpleMSM-0, run #1...
Assigned runID=ChannelXErrorSimpleMSM-0-1-20230929-08:47:03-80144
Setting up network "networks.Simple_MSM"...
Initializing...

Running simulation...
** Event #0   t=0   Elapsed: 5e-06s (0m 00s)  0% completed  (10% total)
     Speed:     ev/sec=0   simsec/sec=0   ev/simsec=0
     Messages:  created: 14   present: 14   in FES: 5
Hash is 20491263, t = 7238831940445233291, long = 7238831940445233291
** Event #3064832   t=10.617460204983   Elapsed: 2.00009s (0m 02s)  53% completed  (15% total)
     Speed:     ev/sec=1.53236e+06   simsec/sec=5.30853   ev/simsec=288660
     Messages:  created: 556683   present: 10   in FES: 2
** Event #6374144   t=12.272116204983   Elapsed: 4.00018s (0m 04s)  61% completed  (16% total)
     Speed:     ev/sec=1.65458e+06   simsec/sec=0.82729   ev/simsec=2e+06
     Messages:  created: 556683   present: 10   in FES: 2
** Event #9625344   t=13.897716204983   Elapsed: 6.00028s (0m 06s)  69% completed  (16% total)
     Speed:     ev/sec=1.62552e+06   simsec/sec=0.812758   ev/simsec=2e+06
     Messages:  created: 556683   present: 10   in FES: 2
** Event #12903168   t=15.536628204983   Elapsed: 8.00035s (0m 08s)  77% completed  (17% total)
     Speed:     ev/sec=1.63886e+06   simsec/sec=0.819428   ev/simsec=2e+06
     Messages:  created: 556683   present: 10   in FES: 2
** Event #16169472   t=17.169780204983   Elapsed: 10.0005s (0m 10s)  85% completed  (18% total)
     Speed:     ev/sec=1.63306e+06   simsec/sec=0.816529   ev/simsec=2e+06
     Messages:  created: 556683   present: 10   in FES: 2
** Event #19537152   t=18.853620204983   Elapsed: 12.0005s (0m 12s)  94% completed  (19% total)
     Speed:     ev/sec=1.68378e+06   simsec/sec=0.841891   ev/simsec=2e+06
     Messages:  created: 556683   present: 10   in FES: 2
** Event #21829911   t=20   Elapsed: 13.3643s (0m 13s)  100% completed  (20% total)
     Speed:     ev/sec=1.68122e+06   simsec/sec=0.840608   ev/simsec=2e+06
     Messages:  created: 556683   present: 10   in FES: 2

<!> Simulation time limit reached -- at t=20s, event #21829911

Calling finish() at end of Run #1...
[INFO]	Finishing Hardware Monitor
default!=results/ChannelXErrorSimpleMSM-0.output
Opened new file to write. Address is 1
[INFO]	1, -0.0184502, 0.0166976, -0.0171017
[INFO]	-0.0184502, 1, -0.0296167, 0.000903342
[INFO]	-0.00927644, 0.0088968, -0.80705, -0.0133097
[INFO]	0.00090009, -0.0319635, 0.0053286, 0.794779
[INFO]	DM =              (0.444644,0)  (-0.0126034,-0.00550655)  (-0.00438671,0.00564653)     (0.451763,0.00517998)
[INFO]	  (-0.0126034,0.00550655)             (0.0558056,0)   (0.0482375,-0.00962838) (-0.00483838,-0.00100831)
[INFO]	(-0.00438671,-0.00564653)    (0.0482375,0.00962838)             (0.0468047,0)  (0.00337832,-0.00284225)
[INFO]	   (0.451763,-0.00517998)  (-0.00483838,0.00100831)   (0.00337832,0.00284225)              (0.452745,0)
[INFO]	Xerr = 0.0995426
[INFO]	Zerr = -0.00306765 or, -0.00306765+0
[INFO]	Yerr = 0.00306765
EndNode1<-->QuantumChannel{cost=0.00123821;distance=0.5km;fidelity=0.900457;bellpair_per_sec=996.044;}<-->EndNode2; Fidelity=0.900457; Xerror=0.0995426; Zerror=-0.00306765; Yerror=0.00306765
Closed file to write.
BSA Statistics (raw):
    39215 1089 0 0
last BSM message that was sent 10.039735204983
[INFO]	Finishing Hardware Monitor
default!=results/ChannelXErrorSimpleMSM-0.output
Opened new file to write. Address is 2
[INFO]	1, -0.0184502, -0.00927644, 0.00090009
[INFO]	-0.0184502, 1, 0.0088968, -0.0319635
[INFO]	0.0166976, -0.0296167, -0.80705, 0.0053286
[INFO]	-0.0171017, 0.000903342, -0.0133097, 0.794779
[INFO]	DM =              (0.444644,0)  (-0.00438671,0.00564653)  (-0.0126034,-0.00550655)     (0.451763,0.00517998)
[INFO]	(-0.00438671,-0.00564653)             (0.0468047,0)    (0.0482375,0.00962838)  (0.00337832,-0.00284225)
[INFO]	  (-0.0126034,0.00550655)   (0.0482375,-0.00962838)             (0.0558056,0) (-0.00483838,-0.00100831)
[INFO]	   (0.451763,-0.00517998)   (0.00337832,0.00284225)  (-0.00483838,0.00100831)              (0.452745,0)
[INFO]	Xerr = 0.0995426
[INFO]	Zerr = -0.00306765 or, -0.00306765+0
[INFO]	Yerr = 0.00306765
EndNode2<-->QuantumChannel{cost=0.00123821;distance=0.5km;fidelity=0.900457;bellpair_per_sec=996.044;}<-->EndNode1; Fidelity=0.900457; Xerror=0.0995426; Zerror=-0.00306765; Yerror=0.00306765
Closed file to write.
BSA Statistics (raw):
    38108 1000 0 0
last BSM message that was sent 10.039735204983
last EPPS message that was sent 10
undisposed object: (omnetpp::cTopology) Simple_MSM.EndNode1.router.topo -- check module destructor

Preparing for running configuration ChannelXErrorSimpleMSM-0, run #2...
Assigned runID=ChannelXErrorSimpleMSM-0-2-20230929-08:47:16-80144
Setting up network "networks.Simple_MSM"...
Initializing...

Running simulation...
** Event #0   t=0   Elapsed: 6e-06s (0m 00s)  0% completed  (20% total)
     Speed:     ev/sec=0   simsec/sec=0   ev/simsec=0
     Messages:  created: 14   present: 14   in FES: 5
Hash is 207424466, t = 953254689204720950, long = 953254689204720950
** Event #2955520   t=10.561821204983   Elapsed: 2.00009s (0m 02s)  52% completed  (25% total)
     Speed:     ev/sec=1.4777e+06   simsec/sec=5.2807   ev/simsec=279831
     Messages:  created: 557400   present: 10   in FES: 2
** Event #6197760   t=12.182941204983   Elapsed: 4.00023s (0m 04s)  60% completed  (26% total)
     Speed:     ev/sec=1.62101e+06   simsec/sec=0.810504   ev/simsec=2e+06
     Messages:  created: 557400   present: 10   in FES: 2
** Event #9432064   t=13.800093204983   Elapsed: 6.00025s (0m 06s)  69% completed  (26% total)
     Speed:     ev/sec=1.61713e+06   simsec/sec=0.808565   ev/simsec=2e+06
     Messages:  created: 557400   present: 10   in FES: 2
** Event #12533248   t=15.350685204983   Elapsed: 8.00039s (0m 08s)  76% completed  (27% total)
     Speed:     ev/sec=1.55048e+06   simsec/sec=0.775241   ev/simsec=2e+06
     Messages:  created: 557400   present: 10   in FES: 2
** Event #15773184   t=16.970653204983   Elapsed: 10.0004s (0m 10s)  84% completed  (28% total)
     Speed:     ev/sec=1.61995e+06   simsec/sec=0.809974   ev/simsec=2e+06
     Messages:  created: 557400   present: 10   in FES: 2
** Event #18920448   t=18.544285204983   Elapsed: 12.0006s (0m 12s)  92% completed  (29% total)
     Speed:     ev/sec=1.57352e+06   simsec/sec=0.786758   ev/simsec=2e+06
     Messages:  created: 557400   present: 10   in FES: 2
** Event #21831878   t=20   Elapsed: 13.8835s (0m 13s)  100% completed  (30% total)
     Speed:     ev/sec=1.54618e+06   simsec/sec=0.773092   ev/simsec=2e+06
     Messages:  created: 557400   present: 10   in FES: 2

<!> Simulation time limit reached -- at t=20s, event #21831878

Calling finish() at end of Run #2...
[INFO]	Finishing Hardware Monitor
default!=results/ChannelXErrorSimpleMSM-0.output
Opened new file to write. Address is 1
[INFO]	1, 0.016129, 0.00459137, 0.0160714
[INFO]	0.016129, 1, 0.0566696, -0.0503472
[INFO]	0.0358127, -0.0229148, -0.838384, 0.0415162
[INFO]	0.00178571, -0.00091659, 0.0220994, 0.778571
[INFO]	DM =             (0.449107,0)  (0.00380311,-0.0066727) (-0.00855455,-0.0193322)    (0.459596,-0.0084387)
[INFO]	  (0.00380311,0.0066727)            (0.0517857,0)     (0.040404,0.0198961)   (0.0166191,0.00142589)
[INFO]	 (-0.00855455,0.0193322)    (0.040404,-0.0198961)            (0.0589286,0)  (0.00426141,0.00437702)
[INFO]	    (0.459596,0.0084387)  (0.0166191,-0.00142589) (0.00426141,-0.00437702)             (0.440179,0)
[INFO]	Xerr = 0.0957612
[INFO]	Zerr = -0.0149531 or, -0.0149531+0
[INFO]	Yerr = 0.0149531
EndNode1<-->QuantumChannel{cost=0.00122788;distance=0.5km;fidelity=0.904239;bellpair_per_sec=996.039;}<-->EndNode2; Fidelity=0.904239; Xerror=0.0957612; Zerror=-0.0149531; Yerror=0.0149531
Closed file to write.
BSA Statistics (raw):
    38822 1030 0 0
last BSM message that was sent 10.039781204983
[INFO]	Finishing Hardware Monitor
default!=results/ChannelXErrorSimpleMSM-0.output
Opened new file to write. Address is 2
[INFO]	1, 0.016129, 0.0358127, 0.00178571
[INFO]	0.016129, 1, -0.0229148, -0.00091659
[INFO]	0.00459137, 0.0566696, -0.838384, 0.0220994
[INFO]	0.0160714, -0.0503472, 0.0415162, 0.778571
[INFO]	DM =             (0.449107,0) (-0.00855455,-0.0193322)  (0.00380311,-0.0066727)    (0.459596,-0.0084387)
[INFO]	 (-0.00855455,0.0193322)            (0.0589286,0)    (0.040404,-0.0198961)  (0.00426141,0.00437702)
[INFO]	  (0.00380311,0.0066727)     (0.040404,0.0198961)            (0.0517857,0)   (0.0166191,0.00142589)
[INFO]	    (0.459596,0.0084387) (0.00426141,-0.00437702)  (0.0166191,-0.00142589)             (0.440179,0)
[INFO]	Xerr = 0.0957612
[INFO]	Zerr = -0.0149531 or, -0.0149531+0
[INFO]	Yerr = 0.0149531
EndNode2<-->QuantumChannel{cost=0.00122788;distance=0.5km;fidelity=0.904239;bellpair_per_sec=996.039;}<-->EndNode1; Fidelity=0.904239; Xerror=0.0957612; Zerror=-0.0149531; Yerror=0.0149531
Closed file to write.
BSA Statistics (raw):
    38831 1051 0 0
last BSM message that was sent 10.039781204983
last EPPS message that was sent 10
undisposed object: (omnetpp::cTopology) Simple_MSM.EndNode1.router.topo -- check module destructor

Preparing for running configuration ChannelXErrorSimpleMSM-0, run #3...
Assigned runID=ChannelXErrorSimpleMSM-0-3-20230929-08:47:30-80144
Setting up network "networks.Simple_MSM"...
Initializing...

Running simulation...
** Event #0   t=0   Elapsed: 5e-06s (0m 00s)  0% completed  (30% total)
     Speed:     ev/sec=0   simsec/sec=0   ev/simsec=0
     Messages:  created: 14   present: 14   in FES: 5
Hash is 207912376, t = 16081411891631707152, long = 16081411891631707152
** Event #2919936   t=10.537274204983   Elapsed: 2.00005s (0m 02s)  52% completed  (35% total)
     Speed:     ev/sec=1.45994e+06   simsec/sec=5.26854   ev/simsec=277106
     Messages:  created: 561768   present: 10   in FES: 2
** Event #6025728   t=12.090170204983   Elapsed: 4.00007s (0m 04s)  60% completed  (36% total)
     Speed:     ev/sec=1.55287e+06   simsec/sec=0.776437   ev/simsec=2e+06
     Messages:  created: 561768   present: 10   in FES: 2
** Event #9083136   t=13.618874204983   Elapsed: 6.00019s (0m 06s)  68% completed  (36% total)
     Speed:     ev/sec=1.52862e+06   simsec/sec=0.764308   ev/simsec=2e+06
     Messages:  created: 561768   present: 10   in FES: 2
** Event #12277504   t=15.216058204983   Elapsed: 8.0002s (0m 08s)  76% completed  (37% total)
     Speed:     ev/sec=1.59718e+06   simsec/sec=0.798588   ev/simsec=2e+06
     Messages:  created: 561768   present: 10   in FES: 2
** Event #15348992   t=16.751802204983   Elapsed: 10.0004s (0m 10s)  83% completed  (38% total)
     Speed:     ev/sec=1.53563e+06   simsec/sec=0.767814   ev/simsec=2e+06
     Messages:  created: 561768   present: 10   in FES: 2
** Event #18528256   t=18.341434204983   Elapsed: 12.0004s (0m 12s)  91% completed  (39% total)
     Speed:     ev/sec=1.5896e+06   simsec/sec=0.794802   ev/simsec=2e+06
     Messages:  created: 561768   present: 10   in FES: 2
** Event #21568256   t=19.861434204983   Elapsed: 14.0004s (0m 14s)  99% completed  (39% total)
     Speed:     ev/sec=1.51999e+06   simsec/sec=0.759995   ev/simsec=2e+06
     Messages:  created: 561768   present: 10   in FES: 2
** Event #21845387   t=20   Elapsed: 14.1794s (0m 14s)  100% completed  (40% total)
     Speed:     ev/sec=1.54783e+06   simsec/sec=0.773916   ev/simsec=2e+06
     Messages:  created: 561768   present: 10   in FES: 2

<!> Simulation time limit reached -- at t=20s, event #21845387

Calling finish() at end of Run #3...
[INFO]	Finishing Hardware Monitor
default!=results/ChannelXErrorSimpleMSM-0.output
Opened new file to write. Address is 1
[INFO]	1, 0.0235081, 0.0612613, 0.0388007
[INFO]	0.0235081, 1, -0.0137741, 0.00262009
[INFO]	-0.0774775, 0.0150094, -0.796396, 0.00899281
[INFO]	0.0299824, 0.00607112, 0.0285714, 0.818342
[INFO]	DM =             (0.471781,0)  (0.00739481,-0.0224582)   (0.00653206,0.0171212)  (0.449099,-0.000308819)
[INFO]	  (0.00739481,0.0224582)            (0.0432099,0)  (0.0509009,-0.00719587)   (0.00522201,0.0216176)
[INFO]	 (0.00653206,-0.0171212)   (0.0509009,0.00719587)             (0.047619,0) (0.00435925,-0.00817246)
[INFO]	  (0.449099,0.000308819)  (0.00522201,-0.0216176)  (0.00435925,0.00817246)              (0.43739,0)
[INFO]	Xerr = 0.0963154
[INFO]	Zerr = 0.00548644 or, 0.00548644+0
[INFO]	Yerr = -0.00548644
EndNode1<-->QuantumChannel{cost=0.00122943;distance=0.5km;fidelity=0.903685;bellpair_per_sec=996.005;}<-->EndNode2; Fidelity=0.903685; Xerror=0.0963154; Zerror=0.00548644; Yerror=-0.00548644
Closed file to write.
BSA Statistics (raw):
    38964 1038 0 0
last BSM message that was sent 10.040120204983
[INFO]	Finishing Hardware Monitor
default!=results/ChannelXErrorSimpleMSM-0.output
Opened new file to write. Address is 2
[INFO]	1, 0.0235081, -0.0774775, 0.0299824
[INFO]	0.0235081, 1, 0.0150094, 0.00607112
[INFO]	0.0612613, -0.0137741, -0.796396, 0.0285714
[INFO]	0.0388007, 0.00262009, 0.00899281, 0.818342
[INFO]	DM =             (0.471781,0)   (0.00653206,0.0171212)  (0.00739481,-0.0224582)  (0.449099,-0.000308819)
[INFO]	 (0.00653206,-0.0171212)             (0.047619,0)   (0.0509009,0.00719587) (0.00435925,-0.00817246)
[INFO]	  (0.00739481,0.0224582)  (0.0509009,-0.00719587)            (0.0432099,0)   (0.00522201,0.0216176)
[INFO]	  (0.449099,0.000308819)  (0.00435925,0.00817246)  (0.00522201,-0.0216176)              (0.43739,0)
[INFO]	Xerr = 0.0963154
[INFO]	Zerr = 0.00548644 or, 0.00548644+0
[INFO]	Yerr = -0.00548644
EndNode2<-->QuantumChannel{cost=0.00122943;distance=0.5km;fidelity=0.903685;bellpair_per_sec=996.005;}<-->EndNode1; Fidelity=0.903685; Xerror=0.0963154; Zerror=0.00548644; Yerror=-0.00548644
Closed file to write.
BSA Statistics (raw):
    39331 1013 0 0
last BSM message that was sent 10.040120204983
last EPPS message that was sent 10
undisposed object: (omnetpp::cTopology) Simple_MSM.EndNode1.router.topo -- check module destructor

Preparing for running configuration ChannelXErrorSimpleMSM-0, run #4...
Assigned runID=ChannelXErrorSimpleMSM-0-4-20230929-08:47:44-80144
Setting up network "networks.Simple_MSM"...
Initializing...

Running simulation...
** Event #0   t=0   Elapsed: 5e-06s (0m 00s)  0% completed  (40% total)
     Speed:     ev/sec=0   simsec/sec=0   ev/simsec=0
     Messages:  created: 14   present: 14   in FES: 5
Hash is 20120705, t = 12429320384960755487, long = 12429320384960755487
** Event #2749440   t=10.455982204983   Elapsed: 2.00005s (0m 02s)  52% completed  (45% total)
     Speed:     ev/sec=1.37469e+06   simsec/sec=5.22788   ev/simsec=262954
     Messages:  created: 559267   present: 10   in FES: 2
** Event #6018560   t=12.090542204983   Elapsed: 4.0002s (0m 04s)  60% completed  (46% total)
     Speed:     ev/sec=1.63444e+06   simsec/sec=0.817219   ev/simsec=2e+06
     Messages:  created: 559267   present: 10   in FES: 2
** Event #9244160   t=13.703342204983   Elapsed: 6.00025s (0m 06s)  68% completed  (46% total)
     Speed:     ev/sec=1.61276e+06   simsec/sec=0.806381   ev/simsec=2e+06
     Messages:  created: 559267   present: 10   in FES: 2
** Event #12428032   t=15.295278204983   Elapsed: 8.00037s (0m 08s)  76% completed  (47% total)
     Speed:     ev/sec=1.59184e+06   simsec/sec=0.795919   ev/simsec=2e+06
     Messages:  created: 559267   present: 10   in FES: 2
** Event #15810304   t=16.986414204983   Elapsed: 10.0004s (0m 10s)  84% completed  (48% total)
     Speed:     ev/sec=1.69109e+06   simsec/sec=0.845543   ev/simsec=2e+06
     Messages:  created: 559267   present: 10   in FES: 2
** Event #19132160   t=18.647342204983   Elapsed: 12.0004s (0m 12s)  93% completed  (49% total)
     Speed:     ev/sec=1.66092e+06   simsec/sec=0.83046   ev/simsec=2e+06
     Messages:  created: 559267   present: 10   in FES: 2
** Event #21837475   t=20   Elapsed: 13.6374s (0m 13s)  100% completed  (50% total)
     Speed:     ev/sec=1.65269e+06   simsec/sec=0.826343   ev/simsec=2e+06
     Messages:  created: 559267   present: 10   in FES: 2

<!> Simulation time limit reached -- at t=20s, event #21837475

Calling finish() at end of Run #4...
[INFO]	Finishing Hardware Monitor
default!=results/ChannelXErrorSimpleMSM-0.output
Opened new file to write. Address is 1
[INFO]	1, -0.0651408, -0.0037594, 0.00176991
[INFO]	-0.0651408, 1, -0.00875657, -0.0254163
[INFO]	0.0056391, -0.0220588, -0.81391, 0.0460405
[INFO]	0.0176991, 0.0288288, 0.0099728, 0.80354
[INFO]	DM =             (0.455752,0)  (-0.009078,-0.00155335)  (-0.0226393,-0.0129199)    (0.453477,0.00770385)
[INFO]	  (-0.009078,0.00155335)            (0.0530973,0)   (0.0465226,0.00332556)  (-0.00993114,0.0101004)
[INFO]	  (-0.0226393,0.0129199)  (0.0465226,-0.00332556)            (0.0451327,0)  (-0.0234924,0.00343305)
[INFO]	  (0.453477,-0.00770385) (-0.00993114,-0.0101004) (-0.0234924,-0.00343305)             (0.446018,0)
[INFO]	Xerr = 0.0956376
[INFO]	Zerr = -0.00259249 or, -0.00259249+0
[INFO]	Yerr = 0.00259249
EndNode1<-->QuantumChannel{cost=0.00122757;distance=0.5km;fidelity=0.904362;bellpair_per_sec=996.025;}<-->EndNode2; Fidelity=0.904362; Xerror=0.0956376; Zerror=-0.00259249; Yerror=0.00259249
Closed file to write.
BSA Statistics (raw):
    39041 1105 0 0
last BSM message that was sent 10.039919204983
[INFO]	Finishing Hardware Monitor
default!=results/ChannelXErrorSimpleMSM-0.output
Opened new file to write. Address is 2
[INFO]	1, -0.0651408, 0.0056391, 0.0176991
[INFO]	-0.0651408, 1, -0.0220588, 0.0288288
[INFO]	-0.0037594, -0.00875657, -0.81391, 0.0099728
[INFO]	0.00176991, -0.0254163, 0.0460405, 0.80354
[INFO]	DM =             (0.455752,0)  (-0.0226393,-0.0129199)  (-0.009078,-0.00155335)    (0.453477,0.00770385)
[INFO]	  (-0.0226393,0.0129199)            (0.0451327,0)  (0.0465226,-0.00332556)  (-0.0234924,0.00343305)
[INFO]	  (-0.009078,0.00155335)   (0.0465226,0.00332556)            (0.0530973,0)  (-0.00993114,0.0101004)
[INFO]	  (0.453477,-0.00770385) (-0.0234924,-0.00343305) (-0.00993114,-0.0101004)             (0.446018,0)
[INFO]	Xerr = 0.0956376
[INFO]	Zerr = -0.00259249 or, -0.00259249+0
[INFO]	Yerr = 0.00259249
EndNode2<-->QuantumChannel{cost=0.00122757;distance=0.5km;fidelity=0.904362;bellpair_per_sec=996.025;}<-->EndNode1; Fidelity=0.904362; Xerror=0.0956376; Zerror=-0.00259249; Yerror=0.00259249
Closed file to write.
BSA Statistics (raw):
    38970 1036 0 0
last BSM message that was sent 10.039919204983
last EPPS message that was sent 10
undisposed object: (omnetpp::cTopology) Simple_MSM.EndNode1.router.topo -- check module destructor

Preparing for running configuration ChannelXErrorSimpleMSM-0, run #5...
Assigned runID=ChannelXErrorSimpleMSM-0-5-20230929-08:47:58-80144
Setting up network "networks.Simple_MSM"...
Initializing...

Running simulation...
** Event #0   t=0   Elapsed: 5e-06s (0m 00s)  0% completed  (50% total)
     Speed:     ev/sec=0   simsec/sec=0   ev/simsec=0
     Messages:  created: 14   present: 14   in FES: 5
Hash is 201956982, t = 6764018132279392150, long = 6764018132279392150
** Event #2970368   t=10.559886204983   Elapsed: 2.00017s (0m 02s)  52% completed  (55% total)
     Speed:     ev/sec=1.48506e+06   simsec/sec=5.27952   ev/simsec=281288
     Messages:  created: 563404   present: 10   in FES: 2
** Event #6001152   t=12.075278204983   Elapsed: 4.00021s (0m 04s)  60% completed  (56% total)
     Speed:     ev/sec=1.51537e+06   simsec/sec=0.757683   ev/simsec=2e+06
     Messages:  created: 563404   present: 10   in FES: 2
** Event #9289728   t=13.719566204983   Elapsed: 6.00034s (0m 06s)  68% completed  (56% total)
     Speed:     ev/sec=1.64418e+06   simsec/sec=0.822089   ev/simsec=2e+06
     Messages:  created: 563404   present: 10   in FES: 2
** Event #12547328   t=15.348366204983   Elapsed: 8.0004s (0m 08s)  76% completed  (57% total)
     Speed:     ev/sec=1.62875e+06   simsec/sec=0.814376   ev/simsec=2e+06
     Messages:  created: 563404   present: 10   in FES: 2
** Event #15585024   t=16.867214204983   Elapsed: 10.0005s (0m 10s)  84% completed  (58% total)
     Speed:     ev/sec=1.51879e+06   simsec/sec=0.759394   ev/simsec=2e+06
     Messages:  created: 563404   present: 10   in FES: 2
** Event #18599680   t=18.374542204983   Elapsed: 12.0006s (0m 12s)  91% completed  (59% total)
     Speed:     ev/sec=1.50726e+06   simsec/sec=0.753629   ev/simsec=2e+06
     Messages:  created: 563404   present: 10   in FES: 2
** Event #21798656   t=19.974030204983   Elapsed: 14.0006s (0m 14s)  99% completed  (59% total)
     Speed:     ev/sec=1.59946e+06   simsec/sec=0.799728   ev/simsec=2e+06
     Messages:  created: 563404   present: 10   in FES: 2
** Event #21850595   t=20   Elapsed: 14.0342s (0m 14s)  100% completed  (60% total)
     Speed:     ev/sec=1.54453e+06   simsec/sec=0.772266   ev/simsec=2e+06
     Messages:  created: 563404   present: 10   in FES: 2

<!> Simulation time limit reached -- at t=20s, event #21850595

Calling finish() at end of Run #5...
[INFO]	Finishing Hardware Monitor
default!=results/ChannelXErrorSimpleMSM-0.output
Opened new file to write. Address is 1
[INFO]	1, -0.0256864, 0.0110294, 0.0018018
[INFO]	-0.0256864, 1, -0.0126812, -0.0265487
[INFO]	-0.00919118, -0.0400729, -0.795956, -0.00179211
[INFO]	0.0144144, 0.019678, 0.0334237, 0.792793
[INFO]	DM =              (0.452252,0)  (-0.00150211,-0.0111133)   (-0.0130588,0.00274582)      (0.448989,0.0131885)
[INFO]	  (-0.00150211,0.0111133)              (0.054955,0)     (0.051011,0.00684793)  (0.000215556,0.00184977)
[INFO]	 (-0.0130588,-0.00274582)    (0.051011,-0.00684793)             (0.0486486,0)   (-0.0113411,0.00559856)
[INFO]	    (0.448989,-0.0131885) (0.000215556,-0.00184977)  (-0.0113411,-0.00559856)              (0.444144,0)
[INFO]	Xerr = 0.102813
[INFO]	Zerr = -0.000790772 or, -0.000790772+0
[INFO]	Yerr = 0.000790772
EndNode1<-->QuantumChannel{cost=0.00124732;distance=0.5km;fidelity=0.897187;bellpair_per_sec=995.992;}<-->EndNode2; Fidelity=0.897187; Xerror=0.102813; Zerror=-0.000790772; Yerror=0.000790772
Closed file to write.
BSA Statistics (raw):
    39112 1026 0 0
last BSM message that was sent 10.040252204983
[INFO]	Finishing Hardware Monitor
default!=results/ChannelXErrorSimpleMSM-0.output
Opened new file to write. Address is 2
[INFO]	1, -0.0256864, -0.00919118, 0.0144144
[INFO]	-0.0256864, 1, -0.0400729, 0.019678
[INFO]	0.0110294, -0.0126812, -0.795956, 0.0334237
[INFO]	0.0018018, -0.0265487, -0.00179211, 0.792793
[INFO]	DM =              (0.452252,0)   (-0.0130588,0.00274582)  (-0.00150211,-0.0111133)      (0.448989,0.0131885)
[INFO]	 (-0.0130588,-0.00274582)             (0.0486486,0)    (0.051011,-0.00684793)   (-0.0113411,0.00559856)
[INFO]	  (-0.00150211,0.0111133)     (0.051011,0.00684793)              (0.054955,0)  (0.000215556,0.00184977)
[INFO]	    (0.448989,-0.0131885)  (-0.0113411,-0.00559856) (0.000215556,-0.00184977)              (0.444144,0)
[INFO]	Xerr = 0.102813
[INFO]	Zerr = -0.000790772 or, -0.000790772+0
[INFO]	Yerr = 0.000790772
EndNode2<-->QuantumChannel{cost=0.00124732;distance=0.5km;fidelity=0.897187;bellpair_per_sec=995.992;}<-->EndNode1; Fidelity=0.897187; Xerror=0.102813; Zerror=-0.000790772; Yerror=0.000790772
Closed file to write.
BSA Statistics (raw):
    39189 1115 0 0
last BSM message that was sent 10.040252204983
last EPPS message that was sent 10
undisposed object: (omnetpp::cTopology) Simple_MSM.EndNode1.router.topo -- check module destructor

Preparing for running configuration ChannelXErrorSimpleMSM-0, run #6...
Assigned runID=ChannelXErrorSimpleMSM-0-6-20230929-08:48:13-80144
Setting up network "networks.Simple_MSM"...
Initializing...

Running simulation...
** Event #0   t=0   Elapsed: 5e-06s (0m 00s)  0% completed  (60% total)
     Speed:     ev/sec=0   simsec/sec=0   ev/simsec=0
     Messages:  created: 14   present: 14   in FES: 5
Hash is 203936874, t = 4166130701247418068, long = 4166130701247418068
** Event #2781696   t=10.465626204983   Elapsed: 2.00007s (0m 02s)  52% completed  (65% total)
     Speed:     ev/sec=1.39081e+06   simsec/sec=5.23267   ev/simsec=265794
     Messages:  created: 563380   present: 10   in FES: 2
** Event #5831424   t=11.990490204983   Elapsed: 4.00012s (0m 04s)  59% completed  (65% total)
     Speed:     ev/sec=1.52482e+06   simsec/sec=0.762411   ev/simsec=2e+06
     Messages:  created: 563380   present: 10   in FES: 2
** Event #8969984   t=13.559770204983   Elapsed: 6.00017s (0m 06s)  67% completed  (66% total)
     Speed:     ev/sec=1.56924e+06   simsec/sec=0.78462   ev/simsec=2e+06
     Messages:  created: 563380   present: 10   in FES: 2
** Event #12039680   t=15.094618204983   Elapsed: 8.0002s (0m 08s)  75% completed  (67% total)
     Speed:     ev/sec=1.53483e+06   simsec/sec=0.767413   ev/simsec=2e+06
     Messages:  created: 563380   present: 10   in FES: 2
** Event #15123200   t=16.636378204983   Elapsed: 10.0003s (0m 10s)  83% completed  (68% total)
     Speed:     ev/sec=1.54169e+06   simsec/sec=0.770846   ev/simsec=2e+06
     Messages:  created: 563380   present: 10   in FES: 2
** Event #18137856   t=18.143706204983   Elapsed: 12.0003s (0m 12s)  90% completed  (69% total)
     Speed:     ev/sec=1.50729e+06   simsec/sec=0.753647   ev/simsec=2e+06
     Messages:  created: 563380   present: 10   in FES: 2
** Event #21173248   t=19.661402204983   Elapsed: 14.0004s (0m 14s)  98% completed  (69% total)
     Speed:     ev/sec=1.51761e+06   simsec/sec=0.758807   ev/simsec=2e+06
     Messages:  created: 563380   present: 10   in FES: 2
** Event #21850444   t=20   Elapsed: 14.4439s (0m 14s)  100% completed  (70% total)
     Speed:     ev/sec=1.52692e+06   simsec/sec=0.763459   ev/simsec=2e+06
     Messages:  created: 563380   present: 10   in FES: 2

<!> Simulation time limit reached -- at t=20s, event #21850444

Calling finish() at end of Run #6...
[INFO]	Finishing Hardware Monitor
default!=results/ChannelXErrorSimpleMSM-0.output
Opened new file to write. Address is 1
[INFO]	1, 0.0403587, 0.038565, 0.0396396
[INFO]	0.0403587, 1, -0.0593607, 0.00905797
[INFO]	-0.0421525, 0.00362319, -0.806278, -0.00620018
[INFO]	0.00720721, 0.0510018, 0.0424779, 0.823423
[INFO]	DM =               (0.467568,0)     (0.0228401,-0.0202607)      (0.0123542,0.0120882)        (0.45157,0.0139344)
[INFO]	     (0.0228401,0.0202607)               (0.036036,0)      (0.0484305,-0.015746)    (0.00782519,0.00898807)
[INFO]	    (0.0123542,-0.0120882)       (0.0484305,0.015746)              (0.0522523,0)  (-0.00266077,0.000978213)
[INFO]	      (0.45157,-0.0139344)   (0.00782519,-0.00898807) (-0.00266077,-0.000978213)               (0.444144,0)
[INFO]	Xerr = 0.0925746
[INFO]	Zerr = 0.00428635 or, 0.00428635+0
[INFO]	Yerr = -0.00428635
EndNode1<-->QuantumChannel{cost=0.00121933;distance=0.5km;fidelity=0.907425;bellpair_per_sec=995.993;}<-->EndNode2; Fidelity=0.907425; Xerror=0.0925746; Zerror=0.00428635; Yerror=-0.00428635
Closed file to write.
BSA Statistics (raw):
    39462 1036 0 0
last BSM message that was sent 10.040247204983
[INFO]	Finishing Hardware Monitor
default!=results/ChannelXErrorSimpleMSM-0.output
Opened new file to write. Address is 2
[INFO]	1, 0.0403587, -0.0421525, 0.00720721
[INFO]	0.0403587, 1, 0.00362319, 0.0510018
[INFO]	0.038565, -0.0593607, -0.806278, 0.0424779
[INFO]	0.0396396, 0.00905797, -0.00620018, 0.823423
[INFO]	DM =               (0.467568,0)      (0.0123542,0.0120882)     (0.0228401,-0.0202607)        (0.45157,0.0139344)
[INFO]	    (0.0123542,-0.0120882)              (0.0522523,0)       (0.0484305,0.015746)  (-0.00266077,0.000978213)
[INFO]	     (0.0228401,0.0202607)      (0.0484305,-0.015746)               (0.036036,0)    (0.00782519,0.00898807)
[INFO]	      (0.45157,-0.0139344) (-0.00266077,-0.000978213)   (0.00782519,-0.00898807)               (0.444144,0)
[INFO]	Xerr = 0.0925746
[INFO]	Zerr = 0.00428635 or, 0.00428635+0
[INFO]	Yerr = -0.00428635
EndNode2<-->QuantumChannel{cost=0.00121933;distance=0.5km;fidelity=0.907425;bellpair_per_sec=995.993;}<-->EndNode1; Fidelity=0.907425; Xerror=0.0925746; Zerror=0.00428635; Yerror=-0.00428635
Closed file to write.
BSA Statistics (raw):
    38956 1052 0 0
last BSM message that was sent 10.040247204983
last EPPS message that was sent 10
undisposed object: (omnetpp::cTopology) Simple_MSM.EndNode1.router.topo -- check module destructor

Preparing for running configuration ChannelXErrorSimpleMSM-0, run #7...
Assigned runID=ChannelXErrorSimpleMSM-0-7-20230929-08:48:27-80144
Setting up network "networks.Simple_MSM"...
Initializing...

Running simulation...
** Event #0   t=0   Elapsed: 6e-06s (0m 00s)  0% completed  (70% total)
     Speed:     ev/sec=0   simsec/sec=0   ev/simsec=0
     Messages:  created: 14   present: 14   in FES: 5
Hash is 203905091, t = 8745702198852254497, long = 8745702198852254497
** Event #2873856   t=10.505897204983   Elapsed: 2.00012s (0m 02s)  52% completed  (75% total)
     Speed:     ev/sec=1.43685e+06   simsec/sec=5.25266   ev/simsec=273547
     Messages:  created: 566959   present: 10   in FES: 2
** Event #5927936   t=12.032937204983   Elapsed: 4.00016s (0m 04s)  60% completed  (76% total)
     Speed:     ev/sec=1.52701e+06   simsec/sec=0.763505   ev/simsec=2e+06
     Messages:  created: 566959   present: 10   in FES: 2
** Event #8948736   t=13.543337204983   Elapsed: 6.00022s (0m 06s)  67% completed  (76% total)
     Speed:     ev/sec=1.51036e+06   simsec/sec=0.755178   ev/simsec=2e+06
     Messages:  created: 566959   present: 10   in FES: 2
** Event #12041728   t=15.089833204983   Elapsed: 8.00037s (0m 08s)  75% completed  (77% total)
     Speed:     ev/sec=1.54637e+06   simsec/sec=0.773187   ev/simsec=2e+06
     Messages:  created: 566959   present: 10   in FES: 2
** Event #15114496   t=16.626217204983   Elapsed: 10.0004s (0m 10s)  83% completed  (78% total)
     Speed:     ev/sec=1.53637e+06   simsec/sec=0.768184   ev/simsec=2e+06
     Messages:  created: 566959   present: 10   in FES: 2
** Event #18257920   t=18.197929204983   Elapsed: 12.0006s (0m 12s)  90% completed  (79% total)
     Speed:     ev/sec=1.57157e+06   simsec/sec=0.785786   ev/simsec=2e+06
     Messages:  created: 566959   present: 10   in FES: 2
** Event #21315840   t=19.726889204983   Elapsed: 14.0006s (0m 14s)  98% completed  (79% total)
     Speed:     ev/sec=1.52893e+06   simsec/sec=0.764467   ev/simsec=2e+06
     Messages:  created: 566959   present: 10   in FES: 2
** Event #21862061   t=20   Elapsed: 14.3479s (0m 14s)  100% completed  (80% total)
     Speed:     ev/sec=1.57273e+06   simsec/sec=0.786363   ev/simsec=2e+06
     Messages:  created: 566959   present: 10   in FES: 2

<!> Simulation time limit reached -- at t=20s, event #21862061

Calling finish() at end of Run #7...
[INFO]	Finishing Hardware Monitor
default!=results/ChannelXErrorSimpleMSM-0.output
Opened new file to write. Address is 1
[INFO]	1, -0.0627119, 0.0304709, -0.0377698
[INFO]	-0.0627119, 1, 0.0356816, 0.0071048
[INFO]	0.000923361, 0.0515464, -0.802401, -0.00662252
[INFO]	-0.00719424, -0.00638104, -2.77556e-17, 0.803957
[INFO]	DM =             (0.439748,0) (-0.0172732,-0.00761773)  (-0.0139018,0.00142479)       (0.4506,-0.021807)
[INFO]	 (-0.0172732,0.00761773)            (0.0566547,0)   (0.0493998,-0.0039662) (-0.0174542,-0.00188647)
[INFO]	(-0.0139018,-0.00142479)    (0.0493998,0.0039662)            (0.0413669,0) (-0.0140827,-0.00761773)
[INFO]	       (0.4506,0.021807)  (-0.0174542,0.00188647)  (-0.0140827,0.00761773)              (0.46223,0)
[INFO]	Xerr = 0.0984106
[INFO]	Zerr = 0.000389024 or, 0.000389024+0
[INFO]	Yerr = -0.000389024
EndNode1<-->QuantumChannel{cost=0.00123521;distance=0.5km;fidelity=0.901589;bellpair_per_sec=995.963;}<-->EndNode2; Fidelity=0.901589; Xerror=0.0984106; Zerror=0.000389024; Yerror=-0.000389024
Closed file to write.
BSA Statistics (raw):
    39206 1030 0 0
last BSM message that was sent 10.040545204983
[INFO]	Finishing Hardware Monitor
default!=results/ChannelXErrorSimpleMSM-0.output
Opened new file to write. Address is 2
[INFO]	1, -0.0627119, 0.000923361, -0.00719424
[INFO]	-0.0627119, 1, 0.0515464, -0.00638104
[INFO]	0.0304709, 0.0356816, -0.802401, -2.77556e-17
[INFO]	-0.0377698, 0.0071048, -0.00662252, 0.803957
[INFO]	DM =             (0.439748,0)  (-0.0139018,0.00142479) (-0.0172732,-0.00761773)       (0.4506,-0.021807)
[INFO]	(-0.0139018,-0.00142479)            (0.0413669,0)    (0.0493998,0.0039662) (-0.0140827,-0.00761773)
[INFO]	 (-0.0172732,0.00761773)   (0.0493998,-0.0039662)            (0.0566547,0) (-0.0174542,-0.00188647)
[INFO]	       (0.4506,0.021807)  (-0.0140827,0.00761773)  (-0.0174542,0.00188647)              (0.46223,0)
[INFO]	Xerr = 0.0984106
[INFO]	Zerr = 0.000389024 or, 0.000389024+0
[INFO]	Yerr = -0.000389024
EndNode2<-->QuantumChannel{cost=0.00123521;distance=0.5km;fidelity=0.901589;bellpair_per_sec=995.963;}<-->EndNode1; Fidelity=0.901589; Xerror=0.0984106; Zerror=0.000389024; Yerror=-0.000389024
Closed file to write.
BSA Statistics (raw):
    39149 1135 0 0
last BSM message that was sent 10.040545204983
last EPPS message that was sent 10
undisposed object: (omnetpp::cTopology) Simple_MSM.EndNode1.router.topo -- check module destructor

Preparing for running configuration ChannelXErrorSimpleMSM-0, run #8...
Assigned runID=ChannelXErrorSimpleMSM-0-8-20230929-08:48:42-80144
Setting up network "networks.Simple_MSM"...
Initializing...

Running simulation...
** Event #0   t=0   Elapsed: 7e-06s (0m 00s)  0% completed  (80% total)
     Speed:     ev/sec=0   simsec/sec=0   ev/simsec=0
     Messages:  created: 14   present: 14   in FES: 5
Hash is 208620165, t = 13802475881839759497, long = 13802475881839759497
** Event #2810880   t=10.491081204983   Elapsed: 2.0001s (0m 02s)  52% completed  (85% total)
     Speed:     ev/sec=1.40538e+06   simsec/sec=5.24533   ev/simsec=267931
     Messages:  created: 556427   present: 10   in FES: 2
** Event #5859584   t=12.015433204983   Elapsed: 4.00014s (0m 04s)  60% completed  (86% total)
     Speed:     ev/sec=1.52432e+06   simsec/sec=0.762158   ev/simsec=2e+06
     Messages:  created: 556427   present: 10   in FES: 2
** Event #9008128   t=13.589705204983   Elapsed: 6.00025s (0m 06s)  67% completed  (86% total)
     Speed:     ev/sec=1.57419e+06   simsec/sec=0.787094   ev/simsec=2e+06
     Messages:  created: 556427   present: 10   in FES: 2
** Event #12179712   t=15.175497204983   Elapsed: 8.00025s (0m 08s)  75% completed  (87% total)
     Speed:     ev/sec=1.58579e+06   simsec/sec=0.792894   ev/simsec=2e+06
     Messages:  created: 556427   present: 10   in FES: 2
** Event #15240192   t=16.705737204983   Elapsed: 10.0004s (0m 10s)  83% completed  (88% total)
     Speed:     ev/sec=1.53014e+06   simsec/sec=0.765068   ev/simsec=2e+06
     Messages:  created: 556427   present: 10   in FES: 2
** Event #18334720   t=18.253001204983   Elapsed: 12.0005s (0m 12s)  91% completed  (89% total)
     Speed:     ev/sec=1.54718e+06   simsec/sec=0.773588   ev/simsec=2e+06
     Messages:  created: 556427   present: 10   in FES: 2
** Event #21489920   t=19.830601204983   Elapsed: 14.0006s (0m 14s)  99% completed  (89% total)
     Speed:     ev/sec=1.57751e+06   simsec/sec=0.788753   ev/simsec=2e+06
     Messages:  created: 556427   present: 10   in FES: 2
