EndNode1<--->EndNode2
REAL
 0.153846 0.0151515 0.0333333       0.5
0.0151515         0         0  0.133333
0.0333333         0         0  0.151515
      0.5  0.133333  0.151515  0.846154
IMAGINARY
         0  0.0982143  -0.145833       0.05
-0.0982143          0      -0.05  0.0208333
  0.145833       0.05          0  0.0267857
     -0.05 -0.0208333 -0.0267857          0
EndNode2<--->EndNode1
REAL
 0.153846 0.0333333 0.0151515       0.5
0.0333333         0         0  0.151515
0.0151515         0         0  0.133333
      0.5  0.151515  0.133333  0.846154
IMAGINARY
         0  -0.145833  0.0982143       0.05
  0.145833          0       0.05  0.0267857
-0.0982143      -0.05          0  0.0208333
     -0.05 -0.0267857 -0.0208333          0
EndNode1<--->EndNode2
REAL
 0.153846 0.0151515 0.0333333       0.5
0.0151515         0         0  0.133333
0.0333333         0         0  0.151515
      0.5  0.133333  0.151515  0.846154
IMAGINARY
         0  0.0982143  -0.145833       0.05
-0.0982143          0      -0.05  0.0208333
  0.145833       0.05          0  0.0267857
     -0.05 -0.0208333 -0.0267857          0
EndNode2<--->EndNode1
REAL
 0.153846 0.0333333 0.0151515       0.5
0.0333333         0         0  0.151515
0.0151515         0         0  0.133333
      0.5  0.151515  0.133333  0.846154
IMAGINARY
         0  -0.145833  0.0982143       0.05
  0.145833          0       0.05  0.0267857
-0.0982143      -0.05          0  0.0208333
     -0.05 -0.0267857 -0.0208333          0
EndNode1<--->EndNode2
REAL
  0.692308 -0.0384615  -0.153846        0.5
-0.0384615          0          0  0.0384615
 -0.153846          0          0 -0.0769231
       0.5  0.0384615 -0.0769231   0.307692
IMAGINARY
         0  -0.142857   0.134921       0.05
  0.142857          0       0.05  0.0793651
 -0.134921      -0.05          0 -0.0714286
     -0.05 -0.0793651  0.0714286          0
EndNode2<--->EndNode1
REAL
  0.692308  -0.153846 -0.0384615        0.5
 -0.153846          0          0 -0.0769231
-0.0384615          0          0  0.0384615
       0.5 -0.0769231  0.0384615   0.307692
IMAGINARY
         0   0.134921  -0.142857       0.05
 -0.134921          0      -0.05 -0.0714286
  0.142857       0.05          0  0.0793651
     -0.05  0.0714286 -0.0793651          0
