EndNode1<--->EndNode2
REAL
    0.333333 -1.38778e-17   -0.0583333   -0.0972222
-1.38778e-17     0.222222    -0.152778       -0.025
  -0.0583333    -0.152778     0.222222    -0.166667
  -0.0972222       -0.025    -0.166667     0.222222
IMAGINARY
         0 -0.0751634  0.0222222  -0.025641
 0.0751634          0   0.141026 -0.0777778
-0.0222222  -0.141026          0   0.130719
  0.025641  0.0777778  -0.130719          0
EndNode2<--->EndNode1
REAL
    0.333333   -0.0583333 -1.38778e-17   -0.0972222
  -0.0583333     0.222222    -0.152778    -0.166667
-1.38778e-17    -0.152778     0.222222       -0.025
  -0.0972222    -0.166667       -0.025     0.222222
IMAGINARY
         0  0.0222222 -0.0751634  -0.025641
-0.0222222          0  -0.141026   0.130719
 0.0751634   0.141026          0 -0.0777778
  0.025641  -0.130719  0.0777778          0
EndNode1<--->EndNode2
REAL
  0.333333  -0.222222  -0.102564        0.5
 -0.222222          0          0 -0.0641026
 -0.102564          0          0  0.0555556
       0.5 -0.0641026  0.0555556   0.666667
IMAGINARY
           0     0.194444    0.0147059     0.227273
   -0.194444            0  2.77556e-17   -0.0147059
  -0.0147059 -2.77556e-17            0    -0.194444
   -0.227273    0.0147059     0.194444            0
EndNode2<--->EndNode1
REAL
  0.333333  -0.102564  -0.222222        0.5
 -0.102564          0          0  0.0555556
 -0.222222          0          0 -0.0641026
       0.5  0.0555556 -0.0641026   0.666667
IMAGINARY
           0    0.0147059     0.194444     0.227273
  -0.0147059            0 -2.77556e-17    -0.194444
   -0.194444  2.77556e-17            0   -0.0147059
   -0.227273     0.194444    0.0147059            0
EndNode1<--->EndNode2
REAL
  0.333333  -0.222222  -0.102564        0.5
 -0.222222          0          0 -0.0641026
 -0.102564          0          0  0.0555556
       0.5 -0.0641026  0.0555556   0.666667
IMAGINARY
           0     0.194444    0.0147059     0.227273
   -0.194444            0  2.77556e-17   -0.0147059
  -0.0147059 -2.77556e-17            0    -0.194444
   -0.227273    0.0147059     0.194444            0
EndNode2<--->EndNode1
REAL
  0.333333  -0.102564  -0.222222        0.5
 -0.102564          0          0  0.0555556
 -0.222222          0          0 -0.0641026
       0.5  0.0555556 -0.0641026   0.666667
IMAGINARY
           0    0.0147059     0.194444     0.227273
  -0.0147059            0 -2.77556e-17    -0.194444
   -0.194444  2.77556e-17            0   -0.0147059
   -0.227273     0.194444    0.0147059            0
EndNode1<--->EndNode2
REAL
  0.333333  -0.222222  -0.102564        0.5
 -0.222222          0          0 -0.0641026
 -0.102564          0          0  0.0555556
       0.5 -0.0641026  0.0555556   0.666667
IMAGINARY
           0     0.194444    0.0147059     0.227273
   -0.194444            0  2.77556e-17   -0.0147059
  -0.0147059 -2.77556e-17            0    -0.194444
   -0.227273    0.0147059     0.194444            0
EndNode2<--->EndNode1
REAL
  0.333333  -0.102564  -0.222222        0.5
 -0.102564          0          0  0.0555556
 -0.222222          0          0 -0.0641026
       0.5  0.0555556 -0.0641026   0.666667
IMAGINARY
           0    0.0147059     0.194444     0.227273
  -0.0147059            0 -2.77556e-17    -0.194444
   -0.194444  2.77556e-17            0   -0.0147059
   -0.227273     0.194444    0.0147059            0
EndNode1<--->EndNode2
REAL
      0.3    0.0625 0.0267857       0.5
   0.0625         0         0 0.0982143
0.0267857         0         0    0.0625
      0.5 0.0982143    0.0625       0.7
IMAGINARY
           0    -0.138889  1.38778e-17    0.0118577
    0.138889            0    0.0335968 -1.38778e-17
-1.38778e-17   -0.0335968            0     0.138889
  -0.0118577  1.38778e-17    -0.138889            0
EndNode2<--->EndNode1
REAL
      0.3 0.0267857    0.0625       0.5
0.0267857         0         0    0.0625
   0.0625         0         0 0.0982143
      0.5    0.0625 0.0982143       0.7
IMAGINARY
           0  1.38778e-17    -0.138889    0.0118577
-1.38778e-17            0   -0.0335968     0.138889
    0.138889    0.0335968            0 -1.38778e-17
  -0.0118577    -0.138889  1.38778e-17            0
EndNode1<--->EndNode2
REAL
  0.454545  -0.103896 -0.0959596        0.5
 -0.103896          0          0  -0.040404
-0.0959596          0          0 -0.0324675
       0.5  -0.040404 -0.0324675   0.545455
IMAGINARY
         0   0.115196 -0.0416667   0.169118
 -0.115196          0 -0.0808824 -0.0416667
 0.0416667  0.0808824          0 -0.0318627
 -0.169118  0.0416667  0.0318627          0
EndNode2<--->EndNode1
REAL
  0.454545 -0.0959596  -0.103896        0.5
-0.0959596          0          0 -0.0324675
 -0.103896          0          0  -0.040404
       0.5 -0.0324675  -0.040404   0.545455
IMAGINARY
         0 -0.0416667   0.115196   0.169118
 0.0416667          0  0.0808824 -0.0318627
 -0.115196 -0.0808824          0 -0.0416667
 -0.169118  0.0318627  0.0416667          0
EndNode1<--->EndNode2
REAL
  0.666667 -0.0394737  0.0576923        0.5
-0.0394737          0          0 -0.0576923
 0.0576923          0          0  0.0394737
       0.5 -0.0576923  0.0394737   0.333333
IMAGINARY
         0  -0.111111   0.111111  -0.025641
  0.111111          0  -0.141026 -0.0555556
 -0.111111   0.141026          0  0.0555556
  0.025641  0.0555556 -0.0555556          0
EndNode2<--->EndNode1
REAL
  0.666667  0.0576923 -0.0394737        0.5
 0.0576923          0          0  0.0394737
-0.0394737          0          0 -0.0576923
       0.5  0.0394737 -0.0576923   0.333333
IMAGINARY
         0   0.111111  -0.111111  -0.025641
 -0.111111          0   0.141026  0.0555556
  0.111111  -0.141026          0 -0.0555556
  0.025641 -0.0555556  0.0555556          0
EndNode1<--->EndNode2
REAL
        0.5  -0.0384615   -0.185897         0.5
 -0.0384615           0           0    0.147436
  -0.185897           0           0 1.38778e-17
        0.5    0.147436 1.38778e-17         0.5
IMAGINARY
         0   0.262821  -0.216667   0.134615
 -0.262821          0   0.134615  -0.116667
  0.216667  -0.134615          0  0.0705128
 -0.134615   0.116667 -0.0705128          0
EndNode2<--->EndNode1
REAL
        0.5   -0.185897  -0.0384615         0.5
  -0.185897           0           0 1.38778e-17
 -0.0384615           0           0    0.147436
        0.5 1.38778e-17    0.147436         0.5
IMAGINARY
         0  -0.216667   0.262821   0.134615
  0.216667          0  -0.134615  0.0705128
 -0.262821   0.134615          0  -0.116667
 -0.134615 -0.0705128   0.116667          0
EndNode1<--->EndNode2
REAL
  0.727273   0.163636   0.280303        0.5
  0.163636          0          0 -0.0530303
  0.280303          0          0  0.0636364
       0.5 -0.0530303  0.0636364   0.272727
IMAGINARY
         0  0.0487013 -0.0547619  -0.102564
-0.0487013          0 -0.0641026 -0.0880952
 0.0547619  0.0641026          0  0.0941558
  0.102564  0.0880952 -0.0941558          0
EndNode2<--->EndNode1
REAL
  0.727273   0.280303   0.163636        0.5
  0.280303          0          0  0.0636364
  0.163636          0          0 -0.0530303
       0.5  0.0636364 -0.0530303   0.272727
IMAGINARY
         0 -0.0547619  0.0487013  -0.102564
 0.0547619          0  0.0641026  0.0941558
-0.0487013 -0.0641026          0 -0.0880952
  0.102564 -0.0941558  0.0880952          0
EndNode1<--->EndNode2
REAL
  0.727273   0.111111 0.00396825        0.5
  0.111111          0          0   0.218254
0.00396825          0          0   0.111111
       0.5   0.218254   0.111111   0.272727
IMAGINARY
         0       0.05 -0.0777778  -0.138889
     -0.05          0   0.138889 -0.0222222
 0.0777778  -0.138889          0       0.05
  0.138889  0.0222222      -0.05          0
EndNode2<--->EndNode1
REAL
  0.727273 0.00396825   0.111111        0.5
0.00396825          0          0   0.111111
  0.111111          0          0   0.218254
       0.5   0.111111   0.218254   0.272727
IMAGINARY
         0 -0.0777778       0.05  -0.138889
 0.0777778          0  -0.138889       0.05
     -0.05   0.138889          0 -0.0222222
  0.138889      -0.05  0.0222222          0
EndNode1<--->EndNode2
REAL
       0.5   0.130952  0.0142857        0.5
  0.130952          0          0 -0.0857143
 0.0142857          0          0  -0.202381
       0.5 -0.0857143  -0.202381        0.5
IMAGINARY
         0     0.1875  -0.227941 -0.0416667
   -0.1875          0      0.125 -0.0220588
  0.227941     -0.125          0     0.0625
 0.0416667  0.0220588    -0.0625          0
EndNode2<--->EndNode1
REAL
       0.5  0.0142857   0.130952        0.5
 0.0142857          0          0  -0.202381
  0.130952          0          0 -0.0857143
       0.5  -0.202381 -0.0857143        0.5
IMAGINARY
         0  -0.227941     0.1875 -0.0416667
  0.227941          0     -0.125     0.0625
   -0.1875      0.125          0 -0.0220588
 0.0416667    -0.0625  0.0220588          0
EndNode1<--->EndNode2
REAL
       0.5   0.107143 -0.0833333        0.5
  0.107143          0          0  0.0833333
-0.0833333          0          0  -0.107143
       0.5  0.0833333  -0.107143        0.5
IMAGINARY
          0   0.0192308        -0.2  -0.0634921
 -0.0192308           0  0.00793651         0.2
        0.2 -0.00793651           0  -0.0192308
  0.0634921        -0.2   0.0192308           0
EndNode2<--->EndNode1
REAL
       0.5 -0.0833333   0.107143        0.5
-0.0833333          0          0  -0.107143
  0.107143          0          0  0.0833333
       0.5  -0.107143  0.0833333        0.5
IMAGINARY
          0        -0.2   0.0192308  -0.0634921
        0.2           0 -0.00793651  -0.0192308
 -0.0192308  0.00793651           0         0.2
  0.0634921   0.0192308        -0.2           0
EndNode1<--->EndNode2
REAL
      0.3  0.160131 0.0277778       0.5
 0.160131         0         0 0.0277778
0.0277778         0         0 -0.104575
      0.5 0.0277778 -0.104575       0.7
IMAGINARY
           0    -0.152778   0.00854701    0.0833333
    0.152778            0  6.93889e-18    0.0470085
 -0.00854701 -6.93889e-18            0    0.0972222
  -0.0833333   -0.0470085   -0.0972222            0
EndNode2<--->EndNode1
REAL
      0.3 0.0277778  0.160131       0.5
0.0277778         0         0 -0.104575
 0.160131         0         0 0.0277778
      0.5 -0.104575 0.0277778       0.7
IMAGINARY
           0   0.00854701    -0.152778    0.0833333
 -0.00854701            0 -6.93889e-18    0.0972222
    0.152778  6.93889e-18            0    0.0470085
  -0.0833333   -0.0972222   -0.0470085            0
EndNode1<--->EndNode2
REAL
  0.571429  0.0357143 -0.0277778        0.5
 0.0357143          0          0  0.0277778
-0.0277778          0          0 -0.0357143
       0.5  0.0277778 -0.0357143   0.428571
IMAGINARY
         0  0.0714286  -0.178571       0.05
-0.0714286          0      -0.15  0.0357143
  0.178571       0.15          0  0.0714286
     -0.05 -0.0357143 -0.0714286          0
EndNode2<--->EndNode1
REAL
  0.571429 -0.0277778  0.0357143        0.5
-0.0277778          0          0 -0.0357143
 0.0357143          0          0  0.0277778
       0.5 -0.0357143  0.0277778   0.428571
IMAGINARY
         0  -0.178571  0.0714286       0.05
  0.178571          0       0.15  0.0714286
-0.0714286      -0.15          0  0.0357143
     -0.05 -0.0714286 -0.0357143          0
EndNode1<--->EndNode2
REAL
  0.538462  0.0227273     -0.075        0.5
 0.0227273          0          0      0.075
    -0.075          0          0 -0.0227273
       0.5      0.075 -0.0227273   0.461538
IMAGINARY
         0  0.0833333  -0.179487   0.144231
-0.0833333          0   0.105769  0.0128205
  0.179487  -0.105769          0  0.0833333
 -0.144231 -0.0128205 -0.0833333          0
EndNode2<--->EndNode1
REAL
  0.538462     -0.075  0.0227273        0.5
    -0.075          0          0 -0.0227273
 0.0227273          0          0      0.075
       0.5 -0.0227273      0.075   0.461538
IMAGINARY
         0  -0.179487  0.0833333   0.144231
  0.179487          0  -0.105769  0.0833333
-0.0833333   0.105769          0  0.0128205
 -0.144231 -0.0833333 -0.0128205          0
EndNode1<--->EndNode2
REAL
       0.5       0.05  0.0681818        0.5
      0.05          0          0 -0.0681818
 0.0681818          0          0      -0.05
       0.5 -0.0681818      -0.05        0.5
IMAGINARY
          0 -0.00854701  -0.0850202  -0.0833333
 0.00854701           0   0.0833333   0.0465587
  0.0850202  -0.0833333           0   0.0470085
  0.0833333  -0.0465587  -0.0470085           0
EndNode2<--->EndNode1
REAL
       0.5  0.0681818       0.05        0.5
 0.0681818          0          0      -0.05
      0.05          0          0 -0.0681818
       0.5      -0.05 -0.0681818        0.5
IMAGINARY
          0  -0.0850202 -0.00854701  -0.0833333
  0.0850202           0  -0.0833333   0.0470085
 0.00854701   0.0833333           0   0.0465587
  0.0833333  -0.0470085  -0.0465587           0
EndNode1<--->EndNode2
REAL
       0.5  -0.211538 -0.0227273        0.5
 -0.211538          0          0  0.0227273
-0.0227273          0          0   0.211538
       0.5  0.0227273   0.211538        0.5
IMAGINARY
         0   0.194444  -0.277778  0.0111111
 -0.194444          0 -0.0444444  -0.111111
  0.277778  0.0444444          0   0.194444
-0.0111111   0.111111  -0.194444          0
EndNode2<--->EndNode1
REAL
       0.5 -0.0227273  -0.211538        0.5
-0.0227273          0          0   0.211538
 -0.211538          0          0  0.0227273
       0.5   0.211538  0.0227273        0.5
IMAGINARY
         0  -0.277778   0.194444  0.0111111
  0.277778          0  0.0444444   0.194444
 -0.194444 -0.0444444          0  -0.111111
-0.0111111  -0.194444   0.111111          0
EndNode1<--->EndNode2
REAL
  0.888889  -0.204678  -0.333333        0.5
 -0.204678          0          0  0.0555556
 -0.333333          0          0 -0.0730994
       0.5  0.0555556 -0.0730994   0.111111
IMAGINARY
          0   -0.139394     0.12987    0.120192
   0.139394           0 -0.00480769  -0.0844156
   -0.12987  0.00480769           0   0.0939394
  -0.120192   0.0844156  -0.0939394           0
EndNode2<--->EndNode1
REAL
  0.888889  -0.333333  -0.204678        0.5
 -0.333333          0          0 -0.0730994
 -0.204678          0          0  0.0555556
       0.5 -0.0730994  0.0555556   0.111111
IMAGINARY
          0     0.12987   -0.139394    0.120192
   -0.12987           0  0.00480769   0.0939394
   0.139394 -0.00480769           0  -0.0844156
  -0.120192  -0.0939394   0.0844156           0
EndNode1<--->EndNode2
REAL
  0.277778  -0.102564 -0.0833333        0.5
 -0.102564          0          0 -0.0833333
-0.0833333          0          0 -0.0641026
       0.5 -0.0833333 -0.0641026   0.722222
IMAGINARY
         0   0.106061  0.0454545          0
 -0.106061          0  0.0555556 -0.0909091
-0.0454545 -0.0555556          0 -0.0606061
         0  0.0909091  0.0606061          0
EndNode2<--->EndNode1
REAL
  0.277778 -0.0833333  -0.102564        0.5
-0.0833333          0          0 -0.0641026
 -0.102564          0          0 -0.0833333
       0.5 -0.0641026 -0.0833333   0.722222
IMAGINARY
         0  0.0454545   0.106061          0
-0.0454545          0 -0.0555556 -0.0606061
 -0.106061  0.0555556          0 -0.0909091
         0  0.0606061  0.0909091          0
EndNode1<--->EndNode2
REAL
       0.5  0.0817308  0.0608974        0.5
 0.0817308          0          0 -0.0224359
 0.0608974          0          0 -0.0432692
       0.5 -0.0224359 -0.0432692        0.5
IMAGINARY
          0   0.0772727  0.00714286   -0.119048
 -0.0772727           0   -0.047619   -0.207143
-0.00714286    0.047619           0    0.122727
   0.119048    0.207143   -0.122727           0
EndNode2<--->EndNode1
REAL
       0.5  0.0608974  0.0817308        0.5
 0.0608974          0          0 -0.0432692
 0.0817308          0          0 -0.0224359
       0.5 -0.0432692 -0.0224359        0.5
IMAGINARY
          0  0.00714286   0.0772727   -0.119048
-0.00714286           0    0.047619    0.122727
 -0.0772727   -0.047619           0   -0.207143
   0.119048   -0.122727    0.207143           0
EndNode1<--->EndNode2
REAL
     0.5 0.287879  0.14899      0.5
0.287879        0        0 0.260101
 0.14899        0        0 0.121212
     0.5 0.260101 0.121212      0.5
IMAGINARY
         0  0.0727273   -0.12987  0.0727273
-0.0727273          0 -0.0272727  0.0844156
   0.12987  0.0272727          0 -0.0272727
-0.0727273 -0.0844156  0.0272727          0
EndNode2<--->EndNode1
REAL
     0.5  0.14899 0.287879      0.5
 0.14899        0        0 0.121212
0.287879        0        0 0.260101
     0.5 0.121212 0.260101      0.5
IMAGINARY
         0   -0.12987  0.0727273  0.0727273
   0.12987          0  0.0272727 -0.0272727
-0.0727273 -0.0272727          0  0.0844156
-0.0727273  0.0272727 -0.0844156          0
EndNode1<--->EndNode2
REAL
        0.2 -0.00347222   0.0694444         0.5
-0.00347222           0           0  -0.0138889
  0.0694444           0           0   0.0590278
        0.5  -0.0138889   0.0590278         0.8
IMAGINARY
         0   0.108333 -0.0972222  0.0515152
 -0.108333          0  0.0848485  -0.152778
 0.0972222 -0.0848485          0   0.141667
-0.0515152   0.152778  -0.141667          0
EndNode2<--->EndNode1
REAL
        0.2   0.0694444 -0.00347222         0.5
  0.0694444           0           0   0.0590278
-0.00347222           0           0  -0.0138889
        0.5   0.0590278  -0.0138889         0.8
IMAGINARY
         0 -0.0972222   0.108333  0.0515152
 0.0972222          0 -0.0848485   0.141667
 -0.108333  0.0848485          0  -0.152778
-0.0515152  -0.141667   0.152778          0
EndNode1<--->EndNode2
REAL
  0.333333  0.0265152 -0.0416667        0.5
 0.0265152          0          0 -0.0416667
-0.0416667          0          0  -0.109848
       0.5 -0.0416667  -0.109848   0.666667
IMAGINARY
         0 -0.0227273   0.181818   0.113122
 0.0227273          0  -0.151584  -0.136364
 -0.181818   0.151584          0 -0.0227273
 -0.113122   0.136364  0.0227273          0
EndNode2<--->EndNode1
REAL
  0.333333 -0.0416667  0.0265152        0.5
-0.0416667          0          0  -0.109848
 0.0265152          0          0 -0.0416667
       0.5  -0.109848 -0.0416667   0.666667
IMAGINARY
         0   0.181818 -0.0227273   0.113122
 -0.181818          0   0.151584 -0.0227273
 0.0227273  -0.151584          0  -0.136364
 -0.113122  0.0227273   0.136364          0
EndNode1<--->EndNode2
REAL
         0.7 -1.38778e-17    0.0686275          0.5
-1.38778e-17            0            0    0.0980392
   0.0686275            0            0     0.166667
         0.5    0.0980392     0.166667          0.3
IMAGINARY
         0   0.166667      -0.05 -0.0818182
 -0.166667          0   0.218182      -0.05
      0.05  -0.218182          0 -0.0666667
 0.0818182       0.05  0.0666667          0
EndNode2<--->EndNode1
REAL
         0.7    0.0686275 -1.38778e-17          0.5
   0.0686275            0            0     0.166667
-1.38778e-17            0            0    0.0980392
         0.5     0.166667    0.0980392          0.3
IMAGINARY
         0      -0.05   0.166667 -0.0818182
      0.05          0  -0.218182 -0.0666667
 -0.166667   0.218182          0      -0.05
 0.0818182  0.0666667       0.05          0
EndNode1<--->EndNode2
REAL
       0.6 0.00240385   0.230769        0.5
0.00240385          0          0 -0.0384615
  0.230769          0          0   0.189904
       0.5 -0.0384615   0.189904        0.4
IMAGINARY
         0  0.0666667 -0.0238095    0.19697
-0.0666667          0  -0.030303   0.190476
 0.0238095   0.030303          0  -0.233333
  -0.19697  -0.190476   0.233333          0
EndNode2<--->EndNode1
REAL
       0.6   0.230769 0.00240385        0.5
  0.230769          0          0   0.189904
0.00240385          0          0 -0.0384615
       0.5   0.189904 -0.0384615        0.4
IMAGINARY
         0 -0.0238095  0.0666667    0.19697
 0.0238095          0   0.030303  -0.233333
-0.0666667  -0.030303          0   0.190476
  -0.19697   0.233333  -0.190476          0
EndNode1<--->EndNode2
REAL
  0.636364 -0.0416667 -0.0833333        0.5
-0.0416667          0          0          0
-0.0833333          0          0 -0.0416667
       0.5          0 -0.0416667   0.363636
IMAGINARY
         0  0.0192308      -0.05 -0.0130719
-0.0192308          0 -0.0424837       0.05
      0.05  0.0424837          0 -0.0192308
 0.0130719      -0.05  0.0192308          0
EndNode2<--->EndNode1
REAL
    0.636364   -0.0833333   -0.0416667          0.5
  -0.0833333            0            0   -0.0416667
  -0.0416667            0            0 -1.38778e-17
         0.5   -0.0416667 -1.38778e-17     0.363636
IMAGINARY
         0      -0.05  0.0192308 -0.0130719
      0.05          0  0.0424837 -0.0192308
-0.0192308 -0.0424837          0       0.05
 0.0130719  0.0192308      -0.05          0
EndNode1<--->EndNode2
REAL
  0.636364  0.0544872 -0.0288462        0.5
 0.0544872          0          0   0.221154
-0.0288462          0          0   0.137821
       0.5   0.221154   0.137821   0.363636
IMAGINARY
         0 -0.0777778       0.05  0.0606061
 0.0777778          0  -0.106061       0.05
     -0.05   0.106061          0 -0.0222222
-0.0606061      -0.05  0.0222222          0
EndNode2<--->EndNode1
REAL
  0.636364 -0.0288462  0.0544872        0.5
-0.0288462          0          0   0.137821
 0.0544872          0          0   0.221154
       0.5   0.137821   0.221154   0.363636
IMAGINARY
         0       0.05 -0.0777778  0.0606061
     -0.05          0   0.106061 -0.0222222
 0.0777778  -0.106061          0       0.05
-0.0606061  0.0222222      -0.05          0
EndNode1<--->EndNode2
REAL
      0.5 0.0558824  0.122549       0.5
0.0558824         0         0 -0.210784
 0.122549         0         0 -0.144118
      0.5 -0.210784 -0.144118       0.5
IMAGINARY
         0 -0.0357143 -0.0192308 -0.0641026
 0.0357143          0  -0.102564  0.0192308
 0.0192308   0.102564          0  0.0357143
 0.0641026 -0.0192308 -0.0357143          0
EndNode2<--->EndNode1
REAL
      0.5  0.122549 0.0558824       0.5
 0.122549         0         0 -0.144118
0.0558824         0         0 -0.210784
      0.5 -0.144118 -0.210784       0.5
IMAGINARY
         0 -0.0192308 -0.0357143 -0.0641026
 0.0192308          0   0.102564  0.0357143
 0.0357143  -0.102564          0  0.0192308
 0.0641026 -0.0357143 -0.0192308          0
EndNode1<--->EndNode2
REAL
         1   0.012987 -0.0727273        0.5
  0.012987          0          0  0.0272727
-0.0727273          0          0 -0.0584416
       0.5  0.0272727 -0.0584416          0
IMAGINARY
         0   0.255682  -0.229167  0.0224359
 -0.255682          0 -0.0608974  -0.145833
  0.229167  0.0608974          0   0.119318
-0.0224359   0.145833  -0.119318          0
EndNode2<--->EndNode1
REAL
         1 -0.0727273   0.012987        0.5
-0.0727273          0          0 -0.0584416
  0.012987          0          0  0.0272727
       0.5 -0.0584416  0.0272727          0
IMAGINARY
         0  -0.229167   0.255682  0.0224359
  0.229167          0  0.0608974   0.119318
 -0.255682 -0.0608974          0  -0.145833
-0.0224359  -0.119318   0.145833          0
EndNode1<--->EndNode2
REAL
       0.5  0.0357143  0.0681818        0.5
 0.0357143          0          0 -0.0681818
 0.0681818          0          0 -0.0357143
       0.5 -0.0681818 -0.0357143        0.5
IMAGINARY
         0  -0.132867   0.155303  -0.139394
  0.132867          0 -0.0939394  0.0719697
 -0.155303  0.0939394          0 -0.0944056
  0.139394 -0.0719697  0.0944056          0
EndNode2<--->EndNode1
REAL
       0.5  0.0681818  0.0357143        0.5
 0.0681818          0          0 -0.0357143
 0.0357143          0          0 -0.0681818
       0.5 -0.0357143 -0.0681818        0.5
IMAGINARY
         0   0.155303  -0.132867  -0.139394
 -0.155303          0  0.0939394 -0.0944056
  0.132867 -0.0939394          0  0.0719697
  0.139394  0.0944056 -0.0719697          0
EndNode1<--->EndNode2
REAL
  0.428571  0.0571429    0.27381        0.5
 0.0571429          0          0 -0.0595238
   0.27381          0          0   0.157143
       0.5 -0.0595238   0.157143   0.571429
IMAGINARY
         0 -0.0333333        0.2  0.0734266
 0.0333333          0  -0.118881  0.0333333
      -0.2   0.118881          0       -0.2
-0.0734266 -0.0333333        0.2          0
EndNode2<--->EndNode1
REAL
  0.428571    0.27381  0.0571429        0.5
   0.27381          0          0   0.157143
 0.0571429          0          0 -0.0595238
       0.5   0.157143 -0.0595238   0.571429
IMAGINARY
         0        0.2 -0.0333333  0.0734266
      -0.2          0   0.118881       -0.2
 0.0333333  -0.118881          0  0.0333333
-0.0734266        0.2 -0.0333333          0
EndNode1<--->EndNode2
REAL
      0.25  0.0580808 -0.0833333        0.5
 0.0580808          0          0 -0.0277778
-0.0833333          0          0  -0.169192
       0.5 -0.0277778  -0.169192       0.75
IMAGINARY
         0  0.0571429 -0.0238095   0.271978
-0.0571429          0  -0.156593  -0.190476
 0.0238095   0.156593          0   0.157143
 -0.271978   0.190476  -0.157143          0
EndNode2<--->EndNode1
REAL
      0.25 -0.0833333  0.0580808        0.5
-0.0833333          0          0  -0.169192
 0.0580808          0          0 -0.0277778
       0.5  -0.169192 -0.0277778       0.75
IMAGINARY
         0 -0.0238095  0.0571429   0.271978
 0.0238095          0   0.156593   0.157143
-0.0571429  -0.156593          0  -0.190476
 -0.271978  -0.157143   0.190476          0
EndNode1<--->EndNode2
REAL
       0.5  -0.179487  -0.145833        0.5
 -0.179487          0          0 -0.0208333
 -0.145833          0          0  0.0128205
       0.5 -0.0208333  0.0128205        0.5
IMAGINARY
         0  0.0333333 -0.0964912  0.0444444
-0.0333333          0   0.344444 -0.0701754
 0.0964912  -0.344444          0   0.133333
-0.0444444  0.0701754  -0.133333          0
EndNode2<--->EndNode1
REAL
       0.5  -0.145833  -0.179487        0.5
 -0.145833          0          0  0.0128205
 -0.179487          0          0 -0.0208333
       0.5  0.0128205 -0.0208333        0.5
IMAGINARY
         0 -0.0964912  0.0333333  0.0444444
 0.0964912          0  -0.344444   0.133333
-0.0333333   0.344444          0 -0.0701754
-0.0444444  -0.133333  0.0701754          0
EndNode1<--->EndNode2
REAL
0.714286 0.107143 0.107143      0.5
0.107143        0        0 0.107143
0.107143        0        0 0.107143
     0.5 0.107143 0.107143 0.285714
IMAGINARY
         0 -0.0181818 -0.0568182 -0.0192308
 0.0181818          0 -0.0192308   0.193182
 0.0568182  0.0192308          0  -0.118182
 0.0192308  -0.193182   0.118182          0
EndNode2<--->EndNode1
REAL
0.714286 0.107143 0.107143      0.5
0.107143        0        0 0.107143
0.107143        0        0 0.107143
     0.5 0.107143 0.107143 0.285714
IMAGINARY
         0 -0.0568182 -0.0181818 -0.0192308
 0.0568182          0  0.0192308  -0.118182
 0.0181818 -0.0192308          0   0.193182
 0.0192308   0.118182  -0.193182          0
EndNode1<--->EndNode2
REAL
 0.555556 0.0166667 -0.238889       0.5
0.0166667         0         0 0.0388889
-0.238889         0         0 -0.216667
      0.5 0.0388889 -0.216667  0.444444
IMAGINARY
         0 -0.0511364  -0.145833    -0.0125
 0.0511364          0    -0.1125  0.0208333
  0.145833     0.1125          0   0.176136
    0.0125 -0.0208333  -0.176136          0
EndNode2<--->EndNode1
REAL
 0.555556 -0.238889 0.0166667       0.5
-0.238889         0         0 -0.216667
0.0166667         0         0 0.0388889
      0.5 -0.216667 0.0388889  0.444444
IMAGINARY
         0  -0.145833 -0.0511364    -0.0125
  0.145833          0     0.1125   0.176136
 0.0511364    -0.1125          0  0.0208333
    0.0125  -0.176136 -0.0208333          0
EndNode1<--->EndNode2
REAL
       0.6 -0.0535714  0.0401786        0.5
-0.0535714          0          0   0.102679
 0.0401786          0          0   0.196429
       0.5   0.102679   0.196429        0.4
IMAGINARY
         0  -0.134615 -0.0681818       0.25
  0.134615          0  0.0833333  0.0681818
 0.0681818 -0.0833333          0   0.134615
     -0.25 -0.0681818  -0.134615          0
EndNode2<--->EndNode1
REAL
       0.6  0.0401786 -0.0535714        0.5
 0.0401786          0          0   0.196429
-0.0535714          0          0   0.102679
       0.5   0.196429   0.102679        0.4
IMAGINARY
         0 -0.0681818  -0.134615       0.25
 0.0681818          0 -0.0833333   0.134615
  0.134615  0.0833333          0  0.0681818
     -0.25  -0.134615 -0.0681818          0
EndNode1<--->EndNode2
REAL
       0.6 -0.0555556  0.0595238        0.5
-0.0555556          0          0   -0.22619
 0.0595238          0          0  -0.111111
       0.5   -0.22619  -0.111111        0.4
IMAGINARY
         0   0.142857 -0.0803571 -0.0333333
 -0.142857          0  0.0666667  -0.205357
 0.0803571 -0.0666667          0   0.142857
 0.0333333   0.205357  -0.142857          0
EndNode2<--->EndNode1
REAL
       0.6  0.0595238 -0.0555556        0.5
 0.0595238          0          0  -0.111111
-0.0555556          0          0   -0.22619
       0.5  -0.111111   -0.22619        0.4
IMAGINARY
         0 -0.0803571   0.142857 -0.0333333
 0.0803571          0 -0.0666667   0.142857
 -0.142857  0.0666667          0  -0.205357
 0.0333333  -0.142857   0.205357          0
EndNode1<--->EndNode2
REAL
      0.6  0.127273 0.0923077       0.5
 0.127273         0         0  0.207692
0.0923077         0         0  0.172727
      0.5  0.207692  0.172727       0.4
IMAGINARY
         0          0  0.0147059      -0.05
         0          0      -0.05 -0.0147059
-0.0147059       0.05          0          0
      0.05  0.0147059          0          0
EndNode2<--->EndNode1
REAL
      0.6 0.0923077  0.127273       0.5
0.0923077         0         0  0.172727
 0.127273         0         0  0.207692
      0.5  0.172727  0.207692       0.4
IMAGINARY
         0  0.0147059          0      -0.05
-0.0147059          0       0.05          0
         0      -0.05          0 -0.0147059
      0.05          0  0.0147059          0
EndNode1<--->EndNode2
REAL
  0.636364  0.0454545   -0.12987        0.5
 0.0454545          0          0  0.0844156
  -0.12987          0          0 -0.0909091
       0.5  0.0844156 -0.0909091   0.363636
IMAGINARY
         0  -0.012987 -0.0142857          0
  0.012987          0 -0.0555556  0.0857143
 0.0142857  0.0555556          0 -0.0584416
         0 -0.0857143  0.0584416          0
EndNode2<--->EndNode1
REAL
  0.636364   -0.12987  0.0454545        0.5
  -0.12987          0          0 -0.0909091
 0.0454545          0          0  0.0844156
       0.5 -0.0909091  0.0844156   0.363636
IMAGINARY
         0 -0.0142857  -0.012987          0
 0.0142857          0  0.0555556 -0.0584416
  0.012987 -0.0555556          0  0.0857143
         0  0.0584416 -0.0857143          0
EndNode1<--->EndNode2
REAL
  0.285714 -0.0192308  -0.169231        0.5
-0.0192308          0          0   0.130769
 -0.169231          0          0 -0.0192308
       0.5   0.130769 -0.0192308   0.714286
IMAGINARY
           0       0.1625         -0.2    -0.166667
     -0.1625            0     0.133333  1.38778e-17
         0.2    -0.133333            0       0.0375
    0.166667 -1.38778e-17      -0.0375            0
EndNode2<--->EndNode1
REAL
  0.285714  -0.169231 -0.0192308        0.5
 -0.169231          0          0 -0.0192308
-0.0192308          0          0   0.130769
       0.5 -0.0192308   0.130769   0.714286
IMAGINARY
           0         -0.2       0.1625    -0.166667
         0.2            0    -0.133333       0.0375
     -0.1625     0.133333            0  1.38778e-17
    0.166667      -0.0375 -1.38778e-17            0
EndNode1<--->EndNode2
REAL
  0.916667 -0.0267857  0.0584416        0.5
-0.0267857          0          0   0.012987
 0.0584416          0          0  0.0982143
       0.5   0.012987  0.0982143  0.0833333
IMAGINARY
           0   0.00833333    -0.133333    -0.166667
 -0.00833333            0  1.38778e-17    0.0333333
    0.133333 -1.38778e-17            0    0.0916667
    0.166667   -0.0333333   -0.0916667            0
EndNode2<--->EndNode1
REAL
  0.916667  0.0584416 -0.0267857        0.5
 0.0584416          0          0  0.0982143
-0.0267857          0          0   0.012987
       0.5  0.0982143   0.012987  0.0833333
IMAGINARY
           0    -0.133333   0.00833333    -0.166667
    0.133333            0 -1.38778e-17    0.0916667
 -0.00833333  1.38778e-17            0    0.0333333
    0.166667   -0.0916667   -0.0333333            0
EndNode1<--->EndNode2
REAL
 0.636364   -0.1875 -0.206731       0.5
  -0.1875         0         0 -0.168269
-0.206731         0         0   -0.1875
      0.5 -0.168269   -0.1875  0.363636
IMAGINARY
         0 -0.0235294      -0.05  0.0277778
 0.0235294          0 -0.0277778      -0.05
      0.05  0.0277778          0   0.123529
-0.0277778       0.05  -0.123529          0
EndNode2<--->EndNode1
REAL
 0.636364 -0.206731   -0.1875       0.5
-0.206731         0         0   -0.1875
  -0.1875         0         0 -0.168269
      0.5   -0.1875 -0.168269  0.363636
IMAGINARY
         0      -0.05 -0.0235294  0.0277778
      0.05          0  0.0277778   0.123529
 0.0235294 -0.0277778          0      -0.05
-0.0277778  -0.123529       0.05          0
EndNode1<--->EndNode2
REAL
      0.75  0.0777778 -0.0555556        0.5
 0.0777778          0          0   0.111111
-0.0555556          0          0 -0.0222222
       0.5   0.111111 -0.0222222       0.25
IMAGINARY
         0   -0.19697   0.151515 -0.0571429
   0.19697          0  -0.157143  0.0151515
 -0.151515   0.157143          0   0.030303
 0.0571429 -0.0151515  -0.030303          0
EndNode2<--->EndNode1
REAL
      0.75 -0.0555556  0.0777778        0.5
-0.0555556          0          0 -0.0222222
 0.0777778          0          0   0.111111
       0.5 -0.0222222   0.111111       0.25
IMAGINARY
         0   0.151515   -0.19697 -0.0571429
 -0.151515          0   0.157143   0.030303
   0.19697  -0.157143          0  0.0151515
 0.0571429  -0.030303 -0.0151515          0
EndNode1<--->EndNode2
REAL
  0.444444 -0.0934066 -0.0804196        0.5
-0.0934066          0          0  -0.034965
-0.0804196          0          0  -0.021978
       0.5  -0.034965  -0.021978   0.555556
IMAGINARY
         0  -0.182692  0.0833333 -0.0147059
  0.182692          0  0.0147059   0.166667
-0.0833333 -0.0147059          0 -0.0673077
 0.0147059  -0.166667  0.0673077          0
EndNode2<--->EndNode1
REAL
  0.444444 -0.0804196 -0.0934066        0.5
-0.0804196          0          0  -0.021978
-0.0934066          0          0  -0.034965
       0.5  -0.021978  -0.034965   0.555556
IMAGINARY
         0  0.0833333  -0.182692 -0.0147059
-0.0833333          0 -0.0147059 -0.0673077
  0.182692  0.0147059          0   0.166667
 0.0147059  0.0673077  -0.166667          0
EndNode1<--->EndNode2
REAL
  0.416667 0.00568182  0.0336538        0.5
0.00568182          0          0  -0.158654
 0.0336538          0          0  -0.130682
       0.5  -0.158654  -0.130682   0.583333
IMAGINARY
         0   0.217172 -0.0941558 -0.0454545
 -0.217172          0  0.0909091  0.0487013
 0.0941558 -0.0909091          0  -0.171717
 0.0454545 -0.0487013   0.171717          0
EndNode2<--->EndNode1
REAL
  0.416667  0.0336538 0.00568182        0.5
 0.0336538          0          0  -0.130682
0.00568182          0          0  -0.158654
       0.5  -0.130682  -0.158654   0.583333
IMAGINARY
         0 -0.0941558   0.217172 -0.0454545
 0.0941558          0 -0.0909091  -0.171717
 -0.217172  0.0909091          0  0.0487013
 0.0454545   0.171717 -0.0487013          0
EndNode1<--->EndNode2
REAL
 0.555556 0.0909091 0.0909091       0.5
0.0909091         0         0  0.136364
0.0909091         0         0  0.136364
      0.5  0.136364  0.136364  0.444444
IMAGINARY
           0         -0.1    0.0142857   -0.0227273
         0.1            0    0.0227273    0.0857143
  -0.0142857   -0.0227273            0  2.08167e-17
   0.0227273   -0.0857143 -2.08167e-17            0
EndNode2<--->EndNode1
REAL
 0.555556 0.0909091 0.0909091       0.5
0.0909091         0         0  0.136364
0.0909091         0         0  0.136364
      0.5  0.136364  0.136364  0.444444
IMAGINARY
           0    0.0142857         -0.1   -0.0227273
  -0.0142857            0   -0.0227273  2.77556e-17
         0.1    0.0227273            0    0.0857143
   0.0227273 -2.77556e-17   -0.0857143            0
EndNode1<--->EndNode2
REAL
 0.333333 -0.222222 -0.363636       0.5
-0.222222         0         0 -0.136364
-0.363636         0         0 -0.277778
      0.5 -0.136364 -0.277778  0.666667
IMAGINARY
         0  0.0198413 -0.0912698  0.0952381
-0.0198413          0  -0.261905 -0.0198413
 0.0912698   0.261905          0  0.0912698
-0.0952381  0.0198413 -0.0912698          0
EndNode2<--->EndNode1
REAL
 0.333333 -0.363636 -0.222222       0.5
-0.363636         0         0 -0.277778
-0.222222         0         0 -0.136364
      0.5 -0.277778 -0.136364  0.666667
IMAGINARY
         0 -0.0912698  0.0198413  0.0952381
 0.0912698          0   0.261905  0.0912698
-0.0198413  -0.261905          0 -0.0198413
-0.0952381 -0.0912698  0.0198413          0
EndNode1<--->EndNode2
REAL
       0.5  -0.145833  -0.190476        0.5
 -0.145833          0          0  0.0238095
 -0.190476          0          0 -0.0208333
       0.5  0.0238095 -0.0208333        0.5
IMAGINARY
         0       0.05 -0.0666667  0.0384615
     -0.05          0  0.0769231 -0.0333333
 0.0666667 -0.0769231          0       0.05
-0.0384615  0.0333333      -0.05          0
EndNode2<--->EndNode1
REAL
       0.5  -0.190476  -0.145833        0.5
 -0.190476          0          0 -0.0208333
 -0.145833          0          0  0.0238095
       0.5 -0.0208333  0.0238095        0.5
IMAGINARY
         0 -0.0666667       0.05  0.0384615
 0.0666667          0 -0.0769231       0.05
     -0.05  0.0769231          0 -0.0333333
-0.0384615      -0.05  0.0333333          0
EndNode1<--->EndNode2
REAL
       0.7  0.0130719  -0.202206        0.5
 0.0130719          0          0   0.172794
 -0.202206          0          0 -0.0424837
       0.5   0.172794 -0.0424837        0.3
IMAGINARY
         0  -0.047619  -0.185714  0.0659341
  0.047619          0   -0.28022   0.114286
  0.185714    0.28022          0   0.119048
-0.0659341  -0.114286  -0.119048          0
EndNode2<--->EndNode1
REAL
       0.7  -0.202206  0.0130719        0.5
 -0.202206          0          0 -0.0424837
 0.0130719          0          0   0.172794
       0.5 -0.0424837   0.172794        0.3
IMAGINARY
         0  -0.185714  -0.047619  0.0659341
  0.185714          0    0.28022   0.119048
  0.047619   -0.28022          0   0.114286
-0.0659341  -0.119048  -0.114286          0
EndNode1<--->EndNode2
REAL
    0.4375 -0.0833333  -0.118056        0.5
-0.0833333          0          0 0.00694444
 -0.118056          0          0 -0.0277778
       0.5 0.00694444 -0.0277778     0.5625
IMAGINARY
         0  -0.103896  0.0681818  0.0606061
  0.103896          0   0.106061  0.0681818
-0.0681818  -0.106061          0 -0.0324675
-0.0606061 -0.0681818  0.0324675          0
EndNode2<--->EndNode1
REAL
    0.4375  -0.118056 -0.0833333        0.5
 -0.118056          0          0 -0.0277778
-0.0833333          0          0 0.00694444
       0.5 -0.0277778 0.00694444     0.5625
IMAGINARY
         0  0.0681818  -0.103896  0.0606061
-0.0681818          0  -0.106061 -0.0324675
  0.103896   0.106061          0  0.0681818
-0.0606061  0.0324675 -0.0681818          0
EndNode1<--->EndNode2
REAL
  0.545455 -0.0817308 -0.0397727        0.5
-0.0817308          0          0 -0.0852273
-0.0397727          0          0 -0.0432692
       0.5 -0.0852273 -0.0432692   0.454545
IMAGINARY
           0    0.0120192     -0.08125     0.166667
  -0.0120192            0 -1.38778e-17      0.01875
     0.08125  1.38778e-17            0    0.0504808
   -0.166667     -0.01875   -0.0504808            0
EndNode2<--->EndNode1
REAL
  0.545455 -0.0397727 -0.0817308        0.5
-0.0397727          0          0 -0.0432692
-0.0817308          0          0 -0.0852273
