EndNode1<--->EndNode2
REAL
   0.473684  -0.0318878  -0.0509793         0.5
 -0.0318878           0           0 -0.00259217
 -0.0509793           0           0  -0.0216837
        0.5 -0.00259217  -0.0216837    0.526316
IMAGINARY
          0     0.12381   -0.107143  0.00360942
   -0.12381           0   0.0142477   -0.107143
   0.107143  -0.0142477           0   0.0904762
-0.00360942    0.107143  -0.0904762           0
EndNode2<--->EndNode1
REAL
   0.473684  -0.0509793  -0.0318878         0.5
 -0.0509793           0           0  -0.0216837
 -0.0318878           0           0 -0.00259217
        0.5  -0.0216837 -0.00259217    0.526316
IMAGINARY
          0   -0.107143     0.12381  0.00360942
   0.107143           0  -0.0142477   0.0904762
   -0.12381   0.0142477           0   -0.107143
-0.00360942  -0.0904762    0.107143           0
EndNode1<--->EndNode2
REAL
  0.206897       0.02  0.0522951  0.0324528
      0.02   0.344828 -0.0524528  0.0277049
 0.0522951 -0.0524528   0.189655       0.02
 0.0324528  0.0277049       0.02   0.258621
IMAGINARY
          0   0.0141509   0.0218592 -0.00797448
 -0.0141509           0   -0.053429  -0.0878969
 -0.0218592    0.053429           0   0.0141509
 0.00797448   0.0878969  -0.0141509           0
EndNode2<--->EndNode1
REAL
  0.206897  0.0522951       0.02  0.0324528
 0.0522951   0.189655 -0.0524528       0.02
      0.02 -0.0524528   0.344828  0.0277049
 0.0324528       0.02  0.0277049   0.258621
IMAGINARY
          0   0.0218592   0.0141509 -0.00797448
 -0.0218592           0    0.053429   0.0141509
 -0.0141509   -0.053429           0  -0.0878969
 0.00797448  -0.0141509   0.0878969           0
EndNode1<--->EndNode2
REAL
  0.290323  0.0843799  0.0504202 -0.0255102
 0.0843799   0.225806 -0.0255102  0.0210084
 0.0504202 -0.0255102   0.112903 0.00745683
-0.0255102  0.0210084 0.00745683   0.370968
IMAGINARY
          0   0.0228365   -0.015625 -0.00990502
 -0.0228365           0   0.0173677   -0.015625
   0.015625  -0.0173677           0  -0.0540865
 0.00990502    0.015625   0.0540865           0
EndNode2<--->EndNode1
REAL
  0.290323  0.0504202  0.0843799 -0.0255102
 0.0504202   0.112903 -0.0255102 0.00745683
 0.0843799 -0.0255102   0.225806  0.0210084
-0.0255102 0.00745683  0.0210084   0.370968
IMAGINARY
          0   -0.015625   0.0228365 -0.00990502
   0.015625           0  -0.0173677  -0.0540865
 -0.0228365   0.0173677           0   -0.015625
 0.00990502   0.0540865    0.015625           0
EndNode1<--->EndNode2
REAL
  0.303571  0.0382991  0.0876804  0.0556278
 0.0382991       0.25 -0.0650618 -0.0593785
 0.0876804 -0.0650618      0.125 -0.0288651
 0.0556278 -0.0593785 -0.0288651   0.321429
IMAGINARY
          0  0.00637181   0.0225605   0.0845905
-0.00637181           0  -0.0533405   0.0119222
 -0.0225605   0.0533405           0   0.0281109
 -0.0845905  -0.0119222  -0.0281109           0
EndNode2<--->EndNode1
REAL
  0.303571  0.0876804  0.0382991  0.0556278
 0.0876804      0.125 -0.0650618 -0.0288651
 0.0382991 -0.0650618       0.25 -0.0593785
 0.0556278 -0.0288651 -0.0593785   0.321429
IMAGINARY
          0   0.0225605  0.00637181   0.0845905
 -0.0225605           0   0.0533405   0.0281109
-0.00637181  -0.0533405           0   0.0119222
 -0.0845905  -0.0281109  -0.0119222           0
EndNode1<--->EndNode2
REAL
  0.303571  0.0382991  0.0876804  0.0556278
 0.0382991       0.25 -0.0650618 -0.0593785
 0.0876804 -0.0650618      0.125 -0.0288651
 0.0556278 -0.0593785 -0.0288651   0.321429
IMAGINARY
          0  0.00637181   0.0225605   0.0845905
-0.00637181           0  -0.0533405   0.0119222
 -0.0225605   0.0533405           0   0.0281109
 -0.0845905  -0.0119222  -0.0281109           0
EndNode2<--->EndNode1
REAL
  0.303571  0.0876804  0.0382991  0.0556278
 0.0876804      0.125 -0.0650618 -0.0288651
 0.0382991 -0.0650618       0.25 -0.0593785
 0.0556278 -0.0288651 -0.0593785   0.321429
IMAGINARY
          0   0.0225605  0.00637181   0.0845905
 -0.0225605           0   0.0533405   0.0281109
-0.00637181  -0.0533405           0   0.0119222
 -0.0845905  -0.0281109  -0.0119222           0
EndNode1<--->EndNode2
REAL
  0.303571  0.0382991  0.0876804  0.0556278
 0.0382991       0.25 -0.0650618 -0.0593785
 0.0876804 -0.0650618      0.125 -0.0288651
 0.0556278 -0.0593785 -0.0288651   0.321429
IMAGINARY
          0  0.00637181   0.0225605   0.0845905
-0.00637181           0  -0.0533405   0.0119222
 -0.0225605   0.0533405           0   0.0281109
 -0.0845905  -0.0119222  -0.0281109           0
EndNode2<--->EndNode1
REAL
  0.303571  0.0876804  0.0382991  0.0556278
 0.0876804      0.125 -0.0650618 -0.0288651
 0.0382991 -0.0650618       0.25 -0.0593785
 0.0556278 -0.0288651 -0.0593785   0.321429
IMAGINARY
          0   0.0225605  0.00637181   0.0845905
 -0.0225605           0   0.0533405   0.0281109
-0.00637181  -0.0533405           0   0.0119222
 -0.0845905  -0.0281109  -0.0119222           0
EndNode1<--->EndNode2
REAL
       0.3  0.0140931  0.0577186   -0.06875
 0.0140931   0.216667  0.0479167 -0.0160519
 0.0577186  0.0479167   0.233333 -0.0349265
  -0.06875 -0.0160519 -0.0349265       0.25
IMAGINARY
         0 -0.0221393 -0.0666667  -0.104592
 0.0221393          0 -0.0688776  0.0166667
 0.0666667  0.0688776          0 -0.0445274
  0.104592 -0.0166667  0.0445274          0
EndNode2<--->EndNode1
REAL
       0.3  0.0577186  0.0140931   -0.06875
 0.0577186   0.233333  0.0479167 -0.0349265
 0.0140931  0.0479167   0.216667 -0.0160519
  -0.06875 -0.0349265 -0.0160519       0.25
IMAGINARY
         0 -0.0666667 -0.0221393  -0.104592
 0.0666667          0  0.0688776 -0.0445274
 0.0221393 -0.0688776          0  0.0166667
  0.104592  0.0445274 -0.0166667          0
EndNode1<--->EndNode2
REAL
  0.303571  0.0382991  0.0876804  0.0556278
 0.0382991       0.25 -0.0650618 -0.0593785
 0.0876804 -0.0650618      0.125 -0.0288651
 0.0556278 -0.0593785 -0.0288651   0.321429
IMAGINARY
          0  0.00637181   0.0225605   0.0845905
-0.00637181           0  -0.0533405   0.0119222
 -0.0225605   0.0533405           0   0.0281109
 -0.0845905  -0.0119222  -0.0281109           0
EndNode2<--->EndNode1
REAL
  0.303571  0.0876804  0.0382991  0.0556278
 0.0876804      0.125 -0.0650618 -0.0288651
 0.0382991 -0.0650618       0.25 -0.0593785
 0.0556278 -0.0288651 -0.0593785   0.321429
IMAGINARY
          0   0.0225605  0.00637181   0.0845905
 -0.0225605           0   0.0533405   0.0281109
-0.00637181  -0.0533405           0   0.0119222
 -0.0845905  -0.0281109  -0.0119222           0
EndNode1<--->EndNode2
REAL
  0.303571  0.0382991  0.0876804  0.0556278
 0.0382991       0.25 -0.0650618 -0.0593785
 0.0876804 -0.0650618      0.125 -0.0288651
 0.0556278 -0.0593785 -0.0288651   0.321429
IMAGINARY
          0  0.00637181   0.0225605   0.0845905
-0.00637181           0  -0.0533405   0.0119222
 -0.0225605   0.0533405           0   0.0281109
 -0.0845905  -0.0119222  -0.0281109           0
EndNode2<--->EndNode1
REAL
  0.303571  0.0876804  0.0382991  0.0556278
 0.0876804      0.125 -0.0650618 -0.0288651
 0.0382991 -0.0650618       0.25 -0.0593785
 0.0556278 -0.0288651 -0.0593785   0.321429
IMAGINARY
          0   0.0225605  0.00637181   0.0845905
 -0.0225605           0   0.0533405   0.0281109
-0.00637181  -0.0533405           0   0.0119222
 -0.0845905  -0.0281109  -0.0119222           0
EndNode1<--->EndNode2
REAL
  0.303571  0.0382991  0.0876804  0.0556278
 0.0382991       0.25 -0.0650618 -0.0593785
 0.0876804 -0.0650618      0.125 -0.0288651
 0.0556278 -0.0593785 -0.0288651   0.321429
IMAGINARY
          0  0.00637181   0.0225605   0.0845905
-0.00637181           0  -0.0533405   0.0119222
 -0.0225605   0.0533405           0   0.0281109
 -0.0845905  -0.0119222  -0.0281109           0
EndNode2<--->EndNode1
REAL
  0.303571  0.0876804  0.0382991  0.0556278
 0.0876804      0.125 -0.0650618 -0.0288651
 0.0382991 -0.0650618       0.25 -0.0593785
 0.0556278 -0.0288651 -0.0593785   0.321429
IMAGINARY
          0   0.0225605  0.00637181   0.0845905
 -0.0225605           0   0.0533405   0.0281109
-0.00637181  -0.0533405           0   0.0119222
 -0.0845905  -0.0281109  -0.0119222           0
EndNode1<--->EndNode2
REAL
  0.692308  -0.119048   0.021978        0.5
 -0.119048          0          0 -0.0934066
  0.021978          0          0   0.047619
       0.5 -0.0934066   0.047619   0.307692
IMAGINARY
          0  0.00793651 -0.00793651    0.166667
-0.00793651           0   -0.166667   0.0634921
 0.00793651    0.166667           0  -0.0634921
  -0.166667  -0.0634921   0.0634921           0
EndNode2<--->EndNode1
REAL
  0.692308   0.021978  -0.119048        0.5
  0.021978          0          0   0.047619
 -0.119048          0          0 -0.0934066
       0.5   0.047619 -0.0934066   0.307692
IMAGINARY
          0 -0.00793651  0.00793651    0.166667
 0.00793651           0    0.166667  -0.0634921
-0.00793651   -0.166667           0   0.0634921
  -0.166667   0.0634921  -0.0634921           0
EndNode1<--->EndNode2
REAL
  0.692308  -0.119048   0.021978        0.5
 -0.119048          0          0 -0.0934066
  0.021978          0          0   0.047619
       0.5 -0.0934066   0.047619   0.307692
IMAGINARY
          0  0.00793651 -0.00793651    0.166667
-0.00793651           0   -0.166667   0.0634921
 0.00793651    0.166667           0  -0.0634921
  -0.166667  -0.0634921   0.0634921           0
EndNode2<--->EndNode1
REAL
  0.692308   0.021978  -0.119048        0.5
  0.021978          0          0   0.047619
 -0.119048          0          0 -0.0934066
       0.5   0.047619 -0.0934066   0.307692
IMAGINARY
          0 -0.00793651  0.00793651    0.166667
 0.00793651           0    0.166667  -0.0634921
-0.00793651   -0.166667           0   0.0634921
  -0.166667   0.0634921  -0.0634921           0
EndNode1<--->EndNode2
REAL
  0.692308  -0.119048   0.021978        0.5
 -0.119048          0          0 -0.0934066
  0.021978          0          0   0.047619
       0.5 -0.0934066   0.047619   0.307692
IMAGINARY
          0  0.00793651 -0.00793651    0.166667
-0.00793651           0   -0.166667   0.0634921
 0.00793651    0.166667           0  -0.0634921
  -0.166667  -0.0634921   0.0634921           0
EndNode2<--->EndNode1
REAL
  0.692308   0.021978  -0.119048        0.5
  0.021978          0          0   0.047619
 -0.119048          0          0 -0.0934066
       0.5   0.047619 -0.0934066   0.307692
IMAGINARY
          0 -0.00793651  0.00793651    0.166667
 0.00793651           0    0.166667  -0.0634921
-0.00793651   -0.166667           0   0.0634921
  -0.166667   0.0634921  -0.0634921           0
EndNode1<--->EndNode2
REAL
  0.692308  -0.119048   0.021978        0.5
 -0.119048          0          0 -0.0934066
  0.021978          0          0   0.047619
       0.5 -0.0934066   0.047619   0.307692
IMAGINARY
          0  0.00793651 -0.00793651    0.166667
-0.00793651           0   -0.166667   0.0634921
 0.00793651    0.166667           0  -0.0634921
  -0.166667  -0.0634921   0.0634921           0
EndNode2<--->EndNode1
REAL
  0.692308   0.021978  -0.119048        0.5
  0.021978          0          0   0.047619
 -0.119048          0          0 -0.0934066
       0.5   0.047619 -0.0934066   0.307692
IMAGINARY
          0 -0.00793651  0.00793651    0.166667
 0.00793651           0    0.166667  -0.0634921
-0.00793651   -0.166667           0   0.0634921
  -0.166667   0.0634921  -0.0634921           0
