EndNode1<--->EndNode2
REAL
  0.636364  -0.152778 -0.0288462        0.5
 -0.152778          0          0  -0.221154
-0.0288462          0          0 -0.0972222
       0.5  -0.221154 -0.0972222   0.363636
IMAGINARY
         0    -0.0625  0.0357143  0.0277778
    0.0625          0  0.0277778 -0.0357143
-0.0357143 -0.0277778          0     0.0625
-0.0277778  0.0357143    -0.0625          0
EndNode2<--->EndNode1
REAL
  0.636364 -0.0288462  -0.152778        0.5
-0.0288462          0          0 -0.0972222
 -0.152778          0          0  -0.221154
       0.5 -0.0972222  -0.221154   0.363636
IMAGINARY
         0  0.0357143    -0.0625  0.0277778
-0.0357143          0 -0.0277778     0.0625
    0.0625  0.0277778          0 -0.0357143
-0.0277778    -0.0625  0.0357143          0
EndNode1<--->EndNode2
REAL
  0.454545   0.189394   0.416667        0.5
  0.189394          0          0 -0.0833333
  0.416667          0          0   0.143939
       0.5 -0.0833333   0.143939   0.545455
IMAGINARY
         0  -0.127778        0.1  0.0791667
  0.127778          0  0.0458333        0.1
      -0.1 -0.0458333          0 -0.0722222
-0.0791667       -0.1  0.0722222          0
EndNode2<--->EndNode1
REAL
  0.454545   0.416667   0.189394        0.5
  0.416667          0          0   0.143939
  0.189394          0          0 -0.0833333
       0.5   0.143939 -0.0833333   0.545455
IMAGINARY
         0        0.1  -0.127778  0.0791667
      -0.1          0 -0.0458333 -0.0722222
  0.127778  0.0458333          0        0.1
-0.0791667  0.0722222       -0.1          0
EndNode1<--->EndNode2
REAL
  0.454545   0.189394   0.416667        0.5
  0.189394          0          0 -0.0833333
  0.416667          0          0   0.143939
       0.5 -0.0833333   0.143939   0.545455
IMAGINARY
         0  -0.127778        0.1  0.0791667
  0.127778          0  0.0458333        0.1
      -0.1 -0.0458333          0 -0.0722222
-0.0791667       -0.1  0.0722222          0
EndNode2<--->EndNode1
REAL
  0.454545   0.416667   0.189394        0.5
  0.416667          0          0   0.143939
  0.189394          0          0 -0.0833333
       0.5   0.143939 -0.0833333   0.545455
IMAGINARY
         0        0.1  -0.127778  0.0791667
      -0.1          0 -0.0458333 -0.0722222
  0.127778  0.0458333          0        0.1
-0.0791667  0.0722222       -0.1          0
EndNode1<--->EndNode2
REAL
  0.454545   0.189394   0.416667        0.5
  0.189394          0          0 -0.0833333
  0.416667          0          0   0.143939
       0.5 -0.0833333   0.143939   0.545455
IMAGINARY
         0  -0.127778        0.1  0.0791667
  0.127778          0  0.0458333        0.1
      -0.1 -0.0458333          0 -0.0722222
-0.0791667       -0.1  0.0722222          0
EndNode2<--->EndNode1
REAL
  0.454545   0.416667   0.189394        0.5
  0.416667          0          0   0.143939
  0.189394          0          0 -0.0833333
       0.5   0.143939 -0.0833333   0.545455
IMAGINARY
         0        0.1  -0.127778  0.0791667
      -0.1          0 -0.0458333 -0.0722222
  0.127778  0.0458333          0        0.1
-0.0791667  0.0722222       -0.1          0
EndNode1<--->EndNode2
REAL
  0.454545   0.189394   0.416667        0.5
  0.189394          0          0 -0.0833333
  0.416667          0          0   0.143939
       0.5 -0.0833333   0.143939   0.545455
IMAGINARY
         0  -0.127778        0.1  0.0791667
  0.127778          0  0.0458333        0.1
      -0.1 -0.0458333          0 -0.0722222
-0.0791667       -0.1  0.0722222          0
EndNode2<--->EndNode1
REAL
  0.454545   0.416667   0.189394        0.5
  0.416667          0          0   0.143939
  0.189394          0          0 -0.0833333
       0.5   0.143939 -0.0833333   0.545455
IMAGINARY
         0        0.1  -0.127778  0.0791667
      -0.1          0 -0.0458333 -0.0722222
  0.127778  0.0458333          0        0.1
-0.0791667  0.0722222       -0.1          0
EndNode1<--->EndNode2
REAL
  0.666667 -0.0333333  -0.133333        0.5
-0.0333333          0          0 -0.0333333
 -0.133333          0          0  -0.133333
       0.5 -0.0333333  -0.133333   0.333333
IMAGINARY
         0       -0.1  -0.188889 -0.0555556
       0.1          0  -0.111111  0.0888889
  0.188889   0.111111          0        0.2
 0.0555556 -0.0888889       -0.2          0
EndNode2<--->EndNode1
REAL
  0.666667  -0.133333 -0.0333333        0.5
 -0.133333          0          0  -0.133333
-0.0333333          0          0 -0.0333333
       0.5  -0.133333 -0.0333333   0.333333
IMAGINARY
         0  -0.188889       -0.1 -0.0555556
  0.188889          0   0.111111        0.2
       0.1  -0.111111          0  0.0888889
 0.0555556       -0.2 -0.0888889          0
EndNode1<--->EndNode2
REAL
  0.666667 -0.0333333  -0.133333        0.5
-0.0333333          0          0 -0.0333333
 -0.133333          0          0  -0.133333
       0.5 -0.0333333  -0.133333   0.333333
IMAGINARY
         0       -0.1  -0.188889 -0.0555556
       0.1          0  -0.111111  0.0888889
  0.188889   0.111111          0        0.2
 0.0555556 -0.0888889       -0.2          0
EndNode2<--->EndNode1
REAL
  0.666667  -0.133333 -0.0333333        0.5
 -0.133333          0          0  -0.133333
-0.0333333          0          0 -0.0333333
       0.5  -0.133333 -0.0333333   0.333333
IMAGINARY
         0  -0.188889       -0.1 -0.0555556
  0.188889          0   0.111111        0.2
       0.1  -0.111111          0  0.0888889
 0.0555556       -0.2 -0.0888889          0
EndNode1<--->EndNode2
REAL
      0.25  -0.149351 -0.0136364        0.5
 -0.149351          0          0  -0.213636
-0.0136364          0          0 -0.0779221
       0.5  -0.213636 -0.0779221       0.75
IMAGINARY
           0    0.0982143   -0.0357143  1.38778e-17
  -0.0982143            0          0.1   -0.0357143
   0.0357143         -0.1            0   -0.0267857
-1.38778e-17    0.0357143    0.0267857            0
EndNode2<--->EndNode1
REAL
      0.25 -0.0136364  -0.149351        0.5
-0.0136364          0          0 -0.0779221
 -0.149351          0          0  -0.213636
       0.5 -0.0779221  -0.213636       0.75
IMAGINARY
           0   -0.0357143    0.0982143  1.38778e-17
   0.0357143            0         -0.1   -0.0267857
  -0.0982143          0.1            0   -0.0357143
-1.38778e-17    0.0267857    0.0357143            0
EndNode1<--->EndNode2
REAL
     0.375   0.107143  0.0277778        0.5
  0.107143          0          0 -0.0277778
 0.0277778          0          0  -0.107143
       0.5 -0.0277778  -0.107143      0.625
IMAGINARY
         0  0.0222222   0.127778  -0.047619
-0.0222222          0  -0.119048 -0.0722222
 -0.127778   0.119048          0 -0.0777778
  0.047619  0.0722222  0.0777778          0
EndNode2<--->EndNode1
REAL
     0.375  0.0277778   0.107143        0.5
 0.0277778          0          0  -0.107143
  0.107143          0          0 -0.0277778
       0.5  -0.107143 -0.0277778      0.625
IMAGINARY
         0   0.127778  0.0222222  -0.047619
 -0.127778          0   0.119048 -0.0777778
-0.0222222  -0.119048          0 -0.0722222
  0.047619  0.0777778  0.0722222          0
EndNode1<--->EndNode2
REAL
 0.461538  0.038961 -0.193182       0.5
 0.038961         0         0 0.0568182
-0.193182         0         0 -0.175325
      0.5 0.0568182 -0.175325  0.538462
IMAGINARY
         0   0.125874  -0.224359   0.257143
 -0.125874          0 -0.0428571   0.108974
  0.224359  0.0428571          0 -0.0104895
 -0.257143  -0.108974  0.0104895          0
EndNode2<--->EndNode1
REAL
 0.461538 -0.193182  0.038961       0.5
-0.193182         0         0 -0.175325
 0.038961         0         0 0.0568182
      0.5 -0.175325 0.0568182  0.538462
IMAGINARY
         0  -0.224359   0.125874   0.257143
  0.224359          0  0.0428571 -0.0104895
 -0.125874 -0.0428571          0   0.108974
 -0.257143  0.0104895  -0.108974          0
EndNode1<--->EndNode2
REAL
 0.461538  0.038961 -0.193182       0.5
 0.038961         0         0 0.0568182
-0.193182         0         0 -0.175325
      0.5 0.0568182 -0.175325  0.538462
IMAGINARY
         0   0.125874  -0.224359   0.257143
 -0.125874          0 -0.0428571   0.108974
  0.224359  0.0428571          0 -0.0104895
 -0.257143  -0.108974  0.0104895          0
EndNode2<--->EndNode1
REAL
 0.461538 -0.193182  0.038961       0.5
-0.193182         0         0 -0.175325
 0.038961         0         0 0.0568182
      0.5 -0.175325 0.0568182  0.538462
IMAGINARY
         0  -0.224359   0.125874   0.257143
  0.224359          0  0.0428571 -0.0104895
 -0.125874 -0.0428571          0   0.108974
 -0.257143  0.0104895  -0.108974          0
EndNode1<--->EndNode2
REAL
 0.461538  0.038961 -0.193182       0.5
 0.038961         0         0 0.0568182
-0.193182         0         0 -0.175325
      0.5 0.0568182 -0.175325  0.538462
IMAGINARY
         0   0.125874  -0.224359   0.257143
 -0.125874          0 -0.0428571   0.108974
  0.224359  0.0428571          0 -0.0104895
 -0.257143  -0.108974  0.0104895          0
EndNode2<--->EndNode1
REAL
 0.461538 -0.193182  0.038961       0.5
-0.193182         0         0 -0.175325
 0.038961         0         0 0.0568182
      0.5 -0.175325 0.0568182  0.538462
IMAGINARY
         0  -0.224359   0.125874   0.257143
  0.224359          0  0.0428571 -0.0104895
 -0.125874 -0.0428571          0   0.108974
 -0.257143  0.0104895  -0.108974          0
EndNode1<--->EndNode2
REAL
 0.461538  0.038961 -0.193182       0.5
 0.038961         0         0 0.0568182
-0.193182         0         0 -0.175325
      0.5 0.0568182 -0.175325  0.538462
IMAGINARY
         0   0.125874  -0.224359   0.257143
 -0.125874          0 -0.0428571   0.108974
  0.224359  0.0428571          0 -0.0104895
 -0.257143  -0.108974  0.0104895          0
EndNode2<--->EndNode1
REAL
 0.461538 -0.193182  0.038961       0.5
-0.193182         0         0 -0.175325
 0.038961         0         0 0.0568182
      0.5 -0.175325 0.0568182  0.538462
IMAGINARY
         0  -0.224359   0.125874   0.257143
  0.224359          0  0.0428571 -0.0104895
 -0.125874 -0.0428571          0   0.108974
 -0.257143  0.0104895  -0.108974          0
EndNode1<--->EndNode2
REAL
 0.461538  0.038961 -0.193182       0.5
 0.038961         0         0 0.0568182
-0.193182         0         0 -0.175325
      0.5 0.0568182 -0.175325  0.538462
IMAGINARY
         0   0.125874  -0.224359   0.257143
 -0.125874          0 -0.0428571   0.108974
  0.224359  0.0428571          0 -0.0104895
 -0.257143  -0.108974  0.0104895          0
EndNode2<--->EndNode1
REAL
 0.461538 -0.193182  0.038961       0.5
-0.193182         0         0 -0.175325
 0.038961         0         0 0.0568182
      0.5 -0.175325 0.0568182  0.538462
IMAGINARY
         0  -0.224359   0.125874   0.257143
  0.224359          0  0.0428571 -0.0104895
 -0.125874 -0.0428571          0   0.108974
 -0.257143  0.0104895  -0.108974          0
EndNode1<--->EndNode2
REAL
  0.507937  -0.046729 -0.0350467        0.5
 -0.046729          0          0 -0.0350467
-0.0350467          0          0 -0.0233645
       0.5 -0.0350467 -0.0233645   0.492063
IMAGINARY
          0   -0.012474     0.04851  -0.0446545
   0.012474           0  0.00619296  -0.0100485
   -0.04851 -0.00619296           0  -0.0259875
  0.0446545   0.0100485   0.0259875           0
EndNode2<--->EndNode1
REAL
  0.507937 -0.0350467  -0.046729        0.5
-0.0350467          0          0 -0.0233645
 -0.046729          0          0 -0.0350467
       0.5 -0.0233645 -0.0350467   0.492063
IMAGINARY
          0     0.04851   -0.012474  -0.0446545
   -0.04851           0 -0.00619296  -0.0259875
   0.012474  0.00619296           0  -0.0100485
  0.0446545   0.0259875   0.0100485           0
EndNode1<--->EndNode2
REAL
   0.491541  0.00261013 -0.00593045         0.5
 0.00261013           0           0 -0.00808006
-0.00593045           0           0  -0.0166206
        0.5 -0.00808006  -0.0166206    0.508459
IMAGINARY
           0  -0.00764568  -0.00798323    0.0079308
  0.00764568            0  -0.00927851  0.000670616
  0.00798323   0.00927851            0    0.0149583
  -0.0079308 -0.000670616   -0.0149583            0
EndNode2<--->EndNode1
REAL
   0.491541 -0.00593045  0.00261013         0.5
-0.00593045           0           0  -0.0166206
 0.00261013           0           0 -0.00808006
        0.5  -0.0166206 -0.00808006    0.508459
IMAGINARY
           0  -0.00798323  -0.00764568    0.0079308
  0.00798323            0   0.00927851    0.0149583
  0.00764568  -0.00927851            0  0.000670616
  -0.0079308   -0.0149583 -0.000670616            0
EndNode1<--->EndNode2
REAL
   0.50127  0.0202835  0.0141068        0.5
 0.0202835          0          0  0.0150028
 0.0141068          0          0 0.00882611
       0.5  0.0150028 0.00882611    0.49873
IMAGINARY
          0  -0.0102567   0.0142365 -0.00809054
  0.0102567           0  0.00717311  0.00389818
 -0.0142365 -0.00717311           0 -0.00787801
 0.00809054 -0.00389818  0.00787801           0
EndNode2<--->EndNode1
REAL
   0.50127  0.0141068  0.0202835        0.5
 0.0141068          0          0 0.00882611
 0.0202835          0          0  0.0150028
       0.5 0.00882611  0.0150028    0.49873
IMAGINARY
          0   0.0142365  -0.0102567 -0.00809054
 -0.0142365           0 -0.00717311 -0.00787801
  0.0102567  0.00717311           0  0.00389818
 0.00809054  0.00787801 -0.00389818           0
EndNode1<--->EndNode2
REAL
    0.502933  0.000490309 -0.000215498          0.5
 0.000490309            0            0 -1.81215e-05
-0.000215498            0            0 -0.000723929
         0.5 -1.81215e-05 -0.000723929     0.497067
IMAGINARY
           0  0.000616885    0.0012923  -0.00056555
-0.000616885            0 -0.000488982   -0.0013282
  -0.0012923  0.000488982            0 -0.000580989
  0.00056555    0.0013282  0.000580989            0
EndNode2<--->EndNode1
REAL
    0.502933 -0.000215498  0.000490309          0.5
-0.000215498            0            0 -0.000723929
 0.000490309            0            0 -1.81215e-05
         0.5 -0.000723929 -1.81215e-05     0.497067
IMAGINARY
           0    0.0012923  0.000616885  -0.00056555
  -0.0012923            0  0.000488982 -0.000580989
-0.000616885 -0.000488982            0   -0.0013282
  0.00056555  0.000580989    0.0013282            0
EndNode1<--->EndNode2
REAL
   0.499996  0.00091382 0.000626995         0.5
 0.00091382           0           0 0.000838595
0.000626995           0           0  0.00055177
        0.5 0.000838595  0.00055177    0.500004
IMAGINARY
           0 -0.000636563   0.00049417 -0.000670342
 0.000636563            0   0.00105229   0.00216617
 -0.00049417  -0.00105229            0  -0.00202378
 0.000670342  -0.00216617   0.00202378            0
EndNode2<--->EndNode1
REAL
   0.499996 0.000626995  0.00091382         0.5
0.000626995           0           0  0.00055177
 0.00091382           0           0 0.000838595
        0.5  0.00055177 0.000838595    0.500004
IMAGINARY
           0   0.00049417 -0.000636563 -0.000670342
 -0.00049417            0  -0.00105229  -0.00202378
 0.000636563   0.00105229            0   0.00216617
 0.000670342   0.00202378  -0.00216617            0
