EndNode1[0]<--->Repeater1[0]
REAL
   0.486111  0.00572771   0.0222194    0.386734
 0.00572771   0.0467172 -0.00625542   0.0275814
  0.0222194 -0.00625542   0.0618687   0.0254808
   0.386734   0.0275814   0.0254808    0.405303
IMAGINARY
          0  -0.0167739  0.00588547  0.00882728
  0.0167739           0 -0.00402619   0.0193298
-0.00588547  0.00402619           0  -0.0318115
-0.00882728  -0.0193298   0.0318115           0
EndNode2[0]<--->HoM1[0]
REAL
   0.473829  0.00152625   0.0121679    0.428768
 0.00152625   0.0371901 -0.00343503 -0.00683452
  0.0121679 -0.00343503   0.0316804 -0.00152625
   0.428768 -0.00683452 -0.00152625      0.4573
IMAGINARY
           0   -0.0071708 -4.46618e-05   -0.0229768
   0.0071708            0  -0.00408508   0.00851924
 4.46618e-05   0.00408508            0  -0.00130378
   0.0229768  -0.00851924   0.00130378            0
Repeater1[0]<--->EndNode1[0]
REAL
   0.486111   0.0222194  0.00572771    0.386734
  0.0222194   0.0618687 -0.00625542   0.0254808
 0.00572771 -0.00625542   0.0467172   0.0275814
   0.386734   0.0254808   0.0275814    0.405303
IMAGINARY
          0  0.00588547  -0.0167739  0.00882728
-0.00588547           0  0.00402619  -0.0318115
  0.0167739 -0.00402619           0   0.0193298
-0.00882728   0.0318115  -0.0193298           0
Repeater1[0]<--->HoM1[0]
REAL
   0.473829   0.0121679  0.00152625    0.428768
  0.0121679   0.0316804 -0.00343503 -0.00152625
 0.00152625 -0.00343503   0.0371901 -0.00683452
   0.428768 -0.00152625 -0.00683452      0.4573
IMAGINARY
           0 -4.46618e-05   -0.0071708   -0.0229768
 4.46618e-05            0   0.00408508  -0.00130378
   0.0071708  -0.00408508            0   0.00851924
   0.0229768   0.00130378  -0.00851924            0
EndNode1[0]<--->Repeater1[0]
REAL
  0.534704  0.0098716  -0.010794   0.402391
 0.0098716  0.0372751  0.0110581  0.0154544
 -0.010794  0.0110581  0.0526992 0.00410976
  0.402391  0.0154544 0.00410976   0.375321
IMAGINARY
          0  -0.0160036  0.00321644    -0.00719
  0.0160036           0 -0.00471476  0.00777968
-0.00321644  0.00471476           0  -0.0079291
    0.00719 -0.00777968   0.0079291           0
EndNode2[0]<--->HoM1[0]
REAL
  0.482544 -0.0134389 0.00635922    0.42433
-0.0134389  0.0299252  0.0126781 -0.0116086
0.00635922  0.0126781  0.0299252 0.00818958
   0.42433 -0.0116086 0.00818958   0.457606
IMAGINARY
           0  0.000640205  -0.00899299   -0.0102306
-0.000640205            0   0.00641384   0.00579196
  0.00899299  -0.00641384            0   -0.0140845
   0.0102306  -0.00579196    0.0140845            0
Repeater1[0]<--->EndNode1[0]
REAL
  0.534704  -0.010794  0.0098716   0.402391
 -0.010794  0.0526992  0.0110581 0.00410976
 0.0098716  0.0110581  0.0372751  0.0154544
  0.402391 0.00410976  0.0154544   0.375321
IMAGINARY
          0  0.00321644  -0.0160036    -0.00719
-0.00321644           0  0.00471476  -0.0079291
  0.0160036 -0.00471476           0  0.00777968
    0.00719   0.0079291 -0.00777968           0
Repeater1[0]<--->HoM1[0]
REAL
  0.482544 0.00635922 -0.0134389    0.42433
0.00635922  0.0299252  0.0126781 0.00818958
-0.0134389  0.0126781  0.0299252 -0.0116086
   0.42433 0.00818958 -0.0116086   0.457606
IMAGINARY
           0  -0.00899299  0.000640205   -0.0102306
  0.00899299            0  -0.00641384   -0.0140845
-0.000640205   0.00641384            0   0.00579196
   0.0102306    0.0140845  -0.00579196            0
