EndNode1[0]<--->Repeater1[0]
REAL
  0.482536  0.0108484  0.0112987   0.394977
 0.0108484  0.0465718  0.0144572  0.0119717
 0.0112987  0.0144572  0.0569211 0.00739059
  0.394977  0.0119717 0.00739059   0.413972
IMAGINARY
          0  0.00808081  0.00702328 -0.00839538
-0.00808081           0   0.0116046 -0.00832198
-0.00702328  -0.0116046           0   0.0191919
 0.00839538  0.00832198  -0.0191919           0
EndNode2[0]<--->HoM1[0]
REAL
   0.481074 -0.00291873  -0.0193677    0.407905
-0.00291873     0.04884  0.00999571  0.00792759
 -0.0193677  0.00999571    0.037851  0.00359168
   0.407905  0.00792759  0.00359168    0.432234
IMAGINARY
          0 -0.00254441 -0.00196622 -0.00706412
 0.00254441           0   0.0145675   0.0173414
 0.00196622  -0.0145675           0 -0.00914071
 0.00706412  -0.0173414  0.00914071           0
Repeater1[0]<--->EndNode1[0]
REAL
  0.482536  0.0112987  0.0108484   0.394977
 0.0112987  0.0569211  0.0144572 0.00739059
 0.0108484  0.0144572  0.0465718  0.0119717
  0.394977 0.00739059  0.0119717   0.413972
IMAGINARY
          0  0.00702328  0.00808081 -0.00839538
-0.00702328           0  -0.0116046   0.0191919
-0.00808081   0.0116046           0 -0.00832198
 0.00839538  -0.0191919  0.00832198           0
Repeater1[0]<--->HoM1[0]
REAL
   0.481074  -0.0193677 -0.00291873    0.407905
 -0.0193677    0.037851  0.00999571  0.00359168
-0.00291873  0.00999571     0.04884  0.00792759
   0.407905  0.00359168  0.00792759    0.432234
IMAGINARY
          0 -0.00196622 -0.00254441 -0.00706412
 0.00196622           0  -0.0145675 -0.00914071
 0.00254441   0.0145675           0   0.0173414
 0.00706412  0.00914071  -0.0173414           0
EndNode1[0]<--->Repeater1[0]
REAL
   0.480103   -0.010496 -0.00608061    0.384023
  -0.010496   0.0487805 -0.00763284   0.0141152
-0.00608061 -0.00763284   0.0474968   0.0333637
   0.384023   0.0141152   0.0333637     0.42362
IMAGINARY
          0  -0.0100902  -0.0127839   -0.012533
  0.0100902           0   0.0244063  0.00468924
  0.0127839  -0.0244063           0  0.00697684
   0.012533 -0.00468924 -0.00697684           0
EndNode2[0]<--->HoM1[0]
REAL
   0.474531 -0.00555676  0.00301433    0.421264
-0.00555676   0.0308311 -0.00190948 -0.00177363
 0.00301433 -0.00190948   0.0321716  0.00307537
   0.421264 -0.00177363  0.00307537    0.462466
IMAGINARY
          0  -0.0324121   0.0240752 -0.00357995
  0.0324121           0  0.00357995 -0.00518354
 -0.0240752 -0.00357995           0 -0.00285237
 0.00357995  0.00518354  0.00285237           0
Repeater1[0]<--->EndNode1[0]
REAL
   0.480103 -0.00608061   -0.010496    0.384023
-0.00608061   0.0474968 -0.00763284   0.0333637
  -0.010496 -0.00763284   0.0487805   0.0141152
   0.384023   0.0333637   0.0141152     0.42362
IMAGINARY
          0  -0.0127839  -0.0100902   -0.012533
  0.0127839           0  -0.0244063  0.00697684
  0.0100902   0.0244063           0  0.00468924
   0.012533 -0.00697684 -0.00468924           0
Repeater1[0]<--->HoM1[0]
REAL
   0.474531  0.00301433 -0.00555676    0.421264
 0.00301433   0.0321716 -0.00190948  0.00307537
-0.00555676 -0.00190948   0.0308311 -0.00177363
   0.421264  0.00307537 -0.00177363    0.462466
IMAGINARY
          0   0.0240752  -0.0324121 -0.00357995
 -0.0240752           0 -0.00357995 -0.00285237
  0.0324121  0.00357995           0 -0.00518354
 0.00357995  0.00285237  0.00518354           0
EndNode1[0]<--->Repeater1[0]
REAL
  0.480154  0.0197284  0.0228656   0.394414
 0.0197284  0.0512164 0.00787036  0.0202816
 0.0228656 0.00787036  0.0524968  0.0221497
  0.394414  0.0202816  0.0221497   0.416133
IMAGINARY
          0   0.0164738  -0.0019946  -0.0108823
 -0.0164738           0   0.0315765  0.00991016
  0.0019946  -0.0315765           0 -0.00855826
  0.0108823 -0.00991016  0.00855826           0
EndNode2[0]<--->HoM1[0]
REAL
   0.490453   0.0150424   0.0229556    0.429227
  0.0150424    0.048926 -0.00262123  0.00784389
  0.0229556 -0.00262123   0.0322196   0.0105146
   0.429227  0.00784389   0.0105146    0.428401
IMAGINARY
           0    0.0089926  -0.00263005  -0.00668635
  -0.0089926            0    0.0116864   -0.0019571
  0.00263005   -0.0116864            0  0.000837018
  0.00668635    0.0019571 -0.000837018            0
Repeater1[0]<--->EndNode1[0]
REAL
  0.480154  0.0228656  0.0197284   0.394414
 0.0228656  0.0524968 0.00787036  0.0221497
 0.0197284 0.00787036  0.0512164  0.0202816
  0.394414  0.0221497  0.0202816   0.416133
IMAGINARY
          0  -0.0019946   0.0164738  -0.0108823
  0.0019946           0  -0.0315765 -0.00855826
 -0.0164738   0.0315765           0  0.00991016
  0.0108823  0.00855826 -0.00991016           0
Repeater1[0]<--->HoM1[0]
REAL
   0.490453   0.0229556   0.0150424    0.429227
  0.0229556   0.0322196 -0.00262123   0.0105146
  0.0150424 -0.00262123    0.048926  0.00784389
   0.429227   0.0105146  0.00784389    0.428401
IMAGINARY
           0  -0.00263005    0.0089926  -0.00668635
  0.00263005            0   -0.0116864  0.000837018
  -0.0089926    0.0116864            0   -0.0019571
  0.00668635 -0.000837018    0.0019571            0
EndNode1[0]<--->Repeater1[0]
REAL
   0.465146   0.0369348   0.0147893    0.388792
  0.0369348   0.0481622  0.00382506    0.015412
  0.0147893  0.00382506   0.0709759 -0.00404885
   0.388792    0.015412 -0.00404885    0.415716
IMAGINARY
          0 -0.00805305   0.0165951  0.00080048
 0.00805305           0   0.0255153  -0.0159415
 -0.0165951  -0.0255153           0   0.0126282
-0.00080048   0.0159415  -0.0126282           0
EndNode2[0]<--->HoM1[0]
REAL
   0.490408   0.0163703 -0.00025327     0.41366
  0.0163703    0.028777  0.00289927 -0.00295597
-0.00025327  0.00289927   0.0323741  -0.0234307
    0.41366 -0.00295597  -0.0234307    0.448441
IMAGINARY
          0 -0.00665399  -0.0240432   0.0208569
 0.00665399           0   0.0175012  0.00829514
  0.0240432  -0.0175012           0  0.00665399
 -0.0208569 -0.00829514 -0.00665399           0
Repeater1[0]<--->EndNode1[0]
REAL
   0.465146   0.0147893   0.0369348    0.388792
  0.0147893   0.0709759  0.00382506 -0.00404885
  0.0369348  0.00382506   0.0481622    0.015412
   0.388792 -0.00404885    0.015412    0.415716
IMAGINARY
          0   0.0165951 -0.00805305  0.00080048
 -0.0165951           0  -0.0255153   0.0126282
 0.00805305   0.0255153           0  -0.0159415
-0.00080048  -0.0126282   0.0159415           0
Repeater1[0]<--->HoM1[0]
REAL
   0.490408 -0.00025327   0.0163703     0.41366
-0.00025327   0.0323741  0.00289927  -0.0234307
  0.0163703  0.00289927    0.028777 -0.00295597
    0.41366  -0.0234307 -0.00295597    0.448441
IMAGINARY
          0  -0.0240432 -0.00665399   0.0208569
  0.0240432           0  -0.0175012  0.00665399
 0.00665399   0.0175012           0  0.00829514
 -0.0208569 -0.00665399 -0.00829514           0
EndNode1[0]<--->Repeater1[0]
REAL
    0.48995  -0.0273064 -0.00651471    0.388126
 -0.0273064   0.0427136  0.00289988  -0.0242545
-0.00651471  0.00289988   0.0502513 -0.00218078
   0.388126  -0.0242545 -0.00218078    0.417085
IMAGINARY
           0   -0.0133997   -0.0155337    -0.016562
   0.0133997            0  0.000958208    0.0149232
   0.0155337 -0.000958208            0    0.0115682
    0.016562   -0.0149232   -0.0115682            0
EndNode2[0]<--->HoM1[0]
REAL
   0.474035   0.0074622   0.0122092      0.4135
  0.0074622   0.0386152  0.00809421  -0.0212066
  0.0122092  0.00809421   0.0372836 -0.00489151
     0.4135  -0.0212066 -0.00489151    0.450067
IMAGINARY
          0    0.019955  0.00114345  -0.0139026
  -0.019955           0 -0.00369848 -0.00654886
-0.00114345  0.00369848           0 -0.00373879
  0.0139026  0.00654886  0.00373879           0
Repeater1[0]<--->EndNode1[0]
REAL
    0.48995 -0.00651471  -0.0273064    0.388126
-0.00651471   0.0502513  0.00289988 -0.00218078
 -0.0273064  0.00289988   0.0427136  -0.0242545
   0.388126 -0.00218078  -0.0242545    0.417085
IMAGINARY
           0   -0.0155337   -0.0133997    -0.016562
   0.0155337            0 -0.000958208    0.0115682
   0.0133997  0.000958208            0    0.0149232
    0.016562   -0.0115682   -0.0149232            0
Repeater1[0]<--->HoM1[0]
REAL
   0.474035   0.0122092   0.0074622      0.4135
  0.0122092   0.0372836  0.00809421 -0.00489151
  0.0074622  0.00809421   0.0386152  -0.0212066
     0.4135 -0.00489151  -0.0212066    0.450067
IMAGINARY
          0  0.00114345    0.019955  -0.0139026
-0.00114345           0  0.00369848 -0.00373879
  -0.019955 -0.00369848           0 -0.00654886
  0.0139026  0.00373879  0.00654886           0
EndNode1[0]<--->Repeater1[0]
REAL
   0.46922 0.00357535 0.00980754   0.361264
0.00357535  0.0478796  0.0018682 -0.0116571
0.00980754  0.0018682  0.0615595 0.00813858
  0.361264 -0.0116571 0.00813858   0.421341
IMAGINARY
           0  -0.00714921  0.000985545    0.0051435
  0.00714921            0    0.0180969  0.000985545
-0.000985545   -0.0180969            0   -0.0040203
  -0.0051435 -0.000985545    0.0040203            0
EndNode2[0]<--->HoM1[0]
REAL
   0.486891  0.00126782  0.00274243    0.406139
 0.00126782    0.031211  0.00283066 -0.00876652
 0.00274243  0.00283066   0.0436954 -0.00461454
   0.406139 -0.00876652 -0.00461454    0.438202
IMAGINARY
          0   0.0042516 -0.00259346   0.0122515
 -0.0042516           0  -0.0172391   0.0102271
 0.00259346   0.0172391           0   0.0135601
 -0.0122515  -0.0102271  -0.0135601           0
Repeater1[0]<--->EndNode1[0]
REAL
   0.46922 0.00980754 0.00357535   0.361264
0.00980754  0.0615595  0.0018682 0.00813858
0.00357535  0.0018682  0.0478796 -0.0116571
  0.361264 0.00813858 -0.0116571   0.421341
IMAGINARY
           0  0.000985545  -0.00714921    0.0051435
-0.000985545            0   -0.0180969   -0.0040203
  0.00714921    0.0180969            0  0.000985545
  -0.0051435    0.0040203 -0.000985545            0
Repeater1[0]<--->HoM1[0]
REAL
   0.486891  0.00274243  0.00126782    0.406139
 0.00274243   0.0436954  0.00283066 -0.00461454
 0.00126782  0.00283066    0.031211 -0.00876652
   0.406139 -0.00461454 -0.00876652    0.438202
IMAGINARY
          0 -0.00259346   0.0042516   0.0122515
 0.00259346           0   0.0172391   0.0135601
 -0.0042516  -0.0172391           0   0.0102271
 -0.0122515  -0.0135601  -0.0102271           0
EndNode1[0]<--->Repeater1[0]
REAL
   0.449871   0.0103889 -0.00445316    0.394279
  0.0103889   0.0514139  0.00903268 -0.00812963
-0.00445316  0.00903268   0.0424165  -0.0163491
   0.394279 -0.00812963  -0.0163491    0.456298
IMAGINARY
          0 -0.00718181 -0.00856399  0.00532385
 0.00718181           0  0.00219494  0.00793347
 0.00856399 -0.00219494           0  -0.0161473
-0.00532385 -0.00793347   0.0161473           0
EndNode2[0]<--->HoM1[0]
REAL
   0.473292 -0.00945326 -0.00890917    0.413876
-0.00945326   0.0310559  0.00528916  -0.0217297
-0.00890917  0.00528916   0.0397516  -0.0107553
   0.413876  -0.0217297  -0.0107553    0.455901
IMAGINARY
          0 -0.00812595 -0.00558889  0.00377588
 0.00812595           0  0.00683586  0.00697393
 0.00558889 -0.00683586           0  0.00397082
-0.00377588 -0.00697393 -0.00397082           0
Repeater1[0]<--->EndNode1[0]
REAL
   0.449871 -0.00445316   0.0103889    0.394279
-0.00445316   0.0424165  0.00903268  -0.0163491
  0.0103889  0.00903268   0.0514139 -0.00812963
   0.394279  -0.0163491 -0.00812963    0.456298
IMAGINARY
          0 -0.00856399 -0.00718181  0.00532385
 0.00856399           0 -0.00219494  -0.0161473
 0.00718181  0.00219494           0  0.00793347
-0.00532385   0.0161473 -0.00793347           0
Repeater1[0]<--->HoM1[0]
REAL
   0.473292 -0.00890917 -0.00945326    0.413876
-0.00890917   0.0397516  0.00528916  -0.0107553
-0.00945326  0.00528916   0.0310559  -0.0217297
   0.413876  -0.0107553  -0.0217297    0.455901
IMAGINARY
          0 -0.00558889 -0.00812595  0.00377588
 0.00558889           0 -0.00683586  0.00397082
 0.00812595  0.00683586           0  0.00697393
-0.00377588 -0.00397082 -0.00697393           0
EndNode1[0]<--->Repeater1[0]
REAL
  0.500603  0.0192177 -0.0003924    0.39161
 0.0192177  0.0434258 -0.0127831 0.00421893
-0.0003924 -0.0127831  0.0554885 -0.0141156
   0.39161 0.00421893 -0.0141156   0.400483
IMAGINARY
          0 -0.00476949   0.0157102  -0.0232069
 0.00476949           0  -0.0131567  0.00366964
 -0.0157102   0.0131567           0 -0.00944239
  0.0232069 -0.00366964  0.00944239           0
EndNode2[0]<--->HoM1[0]
REAL
   0.492308 -0.00703186  0.00104254    0.413519
-0.00703186   0.0410256 0.000767018  -0.0140295
 0.00104254 0.000767018   0.0333333  -0.0137474
   0.413519  -0.0140295  -0.0137474    0.433333
IMAGINARY
          0  0.00770819 -0.00145995  0.00574481
-0.00770819           0  0.00448537   0.0115271
 0.00145995 -0.00448537           0 -0.00837933
-0.00574481  -0.0115271  0.00837933           0
Repeater1[0]<--->EndNode1[0]
REAL
  0.500603 -0.0003924  0.0192177    0.39161
-0.0003924  0.0554885 -0.0127831 -0.0141156
 0.0192177 -0.0127831  0.0434258 0.00421893
   0.39161 -0.0141156 0.00421893   0.400483
IMAGINARY
          0   0.0157102 -0.00476949  -0.0232069
 -0.0157102           0   0.0131567 -0.00944239
 0.00476949  -0.0131567           0  0.00366964
  0.0232069  0.00944239 -0.00366964           0
Repeater1[0]<--->HoM1[0]
REAL
   0.492308  0.00104254 -0.00703186    0.413519
 0.00104254   0.0333333 0.000767018  -0.0137474
-0.00703186 0.000767018   0.0410256  -0.0140295
   0.413519  -0.0137474  -0.0140295    0.433333
IMAGINARY
          0 -0.00145995  0.00770819  0.00574481
 0.00145995           0 -0.00448537 -0.00837933
-0.00770819  0.00448537           0   0.0115271
-0.00574481  0.00837933  -0.0115271           0
EndNode1[0]<--->Repeater1[0]
REAL
    0.497549  -0.00190808 -0.000645161     0.406111
 -0.00190808    0.0502451    0.0113079   0.00774194
-0.000645161    0.0113079    0.0428922    0.0193274
    0.406111   0.00774194    0.0193274     0.409314
IMAGINARY
          0 -0.00914564   0.0126743  0.00223847
 0.00914564           0  0.00634806  -0.0158428
 -0.0126743 -0.00634806           0   0.0135816
-0.00223847   0.0158428  -0.0135816           0
EndNode2[0]<--->HoM1[0]
REAL
    0.48139  0.00593422  -0.0122375    0.413637
 0.00593422   0.0310174 -0.00521163  0.00552203
 -0.0122375 -0.00521163   0.0272953 -0.00166072
   0.413637  0.00552203 -0.00166072    0.460298
IMAGINARY
          0  -0.0116861   0.0120359  0.00352799
  0.0116861           0 -0.00284956  -0.0133448
 -0.0120359  0.00284956           0 -0.00271177
-0.00352799   0.0133448  0.00271177           0
Repeater1[0]<--->EndNode1[0]
REAL
    0.497549 -0.000645161  -0.00190808     0.406111
-0.000645161    0.0428922    0.0113079    0.0193274
 -0.00190808    0.0113079    0.0502451   0.00774194
    0.406111    0.0193274   0.00774194     0.409314
IMAGINARY
          0   0.0126743 -0.00914564  0.00223847
 -0.0126743           0 -0.00634806   0.0135816
 0.00914564  0.00634806           0  -0.0158428
-0.00223847  -0.0135816   0.0158428           0
Repeater1[0]<--->HoM1[0]
REAL
    0.48139  -0.0122375  0.00593422    0.413637
 -0.0122375   0.0272953 -0.00521163 -0.00166072
 0.00593422 -0.00521163   0.0310174  0.00552203
   0.413637 -0.00166072  0.00552203    0.460298
IMAGINARY
          0   0.0120359  -0.0116861  0.00352799
 -0.0120359           0  0.00284956 -0.00271177
  0.0116861 -0.00284956           0  -0.0133448
-0.00352799  0.00271177   0.0133448           0
EndNode1[0]<--->Repeater1[0]
REAL
   0.513654   0.0040239 -0.00441219    0.383273
  0.0040239   0.0546164  0.00332535  0.00827817
-0.00441219  0.00332535   0.0494148   0.0101514
   0.383273  0.00827817   0.0101514    0.382315
IMAGINARY
           0  -0.00165212    0.0218864    0.0137363
  0.00165212            0   0.00198696  0.000541017
  -0.0218864  -0.00198696            0  -0.00626345
  -0.0137363 -0.000541017   0.00626345            0
EndNode2[0]<--->HoM1[0]
REAL
   0.475676  -0.0238093 -0.00742846    0.408438
 -0.0238093   0.0324324 -0.00584816  -0.0203151
-0.00742846 -0.00584816   0.0445946 -0.00270115
   0.408438  -0.0203151 -0.00270115    0.447297
IMAGINARY
          0  0.00873324   -0.025974  0.00310733
-0.00873324           0 -0.00439267    0.012987
   0.025974  0.00439267           0  0.00685118
-0.00310733   -0.012987 -0.00685118           0
Repeater1[0]<--->EndNode1[0]
REAL
   0.513654 -0.00441219   0.0040239    0.383273
-0.00441219   0.0494148  0.00332535   0.0101514
  0.0040239  0.00332535   0.0546164  0.00827817
   0.383273   0.0101514  0.00827817    0.382315
IMAGINARY
           0    0.0218864  -0.00165212    0.0137363
  -0.0218864            0  -0.00198696  -0.00626345
  0.00165212   0.00198696            0  0.000541017
  -0.0137363   0.00626345 -0.000541017            0
Repeater1[0]<--->HoM1[0]
REAL
   0.475676 -0.00742846  -0.0238093    0.408438
-0.00742846   0.0445946 -0.00584816 -0.00270115
 -0.0238093 -0.00584816   0.0324324  -0.0203151
   0.408438 -0.00270115  -0.0203151    0.447297
IMAGINARY
          0   -0.025974  0.00873324  0.00310733
   0.025974           0  0.00439267  0.00685118
-0.00873324 -0.00439267           0    0.012987
-0.00310733 -0.00685118   -0.012987           0
EndNode1[0]<--->Repeater1[0]
REAL
  0.464373 0.00886254 0.00900668   0.384242
0.00886254  0.0429975 0.00464723 -0.0135818
0.00900668 0.00464723    0.04914  -0.022588
  0.384242 -0.0135818  -0.022588   0.443489
IMAGINARY
          0   0.0111737  -0.0149555    0.016046
 -0.0111737           0  0.00141838 -0.00342223
  0.0149555 -0.00141838           0   0.0034017
  -0.016046  0.00342223  -0.0034017           0
EndNode2[0]<--->HoM1[0]
REAL
    0.453716   -0.0162401  -0.00446404     0.425098
  -0.0162401    0.0404172 -0.000594692    0.0104243
 -0.00446404 -0.000594692    0.0443286   0.00763085
    0.425098    0.0104243   0.00763085     0.461538
IMAGINARY
          0  -0.0157766   0.0044507   0.0200244
  0.0157766           0  -0.0133931  0.00184653
 -0.0044507   0.0133931           0 -0.00689339
 -0.0200244 -0.00184653  0.00689339           0
Repeater1[0]<--->EndNode1[0]
REAL
  0.464373 0.00900668 0.00886254   0.384242
0.00900668    0.04914 0.00464723  -0.022588
0.00886254 0.00464723  0.0429975 -0.0135818
  0.384242  -0.022588 -0.0135818   0.443489
IMAGINARY
          0  -0.0149555   0.0111737    0.016046
  0.0149555           0 -0.00141838   0.0034017
 -0.0111737  0.00141838           0 -0.00342223
  -0.016046  -0.0034017  0.00342223           0
Repeater1[0]<--->HoM1[0]
REAL
    0.453716  -0.00446404   -0.0162401     0.425098
 -0.00446404    0.0443286 -0.000594692   0.00763085
  -0.0162401 -0.000594692    0.0404172    0.0104243
    0.425098   0.00763085    0.0104243     0.461538
IMAGINARY
          0   0.0044507  -0.0157766   0.0200244
 -0.0044507           0   0.0133931 -0.00689339
  0.0157766  -0.0133931           0  0.00184653
 -0.0200244  0.00689339 -0.00184653           0
EndNode1[0]<--->Repeater1[0]
REAL
   0.479578   0.0225194 -0.00162124    0.382467
  0.0225194   0.0540184  -0.0102094   0.0112987
-0.00162124  -0.0102094   0.0566535 -0.00122904
   0.382467   0.0112987 -0.00122904     0.40975
IMAGINARY
           0   -0.0153414  0.000615411   0.00400317
   0.0153414            0   -0.0046602    -0.011979
-0.000615411    0.0046602            0    0.0229172
 -0.00400317     0.011979   -0.0229172            0
EndNode2[0]<--->HoM1[0]
REAL
   0.475995  0.00809554  0.00793017    0.410496
 0.00809554   0.0438957 -0.00371644 -0.00671951
 0.00793017 -0.00371644   0.0397805 -0.00325292
   0.410496 -0.00671951 -0.00325292    0.440329
IMAGINARY
          0   0.0283416 -0.00894788  -0.0138893
 -0.0283416           0  -0.0192802  -0.0108985
 0.00894788   0.0192802           0 -0.00209319
  0.0138893   0.0108985  0.00209319           0
Repeater1[0]<--->EndNode1[0]
REAL
   0.479578 -0.00162124   0.0225194    0.382467
-0.00162124   0.0566535  -0.0102094 -0.00122904
  0.0225194  -0.0102094   0.0540184   0.0112987
   0.382467 -0.00122904   0.0112987     0.40975
IMAGINARY
           0  0.000615411   -0.0153414   0.00400317
-0.000615411            0    0.0046602    0.0229172
   0.0153414   -0.0046602            0    -0.011979
 -0.00400317   -0.0229172     0.011979            0
Repeater1[0]<--->HoM1[0]
REAL
   0.475995  0.00793017  0.00809554    0.410496
 0.00793017   0.0397805 -0.00371644 -0.00325292
 0.00809554 -0.00371644   0.0438957 -0.00671951
   0.410496 -0.00325292 -0.00671951    0.440329
IMAGINARY
          0 -0.00894788   0.0283416  -0.0138893
 0.00894788           0   0.0192802 -0.00209319
 -0.0283416  -0.0192802           0  -0.0108985
  0.0138893  0.00209319   0.0108985           0
EndNode1[0]<--->Repeater1[0]
REAL
   0.491071   0.0244345   0.0106056    0.394594
  0.0244345   0.0459184   0.0165451  -0.0024704
  0.0106056   0.0165451   0.0522959 -0.00753833
   0.394594  -0.0024704 -0.00753833    0.410714
IMAGINARY
          0  0.00782771  0.00496277  0.00287431
-0.00782771           0   0.0172722 -0.00303723
-0.00496277  -0.0172722           0 -0.00846956
-0.00287431  0.00303723  0.00846956           0
EndNode2[0]<--->HoM1[0]
REAL
   0.498734   0.0190008  0.00684622     0.42296
  0.0190008   0.0341772  0.00768357 8.94653e-05
 0.00684622  0.00768357   0.0329114  -0.0183703
    0.42296 8.94653e-05  -0.0183703    0.434177
IMAGINARY
         0  0.0115713  0.0131843  0.0141967
-0.0115713          0    0.01027 -0.0279468
-0.0131843   -0.01027          0  0.0185956
-0.0141967  0.0279468 -0.0185956          0
Repeater1[0]<--->EndNode1[0]
REAL
   0.491071   0.0106056   0.0244345    0.394594
  0.0106056   0.0522959   0.0165451 -0.00753833
  0.0244345   0.0165451   0.0459184  -0.0024704
   0.394594 -0.00753833  -0.0024704    0.410714
IMAGINARY
          0  0.00496277  0.00782771  0.00287431
-0.00496277           0  -0.0172722 -0.00846956
-0.00782771   0.0172722           0 -0.00303723
-0.00287431  0.00846956  0.00303723           0
Repeater1[0]<--->HoM1[0]
REAL
   0.498734  0.00684622   0.0190008     0.42296
 0.00684622   0.0329114  0.00768357  -0.0183703
  0.0190008  0.00768357   0.0341772 8.94653e-05
    0.42296  -0.0183703 8.94653e-05    0.434177
IMAGINARY
         0  0.0131843  0.0115713  0.0141967
-0.0131843          0   -0.01027  0.0185956
-0.0115713    0.01027          0 -0.0279468
-0.0141967 -0.0185956  0.0279468          0
EndNode1[0]<--->Repeater1[0]
REAL
  0.494282 -0.0179293 -0.0049653   0.383038
-0.0179293  0.0546379  -0.001725  0.0226421
-0.0049653  -0.001725  0.0495553   0.015404
  0.383038  0.0226421   0.015404   0.401525
IMAGINARY
          0  0.00652863  -0.0179541   0.0198636
-0.00652863           0  0.00784093  -0.0223788
  0.0179541 -0.00784093           0   0.0312435
 -0.0198636   0.0223788  -0.0312435           0
EndNode2[0]<--->HoM1[0]
REAL
   0.475943   0.0076124 -0.00847629    0.411005
  0.0076124   0.0416125    0.023806 -0.00782098
-0.00847629    0.023806   0.0429129  -0.0134794
   0.411005 -0.00782098  -0.0134794    0.439532
IMAGINARY
          0   0.0281802   0.0010094 -0.00708742
 -0.0281802           0  0.00207489 -0.00164312
 -0.0010094 -0.00207489           0 -0.00346537
 0.00708742  0.00164312  0.00346537           0
Repeater1[0]<--->EndNode1[0]
REAL
  0.494282 -0.0049653 -0.0179293   0.383038
-0.0049653  0.0495553  -0.001725   0.015404
-0.0179293  -0.001725  0.0546379  0.0226421
  0.383038   0.015404  0.0226421   0.401525
IMAGINARY
          0  -0.0179541  0.00652863   0.0198636
  0.0179541           0 -0.00784093   0.0312435
-0.00652863  0.00784093           0  -0.0223788
 -0.0198636  -0.0312435   0.0223788           0
Repeater1[0]<--->HoM1[0]
REAL
   0.475943 -0.00847629   0.0076124    0.411005
-0.00847629   0.0429129    0.023806  -0.0134794
  0.0076124    0.023806   0.0416125 -0.00782098
   0.411005  -0.0134794 -0.00782098    0.439532
IMAGINARY
          0   0.0010094   0.0281802 -0.00708742
 -0.0010094           0 -0.00207489 -0.00346537
 -0.0281802  0.00207489           0 -0.00164312
 0.00708742  0.00346537  0.00164312           0
EndNode1[0]<--->Repeater1[0]
REAL
    0.51625  0.00217242   0.0074188    0.387358
 0.00217242     0.04625  0.00153106  -0.0118888
  0.0074188  0.00153106     0.04125 -0.00536527
   0.387358  -0.0118888 -0.00536527     0.39625
IMAGINARY
          0 -0.00590551   0.0176629  -0.0136974
 0.00590551           0  -0.0111068 -0.00585191
 -0.0176629   0.0111068           0  0.00328084
  0.0136974  0.00585191 -0.00328084           0
EndNode2[0]<--->HoM1[0]
REAL
  0.475594 0.00385876  0.0115312   0.429039
0.00385876  0.0300375 0.00822128  0.0108759
 0.0115312 0.00822128  0.0250313 0.00190309
  0.429039  0.0108759 0.00190309   0.469337
IMAGINARY
           0   -0.0072919    0.0108009  0.000255074
   0.0072919            0   -0.0130428    0.0141034
  -0.0108009    0.0130428            0  -0.00484092
-0.000255074   -0.0141034   0.00484092            0
Repeater1[0]<--->EndNode1[0]
REAL
    0.51625   0.0074188  0.00217242    0.387358
  0.0074188     0.04125  0.00153106 -0.00536527
 0.00217242  0.00153106     0.04625  -0.0118888
   0.387358 -0.00536527  -0.0118888     0.39625
IMAGINARY
          0   0.0176629 -0.00590551  -0.0136974
 -0.0176629           0   0.0111068  0.00328084
 0.00590551  -0.0111068           0 -0.00585191
  0.0136974 -0.00328084  0.00585191           0
Repeater1[0]<--->HoM1[0]
REAL
  0.475594  0.0115312 0.00385876   0.429039
 0.0115312  0.0250313 0.00822128 0.00190309
0.00385876 0.00822128  0.0300375  0.0108759
  0.429039 0.00190309  0.0108759   0.469337
IMAGINARY
           0    0.0108009   -0.0072919  0.000255074
  -0.0108009            0    0.0130428  -0.00484092
   0.0072919   -0.0130428            0    0.0141034
-0.000255074   0.00484092   -0.0141034            0
EndNode1[0]<--->Repeater1[0]
REAL
   0.476005 -0.00306124  0.00333314    0.378694
-0.00306124   0.0492866  0.00812186  -0.0157709
 0.00333314  0.00812186   0.0635538 -0.00564522
   0.378694  -0.0157709 -0.00564522    0.411154
IMAGINARY
          0   0.0143686  0.00111559 -0.00565327
 -0.0143686           0  0.00565327  -0.0133772
-0.00111559 -0.00565327           0 -0.00891904
 0.00565327   0.0133772  0.00891904           0
EndNode2[0]<--->HoM1[0]
REAL
    0.48708 -0.00917675 -0.00814755    0.408942
-0.00917675   0.0348837   0.0147226  0.00178623
-0.00814755   0.0147226   0.0335917   0.0155381
   0.408942  0.00178623   0.0155381    0.444444
IMAGINARY
          0 -0.00403188  0.00609019 -0.00720503
 0.00403188           0  0.00188588    0.010515
-0.00609019 -0.00188588           0 -0.00273318
 0.00720503   -0.010515  0.00273318           0
Repeater1[0]<--->EndNode1[0]
REAL
   0.476005  0.00333314 -0.00306124    0.378694
 0.00333314   0.0635538  0.00812186 -0.00564522
-0.00306124  0.00812186   0.0492866  -0.0157709
   0.378694 -0.00564522  -0.0157709    0.411154
IMAGINARY
          0  0.00111559   0.0143686 -0.00565327
-0.00111559           0 -0.00565327 -0.00891904
 -0.0143686  0.00565327           0  -0.0133772
 0.00565327  0.00891904   0.0133772           0
Repeater1[0]<--->HoM1[0]
REAL
    0.48708 -0.00814755 -0.00917675    0.408942
-0.00814755   0.0335917   0.0147226   0.0155381
-0.00917675   0.0147226   0.0348837  0.00178623
   0.408942   0.0155381  0.00178623    0.444444
IMAGINARY
          0  0.00609019 -0.00403188 -0.00720503
-0.00609019           0 -0.00188588 -0.00273318
 0.00403188  0.00188588           0    0.010515
 0.00720503  0.00273318   -0.010515           0
EndNode1[0]<--->Repeater1[0]
REAL
   0.498691   0.0265232   0.0117256     0.39036
  0.0265232   0.0431937 -0.00594477  -0.0026347
  0.0117256 -0.00594477   0.0405759  0.00724301
    0.39036  -0.0026347  0.00724301    0.417539
IMAGINARY
          0  0.00694799 -0.00693887 -0.00836255
-0.00694799           0 -0.00702207  0.00753482
 0.00693887  0.00702207           0 -0.00873583
 0.00836255 -0.00753482  0.00873583           0
EndNode2[0]<--->HoM1[0]
REAL
    0.46863   0.0011742  0.00211627    0.406934
  0.0011742   0.0320102 0.000796745  -0.0208195
 0.00211627 0.000796745   0.0371319  0.00506021
   0.406934  -0.0208195  0.00506021    0.462228
IMAGINARY
           0    0.0226024   -0.0234288   -0.0270408
  -0.0226024            0    0.0210488   -0.0144774
   0.0234288   -0.0210488            0  0.000863287
   0.0270408    0.0144774 -0.000863287            0
Repeater1[0]<--->EndNode1[0]
REAL
   0.498691   0.0117256   0.0265232     0.39036
  0.0117256   0.0405759 -0.00594477  0.00724301
  0.0265232 -0.00594477   0.0431937  -0.0026347
    0.39036  0.00724301  -0.0026347    0.417539
IMAGINARY
          0 -0.00693887  0.00694799 -0.00836255
 0.00693887           0  0.00702207 -0.00873583
-0.00694799 -0.00702207           0  0.00753482
 0.00836255  0.00873583 -0.00753482           0
Repeater1[0]<--->HoM1[0]
REAL
    0.46863  0.00211627   0.0011742    0.406934
 0.00211627   0.0371319 0.000796745  0.00506021
  0.0011742 0.000796745   0.0320102  -0.0208195
   0.406934  0.00506021  -0.0208195    0.462228
IMAGINARY
           0   -0.0234288    0.0226024   -0.0270408
   0.0234288            0   -0.0210488  0.000863287
  -0.0226024    0.0210488            0   -0.0144774
   0.0270408 -0.000863287    0.0144774            0
EndNode1[0]<--->Repeater1[0]
REAL
   0.503209  0.00116802   0.0042867    0.397162
 0.00116802   0.0385109 -0.00421145  0.00876813
  0.0042867 -0.00421145   0.0577664   0.0118868
   0.397162  0.00876813   0.0118868    0.400513
IMAGINARY
          0 -0.00662578  0.00828626  0.00886777
 0.00662578           0  0.00495132   0.0260458
-0.00828626 -0.00495132           0  0.00100781
-0.00886777  -0.0260458 -0.00100781           0
EndNode2[0]<--->HoM1[0]
REAL
   0.483019   0.0146124 0.000945972    0.416104
  0.0146124    0.036478 -0.00337662   0.0166298
0.000945972 -0.00337662   0.0264151 -0.00188509
   0.416104   0.0166298 -0.00188509    0.454088
IMAGINARY
           0  -0.00226892 -0.000405099   -0.0131859
  0.00226892            0   -0.0112044    0.0172882
 0.000405099    0.0112044            0  -0.00422459
   0.0131859   -0.0172882   0.00422459            0
Repeater1[0]<--->EndNode1[0]
REAL
   0.503209   0.0042867  0.00116802    0.397162
  0.0042867   0.0577664 -0.00421145   0.0118868
 0.00116802 -0.00421145   0.0385109  0.00876813
   0.397162   0.0118868  0.00876813    0.400513
IMAGINARY
          0  0.00828626 -0.00662578  0.00886777
-0.00828626           0 -0.00495132  0.00100781
 0.00662578  0.00495132           0   0.0260458
-0.00886777 -0.00100781  -0.0260458           0
Repeater1[0]<--->HoM1[0]
REAL
   0.483019 0.000945972   0.0146124    0.416104
0.000945972   0.0264151 -0.00337662 -0.00188509
  0.0146124 -0.00337662    0.036478   0.0166298
   0.416104 -0.00188509   0.0166298    0.454088
IMAGINARY
           0 -0.000405099  -0.00226892   -0.0131859
 0.000405099            0    0.0112044  -0.00422459
  0.00226892   -0.0112044            0    0.0172882
   0.0131859   0.00422459   -0.0172882            0
EndNode1[0]<--->Repeater1[0]
REAL
   0.498003 -0.00279225   0.0176958    0.396292
-0.00279225   0.0386152   0.0102947 -0.00272577
  0.0176958   0.0102947   0.0559254   0.0249479
   0.396292 -0.00272577   0.0249479    0.407457
IMAGINARY
           0  -0.00704978   0.00156068     0.026547
  0.00704978            0   -0.0091673  0.000298055
 -0.00156068    0.0091673            0    0.0101477
   -0.026547 -0.000298055   -0.0101477            0
EndNode2[0]<--->HoM1[0]
REAL
    0.502604 -0.000912084    0.0123286      0.42303
-0.000912084      0.03125   4.7019e-05  -0.00539292
   0.0123286   4.7019e-05    0.0260417  -0.00854567
     0.42303  -0.00539292  -0.00854567     0.440104
IMAGINARY
           0  -0.00536521  -0.00813791  -0.00516691
  0.00536521            0  0.000312542  0.000802945
  0.00813791 -0.000312542            0   0.00903269
  0.00516691 -0.000802945  -0.00903269            0
Repeater1[0]<--->EndNode1[0]
REAL
   0.498003   0.0176958 -0.00279225    0.396292
  0.0176958   0.0559254   0.0102947   0.0249479
-0.00279225   0.0102947   0.0386152 -0.00272577
   0.396292   0.0249479 -0.00272577    0.407457
IMAGINARY
           0   0.00156068  -0.00704978     0.026547
 -0.00156068            0    0.0091673    0.0101477
  0.00704978   -0.0091673            0  0.000298055
   -0.026547   -0.0101477 -0.000298055            0
Repeater1[0]<--->HoM1[0]
REAL
    0.502604    0.0123286 -0.000912084      0.42303
   0.0123286    0.0260417   4.7019e-05  -0.00854567
-0.000912084   4.7019e-05      0.03125  -0.00539292
     0.42303  -0.00854567  -0.00539292     0.440104
IMAGINARY
           0  -0.00813791  -0.00536521  -0.00516691
  0.00813791            0 -0.000312542   0.00903269
  0.00536521  0.000312542            0  0.000802945
  0.00516691  -0.00903269 -0.000802945            0
EndNode1[0]<--->Repeater1[0]
REAL
   0.487603  -0.0045916 -0.00534903    0.389282
 -0.0045916   0.0371901 -0.00138429  0.00598598
-0.00534903 -0.00138429    0.046832   0.0103241
   0.389282  0.00598598   0.0103241    0.428375
IMAGINARY
           0   0.00502954  -0.00231606   -0.0046789
 -0.00502954            0 -0.000762453  -0.00168394
  0.00231606  0.000762453            0  -0.00636287
   0.0046789   0.00168394   0.00636287            0
EndNode2[0]<--->HoM1[0]
REAL
   0.476846 0.000206285 -0.00487702     0.41265
0.000206285   0.0362954  0.00309586  0.00763945
-0.00487702  0.00309586   0.0463079  0.00669979
    0.41265  0.00763945  0.00669979    0.440551
IMAGINARY
           0  -0.00224149 -0.000116172    -0.029441
  0.00224149            0   0.00397186   -0.0183552
 0.000116172  -0.00397186            0    0.0168912
    0.029441    0.0183552   -0.0168912            0
Repeater1[0]<--->EndNode1[0]
REAL
   0.487603 -0.00534903  -0.0045916    0.389282
-0.00534903    0.046832 -0.00138429   0.0103241
 -0.0045916 -0.00138429   0.0371901  0.00598598
   0.389282   0.0103241  0.00598598    0.428375
IMAGINARY
           0  -0.00231606   0.00502954   -0.0046789
  0.00231606            0  0.000762453  -0.00636287
 -0.00502954 -0.000762453            0  -0.00168394
   0.0046789   0.00636287   0.00168394            0
Repeater1[0]<--->HoM1[0]
REAL
   0.476846 -0.00487702 0.000206285     0.41265
-0.00487702   0.0463079  0.00309586  0.00669979
0.000206285  0.00309586   0.0362954  0.00763945
    0.41265  0.00669979  0.00763945    0.440551
IMAGINARY
           0 -0.000116172  -0.00224149    -0.029441
 0.000116172            0  -0.00397186    0.0168912
  0.00224149   0.00397186            0   -0.0183552
    0.029441   -0.0168912    0.0183552            0
EndNode1[0]<--->Repeater1[0]
REAL
   0.515033 -0.00532728  0.00994431    0.387711
-0.00532728   0.0352941  0.00649554 -0.00742542
 0.00994431  0.00649554   0.0392157 -0.00222939
   0.387711 -0.00742542 -0.00222939    0.410458
IMAGINARY
          0 -0.00274989   0.0176057  -0.0176306
 0.00274989           0   0.0050361  -0.0286554
 -0.0176057  -0.0050361           0  0.00827475
  0.0176306   0.0286554 -0.00827475           0
EndNode2[0]<--->HoM1[0]
REAL
 0.493927  0.021646 0.0115519  0.420201
 0.021646 0.0364372 0.0131326  0.010243
0.0115519 0.0131326 0.0526316 0.0155335
 0.420201  0.010243 0.0155335  0.417004
IMAGINARY
           0 -0.000894332  -0.00302498  0.000787502
 0.000894332            0   -0.0038854   0.00956948
  0.00302498    0.0038854            0   0.00612993
-0.000787502  -0.00956948  -0.00612993            0
Repeater1[0]<--->EndNode1[0]
REAL
   0.515033  0.00994431 -0.00532728    0.387711
 0.00994431   0.0392157  0.00649554 -0.00222939
-0.00532728  0.00649554   0.0352941 -0.00742542
   0.387711 -0.00222939 -0.00742542    0.410458
IMAGINARY
          0   0.0176057 -0.00274989  -0.0176306
 -0.0176057           0  -0.0050361  0.00827475
 0.00274989   0.0050361           0  -0.0286554
  0.0176306 -0.00827475   0.0286554           0
Repeater1[0]<--->HoM1[0]
REAL
 0.493927 0.0115519  0.021646  0.420201
0.0115519 0.0526316 0.0131326 0.0155335
 0.021646 0.0131326 0.0364372  0.010243
 0.420201 0.0155335  0.010243  0.417004
IMAGINARY
           0  -0.00302498 -0.000894332  0.000787502
  0.00302498            0    0.0038854   0.00612993
 0.000894332   -0.0038854            0   0.00956948
-0.000787502  -0.00612993  -0.00956948            0
EndNode1[0]<--->Repeater1[0]
REAL
   0.479695  -0.0276871  -0.0279351    0.390931
 -0.0276871    0.036802 0.000892545  -0.0204926
 -0.0279351 0.000892545   0.0532995  0.00944814
   0.390931  -0.0204926  0.00944814    0.430203
IMAGINARY
          0  0.00705611  -0.0016988 -0.00568942
-0.00705611           0 -0.00568942   0.0204569
  0.0016988  0.00568942           0  0.00135269
 0.00568942  -0.0204569 -0.00135269           0
EndNode2[0]<--->HoM1[0]
REAL
    0.498054    0.0108368 -0.000247386     0.403587
   0.0108368    0.0389105   0.00951423   0.00292118
-0.000247386   0.00951423    0.0363165  -0.00949985
    0.403587   0.00292118  -0.00949985     0.426719
IMAGINARY
          0 -0.00636533   0.0195389 -0.00888598
 0.00636533           0  -0.0014233   0.0176616
 -0.0195389   0.0014233           0  -0.0131807
 0.00888598  -0.0176616   0.0131807           0
Repeater1[0]<--->EndNode1[0]
REAL
   0.479695  -0.0279351  -0.0276871    0.390931
 -0.0279351   0.0532995 0.000892545  0.00944814
 -0.0276871 0.000892545    0.036802  -0.0204926
   0.390931  0.00944814  -0.0204926    0.430203
IMAGINARY
          0  -0.0016988  0.00705611 -0.00568942
  0.0016988           0  0.00568942  0.00135269
-0.00705611 -0.00568942           0   0.0204569
 0.00568942 -0.00135269  -0.0204569           0
Repeater1[0]<--->HoM1[0]
REAL
    0.498054 -0.000247386    0.0108368     0.403587
-0.000247386    0.0363165   0.00951423  -0.00949985
   0.0108368   0.00951423    0.0389105   0.00292118
    0.403587  -0.00949985   0.00292118     0.426719
IMAGINARY
          0   0.0195389 -0.00636533 -0.00888598
 -0.0195389           0   0.0014233  -0.0131807
 0.00636533  -0.0014233           0   0.0176616
 0.00888598   0.0131807  -0.0176616           0
EndNode1[0]<--->Repeater1[0]
REAL
   0.489333  -0.0051309   0.0100581    0.385095
 -0.0051309       0.048  0.00743496   -0.022509
  0.0100581  0.00743496   0.0573333 0.000543749
   0.385095   -0.022509 0.000543749    0.405333
IMAGINARY
          0  0.00751778   -0.017265 -0.00366946
-0.00751778           0  -0.0107662   0.0106161
   0.017265   0.0107662           0   0.0044503
 0.00366946  -0.0106161  -0.0044503           0
EndNode2[0]<--->HoM1[0]
REAL
  0.465863 0.00694067 -0.0109718   0.415274
0.00694067  0.0334672 0.00139246   0.013576
-0.0109718 0.00139246  0.0374833  0.0112885
  0.415274   0.013576  0.0112885   0.463186
IMAGINARY
           0    -0.018808   0.00173256   0.00340593
    0.018808            0  -0.00857389    0.0175476
 -0.00173256   0.00857389            0  0.000813125
 -0.00340593   -0.0175476 -0.000813125            0
Repeater1[0]<--->EndNode1[0]
REAL
   0.489333   0.0100581  -0.0051309    0.385095
  0.0100581   0.0573333  0.00743496 0.000543749
 -0.0051309  0.00743496       0.048   -0.022509
   0.385095 0.000543749   -0.022509    0.405333
IMAGINARY
          0   -0.017265  0.00751778 -0.00366946
   0.017265           0   0.0107662   0.0044503
-0.00751778  -0.0107662           0   0.0106161
 0.00366946  -0.0044503  -0.0106161           0
Repeater1[0]<--->HoM1[0]
REAL
  0.465863 -0.0109718 0.00694067   0.415274
-0.0109718  0.0374833 0.00139246  0.0112885
0.00694067 0.00139246  0.0334672   0.013576
  0.415274  0.0112885   0.013576   0.463186
IMAGINARY
           0   0.00173256    -0.018808   0.00340593
 -0.00173256            0   0.00857389  0.000813125
    0.018808  -0.00857389            0    0.0175476
 -0.00340593 -0.000813125   -0.0175476            0
EndNode1[0]<--->Repeater1[0]
REAL
   0.470732  -0.0142239 -0.00870557    0.392408
 -0.0142239   0.0402439  0.00892531  -0.0232944
-0.00870557  0.00892531    0.052439  -0.0204428
   0.392408  -0.0232944  -0.0204428    0.436585
IMAGINARY
          0   0.0149553   -0.025237   0.0133536
 -0.0149553           0  0.00191353  -0.0163763
   0.025237 -0.00191353           0   0.0304993
 -0.0133536   0.0163763  -0.0304993           0
EndNode2[0]<--->HoM1[0]
REAL
    0.476553 -0.000395806   -0.0168863     0.419735
-0.000395806     0.035488   0.00556032    0.0149203
