EndNode1[0]<--->Repeater1[0]
REAL
   0.374365  0.00516285   0.0103508    0.388257
 0.00516285    0.101523   0.0555484 -0.00460368
  0.0103508   0.0555484    0.102792  0.00313856
   0.388257 -0.00460368  0.00313856     0.42132
IMAGINARY
          0  -0.0183935   0.0197115   0.0166863
  0.0183935           0  0.00246827 -0.00535445
 -0.0197115 -0.00246827           0   0.0165209
 -0.0166863  0.00535445  -0.0165209           0
EndNode2[0]<--->HoM1[0]
REAL
   0.400517   0.0169349 -0.00884134     0.38017
  0.0169349   0.0865633   0.0726835   0.0212483
-0.00884134   0.0726835    0.100775  0.00291621
    0.38017   0.0212483  0.00291621    0.412145
IMAGINARY
          0   0.0196755   0.0165464  0.00451031
 -0.0196755           0 -0.00579897  -0.0152095
 -0.0165464  0.00579897           0 -0.00764342
-0.00451031   0.0152095  0.00764342           0
Repeater1[0]<--->EndNode1[0]
REAL
   0.374365   0.0103508  0.00516285    0.388257
  0.0103508    0.102792   0.0555484  0.00313856
 0.00516285   0.0555484    0.101523 -0.00460368
   0.388257  0.00313856 -0.00460368     0.42132
IMAGINARY
          0   0.0197115  -0.0183935   0.0166863
 -0.0197115           0 -0.00246827   0.0165209
  0.0183935  0.00246827           0 -0.00535445
 -0.0166863  -0.0165209  0.00535445           0
Repeater1[0]<--->HoM1[0]
REAL
   0.400517 -0.00884134   0.0169349     0.38017
-0.00884134    0.100775   0.0726835  0.00291621
  0.0169349   0.0726835   0.0865633   0.0212483
    0.38017  0.00291621   0.0212483    0.412145
IMAGINARY
          0   0.0165464   0.0196755  0.00451031
 -0.0165464           0  0.00579897 -0.00764342
 -0.0196755 -0.00579897           0  -0.0152095
-0.00451031  0.00764342   0.0152095           0
EndNode1[0]<--->Repeater1[0]
REAL
   0.422925  0.00179108  -0.0112025    0.370863
 0.00179108   0.0843215   0.0695971  0.00376005
 -0.0112025   0.0695971    0.088274 -0.00923357
   0.370863  0.00376005 -0.00923357     0.40448
IMAGINARY
          0  0.00240673 -0.00169285  -0.0159128
-0.00240673           0   0.0165547  -0.0185603
 0.00169285  -0.0165547           0  0.00898568
  0.0159128   0.0185603 -0.00898568           0
EndNode2[0]<--->HoM1[0]
REAL
   0.432799  -0.0243281 -0.00484111    0.373587
 -0.0243281   0.0949445   0.0800213 -0.00675682
-0.00484111   0.0800213   0.0900123  0.00242088
   0.373587 -0.00675682  0.00242088    0.382244
IMAGINARY
           0 -0.000177993   -0.0147234  -0.00445307
 0.000177993            0  -0.00986823   -0.0174482
   0.0147234   0.00986823            0   0.00553992
  0.00445307    0.0174482  -0.00553992            0
Repeater1[0]<--->EndNode1[0]
REAL
   0.422925  -0.0112025  0.00179108    0.370863
 -0.0112025    0.088274   0.0695971 -0.00923357
 0.00179108   0.0695971   0.0843215  0.00376005
   0.370863 -0.00923357  0.00376005     0.40448
IMAGINARY
          0 -0.00169285  0.00240673  -0.0159128
 0.00169285           0  -0.0165547  0.00898568
-0.00240673   0.0165547           0  -0.0185603
  0.0159128 -0.00898568   0.0185603           0
Repeater1[0]<--->HoM1[0]
REAL
   0.432799 -0.00484111  -0.0243281    0.373587
-0.00484111   0.0900123   0.0800213  0.00242088
 -0.0243281   0.0800213   0.0949445 -0.00675682
   0.373587  0.00242088 -0.00675682    0.382244
IMAGINARY
           0   -0.0147234 -0.000177993  -0.00445307
   0.0147234            0   0.00986823   0.00553992
 0.000177993  -0.00986823            0   -0.0174482
  0.00445307  -0.00553992    0.0174482            0
EndNode1[0]<--->Repeater1[0]
REAL
  0.433985  0.0090211 0.00942127   0.376929
 0.0090211   0.091687  0.0533992 0.00423993
0.00942127  0.0533992   0.110024 0.00327398
  0.376929 0.00423993 0.00327398   0.364303
IMAGINARY
          0   0.0200318  -0.0123632 -0.00953696
 -0.0200318           0   0.0101581  -0.0170486
  0.0123632  -0.0101581           0   0.0240859
 0.00953696   0.0170486  -0.0240859           0
EndNode2[0]<--->HoM1[0]
REAL
   0.431635  -0.0105414  -0.0271568    0.372163
 -0.0105414   0.0965147   0.0819189   0.0144017
 -0.0271568   0.0819189   0.0898123 -0.00476474
   0.372163   0.0144017 -0.00476474    0.382038
IMAGINARY
          0 -0.00921409  0.00715601   0.0072376
 0.00921409           0  -0.0192174 -0.00227796
-0.00715601   0.0192174           0  0.00189702
 -0.0072376  0.00227796 -0.00189702           0
Repeater1[0]<--->EndNode1[0]
REAL
  0.433985 0.00942127  0.0090211   0.376929
0.00942127   0.110024  0.0533992 0.00327398
 0.0090211  0.0533992   0.091687 0.00423993
  0.376929 0.00327398 0.00423993   0.364303
IMAGINARY
          0  -0.0123632   0.0200318 -0.00953696
  0.0123632           0  -0.0101581   0.0240859
 -0.0200318   0.0101581           0  -0.0170486
 0.00953696  -0.0240859   0.0170486           0
Repeater1[0]<--->HoM1[0]
REAL
   0.431635  -0.0271568  -0.0105414    0.372163
 -0.0271568   0.0898123   0.0819189 -0.00476474
 -0.0105414   0.0819189   0.0965147   0.0144017
   0.372163 -0.00476474   0.0144017    0.382038
IMAGINARY
          0  0.00715601 -0.00921409   0.0072376
-0.00715601           0   0.0192174  0.00189702
 0.00921409  -0.0192174           0 -0.00227796
 -0.0072376 -0.00189702  0.00227796           0
EndNode1[0]<--->Repeater1[0]
REAL
  0.449163  0.0213678  0.0206048   0.360146
 0.0213678  0.0978121  0.0771036 0.00943527
 0.0206048  0.0771036  0.0913771 0.00733716
  0.360146 0.00943527 0.00733716   0.361647
IMAGINARY
          0  -0.0127663  0.00311721  0.00137698
  0.0127663           0 -0.00445959  0.00311721
-0.00311721  0.00445959           0  -0.0134182
-0.00137698 -0.00311721   0.0134182           0
EndNode2[0]<--->HoM1[0]
REAL
   0.413474  0.00755742 -0.00737008    0.393069
 0.00755742   0.0832232   0.0706146 -0.00235755
-0.00737008   0.0706146   0.0805812 -0.00950295
   0.393069 -0.00235755 -0.00950295    0.422721
IMAGINARY
           0    0.0116896  -0.00195315  -0.00574713
  -0.0116896            0   -0.0153257 -0.000657815
  0.00195315    0.0153257            0   -0.0143005
  0.00574713  0.000657815    0.0143005            0
Repeater1[0]<--->EndNode1[0]
REAL
  0.449163  0.0206048  0.0213678   0.360146
 0.0206048  0.0913771  0.0771036 0.00733716
 0.0213678  0.0771036  0.0978121 0.00943527
  0.360146 0.00733716 0.00943527   0.361647
IMAGINARY
          0  0.00311721  -0.0127663  0.00137698
-0.00311721           0  0.00445959  -0.0134182
  0.0127663 -0.00445959           0  0.00311721
-0.00137698   0.0134182 -0.00311721           0
Repeater1[0]<--->HoM1[0]
REAL
   0.413474 -0.00737008  0.00755742    0.393069
-0.00737008   0.0805812   0.0706146 -0.00950295
 0.00755742   0.0706146   0.0832232 -0.00235755
   0.393069 -0.00950295 -0.00235755    0.422721
IMAGINARY
           0  -0.00195315    0.0116896  -0.00574713
  0.00195315            0    0.0153257   -0.0143005
  -0.0116896   -0.0153257            0 -0.000657815
  0.00574713    0.0143005  0.000657815            0
EndNode1[0]<--->Repeater1[0]
REAL
   0.424282 -0.00297311   0.0212637     0.36315
-0.00297311   0.0652742   0.0688059  -0.0145808
  0.0212637   0.0688059   0.0979112  -0.0097851
    0.36315  -0.0145808  -0.0097851    0.412533
IMAGINARY
           0 -0.000562548    0.0190996  -0.00851539
 0.000562548            0    0.0186164  0.000180643
  -0.0190996   -0.0186164            0    -0.016147
  0.00851539 -0.000180643     0.016147            0
EndNode2[0]<--->HoM1[0]
REAL
   0.400794 -0.00835768  -0.0203623    0.384346
-0.00835768   0.0767196   0.0643721  0.00497766
 -0.0203623   0.0643721    0.103175  -0.0121551
   0.384346  0.00497766  -0.0121551    0.419312
IMAGINARY
          0  -0.0112025 -0.00537563  0.00350235
  0.0112025           0  0.00687616  -0.0123642
 0.00537563 -0.00687616           0  0.00134704
-0.00350235   0.0123642 -0.00134704           0
Repeater1[0]<--->EndNode1[0]
REAL
   0.424282   0.0212637 -0.00297311     0.36315
  0.0212637   0.0979112   0.0688059  -0.0097851
-0.00297311   0.0688059   0.0652742  -0.0145808
    0.36315  -0.0097851  -0.0145808    0.412533
IMAGINARY
           0    0.0190996 -0.000562548  -0.00851539
  -0.0190996            0   -0.0186164    -0.016147
 0.000562548    0.0186164            0  0.000180643
  0.00851539     0.016147 -0.000180643            0
Repeater1[0]<--->HoM1[0]
REAL
   0.400794  -0.0203623 -0.00835768    0.384346
 -0.0203623    0.103175   0.0643721  -0.0121551
-0.00835768   0.0643721   0.0767196  0.00497766
   0.384346  -0.0121551  0.00497766    0.419312
IMAGINARY
          0 -0.00537563  -0.0112025  0.00350235
 0.00537563           0 -0.00687616  0.00134704
  0.0112025  0.00687616           0  -0.0123642
-0.00350235 -0.00134704   0.0123642           0
EndNode1[0]<--->Repeater1[0]
REAL
   0.427441  -0.0217686 -0.00672379     0.37741
 -0.0217686   0.0751979   0.0624104 -0.00415969
-0.00672379   0.0624104   0.0883905  0.00192221
    0.37741 -0.00415969  0.00192221    0.408971
IMAGINARY
          0 -0.00997627   0.0140507   0.0128646
 0.00997627           0   0.0245245   0.0146993
 -0.0140507  -0.0245245           0  -0.0137737
 -0.0128646  -0.0146993   0.0137737           0
EndNode2[0]<--->HoM1[0]
REAL
   0.395778 -0.00191898  0.00554859    0.380302
-0.00191898   0.0870712   0.0610996 -0.00363776
 0.00554859   0.0610996   0.0936675  0.00128204
   0.380302 -0.00363776  0.00128204    0.423483
IMAGINARY
           0 -0.000830715            0  -0.00202472
 0.000830715            0   0.00393555   0.00997506
           0  -0.00393555            0   0.00955889
  0.00202472  -0.00997506  -0.00955889            0
Repeater1[0]<--->EndNode1[0]
REAL
   0.427441 -0.00672379  -0.0217686     0.37741
-0.00672379   0.0883905   0.0624104  0.00192221
 -0.0217686   0.0624104   0.0751979 -0.00415969
    0.37741  0.00192221 -0.00415969    0.408971
IMAGINARY
          0   0.0140507 -0.00997627   0.0128646
 -0.0140507           0  -0.0245245  -0.0137737
 0.00997627   0.0245245           0   0.0146993
 -0.0128646   0.0137737  -0.0146993           0
Repeater1[0]<--->HoM1[0]
REAL
   0.395778  0.00554859 -0.00191898    0.380302
 0.00554859   0.0936675   0.0610996  0.00128204
-0.00191898   0.0610996   0.0870712 -0.00363776
   0.380302  0.00128204 -0.00363776    0.423483
IMAGINARY
           0            0 -0.000830715  -0.00202472
           0            0  -0.00393555   0.00955889
 0.000830715   0.00393555            0   0.00997506
  0.00202472  -0.00955889  -0.00997506            0
EndNode1[0]<--->Repeater1[0]
REAL
   0.421642 -0.00591168  0.00401272    0.378316
-0.00591168   0.0820896    0.063992   -0.010423
 0.00401272    0.063992    0.100746  0.00334758
   0.378316   -0.010423  0.00334758    0.395522
IMAGINARY
          0   0.0223647 -0.00192895   0.0128519
 -0.0223647           0   0.0134639  0.00458147
 0.00192895  -0.0134639           0  -0.0170596
 -0.0128519 -0.00458147   0.0170596           0
EndNode2[0]<--->HoM1[0]
REAL
   0.397452 -0.00150904 -0.00940102    0.378587
-0.00150904   0.0980892   0.0668224   0.0180859
-0.00940102   0.0668224    0.115924   0.0201195
   0.378587   0.0180859   0.0201195    0.388535
IMAGINARY
           0   -0.0156724 -0.000911993   -0.0108013
   0.0156724            0    0.0101644    0.0107159
 0.000911993   -0.0101644            0  0.000639688
   0.0108013   -0.0107159 -0.000639688            0
Repeater1[0]<--->EndNode1[0]
REAL
   0.421642  0.00401272 -0.00591168    0.378316
 0.00401272    0.100746    0.063992  0.00334758
-0.00591168    0.063992   0.0820896   -0.010423
   0.378316  0.00334758   -0.010423    0.395522
IMAGINARY
          0 -0.00192895   0.0223647   0.0128519
 0.00192895           0  -0.0134639  -0.0170596
 -0.0223647   0.0134639           0  0.00458147
 -0.0128519   0.0170596 -0.00458147           0
Repeater1[0]<--->HoM1[0]
REAL
   0.397452 -0.00940102 -0.00150904    0.378587
-0.00940102    0.115924   0.0668224   0.0201195
-0.00150904   0.0668224   0.0980892   0.0180859
   0.378587   0.0201195   0.0180859    0.388535
IMAGINARY
           0 -0.000911993   -0.0156724   -0.0108013
 0.000911993            0   -0.0101644  0.000639688
   0.0156724    0.0101644            0    0.0107159
   0.0108013 -0.000639688   -0.0107159            0
EndNode1[0]<--->Repeater1[0]
REAL
   0.438619 -0.00721685 -0.00465299    0.369013
-0.00721685   0.0831202   0.0695272  -0.0113521
-0.00465299   0.0695272   0.0882353  -0.0113491
   0.369013  -0.0113521  -0.0113491    0.390026
IMAGINARY
          0  0.00672181    0.016874 -0.00505696
-0.00672181           0 -0.00236879 -0.00530593
  -0.016874  0.00236879           0   0.0125584
 0.00505696  0.00530593  -0.0125584           0
EndNode2[0]<--->HoM1[0]
REAL
   0.398718    0.010948 0.000967844    0.378982
   0.010948     0.10641   0.0713361    0.012408
0.000967844   0.0713361   0.0653846  0.00370165
   0.378982    0.012408  0.00370165    0.429487
IMAGINARY
           0  -0.00328517   -0.0178967  -0.00481836
  0.00328517            0  -0.00939352  0.000572941
   0.0178967   0.00939352            0   0.00985626
  0.00481836 -0.000572941  -0.00985626            0
Repeater1[0]<--->EndNode1[0]
REAL
   0.438619 -0.00465299 -0.00721685    0.369013
-0.00465299   0.0882353   0.0695272  -0.0113491
-0.00721685   0.0695272   0.0831202  -0.0113521
   0.369013  -0.0113491  -0.0113521    0.390026
IMAGINARY
          0    0.016874  0.00672181 -0.00505696
  -0.016874           0  0.00236879   0.0125584
-0.00672181 -0.00236879           0 -0.00530593
 0.00505696  -0.0125584  0.00530593           0
Repeater1[0]<--->HoM1[0]
REAL
   0.398718 0.000967844    0.010948    0.378982
0.000967844   0.0653846   0.0713361  0.00370165
   0.010948   0.0713361     0.10641    0.012408
   0.378982  0.00370165    0.012408    0.429487
IMAGINARY
           0   -0.0178967  -0.00328517  -0.00481836
   0.0178967            0   0.00939352   0.00985626
  0.00328517  -0.00939352            0  0.000572941
  0.00481836  -0.00985626 -0.000572941            0
EndNode1[0]<--->Repeater1[0]
REAL
   0.412304   0.0191032 -0.00323697    0.372871
  0.0191032   0.0903141   0.0639708  0.00850012
-0.00323697   0.0639708    0.112565  0.00194944
   0.372871  0.00850012  0.00194944    0.384817
IMAGINARY
           0   -0.0198534   0.00623404  0.000596079
   0.0198534            0  -0.00978243    0.0277974
 -0.00623404   0.00978243            0    0.0041466
-0.000596079   -0.0277974   -0.0041466            0
EndNode2[0]<--->HoM1[0]
REAL
   0.399494 -0.00955204   0.0207797    0.388767
-0.00955204    0.101138   0.0543552 -0.00622948
  0.0207797   0.0543552   0.0884956  0.00955204
   0.388767 -0.00622948  0.00955204    0.410872
IMAGINARY
           0  -0.00265386     0.015095  -0.00541474
  0.00265386            0   0.00104521 -0.000217907
   -0.015095  -0.00104521            0   -0.0122232
  0.00541474  0.000217907    0.0122232            0
Repeater1[0]<--->EndNode1[0]
REAL
   0.412304 -0.00323697   0.0191032    0.372871
-0.00323697    0.112565   0.0639708  0.00194944
  0.0191032   0.0639708   0.0903141  0.00850012
   0.372871  0.00194944  0.00850012    0.384817
IMAGINARY
           0   0.00623404   -0.0198534  0.000596079
 -0.00623404            0   0.00978243    0.0041466
   0.0198534  -0.00978243            0    0.0277974
-0.000596079   -0.0041466   -0.0277974            0
Repeater1[0]<--->HoM1[0]
REAL
   0.399494   0.0207797 -0.00955204    0.388767
  0.0207797   0.0884956   0.0543552  0.00955204
-0.00955204   0.0543552    0.101138 -0.00622948
   0.388767  0.00955204 -0.00622948    0.410872
IMAGINARY
           0     0.015095  -0.00265386  -0.00541474
   -0.015095            0  -0.00104521   -0.0122232
  0.00265386   0.00104521            0 -0.000217907
  0.00541474    0.0122232  0.000217907            0
EndNode1[0]<--->Repeater1[0]
REAL
   0.429658 -0.00609896 -0.00177246    0.375318
-0.00609896   0.0887199   0.0672244 -0.00678499
-0.00177246   0.0672244    0.112801  0.00365397
   0.375318 -0.00678499  0.00365397    0.368821
IMAGINARY
           0   -0.0258008   -0.0042044  -0.00987374
   0.0258008            0  -0.00463814    0.0042044
   0.0042044   0.00463814            0  0.000996604
  0.00987374   -0.0042044 -0.000996604            0
EndNode2[0]<--->HoM1[0]
REAL
   0.409032   0.0034355   0.0108456    0.386839
  0.0034355   0.0941935   0.0655418 0.000719022
  0.0108456   0.0655418   0.0916129    0.020374
   0.386839 0.000719022    0.020374    0.405161
IMAGINARY
          0   0.0119335   0.0245353 -0.00289907
 -0.0119335           0 -0.00225557  -0.0141314
 -0.0245353  0.00225557           0 -0.00275359
 0.00289907   0.0141314  0.00275359           0
Repeater1[0]<--->EndNode1[0]
REAL
   0.429658 -0.00177246 -0.00609896    0.375318
-0.00177246    0.112801   0.0672244  0.00365397
-0.00609896   0.0672244   0.0887199 -0.00678499
   0.375318  0.00365397 -0.00678499    0.368821
IMAGINARY
           0   -0.0042044   -0.0258008  -0.00987374
   0.0042044            0   0.00463814  0.000996604
   0.0258008  -0.00463814            0    0.0042044
  0.00987374 -0.000996604   -0.0042044            0
Repeater1[0]<--->HoM1[0]
REAL
   0.409032   0.0108456   0.0034355    0.386839
  0.0108456   0.0916129   0.0655418    0.020374
  0.0034355   0.0655418   0.0941935 0.000719022
   0.386839    0.020374 0.000719022    0.405161
IMAGINARY
          0   0.0245353   0.0119335 -0.00289907
 -0.0245353           0  0.00225557 -0.00275359
 -0.0119335 -0.00225557           0  -0.0141314
 0.00289907  0.00275359   0.0141314           0
EndNode1[0]<--->Repeater1[0]
REAL
  0.425175  0.0154854 0.00903226   0.377788
 0.0154854   0.106294  0.0680189 -0.0122581
0.00903226  0.0680189   0.113287 -0.0161305
  0.377788 -0.0122581 -0.0161305   0.355245
IMAGINARY
          0  -0.0032125    0.007439 -0.00819012
  0.0032125           0 -0.00439266  0.00927051
  -0.007439  0.00439266           0  -0.0160677
 0.00819012 -0.00927051   0.0160677           0
EndNode2[0]<--->HoM1[0]
REAL
   0.41375  0.0253329  0.0245428   0.379576
 0.0253329    0.10625  0.0639194 0.00370948
 0.0245428  0.0639194     0.0875 0.00686157
  0.379576 0.00370948 0.00686157     0.3925
IMAGINARY
           0   0.00920294  0.000349079   -0.0118578
 -0.00920294            0   0.00808898  -0.00161171
-0.000349079  -0.00808898            0   0.00216069
   0.0118578   0.00161171  -0.00216069            0
Repeater1[0]<--->EndNode1[0]
REAL
  0.425175 0.00903226  0.0154854   0.377788
0.00903226   0.113287  0.0680189 -0.0161305
 0.0154854  0.0680189   0.106294 -0.0122581
  0.377788 -0.0161305 -0.0122581   0.355245
IMAGINARY
          0    0.007439  -0.0032125 -0.00819012
  -0.007439           0  0.00439266  -0.0160677
  0.0032125 -0.00439266           0  0.00927051
 0.00819012   0.0160677 -0.00927051           0
Repeater1[0]<--->HoM1[0]
REAL
   0.41375  0.0245428  0.0253329   0.379576
 0.0245428     0.0875  0.0639194 0.00686157
 0.0253329  0.0639194    0.10625 0.00370948
  0.379576 0.00686157 0.00370948     0.3925
IMAGINARY
           0  0.000349079   0.00920294   -0.0118578
-0.000349079            0  -0.00808898   0.00216069
 -0.00920294   0.00808898            0  -0.00161171
   0.0118578  -0.00216069   0.00161171            0
EndNode1[0]<--->Repeater1[0]
REAL
   0.42298   0.020037 -0.0088458   0.361761
  0.020037  0.0883838  0.0662496  0.0075369
-0.0088458  0.0662496   0.108586  -0.020037
  0.361761  0.0075369  -0.020037   0.380051
IMAGINARY
          0   0.0157417  0.00115452   0.0228523
 -0.0157417           0  0.00944746   -0.017364
-0.00115452 -0.00944746           0 -0.00451975
 -0.0228523    0.017364  0.00451975           0
EndNode2[0]<--->HoM1[0]
REAL
  0.416237 0.00513906   0.007707   0.377152
0.00513906  0.0953608    0.07569  0.0037803
  0.007707    0.07569  0.0863402 0.00513906
  0.377152  0.0037803 0.00513906   0.402062
IMAGINARY
          0  0.00300073   0.0055016  -0.0160732
-0.00300073           0  -0.0107682   0.0036336
 -0.0055016   0.0107682           0  -0.0230982
  0.0160732  -0.0036336   0.0230982           0
Repeater1[0]<--->EndNode1[0]
REAL
   0.42298 -0.0088458   0.020037   0.361761
-0.0088458   0.108586  0.0662496  -0.020037
  0.020037  0.0662496  0.0883838  0.0075369
  0.361761  -0.020037  0.0075369   0.380051
IMAGINARY
          0  0.00115452   0.0157417   0.0228523
-0.00115452           0 -0.00944746 -0.00451975
 -0.0157417  0.00944746           0   -0.017364
 -0.0228523  0.00451975    0.017364           0
Repeater1[0]<--->HoM1[0]
REAL
  0.416237   0.007707 0.00513906   0.377152
  0.007707  0.0863402    0.07569 0.00513906
0.00513906    0.07569  0.0953608  0.0037803
  0.377152 0.00513906  0.0037803   0.402062
IMAGINARY
          0   0.0055016  0.00300073  -0.0160732
 -0.0055016           0   0.0107682  -0.0230982
-0.00300073  -0.0107682           0   0.0036336
  0.0160732   0.0230982  -0.0036336           0
EndNode1[0]<--->Repeater1[0]
REAL
   0.427649 -0.00951938  0.00303594    0.364888
-0.00951938   0.0878553   0.0651379  -0.0132141
 0.00303594   0.0651379   0.0839793  0.00824712
   0.364888  -0.0132141  0.00824712    0.400517
IMAGINARY
           0  0.000473454    0.0112407    0.0148454
-0.000473454            0   0.00249166   0.00190073
  -0.0112407  -0.00249166            0  -0.00610549
  -0.0148454  -0.00190073   0.00610549            0
EndNode2[0]<--->HoM1[0]
REAL
   0.418803  -0.0130511  0.00810176    0.396301
 -0.0130511   0.0964591   0.0473426   -0.019242
 0.00810176   0.0473426    0.102564 -0.00464226
   0.396301   -0.019242 -0.00464226    0.382173
IMAGINARY
          0  0.00100967  0.00254385  0.00925937
-0.00100967           0   0.0030559  0.00526865
-0.00254385  -0.0030559           0 -0.00361384
-0.00925937 -0.00526865  0.00361384           0
Repeater1[0]<--->EndNode1[0]
REAL
   0.427649  0.00303594 -0.00951938    0.364888
 0.00303594   0.0839793   0.0651379  0.00824712
-0.00951938   0.0651379   0.0878553  -0.0132141
   0.364888  0.00824712  -0.0132141    0.400517
IMAGINARY
           0    0.0112407  0.000473454    0.0148454
  -0.0112407            0  -0.00249166  -0.00610549
-0.000473454   0.00249166            0   0.00190073
  -0.0148454   0.00610549  -0.00190073            0
Repeater1[0]<--->HoM1[0]
REAL
   0.418803  0.00810176  -0.0130511    0.396301
 0.00810176    0.102564   0.0473426 -0.00464226
 -0.0130511   0.0473426   0.0964591   -0.019242
   0.396301 -0.00464226   -0.019242    0.382173
IMAGINARY
          0  0.00254385  0.00100967  0.00925937
-0.00254385           0  -0.0030559 -0.00361384
-0.00100967   0.0030559           0  0.00526865
-0.00925937  0.00361384 -0.00526865           0
EndNode1[0]<--->Repeater1[0]
REAL
    0.411765   -0.0161352  -0.00956247     0.370508
  -0.0161352    0.0909091    0.0604447   -0.0237709
 -0.00956247    0.0604447     0.109626 -0.000531434
    0.370508   -0.0237709 -0.000531434     0.387701
IMAGINARY
          0 -0.00411529  -0.0162338  0.00363123
 0.00411529           0  0.00626976 -0.00577874
  0.0162338 -0.00626976           0 -0.00280295
-0.00363123  0.00577874  0.00280295           0
EndNode2[0]<--->HoM1[0]
REAL
   0.407792 0.000229859   0.0184098    0.389966
0.000229859    0.107792    0.051431  -0.0146691
  0.0184098    0.051431   0.0831169  0.00475767
   0.389966  -0.0146691  0.00475767    0.401299
IMAGINARY
          0   0.0306548  -0.0270806   -0.013683
 -0.0306548           0  -0.0117623   0.0101199
  0.0270806   0.0117623           0 -0.00690993
   0.013683  -0.0101199  0.00690993           0
Repeater1[0]<--->EndNode1[0]
REAL
    0.411765  -0.00956247   -0.0161352     0.370508
 -0.00956247     0.109626    0.0604447 -0.000531434
  -0.0161352    0.0604447    0.0909091   -0.0237709
    0.370508 -0.000531434   -0.0237709     0.387701
IMAGINARY
          0  -0.0162338 -0.00411529  0.00363123
  0.0162338           0 -0.00626976 -0.00280295
 0.00411529  0.00626976           0 -0.00577874
-0.00363123  0.00280295  0.00577874           0
Repeater1[0]<--->HoM1[0]
REAL
   0.407792   0.0184098 0.000229859    0.389966
  0.0184098   0.0831169    0.051431  0.00475767
0.000229859    0.051431    0.107792  -0.0146691
   0.389966  0.00475767  -0.0146691    0.401299
IMAGINARY
          0  -0.0270806   0.0306548   -0.013683
  0.0270806           0   0.0117623 -0.00690993
 -0.0306548  -0.0117623           0   0.0101199
   0.013683  0.00690993  -0.0101199           0
EndNode1[0]<--->Repeater1[0]
REAL
  0.416883    0.01165 -0.0149967   0.377917
   0.01165    0.11039  0.0670366  0.0208944
-0.0149967  0.0670366  0.0935065 -0.0136159
  0.377917  0.0208944 -0.0136159   0.379221
IMAGINARY
          0   -0.015815  0.00664815 -0.00121832
   0.015815           0  0.00254107 -0.00276214
-0.00664815 -0.00254107           0   0.0326544
 0.00121832  0.00276214  -0.0326544           0
EndNode2[0]<--->HoM1[0]
REAL
  0.445893 -0.0157221 0.00497396   0.392063
-0.0157221  0.0782269  0.0720898 -0.0241334
0.00497396  0.0720898  0.0899609 -0.0170344
  0.392063 -0.0241334 -0.0170344   0.385919
IMAGINARY
          0   0.0105303  -0.0245286  0.00645636
 -0.0105303           0   0.0176553  -0.0208065
  0.0245286  -0.0176553           0   0.0124658
-0.00645636   0.0208065  -0.0124658           0
Repeater1[0]<--->EndNode1[0]
REAL
  0.416883 -0.0149967    0.01165   0.377917
-0.0149967  0.0935065  0.0670366 -0.0136159
   0.01165  0.0670366    0.11039  0.0208944
  0.377917 -0.0136159  0.0208944   0.379221
IMAGINARY
          0  0.00664815   -0.015815 -0.00121832
-0.00664815           0 -0.00254107   0.0326544
   0.015815  0.00254107           0 -0.00276214
 0.00121832  -0.0326544  0.00276214           0
Repeater1[0]<--->HoM1[0]
REAL
  0.445893 0.00497396 -0.0157221   0.392063
0.00497396  0.0899609  0.0720898 -0.0170344
-0.0157221  0.0720898  0.0782269 -0.0241334
  0.392063 -0.0170344 -0.0241334   0.385919
IMAGINARY
          0  -0.0245286   0.0105303  0.00645636
  0.0245286           0  -0.0176553   0.0124658
 -0.0105303   0.0176553           0  -0.0208065
-0.00645636  -0.0124658   0.0208065           0
EndNode1[0]<--->Repeater1[0]
REAL
   0.450062   -0.015688  -0.0166335    0.365505
  -0.015688   0.0850801    0.070443 0.000293607
 -0.0166335    0.070443    0.108508   -0.015031
   0.365505 0.000293607   -0.015031     0.35635
IMAGINARY
          0  0.00980981  -0.0181159 -0.00117334
-0.00980981           0  -0.0126606   0.0181159
  0.0181159   0.0126606           0  -0.0172172
 0.00117334  -0.0181159   0.0172172           0
EndNode2[0]<--->HoM1[0]
REAL
    0.426528  0.000455831 -0.000977836     0.385422
 0.000455831    0.0884265    0.0661911  0.000977836
-0.000977836    0.0661911    0.0819246   -0.0066593
    0.385422  0.000977836   -0.0066593     0.403121
IMAGINARY
          0   0.0216606  -0.0280176 -0.00568232
 -0.0216606           0  0.00320093 -0.00275164
  0.0280176 -0.00320093           0  0.00782659
 0.00568232  0.00275164 -0.00782659           0
Repeater1[0]<--->EndNode1[0]
REAL
   0.450062  -0.0166335   -0.015688    0.365505
 -0.0166335    0.108508    0.070443   -0.015031
  -0.015688    0.070443   0.0850801 0.000293607
   0.365505   -0.015031 0.000293607     0.35635
IMAGINARY
          0  -0.0181159  0.00980981 -0.00117334
  0.0181159           0   0.0126606  -0.0172172
-0.00980981  -0.0126606           0   0.0181159
 0.00117334   0.0172172  -0.0181159           0
Repeater1[0]<--->HoM1[0]
REAL
    0.426528 -0.000977836  0.000455831     0.385422
-0.000977836    0.0819246    0.0661911   -0.0066593
 0.000455831    0.0661911    0.0884265  0.000977836
    0.385422   -0.0066593  0.000977836     0.403121
IMAGINARY
          0  -0.0280176   0.0216606 -0.00568232
  0.0280176           0 -0.00320093  0.00782659
 -0.0216606  0.00320093           0 -0.00275164
 0.00568232 -0.00782659  0.00275164           0
EndNode1[0]<--->Repeater1[0]
REAL
   0.429319  -0.0166748 -0.00770291    0.377644
 -0.0166748    0.104712   0.0645947  0.00349112
-0.00770291   0.0645947    0.121728     0.02209
   0.377644  0.00349112     0.02209    0.344241
IMAGINARY
           0   0.00579535  -0.00972396    0.0276436
 -0.00579535            0   0.00153923  -0.00972396
  0.00972396  -0.00153923            0 -0.000149172
  -0.0276436   0.00972396  0.000149172            0
EndNode2[0]<--->HoM1[0]
REAL
   0.399519 -0.00999865  -0.0145101    0.383287
-0.00999865   0.0854392   0.0607873 -0.00879217
 -0.0145101   0.0607873   0.0974729  -0.0106405
   0.383287 -0.00879217  -0.0106405    0.417569
IMAGINARY
          0  -0.0121773   0.0018161  0.00723417
  0.0121773           0   0.0146167   0.0044339
 -0.0018161  -0.0146167           0   0.0159273
-0.00723417  -0.0044339  -0.0159273           0
Repeater1[0]<--->EndNode1[0]
REAL
   0.429319 -0.00770291  -0.0166748    0.377644
-0.00770291    0.121728   0.0645947     0.02209
 -0.0166748   0.0645947    0.104712  0.00349112
   0.377644     0.02209  0.00349112    0.344241
IMAGINARY
           0  -0.00972396   0.00579535    0.0276436
  0.00972396            0  -0.00153923 -0.000149172
 -0.00579535   0.00153923            0  -0.00972396
  -0.0276436  0.000149172   0.00972396            0
Repeater1[0]<--->HoM1[0]
REAL
   0.399519  -0.0145101 -0.00999865    0.383287
 -0.0145101   0.0974729   0.0607873  -0.0106405
-0.00999865   0.0607873   0.0854392 -0.00879217
   0.383287  -0.0106405 -0.00879217    0.417569
IMAGINARY
          0   0.0018161  -0.0121773  0.00723417
 -0.0018161           0  -0.0146167   0.0159273
  0.0121773   0.0146167           0   0.0044339
-0.00723417  -0.0159273  -0.0044339           0
EndNode1[0]<--->Repeater1[0]
REAL
   0.428571   -0.013995  0.00246361    0.372719
  -0.013995   0.0834387   0.0551165  -0.0269482
 0.00246361   0.0551165   0.0935525 -0.00791225
   0.372719  -0.0269482 -0.00791225    0.394437
IMAGINARY
           0    0.0127217  -0.00607092 -0.000986273
  -0.0127217            0    0.0384704  -0.00540867
  0.00607092   -0.0384704            0    0.0153395
 0.000986273   0.00540867   -0.0153395            0
EndNode2[0]<--->HoM1[0]
REAL
  0.399215    -0.0137 0.00809666   0.378423
   -0.0137  0.0994764  0.0730455 -0.0227838
0.00809666  0.0730455  0.0890052 0.00156718
  0.378423 -0.0227838 0.00156718   0.412304
IMAGINARY
           0  -0.00388108    0.0196985 -0.000320011
  0.00388108            0   0.00283257   0.00526944
  -0.0196985  -0.00283257            0   -0.0262085
 0.000320011  -0.00526944    0.0262085            0
Repeater1[0]<--->EndNode1[0]
REAL
   0.428571  0.00246361   -0.013995    0.372719
 0.00246361   0.0935525   0.0551165 -0.00791225
  -0.013995   0.0551165   0.0834387  -0.0269482
   0.372719 -0.00791225  -0.0269482    0.394437
IMAGINARY
           0  -0.00607092    0.0127217 -0.000986273
  0.00607092            0   -0.0384704    0.0153395
  -0.0127217    0.0384704            0  -0.00540867
 0.000986273   -0.0153395   0.00540867            0
Repeater1[0]<--->HoM1[0]
REAL
  0.399215 0.00809666    -0.0137   0.378423
0.00809666  0.0890052  0.0730455 0.00156718
   -0.0137  0.0730455  0.0994764 -0.0227838
  0.378423 0.00156718 -0.0227838   0.412304
IMAGINARY
           0    0.0196985  -0.00388108 -0.000320011
  -0.0196985            0  -0.00283257   -0.0262085
  0.00388108   0.00283257            0   0.00526944
 0.000320011    0.0262085  -0.00526944            0
EndNode1[0]<--->Repeater1[0]
REAL
   0.400249 -0.00980683  -0.0207159    0.377251
-0.00980683    0.105985   0.0526434 -0.00706184
 -0.0207159   0.0526434     0.09601 -0.00606618
   0.377251 -0.00706184 -0.00606618    0.397756
IMAGINARY
          0   0.0198469  -0.0382898 -0.00301928
 -0.0198469           0 -0.00891706  -0.0140662
  0.0382898  0.00891706           0   0.0115667
 0.00301928   0.0140662  -0.0115667           0
EndNode2[0]<--->HoM1[0]
REAL
  0.414073 -0.0164019 -0.0239593   0.385053
-0.0164019   0.104195  0.0684924 0.00806686
-0.0239593  0.0684924   0.105548 0.00784447
  0.385053 0.00806686 0.00784447   0.376184
IMAGINARY
           0   0.00312238   -0.0101911      0.01872
 -0.00312238            0  -0.00179287 -0.000636943
   0.0101911   0.00179287            0  -0.00503321
    -0.01872  0.000636943   0.00503321            0
Repeater1[0]<--->EndNode1[0]
REAL
   0.400249  -0.0207159 -0.00980683    0.377251
 -0.0207159     0.09601   0.0526434 -0.00606618
-0.00980683   0.0526434    0.105985 -0.00706184
   0.377251 -0.00606618 -0.00706184    0.397756
IMAGINARY
          0  -0.0382898   0.0198469 -0.00301928
  0.0382898           0  0.00891706   0.0115667
 -0.0198469 -0.00891706           0  -0.0140662
 0.00301928  -0.0115667   0.0140662           0
Repeater1[0]<--->HoM1[0]
REAL
  0.414073 -0.0239593 -0.0164019   0.385053
-0.0239593   0.105548  0.0684924 0.00784447
-0.0164019  0.0684924   0.104195 0.00806686
  0.385053 0.00784447 0.00806686   0.376184
IMAGINARY
           0   -0.0101911   0.00312238      0.01872
   0.0101911            0   0.00179287  -0.00503321
 -0.00312238  -0.00179287            0 -0.000636943
    -0.01872   0.00503321  0.000636943            0
EndNode1[0]<--->Repeater1[0]
REAL
   0.425879 -0.00121197 -0.00701658    0.369713
-0.00121197   0.0741206   0.0575371   0.0076331
-0.00701658   0.0575371   0.0917085  0.00306154
   0.369713   0.0076331  0.00306154    0.408291
IMAGINARY
          0  0.00209762   0.0205235  0.00532761
-0.00209762           0   0.0155057  0.00797394
 -0.0205235  -0.0155057           0   -0.011165
-0.00532761 -0.00797394    0.011165           0
EndNode2[0]<--->HoM1[0]
REAL
    0.406289   0.00386108   -0.0107882     0.388113
  0.00386108     0.108176    0.0541208 -0.000123216
  -0.0107882    0.0541208     0.090566   0.00191556
    0.388113 -0.000123216   0.00191556     0.394969
IMAGINARY
          0   0.0124616 -0.00123815  0.00643534
 -0.0124616           0  0.00139756  -0.0112783
 0.00123815 -0.00139756           0  -0.0052152
-0.00643534   0.0112783   0.0052152           0
Repeater1[0]<--->EndNode1[0]
REAL
   0.425879 -0.00701658 -0.00121197    0.369713
-0.00701658   0.0917085   0.0575371  0.00306154
-0.00121197   0.0575371   0.0741206   0.0076331
   0.369713  0.00306154   0.0076331    0.408291
IMAGINARY
          0   0.0205235  0.00209762  0.00532761
 -0.0205235           0  -0.0155057   -0.011165
-0.00209762   0.0155057           0  0.00797394
-0.00532761    0.011165 -0.00797394           0
Repeater1[0]<--->HoM1[0]
REAL
    0.406289   -0.0107882   0.00386108     0.388113
  -0.0107882     0.090566    0.0541208   0.00191556
  0.00386108    0.0541208     0.108176 -0.000123216
    0.388113   0.00191556 -0.000123216     0.394969
IMAGINARY
          0 -0.00123815   0.0124616  0.00643534
 0.00123815           0 -0.00139756  -0.0052152
 -0.0124616  0.00139756           0  -0.0112783
-0.00643534   0.0052152   0.0112783           0
EndNode1[0]<--->Repeater1[0]
REAL
  0.428202 0.00795066  0.0202826   0.372954
0.00795066   0.076326  0.0740056 -0.0273978
 0.0202826  0.0740056   0.102199 -0.0163595
  0.372954 -0.0273978 -0.0163595   0.393273
IMAGINARY
          0  -0.0160492   0.0187423   -0.010196
  0.0160492           0   0.0121365  0.00556786
 -0.0187423  -0.0121365           0  -0.0122031
   0.010196 -0.00556786   0.0122031           0
EndNode2[0]<--->HoM1[0]
REAL
  0.424125 0.00573395 -0.0132925    0.37768
0.00573395  0.0869001  0.0644189 0.00303917
-0.0132925  0.0644189   0.079118 -0.0111622
   0.37768 0.00303917 -0.0111622   0.409857
IMAGINARY
           0   0.00426883   0.00297682   -0.0061908
 -0.00426883            0   -0.0108762  0.000406128
 -0.00297682    0.0108762            0   -0.0130645
   0.0061908 -0.000406128    0.0130645            0
Repeater1[0]<--->EndNode1[0]
REAL
  0.428202  0.0202826 0.00795066   0.372954
 0.0202826   0.102199  0.0740056 -0.0163595
0.00795066  0.0740056   0.076326 -0.0273978
  0.372954 -0.0163595 -0.0273978   0.393273
IMAGINARY
          0   0.0187423  -0.0160492   -0.010196
 -0.0187423           0  -0.0121365  -0.0122031
  0.0160492   0.0121365           0  0.00556786
   0.010196   0.0122031 -0.00556786           0
Repeater1[0]<--->HoM1[0]
REAL
  0.424125 -0.0132925 0.00573395    0.37768
-0.0132925   0.079118  0.0644189 -0.0111622
0.00573395  0.0644189  0.0869001 0.00303917
   0.37768 -0.0111622 0.00303917   0.409857
IMAGINARY
           0   0.00297682   0.00426883   -0.0061908
 -0.00297682            0    0.0108762   -0.0130645
 -0.00426883   -0.0108762            0  0.000406128
   0.0061908    0.0130645 -0.000406128            0
EndNode1[0]<--->Repeater1[0]
REAL
   0.431349 -0.00438836  -0.0111672    0.372098
-0.00438836   0.0935601   0.0518452 -0.00995952
 -0.0111672   0.0518452   0.0886999 0.000163007
   0.372098 -0.00995952 0.000163007    0.386391
IMAGINARY
           0  -0.00252208   0.00646271   -0.0157451
  0.00252208            0   0.00116967 -0.000133596
 -0.00646271  -0.00116967            0   0.00125626
   0.0157451  0.000133596  -0.00125626            0
EndNode2[0]<--->HoM1[0]
REAL
   0.451652 -0.00663114   0.0115613    0.387485
-0.00663114   0.0930233   0.0705836  -0.0312564
  0.0115613   0.0705836   0.0844553  -0.0194171
   0.387485  -0.0312564  -0.0194171    0.370869
IMAGINARY
          0   0.0117742  -0.0089912 -0.00886511
 -0.0117742           0 -0.00640206   -0.013416
  0.0089912  0.00640206           0 -0.00601236
 0.00886511    0.013416  0.00601236           0
Repeater1[0]<--->EndNode1[0]
REAL
   0.431349  -0.0111672 -0.00438836    0.372098
 -0.0111672   0.0886999   0.0518452 0.000163007
-0.00438836   0.0518452   0.0935601 -0.00995952
   0.372098 0.000163007 -0.00995952    0.386391
IMAGINARY
           0   0.00646271  -0.00252208   -0.0157451
 -0.00646271            0  -0.00116967   0.00125626
  0.00252208   0.00116967            0 -0.000133596
   0.0157451  -0.00125626  0.000133596            0
Repeater1[0]<--->HoM1[0]
REAL
   0.451652   0.0115613 -0.00663114    0.387485
  0.0115613   0.0844553   0.0705836  -0.0194171
-0.00663114   0.0705836   0.0930233  -0.0312564
   0.387485  -0.0194171  -0.0312564    0.370869
IMAGINARY
          0  -0.0089912   0.0117742 -0.00886511
  0.0089912           0  0.00640206 -0.00601236
 -0.0117742 -0.00640206           0   -0.013416
 0.00886511  0.00601236    0.013416           0
EndNode1[0]<--->Repeater1[0]
REAL
   0.38539  0.0347351  0.0156435   0.356043
 0.0347351  0.0969773  0.0732084  0.0176899
 0.0156435  0.0732084   0.115869 0.00948258
  0.356043  0.0176899 0.00948258   0.401763
IMAGINARY
           0  -0.00707594  -0.00257126  -0.00506765
  0.00707594            0 -0.000708991 -0.000679712
  0.00257126  0.000708991            0    0.0116273
  0.00506765  0.000679712   -0.0116273            0
EndNode2[0]<--->HoM1[0]
REAL
    0.408377  0.000310533    0.0116006     0.378162
 0.000310533    0.0876963    0.0630144 -0.000962258
   0.0116006    0.0630144     0.113874   0.00156681
    0.378162 -0.000962258   0.00156681     0.390052
IMAGINARY
          0  0.00806786 -0.00341042   0.0103757
-0.00806786           0  -0.0160078  0.00405227
 0.00341042   0.0160078           0  -0.0138445
 -0.0103757 -0.00405227   0.0138445           0
Repeater1[0]<--->EndNode1[0]
REAL
   0.38539  0.0156435  0.0347351   0.356043
 0.0156435   0.115869  0.0732084 0.00948258
 0.0347351  0.0732084  0.0969773  0.0176899
  0.356043 0.00948258  0.0176899   0.401763
IMAGINARY
           0  -0.00257126  -0.00707594  -0.00506765
  0.00257126            0  0.000708991    0.0116273
  0.00707594 -0.000708991            0 -0.000679712
  0.00506765   -0.0116273  0.000679712            0
Repeater1[0]<--->HoM1[0]
REAL
    0.408377    0.0116006  0.000310533     0.378162
   0.0116006     0.113874    0.0630144   0.00156681
 0.000310533    0.0630144    0.0876963 -0.000962258
    0.378162   0.00156681 -0.000962258     0.390052
IMAGINARY
          0 -0.00341042  0.00806786   0.0103757
 0.00341042           0   0.0160078  -0.0138445
-0.00806786  -0.0160078           0  0.00405227
 -0.0103757   0.0138445 -0.00405227           0
EndNode1[0]<--->Repeater1[0]
REAL
   0.422164 -0.00844873  -0.0236253    0.382355
-0.00844873   0.0936675   0.0466687   0.0103173
 -0.0236253   0.0466687   0.0989446   0.0027453
   0.382355   0.0103173   0.0027453    0.385224
IMAGINARY
          0  0.00609756   0.0127927 -0.00709879
-0.00609756           0   -0.026498 -0.00444867
 -0.0127927    0.026498           0  0.00609756
 0.00709879  0.00444867 -0.00609756           0
EndNode2[0]<--->HoM1[0]
REAL
   0.404066 -0.00687965 9.86886e-05    0.377894
