EndNode1[0]<--->Repeater1[0]
REAL
   0.493421   0.0204913    0.012702    0.424232
  0.0204913   0.0236842  0.00538335 -8.5761e-05
   0.012702  0.00538335   0.0302632  0.00407713
   0.424232 -8.5761e-05  0.00407713    0.452632
IMAGINARY
          0 -0.00888801  0.00512002  -0.0212143
 0.00888801           0   0.0288524  0.00273338
-0.00512002  -0.0288524           0   0.0115058
  0.0212143 -0.00273338  -0.0115058           0
EndNode2[0]<--->HoM1[0]
REAL
    0.485007    0.0206105   0.00333698     0.434447
   0.0206105    0.0247718   0.00719713 -0.000684464
  0.00333698   0.00719713    0.0312907  -0.00734789
    0.434447 -0.000684464  -0.00734789     0.458931
IMAGINARY
          0  0.00081782 -0.00748206   0.0125251
-0.00081782           0  0.00428684   0.0130308
 0.00748206 -0.00428684           0  -0.0100657
 -0.0125251  -0.0130308   0.0100657           0
Repeater1[0]<--->EndNode1[0]
REAL
   0.493421    0.012702   0.0204913    0.424232
   0.012702   0.0302632  0.00538335  0.00407713
  0.0204913  0.00538335   0.0236842 -8.5761e-05
   0.424232  0.00407713 -8.5761e-05    0.452632
IMAGINARY
          0  0.00512002 -0.00888801  -0.0212143
-0.00512002           0  -0.0288524   0.0115058
 0.00888801   0.0288524           0  0.00273338
  0.0212143  -0.0115058 -0.00273338           0
Repeater1[0]<--->HoM1[0]
REAL
    0.485007   0.00333698    0.0206105     0.434447
  0.00333698    0.0312907   0.00719713  -0.00734789
   0.0206105   0.00719713    0.0247718 -0.000684464
    0.434447  -0.00734789 -0.000684464     0.458931
IMAGINARY
          0 -0.00748206  0.00081782   0.0125251
 0.00748206           0 -0.00428684  -0.0100657
-0.00081782  0.00428684           0   0.0130308
 -0.0125251   0.0100657  -0.0130308           0
EndNode1[0]<--->Repeater1[0]
REAL
   0.480982  -0.0046423   0.0329461    0.437126
 -0.0046423   0.0282209   0.0116931  -0.0250721
  0.0329461   0.0116931   0.0196319 0.000705293
   0.437126  -0.0250721 0.000705293    0.471166
IMAGINARY
          0   0.0227504  -0.0236219  -0.0060565
 -0.0227504           0  -0.0280203 -0.00367506
  0.0236219   0.0280203           0  0.00454653
  0.0060565  0.00367506 -0.00454653           0
EndNode2[0]<--->HoM1[0]
REAL
    0.490642    0.0175033   0.00537411     0.435006
   0.0175033    0.0240642  -0.00133303 -0.000272066
  0.00537411  -0.00133303    0.0320856   -0.0175033
    0.435006 -0.000272066   -0.0175033     0.453209
IMAGINARY
          0  -0.0125774   0.0076235    0.017581
  0.0125774           0 -0.00389135   0.0189017
 -0.0076235  0.00389135           0  -0.0112953
  -0.017581  -0.0189017   0.0112953           0
Repeater1[0]<--->EndNode1[0]
REAL
   0.480982   0.0329461  -0.0046423    0.437126
  0.0329461   0.0196319   0.0116931 0.000705293
 -0.0046423   0.0116931   0.0282209  -0.0250721
   0.437126 0.000705293  -0.0250721    0.471166
IMAGINARY
          0  -0.0236219   0.0227504  -0.0060565
  0.0236219           0   0.0280203  0.00454653
 -0.0227504  -0.0280203           0 -0.00367506
  0.0060565 -0.00454653  0.00367506           0
Repeater1[0]<--->HoM1[0]
REAL
    0.490642   0.00537411    0.0175033     0.435006
  0.00537411    0.0320856  -0.00133303   -0.0175033
   0.0175033  -0.00133303    0.0240642 -0.000272066
    0.435006   -0.0175033 -0.000272066     0.453209
IMAGINARY
          0   0.0076235  -0.0125774    0.017581
 -0.0076235           0  0.00389135  -0.0112953
  0.0125774 -0.00389135           0   0.0189017
  -0.017581   0.0112953  -0.0189017           0
EndNode1[0]<--->Repeater1[0]
REAL
       0.48    0.012103 -0.00291617    0.422855
   0.012103   0.0266667  0.00474074   0.0179435
-0.00291617  0.00474074   0.0266667  0.00429047
   0.422855   0.0179435  0.00429047    0.466667
IMAGINARY
           0   -0.0226884   0.00784562  0.000150647
   0.0226884            0    0.0179372  0.000839247
 -0.00784562   -0.0179372            0    0.0115221
-0.000150647 -0.000839247   -0.0115221            0
EndNode2[0]<--->HoM1[0]
REAL
    0.457862   0.00328861   0.00580661     0.437434
  0.00328861     0.036478  -0.00290289 -2.99696e-05
  0.00580661  -0.00290289    0.0201258    0.0140413
    0.437434 -2.99696e-05    0.0140413     0.485535
IMAGINARY
           0   0.00300147 -0.000973605    0.0152597
 -0.00300147            0   0.00746753  0.000325096
 0.000973605  -0.00746753            0   -0.0153231
  -0.0152597 -0.000325096    0.0153231            0
Repeater1[0]<--->EndNode1[0]
REAL
       0.48 -0.00291617    0.012103    0.422855
-0.00291617   0.0266667  0.00474074  0.00429047
   0.012103  0.00474074   0.0266667   0.0179435
   0.422855  0.00429047   0.0179435    0.466667
IMAGINARY
           0   0.00784562   -0.0226884  0.000150647
 -0.00784562            0   -0.0179372    0.0115221
   0.0226884    0.0179372            0  0.000839247
-0.000150647   -0.0115221 -0.000839247            0
Repeater1[0]<--->HoM1[0]
REAL
    0.457862   0.00580661   0.00328861     0.437434
  0.00580661    0.0201258  -0.00290289    0.0140413
  0.00328861  -0.00290289     0.036478 -2.99696e-05
    0.437434    0.0140413 -2.99696e-05     0.485535
IMAGINARY
           0 -0.000973605   0.00300147    0.0152597
 0.000973605            0  -0.00746753   -0.0153231
 -0.00300147   0.00746753            0  0.000325096
  -0.0152597    0.0153231 -0.000325096            0
EndNode1[0]<--->Repeater1[0]
REAL
  0.521277 -0.0120082 0.00401482   0.429593
-0.0120082  0.0332447 0.00130638 0.00706732
0.00401482 0.00130638  0.0319149  0.0113563
  0.429593 0.00706732  0.0113563   0.413564
IMAGINARY
           0  0.000962347    0.0160582   -0.0152977
-0.000962347            0    0.0238551   0.00585413
  -0.0160582   -0.0238551            0   -0.0202187
   0.0152977  -0.00585413    0.0202187            0
EndNode2[0]<--->HoM1[0]
REAL
   0.483871  0.00940592 -0.00752467     0.43351
 0.00940592   0.0255376 0.000768617  -0.0182485
-0.00752467 0.000768617   0.0255376  -0.0106946
    0.43351  -0.0182485  -0.0106946    0.465054
IMAGINARY
          0   0.0102043  -0.0159419  0.00213748
 -0.0102043           0  0.00275249    0.017211
  0.0159419 -0.00275249           0 -5.2063e-05
-0.00213748   -0.017211  5.2063e-05           0
Repeater1[0]<--->EndNode1[0]
REAL
  0.521277 0.00401482 -0.0120082   0.429593
0.00401482  0.0319149 0.00130638  0.0113563
-0.0120082 0.00130638  0.0332447 0.00706732
  0.429593  0.0113563 0.00706732   0.413564
IMAGINARY
           0    0.0160582  0.000962347   -0.0152977
  -0.0160582            0   -0.0238551   -0.0202187
-0.000962347    0.0238551            0   0.00585413
   0.0152977    0.0202187  -0.00585413            0
Repeater1[0]<--->HoM1[0]
REAL
   0.483871 -0.00752467  0.00940592     0.43351
-0.00752467   0.0255376 0.000768617  -0.0106946
 0.00940592 0.000768617   0.0255376  -0.0182485
    0.43351  -0.0106946  -0.0182485    0.465054
IMAGINARY
          0  -0.0159419   0.0102043  0.00213748
  0.0159419           0 -0.00275249 -5.2063e-05
 -0.0102043  0.00275249           0    0.017211
-0.00213748  5.2063e-05   -0.017211           0
EndNode1[0]<--->Repeater1[0]
REAL
    0.474903  -0.00172421  -0.00183024     0.399746
 -0.00172421      0.03861 -0.000127226    0.0100895
 -0.00183024 -0.000127226     0.037323    0.0137954
    0.399746    0.0100895    0.0137954     0.449163
IMAGINARY
          0   0.0120527  -0.0133104   0.0344796
 -0.0120527           0  -0.0054392  -0.0139393
  0.0133104   0.0054392           0  0.00885985
 -0.0344796   0.0139393 -0.00885985           0
EndNode2[0]<--->HoM1[0]
REAL
   0.493573 -0.00432602  -0.0129052    0.439732
-0.00432602   0.0167095 -0.00492237  0.00860017
 -0.0129052 -0.00492237   0.0359897 -0.00858911
   0.439732  0.00860017 -0.00858911    0.453728
IMAGINARY
          0  -0.0165376   0.0117047   -0.011065
  0.0165376           0   0.0122995 -0.00101286
 -0.0117047  -0.0122995           0  0.00836148
   0.011065  0.00101286 -0.00836148           0
Repeater1[0]<--->EndNode1[0]
REAL
    0.474903  -0.00183024  -0.00172421     0.399746
 -0.00183024     0.037323 -0.000127226    0.0137954
 -0.00172421 -0.000127226      0.03861    0.0100895
    0.399746    0.0137954    0.0100895     0.449163
IMAGINARY
          0  -0.0133104   0.0120527   0.0344796
  0.0133104           0   0.0054392  0.00885985
 -0.0120527  -0.0054392           0  -0.0139393
 -0.0344796 -0.00885985   0.0139393           0
Repeater1[0]<--->HoM1[0]
REAL
   0.493573  -0.0129052 -0.00432602    0.439732
 -0.0129052   0.0359897 -0.00492237 -0.00858911
-0.00432602 -0.00492237   0.0167095  0.00860017
   0.439732 -0.00858911  0.00860017    0.453728
IMAGINARY
          0   0.0117047  -0.0165376   -0.011065
 -0.0117047           0  -0.0122995  0.00836148
  0.0165376   0.0122995           0 -0.00101286
   0.011065 -0.00836148  0.00101286           0
EndNode1[0]<--->Repeater1[0]
REAL
   0.490979 -0.00721196 -0.00723369    0.420302
-0.00721196   0.0257732  0.00507067  0.00474613
-0.00723369  0.00507067   0.0386598   0.0171622
   0.420302  0.00474613   0.0171622    0.444588
IMAGINARY
          0   0.0020074   0.0033148    0.020889
 -0.0020074           0 -0.00633873  0.00264546
 -0.0033148  0.00633873           0 -0.00796766
  -0.020889 -0.00264546  0.00796766           0
EndNode2[0]<--->HoM1[0]
REAL
    0.467005     0.012657    0.0103871     0.447303
    0.012657    0.0279188    0.0101733  -0.00832948
   0.0103871    0.0101733    0.0279188 -0.000997144
    0.447303  -0.00832948 -0.000997144     0.477157
IMAGINARY
          0  -0.0113706 -0.00101341 -0.00381034
  0.0113706           0  0.00317823 -0.00432467
 0.00101341 -0.00317823           0   0.0012876
 0.00381034  0.00432467  -0.0012876           0
Repeater1[0]<--->EndNode1[0]
REAL
   0.490979 -0.00723369 -0.00721196    0.420302
-0.00723369   0.0386598  0.00507067   0.0171622
-0.00721196  0.00507067   0.0257732  0.00474613
   0.420302   0.0171622  0.00474613    0.444588
IMAGINARY
          0   0.0033148   0.0020074    0.020889
 -0.0033148           0  0.00633873 -0.00796766
 -0.0020074 -0.00633873           0  0.00264546
  -0.020889  0.00796766 -0.00264546           0
Repeater1[0]<--->HoM1[0]
REAL
    0.467005    0.0103871     0.012657     0.447303
   0.0103871    0.0279188    0.0101733 -0.000997144
    0.012657    0.0101733    0.0279188  -0.00832948
    0.447303 -0.000997144  -0.00832948     0.477157
IMAGINARY
          0 -0.00101341  -0.0113706 -0.00381034
 0.00101341           0 -0.00317823   0.0012876
  0.0113706  0.00317823           0 -0.00432467
 0.00381034  -0.0012876  0.00432467           0
EndNode1[0]<--->Repeater1[0]
REAL
   0.496799  0.00704988 -0.00694917    0.417161
 0.00704988    0.021767   0.0172862  0.00951987
-0.00694917   0.0172862    0.028169  0.00451824
   0.417161  0.00951987  0.00451824    0.453265
IMAGINARY
          0   0.0104811 -0.00795211 -0.00492591
 -0.0104811           0   0.0129804  0.00106851
 0.00795211  -0.0129804           0 -0.00610058
 0.00492591 -0.00106851  0.00610058           0
EndNode2[0]<--->HoM1[0]
REAL
    0.46554  -0.0169962  -0.0138652    0.441273
 -0.0169962   0.0260078  0.00183668  -0.0120514
 -0.0138652  0.00183668   0.0312094 -0.00765618
   0.441273  -0.0120514 -0.00765618    0.477243
IMAGINARY
          0 -0.00333238  0.00994557   0.0050176
 0.00333238           0 -0.00691874 -0.00572022
-0.00994557  0.00691874           0  0.00614929
 -0.0050176  0.00572022 -0.00614929           0
Repeater1[0]<--->EndNode1[0]
REAL
   0.496799 -0.00694917  0.00704988    0.417161
-0.00694917    0.028169   0.0172862  0.00451824
 0.00704988   0.0172862    0.021767  0.00951987
   0.417161  0.00451824  0.00951987    0.453265
IMAGINARY
          0 -0.00795211   0.0104811 -0.00492591
 0.00795211           0  -0.0129804 -0.00610058
 -0.0104811   0.0129804           0  0.00106851
 0.00492591  0.00610058 -0.00106851           0
Repeater1[0]<--->HoM1[0]
REAL
    0.46554  -0.0138652  -0.0169962    0.441273
 -0.0138652   0.0312094  0.00183668 -0.00765618
 -0.0169962  0.00183668   0.0260078  -0.0120514
   0.441273 -0.00765618  -0.0120514    0.477243
IMAGINARY
          0  0.00994557 -0.00333238   0.0050176
-0.00994557           0  0.00691874  0.00614929
 0.00333238 -0.00691874           0 -0.00572022
 -0.0050176 -0.00614929  0.00572022           0
EndNode1[0]<--->Repeater1[0]
REAL
   0.468541  0.00878035   0.0137599    0.425677
 0.00878035   0.0348059 -0.00475821  0.00537278
  0.0137599 -0.00475821   0.0401606 0.000148217
   0.425677  0.00537278 0.000148217    0.456493
IMAGINARY
           0  0.000312882   -0.0078222   -0.0226901
-0.000312882            0  -0.00604558    0.0109278
   0.0078222   0.00604558            0    -0.000934
   0.0226901   -0.0109278     0.000934            0
EndNode2[0]<--->HoM1[0]
REAL
    0.48184 -0.00927622  -0.0247136    0.435362
-0.00927622   0.0399516   0.0100674  -0.0114392
 -0.0247136   0.0100674   0.0217918   -0.013234
   0.435362  -0.0114392   -0.013234    0.456416
IMAGINARY
          0 -0.00496956   0.0140736  0.00555415
 0.00496956           0  -0.0131491  -0.0121077
 -0.0140736   0.0131491           0  0.00431426
-0.00555415   0.0121077 -0.00431426           0
Repeater1[0]<--->EndNode1[0]
REAL
   0.468541   0.0137599  0.00878035    0.425677
  0.0137599   0.0401606 -0.00475821 0.000148217
 0.00878035 -0.00475821   0.0348059  0.00537278
   0.425677 0.000148217  0.00537278    0.456493
IMAGINARY
           0   -0.0078222  0.000312882   -0.0226901
   0.0078222            0   0.00604558    -0.000934
-0.000312882  -0.00604558            0    0.0109278
   0.0226901     0.000934   -0.0109278            0
Repeater1[0]<--->HoM1[0]
REAL
    0.48184  -0.0247136 -0.00927622    0.435362
 -0.0247136   0.0217918   0.0100674   -0.013234
-0.00927622   0.0100674   0.0399516  -0.0114392
   0.435362   -0.013234  -0.0114392    0.456416
IMAGINARY
          0   0.0140736 -0.00496956  0.00555415
 -0.0140736           0   0.0131491  0.00431426
 0.00496956  -0.0131491           0  -0.0121077
-0.00555415 -0.00431426   0.0121077           0
EndNode1[0]<--->Repeater1[0]
REAL
   0.481527 -0.00555101  0.00126904    0.432867
-0.00555101   0.0283251  0.00495057  0.00126904
 0.00126904  0.00495057   0.0221675   0.0220485
   0.432867  0.00126904   0.0220485     0.46798
IMAGINARY
          0  0.00268719  -0.0114938  0.00486222
-0.00268719           0  0.00297067  0.00166414
  0.0114938 -0.00297067           0   0.0110743
-0.00486222 -0.00166414  -0.0110743           0
EndNode2[0]<--->HoM1[0]
REAL
   0.469865  -0.0135661 -0.00971139    0.437733
 -0.0135661   0.0307503  0.00336991  -0.0103387
-0.00971139  0.00336991   0.0246002  -0.0202685
   0.437733  -0.0103387  -0.0202685    0.474785
IMAGINARY
          0  0.00384718 -0.00545363  -0.0100473
-0.00384718           0   0.0154381 -0.00677289
 0.00545363  -0.0154381           0  0.00451832
  0.0100473  0.00677289 -0.00451832           0
Repeater1[0]<--->EndNode1[0]
REAL
   0.481527  0.00126904 -0.00555101    0.432867
 0.00126904   0.0221675  0.00495057   0.0220485
-0.00555101  0.00495057   0.0283251  0.00126904
   0.432867   0.0220485  0.00126904     0.46798
IMAGINARY
          0  -0.0114938  0.00268719  0.00486222
  0.0114938           0 -0.00297067   0.0110743
-0.00268719  0.00297067           0  0.00166414
-0.00486222  -0.0110743 -0.00166414           0
Repeater1[0]<--->HoM1[0]
REAL
   0.469865 -0.00971139  -0.0135661    0.437733
-0.00971139   0.0246002  0.00336991  -0.0202685
 -0.0135661  0.00336991   0.0307503  -0.0103387
   0.437733  -0.0202685  -0.0103387    0.474785
IMAGINARY
          0 -0.00545363  0.00384718  -0.0100473
 0.00545363           0  -0.0154381  0.00451832
-0.00384718   0.0154381           0 -0.00677289
  0.0100473 -0.00451832  0.00677289           0
EndNode1[0]<--->Repeater1[0]
REAL
   0.456853 -0.00501929 0.000799511    0.425714
-0.00501929    0.034264 -0.00347841 -0.00505224
0.000799511 -0.00347841   0.0266497 -0.00166358
   0.425714 -0.00505224 -0.00166358    0.482234
IMAGINARY
           0   0.00390939 -0.000677052   0.00507669
 -0.00390939            0    0.0161588  -0.00739748
 0.000677052   -0.0161588            0    0.0128608
 -0.00507669   0.00739748   -0.0128608            0
EndNode2[0]<--->HoM1[0]
REAL
    0.48708  0.00436661 -0.00231645    0.429025
 0.00436661   0.0219638  0.00546654   0.0196961
-0.00231645  0.00546654   0.0284238  0.00900237
   0.429025   0.0196961  0.00900237    0.462532
IMAGINARY
          0 -0.00877193  0.00343943   0.0178345
 0.00877193           0  -0.0112728   0.0141044
-0.00343943   0.0112728           0   0.0100251
 -0.0178345  -0.0141044  -0.0100251           0
Repeater1[0]<--->EndNode1[0]
REAL
   0.456853 0.000799511 -0.00501929    0.425714
0.000799511   0.0266497 -0.00347841 -0.00166358
-0.00501929 -0.00347841    0.034264 -0.00505224
   0.425714 -0.00166358 -0.00505224    0.482234
IMAGINARY
           0 -0.000677052   0.00390939   0.00507669
 0.000677052            0   -0.0161588    0.0128608
 -0.00390939    0.0161588            0  -0.00739748
 -0.00507669   -0.0128608   0.00739748            0
Repeater1[0]<--->HoM1[0]
REAL
    0.48708 -0.00231645  0.00436661    0.429025
-0.00231645   0.0284238  0.00546654  0.00900237
 0.00436661  0.00546654   0.0219638   0.0196961
   0.429025  0.00900237   0.0196961    0.462532
IMAGINARY
          0  0.00343943 -0.00877193   0.0178345
-0.00343943           0   0.0112728   0.0100251
 0.00877193  -0.0112728           0   0.0141044
 -0.0178345  -0.0100251  -0.0141044           0
EndNode1[0]<--->Repeater1[0]
REAL
   0.493298 -0.00814091   0.0122438    0.423158
-0.00814091    0.038874 -0.00671225   0.0116288
  0.0122438 -0.00671225   0.0335121   0.0280348
   0.423158   0.0116288   0.0280348    0.434316
IMAGINARY
          0  0.00923867 -0.00551127  -0.0195769
-0.00923867           0   0.0014422 -0.00617705
 0.00551127  -0.0014422           0  0.00504705
  0.0195769  0.00617705 -0.00504705           0
EndNode2[0]<--->HoM1[0]
REAL
    0.476129 -0.000380506   0.00858841     0.437171
-0.000380506    0.0232258    0.0146707  -8.9827e-05
  0.00858841    0.0146707     0.036129   0.00604623
    0.437171  -8.9827e-05   0.00604623     0.464516
IMAGINARY
          0 -0.00230088  0.00386676   0.0143198
 0.00230088           0   0.0143198  -0.0126168
-0.00386676  -0.0143198           0  0.00355088
 -0.0143198   0.0126168 -0.00355088           0
Repeater1[0]<--->EndNode1[0]
REAL
   0.493298   0.0122438 -0.00814091    0.423158
  0.0122438   0.0335121 -0.00671225   0.0280348
-0.00814091 -0.00671225    0.038874   0.0116288
   0.423158   0.0280348   0.0116288    0.434316
IMAGINARY
          0 -0.00551127  0.00923867  -0.0195769
 0.00551127           0  -0.0014422  0.00504705
-0.00923867   0.0014422           0 -0.00617705
  0.0195769 -0.00504705  0.00617705           0
Repeater1[0]<--->HoM1[0]
REAL
    0.476129   0.00858841 -0.000380506     0.437171
  0.00858841     0.036129    0.0146707   0.00604623
-0.000380506    0.0146707    0.0232258  -8.9827e-05
    0.437171   0.00604623  -8.9827e-05     0.464516
IMAGINARY
          0  0.00386676 -0.00230088   0.0143198
-0.00386676           0  -0.0143198  0.00355088
 0.00230088   0.0143198           0  -0.0126168
 -0.0143198 -0.00355088   0.0126168           0
EndNode1[0]<--->Repeater1[0]
REAL
   0.47362 0.00964263  0.0205473   0.419673
0.00964263  0.0245399  0.0158519 -0.0110656
 0.0205473  0.0158519  0.0380368  0.0162739
  0.419673 -0.0110656  0.0162739   0.463804
IMAGINARY
          0   0.0126229  -0.0082654  0.00974201
 -0.0126229           0   0.0176017  -0.0134737
  0.0082654  -0.0176017           0  0.00252865
-0.00974201   0.0134737 -0.00252865           0
EndNode2[0]<--->HoM1[0]
REAL
   0.494223  0.00275265  -0.0100533    0.439351
 0.00275265   0.0320924  0.00250918 -0.00803451
 -0.0100533  0.00250918    0.029525  -0.0298844
   0.439351 -0.00803451  -0.0298844    0.444159
IMAGINARY
          0 -0.00286624  0.00452888  0.00159467
 0.00286624           0   0.0144152   0.0138922
-0.00452888  -0.0144152           0  0.00286624
-0.00159467  -0.0138922 -0.00286624           0
Repeater1[0]<--->EndNode1[0]
REAL
   0.47362  0.0205473 0.00964263   0.419673
 0.0205473  0.0380368  0.0158519  0.0162739
0.00964263  0.0158519  0.0245399 -0.0110656
  0.419673  0.0162739 -0.0110656   0.463804
IMAGINARY
          0  -0.0082654   0.0126229  0.00974201
  0.0082654           0  -0.0176017  0.00252865
 -0.0126229   0.0176017           0  -0.0134737
-0.00974201 -0.00252865   0.0134737           0
Repeater1[0]<--->HoM1[0]
REAL
   0.494223  -0.0100533  0.00275265    0.439351
 -0.0100533    0.029525  0.00250918  -0.0298844
 0.00275265  0.00250918   0.0320924 -0.00803451
   0.439351  -0.0298844 -0.00803451    0.444159
IMAGINARY
          0  0.00452888 -0.00286624  0.00159467
-0.00452888           0  -0.0144152  0.00286624
 0.00286624   0.0144152           0   0.0138922
-0.00159467 -0.00286624  -0.0138922           0
EndNode1[0]<--->Repeater1[0]
REAL
     0.46402 -0.000656141   -0.0027175     0.421312
-0.000656141    0.0483871    0.0174898    0.0144362
  -0.0027175    0.0174898    0.0260546   0.00326031
    0.421312    0.0144362   0.00326031     0.461538
IMAGINARY
          0  -0.0127973  0.00252932   0.0228119
  0.0127973           0   0.0020572   0.0153498
-0.00252932  -0.0020572           0 -0.00754795
 -0.0228119  -0.0153498  0.00754795           0
EndNode2[0]<--->HoM1[0]
REAL
   0.478947 -0.00419001   0.0154475    0.435575
-0.00419001   0.0421053  0.00462864   -0.012903
  0.0154475  0.00462864   0.0315789  0.00037322
   0.435575   -0.012903  0.00037322    0.447368
IMAGINARY
          0   0.0236573  -0.0054245    0.012715
 -0.0236573           0  0.00374067   -0.008642
  0.0054245 -0.00374067           0 -0.00703325
  -0.012715    0.008642  0.00703325           0
Repeater1[0]<--->EndNode1[0]
REAL
     0.46402   -0.0027175 -0.000656141     0.421312
  -0.0027175    0.0260546    0.0174898   0.00326031
-0.000656141    0.0174898    0.0483871    0.0144362
    0.421312   0.00326031    0.0144362     0.461538
IMAGINARY
          0  0.00252932  -0.0127973   0.0228119
-0.00252932           0  -0.0020572 -0.00754795
  0.0127973   0.0020572           0   0.0153498
 -0.0228119  0.00754795  -0.0153498           0
Repeater1[0]<--->HoM1[0]
REAL
   0.478947   0.0154475 -0.00419001    0.435575
  0.0154475   0.0315789  0.00462864  0.00037322
-0.00419001  0.00462864   0.0421053   -0.012903
   0.435575  0.00037322   -0.012903    0.447368
IMAGINARY
          0  -0.0054245   0.0236573    0.012715
  0.0054245           0 -0.00374067 -0.00703325
 -0.0236573  0.00374067           0   -0.008642
  -0.012715  0.00703325    0.008642           0
EndNode1[0]<--->Repeater1[0]
REAL
   0.52737   0.011284 -0.0160004   0.425737
  0.011284  0.0280374 0.00151335 0.00305345
-0.0160004 0.00151335  0.0293725  -0.022998
  0.425737 0.00305345  -0.022998    0.41522
IMAGINARY
          0 -0.00272093  0.00839511  -0.0213584
 0.00272093           0   0.0200989   0.0245241
-0.00839511  -0.0200989           0  -0.0190182
  0.0213584  -0.0245241   0.0190182           0
EndNode2[0]<--->HoM1[0]
REAL
  0.476248 0.00804443 0.00178834   0.437442
0.00804443  0.0267966 0.00309855  0.0130765
0.00178834 0.00309855  0.0255786 0.00411773
  0.437442  0.0130765 0.00411773   0.471376
IMAGINARY
           0   -0.0175078  -0.00471936  -0.00257452
   0.0175078            0  3.64475e-05   0.00345674
  0.00471936 -3.64475e-05            0   0.00361894
  0.00257452  -0.00345674  -0.00361894            0
Repeater1[0]<--->EndNode1[0]
REAL
   0.52737 -0.0160004   0.011284   0.425737
-0.0160004  0.0293725 0.00151335  -0.022998
  0.011284 0.00151335  0.0280374 0.00305345
  0.425737  -0.022998 0.00305345    0.41522
IMAGINARY
          0  0.00839511 -0.00272093  -0.0213584
-0.00839511           0  -0.0200989  -0.0190182
 0.00272093   0.0200989           0   0.0245241
  0.0213584   0.0190182  -0.0245241           0
Repeater1[0]<--->HoM1[0]
REAL
  0.476248 0.00178834 0.00804443   0.437442
0.00178834  0.0255786 0.00309855 0.00411773
0.00804443 0.00309855  0.0267966  0.0130765
  0.437442 0.00411773  0.0130765   0.471376
IMAGINARY
           0  -0.00471936   -0.0175078  -0.00257452
  0.00471936            0 -3.64475e-05   0.00361894
   0.0175078  3.64475e-05            0   0.00345674
  0.00257452  -0.00361894  -0.00345674            0
EndNode1[0]<--->Repeater1[0]
REAL
   0.472255 0.000898581   0.0145638     0.42768
0.000898581   0.0306966   0.0122949  -0.0100938
  0.0145638   0.0122949   0.0330579 -0.00281429
    0.42768  -0.0100938 -0.00281429    0.463991
IMAGINARY
          0   0.0200952  -0.0150555  0.00391724
 -0.0200952           0  0.00457949  -0.0105855
  0.0150555 -0.00457949           0 -0.00727466
-0.00391724   0.0105855  0.00727466           0
EndNode2[0]<--->HoM1[0]
REAL
   0.495062  -0.0116938 -0.00980467    0.446452
 -0.0116938   0.0283951  0.00828023   0.0104905
-0.00980467  0.00828023   0.0333333   0.0137515
   0.446452   0.0104905   0.0137515     0.44321
IMAGINARY
           0    0.0149354   -0.0246349   -0.0133572
  -0.0149354            0 -0.000698999  -0.00224683
   0.0246349  0.000698999            0   0.00656993
   0.0133572   0.00224683  -0.00656993            0
Repeater1[0]<--->EndNode1[0]
REAL
   0.472255   0.0145638 0.000898581     0.42768
  0.0145638   0.0330579   0.0122949 -0.00281429
0.000898581   0.0122949   0.0306966  -0.0100938
    0.42768 -0.00281429  -0.0100938    0.463991
IMAGINARY
          0  -0.0150555   0.0200952  0.00391724
  0.0150555           0 -0.00457949 -0.00727466
 -0.0200952  0.00457949           0  -0.0105855
-0.00391724  0.00727466   0.0105855           0
Repeater1[0]<--->HoM1[0]
REAL
   0.495062 -0.00980467  -0.0116938    0.446452
-0.00980467   0.0333333  0.00828023   0.0137515
 -0.0116938  0.00828023   0.0283951   0.0104905
   0.446452   0.0137515   0.0104905     0.44321
IMAGINARY
           0   -0.0246349    0.0149354   -0.0133572
   0.0246349            0  0.000698999   0.00656993
  -0.0149354 -0.000698999            0  -0.00224683
   0.0133572  -0.00656993   0.00224683            0
EndNode1[0]<--->Repeater1[0]
REAL
   0.439689  0.00162549  0.00324498    0.414232
 0.00162549   0.0337224   0.0152551 -0.00452704
 0.00324498   0.0152551   0.0389105 -0.00162549
   0.414232 -0.00452704 -0.00162549    0.487678
IMAGINARY
           0   -0.0231114    0.0175355 -0.000353813
   0.0231114            0  -0.00722194  -0.00730529
  -0.0175355   0.00722194            0    0.0116024
 0.000353813   0.00730529   -0.0116024            0
EndNode2[0]<--->HoM1[0]
REAL
   0.464674   0.0218565 -0.00286387    0.437003
  0.0218565   0.0298913  0.00956213   0.0257646
-0.00286387  0.00956213   0.0353261  0.00613328
   0.437003   0.0257646  0.00613328    0.470109
IMAGINARY
           0    0.0036658    0.0247093  -0.00151271
  -0.0036658            0   0.00750791   -0.0220708
  -0.0247093  -0.00750791            0  0.000291982
  0.00151271    0.0220708 -0.000291982            0
Repeater1[0]<--->EndNode1[0]
REAL
   0.439689  0.00324498  0.00162549    0.414232
 0.00324498   0.0389105   0.0152551 -0.00162549
 0.00162549   0.0152551   0.0337224 -0.00452704
   0.414232 -0.00162549 -0.00452704    0.487678
IMAGINARY
           0    0.0175355   -0.0231114 -0.000353813
  -0.0175355            0   0.00722194    0.0116024
   0.0231114  -0.00722194            0  -0.00730529
 0.000353813   -0.0116024   0.00730529            0
Repeater1[0]<--->HoM1[0]
REAL
   0.464674 -0.00286387   0.0218565    0.437003
-0.00286387   0.0353261  0.00956213  0.00613328
  0.0218565  0.00956213   0.0298913   0.0257646
   0.437003  0.00613328   0.0257646    0.470109
IMAGINARY
           0    0.0247093    0.0036658  -0.00151271
  -0.0247093            0  -0.00750791  0.000291982
  -0.0036658   0.00750791            0   -0.0220708
  0.00151271 -0.000291982    0.0220708            0
EndNode1[0]<--->Repeater1[0]
REAL
   0.503177 0.000251147 -0.00439273    0.417128
0.000251147   0.0228717  0.00634767  0.00504124
-0.00439273  0.00634767   0.0304956  0.00688245
   0.417128  0.00504124  0.00688245    0.443456
IMAGINARY
          0 -0.00940348   0.0232689  -0.0137264
 0.00940348           0  0.00424134  0.00461216
 -0.0232689 -0.00424134           0  -0.0283908
  0.0137264 -0.00461216   0.0283908           0
EndNode2[0]<--->HoM1[0]
REAL
   0.466484   -0.010428 -0.00639909    0.443669
  -0.010428   0.0259918  0.00998922  -0.0118936
-0.00639909  0.00998922   0.0287278  0.00676946
   0.443669  -0.0118936  0.00676946    0.478796
IMAGINARY
          0  0.00623986  0.00966763  0.00440886
-0.00623986           0    0.027368  -0.0298237
-0.00966763   -0.027368           0   0.0256197
-0.00440886   0.0298237  -0.0256197           0
Repeater1[0]<--->EndNode1[0]
REAL
   0.503177 -0.00439273 0.000251147    0.417128
-0.00439273   0.0304956  0.00634767  0.00688245
0.000251147  0.00634767   0.0228717  0.00504124
   0.417128  0.00688245  0.00504124    0.443456
IMAGINARY
          0   0.0232689 -0.00940348  -0.0137264
 -0.0232689           0 -0.00424134  -0.0283908
 0.00940348  0.00424134           0  0.00461216
  0.0137264   0.0283908 -0.00461216           0
Repeater1[0]<--->HoM1[0]
REAL
   0.466484 -0.00639909   -0.010428    0.443669
-0.00639909   0.0287278  0.00998922  0.00676946
  -0.010428  0.00998922   0.0259918  -0.0118936
   0.443669  0.00676946  -0.0118936    0.478796
IMAGINARY
          0  0.00966763  0.00623986  0.00440886
-0.00966763           0   -0.027368   0.0256197
-0.00623986    0.027368           0  -0.0298237
-0.00440886  -0.0256197   0.0298237           0
EndNode1[0]<--->Repeater1[0]
REAL
   0.476601 -0.00186549  0.00459785    0.423407
-0.00186549   0.0344828  0.00460353  0.00587336
 0.00459785  0.00460353   0.0283251    0.021499
   0.423407  0.00587336    0.021499    0.460591
IMAGINARY
          0  -0.0224234  0.00302939   0.0225853
  0.0224234           0 -0.00164937   0.0226116
-0.00302939  0.00164937           0  -0.0302831
 -0.0225853  -0.0226116   0.0302831           0
EndNode2[0]<--->HoM1[0]
REAL
    0.47416 -0.00451301   0.0171344    0.436018
-0.00451301   0.0219638   0.0176503  -0.0152039
  0.0171344   0.0176503   0.0284238  -0.0038525
   0.436018  -0.0152039  -0.0038525    0.475452
IMAGINARY
          0   0.0193763 -0.00671044   0.0127886
 -0.0193763           0   0.0134598 -0.00604466
 0.00671044  -0.0134598           0 -0.00662124
 -0.0127886  0.00604466  0.00662124           0
Repeater1[0]<--->EndNode1[0]
REAL
   0.476601  0.00459785 -0.00186549    0.423407
 0.00459785   0.0283251  0.00460353    0.021499
-0.00186549  0.00460353   0.0344828  0.00587336
   0.423407    0.021499  0.00587336    0.460591
IMAGINARY
          0  0.00302939  -0.0224234   0.0225853
-0.00302939           0  0.00164937  -0.0302831
  0.0224234 -0.00164937           0   0.0226116
 -0.0225853   0.0302831  -0.0226116           0
Repeater1[0]<--->HoM1[0]
REAL
    0.47416   0.0171344 -0.00451301    0.436018
  0.0171344   0.0284238   0.0176503  -0.0038525
-0.00451301   0.0176503   0.0219638  -0.0152039
   0.436018  -0.0038525  -0.0152039    0.475452
IMAGINARY
          0 -0.00671044   0.0193763   0.0127886
 0.00671044           0  -0.0134598 -0.00662124
 -0.0193763   0.0134598           0 -0.00604466
 -0.0127886  0.00662124  0.00604466           0
EndNode1[0]<--->Repeater1[0]
REAL
   0.519945   0.0166071   0.0142535    0.431234
  0.0166071   0.0288858    0.011737  -0.0129273
  0.0142535    0.011737   0.0316369 -0.00334452
   0.431234  -0.0129273 -0.00334452    0.419532
IMAGINARY
           0   -0.0126627    0.0275703  -0.00224196
   0.0126627            0 -0.000886949  -0.00304197
  -0.0275703  0.000886949            0  0.000713055
  0.00224196   0.00304197 -0.000713055            0
EndNode2[0]<--->HoM1[0]
REAL
    0.487738   0.00448581   0.00941239     0.438134
  0.00448581    0.0258856   0.00767859 -0.000791696
  0.00941239   0.00767859    0.0299728 -0.000791232
    0.438134 -0.000791696 -0.000791232     0.456403
IMAGINARY
          0  0.00533207  -0.0128905   0.0287544
-0.00533207           0   0.0147238 -0.00629417
  0.0128905  -0.0147238           0  0.00665833
 -0.0287544  0.00629417 -0.00665833           0
Repeater1[0]<--->EndNode1[0]
REAL
   0.519945   0.0142535   0.0166071    0.431234
  0.0142535   0.0316369    0.011737 -0.00334452
  0.0166071    0.011737   0.0288858  -0.0129273
   0.431234 -0.00334452  -0.0129273    0.419532
IMAGINARY
           0    0.0275703   -0.0126627  -0.00224196
  -0.0275703            0  0.000886949  0.000713055
   0.0126627 -0.000886949            0  -0.00304197
  0.00224196 -0.000713055   0.00304197            0
Repeater1[0]<--->HoM1[0]
REAL
    0.487738   0.00941239   0.00448581     0.438134
  0.00941239    0.0299728   0.00767859 -0.000791232
  0.00448581   0.00767859    0.0258856 -0.000791696
    0.438134 -0.000791232 -0.000791696     0.456403
IMAGINARY
          0  -0.0128905  0.00533207   0.0287544
  0.0128905           0  -0.0147238  0.00665833
-0.00533207   0.0147238           0 -0.00629417
 -0.0287544 -0.00665833  0.00629417           0
EndNode1[0]<--->Repeater1[0]
REAL
   0.482445  0.00337917 -0.00416173    0.427939
 0.00337917   0.0260078   0.0121359   0.0110281
-0.00416173   0.0121359   0.0247074 -0.00400339
   0.427939   0.0110281 -0.00400339     0.46684
IMAGINARY
          0 -0.00487389  -0.0135888  0.00413855
 0.00487389           0  0.00235496  0.00193077
  0.0135888 -0.00235496           0   0.0204179
-0.00413855 -0.00193077  -0.0204179           0
EndNode2[0]<--->HoM1[0]
REAL
 0.462893 0.0259332 0.0277248  0.440701
0.0259332 0.0238994 0.0152897 0.0016151
0.0277248 0.0152897 0.0264151 0.0107416
 0.440701 0.0016151 0.0107416  0.486792
IMAGINARY
          0  0.00696447 -0.00563748 -0.00873999
-0.00696447           0  -0.0271574  -0.0101653
 0.00563748   0.0271574           0   0.0025172
 0.00873999   0.0101653  -0.0025172           0
Repeater1[0]<--->EndNode1[0]
REAL
   0.482445 -0.00416173  0.00337917    0.427939
-0.00416173   0.0247074   0.0121359 -0.00400339
 0.00337917   0.0121359   0.0260078   0.0110281
   0.427939 -0.00400339   0.0110281     0.46684
IMAGINARY
          0  -0.0135888 -0.00487389  0.00413855
  0.0135888           0 -0.00235496   0.0204179
 0.00487389  0.00235496           0  0.00193077
-0.00413855  -0.0204179 -0.00193077           0
Repeater1[0]<--->HoM1[0]
REAL
 0.462893 0.0277248 0.0259332  0.440701
0.0277248 0.0264151 0.0152897 0.0107416
0.0259332 0.0152897 0.0238994 0.0016151
 0.440701 0.0107416 0.0016151  0.486792
IMAGINARY
          0 -0.00563748  0.00696447 -0.00873999
 0.00563748           0   0.0271574   0.0025172
-0.00696447  -0.0271574           0  -0.0101653
 0.00873999  -0.0025172   0.0101653           0
EndNode1[0]<--->Repeater1[0]
REAL
  0.479419 0.00906236 0.00165043   0.421205
0.00906236  0.0290557 0.00496107  0.0113029
0.00165043 0.00496107  0.0387409 0.00777702
  0.421205  0.0113029 0.00777702   0.452785
IMAGINARY
          0  -0.0066556  0.00584594 -0.00113205
  0.0066556           0  0.00747722 -0.00584594
-0.00584594 -0.00747722           0  0.00411753
 0.00113205  0.00584594 -0.00411753           0
EndNode2[0]<--->HoM1[0]
REAL
    0.44806  -0.0154693  -0.0084998    0.445264
 -0.0154693   0.0350438  0.00799508  -0.0019553
 -0.0084998  0.00799508   0.0212766 -0.00236587
   0.445264  -0.0019553 -0.00236587     0.49562
IMAGINARY
          0  0.00768758 -0.00863593    0.021876
-0.00768758           0 -0.00156148  0.00187087
 0.00863593  0.00156148           0  0.00768758
  -0.021876 -0.00187087 -0.00768758           0
Repeater1[0]<--->EndNode1[0]
REAL
  0.479419 0.00165043 0.00906236   0.421205
0.00165043  0.0387409 0.00496107 0.00777702
0.00906236 0.00496107  0.0290557  0.0113029
  0.421205 0.00777702  0.0113029   0.452785
IMAGINARY
          0  0.00584594  -0.0066556 -0.00113205
-0.00584594           0 -0.00747722  0.00411753
  0.0066556  0.00747722           0 -0.00584594
 0.00113205 -0.00411753  0.00584594           0
Repeater1[0]<--->HoM1[0]
REAL
    0.44806  -0.0084998  -0.0154693    0.445264
 -0.0084998   0.0212766  0.00799508 -0.00236587
 -0.0154693  0.00799508   0.0350438  -0.0019553
   0.445264 -0.00236587  -0.0019553     0.49562
IMAGINARY
          0 -0.00863593  0.00768758    0.021876
 0.00863593           0  0.00156148  0.00768758
-0.00768758 -0.00156148           0  0.00187087
  -0.021876 -0.00768758 -0.00187087           0
EndNode1[0]<--->Repeater1[0]
REAL
    0.487342  -0.00299545 -0.000574017      0.41557
 -0.00299545    0.0468354  -0.00469166   -0.0144981
-0.000574017  -0.00469166    0.0341772   -0.0094554
     0.41557   -0.0144981   -0.0094554     0.431646
IMAGINARY
          0 -0.00609469  -0.0108279  -0.0243563
 0.00609469           0  0.00389597  0.00886713
  0.0108279 -0.00389597           0  0.00151952
  0.0243563 -0.00886713 -0.00151952           0
EndNode2[0]<--->HoM1[0]
REAL
   0.485237   0.0084272  0.00936595    0.434426
  0.0084272    0.029525 0.000214998 -0.00609797
 0.00936595 0.000214998    0.029525  0.00529829
   0.434426 -0.00609797  0.00529829    0.455712
IMAGINARY
          0  0.00932847 -0.00830311   0.0166851
-0.00932847           0  0.00157337   -0.020405
 0.00830311 -0.00157337           0   0.0277529
 -0.0166851    0.020405  -0.0277529           0
Repeater1[0]<--->EndNode1[0]
REAL
    0.487342 -0.000574017  -0.00299545      0.41557
-0.000574017    0.0341772  -0.00469166   -0.0094554
 -0.00299545  -0.00469166    0.0468354   -0.0144981
     0.41557   -0.0094554   -0.0144981     0.431646
IMAGINARY
          0  -0.0108279 -0.00609469  -0.0243563
  0.0108279           0 -0.00389597  0.00151952
 0.00609469  0.00389597           0  0.00886713
  0.0243563 -0.00151952 -0.00886713           0
Repeater1[0]<--->HoM1[0]
REAL
   0.485237  0.00936595   0.0084272    0.434426
 0.00936595    0.029525 0.000214998  0.00529829
  0.0084272 0.000214998    0.029525 -0.00609797
   0.434426  0.00529829 -0.00609797    0.455712
IMAGINARY
          0 -0.00830311  0.00932847   0.0166851
 0.00830311           0 -0.00157337   0.0277529
-0.00932847  0.00157337           0   -0.020405
 -0.0166851  -0.0277529    0.020405           0
EndNode1[0]<--->Repeater1[0]
REAL
   0.472329 -0.00229445  -0.0193989    0.423174
-0.00229445    0.030888 -0.00270502   0.0174432
 -0.0193989 -0.00270502    0.036036  0.00164256
   0.423174   0.0174432  0.00164256    0.460746
IMAGINARY
          0   0.0138573  -0.0138191  0.00184078
 -0.0138573           0  0.00447236  0.00251256
  0.0138191 -0.00447236           0  0.00373068
-0.00184078 -0.00251256 -0.00373068           0
EndNode2[0]<--->HoM1[0]
REAL
   0.476071 -0.00401461 -0.00397528     0.44391
-0.00401461   0.0415617  0.00172855  0.00713583
-0.00397528  0.00172855   0.0188917  0.00591095
    0.44391  0.00713583  0.00591095    0.463476
IMAGINARY
           0 -0.000432374   0.00967148    0.0123379
 0.000432374            0   -0.0402567   -0.0103285
 -0.00967148    0.0402567            0   -0.0146793
  -0.0123379    0.0103285    0.0146793            0
Repeater1[0]<--->EndNode1[0]
REAL
   0.472329  -0.0193989 -0.00229445    0.423174
 -0.0193989    0.036036 -0.00270502  0.00164256
-0.00229445 -0.00270502    0.030888   0.0174432
   0.423174  0.00164256   0.0174432    0.460746
IMAGINARY
          0  -0.0138191   0.0138573  0.00184078
  0.0138191           0 -0.00447236  0.00373068
 -0.0138573  0.00447236           0  0.00251256
-0.00184078 -0.00373068 -0.00251256           0
Repeater1[0]<--->HoM1[0]
REAL
   0.476071 -0.00397528 -0.00401461     0.44391
-0.00397528   0.0188917  0.00172855  0.00591095
-0.00401461  0.00172855   0.0415617  0.00713583
    0.44391  0.00591095  0.00713583    0.463476
IMAGINARY
           0   0.00967148 -0.000432374    0.0123379
 -0.00967148            0    0.0402567   -0.0146793
 0.000432374   -0.0402567            0   -0.0103285
  -0.0123379    0.0146793    0.0103285            0
EndNode1[0]<--->Repeater1[0]
REAL
  0.486005 -0.0090957 0.00378746   0.437605
-0.0090957  0.0292621  0.0137467  -0.017301
0.00378746  0.0137467  0.0318066  0.0036903
  0.437605  -0.017301  0.0036903   0.452926
IMAGINARY
          0 -0.00808218  -0.0187236 -0.00448838
 0.00808218           0   0.0147186   0.0111094
  0.0187236  -0.0147186           0   0.0258487
 0.00448838  -0.0111094  -0.0258487           0
