EndNode1[0]<--->Repeater1[0]
REAL
   0.318408   0.0266549 -0.00694526   0.0795728
  0.0266549    0.243781  0.00150828 -0.00165425
-0.00694526  0.00150828     0.19403  -0.0192839
  0.0795728 -0.00165425  -0.0192839    0.243781
IMAGINARY
          0 -0.00424371 -0.00774359 -0.00857865
 0.00424371           0 -0.00162543 -0.00838544
 0.00774359  0.00162543           0 -0.00156274
 0.00857865  0.00838544  0.00156274           0
EndNode2[0]<--->HoM1[0]
REAL
  0.301442 -0.0156758 -0.0298303  0.0596279
-0.0156758   0.246396  0.0250282 -0.0151432
-0.0298303  0.0250282   0.225426  0.0103848
 0.0596279 -0.0151432  0.0103848   0.226737
IMAGINARY
           0  0.000940105  -0.00764779  -0.00101291
-0.000940105            0   -0.0193953  0.000185106
  0.00764779    0.0193953            0   -0.0328261
  0.00101291 -0.000185106    0.0328261            0
Repeater1[0]<--->EndNode1[0]
REAL
   0.318408 -0.00694526   0.0266549   0.0795728
-0.00694526     0.19403  0.00150828  -0.0192839
  0.0266549  0.00150828    0.243781 -0.00165425
  0.0795728  -0.0192839 -0.00165425    0.243781
IMAGINARY
          0 -0.00774359 -0.00424371 -0.00857865
 0.00774359           0  0.00162543 -0.00156274
 0.00424371 -0.00162543           0 -0.00838544
 0.00857865  0.00156274  0.00838544           0
Repeater1[0]<--->HoM1[0]
REAL
  0.301442 -0.0298303 -0.0156758  0.0596279
-0.0298303   0.225426  0.0250282  0.0103848
-0.0156758  0.0250282   0.246396 -0.0151432
 0.0596279  0.0103848 -0.0151432   0.226737
IMAGINARY
           0  -0.00764779  0.000940105  -0.00101291
  0.00764779            0    0.0193953   -0.0328261
-0.000940105   -0.0193953            0  0.000185106
  0.00101291    0.0328261 -0.000185106            0
EndNode1[0]<--->Repeater1[0]
REAL
   0.325729   0.0157065 -0.00804586   0.0782693
  0.0157065    0.271229   0.0318776   0.0073783
-0.00804586   0.0318776    0.196451  0.00498773
  0.0782693   0.0073783  0.00498773    0.206591
IMAGINARY
          0 -0.00180153 -0.00269876   0.0251923
 0.00180153           0  0.00672262    0.013008
 0.00269876 -0.00672262           0  0.00953349
 -0.0251923   -0.013008 -0.00953349           0
EndNode2[0]<--->HoM1[0]
REAL
      0.2875 -0.000484147    0.0196478    0.0630693
-0.000484147         0.24    0.0560984   0.00620345
   0.0196478    0.0560984      0.24375   0.00363673
   0.0630693   0.00620345   0.00363673      0.22875
IMAGINARY
           0   -0.0155364    0.0228515  -0.00634318
   0.0155364            0   0.00499183  -0.00700869
  -0.0228515  -0.00499183            0  0.000961025
  0.00634318   0.00700869 -0.000961025            0
Repeater1[0]<--->EndNode1[0]
REAL
   0.325729 -0.00804586   0.0157065   0.0782693
-0.00804586    0.196451   0.0318776  0.00498773
  0.0157065   0.0318776    0.271229   0.0073783
  0.0782693  0.00498773   0.0073783    0.206591
IMAGINARY
          0 -0.00269876 -0.00180153   0.0251923
 0.00269876           0 -0.00672262  0.00953349
 0.00180153  0.00672262           0    0.013008
 -0.0251923 -0.00953349   -0.013008           0
Repeater1[0]<--->HoM1[0]
REAL
      0.2875    0.0196478 -0.000484147    0.0630693
   0.0196478      0.24375    0.0560984   0.00363673
-0.000484147    0.0560984         0.24   0.00620345
   0.0630693   0.00363673   0.00620345      0.22875
IMAGINARY
           0    0.0228515   -0.0155364  -0.00634318
  -0.0228515            0  -0.00499183  0.000961025
   0.0155364   0.00499183            0  -0.00700869
  0.00634318 -0.000961025   0.00700869            0
EndNode1[0]<--->Repeater1[0]
REAL
      0.3125   -0.0288571  -0.00954804    0.0797843
  -0.0288571      0.24875    0.0387587 -0.000385736
 -0.00954804    0.0387587       0.1975  -0.00756676
   0.0797843 -0.000385736  -0.00756676      0.24125
IMAGINARY
          0  -0.0134665 -0.00159642 -0.00155318
  0.0134665           0  0.00989721  0.00159642
 0.00159642 -0.00989721           0 -0.00961044
 0.00155318 -0.00159642  0.00961044           0
EndNode2[0]<--->HoM1[0]
REAL
   0.31477 -0.0194528 -0.0112281  0.0795932
-0.0194528   0.223971  0.0387768  0.0170496
-0.0112281  0.0387768   0.248184 -0.0148293
 0.0795932  0.0170496 -0.0148293   0.213075
IMAGINARY
           0  -0.00209743  0.000588317    0.0102847
  0.00209743            0   -0.0158197   0.00834025
-0.000588317    0.0158197            0   0.00592396
  -0.0102847  -0.00834025  -0.00592396            0
Repeater1[0]<--->EndNode1[0]
REAL
      0.3125  -0.00954804   -0.0288571    0.0797843
 -0.00954804       0.1975    0.0387587  -0.00756676
  -0.0288571    0.0387587      0.24875 -0.000385736
   0.0797843  -0.00756676 -0.000385736      0.24125
IMAGINARY
          0 -0.00159642  -0.0134665 -0.00155318
 0.00159642           0 -0.00989721 -0.00961044
  0.0134665  0.00989721           0  0.00159642
 0.00155318  0.00961044 -0.00159642           0
Repeater1[0]<--->HoM1[0]
REAL
   0.31477 -0.0112281 -0.0194528  0.0795932
-0.0112281   0.248184  0.0387768 -0.0148293
-0.0194528  0.0387768   0.223971  0.0170496
 0.0795932 -0.0148293  0.0170496   0.213075
IMAGINARY
           0  0.000588317  -0.00209743    0.0102847
-0.000588317            0    0.0158197   0.00592396
  0.00209743   -0.0158197            0   0.00834025
  -0.0102847  -0.00592396  -0.00834025            0
EndNode1[0]<--->Repeater1[0]
REAL
   0.295369 -0.00236627   0.0115833   0.0710692
-0.00236627    0.237797   0.0451951   0.0208182
  0.0115833   0.0451951    0.225282 -0.00843423
  0.0710692   0.0208182 -0.00843423    0.241552
IMAGINARY
           0   0.00120911   -0.0105566   -0.0139931
 -0.00120911            0  0.000752225    0.0224447
   0.0105566 -0.000752225            0  -0.00330702
   0.0139931   -0.0224447   0.00330702            0
EndNode2[0]<--->HoM1[0]
REAL
    0.302682   -0.0147638   -0.0177591    0.0823028
  -0.0147638     0.220945    0.0273578 -0.000517692
  -0.0177591    0.0273578     0.228608   -0.0100404
   0.0823028 -0.000517692   -0.0100404     0.247765
IMAGINARY
           0    0.0240863    0.0145415   -0.0126819
  -0.0240863            0   -0.0102189   0.00468928
  -0.0145415    0.0102189            0  0.000638936
   0.0126819  -0.00468928 -0.000638936            0
Repeater1[0]<--->EndNode1[0]
REAL
   0.295369   0.0115833 -0.00236627   0.0710692
  0.0115833    0.225282   0.0451951 -0.00843423
-0.00236627   0.0451951    0.237797   0.0208182
  0.0710692 -0.00843423   0.0208182    0.241552
IMAGINARY
           0   -0.0105566   0.00120911   -0.0139931
   0.0105566            0 -0.000752225  -0.00330702
 -0.00120911  0.000752225            0    0.0224447
   0.0139931   0.00330702   -0.0224447            0
Repeater1[0]<--->HoM1[0]
REAL
    0.302682   -0.0177591   -0.0147638    0.0823028
  -0.0177591     0.228608    0.0273578   -0.0100404
  -0.0147638    0.0273578     0.220945 -0.000517692
   0.0823028   -0.0100404 -0.000517692     0.247765
IMAGINARY
           0    0.0145415    0.0240863   -0.0126819
  -0.0145415            0    0.0102189  0.000638936
  -0.0240863   -0.0102189            0   0.00468928
   0.0126819 -0.000638936  -0.00468928            0
EndNode1[0]<--->Repeater1[0]
REAL
   0.331281  0.00575518  0.00187416    0.104965
 0.00575518    0.259852   0.0198717  0.00923695
 0.00187416   0.0198717    0.208128 -0.00902315
   0.104965  0.00923695 -0.00902315    0.200739
IMAGINARY
          0  0.00404156 -0.00452345  0.00380546
-0.00404156           0  -0.0211322   -0.013489
 0.00452345   0.0211322           0 -0.00838938
-0.00380546    0.013489  0.00838938           0
EndNode2[0]<--->HoM1[0]
REAL
   0.296448   0.0098289 0.000102689   0.0675958
  0.0098289     0.23224   0.0452683 -0.00374347
0.000102689   0.0452683    0.236339 -0.00254734
  0.0675958 -0.00374347 -0.00254734    0.234973
IMAGINARY
          0   0.0256988   -0.025713   0.0241446
 -0.0256988           0  0.00223735    0.014211
   0.025713 -0.00223735           0  -0.0047245
 -0.0241446   -0.014211   0.0047245           0
Repeater1[0]<--->EndNode1[0]
REAL
   0.331281  0.00187416  0.00575518    0.104965
 0.00187416    0.208128   0.0198717 -0.00902315
 0.00575518   0.0198717    0.259852  0.00923695
   0.104965 -0.00902315  0.00923695    0.200739
IMAGINARY
          0 -0.00452345  0.00404156  0.00380546
 0.00452345           0   0.0211322 -0.00838938
-0.00404156  -0.0211322           0   -0.013489
-0.00380546  0.00838938    0.013489           0
Repeater1[0]<--->HoM1[0]
REAL
   0.296448 0.000102689   0.0098289   0.0675958
0.000102689    0.236339   0.0452683 -0.00254734
  0.0098289   0.0452683     0.23224 -0.00374347
  0.0675958 -0.00254734 -0.00374347    0.234973
IMAGINARY
          0   -0.025713   0.0256988   0.0241446
   0.025713           0 -0.00223735  -0.0047245
 -0.0256988  0.00223735           0    0.014211
 -0.0241446   0.0047245   -0.014211           0
EndNode1[0]<--->Repeater1[0]
REAL
   0.303595  0.00875624    0.019103    0.082012
 0.00875624    0.251664   0.0485101  0.00164665
   0.019103   0.0485101    0.197071 -0.00942558
   0.082012  0.00164665 -0.00942558     0.24767
IMAGINARY
           0    0.0101809   -0.0134538   0.00903769
  -0.0101809            0  0.000221569    0.0140859
   0.0134538 -0.000221569            0    0.0309063
 -0.00903769   -0.0140859   -0.0309063            0
EndNode2[0]<--->HoM1[0]
REAL
  0.261559 0.00259348  0.0029706  0.0815276
0.00259348   0.239102 0.00974229 0.00232041
 0.0029706 0.00974229   0.273448  0.0119568
 0.0815276 0.00232041  0.0119568   0.225892
IMAGINARY
           0  9.21667e-06  -0.00770706   -0.0242199
-9.21667e-06            0   0.00236897 -0.000407793
  0.00770706  -0.00236897            0   -0.0181116
   0.0242199  0.000407793    0.0181116            0
Repeater1[0]<--->EndNode1[0]
REAL
   0.303595    0.019103  0.00875624    0.082012
   0.019103    0.197071   0.0485101 -0.00942558
 0.00875624   0.0485101    0.251664  0.00164665
   0.082012 -0.00942558  0.00164665     0.24767
IMAGINARY
           0   -0.0134538    0.0101809   0.00903769
   0.0134538            0 -0.000221569    0.0309063
  -0.0101809  0.000221569            0    0.0140859
 -0.00903769   -0.0309063   -0.0140859            0
Repeater1[0]<--->HoM1[0]
REAL
  0.261559  0.0029706 0.00259348  0.0815276
 0.0029706   0.273448 0.00974229  0.0119568
0.00259348 0.00974229   0.239102 0.00232041
 0.0815276  0.0119568 0.00232041   0.225892
IMAGINARY
           0  -0.00770706  9.21667e-06   -0.0242199
  0.00770706            0  -0.00236897   -0.0181116
-9.21667e-06   0.00236897            0 -0.000407793
   0.0242199    0.0181116  0.000407793            0
EndNode1[0]<--->Repeater1[0]
REAL
   0.306789 -0.00886759  -0.0203223   0.0638914
-0.00886759    0.267624   0.0460562  0.00592441
 -0.0203223   0.0460562    0.211488  -0.0133837
  0.0638914  0.00592441  -0.0133837    0.214099
IMAGINARY
          0  -0.0163278   0.0159763   0.0236596
  0.0163278           0  0.00052338    0.017849
 -0.0159763 -0.00052338           0   0.0120227
 -0.0236596   -0.017849  -0.0120227           0
EndNode2[0]<--->HoM1[0]
REAL
    0.30092  -0.0124797 -0.00867979   0.0840134
 -0.0124797    0.272011   0.0518905  -0.0222937
-0.00867979   0.0518905    0.204993 -0.00079461
  0.0840134  -0.0222937 -0.00079461    0.222076
IMAGINARY
           0  -0.00675533    0.0105866   -0.0120351
  0.00675533            0     0.031415  0.000586592
  -0.0105866    -0.031415            0 -0.000227913
   0.0120351 -0.000586592  0.000227913            0
Repeater1[0]<--->EndNode1[0]
REAL
   0.306789  -0.0203223 -0.00886759   0.0638914
 -0.0203223    0.211488   0.0460562  -0.0133837
-0.00886759   0.0460562    0.267624  0.00592441
  0.0638914  -0.0133837  0.00592441    0.214099
IMAGINARY
          0   0.0159763  -0.0163278   0.0236596
 -0.0159763           0 -0.00052338   0.0120227
  0.0163278  0.00052338           0    0.017849
 -0.0236596  -0.0120227   -0.017849           0
Repeater1[0]<--->HoM1[0]
REAL
    0.30092 -0.00867979  -0.0124797   0.0840134
-0.00867979    0.204993   0.0518905 -0.00079461
 -0.0124797   0.0518905    0.272011  -0.0222937
  0.0840134 -0.00079461  -0.0222937    0.222076
IMAGINARY
           0    0.0105866  -0.00675533   -0.0120351
  -0.0105866            0    -0.031415 -0.000227913
  0.00675533     0.031415            0  0.000586592
   0.0120351  0.000227913 -0.000586592            0
EndNode1[0]<--->Repeater1[0]
REAL
   0.31701 0.00206685 -0.0102302  0.0786996
0.00206685       0.25  0.0270218  0.0102302
-0.0102302  0.0270218   0.216495 0.00912718
 0.0786996  0.0102302 0.00912718   0.216495
IMAGINARY
           0  0.000672815   -0.0169642    0.0154701
-0.000672815            0    0.0035338  -0.00249884
   0.0169642   -0.0035338            0  -0.00805536
  -0.0154701   0.00249884   0.00805536            0
EndNode2[0]<--->HoM1[0]
REAL
  0.290541  0.0133624  0.0285647  0.0730704
 0.0133624   0.221622  0.0377544  0.0139611
 0.0285647  0.0377544   0.258108 0.00081286
 0.0730704  0.0139611 0.00081286    0.22973
IMAGINARY
          0  -0.0241741 -0.00805452   0.0057264
  0.0241741           0   0.0025089  0.00495663
 0.00805452  -0.0025089           0  0.00124966
 -0.0057264 -0.00495663 -0.00124966           0
Repeater1[0]<--->EndNode1[0]
REAL
   0.31701 -0.0102302 0.00206685  0.0786996
-0.0102302   0.216495  0.0270218 0.00912718
0.00206685  0.0270218       0.25  0.0102302
 0.0786996 0.00912718  0.0102302   0.216495
IMAGINARY
           0   -0.0169642  0.000672815    0.0154701
   0.0169642            0   -0.0035338  -0.00805536
-0.000672815    0.0035338            0  -0.00249884
  -0.0154701   0.00805536   0.00249884            0
Repeater1[0]<--->HoM1[0]
REAL
  0.290541  0.0285647  0.0133624  0.0730704
 0.0285647   0.258108  0.0377544 0.00081286
 0.0133624  0.0377544   0.221622  0.0139611
 0.0730704 0.00081286  0.0139611    0.22973
IMAGINARY
          0 -0.00805452  -0.0241741   0.0057264
 0.00805452           0  -0.0025089  0.00124966
  0.0241741   0.0025089           0  0.00495663
 -0.0057264 -0.00124966 -0.00495663           0
