EndNode1[0]<--->Repeater1[0]
REAL
   0.339263   0.0221572  0.00706472   0.0728014
  0.0221572     0.23507   0.0315643 -0.00365407
 0.00706472   0.0315643    0.193139  0.00853855
  0.0728014 -0.00365407  0.00853855    0.232529
IMAGINARY
           0    0.0078385  -0.00238697  0.000710546
  -0.0078385            0    0.0149963    0.0217169
  0.00238697   -0.0149963            0  -0.00397252
-0.000710546   -0.0217169   0.00397252            0
EndNode2[0]<--->HoM1[0]
REAL
  0.295706 -0.0043977  0.0193328  0.0546153
-0.0043977   0.225767  0.0261994 -0.0160477
 0.0193328  0.0261994   0.225767 -0.0172843
 0.0546153 -0.0160477 -0.0172843   0.252761
IMAGINARY
           0   0.00656601 -0.000478193    0.0125624
 -0.00656601            0  -0.00576887   0.00833793
 0.000478193   0.00576887            0  -0.00475223
  -0.0125624  -0.00833793   0.00475223            0
Repeater1[0]<--->EndNode1[0]
REAL
   0.339263  0.00706472   0.0221572   0.0728014
 0.00706472    0.193139   0.0315643  0.00853855
  0.0221572   0.0315643     0.23507 -0.00365407
  0.0728014  0.00853855 -0.00365407    0.232529
IMAGINARY
           0  -0.00238697    0.0078385  0.000710546
  0.00238697            0   -0.0149963  -0.00397252
  -0.0078385    0.0149963            0    0.0217169
-0.000710546   0.00397252   -0.0217169            0
Repeater1[0]<--->HoM1[0]
REAL
  0.295706  0.0193328 -0.0043977  0.0546153
 0.0193328   0.225767  0.0261994 -0.0172843
-0.0043977  0.0261994   0.225767 -0.0160477
 0.0546153 -0.0172843 -0.0160477   0.252761
IMAGINARY
           0 -0.000478193   0.00656601    0.0125624
 0.000478193            0   0.00576887  -0.00475223
 -0.00656601  -0.00576887            0   0.00833793
  -0.0125624   0.00475223  -0.00833793            0
EndNode1[0]<--->Repeater1[0]
REAL
  0.310038 -0.0055615 0.00390836   0.090888
-0.0055615   0.233799  0.0393007 -0.0246631
0.00390836  0.0393007    0.21474  0.0124797
  0.090888 -0.0246631  0.0124797   0.241423
IMAGINARY
          0  0.00330772  0.00645288 -0.00651137
-0.00330772           0   -0.014834   0.0186794
-0.00645288    0.014834           0  -0.0138897
 0.00651137  -0.0186794   0.0138897           0
EndNode2[0]<--->HoM1[0]
REAL
    0.317164 -0.000711011  -0.00965967    0.0592469
-0.000711011     0.197761    0.0473105  -0.00263541
 -0.00965967    0.0473105     0.222637    0.0184706
   0.0592469  -0.00263541    0.0184706     0.262438
IMAGINARY
          0  0.00539538    0.010426   0.0181311
-0.00539538           0  -0.0072088 -0.00114215
  -0.010426   0.0072088           0  -0.0014166
 -0.0181311  0.00114215   0.0014166           0
Repeater1[0]<--->EndNode1[0]
REAL
  0.310038 0.00390836 -0.0055615   0.090888
0.00390836    0.21474  0.0393007  0.0124797
-0.0055615  0.0393007   0.233799 -0.0246631
  0.090888  0.0124797 -0.0246631   0.241423
IMAGINARY
          0  0.00645288  0.00330772 -0.00651137
-0.00645288           0    0.014834  -0.0138897
-0.00330772   -0.014834           0   0.0186794
 0.00651137   0.0138897  -0.0186794           0
Repeater1[0]<--->HoM1[0]
REAL
    0.317164  -0.00965967 -0.000711011    0.0592469
 -0.00965967     0.222637    0.0473105    0.0184706
-0.000711011    0.0473105     0.197761  -0.00263541
   0.0592469    0.0184706  -0.00263541     0.262438
IMAGINARY
          0    0.010426  0.00539538   0.0181311
  -0.010426           0   0.0072088  -0.0014166
-0.00539538  -0.0072088           0 -0.00114215
 -0.0181311   0.0014166  0.00114215           0
EndNode1[0]<--->Repeater1[0]
REAL
   0.323565 -0.00434442  0.00387959   0.0810804
-0.00434442    0.257631   0.0271142  0.00188225
 0.00387959   0.0271142    0.200244  0.00754544
  0.0810804  0.00188225  0.00754544    0.218559
IMAGINARY
          0 -0.00841536   0.0107223   0.0227132
 0.00841536           0    0.025232   0.0016314
 -0.0107223   -0.025232           0 -0.00523874
 -0.0227132  -0.0016314  0.00523874           0
EndNode2[0]<--->HoM1[0]
REAL
   0.312958   0.0164997 -0.00900496   0.0636065
  0.0164997    0.232274   0.0198399 -0.00252828
-0.00900496   0.0198399    0.243276  -0.0212487
  0.0636065 -0.00252828  -0.0212487    0.211491
IMAGINARY
          0  -0.0149945   0.0131077  -0.0100554
  0.0149945           0  -0.0151059  -0.0184127
 -0.0131077   0.0151059           0 -0.00357316
  0.0100554   0.0184127  0.00357316           0
Repeater1[0]<--->EndNode1[0]
REAL
   0.323565  0.00387959 -0.00434442   0.0810804
 0.00387959    0.200244   0.0271142  0.00754544
-0.00434442   0.0271142    0.257631  0.00188225
  0.0810804  0.00754544  0.00188225    0.218559
IMAGINARY
          0   0.0107223 -0.00841536   0.0227132
 -0.0107223           0   -0.025232 -0.00523874
 0.00841536    0.025232           0   0.0016314
 -0.0227132  0.00523874  -0.0016314           0
Repeater1[0]<--->HoM1[0]
REAL
   0.312958 -0.00900496   0.0164997   0.0636065
-0.00900496    0.243276   0.0198399  -0.0212487
  0.0164997   0.0198399    0.232274 -0.00252828
  0.0636065  -0.0212487 -0.00252828    0.211491
IMAGINARY
          0   0.0131077  -0.0149945  -0.0100554
 -0.0131077           0   0.0151059 -0.00357316
  0.0149945  -0.0151059           0  -0.0184127
  0.0100554  0.00357316   0.0184127           0
EndNode1[0]<--->Repeater1[0]
REAL
     0.3342   0.0016731  -0.0185554   0.0791088
  0.0016731    0.231469   0.0273847 -0.00222378
 -0.0185554   0.0273847    0.205462   0.0126126
  0.0791088 -0.00222378   0.0126126    0.228869
IMAGINARY
          0  -0.0062285 -0.00655549 -0.00776868
  0.0062285           0 -0.00648002  -0.0119174
 0.00655549  0.00648002           0 -0.00239219
 0.00776868   0.0119174  0.00239219           0
EndNode2[0]<--->HoM1[0]
REAL
   0.310777  -0.0210016  -0.0295071    0.051058
 -0.0210016    0.223058   0.0184209 -0.00771378
 -0.0295071   0.0184209     0.22807  0.00487255
   0.051058 -0.00771378  0.00487255    0.238095
IMAGINARY
          0  -0.0088079 -0.00417818   0.0276753
  0.0088079           0  0.00984175  0.00548366
 0.00417818 -0.00984175           0  -0.0264401
 -0.0276753 -0.00548366   0.0264401           0
Repeater1[0]<--->EndNode1[0]
REAL
     0.3342  -0.0185554   0.0016731   0.0791088
 -0.0185554    0.205462   0.0273847   0.0126126
  0.0016731   0.0273847    0.231469 -0.00222378
  0.0791088   0.0126126 -0.00222378    0.228869
IMAGINARY
          0 -0.00655549  -0.0062285 -0.00776868
 0.00655549           0  0.00648002 -0.00239219
  0.0062285 -0.00648002           0  -0.0119174
 0.00776868  0.00239219   0.0119174           0
Repeater1[0]<--->HoM1[0]
REAL
   0.310777  -0.0295071  -0.0210016    0.051058
 -0.0295071     0.22807   0.0184209  0.00487255
 -0.0210016   0.0184209    0.223058 -0.00771378
   0.051058  0.00487255 -0.00771378    0.238095
IMAGINARY
          0 -0.00417818  -0.0088079   0.0276753
 0.00417818           0 -0.00984175  -0.0264401
  0.0088079  0.00984175           0  0.00548366
 -0.0276753   0.0264401 -0.00548366           0
