EndNode1[0]<--->Repeater1[0]
REAL
   0.328338 -0.00631313 -0.00796677   0.0904447
-0.00631313    0.241144     0.03255   0.0173251
-0.00796677     0.03255    0.202997 -0.00304516
  0.0904447   0.0173251 -0.00304516     0.22752
IMAGINARY
           0   -0.0157619   0.00449358 -0.000715785
   0.0157619            0   0.00815995  -0.00975673
 -0.00449358  -0.00815995            0  -0.00529071
 0.000715785   0.00975673   0.00529071            0
EndNode2[0]<--->HoM1[0]
REAL
   0.299728 -0.00292143 -0.00324963   0.0741639
-0.00292143    0.213896   0.0384943  -0.0220668
-0.00324963   0.0384943    0.243869  -0.0097368
  0.0741639  -0.0220668  -0.0097368    0.242507
IMAGINARY
          0  -0.0202855  0.00527775    0.028514
  0.0202855           0  -0.0335015   0.0103668
-0.00527775   0.0335015           0  0.00589251
  -0.028514  -0.0103668 -0.00589251           0
Repeater1[0]<--->EndNode1[0]
REAL
   0.328338 -0.00796677 -0.00631313   0.0904447
-0.00796677    0.202997     0.03255 -0.00304516
-0.00631313     0.03255    0.241144   0.0173251
  0.0904447 -0.00304516   0.0173251     0.22752
IMAGINARY
           0   0.00449358   -0.0157619 -0.000715785
 -0.00449358            0  -0.00815995  -0.00529071
   0.0157619   0.00815995            0  -0.00975673
 0.000715785   0.00529071   0.00975673            0
Repeater1[0]<--->HoM1[0]
REAL
   0.299728 -0.00324963 -0.00292143   0.0741639
-0.00324963    0.243869   0.0384943  -0.0097368
-0.00292143   0.0384943    0.213896  -0.0220668
  0.0741639  -0.0097368  -0.0220668    0.242507
IMAGINARY
          0  0.00527775  -0.0202855    0.028514
-0.00527775           0   0.0335015  0.00589251
  0.0202855  -0.0335015           0   0.0103668
  -0.028514 -0.00589251  -0.0103668           0
EndNode1[0]<--->Repeater1[0]
REAL
   0.329283 -0.00357707   -0.017986   0.0550994
-0.00357707    0.255164   0.0255457   0.0167453
  -0.017986   0.0255457    0.176185  -0.0100706
  0.0550994   0.0167453  -0.0100706    0.239368
IMAGINARY
          0  -0.0282111   0.0210936  0.00140296
  0.0282111           0 -0.00793037 -0.00239635
 -0.0210936  0.00793037           0 -0.00013627
-0.00140296  0.00239635  0.00013627           0
EndNode2[0]<--->HoM1[0]
REAL
   0.311705 -0.00213881 -0.00816713   0.0762068
-0.00213881    0.227735    0.018245  -0.0017404
-0.00816713    0.018245    0.225191  0.00940433
  0.0762068  -0.0017404  0.00940433    0.235369
IMAGINARY
          0 -0.00470524   0.0143713   0.0040205
 0.00470524           0 -0.00338193   0.0053739
 -0.0143713  0.00338193           0   0.0168071
 -0.0040205  -0.0053739  -0.0168071           0
Repeater1[0]<--->EndNode1[0]
REAL
   0.329283   -0.017986 -0.00357707   0.0550994
  -0.017986    0.176185   0.0255457  -0.0100706
-0.00357707   0.0255457    0.255164   0.0167453
  0.0550994  -0.0100706   0.0167453    0.239368
IMAGINARY
          0   0.0210936  -0.0282111  0.00140296
 -0.0210936           0  0.00793037 -0.00013627
  0.0282111 -0.00793037           0 -0.00239635
-0.00140296  0.00013627  0.00239635           0
Repeater1[0]<--->HoM1[0]
REAL
   0.311705 -0.00816713 -0.00213881   0.0762068
-0.00816713    0.225191    0.018245  0.00940433
-0.00213881    0.018245    0.227735  -0.0017404
  0.0762068  0.00940433  -0.0017404    0.235369
IMAGINARY
          0   0.0143713 -0.00470524   0.0040205
 -0.0143713           0  0.00338193   0.0168071
 0.00470524 -0.00338193           0   0.0053739
 -0.0040205  -0.0168071  -0.0053739           0
EndNode1[0]<--->Repeater1[0]
REAL
   0.308354   0.0171572 -0.00595364    0.074588
  0.0171572    0.255528   0.0251512 8.66271e-05
-0.00595364   0.0251512    0.211302 -0.00868261
   0.074588 8.66271e-05 -0.00868261    0.224816
IMAGINARY
           0    0.0173005    0.0104092 -1.87383e-05
  -0.0173005            0   -0.0188255   -0.0147897
  -0.0104092    0.0188255            0   0.00960816
 1.87383e-05    0.0147897  -0.00960816            0
EndNode2[0]<--->HoM1[0]
REAL
   0.317104  -0.0141528 -0.00380531   0.0844101
 -0.0141528    0.220974   0.0320635  -0.0071342
-0.00380531   0.0320635    0.228464   0.0238053
  0.0844101  -0.0071342   0.0238053    0.233458
IMAGINARY
          0  -0.0144977   0.0161561 -0.00412615
  0.0144977           0  -0.0241261  -0.0203679
 -0.0161561   0.0241261           0  0.00426906
 0.00412615   0.0203679 -0.00426906           0
Repeater1[0]<--->EndNode1[0]
REAL
   0.308354 -0.00595364   0.0171572    0.074588
-0.00595364    0.211302   0.0251512 -0.00868261
  0.0171572   0.0251512    0.255528 8.66271e-05
   0.074588 -0.00868261 8.66271e-05    0.224816
IMAGINARY
           0    0.0104092    0.0173005 -1.87383e-05
  -0.0104092            0    0.0188255   0.00960816
  -0.0173005   -0.0188255            0   -0.0147897
 1.87383e-05  -0.00960816    0.0147897            0
Repeater1[0]<--->HoM1[0]
REAL
   0.317104 -0.00380531  -0.0141528   0.0844101
-0.00380531    0.228464   0.0320635   0.0238053
 -0.0141528   0.0320635    0.220974  -0.0071342
  0.0844101   0.0238053  -0.0071342    0.233458
IMAGINARY
          0   0.0161561  -0.0144977 -0.00412615
 -0.0161561           0   0.0241261  0.00426906
  0.0144977  -0.0241261           0  -0.0203679
 0.00412615 -0.00426906   0.0203679           0
EndNode1[0]<--->Repeater1[0]
REAL
  0.326708 0.00756197 -0.0248798  0.0828346
0.00756197   0.247205 0.00960233  0.0276809
-0.0248798 0.00960233   0.206211 0.00504308
 0.0828346  0.0276809 0.00504308   0.219876
IMAGINARY
           0   -0.0226975   -0.0280374  -0.00437299
   0.0226975            0 -0.000446288    0.0015223
   0.0280374  0.000446288            0    0.0113339
  0.00437299   -0.0015223   -0.0113339            0
EndNode2[0]<--->HoM1[0]
REAL
    0.312814 -0.000949689    0.0133891    0.0435093
-0.000949689     0.211055    0.0158777    0.0038523
   0.0133891    0.0158777     0.237437   -0.0137374
   0.0435093    0.0038523   -0.0137374     0.238693
IMAGINARY
          0  -0.0228947   -0.012933   0.0118981
  0.0228947           0  0.00161537 -0.00154064
   0.012933 -0.00161537           0  0.00710526
 -0.0118981  0.00154064 -0.00710526           0
Repeater1[0]<--->EndNode1[0]
REAL
  0.326708 -0.0248798 0.00756197  0.0828346
-0.0248798   0.206211 0.00960233 0.00504308
0.00756197 0.00960233   0.247205  0.0276809
 0.0828346 0.00504308  0.0276809   0.219876
IMAGINARY
           0   -0.0280374   -0.0226975  -0.00437299
   0.0280374            0  0.000446288    0.0113339
   0.0226975 -0.000446288            0    0.0015223
  0.00437299   -0.0113339   -0.0015223            0
Repeater1[0]<--->HoM1[0]
REAL
    0.312814    0.0133891 -0.000949689    0.0435093
   0.0133891     0.237437    0.0158777   -0.0137374
-0.000949689    0.0158777     0.211055    0.0038523
   0.0435093   -0.0137374    0.0038523     0.238693
IMAGINARY
          0   -0.012933  -0.0228947   0.0118981
   0.012933           0 -0.00161537  0.00710526
  0.0228947  0.00161537           0 -0.00154064
 -0.0118981 -0.00710526  0.00154064           0
