EndNode1[0]<--->Repeater1[0]
REAL
   0.345758 -3.2789e-06    0.021587   0.0677749
-3.2789e-06    0.237789   0.0460358  0.00143093
   0.021587   0.0460358    0.188946  0.00256082
  0.0677749  0.00143093  0.00256082    0.227506
IMAGINARY
          0 -0.00208919  0.00310005  -0.0107227
 0.00208919           0  0.00556804   0.0120515
-0.00310005 -0.00556804           0   0.0172407
  0.0107227  -0.0120515  -0.0172407           0
EndNode2[0]<--->HoM1[0]
REAL
    0.300645   0.00701565  -0.00290841    0.0619772
  0.00701565     0.215484    0.0421359 -0.000947628
 -0.00290841    0.0421359     0.233548     0.025118
   0.0619772 -0.000947628     0.025118     0.250323
IMAGINARY
          0   0.0104187   -0.016191  0.00272753
 -0.0104187           0 -0.00890037  0.00296352
   0.016191  0.00890037           0 -0.00645042
-0.00272753 -0.00296352  0.00645042           0
Repeater1[0]<--->EndNode1[0]
REAL
   0.345758    0.021587 -3.2789e-06   0.0677749
   0.021587    0.188946   0.0460358  0.00256082
-3.2789e-06   0.0460358    0.237789  0.00143093
  0.0677749  0.00256082  0.00143093    0.227506
IMAGINARY
          0  0.00310005 -0.00208919  -0.0107227
-0.00310005           0 -0.00556804   0.0172407
 0.00208919  0.00556804           0   0.0120515
  0.0107227  -0.0172407  -0.0120515           0
Repeater1[0]<--->HoM1[0]
REAL
    0.300645  -0.00290841   0.00701565    0.0619772
 -0.00290841     0.233548    0.0421359     0.025118
  0.00701565    0.0421359     0.215484 -0.000947628
   0.0619772     0.025118 -0.000947628     0.250323
IMAGINARY
          0   -0.016191   0.0104187  0.00272753
   0.016191           0  0.00890037 -0.00645042
 -0.0104187 -0.00890037           0  0.00296352
-0.00272753  0.00645042 -0.00296352           0
EndNode1[0]<--->Repeater1[0]
REAL
   0.335142  -0.0144757   0.0109759   0.0532487
 -0.0144757     0.27137  0.00720465  -0.0248298
  0.0109759  0.00720465    0.180461 -0.00819431
  0.0532487  -0.0248298 -0.00819431    0.213026
IMAGINARY
           0  -0.00776034  -0.00337672     0.015685
  0.00776034            0    -0.015685   -0.0206181
  0.00337672     0.015685            0  0.000626752
   -0.015685    0.0206181 -0.000626752            0
EndNode2[0]<--->HoM1[0]
REAL
   0.312977  0.00526773   0.0365732     0.09749
 0.00526773    0.237913   0.0410491 -0.00256819
  0.0365732   0.0410491    0.220102   0.0123645
    0.09749 -0.00256819   0.0123645    0.229008
IMAGINARY
          0  0.00356539  0.00591393  -0.0141026
-0.00356539           0  -0.0141026   6.217e-05
-0.00591393   0.0141026           0  -0.0121975
  0.0141026  -6.217e-05   0.0121975           0
Repeater1[0]<--->EndNode1[0]
REAL
   0.335142   0.0109759  -0.0144757   0.0532487
  0.0109759    0.180461  0.00720465 -0.00819431
 -0.0144757  0.00720465     0.27137  -0.0248298
  0.0532487 -0.00819431  -0.0248298    0.213026
IMAGINARY
           0  -0.00337672  -0.00776034     0.015685
  0.00337672            0     0.015685  0.000626752
  0.00776034    -0.015685            0   -0.0206181
   -0.015685 -0.000626752    0.0206181            0
Repeater1[0]<--->HoM1[0]
REAL
   0.312977   0.0365732  0.00526773     0.09749
  0.0365732    0.220102   0.0410491   0.0123645
 0.00526773   0.0410491    0.237913 -0.00256819
    0.09749   0.0123645 -0.00256819    0.229008
IMAGINARY
          0  0.00591393  0.00356539  -0.0141026
-0.00591393           0   0.0141026  -0.0121975
-0.00356539  -0.0141026           0   6.217e-05
  0.0141026   0.0121975  -6.217e-05           0
EndNode1[0]<--->Repeater1[0]
REAL
  0.314103 0.00447047  0.0150131  0.0730156
0.00447047   0.257692  0.0573906  0.0262713
 0.0150131  0.0573906   0.184615 -0.0103682
 0.0730156  0.0262713 -0.0103682    0.24359
IMAGINARY
          0 -0.00629856  0.00176619    0.022719
 0.00629856           0  -0.0144388   -0.030412
-0.00176619   0.0144388           0  -0.0119306
  -0.022719    0.030412   0.0119306           0
EndNode2[0]<--->HoM1[0]
REAL
  0.317136   0.010767  0.0119256  0.0985481
  0.010767   0.246803  0.0241626  0.0106629
 0.0119256  0.0241626   0.214834 0.00571651
 0.0985481  0.0106629 0.00571651   0.221228
IMAGINARY
          0  -0.0186013   0.0330778  0.00227036
  0.0186013           0 -0.00499516  0.00896615
 -0.0330778  0.00499516           0  -0.0428476
-0.00227036 -0.00896615   0.0428476           0
Repeater1[0]<--->EndNode1[0]
REAL
  0.314103  0.0150131 0.00447047  0.0730156
 0.0150131   0.184615  0.0573906 -0.0103682
0.00447047  0.0573906   0.257692  0.0262713
 0.0730156 -0.0103682  0.0262713    0.24359
IMAGINARY
          0  0.00176619 -0.00629856    0.022719
-0.00176619           0   0.0144388  -0.0119306
 0.00629856  -0.0144388           0   -0.030412
  -0.022719   0.0119306    0.030412           0
Repeater1[0]<--->HoM1[0]
REAL
  0.317136  0.0119256   0.010767  0.0985481
 0.0119256   0.214834  0.0241626 0.00571651
  0.010767  0.0241626   0.246803  0.0106629
 0.0985481 0.00571651  0.0106629   0.221228
IMAGINARY
          0   0.0330778  -0.0186013  0.00227036
 -0.0330778           0  0.00499516  -0.0428476
  0.0186013 -0.00499516           0  0.00896615
-0.00227036   0.0428476 -0.00896615           0
EndNode1[0]<--->Repeater1[0]
REAL
   0.344828  0.00220599  -0.0143091   0.0838077
 0.00220599    0.257982   0.0364931  0.00553721
 -0.0143091   0.0364931    0.200511 -0.00471225
  0.0838077  0.00553721 -0.00471225    0.196679
IMAGINARY
           0  0.000213407   0.00480556   0.00813381
-0.000213407            0   0.00137706  -0.00864187
 -0.00480556  -0.00137706            0    0.0112955
 -0.00813381   0.00864187   -0.0112955            0
EndNode2[0]<--->HoM1[0]
REAL
   0.300853  0.00298008  0.00555695   0.0666275
 0.00298008    0.231425   0.0387416   0.0018256
 0.00555695   0.0387416    0.221681 -0.00365122
  0.0666275   0.0018256 -0.00365122    0.246041
IMAGINARY
         0  0.0120778 -0.0149157  0.0121304
-0.0120778          0 -0.0102196  0.0129702
 0.0149157  0.0102196          0 -0.0127263
-0.0121304 -0.0129702  0.0127263          0
Repeater1[0]<--->EndNode1[0]
REAL
   0.344828  -0.0143091  0.00220599   0.0838077
 -0.0143091    0.200511   0.0364931 -0.00471225
 0.00220599   0.0364931    0.257982  0.00553721
  0.0838077 -0.00471225  0.00553721    0.196679
IMAGINARY
           0   0.00480556  0.000213407   0.00813381
 -0.00480556            0  -0.00137706    0.0112955
-0.000213407   0.00137706            0  -0.00864187
 -0.00813381   -0.0112955   0.00864187            0
Repeater1[0]<--->HoM1[0]
REAL
   0.300853  0.00555695  0.00298008   0.0666275
 0.00555695    0.221681   0.0387416 -0.00365122
 0.00298008   0.0387416    0.231425   0.0018256
  0.0666275 -0.00365122   0.0018256    0.246041
IMAGINARY
         0 -0.0149157  0.0120778  0.0121304
 0.0149157          0  0.0102196 -0.0127263
-0.0120778 -0.0102196          0  0.0129702
-0.0121304  0.0127263 -0.0129702          0
