EndNode1[0]<--->Repeater1[0]
REAL
  0.347436 0.00291049  0.0123147  0.0635588
0.00291049   0.234615  0.0464798 -0.0206802
 0.0123147  0.0464798        0.2 0.00545502
 0.0635588 -0.0206802 0.00545502   0.217949
IMAGINARY
          0  -0.0146253  -0.0336925  -0.0139721
  0.0146253           0  0.00866701 -0.00694354
  0.0336925 -0.00866701           0  -0.0106986
  0.0139721  0.00694354   0.0106986           0
EndNode2[0]<--->HoM1[0]
REAL
   0.309556  -0.0131859  -0.0182458   0.0730908
 -0.0131859    0.227456   0.0242948 -0.00985874
 -0.0182458   0.0242948    0.219381   0.0086107
  0.0730908 -0.00985874   0.0086107    0.243607
IMAGINARY
          0   0.0200531 -0.00252475 -0.00467216
 -0.0200531           0   -0.015179 -0.00191125
 0.00252475    0.015179           0   0.0274755
 0.00467216  0.00191125  -0.0274755           0
Repeater1[0]<--->EndNode1[0]
REAL
  0.347436  0.0123147 0.00291049  0.0635588
 0.0123147        0.2  0.0464798 0.00545502
0.00291049  0.0464798   0.234615 -0.0206802
 0.0635588 0.00545502 -0.0206802   0.217949
IMAGINARY
          0  -0.0336925  -0.0146253  -0.0139721
  0.0336925           0 -0.00866701  -0.0106986
  0.0146253  0.00866701           0 -0.00694354
  0.0139721   0.0106986  0.00694354           0
Repeater1[0]<--->HoM1[0]
REAL
   0.309556  -0.0182458  -0.0131859   0.0730908
 -0.0182458    0.219381   0.0242948   0.0086107
 -0.0131859   0.0242948    0.227456 -0.00985874
  0.0730908   0.0086107 -0.00985874    0.243607
IMAGINARY
          0 -0.00252475   0.0200531 -0.00467216
 0.00252475           0    0.015179   0.0274755
 -0.0200531   -0.015179           0 -0.00191125
 0.00467216  -0.0274755  0.00191125           0
