EndNode1[0]<--->Repeater1[0]
REAL
  0.316206 -0.0220303 -0.0144278  0.0497269
-0.0220303   0.250329  0.0154309 -0.0342691
-0.0144278  0.0154309   0.205534 -0.0280383
 0.0497269 -0.0342691 -0.0280383   0.227931
IMAGINARY
           0    0.0157851   -0.0122488  0.000970254
  -0.0157851            0  -0.00573216   0.00563031
   0.0122488   0.00573216            0  -0.00796325
-0.000970254  -0.00563031   0.00796325            0
EndNode2[0]<--->HoM1[0]
REAL
   0.332432 -0.00112252   0.0200733   0.0798613
-0.00112252    0.239189   0.0466132 -0.00631188
  0.0200733   0.0466132    0.205405   0.0293008
  0.0798613 -0.00631188   0.0293008    0.222973
IMAGINARY
          0   0.0112719   0.0195723  0.00719962
 -0.0112719           0  -0.0166099  -0.0106209
 -0.0195723   0.0166099           0  0.00151581
-0.00719962   0.0106209 -0.00151581           0
Repeater1[0]<--->EndNode1[0]
REAL
  0.316206 -0.0144278 -0.0220303  0.0497269
-0.0144278   0.205534  0.0154309 -0.0280383
-0.0220303  0.0154309   0.250329 -0.0342691
 0.0497269 -0.0280383 -0.0342691   0.227931
IMAGINARY
           0   -0.0122488    0.0157851  0.000970254
   0.0122488            0   0.00573216  -0.00796325
  -0.0157851  -0.00573216            0   0.00563031
-0.000970254   0.00796325  -0.00563031            0
Repeater1[0]<--->HoM1[0]
REAL
   0.332432   0.0200733 -0.00112252   0.0798613
  0.0200733    0.205405   0.0466132   0.0293008
-0.00112252   0.0466132    0.239189 -0.00631188
  0.0798613   0.0293008 -0.00631188    0.222973
IMAGINARY
          0   0.0195723   0.0112719  0.00719962
 -0.0195723           0   0.0166099  0.00151581
 -0.0112719  -0.0166099           0  -0.0106209
-0.00719962 -0.00151581   0.0106209           0
EndNode1[0]<--->Repeater1[0]
REAL
  0.298602  -0.010081    0.01152  0.0771105
 -0.010081   0.280813  0.0387507 -0.0195745
   0.01152  0.0387507   0.202033  0.0119397
 0.0771105 -0.0195745  0.0119397   0.218551
IMAGINARY
           0    0.0169958  -0.00861576 -0.000608619
  -0.0169958            0   -0.0108127    0.0139068
  0.00861576    0.0108127            0  0.000199951
 0.000608619   -0.0139068 -0.000199951            0
EndNode2[0]<--->HoM1[0]
REAL
   0.298865 0.000417882 -0.00878758   0.0786658
0.000417882    0.239596   0.0493291  -0.0132805
-0.00878758   0.0493291    0.234552 -0.00609253
  0.0786658  -0.0132805 -0.00609253    0.226986
IMAGINARY
          0   0.0119471  0.00282965   0.0115325
 -0.0119471           0 -0.00602281    0.013752
-0.00282965  0.00602281           0  -0.0247022
 -0.0115325   -0.013752   0.0247022           0
Repeater1[0]<--->EndNode1[0]
REAL
  0.298602    0.01152  -0.010081  0.0771105
   0.01152   0.202033  0.0387507  0.0119397
 -0.010081  0.0387507   0.280813 -0.0195745
 0.0771105  0.0119397 -0.0195745   0.218551
IMAGINARY
           0  -0.00861576    0.0169958 -0.000608619
  0.00861576            0    0.0108127  0.000199951
  -0.0169958   -0.0108127            0    0.0139068
 0.000608619 -0.000199951   -0.0139068            0
Repeater1[0]<--->HoM1[0]
REAL
   0.298865 -0.00878758 0.000417882   0.0786658
-0.00878758    0.234552   0.0493291 -0.00609253
0.000417882   0.0493291    0.239596  -0.0132805
  0.0786658 -0.00609253  -0.0132805    0.226986
IMAGINARY
          0  0.00282965   0.0119471   0.0115325
-0.00282965           0  0.00602281  -0.0247022
 -0.0119471 -0.00602281           0    0.013752
 -0.0115325   0.0247022   -0.013752           0
EndNode1[0]<--->Repeater1[0]
REAL
   0.317897 -0.00874581  -0.0180185   0.0875916
-0.00874581    0.267835   0.0415475   0.0160317
 -0.0180185   0.0415475    0.185232 -0.00383697
  0.0875916   0.0160317 -0.00383697    0.229036
IMAGINARY
          0   0.0194917  0.00805588   0.0128736
 -0.0194917           0   0.0161501  -0.0100014
-0.00805588  -0.0161501           0   0.0213643
 -0.0128736   0.0100014  -0.0213643           0
EndNode2[0]<--->HoM1[0]
REAL
  0.283355  0.0130383 0.00393687  0.0623551
 0.0130383    0.21474  0.0440552 -0.0167574
0.00393687  0.0440552   0.260483  0.0164489
 0.0623551 -0.0167574  0.0164489   0.241423
IMAGINARY
          0 -0.00636538 -0.00904541   -0.054366
 0.00636538           0 -0.00286668  0.00137126
 0.00904541  0.00286668           0 -0.00248941
   0.054366 -0.00137126  0.00248941           0
Repeater1[0]<--->EndNode1[0]
REAL
   0.317897  -0.0180185 -0.00874581   0.0875916
 -0.0180185    0.185232   0.0415475 -0.00383697
-0.00874581   0.0415475    0.267835   0.0160317
  0.0875916 -0.00383697   0.0160317    0.229036
IMAGINARY
          0  0.00805588   0.0194917   0.0128736
-0.00805588           0  -0.0161501   0.0213643
 -0.0194917   0.0161501           0  -0.0100014
 -0.0128736  -0.0213643   0.0100014           0
Repeater1[0]<--->HoM1[0]
REAL
  0.283355 0.00393687  0.0130383  0.0623551
0.00393687   0.260483  0.0440552  0.0164489
 0.0130383  0.0440552    0.21474 -0.0167574
 0.0623551  0.0164489 -0.0167574   0.241423
IMAGINARY
          0 -0.00904541 -0.00636538   -0.054366
 0.00904541           0  0.00286668 -0.00248941
 0.00636538 -0.00286668           0  0.00137126
   0.054366  0.00248941 -0.00137126           0
EndNode1[0]<--->Repeater1[0]
REAL
   0.317295 -0.00293094  -0.0377815   0.0679701
-0.00293094    0.247074   0.0194973 -0.00138301
 -0.0377815   0.0194973    0.206762  -0.0127349
  0.0679701 -0.00138301  -0.0127349    0.228869
IMAGINARY
          0    0.027786   0.0237075 -0.00662716
  -0.027786           0  0.00919127   0.0154692
 -0.0237075 -0.00919127           0 -0.00587369
 0.00662716  -0.0154692  0.00587369           0
EndNode2[0]<--->HoM1[0]
REAL
   0.319753  -0.0114823 -0.00655594   0.0700406
 -0.0114823    0.198765    0.044281 -0.00726315
-0.00655594    0.044281    0.245679   0.0165075
  0.0700406 -0.00726315   0.0165075    0.235802
IMAGINARY
          0  0.00310462  0.00183233  0.00330688
-0.00310462           0 -0.00330688 -0.00381384
-0.00183233  0.00330688           0  -0.0182962
-0.00330688  0.00381384   0.0182962           0
Repeater1[0]<--->EndNode1[0]
REAL
   0.317295  -0.0377815 -0.00293094   0.0679701
 -0.0377815    0.206762   0.0194973  -0.0127349
-0.00293094   0.0194973    0.247074 -0.00138301
  0.0679701  -0.0127349 -0.00138301    0.228869
IMAGINARY
          0   0.0237075    0.027786 -0.00662716
 -0.0237075           0 -0.00919127 -0.00587369
  -0.027786  0.00919127           0   0.0154692
 0.00662716  0.00587369  -0.0154692           0
Repeater1[0]<--->HoM1[0]
REAL
   0.319753 -0.00655594  -0.0114823   0.0700406
-0.00655594    0.245679    0.044281   0.0165075
 -0.0114823    0.044281    0.198765 -0.00726315
  0.0700406   0.0165075 -0.00726315    0.235802
IMAGINARY
          0  0.00183233  0.00310462  0.00330688
-0.00183233           0  0.00330688  -0.0182962
-0.00310462 -0.00330688           0 -0.00381384
-0.00330688   0.0182962  0.00381384           0
