EndNode1[0]<--->Repeater1[0]
REAL
  0.271164 0.00504153  0.0175498  0.0374813
0.00504153   0.242063   0.048506 -0.0143651
 0.0175498   0.048506   0.238095 0.00706038
 0.0374813 -0.0143651 0.00706038   0.248677
IMAGINARY
           0 -0.000902744  -0.00518807    0.0189315
 0.000902744            0   -0.0108234    0.0175097
  0.00518807    0.0108234            0    0.0145214
  -0.0189315   -0.0175097   -0.0145214            0
EndNode2[0]<--->HoM1[0]
REAL
    0.249671  -0.00181818 -0.000949785    0.0398013
 -0.00181818     0.232589      0.03232   0.00882857
-0.000949785      0.03232     0.247043    0.0181818
   0.0398013   0.00882857    0.0181818     0.270696
IMAGINARY
          0  -0.0190948 -0.00778425 -0.00460235
  0.0190948           0  0.00644737   0.0165124
 0.00778425 -0.00644737           0  -0.0108304
 0.00460235  -0.0165124   0.0108304           0
Repeater1[0]<--->EndNode1[0]
REAL
  0.271164  0.0175498 0.00504153  0.0374813
 0.0175498   0.238095   0.048506 0.00706038
0.00504153   0.048506   0.242063 -0.0143651
 0.0374813 0.00706038 -0.0143651   0.248677
IMAGINARY
           0  -0.00518807 -0.000902744    0.0189315
  0.00518807            0    0.0108234    0.0145214
 0.000902744   -0.0108234            0    0.0175097
  -0.0189315   -0.0145214   -0.0175097            0
Repeater1[0]<--->HoM1[0]
REAL
    0.249671 -0.000949785  -0.00181818    0.0398013
-0.000949785     0.247043      0.03232    0.0181818
 -0.00181818      0.03232     0.232589   0.00882857
   0.0398013    0.0181818   0.00882857     0.270696
IMAGINARY
          0 -0.00778425  -0.0190948 -0.00460235
 0.00778425           0 -0.00644737  -0.0108304
  0.0190948  0.00644737           0   0.0165124
 0.00460235   0.0108304  -0.0165124           0
EndNode1[0]<--->Repeater1[0]
REAL
   0.241153  0.00729974   0.0112023   0.0440213
 0.00729974    0.222805   0.0303973  0.00623954
  0.0112023   0.0303973    0.252949 -0.00381137
  0.0440213  0.00623954 -0.00381137    0.283093
IMAGINARY
          0  -0.0299124   0.0215043 -0.00591153
  0.0299124           0   -0.010572   0.0234549
 -0.0215043    0.010572           0  0.00538925
 0.00591153  -0.0234549 -0.00538925           0
EndNode2[0]<--->HoM1[0]
REAL
  0.240885 -0.0149523 0.00705101  0.0352663
-0.0149523   0.234375 0.00773752 0.00771151
0.00705101 0.00773752   0.252604 0.00147347
 0.0352663 0.00771151 0.00147347   0.272135
IMAGINARY
           0    -0.017408    0.0243139   0.00288252
    0.017408            0  0.000437533    0.0134582
  -0.0243139 -0.000437533            0  -0.00115797
 -0.00288252   -0.0134582   0.00115797            0
Repeater1[0]<--->EndNode1[0]
REAL
   0.241153   0.0112023  0.00729974   0.0440213
  0.0112023    0.252949   0.0303973 -0.00381137
 0.00729974   0.0303973    0.222805  0.00623954
  0.0440213 -0.00381137  0.00623954    0.283093
IMAGINARY
          0   0.0215043  -0.0299124 -0.00591153
 -0.0215043           0    0.010572  0.00538925
  0.0299124   -0.010572           0   0.0234549
 0.00591153 -0.00538925  -0.0234549           0
Repeater1[0]<--->HoM1[0]
REAL
  0.240885 0.00705101 -0.0149523  0.0352663
0.00705101   0.252604 0.00773752 0.00147347
-0.0149523 0.00773752   0.234375 0.00771151
 0.0352663 0.00147347 0.00771151   0.272135
IMAGINARY
           0    0.0243139    -0.017408   0.00288252
  -0.0243139            0 -0.000437533  -0.00115797
    0.017408  0.000437533            0    0.0134582
 -0.00288252   0.00115797   -0.0134582            0
EndNode1[0]<--->Repeater1[0]
REAL
   0.264543 -0.00769131 -0.00544898   0.0282592
-0.00769131    0.224377   0.0181326 -0.00357164
-0.00544898   0.0181326    0.242382  0.00640265
  0.0282592 -0.00357164  0.00640265    0.268698
IMAGINARY
           0   0.00820351    0.0108602    0.0105175
 -0.00820351            0   0.00210873  0.000532169
  -0.0108602  -0.00210873            0    0.0120497
  -0.0105175 -0.000532169   -0.0120497            0
EndNode2[0]<--->HoM1[0]
REAL
   0.245983 -0.00320267  0.00640123   0.0381432
-0.00320267    0.242274    0.047004  0.00576266
 0.00640123    0.047004    0.244747 -0.00255917
  0.0381432  0.00576266 -0.00255917    0.266996
IMAGINARY
           0   -0.0071258  -0.00250493  1.39777e-05
   0.0071258            0  -0.00064133  -0.00382419
  0.00250493   0.00064133            0  -0.00173496
-1.39777e-05   0.00382419   0.00173496            0
Repeater1[0]<--->EndNode1[0]
REAL
   0.264543 -0.00544898 -0.00769131   0.0282592
-0.00544898    0.242382   0.0181326  0.00640265
-0.00769131   0.0181326    0.224377 -0.00357164
  0.0282592  0.00640265 -0.00357164    0.268698
IMAGINARY
           0    0.0108602   0.00820351    0.0105175
  -0.0108602            0  -0.00210873    0.0120497
 -0.00820351   0.00210873            0  0.000532169
  -0.0105175   -0.0120497 -0.000532169            0
Repeater1[0]<--->HoM1[0]
REAL
   0.245983  0.00640123 -0.00320267   0.0381432
 0.00640123    0.244747    0.047004 -0.00255917
-0.00320267    0.047004    0.242274  0.00576266
  0.0381432 -0.00255917  0.00576266    0.266996
IMAGINARY
           0  -0.00250493   -0.0071258  1.39777e-05
  0.00250493            0   0.00064133  -0.00173496
   0.0071258  -0.00064133            0  -0.00382419
-1.39777e-05   0.00173496   0.00382419            0
EndNode1[0]<--->Repeater1[0]
REAL
  0.272509  0.0206344 0.00134401  0.0602837
 0.0206344   0.226891 0.00745819 -0.0032795
0.00134401 0.00745819   0.241297  0.0122689
 0.0602837 -0.0032795  0.0122689   0.259304
IMAGINARY
           0   -0.0063402    0.0140319    -0.013724
   0.0063402            0    0.0162621 -0.000518376
  -0.0140319   -0.0162621            0   -0.0120873
    0.013724  0.000518376    0.0120873            0
EndNode2[0]<--->HoM1[0]
REAL
   0.264249  -0.0084124 -0.00506253   0.0340001
 -0.0084124    0.239637    0.012261 -0.00317574
-0.00506253    0.012261    0.259067 0.000174125
  0.0340001 -0.00317574 0.000174125    0.237047
IMAGINARY
          0  0.00382366  -0.0204617 -0.00481553
-0.00382366           0 -0.00965815 -0.00522996
  0.0204617  0.00965815           0  -0.0031649
 0.00481553  0.00522996   0.0031649           0
Repeater1[0]<--->EndNode1[0]
REAL
  0.272509 0.00134401  0.0206344  0.0602837
0.00134401   0.241297 0.00745819  0.0122689
 0.0206344 0.00745819   0.226891 -0.0032795
 0.0602837  0.0122689 -0.0032795   0.259304
IMAGINARY
           0    0.0140319   -0.0063402    -0.013724
  -0.0140319            0   -0.0162621   -0.0120873
   0.0063402    0.0162621            0 -0.000518376
    0.013724    0.0120873  0.000518376            0
Repeater1[0]<--->HoM1[0]
REAL
   0.264249 -0.00506253  -0.0084124   0.0340001
-0.00506253    0.259067    0.012261 0.000174125
 -0.0084124    0.012261    0.239637 -0.00317574
  0.0340001 0.000174125 -0.00317574    0.237047
IMAGINARY
          0  -0.0204617  0.00382366 -0.00481553
  0.0204617           0  0.00965815  -0.0031649
-0.00382366 -0.00965815           0 -0.00522996
 0.00481553   0.0031649  0.00522996           0
EndNode1[0]<--->Repeater1[0]
REAL
   0.273919  -0.0115588   0.0137314   0.0429362
 -0.0115588    0.258191   0.0281266 -0.00924997
  0.0137314   0.0281266    0.217562   0.0096382
  0.0429362 -0.00924997   0.0096382    0.250328
IMAGINARY
          0   0.0137513  0.00801884 -0.00633941
 -0.0137513           0  -0.0204782  0.00538032
-0.00801884   0.0204782           0  -0.0130461
 0.00633941 -0.00538032   0.0130461           0
EndNode2[0]<--->HoM1[0]
REAL
   0.259773   0.0159866 -0.00210854   0.0432973
  0.0159866    0.226986   0.0451746   0.0222158
-0.00210854   0.0451746    0.261034   0.0269089
  0.0432973   0.0222158   0.0269089    0.252207
IMAGINARY
          0 -0.00341698  0.00809309  0.00851819
 0.00341698           0   0.0126278 -0.00871887
-0.00809309  -0.0126278           0 -0.00221506
-0.00851819  0.00871887  0.00221506           0
Repeater1[0]<--->EndNode1[0]
REAL
   0.273919   0.0137314  -0.0115588   0.0429362
  0.0137314    0.217562   0.0281266   0.0096382
 -0.0115588   0.0281266    0.258191 -0.00924997
  0.0429362   0.0096382 -0.00924997    0.250328
IMAGINARY
          0  0.00801884   0.0137513 -0.00633941
-0.00801884           0   0.0204782  -0.0130461
 -0.0137513  -0.0204782           0  0.00538032
 0.00633941   0.0130461 -0.00538032           0
Repeater1[0]<--->HoM1[0]
REAL
   0.259773 -0.00210854   0.0159866   0.0432973
-0.00210854    0.261034   0.0451746   0.0269089
  0.0159866   0.0451746    0.226986   0.0222158
  0.0432973   0.0269089   0.0222158    0.252207
IMAGINARY
          0  0.00809309 -0.00341698  0.00851819
-0.00809309           0  -0.0126278 -0.00221506
 0.00341698   0.0126278           0 -0.00871887
-0.00851819  0.00221506  0.00871887           0
EndNode1[0]<--->Repeater1[0]
REAL
    0.264031   -0.0082221    0.0154438 -0.000108397
  -0.0082221     0.266582    0.0025654    0.0103547
   0.0154438    0.0025654     0.219388    0.0303351
-0.000108397    0.0103547    0.0303351         0.25
IMAGINARY
           0    0.0111956  0.000588201   0.00799736
  -0.0111956            0   -0.0274779    0.0114439
-0.000588201    0.0274779            0  -0.00451116
 -0.00799736   -0.0114439   0.00451116            0
EndNode2[0]<--->HoM1[0]
REAL
   0.254342 -0.00426106 -0.00337356   0.0390222
-0.00426106    0.264268   0.0153952 0.000172537
-0.00337356   0.0153952    0.251861  -0.0117441
  0.0390222 0.000172537  -0.0117441    0.229529
IMAGINARY
           0  -0.00414744    0.0192259   -0.0128226
  0.00414744            0    0.0121774   -0.0275273
  -0.0192259   -0.0121774            0  0.000954596
   0.0128226    0.0275273 -0.000954596            0
Repeater1[0]<--->EndNode1[0]
REAL
    0.264031    0.0154438   -0.0082221 -0.000108397
   0.0154438     0.219388    0.0025654    0.0303351
  -0.0082221    0.0025654     0.266582    0.0103547
-0.000108397    0.0303351    0.0103547         0.25
IMAGINARY
           0  0.000588201    0.0111956   0.00799736
-0.000588201            0    0.0274779  -0.00451116
  -0.0111956   -0.0274779            0    0.0114439
 -0.00799736   0.00451116   -0.0114439            0
Repeater1[0]<--->HoM1[0]
REAL
   0.254342 -0.00337356 -0.00426106   0.0390222
-0.00337356    0.251861   0.0153952  -0.0117441
-0.00426106   0.0153952    0.264268 0.000172537
  0.0390222  -0.0117441 0.000172537    0.229529
IMAGINARY
           0    0.0192259  -0.00414744   -0.0128226
  -0.0192259            0   -0.0121774  0.000954596
  0.00414744    0.0121774            0   -0.0275273
   0.0128226 -0.000954596    0.0275273            0
EndNode1[0]<--->Repeater1[0]
REAL
   0.229167   0.0184851  0.00139921   0.0232693
  0.0184851    0.236979 -0.00219652  -0.0122549
 0.00139921 -0.00219652     0.28125 -0.00507512
  0.0232693  -0.0122549 -0.00507512    0.252604
IMAGINARY
          0   -0.013969   0.0354364 -0.00767169
   0.013969           0   0.0121303  -0.0112128
 -0.0354364  -0.0121303           0   0.0170746
 0.00767169   0.0112128  -0.0170746           0
EndNode2[0]<--->HoM1[0]
REAL
   0.286269    0.016389 -0.00683408   0.0479825
   0.016389    0.248705   0.0317276   0.0048578
-0.00683408   0.0317276    0.233161 -0.00387248
  0.0479825   0.0048578 -0.00387248    0.231865
IMAGINARY
          0  0.00147625    0.008438 -0.00335493
-0.00147625           0  0.00526576  0.00781688
  -0.008438 -0.00526576           0 -0.00472722
 0.00335493 -0.00781688  0.00472722           0
Repeater1[0]<--->EndNode1[0]
REAL
   0.229167  0.00139921   0.0184851   0.0232693
 0.00139921     0.28125 -0.00219652 -0.00507512
  0.0184851 -0.00219652    0.236979  -0.0122549
  0.0232693 -0.00507512  -0.0122549    0.252604
IMAGINARY
          0   0.0354364   -0.013969 -0.00767169
 -0.0354364           0  -0.0121303   0.0170746
   0.013969   0.0121303           0  -0.0112128
 0.00767169  -0.0170746   0.0112128           0
Repeater1[0]<--->HoM1[0]
REAL
   0.286269 -0.00683408    0.016389   0.0479825
-0.00683408    0.233161   0.0317276 -0.00387248
   0.016389   0.0317276    0.248705   0.0048578
  0.0479825 -0.00387248   0.0048578    0.231865
IMAGINARY
          0    0.008438  0.00147625 -0.00335493
  -0.008438           0 -0.00526576 -0.00472722
-0.00147625  0.00526576           0  0.00781688
 0.00335493  0.00472722 -0.00781688           0
EndNode1[0]<--->Repeater1[0]
REAL
      0.25 0.00613641 0.00234585  0.0289419
0.00613641   0.254975  0.0296167 -0.0184334
0.00234585  0.0296167   0.246269  0.0073771
 0.0289419 -0.0184334  0.0073771   0.248756
IMAGINARY
          0 -0.00304473  -0.0195237   0.0107516
 0.00304473           0   0.0234099  -0.0175883
  0.0195237  -0.0234099           0 -0.00167861
 -0.0107516   0.0175883  0.00167861           0
EndNode2[0]<--->HoM1[0]
REAL
   0.245308  0.00855285   0.0226077   0.0497778
 0.00855285    0.252011  0.00866375  0.00466507
  0.0226077  0.00866375    0.241287 0.000538056
  0.0497778  0.00466507 0.000538056    0.261394
IMAGINARY
           0   0.00980594   -0.0187347      0.02085
 -0.00980594            0   0.00553705    0.0280185
   0.0187347  -0.00553705            0 -0.000522124
    -0.02085   -0.0280185  0.000522124            0
Repeater1[0]<--->EndNode1[0]
REAL
      0.25 0.00234585 0.00613641  0.0289419
0.00234585   0.246269  0.0296167  0.0073771
0.00613641  0.0296167   0.254975 -0.0184334
 0.0289419  0.0073771 -0.0184334   0.248756
IMAGINARY
          0  -0.0195237 -0.00304473   0.0107516
  0.0195237           0  -0.0234099 -0.00167861
 0.00304473   0.0234099           0  -0.0175883
 -0.0107516  0.00167861   0.0175883           0
Repeater1[0]<--->HoM1[0]
REAL
   0.245308   0.0226077  0.00855285   0.0497778
  0.0226077    0.241287  0.00866375 0.000538056
 0.00855285  0.00866375    0.252011  0.00466507
  0.0497778 0.000538056  0.00466507    0.261394
IMAGINARY
           0   -0.0187347   0.00980594      0.02085
   0.0187347            0  -0.00553705 -0.000522124
 -0.00980594   0.00553705            0    0.0280185
    -0.02085  0.000522124   -0.0280185            0
EndNode1[0]<--->Repeater1[0]
REAL
   0.264778  0.00846882 -0.00848564   0.0232823
 0.00846882    0.243842  0.00935475 -0.00848564
-0.00848564  0.00935475    0.241379   0.0058915
  0.0232823 -0.00848564   0.0058915        0.25
IMAGINARY
           0 -0.000644568    0.0126385    -0.013597
 0.000644568            0    0.0284357    0.0040746
  -0.0126385   -0.0284357            0  -0.00631922
    0.013597   -0.0040746   0.00631922            0
EndNode2[0]<--->HoM1[0]
REAL
   0.240789   -0.028254  -0.0161545   0.0386936
  -0.028254    0.228947   0.0441432  -0.0213901
 -0.0161545   0.0441432    0.264474 -0.00213934
  0.0386936  -0.0213901 -0.00213934    0.265789
IMAGINARY
           0 -0.000626063   0.00513656   0.00153019
 0.000626063            0   -0.0164185  -0.00922375
 -0.00513656    0.0164185            0   -0.0293467
 -0.00153019   0.00922375    0.0293467            0
Repeater1[0]<--->EndNode1[0]
REAL
   0.264778 -0.00848564  0.00846882   0.0232823
-0.00848564    0.241379  0.00935475   0.0058915
 0.00846882  0.00935475    0.243842 -0.00848564
  0.0232823   0.0058915 -0.00848564        0.25
IMAGINARY
           0    0.0126385 -0.000644568    -0.013597
  -0.0126385            0   -0.0284357  -0.00631922
 0.000644568    0.0284357            0    0.0040746
    0.013597   0.00631922   -0.0040746            0
Repeater1[0]<--->HoM1[0]
REAL
   0.240789  -0.0161545   -0.028254   0.0386936
 -0.0161545    0.264474   0.0441432 -0.00213934
  -0.028254   0.0441432    0.228947  -0.0213901
  0.0386936 -0.00213934  -0.0213901    0.265789
IMAGINARY
           0   0.00513656 -0.000626063   0.00153019
 -0.00513656            0    0.0164185   -0.0293467
 0.000626063   -0.0164185            0  -0.00922375
 -0.00153019    0.0293467   0.00922375            0
EndNode1[0]<--->Repeater1[0]
REAL
   0.264628 -0.00827998   0.0150613   0.0345193
-0.00827998    0.238032   0.0292973 -0.00700679
  0.0150613   0.0292973    0.235372 -0.00349202
  0.0345193 -0.00700679 -0.00349202    0.261968
IMAGINARY
          0   0.0189785  -0.0158353   0.0217091
 -0.0189785           0  0.00254965 -0.00896888
  0.0158353 -0.00254965           0  -0.0242005
 -0.0217091  0.00896888   0.0242005           0
EndNode2[0]<--->HoM1[0]
REAL
    0.26584   0.0172069   0.0226609   0.0409208
  0.0172069    0.239669   0.0196853   0.0038542
  0.0226609   0.0196853    0.247934 -0.00836853
  0.0409208   0.0038542 -0.00836853    0.246556
IMAGINARY
          0  -0.0079187  0.00325393  0.00893162
  0.0079187           0   0.0226473  0.00639858
-0.00325393  -0.0226473           0  -0.0248998
-0.00893162 -0.00639858   0.0248998           0
Repeater1[0]<--->EndNode1[0]
REAL
   0.264628   0.0150613 -0.00827998   0.0345193
  0.0150613    0.235372   0.0292973 -0.00349202
-0.00827998   0.0292973    0.238032 -0.00700679
  0.0345193 -0.00349202 -0.00700679    0.261968
IMAGINARY
          0  -0.0158353   0.0189785   0.0217091
  0.0158353           0 -0.00254965  -0.0242005
 -0.0189785  0.00254965           0 -0.00896888
 -0.0217091   0.0242005  0.00896888           0
Repeater1[0]<--->HoM1[0]
REAL
    0.26584   0.0226609   0.0172069   0.0409208
  0.0226609    0.247934   0.0196853 -0.00836853
  0.0172069   0.0196853    0.239669   0.0038542
  0.0409208 -0.00836853   0.0038542    0.246556
IMAGINARY
          0  0.00325393  -0.0079187  0.00893162
-0.00325393           0  -0.0226473  -0.0248998
  0.0079187   0.0226473           0  0.00639858
-0.00893162   0.0248998 -0.00639858           0
EndNode1[0]<--->Repeater1[0]
REAL
   0.255236  -0.0187094 -0.00100953   0.0204002
 -0.0187094    0.240838   0.0374672   0.0107625
-0.00100953   0.0374672    0.234293  0.00245457
  0.0204002   0.0107625  0.00245457    0.269634
IMAGINARY
          0     0.01263 -0.00928929   0.0137948
   -0.01263           0  -0.0112373   0.0124498
 0.00928929   0.0112373           0 -0.00946945
 -0.0137948  -0.0124498  0.00946945           0
EndNode2[0]<--->HoM1[0]
REAL
   0.257783   0.0150827 -0.00973088   0.0495792
  0.0150827    0.234122   0.0203275  0.00773354
-0.00973088   0.0203275    0.249066  -0.0157484
  0.0495792  0.00773354  -0.0157484    0.259029
IMAGINARY
           0     0.019805  -0.00653664   -0.0325819
   -0.019805            0  0.000506382    0.0112985
  0.00653664 -0.000506382            0    0.0080862
   0.0325819   -0.0112985   -0.0080862            0
Repeater1[0]<--->EndNode1[0]
REAL
   0.255236 -0.00100953  -0.0187094   0.0204002
-0.00100953    0.234293   0.0374672  0.00245457
 -0.0187094   0.0374672    0.240838   0.0107625
  0.0204002  0.00245457   0.0107625    0.269634
IMAGINARY
          0 -0.00928929     0.01263   0.0137948
 0.00928929           0   0.0112373 -0.00946945
   -0.01263  -0.0112373           0   0.0124498
 -0.0137948  0.00946945  -0.0124498           0
Repeater1[0]<--->HoM1[0]
REAL
   0.257783 -0.00973088   0.0150827   0.0495792
-0.00973088    0.249066   0.0203275  -0.0157484
  0.0150827   0.0203275    0.234122  0.00773354
  0.0495792  -0.0157484  0.00773354    0.259029
IMAGINARY
           0  -0.00653664     0.019805   -0.0325819
  0.00653664            0 -0.000506382    0.0080862
   -0.019805  0.000506382            0    0.0112985
   0.0325819   -0.0080862   -0.0112985            0
EndNode1[0]<--->Repeater1[0]
REAL
   0.264474  0.00385173  0.00242467   0.0388937
 0.00385173    0.244737   0.0208813 -0.00594084
 0.00242467   0.0208813    0.215789   0.0165421
  0.0388937 -0.00594084   0.0165421       0.275
IMAGINARY
           0   -0.0196535  0.000349096   0.00165456
   0.0196535            0   0.00101924   0.00399873
-0.000349096  -0.00101924            0     0.027728
 -0.00165456  -0.00399873    -0.027728            0
EndNode2[0]<--->HoM1[0]
REAL
   0.295918  -0.0102373 -0.00983178   0.0610707
 -0.0102373    0.244898   0.0134516  -0.0226523
-0.00983178   0.0134516    0.232143   0.0338042
  0.0610707  -0.0226523   0.0338042    0.227041
IMAGINARY
           0   0.00572656    0.0240652   -0.0279343
 -0.00572656            0  0.000263773  -0.00526817
  -0.0240652 -0.000263773            0  -0.00823283
   0.0279343   0.00526817   0.00823283            0
Repeater1[0]<--->EndNode1[0]
REAL
   0.264474  0.00242467  0.00385173   0.0388937
 0.00242467    0.215789   0.0208813   0.0165421
 0.00385173   0.0208813    0.244737 -0.00594084
  0.0388937   0.0165421 -0.00594084       0.275
IMAGINARY
           0  0.000349096   -0.0196535   0.00165456
-0.000349096            0  -0.00101924     0.027728
   0.0196535   0.00101924            0   0.00399873
 -0.00165456    -0.027728  -0.00399873            0
Repeater1[0]<--->HoM1[0]
REAL
   0.295918 -0.00983178  -0.0102373   0.0610707
-0.00983178    0.232143   0.0134516   0.0338042
 -0.0102373   0.0134516    0.244898  -0.0226523
  0.0610707   0.0338042  -0.0226523    0.227041
IMAGINARY
           0    0.0240652   0.00572656   -0.0279343
  -0.0240652            0 -0.000263773  -0.00823283
 -0.00572656  0.000263773            0  -0.00526817
   0.0279343   0.00823283   0.00526817            0
EndNode1[0]<--->Repeater1[0]
REAL
   0.258824  -0.0105937  0.00099593    0.041901
 -0.0105937    0.256209   0.0046259 -0.00296185
 0.00099593   0.0046259    0.260131  -0.0149633
   0.041901 -0.00296185  -0.0149633    0.224837
IMAGINARY
           0   0.00687618   0.00324867   0.00781812
 -0.00687618            0  -0.00334813   -0.0161021
 -0.00324867   0.00334813            0  0.000835907
 -0.00781812    0.0161021 -0.000835907            0
EndNode2[0]<--->HoM1[0]
REAL
   0.280585 -0.00718233  0.00482145   0.0454194
-0.00718233    0.244681    0.036422 0.000293638
 0.00482145    0.036422     0.24734   0.0161337
  0.0454194 0.000293638   0.0161337    0.227394
IMAGINARY
          0 -0.00739523 -0.00469276  -0.0245595
 0.00739523           0  -0.0149318  -0.0107314
 0.00469276   0.0149318           0 -0.00802894
  0.0245595   0.0107314  0.00802894           0
Repeater1[0]<--->EndNode1[0]
REAL
   0.258824  0.00099593  -0.0105937    0.041901
 0.00099593    0.260131   0.0046259  -0.0149633
 -0.0105937   0.0046259    0.256209 -0.00296185
   0.041901  -0.0149633 -0.00296185    0.224837
IMAGINARY
           0   0.00324867   0.00687618   0.00781812
 -0.00324867            0   0.00334813  0.000835907
 -0.00687618  -0.00334813            0   -0.0161021
 -0.00781812 -0.000835907    0.0161021            0
Repeater1[0]<--->HoM1[0]
REAL
   0.280585  0.00482145 -0.00718233   0.0454194
 0.00482145     0.24734    0.036422   0.0161337
-0.00718233    0.036422    0.244681 0.000293638
  0.0454194   0.0161337 0.000293638    0.227394
IMAGINARY
          0 -0.00469276 -0.00739523  -0.0245595
 0.00469276           0   0.0149318 -0.00802894
 0.00739523  -0.0149318           0  -0.0107314
  0.0245595  0.00802894   0.0107314           0
EndNode1[0]<--->Repeater1[0]
REAL
   0.260483 -0.00184196  -0.0191928   0.0375493
-0.00184196    0.241423   0.0146135  -0.0126138
 -0.0191928   0.0146135    0.240152 -0.00706389
  0.0375493  -0.0126138 -0.00706389    0.257942
IMAGINARY
           0   0.00558664   0.00448312 -0.000867912
 -0.00558664            0  -0.00520496     0.010589
 -0.00448312   0.00520496            0  0.000311137
 0.000867912    -0.010589 -0.000311137            0
EndNode2[0]<--->HoM1[0]
REAL
   0.255076 -0.00181983  0.00125862   0.0181535
-0.00181983    0.255076  0.00122638  -0.0128865
 0.00125862  0.00122638    0.238579   0.0108638
  0.0181535  -0.0128865   0.0108638    0.251269
IMAGINARY
           0   0.00251955  -0.00166908 -0.000475929
 -0.00251955            0  -0.00287978  -0.00874759
  0.00166908   0.00287978            0    0.0118034
 0.000475929   0.00874759   -0.0118034            0
Repeater1[0]<--->EndNode1[0]
REAL
   0.260483  -0.0191928 -0.00184196   0.0375493
 -0.0191928    0.240152   0.0146135 -0.00706389
-0.00184196   0.0146135    0.241423  -0.0126138
  0.0375493 -0.00706389  -0.0126138    0.257942
IMAGINARY
           0   0.00448312   0.00558664 -0.000867912
 -0.00448312            0   0.00520496  0.000311137
 -0.00558664  -0.00520496            0     0.010589
 0.000867912 -0.000311137    -0.010589            0
Repeater1[0]<--->HoM1[0]
REAL
   0.255076  0.00125862 -0.00181983   0.0181535
 0.00125862    0.238579  0.00122638   0.0108638
-0.00181983  0.00122638    0.255076  -0.0128865
  0.0181535   0.0108638  -0.0128865    0.251269
IMAGINARY
           0  -0.00166908   0.00251955 -0.000475929
  0.00166908            0   0.00287978    0.0118034
 -0.00251955  -0.00287978            0  -0.00874759
 0.000475929   -0.0118034   0.00874759            0
EndNode1[0]<--->Repeater1[0]
REAL
  0.238845 0.00504092  0.0180595  0.0330399
0.00504092   0.269029  0.0364046  0.0109809
 0.0180595  0.0364046   0.254593  0.0126359
 0.0330399  0.0109809  0.0126359   0.237533
IMAGINARY
           0  -0.00661366  -0.00373058   -0.0066481
  0.00661366            0   -0.0117763    0.0124789
  0.00373058    0.0117763            0  0.000557134
   0.0066481   -0.0124789 -0.000557134            0
EndNode2[0]<--->HoM1[0]
REAL
    0.26614 -0.00614094  -0.0289017   0.0333027
-0.00614094    0.221344   0.0152003   0.0103388
 -0.0289017   0.0152003     0.26087 -0.00882912
  0.0333027   0.0103388 -0.00882912    0.251647
IMAGINARY
         0 -0.0153775 -0.0153537 -0.0197168
 0.0153775          0  0.0127335 -0.0114877
 0.0153537 -0.0127335          0  0.0222439
 0.0197168  0.0114877 -0.0222439          0
Repeater1[0]<--->EndNode1[0]
REAL
  0.238845  0.0180595 0.00504092  0.0330399
 0.0180595   0.254593  0.0364046  0.0126359
0.00504092  0.0364046   0.269029  0.0109809
 0.0330399  0.0126359  0.0109809   0.237533
IMAGINARY
           0  -0.00373058  -0.00661366   -0.0066481
  0.00373058            0    0.0117763  0.000557134
  0.00661366   -0.0117763            0    0.0124789
   0.0066481 -0.000557134   -0.0124789            0
Repeater1[0]<--->HoM1[0]
REAL
    0.26614  -0.0289017 -0.00614094   0.0333027
 -0.0289017     0.26087   0.0152003 -0.00882912
-0.00614094   0.0152003    0.221344   0.0103388
  0.0333027 -0.00882912   0.0103388    0.251647
IMAGINARY
         0 -0.0153537 -0.0153775 -0.0197168
 0.0153537          0 -0.0127335  0.0222439
 0.0153775  0.0127335          0 -0.0114877
 0.0197168 -0.0222439  0.0114877          0
EndNode1[0]<--->Repeater1[0]
REAL
   0.262548 -0.00662553  -0.0124667   0.0538154
-0.00662553    0.235521   0.0512044  -0.0093299
 -0.0124667   0.0512044      0.2574 -0.00856602
  0.0538154  -0.0093299 -0.00856602     0.24453
IMAGINARY
          0  -0.0287825  0.00893781 -0.00468768
  0.0287825           0   0.0113222  -0.0232981
-0.00893781  -0.0113222           0   -0.012993
 0.00468768   0.0232981    0.012993           0
EndNode2[0]<--->HoM1[0]
REAL
    0.27551 -0.00376883  -0.0125175   0.0473803
-0.00376883    0.214286   0.0300006   -0.011292
 -0.0125175   0.0300006    0.244898 -0.00694545
  0.0473803   -0.011292 -0.00694545    0.265306
IMAGINARY
          0   0.0294202   -0.013492 -0.00688894
 -0.0294202           0    0.012913   0.0108182
   0.013492   -0.012913           0 -0.00936677
 0.00688894  -0.0108182  0.00936677           0
Repeater1[0]<--->EndNode1[0]
REAL
   0.262548  -0.0124667 -0.00662553   0.0538154
 -0.0124667      0.2574   0.0512044 -0.00856602
-0.00662553   0.0512044    0.235521  -0.0093299
  0.0538154 -0.00856602  -0.0093299     0.24453
IMAGINARY
          0  0.00893781  -0.0287825 -0.00468768
-0.00893781           0  -0.0113222   -0.012993
  0.0287825   0.0113222           0  -0.0232981
 0.00468768    0.012993   0.0232981           0
Repeater1[0]<--->HoM1[0]
REAL
    0.27551  -0.0125175 -0.00376883   0.0473803
 -0.0125175    0.244898   0.0300006 -0.00694545
-0.00376883   0.0300006    0.214286   -0.011292
  0.0473803 -0.00694545   -0.011292    0.265306
IMAGINARY
          0   -0.013492   0.0294202 -0.00688894
   0.013492           0   -0.012913 -0.00936677
 -0.0294202    0.012913           0   0.0108182
 0.00688894  0.00936677  -0.0108182           0
EndNode1[0]<--->Repeater1[0]
REAL
    0.269182    0.0119748 -0.000973761    0.0345417
   0.0119748     0.240252    0.0345417   -0.0202301
-0.000973761    0.0345417     0.232704  -0.00171489
   0.0345417   -0.0202301  -0.00171489     0.257862
IMAGINARY
          0  -0.0253086   0.0167231   0.0142959
  0.0253086           0  -0.0234984  -0.0080811
 -0.0167231   0.0234984           0 -0.00679012
 -0.0142959   0.0080811  0.00679012           0
EndNode2[0]<--->HoM1[0]
REAL
   0.264323 -0.00109555  -0.0195995   0.0364191
-0.00109555    0.246094  0.00846076  -0.0164309
 -0.0195995  0.00846076    0.216146  -0.0222926
  0.0364191  -0.0164309  -0.0222926    0.273438
IMAGINARY
           0  -0.00323723   0.00883777   0.00228673
  0.00323723            0 -0.000981245   0.00481632
 -0.00883777  0.000981245            0   -0.0169188
 -0.00228673  -0.00481632    0.0169188            0
Repeater1[0]<--->EndNode1[0]
REAL
    0.269182 -0.000973761    0.0119748    0.0345417
-0.000973761     0.232704    0.0345417  -0.00171489
   0.0119748    0.0345417     0.240252   -0.0202301
   0.0345417  -0.00171489   -0.0202301     0.257862
IMAGINARY
          0   0.0167231  -0.0253086   0.0142959
 -0.0167231           0   0.0234984 -0.00679012
  0.0253086  -0.0234984           0  -0.0080811
 -0.0142959  0.00679012   0.0080811           0
Repeater1[0]<--->HoM1[0]
REAL
   0.264323  -0.0195995 -0.00109555   0.0364191
 -0.0195995    0.216146  0.00846076  -0.0222926
-0.00109555  0.00846076    0.246094  -0.0164309
  0.0364191  -0.0222926  -0.0164309    0.273438
IMAGINARY
           0   0.00883777  -0.00323723   0.00228673
 -0.00883777            0  0.000981245   -0.0169188
  0.00323723 -0.000981245            0   0.00481632
 -0.00228673    0.0169188  -0.00481632            0
EndNode1[0]<--->Repeater1[0]
REAL
   0.231722 -0.00868496 -0.00925773   0.0317352
-0.00868496    0.256506   0.0016806   0.0104954
-0.00925773   0.0016806    0.241636  -0.0160675
  0.0317352   0.0104954  -0.0160675    0.270136
IMAGINARY
          0   0.0144238 -0.00479633  0.00131579
 -0.0144238           0 -0.00789474   0.0266543
 0.00479633  0.00789474           0 -0.00622705
-0.00131579  -0.0266543  0.00622705           0
EndNode2[0]<--->HoM1[0]
REAL
   0.254613   0.0099925   0.0149653   0.0248588
  0.0099925    0.216482   0.0144961 -0.00528787
  0.0149653   0.0144961    0.232472   0.0216204
  0.0248588 -0.00528787   0.0216204    0.296433
IMAGINARY
          0  -0.0122973 -0.00775978 -0.00435863
  0.0122973           0   0.0188972  0.00775978
 0.00775978  -0.0188972           0  -0.0187908
 0.00435863 -0.00775978   0.0187908           0
Repeater1[0]<--->EndNode1[0]
REAL
   0.231722 -0.00925773 -0.00868496   0.0317352
-0.00925773    0.241636   0.0016806  -0.0160675
-0.00868496   0.0016806    0.256506   0.0104954
  0.0317352  -0.0160675   0.0104954    0.270136
IMAGINARY
          0 -0.00479633   0.0144238  0.00131579
 0.00479633           0  0.00789474 -0.00622705
 -0.0144238 -0.00789474           0   0.0266543
-0.00131579  0.00622705  -0.0266543           0
Repeater1[0]<--->HoM1[0]
REAL
   0.254613   0.0149653   0.0099925   0.0248588
  0.0149653    0.232472   0.0144961   0.0216204
  0.0099925   0.0144961    0.216482 -0.00528787
  0.0248588   0.0216204 -0.00528787    0.296433
IMAGINARY
          0 -0.00775978  -0.0122973 -0.00435863
 0.00775978           0  -0.0188972  -0.0187908
  0.0122973   0.0188972           0  0.00775978
 0.00435863   0.0187908 -0.00775978           0
EndNode1[0]<--->Repeater1[0]
REAL
  0.216113 -0.0049609 -0.0161284  0.0370341
-0.0049609   0.219949  0.0225514  -0.012369
-0.0161284  0.0225514   0.268542  0.0205049
 0.0370341  -0.012369  0.0205049   0.295396
IMAGINARY
           0   -0.0195446  0.000194705   -0.0128796
   0.0195446            0   -0.0104226   -0.0064016
-0.000194705    0.0104226            0   -0.0101106
   0.0128796    0.0064016    0.0101106            0
EndNode2[0]<--->HoM1[0]
REAL
  0.269615 -0.0116973 0.00831473  0.0331207
-0.0116973   0.235378 0.00293698 -0.0143243
0.00831473 0.00293698   0.249643 0.00809157
 0.0331207 -0.0143243 0.00809157   0.245364
IMAGINARY
          0  0.00967077   -0.019401   0.0122044
-0.00967077           0 -0.00964028  -0.0225938
   0.019401  0.00964028           0   0.0192006
 -0.0122044   0.0225938  -0.0192006           0
Repeater1[0]<--->EndNode1[0]
REAL
  0.216113 -0.0161284 -0.0049609  0.0370341
-0.0161284   0.268542  0.0225514  0.0205049
-0.0049609  0.0225514   0.219949  -0.012369
 0.0370341  0.0205049  -0.012369   0.295396
IMAGINARY
           0  0.000194705   -0.0195446   -0.0128796
-0.000194705            0    0.0104226   -0.0101106
   0.0195446   -0.0104226            0   -0.0064016
   0.0128796    0.0101106    0.0064016            0
Repeater1[0]<--->HoM1[0]
REAL
  0.269615 0.00831473 -0.0116973  0.0331207
0.00831473   0.249643 0.00293698 0.00809157
-0.0116973 0.00293698   0.235378 -0.0143243
 0.0331207 0.00809157 -0.0143243   0.245364
IMAGINARY
          0   -0.019401  0.00967077   0.0122044
   0.019401           0  0.00964028   0.0192006
-0.00967077 -0.00964028           0  -0.0225938
 -0.0122044  -0.0192006   0.0225938           0
EndNode1[0]<--->Repeater1[0]
REAL
    0.26615  -0.0191097  0.00219103    0.012871
 -0.0191097     0.24031    0.010879 0.000308971
 0.00219103    0.010879    0.250646   0.0128597
   0.012871 0.000308971   0.0128597    0.242894
IMAGINARY
          0   0.0040123  0.00774876 -0.00152758
 -0.0040123           0  -0.0140974   0.0274438
-0.00774876   0.0140974           0  0.00461984
 0.00152758  -0.0274438 -0.00461984           0
EndNode2[0]<--->HoM1[0]
REAL
   0.258355 -0.00820433   0.0161539    0.054085
-0.00820433    0.232648 -0.00408497   0.0101619
  0.0161539 -0.00408497    0.253213 -0.00232198
   0.054085   0.0101619 -0.00232198    0.255784
IMAGINARY
          0   0.0158409  0.00207235 -0.00711142
 -0.0158409           0   0.0170716  -0.0197194
-0.00207235  -0.0170716           0 -0.00865135
 0.00711142   0.0197194  0.00865135           0
Repeater1[0]<--->EndNode1[0]
REAL
    0.26615  0.00219103  -0.0191097    0.012871
 0.00219103    0.250646    0.010879   0.0128597
 -0.0191097    0.010879     0.24031 0.000308971
   0.012871   0.0128597 0.000308971    0.242894
IMAGINARY
          0  0.00774876   0.0040123 -0.00152758
-0.00774876           0   0.0140974  0.00461984
 -0.0040123  -0.0140974           0   0.0274438
 0.00152758 -0.00461984  -0.0274438           0
Repeater1[0]<--->HoM1[0]
REAL
   0.258355   0.0161539 -0.00820433    0.054085
  0.0161539    0.253213 -0.00408497 -0.00232198
-0.00820433 -0.00408497    0.232648   0.0101619
   0.054085 -0.00232198   0.0101619    0.255784
IMAGINARY
          0  0.00207235   0.0158409 -0.00711142
-0.00207235           0  -0.0170716 -0.00865135
 -0.0158409   0.0170716           0  -0.0197194
 0.00711142  0.00865135   0.0197194           0
EndNode1[0]<--->Repeater1[0]
REAL
   0.255814 -0.00159027  -0.0273986   0.0370083
-0.00159027    0.257106   0.0410405 -0.00674776
 -0.0273986   0.0410405    0.249354  -0.0179219
  0.0370083 -0.00674776  -0.0179219    0.237726
IMAGINARY
          0 -0.00256339   0.0129144       -0.01
 0.00256339           0       -0.01 -0.00888215
 -0.0129144        0.01           0   0.0160042
       0.01  0.00888215  -0.0160042           0
EndNode2[0]<--->HoM1[0]
REAL
   0.267554   0.0114318   -0.006186   0.0355002
  0.0114318    0.231235   0.0125517 -0.00680101
  -0.006186   0.0125517    0.237288  0.00155523
  0.0355002 -0.00680101  0.00155523    0.263923
IMAGINARY
           0   0.00884586    0.0013357 -0.000641026
 -0.00884586            0  0.000641026   -0.0270659
  -0.0013357 -0.000641026            0  -0.00675963
 0.000641026    0.0270659   0.00675963            0
Repeater1[0]<--->EndNode1[0]
REAL
   0.255814  -0.0273986 -0.00159027   0.0370083
 -0.0273986    0.249354   0.0410405  -0.0179219
-0.00159027   0.0410405    0.257106 -0.00674776
  0.0370083  -0.0179219 -0.00674776    0.237726
IMAGINARY
          0   0.0129144 -0.00256339       -0.01
 -0.0129144           0        0.01   0.0160042
 0.00256339       -0.01           0 -0.00888215
       0.01  -0.0160042  0.00888215           0
Repeater1[0]<--->HoM1[0]
REAL
   0.267554   -0.006186   0.0114318   0.0355002
  -0.006186    0.237288   0.0125517  0.00155523
  0.0114318   0.0125517    0.231235 -0.00680101
  0.0355002  0.00155523 -0.00680101    0.263923
IMAGINARY
           0    0.0013357   0.00884586 -0.000641026
  -0.0013357            0 -0.000641026  -0.00675963
 -0.00884586  0.000641026            0   -0.0270659
 0.000641026   0.00675963    0.0270659            0
EndNode1[0]<--->Repeater1[0]
REAL
  0.228989 0.00580388 0.00122777  0.0446896
0.00580388   0.276492 0.00915658  0.0192851
0.00122777 0.00915658   0.231425 0.00445253
 0.0446896  0.0192851 0.00445253   0.263094
IMAGINARY
           0  0.000731602   0.00216227  -0.00867404
-0.000731602            0   0.00803547   0.00925905
 -0.00216227  -0.00803547            0  -0.00200064
  0.00867404  -0.00925905   0.00200064            0
EndNode2[0]<--->HoM1[0]
REAL
   0.249047 -0.00887894 -0.00642883   0.0377238
-0.00887894    0.241423   0.0208699  0.00252258
-0.00642883   0.0208699    0.237611   0.0036706
  0.0377238  0.00252258   0.0036706    0.271919
IMAGINARY
          0   0.0219041  -0.0131102  -0.0171739
 -0.0219041           0 -0.00880837  -0.0124828
  0.0131102  0.00880837           0 -0.00505012
  0.0171739   0.0124828  0.00505012           0
Repeater1[0]<--->EndNode1[0]
REAL
  0.228989 0.00122777 0.00580388  0.0446896
0.00122777   0.231425 0.00915658 0.00445253
0.00580388 0.00915658   0.276492  0.0192851
 0.0446896 0.00445253  0.0192851   0.263094
IMAGINARY
           0   0.00216227  0.000731602  -0.00867404
 -0.00216227            0  -0.00803547  -0.00200064
-0.000731602   0.00803547            0   0.00925905
  0.00867404   0.00200064  -0.00925905            0
Repeater1[0]<--->HoM1[0]
REAL
   0.249047 -0.00642883 -0.00887894   0.0377238
-0.00642883    0.237611   0.0208699   0.0036706
-0.00887894   0.0208699    0.241423  0.00252258
  0.0377238   0.0036706  0.00252258    0.271919
IMAGINARY
          0  -0.0131102   0.0219041  -0.0171739
  0.0131102           0  0.00880837 -0.00505012
 -0.0219041 -0.00880837           0  -0.0124828
  0.0171739  0.00505012   0.0124828           0
EndNode1[0]<--->Repeater1[0]
REAL
    0.291173   -0.0139171   0.00477794    0.0266573
  -0.0139171     0.206851    0.0136025   -0.0112714
  0.00477794    0.0136025     0.275362 -0.000368664
   0.0266573   -0.0112714 -0.000368664     0.226614
IMAGINARY
          0 -0.00612934 -0.00261097 -0.00892157
 0.00612934           0  0.00630377 -0.00261097
 0.00261097 -0.00630377           0  -0.0134529
 0.00892157  0.00261097   0.0134529           0
EndNode2[0]<--->HoM1[0]
REAL
  0.258984 0.00972529  0.0287875  0.0402672
0.00972529   0.256506 0.00860496  0.0025408
 0.0287875 0.00860496   0.224287  0.0090717
 0.0402672  0.0025408  0.0090717   0.260223
IMAGINARY
          0   0.0385952 -0.00364909   0.0106328
 -0.0385952           0  -0.0112796  -0.0135013
 0.00364909   0.0112796           0  0.00362113
 -0.0106328   0.0135013 -0.00362113           0
Repeater1[0]<--->EndNode1[0]
REAL
    0.291173   0.00477794   -0.0139171    0.0266573
  0.00477794     0.275362    0.0136025 -0.000368664
  -0.0139171    0.0136025     0.206851   -0.0112714
   0.0266573 -0.000368664   -0.0112714     0.226614
IMAGINARY
          0 -0.00261097 -0.00612934 -0.00892157
 0.00261097           0 -0.00630377  -0.0134529
 0.00612934  0.00630377           0 -0.00261097
 0.00892157   0.0134529  0.00261097           0
Repeater1[0]<--->HoM1[0]
REAL
  0.258984  0.0287875 0.00972529  0.0402672
 0.0287875   0.224287 0.00860496  0.0090717
0.00972529 0.00860496   0.256506  0.0025408
 0.0402672  0.0090717  0.0025408   0.260223
IMAGINARY
          0 -0.00364909   0.0385952   0.0106328
 0.00364909           0   0.0112796  0.00362113
 -0.0385952  -0.0112796           0  -0.0135013
 -0.0106328 -0.00362113   0.0135013           0
EndNode1[0]<--->Repeater1[0]
REAL
   0.256477  0.00669205 -0.00873751    0.070507
 0.00669205    0.247409   0.0323391   0.0158526
-0.00873751   0.0323391    0.253886   0.0224153
   0.070507   0.0158526   0.0224153    0.242228
IMAGINARY
           0    0.0265124  -0.00222768   0.00160314
  -0.0265124            0  -0.00343464 -0.000316851
