EndNode1[0]<--->Repeater1[0]
REAL
    0.284047  0.000316857   0.00809582    0.0234523
 0.000316857     0.226978    0.0228202    0.0034723
  0.00809582    0.0228202     0.238651 -0.000316857
   0.0234523    0.0034723 -0.000316857     0.250324
IMAGINARY
          0  -0.0321761 -0.00597058   0.0200558
  0.0321761           0   0.0116903 -0.00856798
 0.00597058  -0.0116903           0   0.0226944
 -0.0200558  0.00856798  -0.0226944           0
EndNode2[0]<--->HoM1[0]
REAL
   0.269841  0.00448716  0.00366503   0.0123446
 0.00448716    0.239418  0.00588461 -0.00496711
 0.00366503  0.00588461    0.248677 -0.00839341
  0.0123446 -0.00496711 -0.00839341    0.242063
IMAGINARY
          0   0.0255249  0.00160686    0.011576
 -0.0255249           0 -0.00960496  0.00226911
-0.00160686  0.00960496           0  0.00677487
  -0.011576 -0.00226911 -0.00677487           0
Repeater1[0]<--->EndNode1[0]
REAL
    0.284047   0.00809582  0.000316857    0.0234523
  0.00809582     0.238651    0.0228202 -0.000316857
 0.000316857    0.0228202     0.226978    0.0034723
   0.0234523 -0.000316857    0.0034723     0.250324
IMAGINARY
          0 -0.00597058  -0.0321761   0.0200558
 0.00597058           0  -0.0116903   0.0226944
  0.0321761   0.0116903           0 -0.00856798
 -0.0200558  -0.0226944  0.00856798           0
Repeater1[0]<--->HoM1[0]
REAL
   0.269841  0.00366503  0.00448716   0.0123446
 0.00366503    0.248677  0.00588461 -0.00839341
 0.00448716  0.00588461    0.239418 -0.00496711
  0.0123446 -0.00839341 -0.00496711    0.242063
IMAGINARY
          0  0.00160686   0.0255249    0.011576
-0.00160686           0  0.00960496  0.00677487
 -0.0255249 -0.00960496           0  0.00226911
  -0.011576 -0.00677487 -0.00226911           0
EndNode1[0]<--->Repeater1[0]
REAL
   0.274112  0.00965193 -0.00140813   0.0181739
 0.00965193    0.227157   0.0012908  0.00384122
-0.00140813   0.0012908    0.234772   0.0110293
  0.0181739  0.00384122   0.0110293    0.263959
IMAGINARY
           0  -0.00748944    0.0118492   0.00629339
  0.00748944            0    0.0116553 -0.000160901
  -0.0118492   -0.0116553            0    0.0139829
 -0.00629339  0.000160901   -0.0139829            0
EndNode2[0]<--->HoM1[0]
REAL
    0.233425   -0.0160993    0.0249428    0.0180226
  -0.0160993     0.237569  -0.00685305 -0.000632665
   0.0249428  -0.00685305     0.240331    0.0115001
   0.0180226 -0.000632665    0.0115001     0.288674
IMAGINARY
         0  0.0141748  0.0031407 -0.0181667
-0.0141748          0     0.0235 -0.0031407
-0.0031407    -0.0235          0 -0.0116873
 0.0181667  0.0031407  0.0116873          0
Repeater1[0]<--->EndNode1[0]
REAL
   0.274112 -0.00140813  0.00965193   0.0181739
-0.00140813    0.234772   0.0012908   0.0110293
 0.00965193   0.0012908    0.227157  0.00384122
  0.0181739   0.0110293  0.00384122    0.263959
IMAGINARY
           0    0.0118492  -0.00748944   0.00629339
  -0.0118492            0   -0.0116553    0.0139829
  0.00748944    0.0116553            0 -0.000160901
 -0.00629339   -0.0139829  0.000160901            0
Repeater1[0]<--->HoM1[0]
REAL
    0.233425    0.0249428   -0.0160993    0.0180226
   0.0249428     0.240331  -0.00685305    0.0115001
  -0.0160993  -0.00685305     0.237569 -0.000632665
   0.0180226    0.0115001 -0.000632665     0.288674
IMAGINARY
         0  0.0031407  0.0141748 -0.0181667
-0.0031407          0    -0.0235 -0.0116873
-0.0141748     0.0235          0 -0.0031407
 0.0181667  0.0116873  0.0031407          0
EndNode1[0]<--->Repeater1[0]
REAL
   0.260131   0.0361482  -0.0199688   0.0153213
  0.0361482    0.261438 -0.00117616   0.0107437
 -0.0199688 -0.00117616     0.24183  -0.0343032
  0.0153213   0.0107437  -0.0343032    0.236601
IMAGINARY
          0  -0.0260643  0.00763415 -0.00205557
  0.0260643           0 -0.00690994  0.00632525
-0.00763415  0.00690994           0   -0.019621
 0.00205557 -0.00632525    0.019621           0
EndNode2[0]<--->HoM1[0]
REAL
    0.251572 -0.000524441   0.00297802   0.00579532
-0.000524441     0.255346    0.0123743  -0.00768865
  0.00297802    0.0123743     0.241509   0.00388918
  0.00579532  -0.00768865   0.00388918     0.251572
IMAGINARY
          0  0.00262334 -0.00931193    0.029821
-0.00262334           0  -0.0180717 -0.00253018
 0.00931193   0.0180717           0  -0.0105181
  -0.029821  0.00253018   0.0105181           0
Repeater1[0]<--->EndNode1[0]
REAL
   0.260131  -0.0199688   0.0361482   0.0153213
 -0.0199688     0.24183 -0.00117616  -0.0343032
  0.0361482 -0.00117616    0.261438   0.0107437
  0.0153213  -0.0343032   0.0107437    0.236601
IMAGINARY
          0  0.00763415  -0.0260643 -0.00205557
-0.00763415           0  0.00690994   -0.019621
  0.0260643 -0.00690994           0  0.00632525
 0.00205557    0.019621 -0.00632525           0
Repeater1[0]<--->HoM1[0]
REAL
    0.251572   0.00297802 -0.000524441   0.00579532
  0.00297802     0.241509    0.0123743   0.00388918
-0.000524441    0.0123743     0.255346  -0.00768865
  0.00579532   0.00388918  -0.00768865     0.251572
IMAGINARY
          0 -0.00931193  0.00262334    0.029821
 0.00931193           0   0.0180717  -0.0105181
-0.00262334  -0.0180717           0 -0.00253018
  -0.029821   0.0105181  0.00253018           0
EndNode1[0]<--->Repeater1[0]
REAL
   0.260341 -0.00748601 -0.00788146  0.00810906
-0.00748601    0.255474  0.00677928  0.00788146
-0.00788146  0.00677928    0.229927   0.0087267
 0.00810906  0.00788146   0.0087267    0.254258
IMAGINARY
           0  -0.00604093   -0.0179149 -0.000998668
  0.00604093            0  0.000998668    0.0125957
   0.0179149 -0.000998668            0    0.0153494
 0.000998668   -0.0125957   -0.0153494            0
EndNode2[0]<--->HoM1[0]
REAL
   0.254522   0.0119426 0.000285028 -0.00619117
  0.0119426    0.217054   0.0189789   0.0304055
0.000285028   0.0189789    0.270026  -0.0106638
-0.00619117   0.0304055  -0.0106638    0.258398
IMAGINARY
          0 -0.00426684 -0.00435028 -0.00247941
 0.00426684           0  0.00312457  0.00775164
 0.00435028 -0.00312457           0  0.00358657
 0.00247941 -0.00775164 -0.00358657           0
Repeater1[0]<--->EndNode1[0]
REAL
   0.260341 -0.00788146 -0.00748601  0.00810906
-0.00788146    0.229927  0.00677928   0.0087267
-0.00748601  0.00677928    0.255474  0.00788146
 0.00810906   0.0087267  0.00788146    0.254258
IMAGINARY
           0   -0.0179149  -0.00604093 -0.000998668
   0.0179149            0 -0.000998668    0.0153494
  0.00604093  0.000998668            0    0.0125957
 0.000998668   -0.0153494   -0.0125957            0
Repeater1[0]<--->HoM1[0]
REAL
   0.254522 0.000285028   0.0119426 -0.00619117
0.000285028    0.270026   0.0189789  -0.0106638
  0.0119426   0.0189789    0.217054   0.0304055
-0.00619117  -0.0106638   0.0304055    0.258398
IMAGINARY
          0 -0.00435028 -0.00426684 -0.00247941
 0.00435028           0 -0.00312457  0.00358657
 0.00426684  0.00312457           0  0.00775164
 0.00247941 -0.00358657 -0.00775164           0
EndNode1[0]<--->Repeater1[0]
REAL
   0.280108   -0.013068  0.00651565  0.00726563
  -0.013068    0.242219   0.0189844  -0.0215156
 0.00651565   0.0189844    0.223275 -0.00068204
 0.00726563  -0.0215156 -0.00068204    0.254398
IMAGINARY
          0  -0.0207848  -0.0201485  -0.0142169
  0.0207848           0  -0.0123719  0.00582555
  0.0201485   0.0123719           0 -0.00525686
  0.0142169 -0.00582555  0.00525686           0
EndNode2[0]<--->HoM1[0]
REAL
   0.255937  -0.0166636  0.00817704   0.0185911
 -0.0166636    0.236148 -0.00224228   0.0217957
 0.00817704 -0.00224228    0.245383  0.00985158
  0.0185911   0.0217957  0.00985158    0.262533
IMAGINARY
          0   0.0184074 -0.00807797   0.0218196
 -0.0184074           0 -0.00483843  -0.0153595
 0.00807797  0.00483843           0  0.00763427
 -0.0218196   0.0153595 -0.00763427           0
Repeater1[0]<--->EndNode1[0]
REAL
   0.280108  0.00651565   -0.013068  0.00726563
 0.00651565    0.223275   0.0189844 -0.00068204
  -0.013068   0.0189844    0.242219  -0.0215156
 0.00726563 -0.00068204  -0.0215156    0.254398
IMAGINARY
          0  -0.0201485  -0.0207848  -0.0142169
  0.0201485           0   0.0123719 -0.00525686
  0.0207848  -0.0123719           0  0.00582555
  0.0142169  0.00525686 -0.00582555           0
Repeater1[0]<--->HoM1[0]
REAL
   0.255937  0.00817704  -0.0166636   0.0185911
 0.00817704    0.245383 -0.00224228  0.00985158
 -0.0166636 -0.00224228    0.236148   0.0217957
  0.0185911  0.00985158   0.0217957    0.262533
IMAGINARY
          0 -0.00807797   0.0184074   0.0218196
 0.00807797           0  0.00483843  0.00763427
 -0.0184074 -0.00483843           0  -0.0153595
 -0.0218196 -0.00763427   0.0153595           0
EndNode1[0]<--->Repeater1[0]
REAL
     0.21504    0.0108459   0.00171687   0.00345994
   0.0108459     0.245383 -0.000953677   -0.0167545
  0.00171687 -0.000953677     0.262533  -0.00207398
  0.00345994   -0.0167545  -0.00207398     0.277045
IMAGINARY
          0 -0.00633626 -0.00855841  0.00407603
 0.00633626           0   0.0122727 -0.00468244
 0.00855841  -0.0122727           0   0.0183161
-0.00407603  0.00468244  -0.0183161           0
EndNode2[0]<--->HoM1[0]
REAL
  0.261394 0.00055676 0.00652043  0.0139919
0.00055676   0.235925 0.00433936 -0.0160021
0.00652043 0.00433936    0.25067 0.00386802
 0.0139919 -0.0160021 0.00386802   0.252011
IMAGINARY
          0 -0.00353181   0.0242018  0.00927307
 0.00353181           0  0.00235483   0.0111907
 -0.0242018 -0.00235483           0  0.00803631
-0.00927307  -0.0111907 -0.00803631           0
Repeater1[0]<--->EndNode1[0]
REAL
     0.21504   0.00171687    0.0108459   0.00345994
  0.00171687     0.262533 -0.000953677  -0.00207398
   0.0108459 -0.000953677     0.245383   -0.0167545
  0.00345994  -0.00207398   -0.0167545     0.277045
IMAGINARY
          0 -0.00855841 -0.00633626  0.00407603
 0.00855841           0  -0.0122727   0.0183161
 0.00633626   0.0122727           0 -0.00468244
-0.00407603  -0.0183161  0.00468244           0
Repeater1[0]<--->HoM1[0]
REAL
  0.261394 0.00652043 0.00055676  0.0139919
0.00652043    0.25067 0.00433936 0.00386802
0.00055676 0.00433936   0.235925 -0.0160021
 0.0139919 0.00386802 -0.0160021   0.252011
IMAGINARY
          0   0.0242018 -0.00353181  0.00927307
 -0.0242018           0 -0.00235483  0.00803631
 0.00353181  0.00235483           0   0.0111907
-0.00927307 -0.00803631  -0.0111907           0
EndNode1[0]<--->Repeater1[0]
REAL
    0.2625 0.00432403  0.0161942  0.0307426
0.00432403       0.24  0.0287345 -0.0090047
 0.0161942  0.0287345    0.24125 0.00678708
 0.0307426 -0.0090047 0.00678708    0.25625
IMAGINARY
          0   0.0352324   0.0022929   0.0152974
 -0.0352324           0   -0.020972 -0.00162355
 -0.0022929    0.020972           0  0.00425892
 -0.0152974  0.00162355 -0.00425892           0
EndNode2[0]<--->HoM1[0]
REAL
   0.253906  0.00270815   0.0167663  0.00370008
 0.00270815    0.223958   0.0104025 -0.00266374
  0.0167663   0.0104025    0.260417  -0.0104005
 0.00370008 -0.00266374  -0.0104005    0.261719
IMAGINARY
           0  -0.00135798   0.00730017    0.0140782
  0.00135798            0   0.00208947 -0.000597761
 -0.00730017  -0.00208947            0  -0.00266347
  -0.0140782  0.000597761   0.00266347            0
Repeater1[0]<--->EndNode1[0]
REAL
    0.2625  0.0161942 0.00432403  0.0307426
 0.0161942    0.24125  0.0287345 0.00678708
0.00432403  0.0287345       0.24 -0.0090047
 0.0307426 0.00678708 -0.0090047    0.25625
IMAGINARY
          0   0.0022929   0.0352324   0.0152974
 -0.0022929           0    0.020972  0.00425892
 -0.0352324   -0.020972           0 -0.00162355
 -0.0152974 -0.00425892  0.00162355           0
Repeater1[0]<--->HoM1[0]
REAL
   0.253906   0.0167663  0.00270815  0.00370008
  0.0167663    0.260417   0.0104025  -0.0104005
 0.00270815   0.0104025    0.223958 -0.00266374
 0.00370008  -0.0104005 -0.00266374    0.261719
IMAGINARY
           0   0.00730017  -0.00135798    0.0140782
 -0.00730017            0  -0.00208947  -0.00266347
  0.00135798   0.00208947            0 -0.000597761
  -0.0140782   0.00266347  0.000597761            0
EndNode1[0]<--->Repeater1[0]
REAL
    0.265645     0.029623   -0.0173594    0.0136281
    0.029623     0.241379 -0.000807591    0.0404363
  -0.0173594 -0.000807591     0.227331    0.0011462
   0.0136281    0.0404363    0.0011462     0.265645
IMAGINARY
          0  0.00274848  -0.0146592   0.0163993
-0.00274848           0  -0.0182673 -0.00240115
  0.0146592   0.0182673           0 -0.00668549
 -0.0163993  0.00240115  0.00668549           0
EndNode2[0]<--->HoM1[0]
REAL
  0.236806 -0.0058725  0.0268501  0.0264482
-0.0058725   0.240866  0.0289608  -0.011019
 0.0268501  0.0289608   0.257104 -0.0112779
 0.0264482  -0.011019 -0.0112779   0.265223
IMAGINARY
          0  -0.0116171  0.00284428   0.0139071
  0.0116171           0  0.00222196  0.00846226
-0.00284428 -0.00222196           0 -0.00973972
 -0.0139071 -0.00846226  0.00973972           0
Repeater1[0]<--->EndNode1[0]
REAL
    0.265645   -0.0173594     0.029623    0.0136281
  -0.0173594     0.227331 -0.000807591    0.0011462
    0.029623 -0.000807591     0.241379    0.0404363
   0.0136281    0.0011462    0.0404363     0.265645
IMAGINARY
          0  -0.0146592  0.00274848   0.0163993
  0.0146592           0   0.0182673 -0.00668549
-0.00274848  -0.0182673           0 -0.00240115
 -0.0163993  0.00668549  0.00240115           0
Repeater1[0]<--->HoM1[0]
REAL
  0.236806  0.0268501 -0.0058725  0.0264482
 0.0268501   0.257104  0.0289608 -0.0112779
-0.0058725  0.0289608   0.240866  -0.011019
 0.0264482 -0.0112779  -0.011019   0.265223
IMAGINARY
          0  0.00284428  -0.0116171   0.0139071
-0.00284428           0 -0.00222196 -0.00973972
  0.0116171  0.00222196           0  0.00846226
 -0.0139071  0.00973972 -0.00846226           0
EndNode1[0]<--->Repeater1[0]
REAL
    0.22096 -0.00553289   -0.028592   0.0383852
-0.00553289    0.258838 -0.00344236  -0.0304931
  -0.028592 -0.00344236    0.236111  -0.0281393
  0.0383852  -0.0304931  -0.0281393    0.284091
IMAGINARY
          0   0.0122874    -0.02246  -0.0111271
 -0.0122874           0   -0.019961   0.0115205
    0.02246    0.019961           0  0.00637412
  0.0111271  -0.0115205 -0.00637412           0
EndNode2[0]<--->HoM1[0]
REAL
   0.260759   0.0347126 -0.00439631   0.0283299
  0.0347126    0.227848   0.0154433  0.00377979
-0.00439631   0.0154433    0.256962 -0.00326995
  0.0283299  0.00377979 -0.00326995     0.25443
IMAGINARY
          0  0.00852585 -0.00231322  -0.0158313
-0.00852585           0 -0.00442188  0.00102456
 0.00231322  0.00442188           0  -0.0123918
  0.0158313 -0.00102456   0.0123918           0
Repeater1[0]<--->EndNode1[0]
REAL
    0.22096   -0.028592 -0.00553289   0.0383852
  -0.028592    0.236111 -0.00344236  -0.0281393
-0.00553289 -0.00344236    0.258838  -0.0304931
  0.0383852  -0.0281393  -0.0304931    0.284091
IMAGINARY
          0    -0.02246   0.0122874  -0.0111271
    0.02246           0    0.019961  0.00637412
 -0.0122874   -0.019961           0   0.0115205
  0.0111271 -0.00637412  -0.0115205           0
Repeater1[0]<--->HoM1[0]
REAL
   0.260759 -0.00439631   0.0347126   0.0283299
-0.00439631    0.256962   0.0154433 -0.00326995
  0.0347126   0.0154433    0.227848  0.00377979
  0.0283299 -0.00326995  0.00377979     0.25443
IMAGINARY
          0 -0.00231322  0.00852585  -0.0158313
 0.00231322           0  0.00442188  -0.0123918
-0.00852585 -0.00442188           0  0.00102456
  0.0158313   0.0123918 -0.00102456           0
EndNode1[0]<--->Repeater1[0]
REAL
   0.268387   -0.008458  -0.0125663   0.0343118
  -0.008458    0.258065   0.0254285 0.000877995
 -0.0125663   0.0254285    0.225806 -0.00972382
  0.0343118 0.000877995 -0.00972382    0.247742
IMAGINARY
          0  0.00942849   0.0108108   0.0120164
-0.00942849           0  -0.0159024  -0.0108108
 -0.0108108   0.0159024           0 -0.00815945
 -0.0120164   0.0108108  0.00815945           0
EndNode2[0]<--->HoM1[0]
REAL
    0.250307  -0.00911383    0.0157223 -0.000306323
 -0.00911383      0.23681   -0.0107502   -0.0108083
   0.0157223   -0.0107502     0.247853    0.0140278
-0.000306323   -0.0108083    0.0140278     0.265031
IMAGINARY
           0  -0.00509236   0.00552411 -0.000511825
  0.00509236            0   0.00250386  -0.00682959
 -0.00552411  -0.00250386            0 -0.000129576
 0.000511825   0.00682959  0.000129576            0
Repeater1[0]<--->EndNode1[0]
REAL
   0.268387  -0.0125663   -0.008458   0.0343118
 -0.0125663    0.225806   0.0254285 -0.00972382
  -0.008458   0.0254285    0.258065 0.000877995
  0.0343118 -0.00972382 0.000877995    0.247742
IMAGINARY
          0   0.0108108  0.00942849   0.0120164
 -0.0108108           0   0.0159024 -0.00815945
-0.00942849  -0.0159024           0  -0.0108108
 -0.0120164  0.00815945   0.0108108           0
Repeater1[0]<--->HoM1[0]
REAL
    0.250307    0.0157223  -0.00911383 -0.000306323
   0.0157223     0.247853   -0.0107502    0.0140278
 -0.00911383   -0.0107502      0.23681   -0.0108083
-0.000306323    0.0140278   -0.0108083     0.265031
IMAGINARY
           0   0.00552411  -0.00509236 -0.000511825
 -0.00552411            0  -0.00250386 -0.000129576
  0.00509236   0.00250386            0  -0.00682959
 0.000511825  0.000129576   0.00682959            0
EndNode1[0]<--->Repeater1[0]
REAL
   0.282555   0.0142481 -0.00961415   0.0292247
  0.0142481    0.211302 -0.00704473  -0.0176355
-0.00961415 -0.00704473    0.230958 -0.00220757
  0.0292247  -0.0176355 -0.00220757    0.275184
IMAGINARY
          0   0.0230273   0.0103353   0.0156694
 -0.0230273           0  -0.0114911   0.0129808
 -0.0103353   0.0114911           0 -0.00748327
 -0.0156694  -0.0129808  0.00748327           0
EndNode2[0]<--->HoM1[0]
REAL
     0.24586   0.00811674   0.00435924    0.0142338
  0.00811674     0.252229    0.0204067    0.0132878
  0.00435924    0.0204067     0.229299 -0.000927193
   0.0142338    0.0132878 -0.000927193     0.272611
IMAGINARY
           0     0.014518     0.020537  -0.00292613
   -0.014518            0  0.000949842   0.00415433
   -0.020537 -0.000949842            0  -0.00711055
  0.00292613  -0.00415433   0.00711055            0
Repeater1[0]<--->EndNode1[0]
REAL
   0.282555 -0.00961415   0.0142481   0.0292247
-0.00961415    0.230958 -0.00704473 -0.00220757
  0.0142481 -0.00704473    0.211302  -0.0176355
  0.0292247 -0.00220757  -0.0176355    0.275184
IMAGINARY
          0   0.0103353   0.0230273   0.0156694
 -0.0103353           0   0.0114911 -0.00748327
 -0.0230273  -0.0114911           0   0.0129808
 -0.0156694  0.00748327  -0.0129808           0
Repeater1[0]<--->HoM1[0]
REAL
     0.24586   0.00435924   0.00811674    0.0142338
  0.00435924     0.229299    0.0204067 -0.000927193
  0.00811674    0.0204067     0.252229    0.0132878
   0.0142338 -0.000927193    0.0132878     0.272611
IMAGINARY
           0     0.020537     0.014518  -0.00292613
   -0.020537            0 -0.000949842  -0.00711055
   -0.014518  0.000949842            0   0.00415433
  0.00292613   0.00711055  -0.00415433            0
EndNode1[0]<--->Repeater1[0]
REAL
   0.254351  -0.0275496   0.0109571  0.00871627
 -0.0275496    0.231593 -0.00937158 -0.00374875
  0.0109571 -0.00937158    0.273092 -0.00718169
 0.00871627 -0.00374875 -0.00718169    0.240964
IMAGINARY
          0  0.00785691  -0.0179891 -0.00490244
-0.00785691           0   0.0210716    0.020573
  0.0179891  -0.0210716           0   0.0141069
 0.00490244   -0.020573  -0.0141069           0
EndNode2[0]<--->HoM1[0]
REAL
   0.252229  0.00413274  -0.0102627   0.0213907
 0.00413274    0.234395 -0.00291939  0.00453021
 -0.0102627 -0.00291939    0.233121   0.0054214
  0.0213907  0.00453021   0.0054214    0.280255
IMAGINARY
          0  -0.0174884  -0.0144228 -0.00405485
  0.0174884           0  -0.0119914  0.00982359
  0.0144228   0.0119914           0 -0.00682173
 0.00405485 -0.00982359  0.00682173           0
Repeater1[0]<--->EndNode1[0]
REAL
   0.254351   0.0109571  -0.0275496  0.00871627
  0.0109571    0.273092 -0.00937158 -0.00718169
 -0.0275496 -0.00937158    0.231593 -0.00374875
 0.00871627 -0.00718169 -0.00374875    0.240964
IMAGINARY
          0  -0.0179891  0.00785691 -0.00490244
  0.0179891           0  -0.0210716   0.0141069
-0.00785691   0.0210716           0    0.020573
 0.00490244  -0.0141069   -0.020573           0
Repeater1[0]<--->HoM1[0]
REAL
   0.252229  -0.0102627  0.00413274   0.0213907
 -0.0102627    0.233121 -0.00291939   0.0054214
 0.00413274 -0.00291939    0.234395  0.00453021
  0.0213907   0.0054214  0.00453021    0.280255
IMAGINARY
          0  -0.0144228  -0.0174884 -0.00405485
  0.0144228           0   0.0119914 -0.00682173
  0.0174884  -0.0119914           0  0.00982359
 0.00405485  0.00682173 -0.00982359           0
EndNode1[0]<--->Repeater1[0]
REAL
   0.253399 0.000290615 -0.00139752  0.00856464
0.000290615    0.223733 0.000752135  0.00947205
-0.00139752 0.000752135    0.239802  -0.0108496
 0.00856464  0.00947205  -0.0108496    0.283066
IMAGINARY
          0   0.0192353 -0.00088322   0.0111248
 -0.0192353           0  0.00492137   0.0256228
 0.00088322 -0.00492137           0 -0.00491241
 -0.0111248  -0.0256228  0.00491241           0
EndNode2[0]<--->HoM1[0]
REAL
   0.274939  0.00860093   0.0195035  0.00501474
 0.00860093    0.251825  0.00364862 -0.00217674
  0.0195035  0.00364862    0.238443 -0.00736331
 0.00501474 -0.00217674 -0.00736331    0.234793
IMAGINARY
           0   0.00701035   -0.0112575 -0.000223589
 -0.00701035            0  -0.00982666   -0.0106004
   0.0112575   0.00982666            0   -0.0193054
 0.000223589    0.0106004    0.0193054            0
Repeater1[0]<--->EndNode1[0]
REAL
   0.253399 -0.00139752 0.000290615  0.00856464
-0.00139752    0.239802 0.000752135  -0.0108496
0.000290615 0.000752135    0.223733  0.00947205
 0.00856464  -0.0108496  0.00947205    0.283066
IMAGINARY
          0 -0.00088322   0.0192353   0.0111248
 0.00088322           0 -0.00492137 -0.00491241
 -0.0192353  0.00492137           0   0.0256228
 -0.0111248  0.00491241  -0.0256228           0
Repeater1[0]<--->HoM1[0]
REAL
   0.274939   0.0195035  0.00860093  0.00501474
  0.0195035    0.238443  0.00364862 -0.00736331
 0.00860093  0.00364862    0.251825 -0.00217674
 0.00501474 -0.00736331 -0.00217674    0.234793
IMAGINARY
           0   -0.0112575   0.00701035 -0.000223589
   0.0112575            0   0.00982666   -0.0193054
 -0.00701035  -0.00982666            0   -0.0106004
 0.000223589    0.0193054    0.0106004            0
EndNode1[0]<--->Repeater1[0]
REAL
   0.255208  0.00515179 -0.00886485   0.0162252
 0.00515179    0.233073  -0.0162252  -0.0277205
-0.00886485  -0.0162252    0.239583  0.00704334
  0.0162252  -0.0277205  0.00704334    0.272135
IMAGINARY
          0   0.0132894   0.0116166    0.033475
 -0.0132894           0 -0.00259462  -0.0294974
 -0.0116166  0.00259462           0 -0.00732915
  -0.033475   0.0294974  0.00732915           0
EndNode2[0]<--->HoM1[0]
REAL
   0.263566 -0.00228362   0.0150812   0.0166667
-0.00228362    0.239018 -0.00836534  0.00726872
  0.0150812 -0.00836534    0.257106   -0.017512
  0.0166667  0.00726872   -0.017512     0.24031
IMAGINARY
          0 -0.00660826   0.0247332  0.00193427
 0.00660826           0  0.00794228   0.0285403
 -0.0247332 -0.00794228           0   0.0098175
-0.00193427  -0.0285403  -0.0098175           0
Repeater1[0]<--->EndNode1[0]
REAL
   0.255208 -0.00886485  0.00515179   0.0162252
-0.00886485    0.239583  -0.0162252  0.00704334
 0.00515179  -0.0162252    0.233073  -0.0277205
  0.0162252  0.00704334  -0.0277205    0.272135
IMAGINARY
          0   0.0116166   0.0132894    0.033475
 -0.0116166           0  0.00259462 -0.00732915
 -0.0132894 -0.00259462           0  -0.0294974
  -0.033475  0.00732915   0.0294974           0
Repeater1[0]<--->HoM1[0]
REAL
   0.263566   0.0150812 -0.00228362   0.0166667
  0.0150812    0.257106 -0.00836534   -0.017512
-0.00228362 -0.00836534    0.239018  0.00726872
  0.0166667   -0.017512  0.00726872     0.24031
IMAGINARY
          0   0.0247332 -0.00660826  0.00193427
 -0.0247332           0 -0.00794228   0.0098175
 0.00660826  0.00794228           0   0.0285403
-0.00193427  -0.0098175  -0.0285403           0
EndNode1[0]<--->Repeater1[0]
REAL
   0.277188   0.0230984    0.011058   0.0102102
  0.0230984    0.248011   0.0282514  0.00974908
   0.011058   0.0282514    0.221485 0.000230696
  0.0102102  0.00974908 0.000230696    0.253316
IMAGINARY
          0 -0.00485992  0.00516926  0.00782702
 0.00485992           0   0.0121215  -0.0141899
-0.00516926  -0.0121215           0 -0.00158338
-0.00782702   0.0141899  0.00158338           0
EndNode2[0]<--->HoM1[0]
REAL
  0.271712 0.00428431 -0.0424799  0.0405079
0.00428431   0.238213 0.00166078  0.0110207
-0.0424799 0.00166078   0.220844 0.00173978
 0.0405079  0.0110207 0.00173978   0.269231
IMAGINARY
           0    0.0119551    0.0114312   0.00733423
  -0.0119551            0 -0.000602281  -0.00892498
  -0.0114312  0.000602281            0   0.00057624
 -0.00733423   0.00892498  -0.00057624            0
Repeater1[0]<--->EndNode1[0]
REAL
   0.277188    0.011058   0.0230984   0.0102102
   0.011058    0.221485   0.0282514 0.000230696
  0.0230984   0.0282514    0.248011  0.00974908
  0.0102102 0.000230696  0.00974908    0.253316
IMAGINARY
          0  0.00516926 -0.00485992  0.00782702
-0.00516926           0  -0.0121215 -0.00158338
 0.00485992   0.0121215           0  -0.0141899
-0.00782702  0.00158338   0.0141899           0
Repeater1[0]<--->HoM1[0]
REAL
  0.271712 -0.0424799 0.00428431  0.0405079
-0.0424799   0.220844 0.00166078 0.00173978
0.00428431 0.00166078   0.238213  0.0110207
 0.0405079 0.00173978  0.0110207   0.269231
IMAGINARY
           0    0.0114312    0.0119551   0.00733423
  -0.0114312            0  0.000602281   0.00057624
  -0.0119551 -0.000602281            0  -0.00892498
 -0.00733423  -0.00057624   0.00892498            0
EndNode1[0]<--->Repeater1[0]
REAL
   0.250996 -0.00957576 -0.00304624 -0.00109427
-0.00957576      0.2417   0.0117609  -0.0129538
-0.00304624   0.0117609    0.236388  0.00557576
-0.00109427  -0.0129538  0.00557576    0.270916
IMAGINARY
           0   -0.0250678  0.000310755  -0.00517445
   0.0250678            0   -0.0108779   0.00577856
-0.000310755    0.0108779            0   0.00138719
  0.00517445  -0.00577856  -0.00138719            0
EndNode2[0]<--->HoM1[0]
REAL
  0.280156 0.00519732 0.00322997 -0.0227904
0.00519732   0.245136 0.00211852 0.00322997
0.00322997 0.00211852   0.241245 0.00772257
-0.0227904 0.00322997 0.00772257   0.233463
IMAGINARY
           0   0.00561482  -0.00213687   -0.0099618
 -0.00561482            0   0.00242412   -0.0300624
  0.00213687  -0.00242412            0 -0.000147022
   0.0099618    0.0300624  0.000147022            0
Repeater1[0]<--->EndNode1[0]
REAL
   0.250996 -0.00304624 -0.00957576 -0.00109427
-0.00304624    0.236388   0.0117609  0.00557576
-0.00957576   0.0117609      0.2417  -0.0129538
-0.00109427  0.00557576  -0.0129538    0.270916
IMAGINARY
           0  0.000310755   -0.0250678  -0.00517445
-0.000310755            0    0.0108779   0.00138719
   0.0250678   -0.0108779            0   0.00577856
  0.00517445  -0.00138719  -0.00577856            0
Repeater1[0]<--->HoM1[0]
REAL
  0.280156 0.00322997 0.00519732 -0.0227904
0.00322997   0.241245 0.00211852 0.00772257
0.00519732 0.00211852   0.245136 0.00322997
-0.0227904 0.00772257 0.00322997   0.233463
IMAGINARY
           0  -0.00213687   0.00561482   -0.0099618
  0.00213687            0  -0.00242412 -0.000147022
 -0.00561482   0.00242412            0   -0.0300624
   0.0099618  0.000147022    0.0300624            0
EndNode1[0]<--->Repeater1[0]
REAL
   0.247104   0.0310957   0.0224999   0.0083462
  0.0310957    0.256113   0.0198847 -0.00556135
  0.0224999   0.0198847    0.240669   -0.019176
  0.0083462 -0.00556135   -0.019176    0.256113
IMAGINARY
          0   0.0236754  0.00532737   0.0177665
 -0.0236754           0 -0.00126904  -0.0168658
-0.00532737  0.00126904           0   0.0070938
 -0.0177665   0.0168658  -0.0070938           0
EndNode2[0]<--->HoM1[0]
REAL
   0.235453 -0.00199604 -0.00804696  0.00902585
-0.00199604    0.228687   0.0217434  -0.0086197
-0.00804696   0.0217434    0.228687 0.000713988
 0.00902585  -0.0086197 0.000713988    0.307172
IMAGINARY
          0 -0.00230542  0.00310172  -0.0131406
 0.00230542           0  0.00989803   0.0163093
-0.00310172 -0.00989803           0  0.00565214
  0.0131406  -0.0163093 -0.00565214           0
Repeater1[0]<--->EndNode1[0]
REAL
   0.247104   0.0224999   0.0310957   0.0083462
  0.0224999    0.240669   0.0198847   -0.019176
  0.0310957   0.0198847    0.256113 -0.00556135
  0.0083462   -0.019176 -0.00556135    0.256113
IMAGINARY
          0  0.00532737   0.0236754   0.0177665
-0.00532737           0  0.00126904   0.0070938
 -0.0236754 -0.00126904           0  -0.0168658
 -0.0177665  -0.0070938   0.0168658           0
Repeater1[0]<--->HoM1[0]
REAL
   0.235453 -0.00804696 -0.00199604  0.00902585
-0.00804696    0.228687   0.0217434 0.000713988
-0.00199604   0.0217434    0.228687  -0.0086197
 0.00902585 0.000713988  -0.0086197    0.307172
IMAGINARY
          0  0.00310172 -0.00230542  -0.0131406
-0.00310172           0 -0.00989803  0.00565214
 0.00230542  0.00989803           0   0.0163093
  0.0131406 -0.00565214  -0.0163093           0
EndNode1[0]<--->Repeater1[0]
REAL
    0.25188  -0.0106306 -0.00212978  0.00830644
 -0.0106306    0.244361   0.0233391  -0.0079968
-0.00212978   0.0233391    0.249373  -0.0172175
 0.00830644  -0.0079968  -0.0172175    0.254386
IMAGINARY
           0  -0.00357595  0.000348018  -0.00418178
  0.00357595            0   0.00954371   0.00684152
-0.000348018  -0.00954371            0   -0.0323718
  0.00418178  -0.00684152    0.0323718            0
EndNode2[0]<--->HoM1[0]
REAL
   0.264596  -0.0119487 -0.00955953   0.0228894
 -0.0119487    0.255901   0.0195694 -0.00248103
-0.00955953   0.0195694    0.234783   0.0138498
  0.0228894 -0.00248103   0.0138498     0.24472
IMAGINARY
          0  -0.0295803  0.00308444  -0.0144295
  0.0295803           0  -0.0144295  -0.0130446
-0.00308444   0.0144295           0   0.0182921
  0.0144295   0.0130446  -0.0182921           0
Repeater1[0]<--->EndNode1[0]
REAL
    0.25188 -0.00212978  -0.0106306  0.00830644
-0.00212978    0.249373   0.0233391  -0.0172175
 -0.0106306   0.0233391    0.244361  -0.0079968
 0.00830644  -0.0172175  -0.0079968    0.254386
IMAGINARY
           0  0.000348018  -0.00357595  -0.00418178
-0.000348018            0  -0.00954371   -0.0323718
  0.00357595   0.00954371            0   0.00684152
  0.00418178    0.0323718  -0.00684152            0
Repeater1[0]<--->HoM1[0]
REAL
   0.264596 -0.00955953  -0.0119487   0.0228894
-0.00955953    0.234783   0.0195694   0.0138498
 -0.0119487   0.0195694    0.255901 -0.00248103
  0.0228894   0.0138498 -0.00248103     0.24472
IMAGINARY
          0  0.00308444  -0.0295803  -0.0144295
-0.00308444           0   0.0144295   0.0182921
  0.0295803  -0.0144295           0  -0.0130446
  0.0144295  -0.0182921   0.0130446           0
EndNode1[0]<--->Repeater1[0]
REAL
   0.269377 -0.00126727  0.00177844   0.0218006
-0.00126727    0.243964    0.024711  -0.0069464
 0.00177844    0.024711    0.210928  0.00255926
  0.0218006  -0.0069464  0.00255926    0.275731
IMAGINARY
           0  -0.00824862    0.0225267   -0.0184841
  0.00824862            0  0.000697512   -0.0207804
  -0.0225267 -0.000697512            0    0.0158156
   0.0184841    0.0207804   -0.0158156            0
EndNode2[0]<--->HoM1[0]
REAL
   0.231458 -0.00411431   0.0107921   0.0184673
-0.00411431    0.236573   0.0203928   0.0254774
  0.0107921   0.0203928    0.248082  0.00929565
  0.0184673   0.0254774  0.00929565    0.283887
IMAGINARY
           0   0.00555053   -0.0077204  -0.00311409
 -0.00555053            0  -0.00561409 -0.000623628
   0.0077204   0.00561409            0    0.0169142
  0.00311409  0.000623628   -0.0169142            0
Repeater1[0]<--->EndNode1[0]
REAL
   0.269377  0.00177844 -0.00126727   0.0218006
 0.00177844    0.210928    0.024711  0.00255926
-0.00126727    0.024711    0.243964  -0.0069464
  0.0218006  0.00255926  -0.0069464    0.275731
IMAGINARY
           0    0.0225267  -0.00824862   -0.0184841
  -0.0225267            0 -0.000697512    0.0158156
  0.00824862  0.000697512            0   -0.0207804
   0.0184841   -0.0158156    0.0207804            0
Repeater1[0]<--->HoM1[0]
REAL
   0.231458   0.0107921 -0.00411431   0.0184673
  0.0107921    0.248082   0.0203928  0.00929565
-0.00411431   0.0203928    0.236573   0.0254774
  0.0184673  0.00929565   0.0254774    0.283887
IMAGINARY
           0   -0.0077204   0.00555053  -0.00311409
   0.0077204            0   0.00561409    0.0169142
 -0.00555053  -0.00561409            0 -0.000623628
  0.00311409   -0.0169142  0.000623628            0
EndNode1[0]<--->Repeater1[0]
REAL
   0.290598  0.00902497   0.0104872  0.00979231
 0.00902497    0.228327  0.00336558  0.00924961
  0.0104872  0.00336558    0.202686 -0.00244602
 0.00979231  0.00924961 -0.00244602    0.278388
IMAGINARY
          0   -0.023926 -0.00455186 -0.00313188
   0.023926           0 -0.00824697     0.01612
 0.00455186  0.00824697           0 -0.00306631
 0.00313188    -0.01612  0.00306631           0
EndNode2[0]<--->HoM1[0]
REAL
    0.24349  0.00101064  0.00540657 -0.00921671
 0.00101064    0.247396   0.0185252  -0.0253534
 0.00540657   0.0185252    0.244792 -0.00898936
-0.00921671  -0.0253534 -0.00898936    0.264323
IMAGINARY
           0 -4.97493e-05   -0.0126989   0.00424233
 4.97493e-05            0    -0.014229  0.000440816
   0.0126989     0.014229            0  -0.00188573
 -0.00424233 -0.000440816   0.00188573            0
Repeater1[0]<--->EndNode1[0]
REAL
   0.290598   0.0104872  0.00902497  0.00979231
  0.0104872    0.202686  0.00336558 -0.00244602
 0.00902497  0.00336558    0.228327  0.00924961
 0.00979231 -0.00244602  0.00924961    0.278388
IMAGINARY
          0 -0.00455186   -0.023926 -0.00313188
 0.00455186           0  0.00824697 -0.00306631
   0.023926 -0.00824697           0     0.01612
 0.00313188  0.00306631    -0.01612           0
Repeater1[0]<--->HoM1[0]
REAL
    0.24349  0.00540657  0.00101064 -0.00921671
 0.00540657    0.244792   0.0185252 -0.00898936
 0.00101064   0.0185252    0.247396  -0.0253534
-0.00921671 -0.00898936  -0.0253534    0.264323
IMAGINARY
           0   -0.0126989 -4.97493e-05   0.00424233
   0.0126989            0     0.014229  -0.00188573
 4.97493e-05    -0.014229            0  0.000440816
 -0.00424233   0.00188573 -0.000440816            0
EndNode1[0]<--->Repeater1[0]
REAL
   0.244311  -0.0172615  -0.0197201   0.0127591
 -0.0172615    0.244311   0.0165759 -0.00309606
 -0.0197201   0.0165759    0.277844  0.00357182
  0.0127591 -0.00309606  0.00357182    0.233533
IMAGINARY
           0   -0.0235419    0.0152415  -0.00162285
   0.0235419            0   -0.0202844  -0.00760794
  -0.0152415    0.0202844            0  0.000641122
  0.00162285   0.00760794 -0.000641122            0
EndNode2[0]<--->HoM1[0]
REAL
   0.256378  -0.0140053 -0.00626179   0.0255954
 -0.0140053    0.234694 -0.00196361  -0.0148825
-0.00626179 -0.00196361    0.251276  0.00654263
  0.0255954  -0.0148825  0.00654263    0.257653
IMAGINARY
           0   0.00880691    0.0196524  -0.00640284
 -0.00880691            0  0.000862678    -0.006529
  -0.0196524 -0.000862678            0   0.00169178
  0.00640284     0.006529  -0.00169178            0
Repeater1[0]<--->EndNode1[0]
REAL
   0.244311  -0.0197201  -0.0172615   0.0127591
 -0.0197201    0.277844   0.0165759  0.00357182
 -0.0172615   0.0165759    0.244311 -0.00309606
  0.0127591  0.00357182 -0.00309606    0.233533
IMAGINARY
           0    0.0152415   -0.0235419  -0.00162285
  -0.0152415            0    0.0202844  0.000641122
   0.0235419   -0.0202844            0  -0.00760794
  0.00162285 -0.000641122   0.00760794            0
Repeater1[0]<--->HoM1[0]
REAL
   0.256378 -0.00626179  -0.0140053   0.0255954
-0.00626179    0.251276 -0.00196361  0.00654263
 -0.0140053 -0.00196361    0.234694  -0.0148825
  0.0255954  0.00654263  -0.0148825    0.257653
IMAGINARY
           0    0.0196524   0.00880691  -0.00640284
  -0.0196524            0 -0.000862678   0.00169178
 -0.00880691  0.000862678            0    -0.006529
  0.00640284  -0.00169178     0.006529            0
EndNode1[0]<--->Repeater1[0]
REAL
   0.28961 0.00789482 -0.0136616   0.051898
0.00789482   0.228571   0.010602 -0.0162863
-0.0136616   0.010602   0.214286 -0.0170094
  0.051898 -0.0162863 -0.0170094   0.267532
IMAGINARY
           0  0.000540938   0.00858903   -0.0112614
-0.000540938            0    0.0186638   0.00221148
 -0.00858903   -0.0186638            0   -0.0100708
   0.0112614  -0.00221148    0.0100708            0
EndNode2[0]<--->HoM1[0]
REAL
   0.224704   0.0121713  -0.0186732   0.0102829
  0.0121713    0.272011    0.016612 -0.00088667
 -0.0186732    0.016612    0.248357   0.0135011
  0.0102829 -0.00088667   0.0135011    0.254928
IMAGINARY
           0  -0.00131794  0.000319235    0.0253012
  0.00131794            0  -0.00629729  0.000946588
-0.000319235   0.00629729            0   -0.0126061
  -0.0253012 -0.000946588    0.0126061            0
Repeater1[0]<--->EndNode1[0]
REAL
   0.28961 -0.0136616 0.00789482   0.051898
-0.0136616   0.214286   0.010602 -0.0170094
0.00789482   0.010602   0.228571 -0.0162863
  0.051898 -0.0170094 -0.0162863   0.267532
IMAGINARY
           0   0.00858903  0.000540938   -0.0112614
 -0.00858903            0   -0.0186638   -0.0100708
-0.000540938    0.0186638            0   0.00221148
   0.0112614    0.0100708  -0.00221148            0
Repeater1[0]<--->HoM1[0]
REAL
   0.224704  -0.0186732   0.0121713   0.0102829
 -0.0186732    0.248357    0.016612   0.0135011
  0.0121713    0.016612    0.272011 -0.00088667
  0.0102829   0.0135011 -0.00088667    0.254928
IMAGINARY
           0  0.000319235  -0.00131794    0.0253012
-0.000319235            0   0.00629729   -0.0126061
  0.00131794  -0.00629729            0  0.000946588
  -0.0253012    0.0126061 -0.000946588            0
EndNode1[0]<--->Repeater1[0]
REAL
   0.241338   0.0204483   0.0148283   0.0239731
  0.0204483    0.259259  0.00677561   0.0052252
  0.0148283  0.00677561    0.243728 -0.00975308
  0.0239731   0.0052252 -0.00975308    0.255675
IMAGINARY
          0   0.0137285    0.014457  0.00492771
 -0.0137285           0 -0.00682886  -0.0176417
  -0.014457  0.00682886           0 -0.00417434
-0.00492771   0.0176417  0.00417434           0
EndNode2[0]<--->HoM1[0]
REAL
   0.228232 -0.00502142  -0.0173032  -0.0111478
-0.00502142    0.254617   0.0249599   0.0214468
 -0.0173032   0.0249599    0.254617 -0.00188466
 -0.0111478   0.0214468 -0.00188466    0.262533
IMAGINARY
           0    0.0173444 -0.000975947   0.00961863
  -0.0173444            0   0.00352107   0.00281193
 0.000975947  -0.00352107            0   -0.0314203
 -0.00961863  -0.00281193    0.0314203            0
Repeater1[0]<--->EndNode1[0]
REAL
   0.241338   0.0148283   0.0204483   0.0239731
  0.0148283    0.243728  0.00677561 -0.00975308
  0.0204483  0.00677561    0.259259   0.0052252
  0.0239731 -0.00975308   0.0052252    0.255675
IMAGINARY
          0    0.014457   0.0137285  0.00492771
  -0.014457           0  0.00682886 -0.00417434
 -0.0137285 -0.00682886           0  -0.0176417
-0.00492771  0.00417434   0.0176417           0
Repeater1[0]<--->HoM1[0]
REAL
   0.228232  -0.0173032 -0.00502142  -0.0111478
 -0.0173032    0.254617   0.0249599 -0.00188466
-0.00502142   0.0249599    0.254617   0.0214468
 -0.0111478 -0.00188466   0.0214468    0.262533
IMAGINARY
           0 -0.000975947    0.0173444   0.00961863
 0.000975947            0  -0.00352107   -0.0314203
  -0.0173444   0.00352107            0   0.00281193
 -0.00961863    0.0314203  -0.00281193            0
EndNode1[0]<--->Repeater1[0]
REAL
   0.268919  0.00499736   0.0172464   0.0154809
 0.00499736    0.232432   0.0154809 -0.00736499
  0.0172464   0.0154809    0.267568  -0.0109262
  0.0154809 -0.00736499  -0.0109262    0.231081
IMAGINARY
