EndNode1[0]<--->Repeater1[0]
REAL
   0.287485 0.000373626 -0.00972006   0.0391475
0.000373626    0.234201   0.0334441 -0.00588374
-0.00972006   0.0334441    0.229244   -0.020048
  0.0391475 -0.00588374   -0.020048    0.249071
IMAGINARY
           0    -0.014669   -0.0109791   0.00642204
    0.014669            0   0.00394065   0.00527573
   0.0109791  -0.00394065            0  9.35521e-05
 -0.00642204  -0.00527573 -9.35521e-05            0
EndNode2[0]<--->HoM1[0]
REAL
   0.245383  0.00958267 -0.00689856   0.0659566
 0.00958267    0.228232   0.0279131  0.00753713
-0.00689856   0.0279131    0.254617  0.00893584
  0.0659566  0.00753713  0.00893584    0.271768
IMAGINARY
           0  -0.00480822  0.000349763     0.012359
  0.00480822            0    0.0149363    0.0213894
-0.000349763   -0.0149363            0  -0.00606135
   -0.012359   -0.0213894   0.00606135            0
Repeater1[0]<--->EndNode1[0]
REAL
   0.287485 -0.00972006 0.000373626   0.0391475
-0.00972006    0.229244   0.0334441   -0.020048
0.000373626   0.0334441    0.234201 -0.00588374
  0.0391475   -0.020048 -0.00588374    0.249071
IMAGINARY
           0   -0.0109791    -0.014669   0.00642204
   0.0109791            0  -0.00394065  9.35521e-05
    0.014669   0.00394065            0   0.00527573
 -0.00642204 -9.35521e-05  -0.00527573            0
Repeater1[0]<--->HoM1[0]
REAL
   0.245383 -0.00689856  0.00958267   0.0659566
-0.00689856    0.254617   0.0279131  0.00893584
 0.00958267   0.0279131    0.228232  0.00753713
  0.0659566  0.00893584  0.00753713    0.271768
IMAGINARY
           0  0.000349763  -0.00480822     0.012359
-0.000349763            0   -0.0149363  -0.00606135
  0.00480822    0.0149363            0    0.0213894
   -0.012359   0.00606135   -0.0213894            0
EndNode1[0]<--->Repeater1[0]
REAL
  0.262755  -0.017565  0.0153824  0.0737252
 -0.017565   0.223214  0.0305462 -0.0128699
 0.0153824  0.0305462   0.262755 -0.0188671
 0.0737252 -0.0128699 -0.0188671   0.251276
IMAGINARY
           0   0.00189834  -0.00664183   -0.0172192
 -0.00189834            0 -0.000336075   -0.0240215
  0.00664183  0.000336075            0    0.0074884
   0.0172192    0.0240215   -0.0074884            0
EndNode2[0]<--->HoM1[0]
REAL
  0.258344 0.00745588  0.0233836  0.0655489
0.00745588   0.245983  0.0190665 -0.0118451
 0.0233836  0.0190665   0.252163  0.0220313
 0.0655489 -0.0118451  0.0220313   0.243511
IMAGINARY
          0  -0.0162814  0.00013628   0.0283332
  0.0162814           0  0.00115927   0.0362959
-0.00013628 -0.00115927           0  0.00371859
 -0.0283332  -0.0362959 -0.00371859           0
Repeater1[0]<--->EndNode1[0]
REAL
  0.262755  0.0153824  -0.017565  0.0737252
 0.0153824   0.262755  0.0305462 -0.0188671
 -0.017565  0.0305462   0.223214 -0.0128699
 0.0737252 -0.0188671 -0.0128699   0.251276
IMAGINARY
           0  -0.00664183   0.00189834   -0.0172192
  0.00664183            0  0.000336075    0.0074884
 -0.00189834 -0.000336075            0   -0.0240215
   0.0172192   -0.0074884    0.0240215            0
Repeater1[0]<--->HoM1[0]
REAL
  0.258344  0.0233836 0.00745588  0.0655489
 0.0233836   0.252163  0.0190665  0.0220313
0.00745588  0.0190665   0.245983 -0.0118451
 0.0655489  0.0220313 -0.0118451   0.243511
IMAGINARY
          0  0.00013628  -0.0162814   0.0283332
-0.00013628           0 -0.00115927  0.00371859
  0.0162814  0.00115927           0   0.0362959
 -0.0283332 -0.00371859  -0.0362959           0
EndNode1[0]<--->Repeater1[0]
REAL
   0.276964 -0.00527634 -0.00832298   0.0612359
-0.00527634     0.20506   0.0520975    0.028323
-0.00832298   0.0520975    0.231691 -0.00139033
  0.0612359    0.028323 -0.00139033    0.286285
IMAGINARY
          0     0.01245  -0.0142089 -0.00427336
   -0.01245           0  -0.0300087  0.00898697
  0.0142089   0.0300087           0 -0.00461705
 0.00427336 -0.00898697  0.00461705           0
EndNode2[0]<--->HoM1[0]
REAL
  0.262335 0.00554507  0.0172049  0.0647091
0.00554507   0.250301  0.0475942  0.0178451
 0.0172049  0.0475942   0.262335   0.010907
 0.0647091  0.0178451   0.010907    0.22503
IMAGINARY
          0 -0.00824863   0.0241153  0.00841794
 0.00824863           0   0.0249154   0.0260069
 -0.0241153  -0.0249154           0  0.00091367
-0.00841794  -0.0260069 -0.00091367           0
Repeater1[0]<--->EndNode1[0]
REAL
   0.276964 -0.00832298 -0.00527634   0.0612359
-0.00832298    0.231691   0.0520975 -0.00139033
-0.00527634   0.0520975     0.20506    0.028323
  0.0612359 -0.00139033    0.028323    0.286285
IMAGINARY
          0  -0.0142089     0.01245 -0.00427336
  0.0142089           0   0.0300087 -0.00461705
   -0.01245  -0.0300087           0  0.00898697
 0.00427336  0.00461705 -0.00898697           0
Repeater1[0]<--->HoM1[0]
REAL
  0.262335  0.0172049 0.00554507  0.0647091
 0.0172049   0.262335  0.0475942   0.010907
0.00554507  0.0475942   0.250301  0.0178451
 0.0647091   0.010907  0.0178451    0.22503
IMAGINARY
          0   0.0241153 -0.00824863  0.00841794
 -0.0241153           0  -0.0249154  0.00091367
 0.00824863   0.0249154           0   0.0260069
-0.00841794 -0.00091367  -0.0260069           0
EndNode1[0]<--->Repeater1[0]
REAL
  0.263364 -0.0200671  0.0156307  0.0685766
-0.0200671   0.258149  0.0298169 -0.0109453
 0.0156307  0.0298169   0.219035 -0.0180856
 0.0685766 -0.0109453 -0.0180856   0.259452
IMAGINARY
          0  -0.0136204 -0.00031359   0.0123927
  0.0136204           0    0.013649  -0.0100223
 0.00031359   -0.013649           0 -0.00834339
 -0.0123927   0.0100223  0.00834339           0
EndNode2[0]<--->HoM1[0]
REAL
   0.235595   0.0242698 0.000897024   0.0505538
  0.0242698     0.24968   0.0212223   0.0210008
0.000897024   0.0212223    0.265045 -0.00237204
  0.0505538   0.0210008 -0.00237204     0.24968
IMAGINARY
          0   0.0054708  -0.0186457  0.00569305
 -0.0054708           0 -0.00505284   -0.001136
  0.0186457  0.00505284           0  0.00748964
-0.00569305    0.001136 -0.00748964           0
Repeater1[0]<--->EndNode1[0]
REAL
  0.263364  0.0156307 -0.0200671  0.0685766
 0.0156307   0.219035  0.0298169 -0.0180856
-0.0200671  0.0298169   0.258149 -0.0109453
 0.0685766 -0.0180856 -0.0109453   0.259452
IMAGINARY
          0 -0.00031359  -0.0136204   0.0123927
 0.00031359           0   -0.013649 -0.00834339
  0.0136204    0.013649           0  -0.0100223
 -0.0123927  0.00834339   0.0100223           0
Repeater1[0]<--->HoM1[0]
REAL
   0.235595 0.000897024   0.0242698   0.0505538
0.000897024    0.265045   0.0212223 -0.00237204
  0.0242698   0.0212223     0.24968   0.0210008
  0.0505538 -0.00237204   0.0210008     0.24968
IMAGINARY
          0  -0.0186457   0.0054708  0.00569305
  0.0186457           0  0.00505284  0.00748964
 -0.0054708 -0.00505284           0   -0.001136
-0.00569305 -0.00748964    0.001136           0
EndNode1[0]<--->Repeater1[0]
REAL
   0.269029   0.0116981 -0.00423395   0.0670978
  0.0116981    0.228346   0.0215265 -0.00237981
-0.00423395   0.0215265    0.232283  -0.0143436
  0.0670978 -0.00237981  -0.0143436    0.270341
IMAGINARY
          0  -0.0112521  -0.0106324 -0.00307771
  0.0112521           0  -0.0136318   0.0176927
  0.0106324   0.0136318           0   0.0195962
 0.00307771  -0.0176927  -0.0195962           0
EndNode2[0]<--->HoM1[0]
REAL
   0.247956  -0.0126218  0.00252806   0.0676089
 -0.0126218    0.260218   0.0650708 -0.00187446
 0.00252806   0.0650708    0.258856   0.0302689
  0.0676089 -0.00187446   0.0302689     0.23297
IMAGINARY
          0    0.035832   0.0105494  0.00453307
  -0.035832           0   0.0011131  0.00087195
 -0.0105494  -0.0011131           0   0.0161985
-0.00453307 -0.00087195  -0.0161985           0
Repeater1[0]<--->EndNode1[0]
REAL
   0.269029 -0.00423395   0.0116981   0.0670978
-0.00423395    0.232283   0.0215265  -0.0143436
  0.0116981   0.0215265    0.228346 -0.00237981
  0.0670978  -0.0143436 -0.00237981    0.270341
IMAGINARY
          0  -0.0106324  -0.0112521 -0.00307771
  0.0106324           0   0.0136318   0.0195962
  0.0112521  -0.0136318           0   0.0176927
 0.00307771  -0.0195962  -0.0176927           0
Repeater1[0]<--->HoM1[0]
REAL
   0.247956  0.00252806  -0.0126218   0.0676089
 0.00252806    0.258856   0.0650708   0.0302689
 -0.0126218   0.0650708    0.260218 -0.00187446
  0.0676089   0.0302689 -0.00187446     0.23297
IMAGINARY
          0   0.0105494    0.035832  0.00453307
 -0.0105494           0  -0.0011131   0.0161985
  -0.035832   0.0011131           0  0.00087195
-0.00453307  -0.0161985 -0.00087195           0
EndNode1[0]<--->Repeater1[0]
REAL
   0.266414  -0.0151403  0.00597689   0.0528862
 -0.0151403    0.263889   0.0250708 -0.00732098
 0.00597689   0.0250708    0.239899  0.00841989
  0.0528862 -0.00732098  0.00841989    0.229798
IMAGINARY
          0  -0.0344102  0.00552705  -0.0127432
  0.0344102           0 -0.00832959   0.0087199
-0.00552705  0.00832959           0 -0.00154637
  0.0127432  -0.0087199  0.00154637           0
EndNode2[0]<--->HoM1[0]
REAL
   0.243557  -0.0173689    0.029203   0.0610484
 -0.0173689    0.252577   0.0456354 -0.00221066
   0.029203   0.0456354    0.247423  -0.0147648
  0.0610484 -0.00221066  -0.0147648    0.256443
IMAGINARY
          0 -0.00770892 -0.00664033   -0.003526
 0.00770892           0 -0.00804213  0.00109163
 0.00664033  0.00804213           0   0.0194229
   0.003526 -0.00109163  -0.0194229           0
Repeater1[0]<--->EndNode1[0]
REAL
   0.266414  0.00597689  -0.0151403   0.0528862
 0.00597689    0.239899   0.0250708  0.00841989
 -0.0151403   0.0250708    0.263889 -0.00732098
  0.0528862  0.00841989 -0.00732098    0.229798
IMAGINARY
          0  0.00552705  -0.0344102  -0.0127432
-0.00552705           0  0.00832959 -0.00154637
  0.0344102 -0.00832959           0   0.0087199
  0.0127432  0.00154637  -0.0087199           0
Repeater1[0]<--->HoM1[0]
REAL
   0.243557    0.029203  -0.0173689   0.0610484
   0.029203    0.247423   0.0456354  -0.0147648
 -0.0173689   0.0456354    0.252577 -0.00221066
  0.0610484  -0.0147648 -0.00221066    0.256443
IMAGINARY
          0 -0.00664033 -0.00770892   -0.003526
 0.00664033           0  0.00804213   0.0194229
 0.00770892 -0.00804213           0  0.00109163
   0.003526  -0.0194229 -0.00109163           0
EndNode1[0]<--->Repeater1[0]
REAL
   0.278431   0.0129456   0.0196981    0.084097
  0.0129456    0.244444   0.0215196   0.0102164
  0.0196981   0.0215196     0.20915 -0.00378805
   0.084097   0.0102164 -0.00378805    0.267974
IMAGINARY
           0   -0.0124114    0.0226775 -0.000283688
   0.0124114            0  -0.00754921    0.0113993
  -0.0226775   0.00754921            0  -0.00307807
 0.000283688   -0.0113993   0.00307807            0
EndNode2[0]<--->HoM1[0]
REAL
   0.276569  0.00455552   0.0156537   0.0359287
 0.00455552    0.221511   0.0506346  -0.0117777
  0.0156537   0.0506346    0.226633 -0.00843149
  0.0359287  -0.0117777 -0.00843149    0.275288
IMAGINARY
          0 -0.00745308  0.00654456  -0.0169425
 0.00745308           0 -0.00686698 -0.00921836
-0.00654456  0.00686698           0   0.0194852
  0.0169425  0.00921836  -0.0194852           0
Repeater1[0]<--->EndNode1[0]
REAL
   0.278431   0.0196981   0.0129456    0.084097
  0.0196981     0.20915   0.0215196 -0.00378805
  0.0129456   0.0215196    0.244444   0.0102164
   0.084097 -0.00378805   0.0102164    0.267974
IMAGINARY
           0    0.0226775   -0.0124114 -0.000283688
  -0.0226775            0   0.00754921  -0.00307807
   0.0124114  -0.00754921            0    0.0113993
 0.000283688   0.00307807   -0.0113993            0
Repeater1[0]<--->HoM1[0]
REAL
   0.276569   0.0156537  0.00455552   0.0359287
  0.0156537    0.226633   0.0506346 -0.00843149
 0.00455552   0.0506346    0.221511  -0.0117777
  0.0359287 -0.00843149  -0.0117777    0.275288
IMAGINARY
          0  0.00654456 -0.00745308  -0.0169425
-0.00654456           0  0.00686698   0.0194852
 0.00745308 -0.00686698           0 -0.00921836
  0.0169425  -0.0194852  0.00921836           0
EndNode1[0]<--->Repeater1[0]
REAL
   0.254777  0.00653578  0.00838926   0.0818559
 0.00653578    0.233121   0.0329092  0.00838926
 0.00838926   0.0329092    0.243312 0.000846775
  0.0818559  0.00838926 0.000846775     0.26879
IMAGINARY
          0   0.0014468 -0.00173386   0.0113467
 -0.0014468           0  0.00127957  0.00731007
 0.00173386 -0.00127957           0  -0.0194146
 -0.0113467 -0.00731007   0.0194146           0
EndNode2[0]<--->HoM1[0]
REAL
   0.265045   0.0134268 -0.00134295   0.0775131
  0.0134268    0.239437   0.0300488  0.00199484
-0.00134295   0.0300488    0.225352  0.00156665
  0.0775131  0.00199484  0.00156665    0.270166
IMAGINARY
           0  0.000249882   -0.0178977   0.00995511
-0.000249882            0  -0.00402625    0.0146467
   0.0178977   0.00402625            0   -0.0126036
 -0.00995511   -0.0146467    0.0126036            0
Repeater1[0]<--->EndNode1[0]
REAL
   0.254777  0.00838926  0.00653578   0.0818559
 0.00838926    0.243312   0.0329092 0.000846775
 0.00653578   0.0329092    0.233121  0.00838926
  0.0818559 0.000846775  0.00838926     0.26879
IMAGINARY
          0 -0.00173386   0.0014468   0.0113467
 0.00173386           0 -0.00127957  -0.0194146
 -0.0014468  0.00127957           0  0.00731007
 -0.0113467   0.0194146 -0.00731007           0
Repeater1[0]<--->HoM1[0]
REAL
   0.265045 -0.00134295   0.0134268   0.0775131
-0.00134295    0.225352   0.0300488  0.00156665
  0.0134268   0.0300488    0.239437  0.00199484
  0.0775131  0.00156665  0.00199484    0.270166
IMAGINARY
           0   -0.0178977  0.000249882   0.00995511
   0.0178977            0   0.00402625   -0.0126036
-0.000249882  -0.00402625            0    0.0146467
 -0.00995511    0.0126036   -0.0146467            0
EndNode1[0]<--->Repeater1[0]
REAL
    0.25944   0.0121456   0.0163663   0.0790485
  0.0121456    0.249695   0.0490724  -0.0288499
  0.0163663   0.0490724    0.233861 -0.00229012
  0.0790485  -0.0288499 -0.00229012    0.257004
IMAGINARY
          0   0.0024498  0.00597617  0.00517126
 -0.0024498           0  0.00582486   0.0192037
-0.00597617 -0.00582486           0 -0.00604693
-0.00517126  -0.0192037  0.00604693           0
EndNode2[0]<--->HoM1[0]
REAL
   0.237484  0.00355109 -0.00960554    0.084518
 0.00355109    0.242619    0.022018   0.0181023
-0.00960554    0.022018    0.247754  -0.0015903
   0.084518   0.0181023  -0.0015903    0.272144
IMAGINARY
          0 -0.00229408   0.0148929  -0.0280084
 0.00229408           0  0.00211203  -0.0095738
 -0.0148929 -0.00211203           0 -0.00169528
  0.0280084   0.0095738  0.00169528           0
Repeater1[0]<--->EndNode1[0]
REAL
    0.25944   0.0163663   0.0121456   0.0790485
  0.0163663    0.233861   0.0490724 -0.00229012
  0.0121456   0.0490724    0.249695  -0.0288499
  0.0790485 -0.00229012  -0.0288499    0.257004
IMAGINARY
          0  0.00597617   0.0024498  0.00517126
-0.00597617           0 -0.00582486 -0.00604693
 -0.0024498  0.00582486           0   0.0192037
-0.00517126  0.00604693  -0.0192037           0
Repeater1[0]<--->HoM1[0]
REAL
   0.237484 -0.00960554  0.00355109    0.084518
-0.00960554    0.247754    0.022018  -0.0015903
 0.00355109    0.022018    0.242619   0.0181023
   0.084518  -0.0015903   0.0181023    0.272144
IMAGINARY
          0   0.0148929 -0.00229408  -0.0280084
 -0.0148929           0 -0.00211203 -0.00169528
 0.00229408  0.00211203           0  -0.0095738
  0.0280084  0.00169528   0.0095738           0
EndNode1[0]<--->Repeater1[0]
REAL
   0.245136  -0.0106348 -0.00181461   0.0854988
 -0.0106348    0.242542   0.0647671   0.0151125
-0.00181461   0.0647671    0.225681 -0.00931203
  0.0854988   0.0151125 -0.00931203    0.286641
IMAGINARY
          0  0.00882542  -0.0223418  -0.0216356
-0.00882542           0 -0.00606893   0.0199028
  0.0223418  0.00606893           0   -0.014923
  0.0216356  -0.0199028    0.014923           0
EndNode2[0]<--->HoM1[0]
REAL
   0.259615  0.00814947  0.00518639   0.0498425
 0.00814947     0.23489   0.0326011  -0.0212006
 0.00518639   0.0326011    0.211538 -0.00518387
  0.0498425  -0.0212006 -0.00518387    0.293956
IMAGINARY
          0 -0.00637209  0.00668706 -0.00165362
 0.00637209           0  0.00611221  -0.0213742
-0.00668706 -0.00611221           0 -0.00703787
 0.00165362   0.0213742  0.00703787           0
Repeater1[0]<--->EndNode1[0]
REAL
   0.245136 -0.00181461  -0.0106348   0.0854988
-0.00181461    0.225681   0.0647671 -0.00931203
 -0.0106348   0.0647671    0.242542   0.0151125
  0.0854988 -0.00931203   0.0151125    0.286641
IMAGINARY
          0  -0.0223418  0.00882542  -0.0216356
  0.0223418           0  0.00606893   -0.014923
-0.00882542 -0.00606893           0   0.0199028
  0.0216356    0.014923  -0.0199028           0
Repeater1[0]<--->HoM1[0]
REAL
   0.259615  0.00518639  0.00814947   0.0498425
 0.00518639    0.211538   0.0326011 -0.00518387
 0.00814947   0.0326011     0.23489  -0.0212006
  0.0498425 -0.00518387  -0.0212006    0.293956
IMAGINARY
          0  0.00668706 -0.00637209 -0.00165362
-0.00668706           0 -0.00611221 -0.00703787
 0.00637209  0.00611221           0  -0.0213742
 0.00165362  0.00703787   0.0213742           0
EndNode1[0]<--->Repeater1[0]
REAL
   0.259307 -0.00584416  -0.0189985   0.0738413
-0.00584416    0.219512   0.0430418  0.00860888
 -0.0189985   0.0430418    0.242619 -0.00844156
  0.0738413  0.00860888 -0.00844156    0.278562
IMAGINARY
           0   0.00660707    0.0136237    0.0036012
 -0.00660707            0  0.000367051   0.00406959
  -0.0136237 -0.000367051            0   0.00977563
  -0.0036012  -0.00406959  -0.00977563            0
EndNode2[0]<--->HoM1[0]
REAL
     0.2661   0.0245855 -0.00538424   0.0575263
  0.0245855    0.215067   0.0361809  -0.0144516
-0.00538424   0.0361809    0.241798 -0.00474962
  0.0575263  -0.0144516 -0.00474962    0.277035
IMAGINARY
          0  -0.0167226  -0.0155698 -0.00734125
  0.0167226           0   0.0129733  -0.0200058
  0.0155698  -0.0129733           0 -0.00203549
 0.00734125   0.0200058  0.00203549           0
Repeater1[0]<--->EndNode1[0]
REAL
   0.259307  -0.0189985 -0.00584416   0.0738413
 -0.0189985    0.242619   0.0430418 -0.00844156
-0.00584416   0.0430418    0.219512  0.00860888
  0.0738413 -0.00844156  0.00860888    0.278562
IMAGINARY
           0    0.0136237   0.00660707    0.0036012
  -0.0136237            0 -0.000367051   0.00977563
 -0.00660707  0.000367051            0   0.00406959
  -0.0036012  -0.00977563  -0.00406959            0
Repeater1[0]<--->HoM1[0]
REAL
     0.2661 -0.00538424   0.0245855   0.0575263
-0.00538424    0.241798   0.0361809 -0.00474962
  0.0245855   0.0361809    0.215067  -0.0144516
  0.0575263 -0.00474962  -0.0144516    0.277035
IMAGINARY
          0  -0.0155698  -0.0167226 -0.00734125
  0.0155698           0  -0.0129733 -0.00203549
  0.0167226   0.0129733           0  -0.0200058
 0.00734125  0.00203549   0.0200058           0
EndNode1[0]<--->Repeater1[0]
REAL
   0.267399   0.0263881 -0.00968855   0.0594417
  0.0263881    0.229548   0.0667265 -0.00700037
-0.00968855   0.0667265    0.240537 -0.00302364
  0.0594417 -0.00700037 -0.00302364    0.262515
IMAGINARY
          0   0.0170246   0.0151192   0.0147521
 -0.0170246           0 -0.00120532  -0.0051854
 -0.0151192  0.00120532           0   0.0246972
 -0.0147521   0.0051854  -0.0246972           0
EndNode2[0]<--->HoM1[0]
REAL
   0.261753   0.0164444 -0.00577997   0.0570986
  0.0164444    0.223634   0.0382919  0.00129854
-0.00577997   0.0382919    0.269377  0.00212151
  0.0570986  0.00129854  0.00212151    0.245235
IMAGINARY
          0  0.00185288 -0.00713624  -0.0204601
-0.00185288           0  -0.0065007   0.0207549
 0.00713624   0.0065007           0  -0.0219566
  0.0204601  -0.0207549   0.0219566           0
Repeater1[0]<--->EndNode1[0]
REAL
   0.267399 -0.00968855   0.0263881   0.0594417
-0.00968855    0.240537   0.0667265 -0.00302364
  0.0263881   0.0667265    0.229548 -0.00700037
  0.0594417 -0.00302364 -0.00700037    0.262515
IMAGINARY
          0   0.0151192   0.0170246   0.0147521
 -0.0151192           0  0.00120532   0.0246972
 -0.0170246 -0.00120532           0  -0.0051854
 -0.0147521  -0.0246972   0.0051854           0
Repeater1[0]<--->HoM1[0]
REAL
   0.261753 -0.00577997   0.0164444   0.0570986
-0.00577997    0.269377   0.0382919  0.00212151
  0.0164444   0.0382919    0.223634  0.00129854
  0.0570986  0.00212151  0.00129854    0.245235
IMAGINARY
          0 -0.00713624  0.00185288  -0.0204601
 0.00713624           0   0.0065007  -0.0219566
-0.00185288  -0.0065007           0   0.0207549
  0.0204601   0.0219566  -0.0207549           0
EndNode1[0]<--->Repeater1[0]
REAL
  0.272258 -0.0100485 -0.0162052   0.060263
-0.0100485   0.251613  0.0285826 -0.0103837
-0.0162052  0.0285826   0.223226 -0.0152433
  0.060263 -0.0103837 -0.0152433   0.252903
IMAGINARY
           0  -0.00765882  8.42968e-07   0.00139855
  0.00765882            0  -0.00261214    0.0055088
-8.42968e-07   0.00261214            0     0.004904
 -0.00139855   -0.0055088    -0.004904            0
EndNode2[0]<--->HoM1[0]
REAL
  0.258303 0.00514951 0.00378016  0.0588455
0.00514951   0.243542 0.00903958 0.00927467
0.00378016 0.00903958   0.225092 -0.0168989
 0.0588455 0.00927467 -0.0168989   0.273063
IMAGINARY
          0  0.00291297  -0.0138505   -0.004414
-0.00291297           0   0.0135286   0.0106163
  0.0138505  -0.0135286           0   0.0132578
   0.004414  -0.0106163  -0.0132578           0
Repeater1[0]<--->EndNode1[0]
REAL
  0.272258 -0.0162052 -0.0100485   0.060263
-0.0162052   0.223226  0.0285826 -0.0152433
-0.0100485  0.0285826   0.251613 -0.0103837
  0.060263 -0.0152433 -0.0103837   0.252903
IMAGINARY
           0  8.42968e-07  -0.00765882   0.00139855
-8.42968e-07            0   0.00261214     0.004904
  0.00765882  -0.00261214            0    0.0055088
 -0.00139855    -0.004904   -0.0055088            0
Repeater1[0]<--->HoM1[0]
REAL
  0.258303 0.00378016 0.00514951  0.0588455
0.00378016   0.225092 0.00903958 -0.0168989
0.00514951 0.00903958   0.243542 0.00927467
 0.0588455 -0.0168989 0.00927467   0.273063
IMAGINARY
          0  -0.0138505  0.00291297   -0.004414
  0.0138505           0  -0.0135286   0.0132578
-0.00291297   0.0135286           0   0.0106163
   0.004414  -0.0132578  -0.0106163           0
EndNode1[0]<--->Repeater1[0]
REAL
   0.279597  -0.0121634 -0.00128911    0.057971
 -0.0121634    0.235516   0.0362319  0.00590044
-0.00128911   0.0362319    0.216625  0.00359951
   0.057971  0.00590044  0.00359951    0.268262
IMAGINARY
          0  0.00455747  0.00733941  -0.0286304
-0.00455747           0 -0.00607399  0.00217146
-0.00733941  0.00607399           0  0.00767079
  0.0286304 -0.00217146 -0.00767079           0
EndNode2[0]<--->HoM1[0]
REAL
     0.26793 -0.000396622    0.0120255    0.0692515
-0.000396622     0.225981    0.0265764   -0.0113736
   0.0120255    0.0265764     0.215156  -0.00677417
   0.0692515   -0.0113736  -0.00677417     0.290934
IMAGINARY
          0  0.00139689   -0.019889  0.00262445
-0.00139689           0   0.0151873   0.0026916
   0.019889  -0.0151873           0   0.0119789
-0.00262445  -0.0026916  -0.0119789           0
Repeater1[0]<--->EndNode1[0]
REAL
   0.279597 -0.00128911  -0.0121634    0.057971
-0.00128911    0.216625   0.0362319  0.00359951
 -0.0121634   0.0362319    0.235516  0.00590044
   0.057971  0.00359951  0.00590044    0.268262
IMAGINARY
          0  0.00733941  0.00455747  -0.0286304
-0.00733941           0  0.00607399  0.00767079
-0.00455747 -0.00607399           0  0.00217146
  0.0286304 -0.00767079 -0.00217146           0
Repeater1[0]<--->HoM1[0]
REAL
     0.26793    0.0120255 -0.000396622    0.0692515
   0.0120255     0.215156    0.0265764  -0.00677417
-0.000396622    0.0265764     0.225981   -0.0113736
   0.0692515  -0.00677417   -0.0113736     0.290934
IMAGINARY
          0   -0.019889  0.00139689  0.00262445
   0.019889           0  -0.0151873   0.0119789
-0.00139689   0.0151873           0   0.0026916
-0.00262445  -0.0119789  -0.0026916           0
EndNode1[0]<--->Repeater1[0]
REAL
   0.272109  -0.0147608   -0.028823   0.0604464
 -0.0147608    0.258503   0.0465575 -0.00684497
  -0.028823   0.0465575    0.228571   0.0374586
  0.0604464 -0.00684497   0.0374586    0.240816
IMAGINARY
          0   0.0131661  -0.0126828    0.012384
 -0.0131661           0  0.00985235 -0.00373137
  0.0126828 -0.00985235           0  -0.0156914
  -0.012384  0.00373137   0.0156914           0
EndNode2[0]<--->HoM1[0]
REAL
   0.247286  -0.0210036   0.0260861   0.0515783
 -0.0210036    0.234017   0.0130211 -0.00153825
  0.0260861   0.0130211    0.258142 -0.00742017
  0.0515783 -0.00153825 -0.00742017    0.260555
IMAGINARY
          0 -0.00398826   0.0217992  -0.0199492
 0.00398826           0 -0.00230213   0.0180018
 -0.0217992  0.00230213           0 -0.00720577
  0.0199492  -0.0180018  0.00720577           0
Repeater1[0]<--->EndNode1[0]
REAL
   0.272109   -0.028823  -0.0147608   0.0604464
  -0.028823    0.228571   0.0465575   0.0374586
 -0.0147608   0.0465575    0.258503 -0.00684497
  0.0604464   0.0374586 -0.00684497    0.240816
IMAGINARY
          0  -0.0126828   0.0131661    0.012384
  0.0126828           0 -0.00985235  -0.0156914
 -0.0131661  0.00985235           0 -0.00373137
  -0.012384   0.0156914  0.00373137           0
Repeater1[0]<--->HoM1[0]
REAL
   0.247286   0.0260861  -0.0210036   0.0515783
  0.0260861    0.258142   0.0130211 -0.00742017
 -0.0210036   0.0130211    0.234017 -0.00153825
  0.0515783 -0.00742017 -0.00153825    0.260555
IMAGINARY
          0   0.0217992 -0.00398826  -0.0199492
 -0.0217992           0  0.00230213 -0.00720577
 0.00398826 -0.00230213           0   0.0180018
  0.0199492  0.00720577  -0.0180018           0
EndNode1[0]<--->Repeater1[0]
REAL
   0.287141 -0.00367099   0.0142514    0.043633
-0.00367099    0.242197   0.0429811   0.0198694
  0.0142514   0.0429811    0.230961    0.023356
   0.043633   0.0198694    0.023356      0.2397
IMAGINARY
          0   -0.018484  0.00387218  0.00840873
   0.018484           0  0.00315939  0.00199483
-0.00387218 -0.00315939           0  -0.0121549
-0.00840873 -0.00199483   0.0121549           0
EndNode2[0]<--->HoM1[0]
REAL
    0.26455   0.0232421 -0.00119211   0.0666698
  0.0232421    0.230159   0.0364431   0.0135138
-0.00119211   0.0364431    0.234127  -0.0031383
  0.0666698   0.0135138  -0.0031383    0.271164
IMAGINARY
          0  -0.0176056  0.00819141 -0.00957728
  0.0176056           0  0.00957728  -0.0170075
-0.00819141 -0.00957728           0   0.0176056
 0.00957728   0.0170075  -0.0176056           0
Repeater1[0]<--->EndNode1[0]
REAL
   0.287141   0.0142514 -0.00367099    0.043633
  0.0142514    0.230961   0.0429811    0.023356
-0.00367099   0.0429811    0.242197   0.0198694
   0.043633    0.023356   0.0198694      0.2397
IMAGINARY
          0  0.00387218   -0.018484  0.00840873
-0.00387218           0 -0.00315939  -0.0121549
   0.018484  0.00315939           0  0.00199483
-0.00840873   0.0121549 -0.00199483           0
Repeater1[0]<--->HoM1[0]
REAL
    0.26455 -0.00119211   0.0232421   0.0666698
-0.00119211    0.234127   0.0364431  -0.0031383
  0.0232421   0.0364431    0.230159   0.0135138
  0.0666698  -0.0031383   0.0135138    0.271164
IMAGINARY
          0  0.00819141  -0.0176056 -0.00957728
-0.00819141           0 -0.00957728   0.0176056
  0.0176056  0.00957728           0  -0.0170075
 0.00957728  -0.0176056   0.0170075           0
EndNode1[0]<--->Repeater1[0]
REAL
   0.274933  -0.0069469 -0.00986941   0.0667869
 -0.0069469     0.24124   0.0556758  -0.0029858
-0.00986941   0.0556758    0.238544  0.00897667
  0.0667869  -0.0029858  0.00897667    0.245283
IMAGINARY
          0 -0.00108586  -0.0102617  -0.0146177
 0.00108586           0  -0.0127261 -0.00362719
  0.0102617   0.0127261           0 -0.00169192
  0.0146177  0.00362719  0.00169192           0
EndNode2[0]<--->HoM1[0]
REAL
  0.258732 -0.0128201 0.00435823  0.0382677
-0.0128201   0.247089  0.0343614 0.00944729
0.00435823  0.0343614   0.231565 0.00981893
 0.0382677 0.00944729 0.00981893   0.262613
IMAGINARY
          0  0.00391305  0.00694474  -0.0126574
-0.00391305           0  -0.0151204  0.00216984
-0.00694474   0.0151204           0 -0.00130888
  0.0126574 -0.00216984  0.00130888           0
Repeater1[0]<--->EndNode1[0]
REAL
   0.274933 -0.00986941  -0.0069469   0.0667869
-0.00986941    0.238544   0.0556758  0.00897667
 -0.0069469   0.0556758     0.24124  -0.0029858
  0.0667869  0.00897667  -0.0029858    0.245283
IMAGINARY
          0  -0.0102617 -0.00108586  -0.0146177
  0.0102617           0   0.0127261 -0.00169192
 0.00108586  -0.0127261           0 -0.00362719
  0.0146177  0.00169192  0.00362719           0
Repeater1[0]<--->HoM1[0]
REAL
  0.258732 0.00435823 -0.0128201  0.0382677
0.00435823   0.231565  0.0343614 0.00981893
-0.0128201  0.0343614   0.247089 0.00944729
 0.0382677 0.00981893 0.00944729   0.262613
IMAGINARY
          0  0.00694474  0.00391305  -0.0126574
-0.00694474           0   0.0151204 -0.00130888
-0.00391305  -0.0151204           0  0.00216984
  0.0126574  0.00130888 -0.00216984           0
EndNode1[0]<--->Repeater1[0]
REAL
  0.256051  -0.013889 0.00446918  0.0563605
 -0.013889    0.24586  0.0438917 0.00246651
0.00446918  0.0438917   0.216561 -0.0132232
 0.0563605 0.00246651 -0.0132232   0.281529
IMAGINARY
          0  -0.0147372    0.011717  0.00550264
  0.0147372           0   0.0148426 -0.00298885
  -0.011717  -0.0148426           0 -0.00022536
-0.00550264  0.00298885  0.00022536           0
EndNode2[0]<--->HoM1[0]
REAL
  0.275995 0.00147109 -0.0223411  0.0653076
0.00147109   0.227214  0.0270491  0.0115131
-0.0223411  0.0270491   0.225931  0.0208219
 0.0653076  0.0115131  0.0208219    0.27086
IMAGINARY
          0   0.0110379   0.0187947  -0.0183145
 -0.0110379           0  -0.0256855   0.0260602
 -0.0187947   0.0256855           0  0.00215468
  0.0183145  -0.0260602 -0.00215468           0
Repeater1[0]<--->EndNode1[0]
REAL
  0.256051 0.00446918  -0.013889  0.0563605
0.00446918   0.216561  0.0438917 -0.0132232
 -0.013889  0.0438917    0.24586 0.00246651
 0.0563605 -0.0132232 0.00246651   0.281529
IMAGINARY
          0    0.011717  -0.0147372  0.00550264
  -0.011717           0  -0.0148426 -0.00022536
  0.0147372   0.0148426           0 -0.00298885
-0.00550264  0.00022536  0.00298885           0
Repeater1[0]<--->HoM1[0]
REAL
  0.275995 -0.0223411 0.00147109  0.0653076
-0.0223411   0.225931  0.0270491  0.0208219
0.00147109  0.0270491   0.227214  0.0115131
 0.0653076  0.0208219  0.0115131    0.27086
IMAGINARY
          0   0.0187947   0.0110379  -0.0183145
 -0.0187947           0   0.0256855  0.00215468
 -0.0110379  -0.0256855           0   0.0260602
  0.0183145 -0.00215468  -0.0260602           0
EndNode1[0]<--->Repeater1[0]
REAL
    0.236943   0.00807725 -0.000980324    0.0602804
  0.00807725     0.247134    0.0173511  -0.00428283
-0.000980324    0.0173511     0.247134  -0.00676146
   0.0602804  -0.00428283  -0.00676146      0.26879
IMAGINARY
          0  -0.0317396   -0.011248  0.00153175
  0.0317396           0  -0.0177919   0.0175612
   0.011248   0.0177919           0  0.00269919
-0.00153175  -0.0175612 -0.00269919           0
EndNode2[0]<--->HoM1[0]
REAL
   0.270471  0.00652078    0.010309   0.0676008
 0.00652078    0.253102   0.0411525  -0.0129615
   0.010309   0.0411525    0.230769 0.000110522
  0.0676008  -0.0129615 0.000110522    0.245658
IMAGINARY
          0 -0.00927127 -0.00421547  -0.0117286
 0.00927127           0  0.00674106 -0.00208176
 0.00421547 -0.00674106           0   0.0105307
  0.0117286  0.00208176  -0.0105307           0
Repeater1[0]<--->EndNode1[0]
REAL
    0.236943 -0.000980324   0.00807725    0.0602804
-0.000980324     0.247134    0.0173511  -0.00676146
  0.00807725    0.0173511     0.247134  -0.00428283
   0.0602804  -0.00676146  -0.00428283      0.26879
IMAGINARY
          0   -0.011248  -0.0317396  0.00153175
   0.011248           0   0.0177919  0.00269919
  0.0317396  -0.0177919           0   0.0175612
-0.00153175 -0.00269919  -0.0175612           0
Repeater1[0]<--->HoM1[0]
REAL
   0.270471    0.010309  0.00652078   0.0676008
   0.010309    0.230769   0.0411525 0.000110522
 0.00652078   0.0411525    0.253102  -0.0129615
  0.0676008 0.000110522  -0.0129615    0.245658
IMAGINARY
          0 -0.00421547 -0.00927127  -0.0117286
 0.00421547           0 -0.00674106   0.0105307
 0.00927127  0.00674106           0 -0.00208176
  0.0117286  -0.0105307  0.00208176           0
EndNode1[0]<--->Repeater1[0]
REAL
   0.277778  0.00988399    0.014716   0.0534738
 0.00988399    0.231266   0.0574212  -0.0023943
   0.014716   0.0574212    0.244186 -0.00534443
  0.0534738  -0.0023943 -0.00534443     0.24677
IMAGINARY
           0     0.018127  0.000457011   -0.0189024
   -0.018127            0   -0.0158198    0.0271746
-0.000457011    0.0158198            0  -0.00496912
   0.0189024   -0.0271746   0.00496912            0
EndNode2[0]<--->HoM1[0]
REAL
   0.252802  0.00859166  -0.0106098   0.0711533
 0.00859166    0.265255   0.0222811  0.00555932
 -0.0106098   0.0222811    0.247821 -0.00354116
  0.0711533  0.00555932 -0.00354116    0.234122
IMAGINARY
           0 -0.000658372  -0.00405484    0.0205132
 0.000658372            0   -0.0211534  -0.00471709
  0.00405484    0.0211534            0   0.00441777
  -0.0205132   0.00471709  -0.00441777            0
Repeater1[0]<--->EndNode1[0]
REAL
   0.277778    0.014716  0.00988399   0.0534738
   0.014716    0.244186   0.0574212 -0.00534443
 0.00988399   0.0574212    0.231266  -0.0023943
  0.0534738 -0.00534443  -0.0023943     0.24677
IMAGINARY
           0  0.000457011     0.018127   -0.0189024
-0.000457011            0    0.0158198  -0.00496912
   -0.018127   -0.0158198            0    0.0271746
   0.0189024   0.00496912   -0.0271746            0
Repeater1[0]<--->HoM1[0]
REAL
   0.252802  -0.0106098  0.00859166   0.0711533
 -0.0106098    0.247821   0.0222811 -0.00354116
 0.00859166   0.0222811    0.265255  0.00555932
  0.0711533 -0.00354116  0.00555932    0.234122
IMAGINARY
           0  -0.00405484 -0.000658372    0.0205132
  0.00405484            0    0.0211534   0.00441777
 0.000658372   -0.0211534            0  -0.00471709
  -0.0205132  -0.00441777   0.00471709            0
EndNode1[0]<--->Repeater1[0]
REAL
  0.250318  0.0165347 0.00576901  0.0739243
 0.0165347    0.23507   0.027628 -0.0141778
0.00576901   0.027628   0.249047   0.019041
 0.0739243 -0.0141778   0.019041   0.265565
IMAGINARY
           0   -0.0036465   -0.0328895  -0.00409104
   0.0036465            0   0.00826267 -0.000179251
   0.0328895  -0.00826267            0     -0.00429
  0.00409104  0.000179251      0.00429            0
EndNode2[0]<--->HoM1[0]
REAL
  0.280914 0.00392023 -0.0231446  0.0576918
0.00392023   0.212366  0.0499198 0.00214723
-0.0231446  0.0499198   0.240591 0.00264145
 0.0576918 0.00214723 0.00264145   0.266129
IMAGINARY
           0   0.00281401   -0.0123057 -0.000319285
 -0.00281401            0 -0.000319285   0.00841969
   0.0123057  0.000319285            0    0.0114347
 0.000319285  -0.00841969   -0.0114347            0
Repeater1[0]<--->EndNode1[0]
REAL
  0.250318 0.00576901  0.0165347  0.0739243
0.00576901   0.249047   0.027628   0.019041
 0.0165347   0.027628    0.23507 -0.0141778
 0.0739243   0.019041 -0.0141778   0.265565
IMAGINARY
           0   -0.0328895   -0.0036465  -0.00409104
   0.0328895            0  -0.00826267     -0.00429
   0.0036465   0.00826267            0 -0.000179251
  0.00409104      0.00429  0.000179251            0
Repeater1[0]<--->HoM1[0]
REAL
  0.280914 -0.0231446 0.00392023  0.0576918
-0.0231446   0.240591  0.0499198 0.00264145
0.00392023  0.0499198   0.212366 0.00214723
 0.0576918 0.00264145 0.00214723   0.266129
IMAGINARY
           0   -0.0123057   0.00281401 -0.000319285
   0.0123057            0  0.000319285    0.0114347
 -0.00281401 -0.000319285            0   0.00841969
 0.000319285   -0.0114347  -0.00841969            0
EndNode1[0]<--->Repeater1[0]
REAL
    0.244595   -0.0107485  -0.00706862    0.0764803
  -0.0107485     0.218919    0.0560721 -0.000946174
 -0.00706862    0.0560721     0.255405    0.0298607
   0.0764803 -0.000946174    0.0298607     0.281081
IMAGINARY
          0 -0.00287601 -0.00377846  -0.0251876
 0.00287601           0  0.00356242  0.00250295
 0.00377846 -0.00356242           0  0.00670254
  0.0251876 -0.00250295 -0.00670254           0
EndNode2[0]<--->HoM1[0]
REAL
  0.232737 -0.0187048 -0.0256544  0.0431548
-0.0187048   0.231458  0.0193452 -0.0182286
-0.0256544  0.0193452    0.26087  0.0054069
 0.0431548 -0.0182286  0.0054069   0.274936
IMAGINARY
          0  -0.0117103 -0.00561018 -0.00178342
  0.0117103           0  -0.0263948 -0.00817428
 0.00561018   0.0263948           0 -0.00708674
 0.00178342  0.00817428  0.00708674           0
Repeater1[0]<--->EndNode1[0]
REAL
    0.244595  -0.00706862   -0.0107485    0.0764803
 -0.00706862     0.255405    0.0560721    0.0298607
  -0.0107485    0.0560721     0.218919 -0.000946174
   0.0764803    0.0298607 -0.000946174     0.281081
IMAGINARY
          0 -0.00377846 -0.00287601  -0.0251876
 0.00377846           0 -0.00356242  0.00670254
 0.00287601  0.00356242           0  0.00250295
  0.0251876 -0.00670254 -0.00250295           0
Repeater1[0]<--->HoM1[0]
REAL
  0.232737 -0.0256544 -0.0187048  0.0431548
-0.0256544    0.26087  0.0193452  0.0054069
-0.0187048  0.0193452   0.231458 -0.0182286
 0.0431548  0.0054069 -0.0182286   0.274936
IMAGINARY
          0 -0.00561018  -0.0117103 -0.00178342
 0.00561018           0   0.0263948 -0.00708674
  0.0117103  -0.0263948           0 -0.00817428
 0.00178342  0.00708674  0.00817428           0
EndNode1[0]<--->Repeater1[0]
REAL
   0.277139   0.0052157 -0.00126461   0.0754496
  0.0052157    0.233716   0.0412795   0.0168701
-0.00126461   0.0412795    0.240102  -0.0108337
  0.0754496   0.0168701  -0.0108337    0.249042
IMAGINARY
          0  -0.0143701  0.00414892   0.0248371
  0.0143701           0  -0.0115038  -0.0146092
-0.00414892   0.0115038           0 -0.00306361
 -0.0248371   0.0146092  0.00306361           0
EndNode2[0]<--->HoM1[0]
REAL
   0.250991  0.00102353  -0.0160281   0.0500713
 0.00102353    0.245707   0.0439137  0.00725619
 -0.0160281   0.0439137    0.265522 -0.00478293
  0.0500713  0.00725619 -0.00478293    0.237781
IMAGINARY
          0 -0.00522839 -0.00636149  0.00869231
 0.00522839           0   0.0271167  0.00389843
 0.00636149  -0.0271167           0  0.00645992
-0.00869231 -0.00389843 -0.00645992           0
Repeater1[0]<--->EndNode1[0]
REAL
   0.277139 -0.00126461   0.0052157   0.0754496
-0.00126461    0.240102   0.0412795  -0.0108337
  0.0052157   0.0412795    0.233716   0.0168701
  0.0754496  -0.0108337   0.0168701    0.249042
IMAGINARY
          0  0.00414892  -0.0143701   0.0248371
-0.00414892           0   0.0115038 -0.00306361
  0.0143701  -0.0115038           0  -0.0146092
 -0.0248371  0.00306361   0.0146092           0
Repeater1[0]<--->HoM1[0]
REAL
   0.250991  -0.0160281  0.00102353   0.0500713
 -0.0160281    0.265522   0.0439137 -0.00478293
 0.00102353   0.0439137    0.245707  0.00725619
  0.0500713 -0.00478293  0.00725619    0.237781
IMAGINARY
          0 -0.00636149 -0.00522839  0.00869231
 0.00636149           0  -0.0271167  0.00645992
 0.00522839   0.0271167           0  0.00389843
-0.00869231 -0.00645992 -0.00389843           0
EndNode1[0]<--->Repeater1[0]
REAL
   0.207742 -0.00776342  0.00542408   0.0464512
-0.00776342     0.23871    0.021647  0.00745936
 0.00542408    0.021647    0.261935   0.0181929
  0.0464512  0.00745936   0.0181929    0.291613
IMAGINARY
          0  0.00335212   -0.011712   0.0137313
-0.00335212           0 -0.00676048  0.00257367
   0.011712  0.00676048           0   0.0110082
 -0.0137313 -0.00257367  -0.0110082           0
EndNode2[0]<--->HoM1[0]
REAL
  0.270305  0.0165812   0.012476  0.0497243
 0.0165812   0.247462   0.030325 -0.0149391
  0.012476   0.030325   0.229695 0.00435472
 0.0497243 -0.0149391 0.00435472   0.252538
IMAGINARY
          0  -0.0187017   0.0134678  -0.0242866
  0.0187017           0 -0.00576806 -0.00282948
