EndNode1[0]<--->Repeater1[0]
REAL
   0.291173 0.000624528   -0.008145   0.0920225
0.000624528    0.229249   -0.017188   0.0101318
  -0.008145   -0.017188    0.181818   0.0132828
  0.0920225   0.0101318   0.0132828     0.29776
IMAGINARY
           0   -0.0150715   0.00865845  -0.00973825
   0.0150715            0 -0.000691202  -0.00602687
 -0.00865845  0.000691202            0   -0.0230863
  0.00973825   0.00602687    0.0230863            0
EndNode2[0]<--->HoM1[0]
REAL
   0.314356   0.0261332  -0.0164571   0.0835012
  0.0261332    0.207921 -0.00578454  0.00201421
 -0.0164571 -0.00578454    0.181931    0.013069
  0.0835012  0.00201421    0.013069    0.295792
IMAGINARY
          0 -0.00247019  -0.0170351   0.0199104
 0.00247019           0  -0.0316291    0.010167
  0.0170351   0.0316291           0  -0.0140133
 -0.0199104   -0.010167   0.0140133           0
Repeater1[0]<--->EndNode1[0]
REAL
   0.291173   -0.008145 0.000624528   0.0920225
  -0.008145    0.181818   -0.017188   0.0132828
0.000624528   -0.017188    0.229249   0.0101318
  0.0920225   0.0132828   0.0101318     0.29776
IMAGINARY
           0   0.00865845   -0.0150715  -0.00973825
 -0.00865845            0  0.000691202   -0.0230863
   0.0150715 -0.000691202            0  -0.00602687
  0.00973825    0.0230863   0.00602687            0
Repeater1[0]<--->HoM1[0]
REAL
   0.314356  -0.0164571   0.0261332   0.0835012
 -0.0164571    0.181931 -0.00578454    0.013069
  0.0261332 -0.00578454    0.207921  0.00201421
  0.0835012    0.013069  0.00201421    0.295792
IMAGINARY
          0  -0.0170351 -0.00247019   0.0199104
  0.0170351           0   0.0316291  -0.0140133
 0.00247019  -0.0316291           0    0.010167
 -0.0199104   0.0140133   -0.010167           0
EndNode1[0]<--->Repeater1[0]
REAL
    0.27871  0.00532415   0.0382134   0.0731605
 0.00532415    0.210323   0.0133779   0.0112372
  0.0382134   0.0133779    0.203871 -0.00120327
  0.0731605   0.0112372 -0.00120327    0.307097
IMAGINARY
          0  0.00840651  0.00430143  -0.0260527
-0.00840651           0 -0.00719701   0.0201551
-0.00430143  0.00719701           0   0.0133326
  0.0260527  -0.0201551  -0.0133326           0
EndNode2[0]<--->HoM1[0]
REAL
   0.292994  -0.0125733 -0.00781718   0.0979287
 -0.0125733    0.224204 -0.00726934  -0.0169081
-0.00781718 -0.00726934    0.179618 -0.00940473
  0.0979287  -0.0169081 -0.00940473    0.303185
IMAGINARY
          0   0.0127277  -0.0277163  -0.0240781
 -0.0127277           0   0.0299759 -0.00693712
  0.0277163  -0.0299759           0   0.0107872
  0.0240781  0.00693712  -0.0107872           0
Repeater1[0]<--->EndNode1[0]
REAL
    0.27871   0.0382134  0.00532415   0.0731605
  0.0382134    0.203871   0.0133779 -0.00120327
 0.00532415   0.0133779    0.210323   0.0112372
  0.0731605 -0.00120327   0.0112372    0.307097
IMAGINARY
          0  0.00430143  0.00840651  -0.0260527
-0.00430143           0  0.00719701   0.0133326
-0.00840651 -0.00719701           0   0.0201551
  0.0260527  -0.0133326  -0.0201551           0
Repeater1[0]<--->HoM1[0]
REAL
   0.292994 -0.00781718  -0.0125733   0.0979287
-0.00781718    0.179618 -0.00726934 -0.00940473
 -0.0125733 -0.00726934    0.224204  -0.0169081
  0.0979287 -0.00940473  -0.0169081    0.303185
IMAGINARY
          0  -0.0277163   0.0127277  -0.0240781
  0.0277163           0  -0.0299759   0.0107872
 -0.0127277   0.0299759           0 -0.00693712
  0.0240781  -0.0107872  0.00693712           0
EndNode1[0]<--->Repeater1[0]
REAL
    0.298013  -0.00060866   -0.0144202      0.08125
 -0.00060866     0.188079 -0.000857843   -0.0189131
  -0.0144202 -0.000857843     0.221192    0.0156413
     0.08125   -0.0189131    0.0156413     0.292715
IMAGINARY
          0  -0.0246505  0.00301361  0.00157802
  0.0246505           0  0.00225829  -0.0128175
-0.00301361 -0.00225829           0   0.0136211
-0.00157802   0.0128175  -0.0136211           0
EndNode2[0]<--->HoM1[0]
REAL
   0.316626  -0.0140053  -0.0226252   0.0778328
 -0.0140053    0.206601 -0.00382554 -0.00565395
 -0.0226252 -0.00382554    0.218826 -0.00464697
  0.0778328 -0.00565395 -0.00464697    0.257946
IMAGINARY
           0   0.00722279  -0.00232517   -0.0259654
 -0.00722279            0 -6.93889e-18    0.0111191
  0.00232517  6.93889e-18            0    0.0204154
   0.0259654   -0.0111191   -0.0204154            0
Repeater1[0]<--->EndNode1[0]
REAL
    0.298013   -0.0144202  -0.00060866      0.08125
  -0.0144202     0.221192 -0.000857843    0.0156413
 -0.00060866 -0.000857843     0.188079   -0.0189131
     0.08125    0.0156413   -0.0189131     0.292715
IMAGINARY
          0  0.00301361  -0.0246505  0.00157802
-0.00301361           0 -0.00225829   0.0136211
  0.0246505  0.00225829           0  -0.0128175
-0.00157802  -0.0136211   0.0128175           0
Repeater1[0]<--->HoM1[0]
REAL
   0.316626  -0.0226252  -0.0140053   0.0778328
 -0.0226252    0.218826 -0.00382554 -0.00464697
 -0.0140053 -0.00382554    0.206601 -0.00565395
  0.0778328 -0.00464697 -0.00565395    0.257946
IMAGINARY
           0  -0.00232517   0.00722279   -0.0259654
  0.00232517            0  6.93889e-18    0.0204154
 -0.00722279 -6.93889e-18            0    0.0111191
   0.0259654   -0.0204154   -0.0111191            0
EndNode1[0]<--->Repeater1[0]
REAL
   0.308365  -0.0186378 -0.00497699   0.0709347
 -0.0186378    0.193508   0.0115896 -0.00109098
-0.00497699   0.0115896    0.196005  -0.0019933
  0.0709347 -0.00109098  -0.0019933    0.302122
IMAGINARY
          0  -0.0138452  -0.0186855 -0.00171874
  0.0138452           0   0.0176112  0.00299652
  0.0186855  -0.0176112           0 -0.00730074
 0.00171874 -0.00299652  0.00730074           0
EndNode2[0]<--->HoM1[0]
REAL
   0.310433  0.00254265  0.00230788   0.0806712
 0.00254265    0.211196 -0.00771267  0.00103884
 0.00230788 -0.00771267    0.212468   0.0235618
  0.0806712  0.00103884   0.0235618    0.265903
IMAGINARY
          0  0.00944584 -0.00656767 -0.00363086
-0.00944584           0    0.011075  0.00404241
 0.00656767   -0.011075           0 -0.00944584
 0.00363086 -0.00404241  0.00944584           0
Repeater1[0]<--->EndNode1[0]
REAL
   0.308365 -0.00497699  -0.0186378   0.0709347
-0.00497699    0.196005   0.0115896  -0.0019933
 -0.0186378   0.0115896    0.193508 -0.00109098
  0.0709347  -0.0019933 -0.00109098    0.302122
IMAGINARY
          0  -0.0186855  -0.0138452 -0.00171874
  0.0186855           0  -0.0176112 -0.00730074
  0.0138452   0.0176112           0  0.00299652
 0.00171874  0.00730074 -0.00299652           0
Repeater1[0]<--->HoM1[0]
REAL
   0.310433  0.00230788  0.00254265   0.0806712
 0.00230788    0.212468 -0.00771267   0.0235618
 0.00254265 -0.00771267    0.211196  0.00103884
  0.0806712   0.0235618  0.00103884    0.265903
IMAGINARY
          0 -0.00656767  0.00944584 -0.00363086
 0.00656767           0   -0.011075 -0.00944584
-0.00944584    0.011075           0  0.00404241
 0.00363086  0.00944584 -0.00404241           0
EndNode1[0]<--->Repeater1[0]
REAL
   0.270237 -0.00087614  0.00304233   0.0744907
-0.00087614    0.205479   0.0128109   0.0141534
 0.00304233   0.0128109    0.206725  0.00219889
  0.0744907   0.0141534  0.00219889    0.317559
IMAGINARY
          0  -0.0164979   0.0181184  -0.0038477
  0.0164979           0  0.00570644  -0.0141814
 -0.0181184 -0.00570644           0  0.00731159
  0.0038477   0.0141814 -0.00731159           0
EndNode2[0]<--->HoM1[0]
REAL
   0.289308   0.0130409 -0.00306558   0.0695357
  0.0130409    0.211321   0.0105614  -0.0199927
-0.00306558   0.0105614    0.192453  -0.0166817
  0.0695357  -0.0199927  -0.0166817    0.306918
IMAGINARY
          0   0.0149927  0.00755744   -0.012987
 -0.0149927           0  -0.0181818 -0.00242924
-0.00755744   0.0181818           0 -0.00730034
   0.012987  0.00242924  0.00730034           0
Repeater1[0]<--->EndNode1[0]
REAL
   0.270237  0.00304233 -0.00087614   0.0744907
 0.00304233    0.206725   0.0128109  0.00219889
-0.00087614   0.0128109    0.205479   0.0141534
  0.0744907  0.00219889   0.0141534    0.317559
IMAGINARY
          0   0.0181184  -0.0164979  -0.0038477
 -0.0181184           0 -0.00570644  0.00731159
  0.0164979  0.00570644           0  -0.0141814
  0.0038477 -0.00731159   0.0141814           0
Repeater1[0]<--->HoM1[0]
REAL
   0.289308 -0.00306558   0.0130409   0.0695357
-0.00306558    0.192453   0.0105614  -0.0166817
  0.0130409   0.0105614    0.211321  -0.0199927
  0.0695357  -0.0166817  -0.0199927    0.306918
IMAGINARY
          0  0.00755744   0.0149927   -0.012987
-0.00755744           0   0.0181818 -0.00730034
 -0.0149927  -0.0181818           0 -0.00242924
   0.012987  0.00730034  0.00242924           0
EndNode1[0]<--->Repeater1[0]
REAL
   0.29479  0.0188276  0.0244982  0.0814942
 0.0188276   0.207116 -0.0108135 0.00560651
 0.0244982 -0.0108135   0.209657 0.00604155
 0.0814942 0.00560651 0.00604155   0.288437
IMAGINARY
           0   0.00830807 -0.000988142  -0.00969057
 -0.00830807            0   0.00703805  0.000988142
 0.000988142  -0.00703805            0   0.00707654
  0.00969057 -0.000988142  -0.00707654            0
EndNode2[0]<--->HoM1[0]
REAL
    0.294872    0.0205628   -0.0122732    0.0951217
   0.0205628     0.210256  -0.00695893 -0.000673734
  -0.0122732  -0.00695893     0.211538  -0.00884892
   0.0951217 -0.000673734  -0.00884892     0.283333
IMAGINARY
           0  -0.00566861    0.0204598   0.00514865
  0.00566861            0   -0.0181357  0.000996675
  -0.0204598    0.0181357            0   0.00241764
 -0.00514865 -0.000996675  -0.00241764            0
Repeater1[0]<--->EndNode1[0]
REAL
   0.29479  0.0244982  0.0188276  0.0814942
 0.0244982   0.209657 -0.0108135 0.00604155
 0.0188276 -0.0108135   0.207116 0.00560651
 0.0814942 0.00604155 0.00560651   0.288437
IMAGINARY
           0 -0.000988142   0.00830807  -0.00969057
 0.000988142            0  -0.00703805   0.00707654
 -0.00830807   0.00703805            0  0.000988142
  0.00969057  -0.00707654 -0.000988142            0
Repeater1[0]<--->HoM1[0]
REAL
    0.294872   -0.0122732    0.0205628    0.0951217
  -0.0122732     0.211538  -0.00695893  -0.00884892
   0.0205628  -0.00695893     0.210256 -0.000673734
   0.0951217  -0.00884892 -0.000673734     0.283333
IMAGINARY
           0    0.0204598  -0.00566861   0.00514865
  -0.0204598            0    0.0181357   0.00241764
  0.00566861   -0.0181357            0  0.000996675
 -0.00514865  -0.00241764 -0.000996675            0
EndNode1[0]<--->Repeater1[0]
REAL
    0.26401 -0.00967481  -0.0109677   0.0656377
-0.00967481    0.201743 -0.00966757  0.00848018
 -0.0109677 -0.00966757    0.231631 -0.00151922
  0.0656377  0.00848018 -0.00151922    0.302615
IMAGINARY
           0    0.0122943 -0.000891893   -0.0136842
  -0.0122943            0   0.00296031   -0.0282804
 0.000891893  -0.00296031            0    -0.019757
   0.0136842    0.0282804     0.019757            0
EndNode2[0]<--->HoM1[0]
REAL
   0.309371 -0.00184657  0.00320968   0.0951482
-0.00184657    0.210526   0.0101482 -0.00131813
 0.00320968   0.0101482    0.216945 -0.00508911
  0.0951482 -0.00131813 -0.00508911    0.263158
IMAGINARY
          0   0.0247325  0.00578368 -0.00524866
 -0.0247325           0  -0.0216744 -0.00328368
-0.00578368   0.0216744           0  -0.0122325
 0.00524866  0.00328368   0.0122325           0
Repeater1[0]<--->EndNode1[0]
REAL
    0.26401  -0.0109677 -0.00967481   0.0656377
 -0.0109677    0.231631 -0.00966757 -0.00151922
-0.00967481 -0.00966757    0.201743  0.00848018
  0.0656377 -0.00151922  0.00848018    0.302615
IMAGINARY
           0 -0.000891893    0.0122943   -0.0136842
 0.000891893            0  -0.00296031    -0.019757
  -0.0122943   0.00296031            0   -0.0282804
   0.0136842     0.019757    0.0282804            0
Repeater1[0]<--->HoM1[0]
REAL
   0.309371  0.00320968 -0.00184657   0.0951482
 0.00320968    0.216945   0.0101482 -0.00508911
-0.00184657   0.0101482    0.210526 -0.00131813
  0.0951482 -0.00508911 -0.00131813    0.263158
IMAGINARY
          0  0.00578368   0.0247325 -0.00524866
-0.00578368           0   0.0216744  -0.0122325
 -0.0247325  -0.0216744           0 -0.00328368
 0.00524866   0.0122325  0.00328368           0
EndNode1[0]<--->Repeater1[0]
REAL
   0.275731  0.00428903  -0.0166115    0.083282
 0.00428903    0.199492   0.0074465 5.51876e-05
 -0.0166115   0.0074465     0.23507  0.00167123
   0.083282 5.51876e-05  0.00167123    0.289708
IMAGINARY
          0 -0.00520582    0.010745 -0.00555266
 0.00520582           0   0.0121872   0.0201033
  -0.010745  -0.0121872           0  -0.0102183
 0.00555266  -0.0201033   0.0102183           0
EndNode2[0]<--->HoM1[0]
REAL
   0.294041  -0.0217457 5.55542e-05   0.0634232
 -0.0217457    0.180052   0.0120718   -0.014907
5.55542e-05   0.0120718    0.221503  -0.0116701
  0.0634232   -0.014907  -0.0116701    0.304404
IMAGINARY
          0  0.00621516  -0.0138308  -0.0185115
-0.00621516           0  0.00294491   0.0165335
  0.0138308 -0.00294491           0 -0.00351246
  0.0185115  -0.0165335  0.00351246           0
Repeater1[0]<--->EndNode1[0]
REAL
   0.275731  -0.0166115  0.00428903    0.083282
 -0.0166115     0.23507   0.0074465  0.00167123
 0.00428903   0.0074465    0.199492 5.51876e-05
   0.083282  0.00167123 5.51876e-05    0.289708
IMAGINARY
          0    0.010745 -0.00520582 -0.00555266
  -0.010745           0  -0.0121872  -0.0102183
 0.00520582   0.0121872           0   0.0201033
 0.00555266   0.0102183  -0.0201033           0
Repeater1[0]<--->HoM1[0]
REAL
   0.294041 5.55542e-05  -0.0217457   0.0634232
5.55542e-05    0.221503   0.0120718  -0.0116701
 -0.0217457   0.0120718    0.180052   -0.014907
  0.0634232  -0.0116701   -0.014907    0.304404
IMAGINARY
          0  -0.0138308  0.00621516  -0.0185115
  0.0138308           0 -0.00294491 -0.00351246
-0.00621516  0.00294491           0   0.0165335
  0.0185115  0.00351246  -0.0165335           0
EndNode1[0]<--->Repeater1[0]
REAL
   0.302234   0.0002483 -0.00823712   0.0782584
  0.0002483    0.189225   0.0153768  -0.0217506
-0.00823712   0.0153768     0.21682 -0.00820424
  0.0782584  -0.0217506 -0.00820424    0.291721
IMAGINARY
          0 -0.00349403  -0.0172454 -0.00957436
 0.00349403           0  -0.0160011  0.00808791
  0.0172454   0.0160011           0  0.00288353
 0.00957436 -0.00808791 -0.00288353           0
EndNode2[0]<--->HoM1[0]
REAL
   0.307985 -0.00538297 -0.00260602   0.0835515
-0.00538297    0.206591  0.00021815 -0.00132068
-0.00260602  0.00021815    0.206591 -0.00901493
  0.0835515 -0.00132068 -0.00901493    0.278834
IMAGINARY
           0 -0.000635663   0.00157584    -0.021315
 0.000635663            0  -0.00473333   -0.0145967
 -0.00157584   0.00473333            0  -0.00457267
    0.021315    0.0145967   0.00457267            0
Repeater1[0]<--->EndNode1[0]
REAL
   0.302234 -0.00823712   0.0002483   0.0782584
-0.00823712     0.21682   0.0153768 -0.00820424
  0.0002483   0.0153768    0.189225  -0.0217506
  0.0782584 -0.00820424  -0.0217506    0.291721
IMAGINARY
          0  -0.0172454 -0.00349403 -0.00957436
  0.0172454           0   0.0160011  0.00288353
 0.00349403  -0.0160011           0  0.00808791
 0.00957436 -0.00288353 -0.00808791           0
Repeater1[0]<--->HoM1[0]
REAL
   0.307985 -0.00260602 -0.00538297   0.0835515
-0.00260602    0.206591  0.00021815 -0.00901493
-0.00538297  0.00021815    0.206591 -0.00132068
  0.0835515 -0.00901493 -0.00132068    0.278834
IMAGINARY
           0   0.00157584 -0.000635663    -0.021315
 -0.00157584            0   0.00473333  -0.00457267
 0.000635663  -0.00473333            0   -0.0145967
    0.021315   0.00457267    0.0145967            0
EndNode1[0]<--->Repeater1[0]
REAL
   0.300261   0.0103936 -0.00943872   0.0722173
  0.0103936    0.227154    0.004509  0.00304486
-0.00943872    0.004509    0.206266  -0.0206238
  0.0722173  0.00304486  -0.0206238    0.266319
IMAGINARY
          0  -0.0182292 -0.00785256 -0.00902869
  0.0182292           0  -0.0306539  -0.0129808
 0.00785256   0.0306539           0  -0.0182292
 0.00902869   0.0129808   0.0182292           0
EndNode2[0]<--->HoM1[0]
REAL
   0.267857  0.00268956  0.00517813   0.0982523
 0.00268956    0.192602  0.00147813   -0.001135
 0.00517813  0.00147813    0.210459 -0.00538498
  0.0982523   -0.001135 -0.00538498    0.329082
IMAGINARY
           0   -0.0265216  -0.00208186   -0.0221005
   0.0265216            0  -0.00641665   -0.0078437
  0.00208186   0.00641665            0  0.000467023
   0.0221005    0.0078437 -0.000467023            0
Repeater1[0]<--->EndNode1[0]
REAL
   0.300261 -0.00943872   0.0103936   0.0722173
-0.00943872    0.206266    0.004509  -0.0206238
  0.0103936    0.004509    0.227154  0.00304486
  0.0722173  -0.0206238  0.00304486    0.266319
IMAGINARY
          0 -0.00785256  -0.0182292 -0.00902869
 0.00785256           0   0.0306539  -0.0182292
  0.0182292  -0.0306539           0  -0.0129808
 0.00902869   0.0182292   0.0129808           0
Repeater1[0]<--->HoM1[0]
REAL
   0.267857  0.00517813  0.00268956   0.0982523
 0.00517813    0.210459  0.00147813 -0.00538498
 0.00268956  0.00147813    0.192602   -0.001135
  0.0982523 -0.00538498   -0.001135    0.329082
IMAGINARY
           0  -0.00208186   -0.0265216   -0.0221005
  0.00208186            0   0.00641665  0.000467023
   0.0265216  -0.00641665            0   -0.0078437
   0.0221005 -0.000467023    0.0078437            0
EndNode1[0]<--->Repeater1[0]
REAL
   0.302041 -0.00804533  -0.0061978   0.0805083
-0.00804533    0.219048 -0.00045583 -0.00298855
 -0.0061978 -0.00045583    0.214966  0.00673299
  0.0805083 -0.00298855  0.00673299    0.263946
IMAGINARY
          0 -0.00334669 -0.00681248   0.0158042
 0.00334669           0   0.0112764 -0.00493042
 0.00681248  -0.0112764           0 -0.00592401
 -0.0158042  0.00493042  0.00592401           0
EndNode2[0]<--->HoM1[0]
REAL
   0.297477 -0.00467085 -0.00729838     0.09004
-0.00467085    0.185923  0.00362758 -0.00193645
-0.00729838  0.00362758    0.208499  -0.0072025
    0.09004 -0.00193645  -0.0072025    0.308101
IMAGINARY
          0  0.00839392  0.00374824 -0.00286932
-0.00839392           0  0.00099666  0.00757477
-0.00374824 -0.00099666           0 -0.00422228
 0.00286932 -0.00757477  0.00422228           0
Repeater1[0]<--->EndNode1[0]
REAL
   0.302041  -0.0061978 -0.00804533   0.0805083
 -0.0061978    0.214966 -0.00045583  0.00673299
-0.00804533 -0.00045583    0.219048 -0.00298855
  0.0805083  0.00673299 -0.00298855    0.263946
IMAGINARY
          0 -0.00681248 -0.00334669   0.0158042
 0.00681248           0  -0.0112764 -0.00592401
 0.00334669   0.0112764           0 -0.00493042
 -0.0158042  0.00592401  0.00493042           0
Repeater1[0]<--->HoM1[0]
REAL
   0.297477 -0.00729838 -0.00467085     0.09004
-0.00729838    0.208499  0.00362758  -0.0072025
-0.00467085  0.00362758    0.185923 -0.00193645
    0.09004  -0.0072025 -0.00193645    0.308101
IMAGINARY
          0  0.00374824  0.00839392 -0.00286932
-0.00374824           0 -0.00099666 -0.00422228
-0.00839392  0.00099666           0  0.00757477
 0.00286932  0.00422228 -0.00757477           0
EndNode1[0]<--->Repeater1[0]
REAL
   0.280769 -0.00330674  0.00935433   0.0980394
-0.00330674     0.20641 -0.00748823   -0.011979
 0.00935433 -0.00748823    0.217949   0.0164301
  0.0980394   -0.011979   0.0164301    0.294872
IMAGINARY
           0    0.0110008    0.0117371   0.00758932
  -0.0110008            0   -0.0107419  0.000825695
  -0.0117371    0.0107419            0   0.00909968
 -0.00758932 -0.000825695  -0.00909968            0
EndNode2[0]<--->HoM1[0]
REAL
   0.312579  -0.0338013 -0.00839942   0.0914793
 -0.0338013     0.17662 -0.00513908  -0.0173738
-0.00839942 -0.00513908    0.218551   0.0118941
  0.0914793  -0.0173738   0.0118941    0.292249
IMAGINARY
          0  0.00069202  -0.0172751   0.0115719
-0.00069202           0 -0.00826938  0.00640554
  0.0172751  0.00826938           0  -0.0236389
 -0.0115719 -0.00640554   0.0236389           0
Repeater1[0]<--->EndNode1[0]
REAL
   0.280769  0.00935433 -0.00330674   0.0980394
 0.00935433    0.217949 -0.00748823   0.0164301
-0.00330674 -0.00748823     0.20641   -0.011979
  0.0980394   0.0164301   -0.011979    0.294872
IMAGINARY
           0    0.0117371    0.0110008   0.00758932
  -0.0117371            0    0.0107419   0.00909968
  -0.0110008   -0.0107419            0  0.000825695
 -0.00758932  -0.00909968 -0.000825695            0
Repeater1[0]<--->HoM1[0]
REAL
   0.312579 -0.00839942  -0.0338013   0.0914793
-0.00839942    0.218551 -0.00513908   0.0118941
 -0.0338013 -0.00513908     0.17662  -0.0173738
  0.0914793   0.0118941  -0.0173738    0.292249
IMAGINARY
          0  -0.0172751  0.00069202   0.0115719
  0.0172751           0  0.00826938  -0.0236389
-0.00069202 -0.00826938           0  0.00640554
 -0.0115719   0.0236389 -0.00640554           0
EndNode1[0]<--->Repeater1[0]
REAL
    0.278393   0.00894883 -0.000678601    0.0816544
  0.00894883     0.211911   -0.0153037    0.0196359
-0.000678601   -0.0153037     0.199446    0.0123782
   0.0816544    0.0196359    0.0123782     0.310249
IMAGINARY
          0   0.0350376  0.00636693 -0.00569227
 -0.0350376           0 -0.00374169  -0.0171401
-0.00636693  0.00374169           0   0.0188281
 0.00569227   0.0171401  -0.0188281           0
EndNode2[0]<--->HoM1[0]
REAL
    0.254753  -0.00494772     0.015752    0.0680982
 -0.00494772     0.224335 -0.000675002   -0.0164196
    0.015752 -0.000675002     0.202788   -0.0117412
   0.0680982   -0.0164196   -0.0117412     0.318124
IMAGINARY
           0   -0.0193732 -0.000562702   -0.0257356
   0.0193732            0  -0.00648092   0.00861722
 0.000562702   0.00648092            0   -0.0109861
   0.0257356  -0.00861722    0.0109861            0
Repeater1[0]<--->EndNode1[0]
REAL
    0.278393 -0.000678601   0.00894883    0.0816544
-0.000678601     0.199446   -0.0153037    0.0123782
  0.00894883   -0.0153037     0.211911    0.0196359
   0.0816544    0.0123782    0.0196359     0.310249
IMAGINARY
          0  0.00636693   0.0350376 -0.00569227
-0.00636693           0  0.00374169   0.0188281
 -0.0350376 -0.00374169           0  -0.0171401
 0.00569227  -0.0188281   0.0171401           0
Repeater1[0]<--->HoM1[0]
REAL
    0.254753     0.015752  -0.00494772    0.0680982
    0.015752     0.202788 -0.000675002   -0.0117412
 -0.00494772 -0.000675002     0.224335   -0.0164196
   0.0680982   -0.0117412   -0.0164196     0.318124
IMAGINARY
           0 -0.000562702   -0.0193732   -0.0257356
 0.000562702            0   0.00648092   -0.0109861
   0.0193732  -0.00648092            0   0.00861722
   0.0257356    0.0109861  -0.00861722            0
EndNode1[0]<--->Repeater1[0]
REAL
   0.306667   0.0148043 0.000801023   0.0819973
  0.0148043    0.214545  0.00599727   0.0135237
0.000801023  0.00599727    0.193939 -0.00320812
  0.0819973   0.0135237 -0.00320812    0.284848
IMAGINARY
          0   0.0129969   0.0139321 -0.00102565
 -0.0129969           0   0.0150206 -0.00326539
 -0.0139321  -0.0150206           0  0.00833644
 0.00102565  0.00326539 -0.00833644           0
EndNode2[0]<--->HoM1[0]
REAL
    0.291391   -0.0022508   0.00505283    0.0822492
  -0.0022508     0.190728 -0.000974867    0.0138028
  0.00505283 -0.000974867     0.235762  0.000300218
   0.0822492    0.0138028  0.000300218     0.282119
IMAGINARY
          0  0.00980767  0.00326899  0.00372005
-0.00980767           0 -0.00439481  0.00262878
-0.00326899  0.00439481           0 -0.00259928
-0.00372005 -0.00262878  0.00259928           0
Repeater1[0]<--->EndNode1[0]
REAL
   0.306667 0.000801023   0.0148043   0.0819973
0.000801023    0.193939  0.00599727 -0.00320812
  0.0148043  0.00599727    0.214545   0.0135237
  0.0819973 -0.00320812   0.0135237    0.284848
IMAGINARY
          0   0.0139321   0.0129969 -0.00102565
 -0.0139321           0  -0.0150206  0.00833644
 -0.0129969   0.0150206           0 -0.00326539
 0.00102565 -0.00833644  0.00326539           0
Repeater1[0]<--->HoM1[0]
REAL
    0.291391   0.00505283   -0.0022508    0.0822492
  0.00505283     0.235762 -0.000974867  0.000300218
  -0.0022508 -0.000974867     0.190728    0.0138028
   0.0822492  0.000300218    0.0138028     0.282119
IMAGINARY
          0  0.00326899  0.00980767  0.00372005
-0.00326899           0  0.00439481 -0.00259928
-0.00980767 -0.00439481           0  0.00262878
-0.00372005  0.00259928 -0.00262878           0
EndNode1[0]<--->Repeater1[0]
REAL
   0.289948  -0.0132725  -0.0131074   0.0836675
 -0.0132725    0.228093 -0.00516504  0.00223785
 -0.0131074 -0.00516504    0.201031  0.00361064
  0.0836675  0.00223785  0.00361064    0.280928
IMAGINARY
          0 -0.00709167  -0.0107722  0.00942716
 0.00709167           0  -0.0194673  -0.0146085
  0.0107722   0.0194673           0   0.0223201
-0.00942716   0.0146085  -0.0223201           0
EndNode2[0]<--->HoM1[0]
REAL
   0.300128   0.0103341    0.017127    0.069955
  0.0103341    0.199234 -0.00409479  0.00572245
   0.017127 -0.00409479    0.228608  0.00310676
   0.069955  0.00572245  0.00310676    0.272031
IMAGINARY
          0  0.00753604  0.00143848  0.00150726
-0.00753604           0  0.00286228   0.0136336
-0.00143848 -0.00286228           0  0.00753604
-0.00150726  -0.0136336 -0.00753604           0
Repeater1[0]<--->EndNode1[0]
REAL
   0.289948  -0.0131074  -0.0132725   0.0836675
 -0.0131074    0.201031 -0.00516504  0.00361064
 -0.0132725 -0.00516504    0.228093  0.00223785
  0.0836675  0.00361064  0.00223785    0.280928
IMAGINARY
          0  -0.0107722 -0.00709167  0.00942716
  0.0107722           0   0.0194673   0.0223201
 0.00709167  -0.0194673           0  -0.0146085
-0.00942716  -0.0223201   0.0146085           0
Repeater1[0]<--->HoM1[0]
REAL
   0.300128    0.017127   0.0103341    0.069955
   0.017127    0.228608 -0.00409479  0.00310676
  0.0103341 -0.00409479    0.199234  0.00572245
   0.069955  0.00310676  0.00572245    0.272031
IMAGINARY
          0  0.00143848  0.00753604  0.00150726
-0.00143848           0 -0.00286228  0.00753604
-0.00753604  0.00286228           0   0.0136336
-0.00150726 -0.00753604  -0.0136336           0
EndNode1[0]<--->Repeater1[0]
REAL
   0.283267 -0.00646869 -0.00571912   0.0876845
-0.00646869    0.212121  -0.0133256   0.0185396
-0.00571912  -0.0133256    0.204216 -0.00378772
  0.0876845   0.0185396 -0.00378772    0.300395
IMAGINARY
          0  -0.0107872  -0.0124637   0.0189424
  0.0107872           0   0.0164235  0.00362536
  0.0124637  -0.0164235           0  0.00699934
 -0.0189424 -0.00362536 -0.00699934           0
EndNode2[0]<--->HoM1[0]
REAL
    0.287485  0.000732458    0.0132908    0.0777571
 0.000732458     0.245353 -0.000988087  0.000727939
   0.0132908 -0.000988087     0.211896    0.0146213
   0.0777571  0.000727939    0.0146213     0.255266
IMAGINARY
          0  0.00309118  0.00657871   -0.010718
-0.00309118           0 -0.00269662 -0.00721892
-0.00657871  0.00269662           0  -0.0062922
   0.010718  0.00721892   0.0062922           0
Repeater1[0]<--->EndNode1[0]
REAL
   0.283267 -0.00571912 -0.00646869   0.0876845
-0.00571912    0.204216  -0.0133256 -0.00378772
-0.00646869  -0.0133256    0.212121   0.0185396
  0.0876845 -0.00378772   0.0185396    0.300395
IMAGINARY
          0  -0.0124637  -0.0107872   0.0189424
  0.0124637           0  -0.0164235  0.00699934
  0.0107872   0.0164235           0  0.00362536
 -0.0189424 -0.00699934 -0.00362536           0
Repeater1[0]<--->HoM1[0]
REAL
    0.287485    0.0132908  0.000732458    0.0777571
   0.0132908     0.211896 -0.000988087    0.0146213
 0.000732458 -0.000988087     0.245353  0.000727939
   0.0777571    0.0146213  0.000727939     0.255266
IMAGINARY
          0  0.00657871  0.00309118   -0.010718
-0.00657871           0  0.00269662  -0.0062922
-0.00309118 -0.00269662           0 -0.00721892
   0.010718   0.0062922  0.00721892           0
EndNode1[0]<--->Repeater1[0]
REAL
   0.32381  0.0149059 0.00569636  0.0914366
 0.0149059   0.198639 0.00527646 0.00504953
0.00569636 0.00527646        0.2 -0.0357656
 0.0914366 0.00504953 -0.0357656   0.277551
IMAGINARY
          0 -0.00281624 -0.00927524 -0.00853934
 0.00281624           0   0.0131998 -0.00361486
 0.00927524  -0.0131998           0  -0.0317835
 0.00853934  0.00361486   0.0317835           0
EndNode2[0]<--->HoM1[0]
REAL
    0.27474 -0.00560814  0.00900408   0.0742961
-0.00560814    0.197917 6.29228e-05  -0.0128502
 0.00900408 6.29228e-05     0.21875  -0.0213149
  0.0742961  -0.0128502  -0.0213149    0.308594
IMAGINARY
          0   0.0061656   -0.021321  0.00461121
 -0.0061656           0  -0.0096745  -0.0136483
   0.021321   0.0096745           0  0.00549084
-0.00461121   0.0136483 -0.00549084           0
Repeater1[0]<--->EndNode1[0]
REAL
   0.32381 0.00569636  0.0149059  0.0914366
0.00569636        0.2 0.00527646 -0.0357656
 0.0149059 0.00527646   0.198639 0.00504953
 0.0914366 -0.0357656 0.00504953   0.277551
IMAGINARY
          0 -0.00927524 -0.00281624 -0.00853934
 0.00927524           0  -0.0131998  -0.0317835
 0.00281624   0.0131998           0 -0.00361486
 0.00853934   0.0317835  0.00361486           0
Repeater1[0]<--->HoM1[0]
REAL
    0.27474  0.00900408 -0.00560814   0.0742961
 0.00900408     0.21875 6.29228e-05  -0.0213149
-0.00560814 6.29228e-05    0.197917  -0.0128502
  0.0742961  -0.0213149  -0.0128502    0.308594
IMAGINARY
          0   -0.021321   0.0061656  0.00461121
   0.021321           0   0.0096745  0.00549084
 -0.0061656  -0.0096745           0  -0.0136483
-0.00461121 -0.00549084   0.0136483           0
EndNode1[0]<--->Repeater1[0]
REAL
    0.30413     0.01341  0.00505012   0.0818304
    0.01341    0.209011 -0.00410706   -0.022798
 0.00505012 -0.00410706    0.214018    -0.02259
  0.0818304   -0.022798    -0.02259    0.272841
IMAGINARY
           0   0.00487366   -0.0110278  0.000301686
 -0.00487366            0  -0.00161402  -0.00720132
   0.0110278   0.00161402            0   0.00554301
-0.000301686   0.00720132  -0.00554301            0
EndNode2[0]<--->HoM1[0]
REAL
   0.282016 0.000416689  -0.0204951   0.0913191
0.000416689    0.217984  0.00972397   0.0107167
 -0.0204951  0.00972397     0.19346   -0.010195
  0.0913191   0.0107167   -0.010195     0.30654
IMAGINARY
          0   0.0249736  0.00250941   0.0103847
 -0.0249736           0  0.00838204  -0.0178468
-0.00250941 -0.00838204           0  0.00140674
 -0.0103847   0.0178468 -0.00140674           0
Repeater1[0]<--->EndNode1[0]
REAL
    0.30413  0.00505012     0.01341   0.0818304
 0.00505012    0.214018 -0.00410706    -0.02259
    0.01341 -0.00410706    0.209011   -0.022798
  0.0818304    -0.02259   -0.022798    0.272841
IMAGINARY
           0   -0.0110278   0.00487366  0.000301686
   0.0110278            0   0.00161402   0.00554301
 -0.00487366  -0.00161402            0  -0.00720132
-0.000301686  -0.00554301   0.00720132            0
Repeater1[0]<--->HoM1[0]
REAL
   0.282016  -0.0204951 0.000416689   0.0913191
 -0.0204951     0.19346  0.00972397   -0.010195
0.000416689  0.00972397    0.217984   0.0107167
  0.0913191   -0.010195   0.0107167     0.30654
IMAGINARY
          0  0.00250941   0.0249736   0.0103847
-0.00250941           0 -0.00838204  0.00140674
 -0.0249736  0.00838204           0  -0.0178468
 -0.0103847 -0.00140674   0.0178468           0
EndNode1[0]<--->Repeater1[0]
REAL
  0.277094  0.0156854 -0.0086098  0.0734635
 0.0156854    0.20197 0.00548385 -0.0164223
-0.0086098 0.00548385    0.20936  0.0131978
 0.0734635 -0.0164223  0.0131978   0.311576
IMAGINARY
          0  -0.0018005  0.00696793    0.014072
  0.0018005           0  -0.0190845  0.00764452
-0.00696793   0.0190845           0 -0.00772936
  -0.014072 -0.00764452  0.00772936           0
EndNode2[0]<--->HoM1[0]
REAL
   0.269596 -0.00542728 -0.00371028   0.0732644
-0.00542728    0.211401  -0.0366466 -0.00494485
-0.00371028  -0.0366466    0.212589  0.00742462
  0.0732644 -0.00494485  0.00742462    0.306413
IMAGINARY
          0  -0.0159102  -0.0152948  0.00473565
  0.0159102           0  0.00282968  0.00322368
  0.0152948 -0.00282968           0 -0.00124354
-0.00473565 -0.00322368  0.00124354           0
Repeater1[0]<--->EndNode1[0]
REAL
  0.277094 -0.0086098  0.0156854  0.0734635
-0.0086098    0.20936 0.00548385  0.0131978
 0.0156854 0.00548385    0.20197 -0.0164223
 0.0734635  0.0131978 -0.0164223   0.311576
IMAGINARY
          0  0.00696793  -0.0018005    0.014072
-0.00696793           0   0.0190845 -0.00772936
  0.0018005  -0.0190845           0  0.00764452
  -0.014072  0.00772936 -0.00764452           0
Repeater1[0]<--->HoM1[0]
REAL
   0.269596 -0.00371028 -0.00542728   0.0732644
-0.00371028    0.212589  -0.0366466  0.00742462
-0.00542728  -0.0366466    0.211401 -0.00494485
  0.0732644  0.00742462 -0.00494485    0.306413
IMAGINARY
          0  -0.0152948  -0.0159102  0.00473565
  0.0152948           0 -0.00282968 -0.00124354
  0.0159102  0.00282968           0  0.00322368
-0.00473565  0.00124354 -0.00322368           0
EndNode1[0]<--->Repeater1[0]
REAL
    0.2775 -0.0100492 0.00153391  0.0649504
-0.0100492     0.2075 0.00590519 -0.0055446
0.00153391 0.00590519       0.21 -0.0113412
 0.0649504 -0.0055446 -0.0113412      0.305
IMAGINARY
          0   0.0209852   0.0308693 -0.00954698
 -0.0209852           0  0.00454698   0.0143568
 -0.0308693 -0.00454698           0  0.00790925
 0.00954698  -0.0143568 -0.00790925           0
EndNode2[0]<--->HoM1[0]
REAL
   0.297158  0.00751603  0.00547775   0.0607056
 0.00751603    0.206718 -0.00445565   0.0120223
 0.00547775 -0.00445565    0.192506  0.00623397
  0.0607056   0.0120223  0.00623397    0.303618
IMAGINARY
          0 -0.00941752   0.0151447  0.00461639
 0.00941752           0  0.00928929  -0.0144996
 -0.0151447 -0.00928929           0   0.0229659
-0.00461639   0.0144996  -0.0229659           0
Repeater1[0]<--->EndNode1[0]
REAL
    0.2775 0.00153391 -0.0100492  0.0649504
0.00153391       0.21 0.00590519 -0.0113412
-0.0100492 0.00590519     0.2075 -0.0055446
 0.0649504 -0.0113412 -0.0055446      0.305
IMAGINARY
          0   0.0308693   0.0209852 -0.00954698
 -0.0308693           0 -0.00454698  0.00790925
 -0.0209852  0.00454698           0   0.0143568
 0.00954698 -0.00790925  -0.0143568           0
Repeater1[0]<--->HoM1[0]
REAL
   0.297158  0.00547775  0.00751603   0.0607056
 0.00547775    0.192506 -0.00445565  0.00623397
 0.00751603 -0.00445565    0.206718   0.0120223
  0.0607056  0.00623397   0.0120223    0.303618
IMAGINARY
          0   0.0151447 -0.00941752  0.00461639
 -0.0151447           0 -0.00928929   0.0229659
 0.00941752  0.00928929           0  -0.0144996
-0.00461639  -0.0229659   0.0144996           0
EndNode1[0]<--->Repeater1[0]
REAL
    0.29588  -0.0147714 -0.00719125    0.101268
 -0.0147714    0.187266   0.0171859 -0.00403069
-0.00719125   0.0171859    0.218477 -0.00143807
   0.101268 -0.00403069 -0.00143807    0.298377
IMAGINARY
          0  -0.0041904   0.0206194  0.00800716
  0.0041904           0   0.0138437  -0.0122754
 -0.0206194  -0.0138437           0 -0.00158624
-0.00800716   0.0122754  0.00158624           0
EndNode2[0]<--->HoM1[0]
REAL
  0.259591 -0.0128161 -0.0253869  0.0962119
-0.0128161     0.2289  0.0133242 0.00219103
-0.0253869  0.0133242   0.209719  0.0192594
 0.0962119 0.00219103  0.0192594    0.30179
IMAGINARY
          0 -0.00820796  -0.0115701   -0.004207
 0.00820796           0   0.0178611   0.0048856
  0.0115701  -0.0178611           0  -0.0145193
   0.004207  -0.0048856   0.0145193           0
Repeater1[0]<--->EndNode1[0]
REAL
    0.29588 -0.00719125  -0.0147714    0.101268
-0.00719125    0.218477   0.0171859 -0.00143807
 -0.0147714   0.0171859    0.187266 -0.00403069
   0.101268 -0.00143807 -0.00403069    0.298377
IMAGINARY
          0   0.0206194  -0.0041904  0.00800716
 -0.0206194           0  -0.0138437 -0.00158624
  0.0041904   0.0138437           0  -0.0122754
-0.00800716  0.00158624   0.0122754           0
Repeater1[0]<--->HoM1[0]
REAL
  0.259591 -0.0253869 -0.0128161  0.0962119
-0.0253869   0.209719  0.0133242  0.0192594
-0.0128161  0.0133242     0.2289 0.00219103
 0.0962119  0.0192594 0.00219103    0.30179
IMAGINARY
          0  -0.0115701 -0.00820796   -0.004207
  0.0115701           0  -0.0178611  -0.0145193
 0.00820796   0.0178611           0   0.0048856
   0.004207   0.0145193  -0.0048856           0
EndNode1[0]<--->Repeater1[0]
REAL
    0.269133  -0.00116825   0.00491425    0.0870805
 -0.00116825     0.228316 -0.000705782  -0.00734734
  0.00491425 -0.000705782     0.209184  -0.00613102
   0.0870805  -0.00734734  -0.00613102     0.293367
IMAGINARY
           0    0.0125593   -0.0178527  0.000442686
  -0.0125593            0   -0.0101956   -0.0114094
   0.0178527    0.0101956            0  -0.00365343
-0.000442686    0.0114094   0.00365343            0
EndNode2[0]<--->HoM1[0]
REAL
    0.268886    -0.011549   0.00788315    0.0625517
   -0.011549     0.199744    0.0221617   0.00294488
  0.00788315    0.0221617     0.226633 -0.000552896
   0.0625517   0.00294488 -0.000552896     0.304738
IMAGINARY
           0    -0.014588 -0.000180195   -0.0111103
    0.014588            0 -0.000880114   -0.0109619
 0.000180195  0.000880114            0  -0.00491059
   0.0111103    0.0109619   0.00491059            0
Repeater1[0]<--->EndNode1[0]
REAL
    0.269133   0.00491425  -0.00116825    0.0870805
  0.00491425     0.209184 -0.000705782  -0.00613102
 -0.00116825 -0.000705782     0.228316  -0.00734734
   0.0870805  -0.00613102  -0.00734734     0.293367
IMAGINARY
           0   -0.0178527    0.0125593  0.000442686
   0.0178527            0    0.0101956  -0.00365343
  -0.0125593   -0.0101956            0   -0.0114094
-0.000442686   0.00365343    0.0114094            0
Repeater1[0]<--->HoM1[0]
REAL
    0.268886   0.00788315    -0.011549    0.0625517
  0.00788315     0.226633    0.0221617 -0.000552896
   -0.011549    0.0221617     0.199744   0.00294488
   0.0625517 -0.000552896   0.00294488     0.304738
IMAGINARY
           0 -0.000180195    -0.014588   -0.0111103
 0.000180195            0  0.000880114  -0.00491059
    0.014588 -0.000880114            0   -0.0109619
   0.0111103   0.00491059    0.0109619            0
EndNode1[0]<--->Repeater1[0]
REAL
    0.30039 -0.00093068 -0.00746947   0.0872949
-0.00093068    0.195059  0.00577315  0.00169283
-0.00746947  0.00577315     0.20156 -0.00356226
  0.0872949  0.00169283 -0.00356226    0.302991
IMAGINARY
           0 -0.000192139  -0.00490196    0.0143698
 0.000192139            0   -0.0224044   0.00490196
  0.00490196    0.0224044            0  -0.00524264
  -0.0143698  -0.00490196   0.00524264            0
EndNode2[0]<--->HoM1[0]
REAL
  0.327273 0.00929546  0.0239563  0.0817953
0.00929546   0.179221  0.0300712 0.00385581
 0.0239563  0.0300712   0.202597  0.0086279
 0.0817953 0.00385581  0.0086279   0.290909
IMAGINARY
          0 -0.00165034  0.00276153   0.0278296
 0.00165034           0 -0.00872553 -0.00408779
-0.00276153  0.00872553           0  -0.0129385
 -0.0278296  0.00408779   0.0129385           0
Repeater1[0]<--->EndNode1[0]
REAL
    0.30039 -0.00746947 -0.00093068   0.0872949
-0.00746947     0.20156  0.00577315 -0.00356226
-0.00093068  0.00577315    0.195059  0.00169283
  0.0872949 -0.00356226  0.00169283    0.302991
IMAGINARY
           0  -0.00490196 -0.000192139    0.0143698
  0.00490196            0    0.0224044  -0.00524264
 0.000192139   -0.0224044            0   0.00490196
  -0.0143698   0.00524264  -0.00490196            0
Repeater1[0]<--->HoM1[0]
REAL
  0.327273  0.0239563 0.00929546  0.0817953
 0.0239563   0.202597  0.0300712  0.0086279
0.00929546  0.0300712   0.179221 0.00385581
 0.0817953  0.0086279 0.00385581   0.290909
IMAGINARY
          0  0.00276153 -0.00165034   0.0278296
-0.00276153           0  0.00872553  -0.0129385
 0.00165034 -0.00872553           0 -0.00408779
 -0.0278296   0.0129385  0.00408779           0
EndNode1[0]<--->Repeater1[0]
REAL
    0.284504 -0.000125799   0.00915088     0.080942
-0.000125799     0.207022    0.0206307   -0.0124274
  0.00915088    0.0206307       0.2046  -0.00577197
    0.080942   -0.0124274  -0.00577197     0.303874
IMAGINARY
          0   0.0104537  0.00487147  -0.0148782
 -0.0104537           0  -0.0117176  0.00355914
