EndNode1[0]<--->Repeater1[0]
REAL
  0.255208  0.0174273  0.0285871  0.0693513
 0.0174273   0.226563 0.00514365  0.0118169
 0.0285871 0.00514365   0.223958 0.00151214
 0.0693513  0.0118169 0.00151214   0.294271
IMAGINARY
          0 -0.00686079  0.00688552  0.00508459
 0.00686079           0  0.00944325   0.0081418
-0.00688552 -0.00944325           0 -0.00133593
-0.00508459  -0.0081418  0.00133593           0
EndNode2[0]<--->HoM1[0]
REAL
   0.272727   0.0261115  0.00484421   0.0355875
  0.0261115    0.209987  0.00861137 -0.00760664
 0.00484421  0.00861137    0.239437 -0.00677444
  0.0355875 -0.00760664 -0.00677444    0.277849
IMAGINARY
          0  -0.0128989   0.0134763   0.0115817
  0.0128989           0  0.00906913 -0.00657543
 -0.0134763 -0.00906913           0   -0.015332
 -0.0115817  0.00657543    0.015332           0
Repeater1[0]<--->EndNode1[0]
REAL
  0.255208  0.0285871  0.0174273  0.0693513
 0.0285871   0.223958 0.00514365 0.00151214
 0.0174273 0.00514365   0.226563  0.0118169
 0.0693513 0.00151214  0.0118169   0.294271
IMAGINARY
          0  0.00688552 -0.00686079  0.00508459
-0.00688552           0 -0.00944325 -0.00133593
 0.00686079  0.00944325           0   0.0081418
-0.00508459  0.00133593  -0.0081418           0
Repeater1[0]<--->HoM1[0]
REAL
   0.272727  0.00484421   0.0261115   0.0355875
 0.00484421    0.239437  0.00861137 -0.00677444
  0.0261115  0.00861137    0.209987 -0.00760664
  0.0355875 -0.00677444 -0.00760664    0.277849
IMAGINARY
          0   0.0134763  -0.0128989   0.0115817
 -0.0134763           0 -0.00906913   -0.015332
  0.0128989  0.00906913           0 -0.00657543
 -0.0115817    0.015332  0.00657543           0
EndNode1[0]<--->Repeater1[0]
REAL
  0.275344  0.0348348 -0.0076475  0.0620648
 0.0348348   0.230288 0.00222985  0.0182592
-0.0076475 0.00222985   0.211514  0.0144786
 0.0620648  0.0182592  0.0144786   0.282854
IMAGINARY
          0 -0.00847615  0.00832914   0.0208026
 0.00847615           0   0.0272128 -0.00764138
-0.00832914  -0.0272128           0  0.00503736
 -0.0208026  0.00764138 -0.00503736           0
EndNode2[0]<--->HoM1[0]
REAL
    0.32267 -0.00584843  0.00302237   0.0651995
-0.00584843    0.216968 -0.00428276  0.00240585
 0.00302237 -0.00428276    0.210014   0.0233394
  0.0651995  0.00240585   0.0233394    0.250348
IMAGINARY
           0 -5.80867e-05   0.00824812  -0.00387857
 5.80867e-05            0   0.00455516    0.0108254
 -0.00824812  -0.00455516            0   -0.0271899
  0.00387857   -0.0108254    0.0271899            0
Repeater1[0]<--->EndNode1[0]
REAL
  0.275344 -0.0076475  0.0348348  0.0620648
-0.0076475   0.211514 0.00222985  0.0144786
 0.0348348 0.00222985   0.230288  0.0182592
 0.0620648  0.0144786  0.0182592   0.282854
IMAGINARY
          0  0.00832914 -0.00847615   0.0208026
-0.00832914           0  -0.0272128  0.00503736
 0.00847615   0.0272128           0 -0.00764138
 -0.0208026 -0.00503736  0.00764138           0
Repeater1[0]<--->HoM1[0]
REAL
    0.32267  0.00302237 -0.00584843   0.0651995
 0.00302237    0.210014 -0.00428276   0.0233394
-0.00584843 -0.00428276    0.216968  0.00240585
  0.0651995   0.0233394  0.00240585    0.250348
IMAGINARY
           0   0.00824812 -5.80867e-05  -0.00387857
 -0.00824812            0  -0.00455516   -0.0271899
 5.80867e-05   0.00455516            0    0.0108254
  0.00387857    0.0271899   -0.0108254            0
EndNode1[0]<--->Repeater1[0]
REAL
    0.284182    0.0137552 -0.000680682    0.0456028
   0.0137552     0.211796    0.0016127    0.0164192
-0.000680682    0.0016127     0.211796   0.00198325
   0.0456028    0.0164192   0.00198325     0.292225
IMAGINARY
           0   -0.0213001 -0.000179135   -0.0162035
   0.0213001            0  -0.00908835  -0.00415792
 0.000179135   0.00908835            0  -0.00410264
   0.0162035   0.00415792   0.00410264            0
EndNode2[0]<--->HoM1[0]
REAL
  0.285714 -0.0270674 0.00777699  0.0464539
-0.0270674   0.224868 -0.0139018 -0.0194957
0.00777699 -0.0139018   0.219577  0.0140466
 0.0464539 -0.0194957  0.0140466   0.269841
IMAGINARY
           0  0.000486161   0.00578396  0.000246505
-0.000486161            0  -0.00290608   -0.0165845
 -0.00578396   0.00290608            0   -0.0125573
-0.000246505    0.0165845    0.0125573            0
Repeater1[0]<--->EndNode1[0]
REAL
    0.284182 -0.000680682    0.0137552    0.0456028
-0.000680682     0.211796    0.0016127   0.00198325
   0.0137552    0.0016127     0.211796    0.0164192
   0.0456028   0.00198325    0.0164192     0.292225
IMAGINARY
           0 -0.000179135   -0.0213001   -0.0162035
 0.000179135            0   0.00908835  -0.00410264
   0.0213001  -0.00908835            0  -0.00415792
   0.0162035   0.00410264   0.00415792            0
Repeater1[0]<--->HoM1[0]
REAL
  0.285714 0.00777699 -0.0270674  0.0464539
0.00777699   0.219577 -0.0139018  0.0140466
-0.0270674 -0.0139018   0.224868 -0.0194957
 0.0464539  0.0140466 -0.0194957   0.269841
IMAGINARY
           0   0.00578396  0.000486161  0.000246505
 -0.00578396            0   0.00290608   -0.0125573
-0.000486161  -0.00290608            0   -0.0165845
-0.000246505    0.0125573    0.0165845            0
EndNode1[0]<--->Repeater1[0]
REAL
   0.279357 -0.00027787 -0.00922961   0.0617208
-0.00027787    0.242274  0.00327922   0.0204796
-0.00922961  0.00327922     0.23115  -0.0209721
  0.0617208   0.0204796  -0.0209721    0.247219
IMAGINARY
          0   0.0100703  -0.0139119   0.0102361
 -0.0100703           0  0.00221473 -0.00946468
  0.0139119 -0.00221473           0   0.0107089
 -0.0102361  0.00946468  -0.0107089           0
EndNode2[0]<--->HoM1[0]
REAL
   0.279245 -0.00225772  0.00759701   0.0354352
-0.00225772    0.193711 -0.00644965  -0.0112202
 0.00759701 -0.00644965    0.231447  0.00829637
  0.0354352  -0.0112202  0.00829637    0.295597
IMAGINARY
           0  0.000747451  -0.00970392   -0.0152211
-0.000747451            0   0.00185209   -0.0269453
  0.00970392  -0.00185209            0   -0.0347789
   0.0152211    0.0269453    0.0347789            0
Repeater1[0]<--->EndNode1[0]
REAL
   0.279357 -0.00922961 -0.00027787   0.0617208
-0.00922961     0.23115  0.00327922  -0.0209721
-0.00027787  0.00327922    0.242274   0.0204796
  0.0617208  -0.0209721   0.0204796    0.247219
IMAGINARY
          0  -0.0139119   0.0100703   0.0102361
  0.0139119           0 -0.00221473   0.0107089
 -0.0100703  0.00221473           0 -0.00946468
 -0.0102361  -0.0107089  0.00946468           0
Repeater1[0]<--->HoM1[0]
REAL
   0.279245  0.00759701 -0.00225772   0.0354352
 0.00759701    0.231447 -0.00644965  0.00829637
-0.00225772 -0.00644965    0.193711  -0.0112202
  0.0354352  0.00829637  -0.0112202    0.295597
IMAGINARY
           0  -0.00970392  0.000747451   -0.0152211
  0.00970392            0  -0.00185209   -0.0347789
-0.000747451   0.00185209            0   -0.0269453
   0.0152211    0.0347789    0.0269453            0
EndNode1[0]<--->Repeater1[0]
REAL
   0.288265  0.00159993  -0.0108892   0.0589988
 0.00159993    0.195153 -0.00100122  0.00905765
 -0.0108892 -0.00100122    0.229592  -0.0156414
  0.0589988  0.00905765  -0.0156414     0.28699
IMAGINARY
          0  0.00509045   -0.014056  0.00166519
-0.00509045           0  0.00355674   0.0113893
   0.014056 -0.00355674           0   0.0189095
-0.00166519  -0.0113893  -0.0189095           0
EndNode2[0]<--->HoM1[0]
REAL
   0.264352 -0.00217112   0.0131935     0.02842
-0.00217112    0.244326  -0.0209776   0.0131935
  0.0131935  -0.0209776    0.208278   0.0150263
    0.02842   0.0131935   0.0150263    0.283044
IMAGINARY
          0  -0.0063764   0.0257676  0.00887395
  0.0063764           0   0.0275406 -0.00649048
 -0.0257676  -0.0275406           0  -0.0129007
-0.00887395  0.00649048   0.0129007           0
Repeater1[0]<--->EndNode1[0]
REAL
   0.288265  -0.0108892  0.00159993   0.0589988
 -0.0108892    0.229592 -0.00100122  -0.0156414
 0.00159993 -0.00100122    0.195153  0.00905765
  0.0589988  -0.0156414  0.00905765     0.28699
IMAGINARY
          0   -0.014056  0.00509045  0.00166519
   0.014056           0 -0.00355674   0.0189095
-0.00509045  0.00355674           0   0.0113893
-0.00166519  -0.0189095  -0.0113893           0
Repeater1[0]<--->HoM1[0]
REAL
   0.264352   0.0131935 -0.00217112     0.02842
  0.0131935    0.208278  -0.0209776   0.0150263
-0.00217112  -0.0209776    0.244326   0.0131935
    0.02842   0.0150263   0.0131935    0.283044
IMAGINARY
          0   0.0257676  -0.0063764  0.00887395
 -0.0257676           0  -0.0275406  -0.0129007
  0.0063764   0.0275406           0 -0.00649048
-0.00887395   0.0129007  0.00649048           0
EndNode1[0]<--->Repeater1[0]
REAL
   0.284595 -0.00629704  -0.0244985   0.0492582
-0.00629704    0.218016   0.0103134  0.00241014
 -0.0244985   0.0103134    0.214099  -0.0144526
  0.0492582  0.00241014  -0.0144526     0.28329
IMAGINARY
          0  -0.0179285   0.0219164 -0.00113097
  0.0179285           0   0.0049093   0.0107469
 -0.0219164  -0.0049093           0   0.0242099
 0.00113097  -0.0107469  -0.0242099           0
EndNode2[0]<--->HoM1[0]
REAL
    0.27399 -0.00441949  0.00435323   0.0286158
-0.00441949    0.223485   0.0012349  0.00435323
 0.00435323   0.0012349    0.224747  -0.0092621
  0.0286158  0.00435323  -0.0092621    0.277778
IMAGINARY
          0  0.00372024 -0.00695515  0.00258915
-0.00372024           0  0.00867846   0.0117171
 0.00695515 -0.00867846           0 -0.00252976
-0.00258915  -0.0117171  0.00252976           0
Repeater1[0]<--->EndNode1[0]
REAL
   0.284595  -0.0244985 -0.00629704   0.0492582
 -0.0244985    0.214099   0.0103134  -0.0144526
-0.00629704   0.0103134    0.218016  0.00241014
  0.0492582  -0.0144526  0.00241014     0.28329
IMAGINARY
          0   0.0219164  -0.0179285 -0.00113097
 -0.0219164           0  -0.0049093   0.0242099
  0.0179285   0.0049093           0   0.0107469
 0.00113097  -0.0242099  -0.0107469           0
Repeater1[0]<--->HoM1[0]
REAL
    0.27399  0.00435323 -0.00441949   0.0286158
 0.00435323    0.224747   0.0012349  -0.0092621
-0.00441949   0.0012349    0.223485  0.00435323
  0.0286158  -0.0092621  0.00435323    0.277778
IMAGINARY
          0 -0.00695515  0.00372024  0.00258915
 0.00695515           0 -0.00867846 -0.00252976
-0.00372024  0.00867846           0   0.0117171
-0.00258915  0.00252976  -0.0117171           0
EndNode1[0]<--->Repeater1[0]
REAL
  0.240669  0.0139974  -0.021717  0.0469976
 0.0139974   0.212355  0.0202701  0.0140887
 -0.021717  0.0202701    0.24453 -0.0160778
 0.0469976  0.0140887 -0.0160778   0.302445
IMAGINARY
          0   0.0220919 -0.00305544 -0.00218236
 -0.0220919           0  -0.0160363 -0.00672292
 0.00305544   0.0160363           0  0.00463558
 0.00218236  0.00672292 -0.00463558           0
EndNode2[0]<--->HoM1[0]
REAL
    0.29773   0.0261967  0.00858578   0.0406629
  0.0261967    0.216288 -0.00179594  0.00920078
 0.00858578 -0.00179594    0.212283 -0.00314004
  0.0406629  0.00920078 -0.00314004    0.273698
IMAGINARY
          0 -0.00129487  -0.0230484   0.0102596
 0.00129487           0  0.00232314  -0.0168756
  0.0230484 -0.00232314           0  0.00953315
 -0.0102596   0.0168756 -0.00953315           0
Repeater1[0]<--->EndNode1[0]
REAL
  0.240669  -0.021717  0.0139974  0.0469976
 -0.021717    0.24453  0.0202701 -0.0160778
 0.0139974  0.0202701   0.212355  0.0140887
 0.0469976 -0.0160778  0.0140887   0.302445
IMAGINARY
          0 -0.00305544   0.0220919 -0.00218236
 0.00305544           0   0.0160363  0.00463558
 -0.0220919  -0.0160363           0 -0.00672292
 0.00218236 -0.00463558  0.00672292           0
Repeater1[0]<--->HoM1[0]
REAL
    0.29773  0.00858578   0.0261967   0.0406629
 0.00858578    0.212283 -0.00179594 -0.00314004
  0.0261967 -0.00179594    0.216288  0.00920078
  0.0406629 -0.00314004  0.00920078    0.273698
IMAGINARY
          0  -0.0230484 -0.00129487   0.0102596
  0.0230484           0 -0.00232314  0.00953315
 0.00129487  0.00232314           0  -0.0168756
 -0.0102596 -0.00953315   0.0168756           0
EndNode1[0]<--->Repeater1[0]
REAL
   0.307206  -0.0181534   0.0149553   0.0563258
 -0.0181534    0.211125   0.0169557  -0.0156038
  0.0149553   0.0169557    0.212389 0.000643632
  0.0563258  -0.0156038 0.000643632    0.269279
IMAGINARY
          0  0.00713847 -0.00127827 -0.00719806
-0.00713847           0   0.0090992   0.0104646
 0.00127827  -0.0090992           0   0.0138589
 0.00719806  -0.0104646  -0.0138589           0
EndNode2[0]<--->HoM1[0]
REAL
   0.270202 -0.00906736  -0.0155192   0.0675874
-0.00906736    0.231061  0.00883744  -0.0116829
 -0.0155192  0.00883744    0.213384 -0.00906736
  0.0675874  -0.0116829 -0.00906736    0.285354
IMAGINARY
           0  -0.00197018  -0.00734752 -0.000495348
  0.00197018            0    0.0172912    0.0123475
  0.00734752   -0.0172912            0    0.0107202
 0.000495348   -0.0123475   -0.0107202            0
Repeater1[0]<--->EndNode1[0]
REAL
   0.307206   0.0149553  -0.0181534   0.0563258
  0.0149553    0.212389   0.0169557 0.000643632
 -0.0181534   0.0169557    0.211125  -0.0156038
  0.0563258 0.000643632  -0.0156038    0.269279
IMAGINARY
          0 -0.00127827  0.00713847 -0.00719806
 0.00127827           0  -0.0090992   0.0138589
-0.00713847   0.0090992           0   0.0104646
 0.00719806  -0.0138589  -0.0104646           0
Repeater1[0]<--->HoM1[0]
REAL
   0.270202  -0.0155192 -0.00906736   0.0675874
 -0.0155192    0.213384  0.00883744 -0.00906736
-0.00906736  0.00883744    0.231061  -0.0116829
  0.0675874 -0.00906736  -0.0116829    0.285354
IMAGINARY
           0  -0.00734752  -0.00197018 -0.000495348
  0.00734752            0   -0.0172912    0.0107202
  0.00197018    0.0172912            0    0.0123475
 0.000495348   -0.0107202   -0.0123475            0
EndNode1[0]<--->Repeater1[0]
REAL
   0.306905   0.0056345 -0.00472993    0.046919
  0.0056345    0.240409  -0.0112494  -0.0196756
-0.00472993  -0.0112494    0.205882 -0.00876341
   0.046919  -0.0196756 -0.00876341    0.246803
IMAGINARY
           0  -0.00443169   -0.0105903 -0.000913836
  0.00443169            0   0.00489262  -0.00426119
   0.0105903  -0.00489262            0   0.00566932
 0.000913836   0.00426119  -0.00566932            0
EndNode2[0]<--->HoM1[0]
REAL
   0.265664  0.00155898   0.0158296   0.0538186
 0.00155898    0.223058  -0.0150589 0.000966304
  0.0158296  -0.0150589    0.209273   0.0139449
  0.0538186 0.000966304   0.0139449    0.302005
IMAGINARY
          0    0.017936  0.00879134  0.00681198
  -0.017936           0  0.00484605  0.00396376
-0.00879134 -0.00484605           0  0.00247212
-0.00681198 -0.00396376 -0.00247212           0
Repeater1[0]<--->EndNode1[0]
REAL
   0.306905 -0.00472993   0.0056345    0.046919
-0.00472993    0.205882  -0.0112494 -0.00876341
  0.0056345  -0.0112494    0.240409  -0.0196756
   0.046919 -0.00876341  -0.0196756    0.246803
IMAGINARY
           0   -0.0105903  -0.00443169 -0.000913836
   0.0105903            0  -0.00489262   0.00566932
  0.00443169   0.00489262            0  -0.00426119
 0.000913836  -0.00566932   0.00426119            0
Repeater1[0]<--->HoM1[0]
REAL
   0.265664   0.0158296  0.00155898   0.0538186
  0.0158296    0.209273  -0.0150589   0.0139449
 0.00155898  -0.0150589    0.223058 0.000966304
  0.0538186   0.0139449 0.000966304    0.302005
IMAGINARY
          0  0.00879134    0.017936  0.00681198
-0.00879134           0 -0.00484605  0.00247212
  -0.017936  0.00484605           0  0.00396376
-0.00681198 -0.00247212 -0.00396376           0
EndNode1[0]<--->Repeater1[0]
REAL
   0.273171  -0.0221403  -0.0118348   0.0511502
 -0.0221403    0.237805   0.0304006  -0.0215877
 -0.0118348   0.0304006    0.207317 -0.00994522
  0.0511502  -0.0215877 -0.00994522    0.281707
IMAGINARY
          0 -0.00702811  0.00756442 -0.00366838
 0.00702811           0  -0.0150897  0.00381442
-0.00756442   0.0150897           0 -0.00702811
 0.00366838 -0.00381442  0.00702811           0
EndNode2[0]<--->HoM1[0]
REAL
   0.256739  -0.0223057 0.000700405     0.05989
 -0.0223057    0.264442  0.00876123   0.0229934
0.000700405  0.00876123    0.196406 -0.00138806
    0.05989   0.0229934 -0.00138806    0.282413
IMAGINARY
          0  0.00747336   0.0353669   0.0029373
-0.00747336           0  -0.0387864  -0.0015024
 -0.0353669   0.0387864           0  0.00381482
 -0.0029373   0.0015024 -0.00381482           0
Repeater1[0]<--->EndNode1[0]
REAL
   0.273171  -0.0118348  -0.0221403   0.0511502
 -0.0118348    0.207317   0.0304006 -0.00994522
 -0.0221403   0.0304006    0.237805  -0.0215877
  0.0511502 -0.00994522  -0.0215877    0.281707
IMAGINARY
          0  0.00756442 -0.00702811 -0.00366838
-0.00756442           0   0.0150897 -0.00702811
 0.00702811  -0.0150897           0  0.00381442
 0.00366838  0.00702811 -0.00381442           0
Repeater1[0]<--->HoM1[0]
REAL
   0.256739 0.000700405  -0.0223057     0.05989
0.000700405    0.196406  0.00876123 -0.00138806
 -0.0223057  0.00876123    0.264442   0.0229934
    0.05989 -0.00138806   0.0229934    0.282413
IMAGINARY
          0   0.0353669  0.00747336   0.0029373
 -0.0353669           0   0.0387864  0.00381482
-0.00747336  -0.0387864           0  -0.0015024
 -0.0029373 -0.00381482   0.0015024           0
EndNode1[0]<--->Repeater1[0]
REAL
   0.284967   -0.028899   0.0171539    0.061832
  -0.028899         0.2 -0.00657595   0.0165389
  0.0171539 -0.00657595     0.20915   0.0113788
   0.061832   0.0165389   0.0113788    0.305882
IMAGINARY
           0 -0.000323885   -0.0324175  0.000948682
 0.000323885            0   0.00528573  -0.00987107
   0.0324175  -0.00528573            0   0.00156767
-0.000948682   0.00987107  -0.00156767            0
EndNode2[0]<--->HoM1[0]
REAL
 0.280982 0.0232669 0.0180527  0.059726
0.0232669   0.22454 0.0163049 0.0193185
0.0180527 0.0163049  0.213497 0.0153929
 0.059726 0.0193185 0.0153929  0.280982
IMAGINARY
          0 -0.00080875 -0.00851194  0.00975452
 0.00080875           0   0.0145294 -0.00464596
 0.00851194  -0.0145294           0   0.0100193
-0.00975452  0.00464596  -0.0100193           0
Repeater1[0]<--->EndNode1[0]
REAL
   0.284967   0.0171539   -0.028899    0.061832
  0.0171539     0.20915 -0.00657595   0.0113788
  -0.028899 -0.00657595         0.2   0.0165389
   0.061832   0.0113788   0.0165389    0.305882
IMAGINARY
           0   -0.0324175 -0.000323885  0.000948682
   0.0324175            0  -0.00528573   0.00156767
 0.000323885   0.00528573            0  -0.00987107
-0.000948682  -0.00156767   0.00987107            0
Repeater1[0]<--->HoM1[0]
REAL
 0.280982 0.0180527 0.0232669  0.059726
0.0180527  0.213497 0.0163049 0.0153929
0.0232669 0.0163049   0.22454 0.0193185
 0.059726 0.0153929 0.0193185  0.280982
IMAGINARY
          0 -0.00851194 -0.00080875  0.00975452
 0.00851194           0  -0.0145294   0.0100193
 0.00080875   0.0145294           0 -0.00464596
-0.00975452  -0.0100193  0.00464596           0
EndNode1[0]<--->Repeater1[0]
REAL
    0.268949   -0.0241534   -0.0119367     0.041224
  -0.0241534     0.211491 -0.000548154  -0.00996564
  -0.0119367 -0.000548154     0.223716   -0.0215287
    0.041224  -0.00996564   -0.0215287     0.295844
IMAGINARY
          0 -0.00354761  0.00861221   0.0131659
 0.00354761           0   0.0239185   0.0268308
-0.00861221  -0.0239185           0  -0.0116423
 -0.0131659  -0.0268308   0.0116423           0
EndNode2[0]<--->HoM1[0]
REAL
   0.257937    0.010766  -0.0116627   0.0700741
   0.010766    0.227513   0.0119966 0.000299043
 -0.0116627   0.0119966    0.248677  -0.0132912
  0.0700741 0.000299043  -0.0132912    0.265873
IMAGINARY
          0  0.00909321  -0.0146798 -0.00336458
-0.00909321           0 -0.00400643  0.00867182
  0.0146798  0.00400643           0 -0.00442031
 0.00336458 -0.00867182  0.00442031           0
Repeater1[0]<--->EndNode1[0]
REAL
    0.268949   -0.0119367   -0.0241534     0.041224
  -0.0119367     0.223716 -0.000548154   -0.0215287
  -0.0241534 -0.000548154     0.211491  -0.00996564
    0.041224   -0.0215287  -0.00996564     0.295844
IMAGINARY
          0  0.00861221 -0.00354761   0.0131659
-0.00861221           0  -0.0239185  -0.0116423
 0.00354761   0.0239185           0   0.0268308
 -0.0131659   0.0116423  -0.0268308           0
Repeater1[0]<--->HoM1[0]
REAL
   0.257937  -0.0116627    0.010766   0.0700741
 -0.0116627    0.248677   0.0119966  -0.0132912
   0.010766   0.0119966    0.227513 0.000299043
  0.0700741  -0.0132912 0.000299043    0.265873
IMAGINARY
          0  -0.0146798  0.00909321 -0.00336458
  0.0146798           0  0.00400643 -0.00442031
-0.00909321 -0.00400643           0  0.00867182
 0.00336458  0.00442031 -0.00867182           0
EndNode1[0]<--->Repeater1[0]
REAL
     0.27558 -1.37531e-05   -0.0263547    0.0653796
-1.37531e-05     0.223738    0.0058704    0.0113547
  -0.0263547    0.0058704      0.21146  -0.00123625
   0.0653796    0.0113547  -0.00123625     0.289222
IMAGINARY
           0  0.000450864 -0.000664622    0.0246667
-0.000450864            0    0.0125338     0.016002
 0.000664622   -0.0125338            0    0.0148866
  -0.0246667    -0.016002   -0.0148866            0
EndNode2[0]<--->HoM1[0]
REAL
   0.302648  0.00181809   0.0119369   0.0526484
 0.00181809    0.200504  -0.0202159  -0.0213964
  0.0119369  -0.0202159    0.225725 -0.00316944
  0.0526484  -0.0213964 -0.00316944    0.271122
IMAGINARY
          0  -0.0160683 -0.00981509 -0.00169547
  0.0160683           0  -0.0162073   0.0135839
 0.00981509   0.0162073           0   0.0022492
 0.00169547  -0.0135839  -0.0022492           0
Repeater1[0]<--->EndNode1[0]
REAL
     0.27558   -0.0263547 -1.37531e-05    0.0653796
  -0.0263547      0.21146    0.0058704  -0.00123625
-1.37531e-05    0.0058704     0.223738    0.0113547
   0.0653796  -0.00123625    0.0113547     0.289222
IMAGINARY
           0 -0.000664622  0.000450864    0.0246667
 0.000664622            0   -0.0125338    0.0148866
-0.000450864    0.0125338            0     0.016002
  -0.0246667   -0.0148866    -0.016002            0
Repeater1[0]<--->HoM1[0]
REAL
   0.302648   0.0119369  0.00181809   0.0526484
  0.0119369    0.225725  -0.0202159 -0.00316944
 0.00181809  -0.0202159    0.200504  -0.0213964
  0.0526484 -0.00316944  -0.0213964    0.271122
IMAGINARY
          0 -0.00981509  -0.0160683 -0.00169547
 0.00981509           0   0.0162073   0.0022492
  0.0160683  -0.0162073           0   0.0135839
 0.00169547  -0.0022492  -0.0135839           0
EndNode1[0]<--->Repeater1[0]
REAL
  0.250639 -0.0147406  0.0225248  0.0635192
-0.0147406   0.244246 -0.0185321   0.021177
 0.0225248 -0.0185321   0.217391  0.0147406
 0.0635192   0.021177  0.0147406   0.287724
IMAGINARY
           0    0.0193775    0.0023063   0.00535191
  -0.0193775            0 -0.000210517   -0.0112807
  -0.0023063  0.000210517            0  -0.00271084
 -0.00535191    0.0112807   0.00271084            0
EndNode2[0]<--->HoM1[0]
REAL
  0.273919 0.00381067 -0.0148884  0.0469461
0.00381067   0.242464 0.00888832 0.00296872
-0.0148884 0.00888832   0.195282  -0.013221
 0.0469461 0.00296872  -0.013221   0.288336
IMAGINARY
          0  0.00795801  -0.0086514 -0.00949248
-0.00795801           0   -0.016682   -0.012346
  0.0086514    0.016682           0 -0.00270866
 0.00949248    0.012346  0.00270866           0
Repeater1[0]<--->EndNode1[0]
REAL
  0.250639  0.0225248 -0.0147406  0.0635192
 0.0225248   0.217391 -0.0185321  0.0147406
-0.0147406 -0.0185321   0.244246   0.021177
 0.0635192  0.0147406   0.021177   0.287724
IMAGINARY
           0    0.0023063    0.0193775   0.00535191
  -0.0023063            0  0.000210517  -0.00271084
  -0.0193775 -0.000210517            0   -0.0112807
 -0.00535191   0.00271084    0.0112807            0
Repeater1[0]<--->HoM1[0]
REAL
  0.273919 -0.0148884 0.00381067  0.0469461
-0.0148884   0.195282 0.00888832  -0.013221
0.00381067 0.00888832   0.242464 0.00296872
 0.0469461  -0.013221 0.00296872   0.288336
IMAGINARY
          0  -0.0086514  0.00795801 -0.00949248
  0.0086514           0    0.016682 -0.00270866
-0.00795801   -0.016682           0   -0.012346
 0.00949248  0.00270866    0.012346           0
EndNode1[0]<--->Repeater1[0]
REAL
   0.310127  -0.0065236 -0.00489257   0.0501008
 -0.0065236    0.197468    0.008009 -0.00979453
-0.00489257    0.008009    0.240506  -0.0132721
  0.0501008 -0.00979453  -0.0132721    0.251899
IMAGINARY
          0  -0.0185492 -0.00886955 -0.00263158
  0.0185492           0 -0.00263158  -0.0242937
 0.00886955  0.00263158           0  -0.0158896
 0.00263158   0.0242937   0.0158896           0
EndNode2[0]<--->HoM1[0]
REAL
   0.281081 -0.00628772  -0.0323784   0.0440732
-0.00628772    0.214865  0.00325689  0.00567936
 -0.0323784  0.00325689    0.228378   0.0099285
  0.0440732  0.00567936   0.0099285    0.275676
IMAGINARY
          0  -0.0172637 -0.00185732  0.00186104
  0.0172637           0  0.00186104  0.00440834
 0.00185732 -0.00186104           0 -0.00569553
-0.00186104 -0.00440834  0.00569553           0
Repeater1[0]<--->EndNode1[0]
REAL
   0.310127 -0.00489257  -0.0065236   0.0501008
-0.00489257    0.240506    0.008009  -0.0132721
 -0.0065236    0.008009    0.197468 -0.00979453
  0.0501008  -0.0132721 -0.00979453    0.251899
IMAGINARY
          0 -0.00886955  -0.0185492 -0.00263158
 0.00886955           0  0.00263158  -0.0158896
  0.0185492 -0.00263158           0  -0.0242937
 0.00263158   0.0158896   0.0242937           0
Repeater1[0]<--->HoM1[0]
REAL
   0.281081  -0.0323784 -0.00628772   0.0440732
 -0.0323784    0.228378  0.00325689   0.0099285
-0.00628772  0.00325689    0.214865  0.00567936
  0.0440732   0.0099285  0.00567936    0.275676
IMAGINARY
          0 -0.00185732  -0.0172637  0.00186104
 0.00185732           0 -0.00186104 -0.00569553
  0.0172637  0.00186104           0  0.00440834
-0.00186104  0.00569553 -0.00440834           0
EndNode1[0]<--->Repeater1[0]
REAL
   0.285714   0.0050342 -0.00395303   0.0595019
  0.0050342    0.200244 -0.00234024 -0.00458836
-0.00395303 -0.00234024    0.238095 0.000879074
  0.0595019 -0.00458836 0.000879074    0.275946
IMAGINARY
           0   0.00222723   0.00334546   0.00588971
 -0.00222723            0 -0.000681377  -0.00729283
 -0.00334546  0.000681377            0    0.0135622
 -0.00588971   0.00729283   -0.0135622            0
EndNode2[0]<--->HoM1[0]
REAL
   0.274457 -0.00351524 -0.00360162   0.0524655
-0.00351524    0.233696  -0.0124384  0.00156634
-0.00360162  -0.0124384    0.201087  -0.0270139
  0.0524655  0.00156634  -0.0270139    0.290761
IMAGINARY
          0  0.00810213   0.0151783  0.00572502
-0.00810213           0  0.00837754 -0.00315909
 -0.0151783 -0.00837754           0  0.00872479
-0.00572502  0.00315909 -0.00872479           0
Repeater1[0]<--->EndNode1[0]
REAL
   0.285714 -0.00395303   0.0050342   0.0595019
-0.00395303    0.238095 -0.00234024 0.000879074
  0.0050342 -0.00234024    0.200244 -0.00458836
  0.0595019 0.000879074 -0.00458836    0.275946
IMAGINARY
           0   0.00334546   0.00222723   0.00588971
 -0.00334546            0  0.000681377    0.0135622
 -0.00222723 -0.000681377            0  -0.00729283
 -0.00588971   -0.0135622   0.00729283            0
Repeater1[0]<--->HoM1[0]
REAL
   0.274457 -0.00360162 -0.00351524   0.0524655
-0.00360162    0.201087  -0.0124384  -0.0270139
-0.00351524  -0.0124384    0.233696  0.00156634
  0.0524655  -0.0270139  0.00156634    0.290761
IMAGINARY
          0   0.0151783  0.00810213  0.00572502
 -0.0151783           0 -0.00837754  0.00872479
-0.00810213  0.00837754           0 -0.00315909
-0.00572502 -0.00872479  0.00315909           0
EndNode1[0]<--->Repeater1[0]
REAL
   0.284367  0.00474118  -0.0147356   0.0572904
 0.00474118    0.226415  -0.0248384  0.00151442
 -0.0147356  -0.0248384    0.243935 -0.00233733
  0.0572904  0.00151442 -0.00233733    0.245283
IMAGINARY
          0  -0.0111312  -0.0137486  -0.0191667
  0.0111312           0  -0.0198118    0.023604
  0.0137486   0.0198118           0  0.00127575
  0.0191667   -0.023604 -0.00127575           0
EndNode2[0]<--->HoM1[0]
REAL
   0.288278 -0.00817772   0.0124218   0.0782645
-0.00817772    0.210526  -0.0174802   0.0117613
  0.0124218  -0.0174802    0.227273 -0.00685496
  0.0782645   0.0117613 -0.00685496    0.273923
IMAGINARY
           0  -0.00726215    0.0142783    0.0127113
  0.00726215            0 -0.000516196   -0.0023884
  -0.0142783  0.000516196            0  -0.00337614
  -0.0127113    0.0023884   0.00337614            0
Repeater1[0]<--->EndNode1[0]
REAL
   0.284367  -0.0147356  0.00474118   0.0572904
 -0.0147356    0.243935  -0.0248384 -0.00233733
 0.00474118  -0.0248384    0.226415  0.00151442
  0.0572904 -0.00233733  0.00151442    0.245283
IMAGINARY
          0  -0.0137486  -0.0111312  -0.0191667
  0.0137486           0   0.0198118  0.00127575
  0.0111312  -0.0198118           0    0.023604
  0.0191667 -0.00127575   -0.023604           0
Repeater1[0]<--->HoM1[0]
REAL
   0.288278   0.0124218 -0.00817772   0.0782645
  0.0124218    0.227273  -0.0174802 -0.00685496
-0.00817772  -0.0174802    0.210526   0.0117613
  0.0782645 -0.00685496   0.0117613    0.273923
IMAGINARY
           0    0.0142783  -0.00726215    0.0127113
  -0.0142783            0  0.000516196  -0.00337614
  0.00726215 -0.000516196            0   -0.0023884
  -0.0127113   0.00337614    0.0023884            0
EndNode1[0]<--->Repeater1[0]
REAL
    0.26943 -0.00517727   0.0174239   0.0664813
-0.00517727    0.218912 0.000876209  -0.0135379
  0.0174239 0.000876209    0.227979   0.0168353
  0.0664813  -0.0135379   0.0168353    0.283679
IMAGINARY
         0  -0.012795 -0.0109411 -0.0242163
  0.012795          0  0.0205308  0.0217692
 0.0109411 -0.0205308          0  0.0312663
 0.0242163 -0.0217692 -0.0312663          0
EndNode2[0]<--->HoM1[0]
REAL
   0.265888  -0.0174262 -0.00633266   0.0619425
 -0.0174262    0.228275  0.00489553  0.00119128
-0.00633266  0.00489553    0.206226   0.0058581
  0.0619425  0.00119128   0.0058581    0.299611
IMAGINARY
           0 -0.000797939  0.000390436    0.0108015
 0.000797939            0    0.0148556  -0.00911527
-0.000390436   -0.0148556            0     0.020261
  -0.0108015   0.00911527    -0.020261            0
Repeater1[0]<--->EndNode1[0]
REAL
    0.26943   0.0174239 -0.00517727   0.0664813
  0.0174239    0.227979 0.000876209   0.0168353
-0.00517727 0.000876209    0.218912  -0.0135379
  0.0664813   0.0168353  -0.0135379    0.283679
IMAGINARY
         0 -0.0109411  -0.012795 -0.0242163
 0.0109411          0 -0.0205308  0.0312663
  0.012795  0.0205308          0  0.0217692
 0.0242163 -0.0312663 -0.0217692          0
Repeater1[0]<--->HoM1[0]
REAL
   0.265888 -0.00633266  -0.0174262   0.0619425
-0.00633266    0.206226  0.00489553   0.0058581
 -0.0174262  0.00489553    0.228275  0.00119128
  0.0619425   0.0058581  0.00119128    0.299611
IMAGINARY
           0  0.000390436 -0.000797939    0.0108015
-0.000390436            0   -0.0148556     0.020261
 0.000797939    0.0148556            0  -0.00911527
  -0.0108015    -0.020261   0.00911527            0
EndNode1[0]<--->Repeater1[0]
REAL
   0.277778 -0.00477285  -0.0183455   0.0521313
-0.00477285    0.213178  0.00415146  -0.0156859
 -0.0183455  0.00415146    0.224806 -0.00177165
  0.0521313  -0.0156859 -0.00177165    0.284238
IMAGINARY
          0 -0.00847632 -0.00376567    0.012335
 0.00847632           0   0.0195246   0.0050283
 0.00376567  -0.0195246           0  -0.0104631
  -0.012335  -0.0050283   0.0104631           0
EndNode2[0]<--->HoM1[0]
REAL
  0.277419  0.0182721  0.0181922  0.0500746
 0.0182721    0.20129 0.00563013 -0.0161788
 0.0181922 0.00563013   0.242581 -0.0122319
 0.0500746 -0.0161788 -0.0122319    0.27871
IMAGINARY
          0  0.00276436 -0.00972757   -0.023239
-0.00276436           0   0.0098244 -0.00138354
 0.00972757  -0.0098244           0  0.00711218
   0.023239  0.00138354 -0.00711218           0
Repeater1[0]<--->EndNode1[0]
REAL
   0.277778  -0.0183455 -0.00477285   0.0521313
 -0.0183455    0.224806  0.00415146 -0.00177165
-0.00477285  0.00415146    0.213178  -0.0156859
  0.0521313 -0.00177165  -0.0156859    0.284238
IMAGINARY
          0 -0.00376567 -0.00847632    0.012335
 0.00376567           0  -0.0195246  -0.0104631
 0.00847632   0.0195246           0   0.0050283
  -0.012335   0.0104631  -0.0050283           0
Repeater1[0]<--->HoM1[0]
REAL
  0.277419  0.0181922  0.0182721  0.0500746
 0.0181922   0.242581 0.00563013 -0.0122319
 0.0182721 0.00563013    0.20129 -0.0161788
 0.0500746 -0.0122319 -0.0161788    0.27871
IMAGINARY
          0 -0.00972757  0.00276436   -0.023239
 0.00972757           0  -0.0098244  0.00711218
-0.00276436   0.0098244           0 -0.00138354
   0.023239 -0.00711218  0.00138354           0
EndNode1[0]<--->Repeater1[0]
REAL
     0.29172 -0.000292355  -0.00161114    0.0631707
-0.000292355      0.22293  -0.00718109   0.00681947
 -0.00161114  -0.00718109     0.207643   0.00159444
   0.0631707   0.00681947   0.00159444     0.277707
IMAGINARY
          0 -0.00869657  -0.0183577   0.0110658
 0.00869657           0 -0.00982197     0.01082
  0.0183577  0.00982197           0  0.00115888
 -0.0110658    -0.01082 -0.00115888           0
EndNode2[0]<--->HoM1[0]
REAL
   0.303145   0.0120602 -0.00997599   0.0488183
  0.0120602         0.2  0.00312975  -0.0146993
-0.00997599  0.00312975    0.226415 -0.00686536
  0.0488183  -0.0146993 -0.00686536     0.27044
IMAGINARY
          0   0.0119407   0.0267738  -0.0113047
 -0.0119407           0    0.020638  0.00218368
 -0.0267738   -0.020638           0   0.0170168
  0.0113047 -0.00218368  -0.0170168           0
Repeater1[0]<--->EndNode1[0]
REAL
     0.29172  -0.00161114 -0.000292355    0.0631707
 -0.00161114     0.207643  -0.00718109   0.00159444
-0.000292355  -0.00718109      0.22293   0.00681947
   0.0631707   0.00159444   0.00681947     0.277707
IMAGINARY
          0  -0.0183577 -0.00869657   0.0110658
  0.0183577           0  0.00982197  0.00115888
 0.00869657 -0.00982197           0     0.01082
 -0.0110658 -0.00115888    -0.01082           0
Repeater1[0]<--->HoM1[0]
REAL
   0.303145 -0.00997599   0.0120602   0.0488183
-0.00997599    0.226415  0.00312975 -0.00686536
  0.0120602  0.00312975         0.2  -0.0146993
  0.0488183 -0.00686536  -0.0146993     0.27044
IMAGINARY
          0   0.0267738   0.0119407  -0.0113047
 -0.0267738           0   -0.020638   0.0170168
 -0.0119407    0.020638           0  0.00218368
  0.0113047  -0.0170168 -0.00218368           0
EndNode1[0]<--->Repeater1[0]
REAL
   0.299864 -0.00739548  0.00619411     0.06464
-0.00739548    0.233379 -0.00564116   0.0158559
 0.00619411 -0.00564116    0.208955 -0.00154373
    0.06464   0.0158559 -0.00154373    0.257802
IMAGINARY
          0  0.00243422  0.00442061 -0.00145383
-0.00243422           0  0.00932784 -0.00107389
-0.00442061 -0.00932784           0  -0.0338934
 0.00145383  0.00107389   0.0338934           0
EndNode2[0]<--->HoM1[0]
REAL
  0.305412   0.017994 -0.0159085  0.0785017
  0.017994   0.217784 0.00744562  0.0102623
-0.0159085 0.00744562    0.21134 0.00396336
 0.0785017  0.0102623 0.00396336   0.265464
IMAGINARY
          0 -0.00940705 -0.00192237   0.0159262
 0.00940705           0   0.0147126  0.00127048
 0.00192237  -0.0147126           0 -0.00167509
 -0.0159262 -0.00127048  0.00167509           0
Repeater1[0]<--->EndNode1[0]
REAL
   0.299864  0.00619411 -0.00739548     0.06464
 0.00619411    0.208955 -0.00564116 -0.00154373
-0.00739548 -0.00564116    0.233379   0.0158559
    0.06464 -0.00154373   0.0158559    0.257802
IMAGINARY
          0  0.00442061  0.00243422 -0.00145383
-0.00442061           0 -0.00932784  -0.0338934
-0.00243422  0.00932784           0 -0.00107389
 0.00145383   0.0338934  0.00107389           0
Repeater1[0]<--->HoM1[0]
REAL
  0.305412 -0.0159085   0.017994  0.0785017
-0.0159085    0.21134 0.00744562 0.00396336
  0.017994 0.00744562   0.217784  0.0102623
 0.0785017 0.00396336  0.0102623   0.265464
IMAGINARY
          0 -0.00192237 -0.00940705   0.0159262
 0.00192237           0  -0.0147126 -0.00167509
 0.00940705   0.0147126           0  0.00127048
 -0.0159262  0.00167509 -0.00127048           0
EndNode1[0]<--->Repeater1[0]
REAL
   0.277854   0.0133179   0.0122491   0.0524953
  0.0133179    0.207703  -0.0116392  0.00526058
  0.0122491  -0.0116392    0.228336 -0.00359029
  0.0524953  0.00526058 -0.00359029    0.286107
IMAGINARY
           0  0.000973177  -0.00909012   -0.0059157
-0.000973177            0   -0.0111513  -0.00149518
  0.00909012    0.0111513            0  -0.00782249
   0.0059157   0.00149518   0.00782249            0
EndNode2[0]<--->HoM1[0]
REAL
  0.273196  0.0159829 -0.0291542  0.0441393
 0.0159829   0.220361 -0.0107235  0.0180156
-0.0291542 -0.0107235   0.216495 0.00381904
 0.0441393  0.0180156 0.00381904   0.289948
IMAGINARY
           0  -0.00787025   0.00251225   -0.0143703
  0.00787025            0  -0.00348683    0.0186848
 -0.00251225   0.00348683            0  0.000388958
   0.0143703   -0.0186848 -0.000388958            0
Repeater1[0]<--->EndNode1[0]
REAL
   0.277854   0.0122491   0.0133179   0.0524953
  0.0122491    0.228336  -0.0116392 -0.00359029
  0.0133179  -0.0116392    0.207703  0.00526058
  0.0524953 -0.00359029  0.00526058    0.286107
IMAGINARY
           0  -0.00909012  0.000973177   -0.0059157
  0.00909012            0    0.0111513  -0.00782249
-0.000973177   -0.0111513            0  -0.00149518
   0.0059157   0.00782249   0.00149518            0
Repeater1[0]<--->HoM1[0]
REAL
  0.273196 -0.0291542  0.0159829  0.0441393
-0.0291542   0.216495 -0.0107235 0.00381904
 0.0159829 -0.0107235   0.220361  0.0180156
 0.0441393 0.00381904  0.0180156   0.289948
IMAGINARY
           0   0.00251225  -0.00787025   -0.0143703
 -0.00251225            0   0.00348683  0.000388958
  0.00787025  -0.00348683            0    0.0186848
   0.0143703 -0.000388958   -0.0186848            0
EndNode1[0]<--->Repeater1[0]
REAL
   0.260546 -0.00844225   0.0119713   0.0423443
-0.00844225    0.219603  -0.0186637  0.00629664
  0.0119713  -0.0186637    0.251861  -0.0192979
  0.0423443  0.00629664  -0.0192979     0.26799
IMAGINARY
          0  0.00655472 -0.00826085  -0.0242481
-0.00655472           0  -0.0060549   0.0188709
 0.00826085   0.0060549           0 -0.00788098
  0.0242481  -0.0188709  0.00788098           0
EndNode2[0]<--->HoM1[0]
REAL
   0.281988  0.00461125   0.0104956   0.0369974
 0.00461125    0.227329   0.0301668   0.0156238
  0.0104956   0.0301668    0.218634 -0.00336747
  0.0369974   0.0156238 -0.00336747     0.27205
IMAGINARY
          0 -0.00626678  0.00302777   0.0153431
 0.00626678           0  0.00944531  -0.0194212
-0.00302777 -0.00944531           0 -0.00876054
 -0.0153431   0.0194212  0.00876054           0
Repeater1[0]<--->EndNode1[0]
REAL
   0.260546   0.0119713 -0.00844225   0.0423443
  0.0119713    0.251861  -0.0186637  -0.0192979
-0.00844225  -0.0186637    0.219603  0.00629664
  0.0423443  -0.0192979  0.00629664     0.26799
IMAGINARY
          0 -0.00826085  0.00655472  -0.0242481
 0.00826085           0   0.0060549 -0.00788098
-0.00655472  -0.0060549           0   0.0188709
  0.0242481  0.00788098  -0.0188709           0
Repeater1[0]<--->HoM1[0]
REAL
   0.281988   0.0104956  0.00461125   0.0369974
  0.0104956    0.218634   0.0301668 -0.00336747
 0.00461125   0.0301668    0.227329   0.0156238
  0.0369974 -0.00336747   0.0156238     0.27205
IMAGINARY
          0  0.00302777 -0.00626678   0.0153431
-0.00302777           0 -0.00944531 -0.00876054
 0.00626678  0.00944531           0  -0.0194212
 -0.0153431  0.00876054   0.0194212           0
EndNode1[0]<--->Repeater1[0]
REAL
   0.273764  0.00736614    0.020189   0.0501369
 0.00736614    0.235741  0.00245964   0.0337391
   0.020189  0.00245964    0.206591 -0.00670036
  0.0501369   0.0337391 -0.00670036    0.283904
IMAGINARY
          0   -0.007632  0.00447436  -0.0132079
   0.007632           0   0.0157395 -0.00814184
-0.00447436  -0.0157395           0  0.00640951
  0.0132079  0.00814184 -0.00640951           0
EndNode2[0]<--->HoM1[0]
REAL
  0.263409 0.00321962  -0.027472  0.0435114
0.00321962   0.215733  0.0146282  0.0119682
 -0.027472  0.0146282   0.233611 -0.0161395
 0.0435114  0.0119682 -0.0161395   0.287247
