EndNode1[0]<--->Repeater1[0]
REAL
    0.349934 -0.000890526   -0.0231852    0.0603848
-0.000890526     0.136304    0.0188231   0.00957131
  -0.0231852    0.0188231       0.1481    0.0145044
   0.0603848   0.00957131    0.0145044     0.365662
IMAGINARY
           0 -0.000584512   -0.0215195   -0.0178096
 0.000584512            0    0.0222456   0.00010896
   0.0215195   -0.0222456            0  -0.00571272
   0.0178096  -0.00010896   0.00571272            0
EndNode2[0]<--->HoM1[0]
REAL
    0.36809   0.0212977  0.00189337   0.0624849
  0.0212977    0.165829 -0.00723625 -0.00327459
 0.00189337 -0.00723625    0.125628  -0.0116292
  0.0624849 -0.00327459  -0.0116292    0.340452
IMAGINARY
           0  -0.00380812    0.0185061    -0.011733
  0.00380812            0    0.0136246 -0.000577841
  -0.0185061   -0.0136246            0   0.00447213
    0.011733  0.000577841  -0.00447213            0
Repeater1[0]<--->EndNode1[0]
REAL
    0.349934   -0.0231852 -0.000890526    0.0603848
  -0.0231852       0.1481    0.0188231    0.0145044
-0.000890526    0.0188231     0.136304   0.00957131
   0.0603848    0.0145044   0.00957131     0.365662
IMAGINARY
           0   -0.0215195 -0.000584512   -0.0178096
   0.0215195            0   -0.0222456  -0.00571272
 0.000584512    0.0222456            0   0.00010896
   0.0178096   0.00571272  -0.00010896            0
Repeater1[0]<--->HoM1[0]
REAL
    0.36809  0.00189337   0.0212977   0.0624849
 0.00189337    0.125628 -0.00723625  -0.0116292
  0.0212977 -0.00723625    0.165829 -0.00327459
  0.0624849  -0.0116292 -0.00327459    0.340452
IMAGINARY
           0    0.0185061  -0.00380812    -0.011733
  -0.0185061            0   -0.0136246   0.00447213
  0.00380812    0.0136246            0 -0.000577841
    0.011733  -0.00447213  0.000577841            0
EndNode1[0]<--->Repeater1[0]
REAL
   0.362434    0.015489  -0.0186245   0.0581487
   0.015489    0.138889 -0.00451118  -0.0239155
 -0.0186245 -0.00451118    0.148148   0.0406146
  0.0581487  -0.0239155   0.0406146    0.350529
IMAGINARY
          0  -0.0219892  0.00398585   0.0110137
  0.0219892           0    0.024288   0.0241471
-0.00398585   -0.024288           0   0.0143165
 -0.0110137  -0.0241471  -0.0143165           0
EndNode2[0]<--->HoM1[0]
REAL
   0.355231  -0.0167918 -0.00756074   0.0628381
 -0.0167918     0.13382   0.0170048  -0.0251618
-0.00756074   0.0170048    0.143552  0.00893839
  0.0628381  -0.0251618  0.00893839    0.367397
IMAGINARY
          0  -0.0216365   0.0012931  0.00811173
  0.0216365           0   0.0190109  0.00704023
 -0.0012931  -0.0190109           0  -0.0269746
-0.00811173 -0.00704023   0.0269746           0
Repeater1[0]<--->EndNode1[0]
REAL
   0.362434  -0.0186245    0.015489   0.0581487
 -0.0186245    0.148148 -0.00451118   0.0406146
   0.015489 -0.00451118    0.138889  -0.0239155
  0.0581487   0.0406146  -0.0239155    0.350529
IMAGINARY
          0  0.00398585  -0.0219892   0.0110137
-0.00398585           0   -0.024288   0.0143165
  0.0219892    0.024288           0   0.0241471
 -0.0110137  -0.0143165  -0.0241471           0
Repeater1[0]<--->HoM1[0]
REAL
   0.355231 -0.00756074  -0.0167918   0.0628381
-0.00756074    0.143552   0.0170048  0.00893839
 -0.0167918   0.0170048     0.13382  -0.0251618
  0.0628381  0.00893839  -0.0251618    0.367397
IMAGINARY
          0   0.0012931  -0.0216365  0.00811173
 -0.0012931           0  -0.0190109  -0.0269746
  0.0216365   0.0190109           0  0.00704023
-0.00811173   0.0269746 -0.00704023           0
EndNode1[0]<--->Repeater1[0]
REAL
   0.360195  0.00596005   0.0100591   0.0764642
 0.00596005    0.145299   0.0024128 -0.00203769
  0.0100591   0.0024128    0.151404 0.000724445
  0.0764642 -0.00203769 0.000724445    0.343101
IMAGINARY
           0  -0.00547603    0.0108058   0.00547041
  0.00547603            0  0.000262075     0.017958
  -0.0108058 -0.000262075            0   -0.0232877
 -0.00547041    -0.017958    0.0232877            0
EndNode2[0]<--->HoM1[0]
REAL
   0.332436 -0.00633055   0.0169186   0.0424329
-0.00633055    0.137281   0.0150892 0.000148409
  0.0169186   0.0150892    0.165545   0.0309829
  0.0424329 0.000148409   0.0309829    0.364738
IMAGINARY
          0 -0.00357047   0.0138071  0.00884018
 0.00357047           0  0.00749969 -0.00339039
 -0.0138071 -0.00749969           0 -0.00293995
-0.00884018  0.00339039  0.00293995           0
Repeater1[0]<--->EndNode1[0]
REAL
   0.360195   0.0100591  0.00596005   0.0764642
  0.0100591    0.151404   0.0024128 0.000724445
 0.00596005   0.0024128    0.145299 -0.00203769
  0.0764642 0.000724445 -0.00203769    0.343101
IMAGINARY
           0    0.0108058  -0.00547603   0.00547041
  -0.0108058            0 -0.000262075   -0.0232877
  0.00547603  0.000262075            0     0.017958
 -0.00547041    0.0232877    -0.017958            0
Repeater1[0]<--->HoM1[0]
REAL
   0.332436   0.0169186 -0.00633055   0.0424329
  0.0169186    0.165545   0.0150892   0.0309829
-0.00633055   0.0150892    0.137281 0.000148409
  0.0424329   0.0309829 0.000148409    0.364738
IMAGINARY
          0   0.0138071 -0.00357047  0.00884018
 -0.0138071           0 -0.00749969 -0.00293995
 0.00357047  0.00749969           0 -0.00339039
-0.00884018  0.00293995  0.00339039           0
EndNode1[0]<--->Repeater1[0]
REAL
   0.370463  -0.0059472  0.00576901   0.0377516
 -0.0059472    0.138924 0.000812258   0.0141778
 0.00576901 0.000812258    0.126408  0.00328763
  0.0377516   0.0141778  0.00328763    0.364205
IMAGINARY
          0  -0.0174106 -0.00364949  -0.0059967
  0.0174106           0  -0.0135155  0.00101097
 0.00364949   0.0135155           0   0.0160913
  0.0059967 -0.00101097  -0.0160913           0
EndNode2[0]<--->HoM1[0]
REAL
   0.380336   0.0106383   0.0338221   0.0374358
  0.0106383    0.122898  -0.0231501 -0.00525071
  0.0338221  -0.0231501     0.14489  -0.0106383
  0.0374358 -0.00525071  -0.0106383    0.351876
IMAGINARY
          0   0.0116268  -0.0100101    0.018306
 -0.0116268           0  -0.0128249  -0.0119606
  0.0100101   0.0128249           0 -0.00297171
  -0.018306   0.0119606  0.00297171           0
Repeater1[0]<--->EndNode1[0]
REAL
   0.370463  0.00576901  -0.0059472   0.0377516
 0.00576901    0.126408 0.000812258  0.00328763
 -0.0059472 0.000812258    0.138924   0.0141778
  0.0377516  0.00328763   0.0141778    0.364205
IMAGINARY
          0 -0.00364949  -0.0174106  -0.0059967
 0.00364949           0   0.0135155   0.0160913
  0.0174106  -0.0135155           0  0.00101097
  0.0059967  -0.0160913 -0.00101097           0
Repeater1[0]<--->HoM1[0]
REAL
   0.380336   0.0338221   0.0106383   0.0374358
  0.0338221     0.14489  -0.0231501  -0.0106383
  0.0106383  -0.0231501    0.122898 -0.00525071
  0.0374358  -0.0106383 -0.00525071    0.351876
IMAGINARY
          0  -0.0100101   0.0116268    0.018306
  0.0100101           0   0.0128249 -0.00297171
 -0.0116268  -0.0128249           0  -0.0119606
  -0.018306  0.00297171   0.0119606           0
EndNode1[0]<--->Repeater1[0]
REAL
    0.35733  0.00206435  -0.0179446   0.0646235
 0.00206435    0.143979  -0.0160216 -0.00136298
 -0.0179446  -0.0160216    0.137435  0.00925389
  0.0646235 -0.00136298  0.00925389    0.361257
IMAGINARY
           0   -0.0115056   0.00307893    0.0134082
   0.0115056            0   -0.0115262 -0.000597541
 -0.00307893    0.0115262            0   0.00902421
  -0.0134082  0.000597541  -0.00902421            0
EndNode2[0]<--->HoM1[0]
REAL
  0.363049  -0.014714  0.0129259  0.0889328
 -0.014714   0.126615 -0.0058303 0.00784974
 0.0129259 -0.0058303   0.156331   0.011944
 0.0889328 0.00784974   0.011944   0.354005
IMAGINARY
           0  -0.00599738   0.00900898    0.0151324
  0.00599738            0    0.0139158  0.000966083
 -0.00900898   -0.0139158            0    0.0122318
  -0.0151324 -0.000966083   -0.0122318            0
Repeater1[0]<--->EndNode1[0]
REAL
    0.35733  -0.0179446  0.00206435   0.0646235
 -0.0179446    0.137435  -0.0160216  0.00925389
 0.00206435  -0.0160216    0.143979 -0.00136298
  0.0646235  0.00925389 -0.00136298    0.361257
IMAGINARY
           0   0.00307893   -0.0115056    0.0134082
 -0.00307893            0    0.0115262   0.00902421
   0.0115056   -0.0115262            0 -0.000597541
  -0.0134082  -0.00902421  0.000597541            0
Repeater1[0]<--->HoM1[0]
REAL
  0.363049  0.0129259  -0.014714  0.0889328
 0.0129259   0.156331 -0.0058303   0.011944
 -0.014714 -0.0058303   0.126615 0.00784974
 0.0889328   0.011944 0.00784974   0.354005
IMAGINARY
           0   0.00900898  -0.00599738    0.0151324
 -0.00900898            0   -0.0139158    0.0122318
  0.00599738    0.0139158            0  0.000966083
  -0.0151324   -0.0122318 -0.000966083            0
EndNode1[0]<--->Repeater1[0]
REAL
   0.349734   0.0121583   7.573e-05   0.0686579
  0.0121583    0.150266 -0.00886147 -0.00389252
  7.573e-05 -0.00886147    0.154255  -0.0286977
  0.0686579 -0.00389252  -0.0286977    0.345745
IMAGINARY
          0   0.0233338   0.0160714  0.00282795
 -0.0233338           0  0.00775406  0.00847643
 -0.0160714 -0.00775406           0   0.0102579
-0.00282795 -0.00847643  -0.0102579           0
EndNode2[0]<--->HoM1[0]
REAL
    0.37859 -0.00109301   -0.013527   0.0598434
-0.00109301    0.146214   0.0287125   0.0121647
  -0.013527   0.0287125     0.12141  -0.0111686
  0.0598434   0.0121647  -0.0111686    0.353786
IMAGINARY
          0  -0.0344857   0.0152478 -0.00217638
  0.0344857           0   0.0282247  -0.0108005
 -0.0152478  -0.0282247           0 -0.00681039
 0.00217638   0.0108005  0.00681039           0
Repeater1[0]<--->EndNode1[0]
REAL
   0.349734   7.573e-05   0.0121583   0.0686579
  7.573e-05    0.154255 -0.00886147  -0.0286977
  0.0121583 -0.00886147    0.150266 -0.00389252
  0.0686579  -0.0286977 -0.00389252    0.345745
IMAGINARY
          0   0.0160714   0.0233338  0.00282795
 -0.0160714           0 -0.00775406   0.0102579
 -0.0233338  0.00775406           0  0.00847643
-0.00282795  -0.0102579 -0.00847643           0
Repeater1[0]<--->HoM1[0]
REAL
    0.37859   -0.013527 -0.00109301   0.0598434
  -0.013527     0.12141   0.0287125  -0.0111686
-0.00109301   0.0287125    0.146214   0.0121647
  0.0598434  -0.0111686   0.0121647    0.353786
IMAGINARY
          0   0.0152478  -0.0344857 -0.00217638
 -0.0152478           0  -0.0282247 -0.00681039
  0.0344857   0.0282247           0  -0.0108005
 0.00217638  0.00681039   0.0108005           0
EndNode1[0]<--->Repeater1[0]
REAL
     0.34174 -0.000919287   -0.0112351    0.0489556
-0.000919287     0.148802  -0.00117633   0.00652447
  -0.0112351  -0.00117633     0.142497    0.0312019
   0.0489556   0.00652447    0.0312019     0.366961
IMAGINARY
           0  -0.00811912   0.00193914    0.0106203
  0.00811912            0  -0.00292804   0.00993422
 -0.00193914   0.00292804            0  0.000203548
  -0.0106203  -0.00993422 -0.000203548            0
EndNode2[0]<--->HoM1[0]
REAL
   0.339218  -0.0236147  0.00733786   0.0424091
 -0.0236147    0.127364  -0.0167849 -0.00668083
 0.00733786  -0.0167849     0.14628  0.00193272
  0.0424091 -0.00668083  0.00193272    0.387137
IMAGINARY
          0   0.0059764   0.0172882  0.00716292
 -0.0059764           0   0.0254875 -0.00217487
 -0.0172882  -0.0254875           0  0.00913695
-0.00716292  0.00217487 -0.00913695           0
Repeater1[0]<--->EndNode1[0]
REAL
     0.34174   -0.0112351 -0.000919287    0.0489556
  -0.0112351     0.142497  -0.00117633    0.0312019
-0.000919287  -0.00117633     0.148802   0.00652447
   0.0489556    0.0312019   0.00652447     0.366961
IMAGINARY
           0   0.00193914  -0.00811912    0.0106203
 -0.00193914            0   0.00292804  0.000203548
  0.00811912  -0.00292804            0   0.00993422
  -0.0106203 -0.000203548  -0.00993422            0
Repeater1[0]<--->HoM1[0]
REAL
   0.339218  0.00733786  -0.0236147   0.0424091
 0.00733786     0.14628  -0.0167849  0.00193272
 -0.0236147  -0.0167849    0.127364 -0.00668083
  0.0424091  0.00193272 -0.00668083    0.387137
IMAGINARY
          0   0.0172882   0.0059764  0.00716292
 -0.0172882           0  -0.0254875  0.00913695
 -0.0059764   0.0254875           0 -0.00217487
-0.00716292 -0.00913695  0.00217487           0
EndNode1[0]<--->Repeater1[0]
REAL
  0.365887 0.00340036 -0.0265646  0.0484378
0.00340036    0.11967  0.0233413  0.0234972
-0.0265646  0.0233413   0.126547 0.00948308
 0.0484378  0.0234972 0.00948308   0.387895
IMAGINARY
          0 -0.00679186  0.00345427  0.00276827
 0.00679186           0   0.0201428  -0.0195418
-0.00345427  -0.0201428           0  0.00100035
-0.00276827   0.0195418 -0.00100035           0
EndNode2[0]<--->HoM1[0]
REAL
   0.361673  -0.0122432 -0.00489768   0.0620616
 -0.0122432    0.134953    0.028081  0.00554619
-0.00489768    0.028081    0.140351  0.00770362
  0.0620616  0.00554619  0.00770362    0.363023
IMAGINARY
           0  -0.00295563  -0.00140928   -0.0034755
  0.00295563            0 -0.000400469    0.0135452
  0.00140928  0.000400469            0   -0.0067531
   0.0034755   -0.0135452    0.0067531            0
Repeater1[0]<--->EndNode1[0]
REAL
  0.365887 -0.0265646 0.00340036  0.0484378
-0.0265646   0.126547  0.0233413 0.00948308
0.00340036  0.0233413    0.11967  0.0234972
 0.0484378 0.00948308  0.0234972   0.387895
IMAGINARY
          0  0.00345427 -0.00679186  0.00276827
-0.00345427           0  -0.0201428  0.00100035
 0.00679186   0.0201428           0  -0.0195418
-0.00276827 -0.00100035   0.0195418           0
Repeater1[0]<--->HoM1[0]
REAL
   0.361673 -0.00489768  -0.0122432   0.0620616
-0.00489768    0.140351    0.028081  0.00770362
 -0.0122432    0.028081    0.134953  0.00554619
  0.0620616  0.00770362  0.00554619    0.363023
IMAGINARY
           0  -0.00140928  -0.00295563   -0.0034755
  0.00140928            0  0.000400469   -0.0067531
  0.00295563 -0.000400469            0    0.0135452
   0.0034755    0.0067531   -0.0135452            0
EndNode1[0]<--->Repeater1[0]
REAL
  0.360902  0.0137742 -0.0136008  0.0538646
 0.0137742   0.136591  0.0107612 -0.0170114
-0.0136008  0.0107612   0.129073 0.00731424
 0.0538646 -0.0170114 0.00731424   0.373434
IMAGINARY
          0  0.00619837   0.0123657  0.00117399
-0.00619837           0 -0.00962652 -0.00128195
 -0.0123657  0.00962652           0  0.00365384
-0.00117399  0.00128195 -0.00365384           0
EndNode2[0]<--->HoM1[0]
REAL
  0.362944 0.00588235 -0.0019892  0.0757397
0.00588235   0.134518  0.0281819 0.00525718
-0.0019892  0.0281819   0.139594 -0.0117647
 0.0757397 0.00525718 -0.0117647   0.362944
IMAGINARY
          0  -0.0204289  -0.0243982  -0.0102696
  0.0204289           0   0.0121951  0.00383266
  0.0243982  -0.0121951           0 -0.00270736
  0.0102696 -0.00383266  0.00270736           0
Repeater1[0]<--->EndNode1[0]
REAL
  0.360902 -0.0136008  0.0137742  0.0538646
-0.0136008   0.129073  0.0107612 0.00731424
 0.0137742  0.0107612   0.136591 -0.0170114
 0.0538646 0.00731424 -0.0170114   0.373434
IMAGINARY
          0   0.0123657  0.00619837  0.00117399
 -0.0123657           0  0.00962652  0.00365384
-0.00619837 -0.00962652           0 -0.00128195
-0.00117399 -0.00365384  0.00128195           0
Repeater1[0]<--->HoM1[0]
REAL
  0.362944 -0.0019892 0.00588235  0.0757397
-0.0019892   0.139594  0.0281819 -0.0117647
0.00588235  0.0281819   0.134518 0.00525718
 0.0757397 -0.0117647 0.00525718   0.362944
IMAGINARY
          0  -0.0243982  -0.0204289  -0.0102696
  0.0243982           0  -0.0121951 -0.00270736
  0.0204289   0.0121951           0  0.00383266
  0.0102696  0.00270736 -0.00383266           0
EndNode1[0]<--->Repeater1[0]
REAL
   0.359949   -0.011173   0.0113726   0.0695633
  -0.011173    0.130545 -0.00129762  -0.0132176
  0.0113726 -0.00129762    0.147022 -0.00420215
  0.0695633  -0.0132176 -0.00420215    0.362484
IMAGINARY
          0  -0.0166594  0.00827815   -0.014643
  0.0166594           0  -0.0108262  0.00827815
-0.00827815   0.0108262           0  -0.0237379
   0.014643 -0.00827815   0.0237379           0
EndNode2[0]<--->HoM1[0]
REAL
   0.387985  -0.0202469  -0.0125179   0.0468086
 -0.0202469     0.12015 -0.00509009 -0.00927537
 -0.0125179 -0.00509009    0.147685   -0.018981
  0.0468086 -0.00927537   -0.018981     0.34418
IMAGINARY
          0  -0.0295574  0.00913105 -0.00923173
  0.0295574           0  0.00170779   0.0250462
-0.00913105 -0.00170779           0     0.01057
 0.00923173  -0.0250462    -0.01057           0
Repeater1[0]<--->EndNode1[0]
REAL
   0.359949   0.0113726   -0.011173   0.0695633
  0.0113726    0.147022 -0.00129762 -0.00420215
  -0.011173 -0.00129762    0.130545  -0.0132176
  0.0695633 -0.00420215  -0.0132176    0.362484
IMAGINARY
          0  0.00827815  -0.0166594   -0.014643
-0.00827815           0   0.0108262  -0.0237379
  0.0166594  -0.0108262           0  0.00827815
   0.014643   0.0237379 -0.00827815           0
Repeater1[0]<--->HoM1[0]
REAL
   0.387985  -0.0125179  -0.0202469   0.0468086
 -0.0125179    0.147685 -0.00509009   -0.018981
 -0.0202469 -0.00509009     0.12015 -0.00927537
  0.0468086   -0.018981 -0.00927537     0.34418
IMAGINARY
          0  0.00913105  -0.0295574 -0.00923173
-0.00913105           0 -0.00170779     0.01057
  0.0295574  0.00170779           0   0.0250462
 0.00923173    -0.01057  -0.0250462           0
EndNode1[0]<--->Repeater1[0]
REAL
   0.348226 -0.00293773 0.000257458   0.0594154
-0.00293773    0.153745 -0.00371592 -0.00284813
0.000257458 -0.00371592    0.128778  0.00423307
  0.0594154 -0.00284813  0.00423307    0.369251
IMAGINARY
          0  -0.0171033   0.0108552   0.0247773
  0.0171033           0   0.0170454  -0.0121178
 -0.0108552  -0.0170454           0 -0.00183611
 -0.0247773   0.0121178  0.00183611           0
EndNode2[0]<--->HoM1[0]
REAL
   0.361333  0.00125067  -0.0307103    0.083127
 0.00125067       0.136 0.000943805  -0.0015274
 -0.0307103 0.000943805       0.152 -0.00946812
   0.083127  -0.0015274 -0.00946812    0.350667
IMAGINARY
          0  0.00373749  -0.0120289  -0.0161499
-0.00373749           0  -0.0142144 -0.00114546
  0.0120289   0.0142144           0 -0.00687425
  0.0161499  0.00114546  0.00687425           0
Repeater1[0]<--->EndNode1[0]
REAL
   0.348226 0.000257458 -0.00293773   0.0594154
0.000257458    0.128778 -0.00371592  0.00423307
-0.00293773 -0.00371592    0.153745 -0.00284813
  0.0594154  0.00423307 -0.00284813    0.369251
IMAGINARY
          0   0.0108552  -0.0171033   0.0247773
 -0.0108552           0  -0.0170454 -0.00183611
  0.0171033   0.0170454           0  -0.0121178
 -0.0247773  0.00183611   0.0121178           0
Repeater1[0]<--->HoM1[0]
REAL
   0.361333  -0.0307103  0.00125067    0.083127
 -0.0307103       0.152 0.000943805 -0.00946812
 0.00125067 0.000943805       0.136  -0.0015274
   0.083127 -0.00946812  -0.0015274    0.350667
IMAGINARY
          0  -0.0120289  0.00373749  -0.0161499
  0.0120289           0   0.0142144 -0.00687425
-0.00373749  -0.0142144           0 -0.00114546
  0.0161499  0.00687425  0.00114546           0
EndNode1[0]<--->Repeater1[0]
REAL
   0.351459   0.0243821  0.00540995   0.0573314
  0.0243821    0.159151 -0.00375996  -0.0117875
 0.00540995 -0.00375996    0.137931 -0.00269845
  0.0573314  -0.0117875 -0.00269845    0.351459
IMAGINARY
          0   0.0146491 -0.00871309 -0.00780456
 -0.0146491           0   0.0125407  0.00456125
 0.00871309  -0.0125407           0  -0.0152422
 0.00780456 -0.00456125   0.0152422           0
EndNode2[0]<--->HoM1[0]
REAL
  0.348271  0.0066049  0.0234178  0.0566389
 0.0066049   0.153649  0.0209693 0.00202746
 0.0234178  0.0209693    0.12548 0.00102869
 0.0566389 0.00202746 0.00102869   0.372599
IMAGINARY
           0  -0.00602578   -0.0143386   -0.0211544
  0.00602578            0   0.00909009    0.0099581
   0.0143386  -0.00909009            0 -0.000857823
   0.0211544   -0.0099581  0.000857823            0
Repeater1[0]<--->EndNode1[0]
REAL
   0.351459  0.00540995   0.0243821   0.0573314
 0.00540995    0.137931 -0.00375996 -0.00269845
  0.0243821 -0.00375996    0.159151  -0.0117875
  0.0573314 -0.00269845  -0.0117875    0.351459
IMAGINARY
          0 -0.00871309   0.0146491 -0.00780456
 0.00871309           0  -0.0125407  -0.0152422
 -0.0146491   0.0125407           0  0.00456125
 0.00780456   0.0152422 -0.00456125           0
Repeater1[0]<--->HoM1[0]
REAL
  0.348271  0.0234178  0.0066049  0.0566389
 0.0234178    0.12548  0.0209693 0.00102869
 0.0066049  0.0209693   0.153649 0.00202746
 0.0566389 0.00102869 0.00202746   0.372599
IMAGINARY
           0   -0.0143386  -0.00602578   -0.0211544
   0.0143386            0  -0.00909009 -0.000857823
  0.00602578   0.00909009            0    0.0099581
   0.0211544  0.000857823   -0.0099581            0
EndNode1[0]<--->Repeater1[0]
REAL
       0.35   -0.014147  0.00547724   0.0495937
  -0.014147    0.119737   0.0115101  -0.0127046
 0.00547724   0.0115101    0.167105 -0.00359286
  0.0495937  -0.0127046 -0.00359286    0.363158
IMAGINARY
          0 -0.00614251  0.00878864   0.0179623
 0.00614251           0  0.00183331 -0.00756014
-0.00878864 -0.00183331           0   -0.002457
 -0.0179623  0.00756014    0.002457           0
EndNode2[0]<--->HoM1[0]
REAL
   0.371202  -0.0146477 -0.00971139   0.0571897
 -0.0146477    0.147952   0.0185299  0.00908561
-0.00971139   0.0185299    0.114927 -0.00975777
  0.0571897  0.00908561 -0.00975777    0.365918
IMAGINARY
          0 -0.00719173 -0.00296755   0.0175803
 0.00719173           0  -0.0104095  -0.0240943
 0.00296755   0.0104095           0 -0.00440621
 -0.0175803   0.0240943  0.00440621           0
Repeater1[0]<--->EndNode1[0]
REAL
       0.35  0.00547724   -0.014147   0.0495937
 0.00547724    0.167105   0.0115101 -0.00359286
  -0.014147   0.0115101    0.119737  -0.0127046
  0.0495937 -0.00359286  -0.0127046    0.363158
IMAGINARY
          0  0.00878864 -0.00614251   0.0179623
-0.00878864           0 -0.00183331   -0.002457
 0.00614251  0.00183331           0 -0.00756014
 -0.0179623    0.002457  0.00756014           0
Repeater1[0]<--->HoM1[0]
REAL
   0.371202 -0.00971139  -0.0146477   0.0571897
-0.00971139    0.114927   0.0185299 -0.00975777
 -0.0146477   0.0185299    0.147952  0.00908561
  0.0571897 -0.00975777  0.00908561    0.365918
IMAGINARY
          0 -0.00296755 -0.00719173   0.0175803
 0.00296755           0   0.0104095 -0.00440621
 0.00719173  -0.0104095           0  -0.0240943
 -0.0175803  0.00440621   0.0240943           0
EndNode1[0]<--->Repeater1[0]
REAL
   0.394437  -0.0102503 -0.00554597   0.0618486
 -0.0102503    0.140329 -0.00353598   0.0191936
-0.00554597 -0.00353598    0.142857  0.00652822
  0.0618486   0.0191936  0.00652822    0.322377
IMAGINARY
          0  -0.0212166  0.00879607  0.00023316
  0.0212166           0 -0.00544149  -0.0228986
-0.00879607  0.00544149           0  0.00326791
-0.00023316   0.0228986 -0.00326791           0
EndNode2[0]<--->HoM1[0]
REAL
  0.367008 -0.0161299 0.00594335  0.0570042
-0.0161299   0.131714  0.0035451 -0.0153066
0.00594335  0.0035451   0.148338 0.00177288
 0.0570042 -0.0153066 0.00177288   0.352941
IMAGINARY
           0   -0.0103001   0.00988908    0.0272727
   0.0103001            0      0.02985    0.0158971
 -0.00988908     -0.02985            0  0.000866145
  -0.0272727   -0.0158971 -0.000866145            0
Repeater1[0]<--->EndNode1[0]
REAL
   0.394437 -0.00554597  -0.0102503   0.0618486
-0.00554597    0.142857 -0.00353598  0.00652822
 -0.0102503 -0.00353598    0.140329   0.0191936
  0.0618486  0.00652822   0.0191936    0.322377
IMAGINARY
          0  0.00879607  -0.0212166  0.00023316
-0.00879607           0  0.00544149  0.00326791
  0.0212166 -0.00544149           0  -0.0228986
-0.00023316 -0.00326791   0.0228986           0
Repeater1[0]<--->HoM1[0]
REAL
  0.367008 0.00594335 -0.0161299  0.0570042
0.00594335   0.148338  0.0035451 0.00177288
-0.0161299  0.0035451   0.131714 -0.0153066
 0.0570042 0.00177288 -0.0153066   0.352941
IMAGINARY
           0   0.00988908   -0.0103001    0.0272727
 -0.00988908            0     -0.02985  0.000866145
   0.0103001      0.02985            0    0.0158971
  -0.0272727 -0.000866145   -0.0158971            0
EndNode1[0]<--->Repeater1[0]
REAL
   0.385714  -0.0209111 -0.00867022   0.0654302
 -0.0209111    0.128571 -0.00184252 -0.00672469
-0.00867022 -0.00184252    0.142857  0.00283886
  0.0654302 -0.00672469  0.00283886    0.342857
IMAGINARY
          0 -0.00901775  0.00663214  0.00296248
 0.00901775           0  -0.0131666 -0.00602608
-0.00663214   0.0131666           0  -0.0121944
-0.00296248  0.00602608   0.0121944           0
EndNode2[0]<--->HoM1[0]
REAL
   0.356475  0.00417036 -0.00121176   0.0740866
 0.00417036    0.152203 -0.00100968 -0.00904465
-0.00121176 -0.00100968    0.140187   0.0099322
  0.0740866 -0.00904465   0.0099322    0.351135
IMAGINARY
          0  0.00265329  -0.0213175  0.00321173
-0.00265329           0  -0.0025649  0.00527132
  0.0213175   0.0025649           0 -0.00586253
-0.00321173 -0.00527132  0.00586253           0
Repeater1[0]<--->EndNode1[0]
REAL
   0.385714 -0.00867022  -0.0209111   0.0654302
-0.00867022    0.142857 -0.00184252  0.00283886
 -0.0209111 -0.00184252    0.128571 -0.00672469
  0.0654302  0.00283886 -0.00672469    0.342857
IMAGINARY
          0  0.00663214 -0.00901775  0.00296248
-0.00663214           0   0.0131666  -0.0121944
 0.00901775  -0.0131666           0 -0.00602608
-0.00296248   0.0121944  0.00602608           0
Repeater1[0]<--->HoM1[0]
REAL
   0.356475 -0.00121176  0.00417036   0.0740866
-0.00121176    0.140187 -0.00100968   0.0099322
 0.00417036 -0.00100968    0.152203 -0.00904465
  0.0740866   0.0099322 -0.00904465    0.351135
IMAGINARY
          0  -0.0213175  0.00265329  0.00321173
  0.0213175           0   0.0025649 -0.00586253
-0.00265329  -0.0025649           0  0.00527132
-0.00321173  0.00586253 -0.00527132           0
EndNode1[0]<--->Repeater1[0]
REAL
   0.360882  -0.0444871  -0.0116575   0.0778886
 -0.0444871    0.119835   0.0188035   0.0154743
 -0.0116575   0.0188035     0.14876 -0.00640352
  0.0778886   0.0154743 -0.00640352    0.370523
IMAGINARY
          0   0.0022811 -0.00183603   0.0113664
 -0.0022811           0  -0.0120217 -0.00642318
 0.00183603   0.0120217           0   0.0123314
 -0.0113664  0.00642318  -0.0123314           0
EndNode2[0]<--->HoM1[0]
REAL
   0.374699   0.0189353  -0.0058409   0.0521834
  0.0189353    0.131325  -0.0155673 0.000790397
 -0.0058409  -0.0155673    0.139759 -0.00252115
  0.0521834 0.000790397 -0.00252115    0.354217
IMAGINARY
          0  0.00146938  0.00102041  0.00550326
-0.00146938           0  -0.0243475 -0.00102041
-0.00102041   0.0243475           0  0.00530569
-0.00550326  0.00102041 -0.00530569           0
Repeater1[0]<--->EndNode1[0]
REAL
   0.360882  -0.0116575  -0.0444871   0.0778886
 -0.0116575     0.14876   0.0188035 -0.00640352
 -0.0444871   0.0188035    0.119835   0.0154743
  0.0778886 -0.00640352   0.0154743    0.370523
IMAGINARY
          0 -0.00183603   0.0022811   0.0113664
 0.00183603           0   0.0120217   0.0123314
 -0.0022811  -0.0120217           0 -0.00642318
 -0.0113664  -0.0123314  0.00642318           0
Repeater1[0]<--->HoM1[0]
REAL
   0.374699  -0.0058409   0.0189353   0.0521834
 -0.0058409    0.139759  -0.0155673 -0.00252115
  0.0189353  -0.0155673    0.131325 0.000790397
  0.0521834 -0.00252115 0.000790397    0.354217
IMAGINARY
          0  0.00102041  0.00146938  0.00550326
-0.00102041           0   0.0243475  0.00530569
-0.00146938  -0.0243475           0 -0.00102041
-0.00550326 -0.00530569  0.00102041           0
EndNode1[0]<--->Repeater1[0]
REAL
   0.355954 -0.00211906 -0.00227689   0.0757473
-0.00211906    0.142125  0.00814529  0.00965944
-0.00227689  0.00814529    0.130602   0.0175553
  0.0757473  0.00965944   0.0175553    0.371319
IMAGINARY
          0     0.01173  -0.0235977 -0.00127385
   -0.01173           0   0.0061519 -0.00191248
  0.0235977  -0.0061519           0 -0.00790349
 0.00127385  0.00191248  0.00790349           0
EndNode2[0]<--->HoM1[0]
REAL
    0.38806 -0.00240493  -0.0176363   0.0623474
-0.00240493    0.135685  0.00124361  0.00641434
 -0.0176363  0.00124361    0.132972  -0.0113108
  0.0623474  0.00641434  -0.0113108    0.343284
IMAGINARY
          0  0.00633687   0.0196508  0.00870062
-0.00633687           0   -0.013312 -0.00322503
 -0.0196508    0.013312           0 -0.00173766
-0.00870062  0.00322503  0.00173766           0
Repeater1[0]<--->EndNode1[0]
REAL
   0.355954 -0.00227689 -0.00211906   0.0757473
-0.00227689    0.130602  0.00814529   0.0175553
-0.00211906  0.00814529    0.142125  0.00965944
  0.0757473   0.0175553  0.00965944    0.371319
IMAGINARY
          0  -0.0235977     0.01173 -0.00127385
  0.0235977           0  -0.0061519 -0.00790349
   -0.01173   0.0061519           0 -0.00191248
 0.00127385  0.00790349  0.00191248           0
Repeater1[0]<--->HoM1[0]
REAL
    0.38806  -0.0176363 -0.00240493   0.0623474
 -0.0176363    0.132972  0.00124361  -0.0113108
-0.00240493  0.00124361    0.135685  0.00641434
  0.0623474  -0.0113108  0.00641434    0.343284
IMAGINARY
          0   0.0196508  0.00633687  0.00870062
 -0.0196508           0    0.013312 -0.00173766
-0.00633687   -0.013312           0 -0.00322503
-0.00870062  0.00173766  0.00322503           0
EndNode1[0]<--->Repeater1[0]
REAL
   0.351621  0.00796285  -0.0210592   0.0658095
 0.00796285    0.142145  0.00544205   0.0192005
 -0.0210592  0.00544205    0.143392 -0.00734327
  0.0658095   0.0192005 -0.00734327    0.362843
IMAGINARY
           0    0.0136138   0.00810367    0.0102236
  -0.0136138            0   -0.0115156 -0.000229659
 -0.00810367    0.0115156            0  -0.00442744
  -0.0102236  0.000229659   0.00442744            0
EndNode2[0]<--->HoM1[0]
REAL
   0.368883  0.00979112 0.000162814   0.0368677
 0.00979112    0.145546   0.0106932   0.0132518
0.000162814   0.0106932    0.135508 -0.00979112
  0.0368677   0.0132518 -0.00979112    0.350063
IMAGINARY
          0 -0.00376915 -0.00046936  0.00392952
 0.00376915           0  0.00193749   0.0145633
 0.00046936 -0.00193749           0  -0.0116671
-0.00392952  -0.0145633   0.0116671           0
Repeater1[0]<--->EndNode1[0]
REAL
   0.351621  -0.0210592  0.00796285   0.0658095
 -0.0210592    0.143392  0.00544205 -0.00734327
 0.00796285  0.00544205    0.142145   0.0192005
  0.0658095 -0.00734327   0.0192005    0.362843
IMAGINARY
           0   0.00810367    0.0136138    0.0102236
 -0.00810367            0    0.0115156  -0.00442744
  -0.0136138   -0.0115156            0 -0.000229659
  -0.0102236   0.00442744  0.000229659            0
Repeater1[0]<--->HoM1[0]
REAL
   0.368883 0.000162814  0.00979112   0.0368677
0.000162814    0.135508   0.0106932 -0.00979112
 0.00979112   0.0106932    0.145546   0.0132518
  0.0368677 -0.00979112   0.0132518    0.350063
IMAGINARY
          0 -0.00046936 -0.00376915  0.00392952
 0.00046936           0 -0.00193749  -0.0116671
 0.00376915  0.00193749           0   0.0145633
-0.00392952   0.0116671  -0.0145633           0
EndNode1[0]<--->Repeater1[0]
REAL
   0.333758   0.0312316  0.00929021   0.0579835
  0.0312316    0.151592 -0.00326651  0.00643306
 0.00929021 -0.00326651     0.13758 -0.00041398
  0.0579835  0.00643306 -0.00041398     0.37707
IMAGINARY
          0  -0.0146035   -0.013009  0.00305782
  0.0146035           0  -0.0101001  0.00175897
   0.013009   0.0101001           0  0.00460347
-0.00305782 -0.00175897 -0.00460347           0
EndNode2[0]<--->HoM1[0]
REAL
   0.335388 -0.00517351  0.00901073   0.0718733
-0.00517351    0.133169   0.0035743 -0.00645319
 0.00901073   0.0035743    0.160296  -0.0204019
  0.0718733 -0.00645319  -0.0204019    0.371147
IMAGINARY
           0   -0.0110475  2.46465e-05    0.0149341
   0.0110475            0    0.0143176    0.0218826
-2.46465e-05   -0.0143176            0    0.0162022
  -0.0149341   -0.0218826   -0.0162022            0
Repeater1[0]<--->EndNode1[0]
REAL
   0.333758  0.00929021   0.0312316   0.0579835
 0.00929021     0.13758 -0.00326651 -0.00041398
  0.0312316 -0.00326651    0.151592  0.00643306
  0.0579835 -0.00041398  0.00643306     0.37707
IMAGINARY
          0   -0.013009  -0.0146035  0.00305782
   0.013009           0   0.0101001  0.00460347
  0.0146035  -0.0101001           0  0.00175897
-0.00305782 -0.00460347 -0.00175897           0
Repeater1[0]<--->HoM1[0]
REAL
   0.335388  0.00901073 -0.00517351   0.0718733
 0.00901073    0.160296   0.0035743  -0.0204019
-0.00517351   0.0035743    0.133169 -0.00645319
  0.0718733  -0.0204019 -0.00645319    0.371147
IMAGINARY
           0  2.46465e-05   -0.0110475    0.0149341
-2.46465e-05            0   -0.0143176    0.0162022
   0.0110475    0.0143176            0    0.0218826
  -0.0149341   -0.0162022   -0.0218826            0
EndNode1[0]<--->Repeater1[0]
REAL
  0.353846  0.0249019  0.0115416  0.0727242
 0.0249019   0.137179  0.0114594 0.00121352
 0.0115416  0.0114594   0.152564  0.0133634
 0.0727242 0.00121352  0.0133634    0.35641
IMAGINARY
          0 -0.00997973 -0.00987297  0.00940972
 0.00997973           0 -0.00805471 -0.00923112
 0.00987297  0.00805471           0  0.00405088
-0.00940972  0.00923112 -0.00405088           0
EndNode2[0]<--->HoM1[0]
REAL
   0.367785  0.00374465  0.00704302   0.0593878
 0.00374465    0.111409 -0.00903322  0.00217684
 0.00704302 -0.00903322    0.157047  -0.0158014
  0.0593878  0.00217684  -0.0158014    0.363758
IMAGINARY
          0   0.0231232 -0.00239541  -0.0202734
 -0.0231232           0  0.00969137   0.0155533
 0.00239541 -0.00969137           0 -0.00733369
  0.0202734  -0.0155533  0.00733369           0
Repeater1[0]<--->EndNode1[0]
REAL
  0.353846  0.0115416  0.0249019  0.0727242
 0.0115416   0.152564  0.0114594  0.0133634
 0.0249019  0.0114594   0.137179 0.00121352
 0.0727242  0.0133634 0.00121352    0.35641
IMAGINARY
          0 -0.00987297 -0.00997973  0.00940972
 0.00987297           0  0.00805471  0.00405088
 0.00997973 -0.00805471           0 -0.00923112
-0.00940972 -0.00405088  0.00923112           0
Repeater1[0]<--->HoM1[0]
REAL
   0.367785  0.00704302  0.00374465   0.0593878
 0.00704302    0.157047 -0.00903322  -0.0158014
 0.00374465 -0.00903322    0.111409  0.00217684
  0.0593878  -0.0158014  0.00217684    0.363758
IMAGINARY
          0 -0.00239541   0.0231232  -0.0202734
 0.00239541           0 -0.00969137 -0.00733369
 -0.0231232  0.00969137           0   0.0155533
  0.0202734  0.00733369  -0.0155533           0
EndNode1[0]<--->Repeater1[0]
REAL
   0.365099 -0.00795403   -0.015829    0.073563
-0.00795403    0.144802 -0.00379552  -0.0125948
  -0.015829 -0.00379552     0.14604  0.00407806
   0.073563  -0.0125948  0.00407806    0.344059
IMAGINARY
          0 -0.00166853  -0.0119415  -0.0114539
 0.00166853           0  0.00286738  0.00376535
  0.0119415 -0.00286738           0   0.0073289
  0.0114539 -0.00376535  -0.0073289           0
EndNode2[0]<--->HoM1[0]
REAL
  0.372624  -0.013014  0.0126367  0.0594273
 -0.013014   0.176172 0.00178317  0.0114348
 0.0126367 0.00178317   0.136882 -0.0330658
 0.0594273  0.0114348 -0.0330658   0.314322
IMAGINARY
          0 -0.00552853   0.0253816   0.0180615
 0.00552853           0   -0.009609  0.00719982
 -0.0253816    0.009609           0  0.00427539
 -0.0180615 -0.00719982 -0.00427539           0
Repeater1[0]<--->EndNode1[0]
REAL
   0.365099   -0.015829 -0.00795403    0.073563
  -0.015829     0.14604 -0.00379552  0.00407806
-0.00795403 -0.00379552    0.144802  -0.0125948
   0.073563  0.00407806  -0.0125948    0.344059
IMAGINARY
          0  -0.0119415 -0.00166853  -0.0114539
  0.0119415           0 -0.00286738   0.0073289
 0.00166853  0.00286738           0  0.00376535
  0.0114539  -0.0073289 -0.00376535           0
Repeater1[0]<--->HoM1[0]
REAL
  0.372624  0.0126367  -0.013014  0.0594273
 0.0126367   0.136882 0.00178317 -0.0330658
 -0.013014 0.00178317   0.176172  0.0114348
 0.0594273 -0.0330658  0.0114348   0.314322
IMAGINARY
          0   0.0253816 -0.00552853   0.0180615
 -0.0253816           0    0.009609  0.00427539
 0.00552853   -0.009609           0  0.00719982
 -0.0180615 -0.00427539 -0.00719982           0
EndNode1[0]<--->Repeater1[0]
REAL
   0.395702  -0.0123277 -0.00848398   0.0467934
 -0.0123277    0.126422 -0.00597706  0.00465745
-0.00848398 -0.00597706    0.135272   0.0289094
  0.0467934  0.00465745   0.0289094    0.342604
IMAGINARY
          0   0.0185098 -0.00673196 -0.00956206
 -0.0185098           0   0.0127879  -0.0170147
 0.00673196  -0.0127879           0  -0.0119135
 0.00956206   0.0170147   0.0119135           0
EndNode2[0]<--->HoM1[0]
REAL
   0.389157  -0.0107871  0.00784807   0.0531451
 -0.0107871     0.13494 -0.00283454   -0.028345
 0.00784807 -0.00283454    0.142169   0.0126504
  0.0531451   -0.028345   0.0126504    0.333735
IMAGINARY
          0   0.0180084 -0.00641787  0.00745849
 -0.0180084           0  -0.0206164  -0.0101216
 0.00641787   0.0206164           0 -0.00274124
-0.00745849   0.0101216  0.00274124           0
Repeater1[0]<--->EndNode1[0]
REAL
   0.395702 -0.00848398  -0.0123277   0.0467934
-0.00848398    0.135272 -0.00597706   0.0289094
 -0.0123277 -0.00597706    0.126422  0.00465745
  0.0467934   0.0289094  0.00465745    0.342604
IMAGINARY
          0 -0.00673196   0.0185098 -0.00956206
 0.00673196           0  -0.0127879  -0.0119135
 -0.0185098   0.0127879           0  -0.0170147
 0.00956206   0.0119135   0.0170147           0
Repeater1[0]<--->HoM1[0]
REAL
   0.389157  0.00784807  -0.0107871   0.0531451
 0.00784807    0.142169 -0.00283454   0.0126504
 -0.0107871 -0.00283454     0.13494   -0.028345
  0.0531451   0.0126504   -0.028345    0.333735
IMAGINARY
          0 -0.00641787   0.0180084  0.00745849
 0.00641787           0   0.0206164 -0.00274124
 -0.0180084  -0.0206164           0  -0.0101216
-0.00745849  0.00274124   0.0101216           0
EndNode1[0]<--->Repeater1[0]
REAL
   0.361367   0.0174701 -0.00140153   0.0597474
  0.0174701    0.135348   0.0073177 -0.00324655
-0.00140153   0.0073177    0.166886  0.00178625
  0.0597474 -0.00324655  0.00178625    0.336399
IMAGINARY
          0  -0.0266556   0.0137966  -0.0104547
  0.0266556           0 -0.00138737  -0.0163541
 -0.0137966  0.00138737           0   0.0164254
  0.0104547   0.0163541  -0.0164254           0
EndNode2[0]<--->HoM1[0]
REAL
  0.367629 -0.0122234 -0.0183999  0.0833143
-0.0122234   0.150565 -0.0129917  0.0113031
-0.0183999 -0.0129917   0.121706  0.0193202
 0.0833143  0.0113031  0.0193202     0.3601
IMAGINARY
           0   -0.0199965 -0.000947378    0.0103755
   0.0199965            0   -0.0212035    0.0207363
 0.000947378    0.0212035            0   0.00284612
  -0.0103755   -0.0207363  -0.00284612            0
Repeater1[0]<--->EndNode1[0]
REAL
   0.361367 -0.00140153   0.0174701   0.0597474
-0.00140153    0.166886   0.0073177  0.00178625
  0.0174701   0.0073177    0.135348 -0.00324655
  0.0597474  0.00178625 -0.00324655    0.336399
IMAGINARY
          0   0.0137966  -0.0266556  -0.0104547
 -0.0137966           0  0.00138737   0.0164254
  0.0266556 -0.00138737           0  -0.0163541
  0.0104547  -0.0164254   0.0163541           0
Repeater1[0]<--->HoM1[0]
REAL
  0.367629 -0.0183999 -0.0122234  0.0833143
-0.0183999   0.121706 -0.0129917  0.0193202
-0.0122234 -0.0129917   0.150565  0.0113031
 0.0833143  0.0193202  0.0113031     0.3601
IMAGINARY
           0 -0.000947378   -0.0199965    0.0103755
 0.000947378            0    0.0212035   0.00284612
   0.0199965   -0.0212035            0    0.0207363
  -0.0103755  -0.00284612   -0.0207363            0
EndNode1[0]<--->Repeater1[0]
REAL
   0.375169   0.0124218   0.0269578   0.0656955
  0.0124218    0.126856   0.0226145  0.00417303
  0.0269578   0.0226145      0.1417 -0.00670388
  0.0656955  0.00417303 -0.00670388    0.356275
IMAGINARY
           0 -0.000999485   -0.0044757   0.00660377
 0.000999485            0   0.00660377    0.0044757
   0.0044757  -0.00660377            0  -0.00161148
 -0.00660377   -0.0044757   0.00161148            0
EndNode2[0]<--->HoM1[0]
REAL
   0.330818 -0.00151537   0.0159971   0.0497916
-0.00151537    0.162264 -0.00152423 -0.00857133
  0.0159971 -0.00152423    0.140881  -0.0021975
  0.0497916 -0.00857133  -0.0021975    0.366038
