EndNode1[0]<--->Repeater1[0]
REAL
   0.273087 0.000991731  -0.0106641   0.0902948
0.000991731    0.236148   0.0448403   -0.020417
 -0.0106641   0.0448403    0.197889  0.00035962
  0.0902948   -0.020417  0.00035962    0.292876
IMAGINARY
          0  0.00986321  0.00988039  -0.0145625
-0.00986321           0 -0.00894451  -0.0165649
-0.00988039  0.00894451           0   0.0155379
  0.0145625   0.0165649  -0.0155379           0
EndNode2[0]<--->HoM1[0]
REAL
    0.29959  0.00184476 -0.00472052    0.103286
 0.00184476    0.255814   0.0607863  0.00796306
-0.00472052   0.0607863    0.184679   0.0104769
   0.103286  0.00796306   0.0104769    0.259918
IMAGINARY
           0  -0.00693878   0.00651662  -0.00476438
  0.00693878            0   -0.0176795    0.0309834
 -0.00651662    0.0176795            0 -0.000561224
  0.00476438   -0.0309834  0.000561224            0
Repeater1[0]<--->EndNode1[0]
REAL
   0.273087  -0.0106641 0.000991731   0.0902948
 -0.0106641    0.197889   0.0448403  0.00035962
0.000991731   0.0448403    0.236148   -0.020417
  0.0902948  0.00035962   -0.020417    0.292876
IMAGINARY
          0  0.00988039  0.00986321  -0.0145625
-0.00988039           0  0.00894451   0.0155379
-0.00986321 -0.00894451           0  -0.0165649
  0.0145625  -0.0155379   0.0165649           0
Repeater1[0]<--->HoM1[0]
REAL
    0.29959 -0.00472052  0.00184476    0.103286
-0.00472052    0.184679   0.0607863   0.0104769
 0.00184476   0.0607863    0.255814  0.00796306
   0.103286   0.0104769  0.00796306    0.259918
IMAGINARY
           0   0.00651662  -0.00693878  -0.00476438
 -0.00651662            0    0.0176795 -0.000561224
  0.00693878   -0.0176795            0    0.0309834
  0.00476438  0.000561224   -0.0309834            0
EndNode1[0]<--->Repeater1[0]
REAL
   0.274611   0.0168143  -0.0117012   0.0978946
  0.0168143    0.239637   0.0460844 -0.00793233
 -0.0117012   0.0460844    0.227979 -0.00241643
  0.0978946 -0.00793233 -0.00241643    0.257772
IMAGINARY
           0 -0.000142986    0.0366027   0.00371056
 0.000142986            0    0.0109953    0.0102138
  -0.0366027   -0.0109953            0    0.0244876
 -0.00371056   -0.0102138   -0.0244876            0
EndNode2[0]<--->HoM1[0]
REAL
   0.306176  -0.0134971 -0.00657183    0.122961
 -0.0134971    0.226018   0.0492122 0.000853913
-0.00657183   0.0492122    0.186597 -0.00238599
   0.122961 0.000853913 -0.00238599    0.281209
IMAGINARY
          0   0.0468279  0.00131012   0.0177714
 -0.0468279           0 -0.00425793  -0.0168717
-0.00131012  0.00425793           0  0.00526949
 -0.0177714   0.0168717 -0.00526949           0
Repeater1[0]<--->EndNode1[0]
REAL
   0.274611  -0.0117012   0.0168143   0.0978946
 -0.0117012    0.227979   0.0460844 -0.00241643
  0.0168143   0.0460844    0.239637 -0.00793233
  0.0978946 -0.00241643 -0.00793233    0.257772
IMAGINARY
           0    0.0366027 -0.000142986   0.00371056
  -0.0366027            0   -0.0109953    0.0244876
 0.000142986    0.0109953            0    0.0102138
 -0.00371056   -0.0244876   -0.0102138            0
Repeater1[0]<--->HoM1[0]
REAL
   0.306176 -0.00657183  -0.0134971    0.122961
-0.00657183    0.186597   0.0492122 -0.00238599
 -0.0134971   0.0492122    0.226018 0.000853913
   0.122961 -0.00238599 0.000853913    0.281209
IMAGINARY
          0  0.00131012   0.0468279   0.0177714
-0.00131012           0  0.00425793  0.00526949
 -0.0468279 -0.00425793           0  -0.0168717
 -0.0177714 -0.00526949   0.0168717           0
EndNode1[0]<--->Repeater1[0]
REAL
   0.265565   0.0327081 -0.00517622   0.0888472
  0.0327081    0.185515   0.0683344  0.00382121
-0.00517622   0.0683344    0.227446  0.00794234
  0.0888472  0.00382121  0.00794234    0.321474
IMAGINARY
          0  0.00713588   0.0129832 -0.00983428
-0.00713588           0   0.0074071  -0.0181114
 -0.0129832  -0.0074071           0   0.0236333
 0.00983428   0.0181114  -0.0236333           0
EndNode2[0]<--->HoM1[0]
REAL
   0.300832  0.00458978  -0.0183449   0.0811871
 0.00458978    0.196195   0.0720072 -0.00577506
 -0.0183449   0.0720072    0.198573  0.00518858
  0.0811871 -0.00577506  0.00518858      0.3044
IMAGINARY
           0    0.0168681   -0.0309932    0.0197743
  -0.0168681            0  0.000277446  -0.00266649
   0.0309932 -0.000277446            0    -0.021152
  -0.0197743   0.00266649     0.021152            0
Repeater1[0]<--->EndNode1[0]
REAL
   0.265565 -0.00517622   0.0327081   0.0888472
-0.00517622    0.227446   0.0683344  0.00794234
  0.0327081   0.0683344    0.185515  0.00382121
  0.0888472  0.00794234  0.00382121    0.321474
IMAGINARY
          0   0.0129832  0.00713588 -0.00983428
 -0.0129832           0  -0.0074071   0.0236333
-0.00713588   0.0074071           0  -0.0181114
 0.00983428  -0.0236333   0.0181114           0
Repeater1[0]<--->HoM1[0]
REAL
   0.300832  -0.0183449  0.00458978   0.0811871
 -0.0183449    0.198573   0.0720072  0.00518858
 0.00458978   0.0720072    0.196195 -0.00577506
  0.0811871  0.00518858 -0.00577506      0.3044
IMAGINARY
           0   -0.0309932    0.0168681    0.0197743
   0.0309932            0 -0.000277446    -0.021152
  -0.0168681  0.000277446            0  -0.00266649
  -0.0197743     0.021152   0.00266649            0
EndNode1[0]<--->Repeater1[0]
REAL
   0.29198  0.0103194  0.0102779   0.106677
 0.0103194   0.213033  0.0586974 -0.0115698
 0.0102779  0.0586974   0.214286 0.00776842
  0.106677 -0.0115698 0.00776842   0.280702
IMAGINARY
          0   0.0198392  -0.0121018   0.0189287
 -0.0198392           0 -0.00861947  0.00200078
  0.0121018  0.00861947           0   0.0230901
 -0.0189287 -0.00200078  -0.0230901           0
EndNode2[0]<--->HoM1[0]
REAL
  0.278416 0.00271171 -0.0113032   0.105604
0.00271171   0.208174  0.0467445 -0.0188981
-0.0113032  0.0467445   0.228608  -0.018148
  0.105604 -0.0188981  -0.018148   0.284802
IMAGINARY
           0   -0.0099914 -0.000409111    -0.010266
   0.0099914            0  0.000662944   0.00722448
 0.000409111 -0.000662944            0  -0.00425891
    0.010266  -0.00722448   0.00425891            0
Repeater1[0]<--->EndNode1[0]
REAL
   0.29198  0.0102779  0.0103194   0.106677
 0.0102779   0.214286  0.0586974 0.00776842
 0.0103194  0.0586974   0.213033 -0.0115698
  0.106677 0.00776842 -0.0115698   0.280702
IMAGINARY
          0  -0.0121018   0.0198392   0.0189287
  0.0121018           0  0.00861947   0.0230901
 -0.0198392 -0.00861947           0  0.00200078
 -0.0189287  -0.0230901 -0.00200078           0
Repeater1[0]<--->HoM1[0]
REAL
  0.278416 -0.0113032 0.00271171   0.105604
-0.0113032   0.228608  0.0467445  -0.018148
0.00271171  0.0467445   0.208174 -0.0188981
  0.105604  -0.018148 -0.0188981   0.284802
IMAGINARY
           0 -0.000409111   -0.0099914    -0.010266
 0.000409111            0 -0.000662944  -0.00425891
   0.0099914  0.000662944            0   0.00722448
    0.010266   0.00425891  -0.00722448            0
EndNode1[0]<--->Repeater1[0]
REAL
   0.285904 -0.00357126  0.00529194    0.107059
-0.00357126    0.215426   0.0574405   0.0226665
 0.00529194   0.0574405    0.224734  -0.0230867
   0.107059   0.0226665  -0.0230867    0.273936
IMAGINARY
           0  0.000935919   0.00667404  -0.00840165
-0.000935919            0   -0.0189557   0.00732087
 -0.00667404    0.0189557            0    0.0105145
  0.00840165  -0.00732087   -0.0105145            0
EndNode2[0]<--->HoM1[0]
REAL
   0.272497  -0.0240189  0.00117962   0.0697808
 -0.0240189    0.214195   0.0579074 -0.00655596
 0.00117962   0.0579074    0.206591   0.0172985
  0.0697808 -0.00655596   0.0172985    0.306717
IMAGINARY
          0   0.0182366 -0.00320491  -0.0226033
 -0.0182366           0  0.00981561   0.0203553
 0.00320491 -0.00981561           0  -0.0142788
  0.0226033  -0.0203553   0.0142788           0
Repeater1[0]<--->EndNode1[0]
REAL
   0.285904  0.00529194 -0.00357126    0.107059
 0.00529194    0.224734   0.0574405  -0.0230867
-0.00357126   0.0574405    0.215426   0.0226665
   0.107059  -0.0230867   0.0226665    0.273936
IMAGINARY
           0   0.00667404  0.000935919  -0.00840165
 -0.00667404            0    0.0189557    0.0105145
-0.000935919   -0.0189557            0   0.00732087
  0.00840165   -0.0105145  -0.00732087            0
Repeater1[0]<--->HoM1[0]
REAL
   0.272497  0.00117962  -0.0240189   0.0697808
 0.00117962    0.206591   0.0579074   0.0172985
 -0.0240189   0.0579074    0.214195 -0.00655596
  0.0697808   0.0172985 -0.00655596    0.306717
IMAGINARY
          0 -0.00320491   0.0182366  -0.0226033
 0.00320491           0 -0.00981561  -0.0142788
 -0.0182366  0.00981561           0   0.0203553
  0.0226033   0.0142788  -0.0203553           0
EndNode1[0]<--->Repeater1[0]
REAL
    0.292105   0.00297884 -0.000952944     0.117127
  0.00297884     0.205263    0.0453416   0.00347184
-0.000952944    0.0453416     0.207895 -0.000459949
    0.117127   0.00347184 -0.000459949     0.294737
IMAGINARY
           0  -0.00104007  -0.00746511  -0.00653876
  0.00104007            0   0.00778254 -0.000649745
  0.00746511  -0.00778254            0     0.017894
  0.00653876  0.000649745    -0.017894            0
EndNode2[0]<--->HoM1[0]
REAL
    0.29558 -0.00788331  0.00103811   0.0960924
-0.00788331    0.198895   0.0674465  -0.0104215
 0.00103811   0.0674465    0.208564   0.0159262
  0.0960924  -0.0104215   0.0159262    0.296961
IMAGINARY
          0  0.00189943  0.00121305   0.0160494
-0.00189943           0   0.0160494  -0.0207443
-0.00121305  -0.0160494           0 -0.00840985
 -0.0160494   0.0207443  0.00840985           0
Repeater1[0]<--->EndNode1[0]
REAL
    0.292105 -0.000952944   0.00297884     0.117127
-0.000952944     0.207895    0.0453416 -0.000459949
  0.00297884    0.0453416     0.205263   0.00347184
    0.117127 -0.000459949   0.00347184     0.294737
IMAGINARY
           0  -0.00746511  -0.00104007  -0.00653876
  0.00746511            0  -0.00778254     0.017894
  0.00104007   0.00778254            0 -0.000649745
  0.00653876    -0.017894  0.000649745            0
Repeater1[0]<--->HoM1[0]
REAL
    0.29558  0.00103811 -0.00788331   0.0960924
 0.00103811    0.208564   0.0674465   0.0159262
-0.00788331   0.0674465    0.198895  -0.0104215
  0.0960924   0.0159262  -0.0104215    0.296961
IMAGINARY
          0  0.00121305  0.00189943   0.0160494
-0.00121305           0  -0.0160494 -0.00840985
-0.00189943   0.0160494           0  -0.0207443
 -0.0160494  0.00840985   0.0207443           0
EndNode1[0]<--->Repeater1[0]
REAL
    0.29572   0.0203754 0.000416791    0.121974
  0.0203754    0.212711   0.0704278   0.0118381
0.000416791   0.0704278    0.211414 -0.00199303
   0.121974   0.0118381 -0.00199303    0.280156
IMAGINARY
          0 -0.00541353   0.0242915   -0.015427
 0.00541353           0  0.00223439 -0.00238429
 -0.0242915 -0.00223439           0   0.0273207
   0.015427  0.00238429  -0.0273207           0
EndNode2[0]<--->HoM1[0]
REAL
  0.264411 0.00335367  0.0166517   0.108101
0.00335367   0.233083  0.0357738 0.00186679
 0.0166517  0.0357738   0.225564 -0.0247212
  0.108101 0.00186679 -0.0247212   0.276942
IMAGINARY
          0 -0.00893357 -0.00415793   0.0095621
 0.00893357           0   0.0166224  -0.0115653
 0.00415793  -0.0166224           0  0.00201533
 -0.0095621   0.0115653 -0.00201533           0
Repeater1[0]<--->EndNode1[0]
REAL
    0.29572 0.000416791   0.0203754    0.121974
0.000416791    0.211414   0.0704278 -0.00199303
  0.0203754   0.0704278    0.212711   0.0118381
   0.121974 -0.00199303   0.0118381    0.280156
IMAGINARY
          0   0.0242915 -0.00541353   -0.015427
 -0.0242915           0 -0.00223439   0.0273207
 0.00541353  0.00223439           0 -0.00238429
   0.015427  -0.0273207  0.00238429           0
Repeater1[0]<--->HoM1[0]
REAL
  0.264411  0.0166517 0.00335367   0.108101
 0.0166517   0.225564  0.0357738 -0.0247212
0.00335367  0.0357738   0.233083 0.00186679
  0.108101 -0.0247212 0.00186679   0.276942
IMAGINARY
          0 -0.00415793 -0.00893357   0.0095621
 0.00415793           0  -0.0166224  0.00201533
 0.00893357   0.0166224           0  -0.0115653
 -0.0095621 -0.00201533   0.0115653           0
EndNode1[0]<--->Repeater1[0]
REAL
    0.296834   0.00753356    0.0222419     0.120604
  0.00753356     0.222955    0.0432309 -0.000397204
   0.0222419    0.0432309     0.199208    0.0106703
    0.120604 -0.000397204    0.0106703     0.281003
IMAGINARY
          0  -0.0231287 -0.00443099  -0.0161457
  0.0231287           0   -0.029882  -0.0170254
 0.00443099    0.029882           0 -0.00873083
  0.0161457   0.0170254  0.00873083           0
EndNode2[0]<--->HoM1[0]
REAL
   0.261538  0.00450752  -0.0268687    0.103248
 0.00450752    0.233333   0.0599514 -0.00759161
 -0.0268687   0.0599514    0.233333   0.0299528
   0.103248 -0.00759161   0.0299528    0.271795
IMAGINARY
          0 -0.00555709  -0.0153467  0.00613041
 0.00555709           0  0.00675619 -0.00420642
  0.0153467 -0.00675619           0  -0.0125993
-0.00613041  0.00420642   0.0125993           0
Repeater1[0]<--->EndNode1[0]
REAL
    0.296834    0.0222419   0.00753356     0.120604
   0.0222419     0.199208    0.0432309    0.0106703
  0.00753356    0.0432309     0.222955 -0.000397204
    0.120604    0.0106703 -0.000397204     0.281003
IMAGINARY
          0 -0.00443099  -0.0231287  -0.0161457
 0.00443099           0    0.029882 -0.00873083
  0.0231287   -0.029882           0  -0.0170254
  0.0161457  0.00873083   0.0170254           0
Repeater1[0]<--->HoM1[0]
REAL
   0.261538  -0.0268687  0.00450752    0.103248
 -0.0268687    0.233333   0.0599514   0.0299528
 0.00450752   0.0599514    0.233333 -0.00759161
   0.103248   0.0299528 -0.00759161    0.271795
IMAGINARY
          0  -0.0153467 -0.00555709  0.00613041
  0.0153467           0 -0.00675619  -0.0125993
 0.00555709  0.00675619           0 -0.00420642
-0.00613041   0.0125993  0.00420642           0
EndNode1[0]<--->Repeater1[0]
REAL
    0.28416  0.00803667 -0.00993259    0.115526
 0.00803667    0.204353   0.0323992  0.00792456
-0.00993259   0.0323992     0.20919  0.00735824
   0.115526  0.00792456  0.00735824    0.302297
IMAGINARY
           0    0.0168884   0.00618055  -0.00145142
  -0.0168884            0    0.0073647  2.29192e-05
 -0.00618055   -0.0073647            0   -0.0131663
  0.00145142 -2.29192e-05    0.0131663            0
EndNode2[0]<--->HoM1[0]
REAL
   0.289744   0.0130639  -0.0104627    0.107483
  0.0130639    0.211538   0.0769275  -0.0205893
 -0.0104627   0.0769275     0.20641 -0.00989531
   0.107483  -0.0205893 -0.00989531    0.292308
IMAGINARY
           0  -0.00647819   -0.0056781  -0.00844337
  0.00647819            0 -0.000943367   0.00151144
   0.0056781  0.000943367            0  -0.00324403
  0.00844337  -0.00151144   0.00324403            0
Repeater1[0]<--->EndNode1[0]
REAL
    0.28416 -0.00993259  0.00803667    0.115526
-0.00993259     0.20919   0.0323992  0.00735824
 0.00803667   0.0323992    0.204353  0.00792456
   0.115526  0.00735824  0.00792456    0.302297
IMAGINARY
           0   0.00618055    0.0168884  -0.00145142
 -0.00618055            0   -0.0073647   -0.0131663
  -0.0168884    0.0073647            0  2.29192e-05
  0.00145142    0.0131663 -2.29192e-05            0
Repeater1[0]<--->HoM1[0]
REAL
   0.289744  -0.0104627   0.0130639    0.107483
 -0.0104627     0.20641   0.0769275 -0.00989531
  0.0130639   0.0769275    0.211538  -0.0205893
   0.107483 -0.00989531  -0.0205893    0.292308
IMAGINARY
           0   -0.0056781  -0.00647819  -0.00844337
   0.0056781            0  0.000943367  -0.00324403
  0.00647819 -0.000943367            0   0.00151144
  0.00844337   0.00324403  -0.00151144            0
EndNode1[0]<--->Repeater1[0]
REAL
    0.27654   0.0109207 -0.00141734    0.115932
  0.0109207    0.214941   0.0419295  0.00833558
-0.00141734   0.0419295    0.217562   -0.026644
   0.115932  0.00833558   -0.026644    0.290957
IMAGINARY
         0  0.0113578  0.0069073 -0.0216214
-0.0113578          0 -0.0203227  0.0259112
-0.0069073  0.0203227          0  0.0137387
 0.0216214 -0.0259112 -0.0137387          0
EndNode2[0]<--->HoM1[0]
REAL
   0.247706  -0.0173134 0.000187923    0.106374
 -0.0173134    0.249017   0.0512613  -0.0112717
0.000187923   0.0512613    0.222805  0.00130358
   0.106374  -0.0112717  0.00130358    0.280472
IMAGINARY
          0  -0.0153449  -0.0113114  0.00605431
  0.0153449           0  0.00161832   -0.013257
  0.0113114 -0.00161832           0   0.0120249
-0.00605431    0.013257  -0.0120249           0
Repeater1[0]<--->EndNode1[0]
REAL
    0.27654 -0.00141734   0.0109207    0.115932
-0.00141734    0.217562   0.0419295   -0.026644
  0.0109207   0.0419295    0.214941  0.00833558
   0.115932   -0.026644  0.00833558    0.290957
IMAGINARY
         0  0.0069073  0.0113578 -0.0216214
-0.0069073          0  0.0203227  0.0137387
-0.0113578 -0.0203227          0  0.0259112
 0.0216214 -0.0137387 -0.0259112          0
Repeater1[0]<--->HoM1[0]
REAL
   0.247706 0.000187923  -0.0173134    0.106374
0.000187923    0.222805   0.0512613  0.00130358
 -0.0173134   0.0512613    0.249017  -0.0112717
   0.106374  0.00130358  -0.0112717    0.280472
IMAGINARY
          0  -0.0113114  -0.0153449  0.00605431
  0.0113114           0 -0.00161832   0.0120249
  0.0153449  0.00161832           0   -0.013257
-0.00605431  -0.0120249    0.013257           0
EndNode1[0]<--->Repeater1[0]
REAL
   0.295486   0.0151805  0.00413202    0.112834
  0.0151805    0.218878   0.0445963   0.0109813
 0.00413202   0.0445963    0.180575 -0.00258602
   0.112834   0.0109813 -0.00258602    0.305062
IMAGINARY
          0   0.0159365  0.00708297  -0.0134895
 -0.0159365           0  -0.0013876 -0.00336089
-0.00708297   0.0013876           0  0.00267391
  0.0134895  0.00336089 -0.00267391           0
EndNode2[0]<--->HoM1[0]
REAL
   0.271635 -0.00508451 -0.00296393    0.124036
-0.00508451    0.211538   0.0592097 -0.00488947
-0.00296393   0.0592097    0.230769  -0.0132401
   0.124036 -0.00488947  -0.0132401    0.286058
IMAGINARY
           0    0.0112217   0.00606091  0.000217992
  -0.0112217            0  -0.00708612  -0.00028427
 -0.00606091   0.00708612            0  -0.00544501
-0.000217992   0.00028427   0.00544501            0
Repeater1[0]<--->EndNode1[0]
REAL
   0.295486  0.00413202   0.0151805    0.112834
 0.00413202    0.180575   0.0445963 -0.00258602
  0.0151805   0.0445963    0.218878   0.0109813
   0.112834 -0.00258602   0.0109813    0.305062
IMAGINARY
          0  0.00708297   0.0159365  -0.0134895
-0.00708297           0   0.0013876  0.00267391
 -0.0159365  -0.0013876           0 -0.00336089
  0.0134895 -0.00267391  0.00336089           0
Repeater1[0]<--->HoM1[0]
REAL
   0.271635 -0.00296393 -0.00508451    0.124036
-0.00296393    0.230769   0.0592097  -0.0132401
-0.00508451   0.0592097    0.211538 -0.00488947
   0.124036  -0.0132401 -0.00488947    0.286058
IMAGINARY
           0   0.00606091    0.0112217  0.000217992
 -0.00606091            0   0.00708612  -0.00544501
  -0.0112217  -0.00708612            0  -0.00028427
-0.000217992   0.00544501   0.00028427            0
EndNode1[0]<--->Repeater1[0]
REAL
   0.293506  0.00803811 -0.00989335    0.123156
 0.00803811    0.222078   0.0476356 -0.00372051
-0.00989335   0.0476356    0.209091  -0.0167015
   0.123156 -0.00372051  -0.0167015    0.275325
IMAGINARY
          0  0.00388569 -0.00296892   0.0128376
-0.00388569           0  -0.0219285  0.00166684
 0.00296892   0.0219285           0  0.00783306
 -0.0128376 -0.00166684 -0.00783306           0
EndNode2[0]<--->HoM1[0]
REAL
   0.275168 -0.00254286  -0.0038233    0.110435
-0.00254286    0.210738   0.0346029 -0.00126576
 -0.0038233   0.0346029    0.216107   0.0190823
   0.110435 -0.00126576   0.0190823    0.297987
IMAGINARY
          0  0.00540472  -0.0120214 -0.00440961
-0.00540472           0 -0.00109835   0.0101718
  0.0120214  0.00109835           0  -0.0158856
 0.00440961  -0.0101718   0.0158856           0
Repeater1[0]<--->EndNode1[0]
REAL
   0.293506 -0.00989335  0.00803811    0.123156
-0.00989335    0.209091   0.0476356  -0.0167015
 0.00803811   0.0476356    0.222078 -0.00372051
   0.123156  -0.0167015 -0.00372051    0.275325
IMAGINARY
          0 -0.00296892  0.00388569   0.0128376
 0.00296892           0   0.0219285  0.00783306
-0.00388569  -0.0219285           0  0.00166684
 -0.0128376 -0.00783306 -0.00166684           0
Repeater1[0]<--->HoM1[0]
REAL
   0.275168  -0.0038233 -0.00254286    0.110435
 -0.0038233    0.216107   0.0346029   0.0190823
-0.00254286   0.0346029    0.210738 -0.00126576
   0.110435   0.0190823 -0.00126576    0.297987
IMAGINARY
          0  -0.0120214  0.00540472 -0.00440961
  0.0120214           0  0.00109835  -0.0158856
-0.00540472 -0.00109835           0   0.0101718
 0.00440961   0.0158856  -0.0101718           0
EndNode1[0]<--->Repeater1[0]
REAL
   0.283544  -0.0119369   -0.010555    0.109856
 -0.0119369     0.21519   0.0455406  0.00860444
  -0.010555   0.0455406    0.213924 0.000883598
   0.109856  0.00860444 0.000883598    0.287342
IMAGINARY
          0   0.0200456 -0.00877453   0.0206648
 -0.0200456           0  0.00768576  -0.0112808
 0.00877453 -0.00768576           0  -0.0124384
 -0.0206648   0.0112808   0.0124384           0
EndNode2[0]<--->HoM1[0]
REAL
  0.284953 0.00635156 0.00572303   0.105647
0.00635156    0.22237  0.0408939 0.00119521
0.00572303  0.0408939   0.211718  0.0194346
  0.105647 0.00119521  0.0194346   0.280959
IMAGINARY
           0  0.000636467  -0.00976481  -0.00248345
-0.000636467            0  -0.00842797    0.0157728
  0.00976481   0.00842797            0  -0.00130402
  0.00248345   -0.0157728   0.00130402            0
Repeater1[0]<--->EndNode1[0]
REAL
   0.283544   -0.010555  -0.0119369    0.109856
  -0.010555    0.213924   0.0455406 0.000883598
 -0.0119369   0.0455406     0.21519  0.00860444
   0.109856 0.000883598  0.00860444    0.287342
IMAGINARY
          0 -0.00877453   0.0200456   0.0206648
 0.00877453           0 -0.00768576  -0.0124384
 -0.0200456  0.00768576           0  -0.0112808
 -0.0206648   0.0124384   0.0112808           0
Repeater1[0]<--->HoM1[0]
REAL
  0.284953 0.00572303 0.00635156   0.105647
0.00572303   0.211718  0.0408939  0.0194346
0.00635156  0.0408939    0.22237 0.00119521
  0.105647  0.0194346 0.00119521   0.280959
IMAGINARY
           0  -0.00976481  0.000636467  -0.00248345
  0.00976481            0   0.00842797  -0.00130402
-0.000636467  -0.00842797            0    0.0157728
  0.00248345   0.00130402   -0.0157728            0
EndNode1[0]<--->Repeater1[0]
REAL
    0.294416    0.0137189 -0.000342573     0.119021
   0.0137189     0.192893    0.0352834    0.0182234
-0.000342573    0.0352834     0.225888    0.0187314
    0.119021    0.0182234    0.0187314     0.286802
IMAGINARY
           0     0.007797    0.0147107 -0.000107046
   -0.007797            0   -0.0068638   -0.0025748
  -0.0147107    0.0068638            0    0.0346787
 0.000107046    0.0025748   -0.0346787            0
EndNode2[0]<--->HoM1[0]
REAL
    0.26817   0.0174034 -0.00490226    0.104426
  0.0174034    0.215539   0.0429355  0.00297176
-0.00490226   0.0429355    0.230576   0.0192761
   0.104426  0.00297176   0.0192761    0.285714
IMAGINARY
          0   0.0153352  0.00781878   0.0114029
 -0.0153352           0   0.0082182  0.00398246
-0.00781878  -0.0082182           0  -0.0159564
 -0.0114029 -0.00398246   0.0159564           0
Repeater1[0]<--->EndNode1[0]
REAL
    0.294416 -0.000342573    0.0137189     0.119021
-0.000342573     0.225888    0.0352834    0.0187314
   0.0137189    0.0352834     0.192893    0.0182234
    0.119021    0.0187314    0.0182234     0.286802
IMAGINARY
           0    0.0147107     0.007797 -0.000107046
  -0.0147107            0    0.0068638    0.0346787
   -0.007797   -0.0068638            0   -0.0025748
 0.000107046   -0.0346787    0.0025748            0
Repeater1[0]<--->HoM1[0]
REAL
    0.26817 -0.00490226   0.0174034    0.104426
-0.00490226    0.230576   0.0429355   0.0192761
  0.0174034   0.0429355    0.215539  0.00297176
   0.104426   0.0192761  0.00297176    0.285714
IMAGINARY
          0  0.00781878   0.0153352   0.0114029
-0.00781878           0  -0.0082182  -0.0159564
 -0.0153352   0.0082182           0  0.00398246
 -0.0114029   0.0159564 -0.00398246           0
EndNode1[0]<--->Repeater1[0]
REAL
   0.273077 -0.00602235  0.00744285    0.117098
-0.00602235    0.226923   0.0623719  -0.0306217
 0.00744285   0.0623719    0.226923   0.0252276
   0.117098  -0.0306217   0.0252276    0.273077
IMAGINARY
          0  -0.0104439   0.0153436   0.0199705
  0.0104439           0  0.00222268   0.0020693
 -0.0153436 -0.00222268           0   0.0179066
 -0.0199705  -0.0020693  -0.0179066           0
EndNode2[0]<--->HoM1[0]
REAL
   0.294643 -0.00017441  -0.0184212    0.102334
-0.00017441      0.1875   0.0599176  -0.0153537
 -0.0184212   0.0599176     0.21301  0.00745918
   0.102334  -0.0153537  0.00745918    0.304847
IMAGINARY
          0 -0.00324094 -0.00739782  -0.0137411
 0.00324094           0   0.0117491  0.00482712
 0.00739782  -0.0117491           0 -0.00190045
  0.0137411 -0.00482712  0.00190045           0
Repeater1[0]<--->EndNode1[0]
REAL
   0.273077  0.00744285 -0.00602235    0.117098
 0.00744285    0.226923   0.0623719   0.0252276
-0.00602235   0.0623719    0.226923  -0.0306217
   0.117098   0.0252276  -0.0306217    0.273077
IMAGINARY
          0   0.0153436  -0.0104439   0.0199705
 -0.0153436           0 -0.00222268   0.0179066
  0.0104439  0.00222268           0   0.0020693
 -0.0199705  -0.0179066  -0.0020693           0
Repeater1[0]<--->HoM1[0]
REAL
   0.294643  -0.0184212 -0.00017441    0.102334
 -0.0184212     0.21301   0.0599176  0.00745918
-0.00017441   0.0599176      0.1875  -0.0153537
   0.102334  0.00745918  -0.0153537    0.304847
IMAGINARY
          0 -0.00739782 -0.00324094  -0.0137411
 0.00739782           0  -0.0117491 -0.00190045
 0.00324094   0.0117491           0  0.00482712
  0.0137411  0.00190045 -0.00482712           0
EndNode1[0]<--->Repeater1[0]
REAL
  0.292035   -0.01563 7.9017e-05   0.121152
  -0.01563   0.195954  0.0424722 -0.0150725
7.9017e-05  0.0424722   0.225032 -0.0150089
  0.121152 -0.0150725 -0.0150089   0.286979
IMAGINARY
          0  0.00953408  0.00607557  -0.0097046
-0.00953408           0  -0.0109672 -0.00226846
-0.00607557   0.0109672           0  0.00696338
  0.0097046  0.00226846 -0.00696338           0
EndNode2[0]<--->HoM1[0]
REAL
   0.306202 -0.00120968  -0.0194169    0.115643
-0.00120968    0.224806   0.0550557   0.0113524
 -0.0194169   0.0550557    0.187339  -0.0108871
   0.115643   0.0113524  -0.0108871    0.281654
IMAGINARY
          0  -0.0232889   0.0144401   0.0057709
  0.0232889           0 -0.00272583   0.0130996
 -0.0144401  0.00272583           0   0.0165569
 -0.0057709  -0.0130996  -0.0165569           0
Repeater1[0]<--->EndNode1[0]
REAL
  0.292035 7.9017e-05   -0.01563   0.121152
7.9017e-05   0.225032  0.0424722 -0.0150089
  -0.01563  0.0424722   0.195954 -0.0150725
  0.121152 -0.0150089 -0.0150725   0.286979
IMAGINARY
          0  0.00607557  0.00953408  -0.0097046
-0.00607557           0   0.0109672  0.00696338
-0.00953408  -0.0109672           0 -0.00226846
  0.0097046 -0.00696338  0.00226846           0
Repeater1[0]<--->HoM1[0]
REAL
   0.306202  -0.0194169 -0.00120968    0.115643
 -0.0194169    0.187339   0.0550557  -0.0108871
-0.00120968   0.0550557    0.224806   0.0113524
   0.115643  -0.0108871   0.0113524    0.281654
IMAGINARY
          0   0.0144401  -0.0232889   0.0057709
 -0.0144401           0  0.00272583   0.0165569
  0.0232889 -0.00272583           0   0.0130996
 -0.0057709  -0.0165569  -0.0130996           0
EndNode1[0]<--->Repeater1[0]
REAL
   0.260238   0.0015106  -0.0216904    0.103462
  0.0015106    0.217966   0.0490579 -0.00350856
 -0.0216904   0.0490579    0.227213  -0.0081419
   0.103462 -0.00350856  -0.0081419    0.294584
IMAGINARY
          0 -0.00220304  0.00574098  -0.0135306
 0.00220304           0 -0.00362311  -0.0161037
-0.00574098  0.00362311           0   0.0177471
  0.0135306   0.0161037  -0.0177471           0
EndNode2[0]<--->HoM1[0]
REAL
    0.27193 -0.00773335  -0.0102953    0.110365
-0.00773335    0.226817   0.0497404   0.0221063
 -0.0102953   0.0497404    0.223058    0.018232
   0.110365   0.0221063    0.018232    0.278195
IMAGINARY
          0  0.00679993   0.0133037 -0.00923481
-0.00679993           0  -0.0246297  -0.0283097
 -0.0133037   0.0246297           0    0.010607
 0.00923481   0.0283097   -0.010607           0
Repeater1[0]<--->EndNode1[0]
REAL
   0.260238  -0.0216904   0.0015106    0.103462
 -0.0216904    0.227213   0.0490579  -0.0081419
  0.0015106   0.0490579    0.217966 -0.00350856
   0.103462  -0.0081419 -0.00350856    0.294584
IMAGINARY
          0  0.00574098 -0.00220304  -0.0135306
-0.00574098           0  0.00362311   0.0177471
 0.00220304 -0.00362311           0  -0.0161037
  0.0135306  -0.0177471   0.0161037           0
Repeater1[0]<--->HoM1[0]
REAL
    0.27193  -0.0102953 -0.00773335    0.110365
 -0.0102953    0.223058   0.0497404    0.018232
-0.00773335   0.0497404    0.226817   0.0221063
   0.110365    0.018232   0.0221063    0.278195
IMAGINARY
          0   0.0133037  0.00679993 -0.00923481
 -0.0133037           0   0.0246297    0.010607
-0.00679993  -0.0246297           0  -0.0283097
 0.00923481   -0.010607   0.0283097           0
EndNode1[0]<--->Repeater1[0]
REAL
   0.277778 -0.00155412   0.0135032    0.103711
-0.00155412    0.196477   0.0563422  -0.0214397
  0.0135032   0.0563422    0.238482   0.0108134
   0.103711  -0.0214397   0.0108134    0.287263
IMAGINARY
          0  -0.0110208   0.0110843  -0.0324848
  0.0110208           0    0.014582  0.00602099
 -0.0110843   -0.014582           0  -0.0166108
  0.0324848 -0.00602099   0.0166108           0
EndNode2[0]<--->HoM1[0]
REAL
   0.270026   0.0124755   0.0181129    0.115964
  0.0124755    0.211886   0.0399639 -0.00780364
  0.0181129   0.0399639    0.235142    0.019741
   0.115964 -0.00780364    0.019741    0.282946
IMAGINARY
          0 -0.00564078   0.0155476   -0.024606
 0.00564078           0   0.0173787  0.00978574
 -0.0155476  -0.0173787           0  0.00164078
   0.024606 -0.00978574 -0.00164078           0
Repeater1[0]<--->EndNode1[0]
REAL
   0.277778   0.0135032 -0.00155412    0.103711
  0.0135032    0.238482   0.0563422   0.0108134
-0.00155412   0.0563422    0.196477  -0.0214397
   0.103711   0.0108134  -0.0214397    0.287263
IMAGINARY
          0   0.0110843  -0.0110208  -0.0324848
 -0.0110843           0   -0.014582  -0.0166108
  0.0110208    0.014582           0  0.00602099
  0.0324848   0.0166108 -0.00602099           0
Repeater1[0]<--->HoM1[0]
REAL
   0.270026   0.0181129   0.0124755    0.115964
  0.0181129    0.235142   0.0399639    0.019741
  0.0124755   0.0399639    0.211886 -0.00780364
   0.115964    0.019741 -0.00780364    0.282946
IMAGINARY
          0   0.0155476 -0.00564078   -0.024606
 -0.0155476           0  -0.0173787  0.00164078
 0.00564078   0.0173787           0  0.00978574
   0.024606 -0.00164078 -0.00978574           0
EndNode1[0]<--->Repeater1[0]
REAL
   0.269082 -0.00625287  0.00495175     0.11395
-0.00625287    0.240621   0.0471538  -0.0235654
 0.00495175   0.0471538    0.205692 -0.00209116
    0.11395  -0.0235654 -0.00209116    0.284605
IMAGINARY
           0  -0.00680447 -0.000993255  -0.00537322
  0.00680447            0   -0.0175026    0.0120179
 0.000993255    0.0175026            0   0.00615596
  0.00537322   -0.0120179  -0.00615596            0
EndNode2[0]<--->HoM1[0]
REAL
   0.302764  0.00491248  -0.0113686   0.0989416
 0.00491248    0.238693   0.0556039   0.0100699
 -0.0113686   0.0556039    0.226131 -0.00101637
  0.0989416   0.0100699 -0.00101637    0.232412
IMAGINARY
           0  -0.00353237 -0.000604032   -0.0304284
  0.00353237            0   0.00169279    0.0374734
 0.000604032  -0.00169279            0   -0.0165194
   0.0304284   -0.0374734    0.0165194            0
Repeater1[0]<--->EndNode1[0]
REAL
   0.269082  0.00495175 -0.00625287     0.11395
 0.00495175    0.205692   0.0471538 -0.00209116
-0.00625287   0.0471538    0.240621  -0.0235654
    0.11395 -0.00209116  -0.0235654    0.284605
IMAGINARY
           0 -0.000993255  -0.00680447  -0.00537322
 0.000993255            0    0.0175026   0.00615596
  0.00680447   -0.0175026            0    0.0120179
  0.00537322  -0.00615596   -0.0120179            0
Repeater1[0]<--->HoM1[0]
REAL
   0.302764  -0.0113686  0.00491248   0.0989416
 -0.0113686    0.226131   0.0556039 -0.00101637
 0.00491248   0.0556039    0.238693   0.0100699
  0.0989416 -0.00101637   0.0100699    0.232412
IMAGINARY
           0 -0.000604032  -0.00353237   -0.0304284
 0.000604032            0  -0.00169279   -0.0165194
  0.00353237   0.00169279            0    0.0374734
   0.0304284    0.0165194   -0.0374734            0
EndNode1[0]<--->Repeater1[0]
REAL
   0.278894  -0.0115273 -0.00571237     0.11132
 -0.0115273    0.222362   0.0410725  0.00319348
-0.00571237   0.0410725    0.238693  0.00145171
    0.11132  0.00319348  0.00145171     0.26005
IMAGINARY
          0    0.019913 -0.00109907 -0.00452352
  -0.019913           0 -0.00452352  -0.0140524
 0.00109907  0.00452352           0   0.0145222
 0.00452352   0.0140524  -0.0145222           0
EndNode2[0]<--->HoM1[0]
REAL
   0.280156  -0.0051067 -0.00713245   0.0905889
 -0.0051067    0.223087   0.0431247   0.0242427
-0.00713245   0.0431247    0.216602 -0.00186415
  0.0905889   0.0242427 -0.00186415    0.280156
IMAGINARY
          0   0.0230524 -0.00551749 -0.00845461
 -0.0230524           0  -0.0096801 -0.00423544
 0.00551749   0.0096801           0  -0.0159003
 0.00845461  0.00423544   0.0159003           0
Repeater1[0]<--->EndNode1[0]
REAL
   0.278894 -0.00571237  -0.0115273     0.11132
-0.00571237    0.238693   0.0410725  0.00145171
 -0.0115273   0.0410725    0.222362  0.00319348
    0.11132  0.00145171  0.00319348     0.26005
IMAGINARY
          0 -0.00109907    0.019913 -0.00452352
 0.00109907           0  0.00452352   0.0145222
  -0.019913 -0.00452352           0  -0.0140524
 0.00452352  -0.0145222   0.0140524           0
Repeater1[0]<--->HoM1[0]
REAL
   0.280156 -0.00713245  -0.0051067   0.0905889
-0.00713245    0.216602   0.0431247 -0.00186415
 -0.0051067   0.0431247    0.223087   0.0242427
  0.0905889 -0.00186415   0.0242427    0.280156
IMAGINARY
          0 -0.00551749   0.0230524 -0.00845461
 0.00551749           0   0.0096801  -0.0159003
 -0.0230524  -0.0096801           0 -0.00423544
 0.00845461   0.0159003  0.00423544           0
EndNode1[0]<--->Repeater1[0]
REAL
   0.305405 -0.00783495  0.00377403   0.0944511
-0.00783495    0.206757   0.0241186  0.00438156
 0.00377403   0.0241186    0.193243  0.00846231
  0.0944511  0.00438156  0.00846231    0.294595
IMAGINARY
          0  0.00526013  0.00655331     0.00875
-0.00526013           0     0.00875   0.0190221
-0.00655331    -0.00875           0   0.0126427
   -0.00875  -0.0190221  -0.0126427           0
EndNode2[0]<--->HoM1[0]
REAL
  0.289308  0.0148327  0.0152047   0.102046
 0.0148327   0.218868  0.0523077 -0.0112469
 0.0152047  0.0523077   0.225157 0.00495619
  0.102046 -0.0112469 0.00495619   0.266667
IMAGINARY
          0   0.0214089 -0.00724029  -0.0315217
 -0.0214089           0 -0.00553943  0.00854919
 0.00724029  0.00553943           0   0.0034602
  0.0315217 -0.00854919  -0.0034602           0
Repeater1[0]<--->EndNode1[0]
REAL
   0.305405  0.00377403 -0.00783495   0.0944511
 0.00377403    0.193243   0.0241186  0.00846231
-0.00783495   0.0241186    0.206757  0.00438156
  0.0944511  0.00846231  0.00438156    0.294595
IMAGINARY
          0  0.00655331  0.00526013     0.00875
-0.00655331           0    -0.00875   0.0126427
-0.00526013     0.00875           0   0.0190221
   -0.00875  -0.0126427  -0.0190221           0
Repeater1[0]<--->HoM1[0]
REAL
  0.289308  0.0152047  0.0148327   0.102046
 0.0152047   0.225157  0.0523077 0.00495619
 0.0148327  0.0523077   0.218868 -0.0112469
  0.102046 0.00495619 -0.0112469   0.266667
IMAGINARY
          0 -0.00724029   0.0214089  -0.0315217
 0.00724029           0  0.00553943   0.0034602
 -0.0214089 -0.00553943           0  0.00854919
  0.0315217  -0.0034602 -0.00854919           0
EndNode1[0]<--->Repeater1[0]
REAL
  0.272152  0.0179957 -0.0159782    0.13781
 0.0179957   0.221519  0.0260454 -0.0141422
-0.0159782  0.0260454   0.208861 -0.0131764
   0.13781 -0.0141422 -0.0131764   0.297468
IMAGINARY
          0 -0.00525718  -0.0167523  0.00668068
 0.00525718           0   -0.016376 -0.00220199
  0.0167523    0.016376           0   0.0019892
-0.00668068  0.00220199  -0.0019892           0
EndNode2[0]<--->HoM1[0]
REAL
  0.281414  -0.021027 -0.0187265   0.124582
 -0.021027   0.221204  0.0560798  -0.021986
-0.0187265  0.0560798   0.205497 -0.0235023
  0.124582  -0.021986 -0.0235023   0.291885
IMAGINARY
          0 -0.00831021   -0.015112  -0.0258092
 0.00831021           0 -0.00431128 -0.00345396
   0.015112  0.00431128           0  -0.0102557
  0.0258092  0.00345396   0.0102557           0
Repeater1[0]<--->EndNode1[0]
REAL
  0.272152 -0.0159782  0.0179957    0.13781
-0.0159782   0.208861  0.0260454 -0.0131764
 0.0179957  0.0260454   0.221519 -0.0141422
   0.13781 -0.0131764 -0.0141422   0.297468
IMAGINARY
          0  -0.0167523 -0.00525718  0.00668068
  0.0167523           0    0.016376   0.0019892
 0.00525718   -0.016376           0 -0.00220199
-0.00668068  -0.0019892  0.00220199           0
Repeater1[0]<--->HoM1[0]
REAL
  0.281414 -0.0187265  -0.021027   0.124582
-0.0187265   0.205497  0.0560798 -0.0235023
 -0.021027  0.0560798   0.221204  -0.021986
  0.124582 -0.0235023  -0.021986   0.291885
IMAGINARY
          0   -0.015112 -0.00831021  -0.0258092
   0.015112           0  0.00431128  -0.0102557
 0.00831021 -0.00431128           0 -0.00345396
  0.0258092   0.0102557  0.00345396           0
EndNode1[0]<--->Repeater1[0]
REAL
    0.27478 -0.00363826  0.00102766    0.114673
-0.00363826    0.215809   0.0551954 -0.00282838
 0.00102766   0.0551954    0.205772  -0.0209716
   0.114673 -0.00282838  -0.0209716    0.303639
IMAGINARY
          0  0.00682337  -0.0109897  -0.0163036
-0.00682337           0  0.00726327   0.0260224
  0.0109897 -0.00726327           0   0.0212812
  0.0163036  -0.0260224  -0.0212812           0
EndNode2[0]<--->HoM1[0]
REAL
   0.288804 0.000315259   0.0150382    0.103619
0.000315259    0.216285     0.04203  -0.0055804
  0.0150382     0.04203    0.206107 0.000315259
   0.103619  -0.0055804 0.000315259    0.288804
IMAGINARY
          0 -0.00200449 -0.00767957 -0.00368803
 0.00200449           0   0.0151676  -0.0115257
 0.00767957  -0.0151676           0  0.00134223
 0.00368803   0.0115257 -0.00134223           0
Repeater1[0]<--->EndNode1[0]
REAL
    0.27478  0.00102766 -0.00363826    0.114673
 0.00102766    0.205772   0.0551954  -0.0209716
-0.00363826   0.0551954    0.215809 -0.00282838
   0.114673  -0.0209716 -0.00282838    0.303639
IMAGINARY
          0  -0.0109897  0.00682337  -0.0163036
  0.0109897           0 -0.00726327   0.0212812
-0.00682337  0.00726327           0   0.0260224
  0.0163036  -0.0212812  -0.0260224           0
Repeater1[0]<--->HoM1[0]
REAL
   0.288804   0.0150382 0.000315259    0.103619
  0.0150382    0.206107     0.04203 0.000315259
0.000315259     0.04203    0.216285  -0.0055804
   0.103619 0.000315259  -0.0055804    0.288804
IMAGINARY
          0 -0.00767957 -0.00200449 -0.00368803
 0.00767957           0  -0.0151676  0.00134223
 0.00200449   0.0151676           0  -0.0115257
 0.00368803 -0.00134223   0.0115257           0
EndNode1[0]<--->Repeater1[0]
REAL
  0.286269   0.013209 -0.0137269   0.113193
  0.013209   0.217617  0.0656389 0.00399458
-0.0137269  0.0656389   0.234456 0.00625575
  0.113193 0.00399458 0.00625575   0.261658
IMAGINARY
          0  -0.0223974   0.0128866 -0.00742626
  0.0223974           0  0.00546034  -0.0128866
 -0.0128866 -0.00546034           0  0.00473437
 0.00742626   0.0128866 -0.00473437           0
EndNode2[0]<--->HoM1[0]
REAL
   0.292343   0.0050515  0.00739473    0.125308
  0.0050515    0.233179    0.075102 0.000129209
 0.00739473    0.075102    0.216937   0.0175203
