EndNode1[0]<--->Repeater1[0]
REAL
    0.294118   -0.0171901  -0.00526255   0.00445779
  -0.0171901     0.206508 -0.000631264   -0.0113191
 -0.00526255 -0.000631264     0.201502   0.00443503
  0.00445779   -0.0113191   0.00443503     0.297872
IMAGINARY
          0   0.0176978 -0.00143598  -0.0166753
 -0.0176978           0   0.0121708  -0.0100144
 0.00143598  -0.0121708           0  0.00774752
  0.0166753   0.0100144 -0.00774752           0
EndNode2[0]<--->HoM1[0]
REAL
   0.289377  -0.0214242   0.0173134   0.0200755
 -0.0214242    0.201465   0.0123435  -0.0123258
  0.0173134   0.0123435    0.225885 -0.00725413
  0.0200755  -0.0123258 -0.00725413    0.283272
IMAGINARY
           0  -0.00161703  0.000378869    0.0159773
  0.00161703            0    0.0179536  -0.00939949
-0.000378869   -0.0179536            0  -0.00482627
  -0.0159773   0.00939949   0.00482627            0
Repeater1[0]<--->EndNode1[0]
REAL
    0.294118  -0.00526255   -0.0171901   0.00445779
 -0.00526255     0.201502 -0.000631264   0.00443503
  -0.0171901 -0.000631264     0.206508   -0.0113191
  0.00445779   0.00443503   -0.0113191     0.297872
IMAGINARY
          0 -0.00143598   0.0176978  -0.0166753
 0.00143598           0  -0.0121708  0.00774752
 -0.0176978   0.0121708           0  -0.0100144
  0.0166753 -0.00774752   0.0100144           0
Repeater1[0]<--->HoM1[0]
REAL
   0.289377   0.0173134  -0.0214242   0.0200755
  0.0173134    0.225885   0.0123435 -0.00725413
 -0.0214242   0.0123435    0.201465  -0.0123258
  0.0200755 -0.00725413  -0.0123258    0.283272
IMAGINARY
           0  0.000378869  -0.00161703    0.0159773
-0.000378869            0   -0.0179536  -0.00482627
  0.00161703    0.0179536            0  -0.00939949
  -0.0159773   0.00482627   0.00939949            0
EndNode1[0]<--->Repeater1[0]
REAL
   0.306995  -0.0132621   0.0143476   0.0160314
 -0.0132621    0.190415   0.0178994 -0.00346411
  0.0143476   0.0178994    0.208549  0.00109821
  0.0160314 -0.00346411  0.00109821    0.294041
IMAGINARY
          0  -0.0129846   0.0142937   -0.020317
  0.0129846           0 -0.00175108   0.0012729
 -0.0142937  0.00175108           0 -0.00631797
   0.020317  -0.0012729  0.00631797           0
EndNode2[0]<--->HoM1[0]
REAL
   0.312418 -0.00728321   0.0135903   0.0119322
-0.00728321    0.196078  0.00227969 -0.00842231
  0.0135903  0.00227969    0.206536  0.00986719
  0.0119322 -0.00842231  0.00986719    0.284967
IMAGINARY
          0   0.0139931  0.00516417 -0.00981704
 -0.0139931           0 -0.00102307   0.0328024
-0.00516417  0.00102307           0  0.00338139
 0.00981704  -0.0328024 -0.00338139           0
Repeater1[0]<--->EndNode1[0]
REAL
   0.306995   0.0143476  -0.0132621   0.0160314
  0.0143476    0.208549   0.0178994  0.00109821
 -0.0132621   0.0178994    0.190415 -0.00346411
  0.0160314  0.00109821 -0.00346411    0.294041
IMAGINARY
          0   0.0142937  -0.0129846   -0.020317
 -0.0142937           0  0.00175108 -0.00631797
  0.0129846 -0.00175108           0   0.0012729
   0.020317  0.00631797  -0.0012729           0
Repeater1[0]<--->HoM1[0]
REAL
   0.312418   0.0135903 -0.00728321   0.0119322
  0.0135903    0.206536  0.00227969  0.00986719
-0.00728321  0.00227969    0.196078 -0.00842231
  0.0119322  0.00986719 -0.00842231    0.284967
IMAGINARY
          0  0.00516417   0.0139931 -0.00981704
-0.00516417           0  0.00102307  0.00338139
 -0.0139931 -0.00102307           0   0.0328024
 0.00981704 -0.00338139  -0.0328024           0
EndNode1[0]<--->Repeater1[0]
REAL
   0.278755 -0.00671259 -0.00444394   0.0110315
-0.00671259    0.194858   0.0152843  0.00627992
-0.00444394   0.0152843    0.212449  -0.0244992
  0.0110315  0.00627992  -0.0244992    0.313938
IMAGINARY
          0  0.00726168 -0.00973443   0.0126825
-0.00726168           0 -0.00414115 -0.00909911
 0.00973443  0.00414115           0  -0.0163747
 -0.0126825  0.00909911   0.0163747           0
EndNode2[0]<--->HoM1[0]
REAL
   0.306773  0.00180062 -0.00957827   0.0275591
 0.00180062    0.189907  -0.0275591    0.017004
-0.00957827  -0.0275591    0.212483   0.0155261
  0.0275591    0.017004   0.0155261    0.290837
IMAGINARY
           0 -0.000482966   -0.0188695   0.00405122
 0.000482966            0  -0.00279809   -0.0100019
   0.0188695   0.00279809            0   0.00966932
 -0.00405122    0.0100019  -0.00966932            0
Repeater1[0]<--->EndNode1[0]
REAL
   0.278755 -0.00444394 -0.00671259   0.0110315
-0.00444394    0.212449   0.0152843  -0.0244992
-0.00671259   0.0152843    0.194858  0.00627992
  0.0110315  -0.0244992  0.00627992    0.313938
IMAGINARY
          0 -0.00973443  0.00726168   0.0126825
 0.00973443           0  0.00414115  -0.0163747
-0.00726168 -0.00414115           0 -0.00909911
 -0.0126825   0.0163747  0.00909911           0
Repeater1[0]<--->HoM1[0]
REAL
   0.306773 -0.00957827  0.00180062   0.0275591
-0.00957827    0.212483  -0.0275591   0.0155261
 0.00180062  -0.0275591    0.189907    0.017004
  0.0275591   0.0155261    0.017004    0.290837
IMAGINARY
           0   -0.0188695 -0.000482966   0.00405122
   0.0188695            0   0.00279809   0.00966932
 0.000482966  -0.00279809            0   -0.0100019
 -0.00405122  -0.00966932    0.0100019            0
EndNode1[0]<--->Repeater1[0]
REAL
   0.317664 -0.00770764  0.00919649  0.00752394
-0.00770764    0.210826   0.0220358  0.00275319
 0.00919649   0.0220358     0.18661  -0.0205942
 0.00752394  0.00275319  -0.0205942      0.2849
IMAGINARY
          0 -0.00278946   0.0122131   0.0164883
 0.00278946           0 -0.00968975 -0.00165902
 -0.0122131  0.00968975           0  0.00542798
 -0.0164883  0.00165902 -0.00542798           0
EndNode2[0]<--->HoM1[0]
REAL
   0.285714  -0.0123417 -0.00180723  -0.0119115
 -0.0123417    0.226512  0.00829707 -0.00180723
-0.00180723  0.00829707    0.217503  -0.0225981
 -0.0119115 -0.00180723  -0.0225981     0.27027
IMAGINARY
          0 -0.00742074  0.00166124   0.0173545
 0.00742074           0  0.00310583  0.00420577
-0.00166124 -0.00310583           0   0.0158953
 -0.0173545 -0.00420577  -0.0158953           0
Repeater1[0]<--->EndNode1[0]
REAL
   0.317664  0.00919649 -0.00770764  0.00752394
 0.00919649     0.18661   0.0220358  -0.0205942
-0.00770764   0.0220358    0.210826  0.00275319
 0.00752394  -0.0205942  0.00275319      0.2849
IMAGINARY
          0   0.0122131 -0.00278946   0.0164883
 -0.0122131           0  0.00968975  0.00542798
 0.00278946 -0.00968975           0 -0.00165902
 -0.0164883 -0.00542798  0.00165902           0
Repeater1[0]<--->HoM1[0]
REAL
   0.285714 -0.00180723  -0.0123417  -0.0119115
-0.00180723    0.217503  0.00829707  -0.0225981
 -0.0123417  0.00829707    0.226512 -0.00180723
 -0.0119115  -0.0225981 -0.00180723     0.27027
IMAGINARY
          0  0.00166124 -0.00742074   0.0173545
-0.00166124           0 -0.00310583   0.0158953
 0.00742074  0.00310583           0  0.00420577
 -0.0173545  -0.0158953 -0.00420577           0
EndNode1[0]<--->Repeater1[0]
REAL
    0.30984    0.020643   0.0124577  -0.0028289
   0.020643    0.191489  -0.0368095 -0.00619901
  0.0124577  -0.0368095    0.208777  0.00230557
 -0.0028289 -0.00619901  0.00230557    0.289894
IMAGINARY
           0   -0.0193085   0.00298445 -0.000303274
   0.0193085            0   0.00157878    0.0157395
 -0.00298445  -0.00157878            0  -0.00773726
 0.000303274   -0.0157395   0.00773726            0
EndNode2[0]<--->HoM1[0]
REAL
   0.325069  -0.0245174   0.0167621   0.0358984
 -0.0245174    0.231405 -0.00978373  -0.0199468
  0.0167621 -0.00978373    0.194215  -0.0168838
  0.0358984  -0.0199468  -0.0168838    0.249311
IMAGINARY
         0 -0.0183084 -0.0217713     0.0152
 0.0183084          0 -0.0095396  0.0299065
 0.0217713  0.0095396          0  0.0164311
   -0.0152 -0.0299065 -0.0164311          0
Repeater1[0]<--->EndNode1[0]
REAL
    0.30984   0.0124577    0.020643  -0.0028289
  0.0124577    0.208777  -0.0368095  0.00230557
   0.020643  -0.0368095    0.191489 -0.00619901
 -0.0028289  0.00230557 -0.00619901    0.289894
IMAGINARY
           0   0.00298445   -0.0193085 -0.000303274
 -0.00298445            0  -0.00157878  -0.00773726
   0.0193085   0.00157878            0    0.0157395
 0.000303274   0.00773726   -0.0157395            0
Repeater1[0]<--->HoM1[0]
REAL
   0.325069   0.0167621  -0.0245174   0.0358984
  0.0167621    0.194215 -0.00978373  -0.0168838
 -0.0245174 -0.00978373    0.231405  -0.0199468
  0.0358984  -0.0168838  -0.0199468    0.249311
IMAGINARY
         0 -0.0217713 -0.0183084     0.0152
 0.0217713          0  0.0095396  0.0164311
 0.0183084 -0.0095396          0  0.0299065
   -0.0152 -0.0164311 -0.0299065          0
EndNode1[0]<--->Repeater1[0]
REAL
  0.311842  0.0138688  0.0103449  0.0304832
 0.0138688   0.189474 -0.0105859 -0.0251074
 0.0103449 -0.0105859   0.201316 -0.0106595
 0.0304832 -0.0251074 -0.0106595   0.297368
IMAGINARY
          0 -0.00520316  0.00893962   0.0146532
 0.00520316           0  -0.0220556 -0.00698395
-0.00893962   0.0220556           0 -0.00979032
 -0.0146532  0.00698395  0.00979032           0
EndNode2[0]<--->HoM1[0]
REAL
   0.289544 -0.00345912  0.00406955   0.0278706
-0.00345912    0.211796   0.0016892   0.0217166
 0.00406955   0.0016892    0.205094 -0.00345912
  0.0278706   0.0217166 -0.00345912    0.293566
IMAGINARY
           0    0.0166636  0.000371261  -0.00764914
  -0.0166636            0     0.018341  -0.00867267
-0.000371261    -0.018341            0  0.000577794
  0.00764914   0.00867267 -0.000577794            0
Repeater1[0]<--->EndNode1[0]
REAL
  0.311842  0.0103449  0.0138688  0.0304832
 0.0103449   0.201316 -0.0105859 -0.0106595
 0.0138688 -0.0105859   0.189474 -0.0251074
 0.0304832 -0.0106595 -0.0251074   0.297368
IMAGINARY
          0  0.00893962 -0.00520316   0.0146532
-0.00893962           0   0.0220556 -0.00979032
 0.00520316  -0.0220556           0 -0.00698395
 -0.0146532  0.00979032  0.00698395           0
Repeater1[0]<--->HoM1[0]
REAL
   0.289544  0.00406955 -0.00345912   0.0278706
 0.00406955    0.205094   0.0016892 -0.00345912
-0.00345912   0.0016892    0.211796   0.0217166
  0.0278706 -0.00345912   0.0217166    0.293566
IMAGINARY
           0  0.000371261    0.0166636  -0.00764914
-0.000371261            0    -0.018341  0.000577794
  -0.0166636     0.018341            0  -0.00867267
  0.00764914 -0.000577794   0.00867267            0
EndNode1[0]<--->Repeater1[0]
REAL
   0.305732 -0.00481327  0.00157134 -0.00114259
-0.00481327    0.185987  -0.0114519  -0.0179441
 0.00157134  -0.0114519    0.202548  -0.0178568
-0.00114259  -0.0179441  -0.0178568    0.305732
IMAGINARY
           0   -0.0230583   -0.0181172   -0.0173623
   0.0230583            0    0.0089535  7.59937e-05
   0.0181172   -0.0089535            0    0.0230583
   0.0173623 -7.59937e-05   -0.0230583            0
EndNode2[0]<--->HoM1[0]
REAL
   0.333333 7.17165e-05  0.00760342 -0.00815758
7.17165e-05    0.207858  -0.0150828   0.0063408
 0.00760342  -0.0150828    0.201521  0.00324834
-0.00815758   0.0063408  0.00324834    0.257288
IMAGINARY
          0   0.0141551   0.0226287  0.00763359
 -0.0141551           0 -0.00763359 -0.00877831
 -0.0226287  0.00763359           0 -0.00584488
-0.00763359  0.00877831  0.00584488           0
Repeater1[0]<--->EndNode1[0]
REAL
   0.305732  0.00157134 -0.00481327 -0.00114259
 0.00157134    0.202548  -0.0114519  -0.0178568
-0.00481327  -0.0114519    0.185987  -0.0179441
-0.00114259  -0.0178568  -0.0179441    0.305732
IMAGINARY
           0   -0.0181172   -0.0230583   -0.0173623
   0.0181172            0   -0.0089535    0.0230583
   0.0230583    0.0089535            0  7.59937e-05
   0.0173623   -0.0230583 -7.59937e-05            0
Repeater1[0]<--->HoM1[0]
REAL
   0.333333  0.00760342 7.17165e-05 -0.00815758
 0.00760342    0.201521  -0.0150828  0.00324834
7.17165e-05  -0.0150828    0.207858   0.0063408
-0.00815758  0.00324834   0.0063408    0.257288
IMAGINARY
          0   0.0226287   0.0141551  0.00763359
 -0.0226287           0  0.00763359 -0.00584488
 -0.0141551 -0.00763359           0 -0.00877831
-0.00763359  0.00584488  0.00877831           0
EndNode1[0]<--->Repeater1[0]
REAL
   0.329384 0.000762081 -0.00427529   0.0308179
0.000762081     0.21327 -0.00774093 -0.00901142
-0.00427529 -0.00774093    0.188389  -0.0154474
  0.0308179 -0.00901142  -0.0154474    0.268957
IMAGINARY
           0    0.0138256    0.0021505  -0.00460179
  -0.0138256            0 -0.000108846   0.00606695
  -0.0021505  0.000108846            0   0.00956251
  0.00460179  -0.00606695  -0.00956251            0
EndNode2[0]<--->HoM1[0]
REAL
   0.301129   0.0100375 -0.00222498  0.00676467
  0.0100375    0.230866  0.00125672 -0.00579641
-0.00222498  0.00125672     0.18946  0.00600526
 0.00676467 -0.00579641  0.00600526    0.278545
IMAGINARY
          0 -0.00246153 -0.00902849  0.00725162
 0.00246153           0  0.00385949 -0.00137543
 0.00902849 -0.00385949           0  0.00307353
-0.00725162  0.00137543 -0.00307353           0
Repeater1[0]<--->EndNode1[0]
REAL
   0.329384 -0.00427529 0.000762081   0.0308179
-0.00427529    0.188389 -0.00774093  -0.0154474
0.000762081 -0.00774093     0.21327 -0.00901142
  0.0308179  -0.0154474 -0.00901142    0.268957
IMAGINARY
           0    0.0021505    0.0138256  -0.00460179
  -0.0021505            0  0.000108846   0.00956251
  -0.0138256 -0.000108846            0   0.00606695
  0.00460179  -0.00956251  -0.00606695            0
Repeater1[0]<--->HoM1[0]
REAL
   0.301129 -0.00222498   0.0100375  0.00676467
-0.00222498     0.18946  0.00125672  0.00600526
  0.0100375  0.00125672    0.230866 -0.00579641
 0.00676467  0.00600526 -0.00579641    0.278545
IMAGINARY
          0 -0.00902849 -0.00246153  0.00725162
 0.00902849           0 -0.00385949  0.00307353
 0.00246153  0.00385949           0 -0.00137543
-0.00725162 -0.00307353  0.00137543           0
EndNode1[0]<--->Repeater1[0]
REAL
  0.279683 0.00756297 -0.0125541  0.0181075
0.00756297   0.193931 -0.0125313 0.00202129
-0.0125541 -0.0125313   0.209763  0.0203181
 0.0181075 0.00202129  0.0203181   0.316623
IMAGINARY
           0  -0.00830707   -0.0237635   0.00357928
  0.00830707            0 -0.000276766  -0.00817911
   0.0237635  0.000276766            0    0.0246043
 -0.00357928   0.00817911   -0.0246043            0
EndNode2[0]<--->HoM1[0]
REAL
    0.28972  0.00436375  0.00172804   0.0064304
 0.00436375    0.213618   0.0128243 -0.00483363
 0.00172804   0.0128243    0.181575  0.00619525
  0.0064304 -0.00483363  0.00619525    0.315087
IMAGINARY
           0  -0.00344781  -0.00616058    0.0225641
  0.00344781            0  0.000471104    0.0304573
  0.00616058 -0.000471104            0   0.00472658
  -0.0225641   -0.0304573  -0.00472658            0
Repeater1[0]<--->EndNode1[0]
REAL
  0.279683 -0.0125541 0.00756297  0.0181075
-0.0125541   0.209763 -0.0125313  0.0203181
0.00756297 -0.0125313   0.193931 0.00202129
 0.0181075  0.0203181 0.00202129   0.316623
IMAGINARY
           0   -0.0237635  -0.00830707   0.00357928
   0.0237635            0  0.000276766    0.0246043
  0.00830707 -0.000276766            0  -0.00817911
 -0.00357928   -0.0246043   0.00817911            0
Repeater1[0]<--->HoM1[0]
REAL
    0.28972  0.00172804  0.00436375   0.0064304
 0.00172804    0.181575   0.0128243  0.00619525
 0.00436375   0.0128243    0.213618 -0.00483363
  0.0064304  0.00619525 -0.00483363    0.315087
IMAGINARY
           0  -0.00616058  -0.00344781    0.0225641
  0.00616058            0 -0.000471104   0.00472658
  0.00344781  0.000471104            0    0.0304573
  -0.0225641  -0.00472658   -0.0304573            0
EndNode1[0]<--->Repeater1[0]
REAL
   0.31202 -0.0194441  0.0101657 -0.0111373
-0.0194441    0.18798  0.0129914 -0.0058394
 0.0101657  0.0129914   0.195652  0.0200621
-0.0111373 -0.0058394  0.0200621   0.304348
IMAGINARY
          0  -0.0162747 -0.00217785   0.0194453
  0.0162747           0   0.0257744  -0.0125675
 0.00217785  -0.0257744           0   0.0189557
 -0.0194453   0.0125675  -0.0189557           0
EndNode2[0]<--->HoM1[0]
REAL
    0.301567 -0.000358637 -0.000329202   0.00161954
-0.000358637     0.195822   0.00568458    0.0063053
-0.000329202   0.00568458     0.182768   0.00766275
  0.00161954    0.0063053   0.00766275     0.319843
IMAGINARY
          0  0.00780996  0.00513991 -0.00170523
-0.00780996           0  0.00295523   0.0192503
-0.00513991 -0.00295523           0    -0.01594
 0.00170523  -0.0192503     0.01594           0
Repeater1[0]<--->EndNode1[0]
REAL
   0.31202  0.0101657 -0.0194441 -0.0111373
 0.0101657   0.195652  0.0129914  0.0200621
-0.0194441  0.0129914    0.18798 -0.0058394
-0.0111373  0.0200621 -0.0058394   0.304348
IMAGINARY
          0 -0.00217785  -0.0162747   0.0194453
 0.00217785           0  -0.0257744   0.0189557
  0.0162747   0.0257744           0  -0.0125675
 -0.0194453  -0.0189557   0.0125675           0
Repeater1[0]<--->HoM1[0]
REAL
    0.301567 -0.000329202 -0.000358637   0.00161954
-0.000329202     0.182768   0.00568458   0.00766275
-0.000358637   0.00568458     0.195822    0.0063053
  0.00161954   0.00766275    0.0063053     0.319843
IMAGINARY
          0  0.00513991  0.00780996 -0.00170523
-0.00513991           0 -0.00295523    -0.01594
-0.00780996  0.00295523           0   0.0192503
 0.00170523     0.01594  -0.0192503           0
EndNode1[0]<--->Repeater1[0]
REAL
   0.290196 -0.00694614  -0.0235519  0.00102092
-0.00694614    0.183007   0.0104077   0.0106947
 -0.0235519   0.0104077    0.231373  -0.0430539
 0.00102092   0.0106947  -0.0430539    0.295425
IMAGINARY
          0   -0.014915   0.0154528 -0.00580682
   0.014915           0  -0.0140871 -0.00105978
 -0.0154528   0.0140871           0   0.0167923
 0.00580682  0.00105978  -0.0167923           0
EndNode2[0]<--->HoM1[0]
REAL
    0.277487     0.015554 -0.000637755     0.014403
    0.015554     0.210733   0.00345412 -0.000637755
-0.000637755   0.00345412     0.198953   -0.0168295
    0.014403 -0.000637755   -0.0168295     0.312827
IMAGINARY
           0   0.00439644  -0.00575448    0.0147502
 -0.00439644            0  -0.00960879   0.00575448
  0.00575448   0.00960879            0  0.000469739
  -0.0147502  -0.00575448 -0.000469739            0
Repeater1[0]<--->EndNode1[0]
REAL
   0.290196  -0.0235519 -0.00694614  0.00102092
 -0.0235519    0.231373   0.0104077  -0.0430539
-0.00694614   0.0104077    0.183007   0.0106947
 0.00102092  -0.0430539   0.0106947    0.295425
IMAGINARY
          0   0.0154528   -0.014915 -0.00580682
 -0.0154528           0   0.0140871   0.0167923
   0.014915  -0.0140871           0 -0.00105978
 0.00580682  -0.0167923  0.00105978           0
Repeater1[0]<--->HoM1[0]
REAL
    0.277487 -0.000637755     0.015554     0.014403
-0.000637755     0.198953   0.00345412   -0.0168295
    0.015554   0.00345412     0.210733 -0.000637755
    0.014403   -0.0168295 -0.000637755     0.312827
IMAGINARY
           0  -0.00575448   0.00439644    0.0147502
  0.00575448            0   0.00960879  0.000469739
 -0.00439644  -0.00960879            0   0.00575448
  -0.0147502 -0.000469739  -0.00575448            0
EndNode1[0]<--->Repeater1[0]
REAL
    0.292651  0.000873458    0.0180706    0.0130489
 0.000873458     0.216535   -0.0188107 -0.000785063
   0.0180706   -0.0188107     0.190289    0.0202533
   0.0130489 -0.000785063    0.0202533     0.300525
IMAGINARY
           0  0.000226268 -2.81211e-05     0.011457
-0.000226268            0    0.0188828   0.00718027
 2.81211e-05   -0.0188828            0   0.00822627
   -0.011457  -0.00718027  -0.00822627            0
EndNode2[0]<--->HoM1[0]
REAL
   0.30402   0.015115 -0.0060081 0.00810508
  0.015115   0.178392  0.0107506 0.00925908
-0.0060081  0.0107506   0.207286 0.00894219
0.00810508 0.00925908 0.00894219   0.310302
IMAGINARY
          0  0.00908254   0.0162967  0.00813389
-0.00908254           0  0.00202142  -0.0136512
 -0.0162967 -0.00202142           0 -0.00643703
-0.00813389   0.0136512  0.00643703           0
Repeater1[0]<--->EndNode1[0]
REAL
    0.292651    0.0180706  0.000873458    0.0130489
   0.0180706     0.190289   -0.0188107    0.0202533
 0.000873458   -0.0188107     0.216535 -0.000785063
   0.0130489    0.0202533 -0.000785063     0.300525
IMAGINARY
           0 -2.81211e-05  0.000226268     0.011457
 2.81211e-05            0   -0.0188828   0.00822627
-0.000226268    0.0188828            0   0.00718027
   -0.011457  -0.00822627  -0.00718027            0
Repeater1[0]<--->HoM1[0]
REAL
   0.30402 -0.0060081   0.015115 0.00810508
-0.0060081   0.207286  0.0107506 0.00894219
  0.015115  0.0107506   0.178392 0.00925908
0.00810508 0.00894219 0.00925908   0.310302
IMAGINARY
          0   0.0162967  0.00908254  0.00813389
 -0.0162967           0 -0.00202142 -0.00643703
-0.00908254  0.00202142           0  -0.0136512
-0.00813389  0.00643703   0.0136512           0
EndNode1[0]<--->Repeater1[0]
REAL
   0.291615   0.0111344  -0.0110396   0.0088217
  0.0111344    0.188986 -0.00200633   0.0178549
 -0.0110396 -0.00200633    0.227785  0.00559423
  0.0088217   0.0178549  0.00559423    0.291615
IMAGINARY
          0  -0.0134709   0.0100224  0.00371286
  0.0134709           0  0.00873799   -0.014481
 -0.0100224 -0.00873799           0  0.00519063
-0.00371286    0.014481 -0.00519063           0
EndNode2[0]<--->HoM1[0]
REAL
   0.286067  -0.0146723  -0.0325827 -0.00462671
 -0.0146723    0.199753 -0.00657224  0.00689099
 -0.0325827 -0.00657224    0.219482  0.00479083
-0.00462671  0.00689099  0.00479083    0.294698
IMAGINARY
          0  -0.0100812  -0.0082865  0.00913393
  0.0100812           0    -0.01299    0.010232
  0.0082865     0.01299           0 -0.00224044
-0.00913393   -0.010232  0.00224044           0
Repeater1[0]<--->EndNode1[0]
REAL
   0.291615  -0.0110396   0.0111344   0.0088217
 -0.0110396    0.227785 -0.00200633  0.00559423
  0.0111344 -0.00200633    0.188986   0.0178549
  0.0088217  0.00559423   0.0178549    0.291615
IMAGINARY
          0   0.0100224  -0.0134709  0.00371286
 -0.0100224           0 -0.00873799  0.00519063
  0.0134709  0.00873799           0   -0.014481
-0.00371286 -0.00519063    0.014481           0
Repeater1[0]<--->HoM1[0]
REAL
   0.286067  -0.0325827  -0.0146723 -0.00462671
 -0.0325827    0.219482 -0.00657224  0.00479083
 -0.0146723 -0.00657224    0.199753  0.00689099
-0.00462671  0.00479083  0.00689099    0.294698
IMAGINARY
          0  -0.0082865  -0.0100812  0.00913393
  0.0082865           0     0.01299 -0.00224044
  0.0100812    -0.01299           0    0.010232
-0.00913393  0.00224044   -0.010232           0
EndNode1[0]<--->Repeater1[0]
REAL
     0.29436   0.00545437   -0.0181723    0.0145022
  0.00545437     0.193948 -0.000921959   0.00212291
  -0.0181723 -0.000921959     0.211829  -0.00915808
   0.0145022   0.00212291  -0.00915808     0.299862
IMAGINARY
          0 -0.00385604  -0.0012985 -0.00558992
 0.00385604           0  0.00820772 -0.00641359
  0.0012985 -0.00820772           0   0.0231362
 0.00558992  0.00641359  -0.0231362           0
EndNode2[0]<--->HoM1[0]
REAL
  0.298469 0.00180137  0.0231877  0.0133705
0.00180137   0.195153 0.00288964  0.0283028
 0.0231877 0.00288964   0.183673 0.00768372
 0.0133705  0.0283028 0.00768372   0.322704
IMAGINARY
          0 -0.00944405 -0.00692276     0.00125
 0.00944405           0    -0.00125   0.0026071
 0.00692276     0.00125           0   0.0125267
   -0.00125  -0.0026071  -0.0125267           0
Repeater1[0]<--->EndNode1[0]
REAL
     0.29436   -0.0181723   0.00545437    0.0145022
  -0.0181723     0.211829 -0.000921959  -0.00915808
  0.00545437 -0.000921959     0.193948   0.00212291
   0.0145022  -0.00915808   0.00212291     0.299862
IMAGINARY
          0  -0.0012985 -0.00385604 -0.00558992
  0.0012985           0 -0.00820772   0.0231362
 0.00385604  0.00820772           0 -0.00641359
 0.00558992  -0.0231362  0.00641359           0
Repeater1[0]<--->HoM1[0]
REAL
  0.298469  0.0231877 0.00180137  0.0133705
 0.0231877   0.183673 0.00288964 0.00768372
0.00180137 0.00288964   0.195153  0.0283028
 0.0133705 0.00768372  0.0283028   0.322704
IMAGINARY
          0 -0.00692276 -0.00944405     0.00125
 0.00692276           0     0.00125   0.0125267
 0.00944405    -0.00125           0   0.0026071
   -0.00125  -0.0125267  -0.0026071           0
EndNode1[0]<--->Repeater1[0]
REAL
    0.294043  -0.00248567 -0.000775999   0.00799105
 -0.00248567     0.220532  -0.00234487    0.0189692
-0.000775999  -0.00234487     0.185044   0.00562244
  0.00799105    0.0189692   0.00562244      0.30038
IMAGINARY
          0 -0.00355587  0.00608812  0.00652636
 0.00355587           0  -0.0264749   -0.015132
-0.00608812   0.0264749           0 -0.00419607
-0.00652636    0.015132  0.00419607           0
EndNode2[0]<--->HoM1[0]
REAL
   0.310109 -0.00849669 -0.00560816 -0.00327437
-0.00849669    0.217213  -0.0201137 -0.00134506
-0.00560816  -0.0201137    0.173497  0.00154347
-0.00327437 -0.00134506  0.00154347     0.29918
IMAGINARY
           0   -0.0120843  2.26684e-05  -0.00160557
   0.0120843            0 -0.000951975   0.00127267
-2.26684e-05  0.000951975            0     0.006903
  0.00160557  -0.00127267    -0.006903            0
Repeater1[0]<--->EndNode1[0]
REAL
    0.294043 -0.000775999  -0.00248567   0.00799105
-0.000775999     0.185044  -0.00234487   0.00562244
 -0.00248567  -0.00234487     0.220532    0.0189692
  0.00799105   0.00562244    0.0189692      0.30038
IMAGINARY
          0  0.00608812 -0.00355587  0.00652636
-0.00608812           0   0.0264749 -0.00419607
 0.00355587  -0.0264749           0   -0.015132
-0.00652636  0.00419607    0.015132           0
Repeater1[0]<--->HoM1[0]
REAL
   0.310109 -0.00560816 -0.00849669 -0.00327437
-0.00560816    0.173497  -0.0201137  0.00154347
-0.00849669  -0.0201137    0.217213 -0.00134506
-0.00327437  0.00154347 -0.00134506     0.29918
IMAGINARY
           0  2.26684e-05   -0.0120843  -0.00160557
-2.26684e-05            0  0.000951975     0.006903
   0.0120843 -0.000951975            0   0.00127267
  0.00160557    -0.006903  -0.00127267            0
EndNode1[0]<--->Repeater1[0]
REAL
       0.28 -0.00374156   -0.015655   0.0221477
-0.00374156    0.196129 -0.00827557 -0.00183593
  -0.015655 -0.00827557    0.210323  0.00434469
  0.0221477 -0.00183593  0.00434469    0.313548
IMAGINARY
          0  -0.0129397 -0.00496716 -0.00599849
  0.0129397           0   0.0154579   0.0102582
 0.00496716  -0.0154579           0   0.0142624
 0.00599849  -0.0102582  -0.0142624           0
EndNode2[0]<--->HoM1[0]
REAL
    0.300896 -0.000247892   0.00834002    0.0111323
-0.000247892     0.206146  -0.00517204    0.0108653
  0.00834002  -0.00517204      0.22023  -0.00571237
   0.0111323    0.0108653  -0.00571237     0.272727
IMAGINARY
          0 -0.00779811  0.00480913    0.010518
 0.00779811           0    0.015408 -0.00209174
-0.00480913   -0.015408           0   0.0159503
  -0.010518  0.00209174  -0.0159503           0
Repeater1[0]<--->EndNode1[0]
REAL
       0.28   -0.015655 -0.00374156   0.0221477
  -0.015655    0.210323 -0.00827557  0.00434469
-0.00374156 -0.00827557    0.196129 -0.00183593
  0.0221477  0.00434469 -0.00183593    0.313548
IMAGINARY
          0 -0.00496716  -0.0129397 -0.00599849
 0.00496716           0  -0.0154579   0.0142624
  0.0129397   0.0154579           0   0.0102582
 0.00599849  -0.0142624  -0.0102582           0
Repeater1[0]<--->HoM1[0]
REAL
    0.300896   0.00834002 -0.000247892    0.0111323
  0.00834002      0.22023  -0.00517204  -0.00571237
-0.000247892  -0.00517204     0.206146    0.0108653
   0.0111323  -0.00571237    0.0108653     0.272727
IMAGINARY
          0  0.00480913 -0.00779811    0.010518
-0.00480913           0   -0.015408   0.0159503
 0.00779811    0.015408           0 -0.00209174
  -0.010518  -0.0159503  0.00209174           0
EndNode1[0]<--->Repeater1[0]
REAL
    0.318123    0.0227994 -0.000903149    0.0226302
   0.0227994     0.215124    0.0155517  -0.00939988
-0.000903149    0.0155517     0.195567    0.0117461
   0.0226302  -0.00939988    0.0117461     0.271186
IMAGINARY
          0 -0.00458554  0.00513328 -0.00700489
 0.00458554           0  -0.0128415  0.00580623
-0.00513328   0.0128415           0    0.010377
 0.00700489 -0.00580623   -0.010377           0
EndNode2[0]<--->HoM1[0]
REAL
   0.287798   0.0202407 -0.00311019   0.0160847
  0.0202407    0.212202   0.0141979 -0.00429223
-0.00311019   0.0141979    0.198939  -0.0128382
  0.0160847 -0.00429223  -0.0128382    0.301061
IMAGINARY
          0  0.00247784  -0.0184408  -0.0239798
-0.00247784           0  -0.0076825  0.00145968
  0.0184408   0.0076825           0   0.0245662
  0.0239798 -0.00145968  -0.0245662           0
Repeater1[0]<--->EndNode1[0]
REAL
    0.318123 -0.000903149    0.0227994    0.0226302
-0.000903149     0.195567    0.0155517    0.0117461
   0.0227994    0.0155517     0.215124  -0.00939988
   0.0226302    0.0117461  -0.00939988     0.271186
IMAGINARY
          0  0.00513328 -0.00458554 -0.00700489
-0.00513328           0   0.0128415    0.010377
 0.00458554  -0.0128415           0  0.00580623
 0.00700489   -0.010377 -0.00580623           0
Repeater1[0]<--->HoM1[0]
REAL
   0.287798 -0.00311019   0.0202407   0.0160847
-0.00311019    0.198939   0.0141979  -0.0128382
  0.0202407   0.0141979    0.212202 -0.00429223
  0.0160847  -0.0128382 -0.00429223    0.301061
IMAGINARY
          0  -0.0184408  0.00247784  -0.0239798
  0.0184408           0   0.0076825   0.0245662
-0.00247784  -0.0076825           0  0.00145968
  0.0239798  -0.0245662 -0.00145968           0
EndNode1[0]<--->Repeater1[0]
REAL
   0.299233 -0.00814394  0.00613087  0.00991823
-0.00814394    0.185422  -0.0145663   0.0224216
 0.00613087  -0.0145663     0.20844    0.012792
 0.00991823   0.0224216    0.012792    0.306905
IMAGINARY
          0  -0.0121243   0.0186559  0.00197174
  0.0121243           0 -0.00802826   0.0109833
 -0.0186559  0.00802826           0   0.0250109
-0.00197174  -0.0109833  -0.0250109           0
EndNode2[0]<--->HoM1[0]
REAL
  0.255025 0.00534752  0.0253208  0.0123826
0.00534752    0.20603  -0.011729 -0.0011378
 0.0253208  -0.011729   0.226131  0.0136067
 0.0123826 -0.0011378  0.0136067   0.312814
IMAGINARY
          0   0.0085098 -0.00282987  -0.0180348
 -0.0085098           0  0.00435323  -0.0162057
 0.00282987 -0.00435323           0    0.019409
  0.0180348   0.0162057   -0.019409           0
Repeater1[0]<--->EndNode1[0]
REAL
   0.299233  0.00613087 -0.00814394  0.00991823
 0.00613087     0.20844  -0.0145663    0.012792
-0.00814394  -0.0145663    0.185422   0.0224216
 0.00991823    0.012792   0.0224216    0.306905
IMAGINARY
          0   0.0186559  -0.0121243  0.00197174
 -0.0186559           0  0.00802826   0.0250109
  0.0121243 -0.00802826           0   0.0109833
-0.00197174  -0.0250109  -0.0109833           0
Repeater1[0]<--->HoM1[0]
REAL
  0.255025  0.0253208 0.00534752  0.0123826
 0.0253208   0.226131  -0.011729  0.0136067
0.00534752  -0.011729    0.20603 -0.0011378
 0.0123826  0.0136067 -0.0011378   0.312814
IMAGINARY
          0 -0.00282987   0.0085098  -0.0180348
 0.00282987           0 -0.00435323    0.019409
 -0.0085098  0.00435323           0  -0.0162057
  0.0180348   -0.019409   0.0162057           0
EndNode1[0]<--->Repeater1[0]
REAL
   0.312834 -0.00052964  0.00620786   0.0182776
-0.00052964    0.187166   0.0182776   0.0191949
 0.00620786   0.0182776    0.181818   0.0209757
  0.0182776   0.0191949   0.0209757    0.318182
IMAGINARY
          0 -0.00541158 -0.00192939 -0.00128764
 0.00541158           0  -0.0120882  -0.0184268
 0.00192939   0.0120882           0  0.00159479
 0.00128764   0.0184268 -0.00159479           0
EndNode2[0]<--->HoM1[0]
REAL
   0.298489  -0.0066155  0.00768978   0.0120023
 -0.0066155    0.207809 -0.00274302  -0.0156263
 0.00768978 -0.00274302    0.200252 -0.00793476
  0.0120023  -0.0156263 -0.00793476    0.293451
IMAGINARY
          0  -0.0181828  0.00709187 -0.00709779
  0.0181828           0  0.00133595   0.0103344
-0.00709187 -0.00133595           0  0.00075656
 0.00709779  -0.0103344 -0.00075656           0
Repeater1[0]<--->EndNode1[0]
REAL
   0.312834  0.00620786 -0.00052964   0.0182776
 0.00620786    0.181818   0.0182776   0.0209757
-0.00052964   0.0182776    0.187166   0.0191949
  0.0182776   0.0209757   0.0191949    0.318182
IMAGINARY
          0 -0.00192939 -0.00541158 -0.00128764
 0.00192939           0   0.0120882  0.00159479
 0.00541158  -0.0120882           0  -0.0184268
 0.00128764 -0.00159479   0.0184268           0
Repeater1[0]<--->HoM1[0]
REAL
   0.298489  0.00768978  -0.0066155   0.0120023
 0.00768978    0.200252 -0.00274302 -0.00793476
 -0.0066155 -0.00274302    0.207809  -0.0156263
  0.0120023 -0.00793476  -0.0156263    0.293451
IMAGINARY
          0  0.00709187  -0.0181828 -0.00709779
-0.00709187           0 -0.00133595  0.00075656
  0.0181828  0.00133595           0   0.0103344
 0.00709779 -0.00075656  -0.0103344           0
EndNode1[0]<--->Repeater1[0]
REAL
    0.276265 -0.000343251  -0.00334211    0.0205843
-0.000343251     0.212711   0.00608239  -0.00465789
 -0.00334211   0.00608239     0.215305 -0.000990082
   0.0205843  -0.00465789 -0.000990082      0.29572
IMAGINARY
          0 -0.00197844  -0.0156529   -0.031374
 0.00197844           0  -0.0139611 -0.00263208
  0.0156529   0.0139611           0   0.0114362
   0.031374  0.00263208  -0.0114362           0
EndNode2[0]<--->HoM1[0]
REAL
   0.289544 -0.00767263   0.0145485   0.0163682
-0.00767263     0.22118 -0.00672964  0.00352382
  0.0145485 -0.00672964    0.187668  0.00767263
  0.0163682  0.00352382  0.00767263    0.301609
IMAGINARY
           0   -0.0117101  0.000628676 -0.000152821
   0.0117101            0   -0.0136316    0.0265452
-0.000628676    0.0136316            0  -0.00323554
 0.000152821   -0.0265452   0.00323554            0
Repeater1[0]<--->EndNode1[0]
REAL
    0.276265  -0.00334211 -0.000343251    0.0205843
 -0.00334211     0.215305   0.00608239 -0.000990082
-0.000343251   0.00608239     0.212711  -0.00465789
   0.0205843 -0.000990082  -0.00465789      0.29572
IMAGINARY
          0  -0.0156529 -0.00197844   -0.031374
  0.0156529           0   0.0139611   0.0114362
 0.00197844  -0.0139611           0 -0.00263208
   0.031374  -0.0114362  0.00263208           0
Repeater1[0]<--->HoM1[0]
REAL
   0.289544   0.0145485 -0.00767263   0.0163682
  0.0145485    0.187668 -0.00672964  0.00767263
-0.00767263 -0.00672964     0.22118  0.00352382
  0.0163682  0.00767263  0.00352382    0.301609
IMAGINARY
           0  0.000628676   -0.0117101 -0.000152821
-0.000628676            0    0.0136316  -0.00323554
   0.0117101   -0.0136316            0    0.0265452
 0.000152821   0.00323554   -0.0265452            0
EndNode1[0]<--->Repeater1[0]
REAL
  0.325871  0.0116888 0.00329815   0.028612
 0.0116888    0.20398 -0.0127809 0.00329815
0.00329815 -0.0127809   0.174129   0.017335
  0.028612 0.00329815   0.017335    0.29602
IMAGINARY
          0  0.00885704  -0.0213877   -0.010928
-0.00885704           0  -0.0261564   -0.017377
  0.0213877   0.0261564           0  0.00494059
   0.010928    0.017377 -0.00494059           0
EndNode2[0]<--->HoM1[0]
REAL
   0.319948 -0.00108528  -0.0134681  0.00109821
-0.00108528    0.220207  -0.0132621  0.00642582
 -0.0134681  -0.0132621    0.189119  -0.0315652
 0.00109821  0.00642582  -0.0315652    0.270725
IMAGINARY
           0    0.0132868  0.000201101  -0.00650122
  -0.0132868            0    0.0058847   -0.0145614
-0.000201101   -0.0058847            0   0.00890637
  0.00650122    0.0145614  -0.00890637            0
Repeater1[0]<--->EndNode1[0]
REAL
  0.325871 0.00329815  0.0116888   0.028612
0.00329815   0.174129 -0.0127809   0.017335
 0.0116888 -0.0127809    0.20398 0.00329815
  0.028612   0.017335 0.00329815    0.29602
IMAGINARY
          0  -0.0213877  0.00885704   -0.010928
  0.0213877           0   0.0261564  0.00494059
-0.00885704  -0.0261564           0   -0.017377
   0.010928 -0.00494059    0.017377           0
Repeater1[0]<--->HoM1[0]
REAL
   0.319948  -0.0134681 -0.00108528  0.00109821
 -0.0134681    0.189119  -0.0132621  -0.0315652
-0.00108528  -0.0132621    0.220207  0.00642582
 0.00109821  -0.0315652  0.00642582    0.270725
IMAGINARY
           0  0.000201101    0.0132868  -0.00650122
-0.000201101            0   -0.0058847   0.00890637
  -0.0132868    0.0058847            0   -0.0145614
  0.00650122  -0.00890637    0.0145614            0
EndNode1[0]<--->Repeater1[0]
REAL
  0.320755 0.00756692 0.00672301 -0.0113382
0.00756692   0.172507 0.00689095  0.0040775
0.00672301 0.00689095   0.199461 0.00196294
-0.0113382  0.0040775 0.00196294   0.307278
IMAGINARY
           0  0.000761054    -0.019642  -0.00521346
-0.000761054            0 -0.000638296   -0.0129101
    0.019642  0.000638296            0   -0.0124798
  0.00521346    0.0129101    0.0124798            0
EndNode2[0]<--->HoM1[0]
REAL
    0.301337   0.00602548    0.0125127   -0.0012077
  0.00602548     0.195626    0.0116789  0.000576333
   0.0125127    0.0116789     0.198056 -0.000789882
  -0.0012077  0.000576333 -0.000789882     0.304982
IMAGINARY
          0  0.00290653 -0.00676422  0.00489096
-0.00290653           0  -0.0158587 -0.00483372
 0.00676422   0.0158587           0    0.013846
-0.00489096  0.00483372   -0.013846           0
Repeater1[0]<--->EndNode1[0]
REAL
  0.320755 0.00672301 0.00756692 -0.0113382
0.00672301   0.199461 0.00689095 0.00196294
0.00756692 0.00689095   0.172507  0.0040775
-0.0113382 0.00196294  0.0040775   0.307278
IMAGINARY
           0    -0.019642  0.000761054  -0.00521346
    0.019642            0  0.000638296   -0.0124798
-0.000761054 -0.000638296            0   -0.0129101
  0.00521346    0.0124798    0.0129101            0
Repeater1[0]<--->HoM1[0]
REAL
    0.301337    0.0125127   0.00602548   -0.0012077
   0.0125127     0.198056    0.0116789 -0.000789882
  0.00602548    0.0116789     0.195626  0.000576333
  -0.0012077 -0.000789882  0.000576333     0.304982
IMAGINARY
          0 -0.00676422  0.00290653  0.00489096
 0.00676422           0   0.0158587    0.013846
-0.00290653  -0.0158587           0 -0.00483372
-0.00489096   -0.013846  0.00483372           0
EndNode1[0]<--->Repeater1[0]
REAL
    0.30828   0.0173158 -0.00972775   0.0133837
  0.0173158    0.214013 -0.00274537 -0.00357012
-0.00972775 -0.00274537    0.194904   0.0119395
  0.0133837 -0.00357012   0.0119395    0.282803
IMAGINARY
          0   0.0397702  -0.0157435 -0.00533504
 -0.0397702           0 -0.00981647  0.00864673
  0.0157435  0.00981647           0 -0.00815728
 0.00533504 -0.00864673  0.00815728           0
EndNode2[0]<--->HoM1[0]
REAL
   0.290978  0.00180655 -0.00780393  0.00181958
 0.00180655    0.202033  0.00556958  0.00903545
-0.00780393  0.00556958    0.231258  0.00435108
 0.00181958  0.00903545  0.00435108    0.275731
IMAGINARY
          0  0.00546468   0.0157056   0.0139611
-0.00546468           0  0.00154279 -0.00945565
 -0.0157056 -0.00154279           0  0.00203532
 -0.0139611  0.00945565 -0.00203532           0
Repeater1[0]<--->EndNode1[0]
REAL
    0.30828 -0.00972775   0.0173158   0.0133837
-0.00972775    0.194904 -0.00274537   0.0119395
  0.0173158 -0.00274537    0.214013 -0.00357012
  0.0133837   0.0119395 -0.00357012    0.282803
IMAGINARY
          0  -0.0157435   0.0397702 -0.00533504
  0.0157435           0  0.00981647 -0.00815728
 -0.0397702 -0.00981647           0  0.00864673
 0.00533504  0.00815728 -0.00864673           0
Repeater1[0]<--->HoM1[0]
REAL
   0.290978 -0.00780393  0.00180655  0.00181958
-0.00780393    0.231258  0.00556958  0.00435108
 0.00180655  0.00556958    0.202033  0.00903545
 0.00181958  0.00435108  0.00903545    0.275731
IMAGINARY
          0   0.0157056  0.00546468   0.0139611
 -0.0157056           0 -0.00154279  0.00203532
-0.00546468  0.00154279           0 -0.00945565
 -0.0139611 -0.00203532  0.00945565           0
EndNode1[0]<--->Repeater1[0]
REAL
      0.288 -0.00327206  -0.0275286   0.0194182
-0.00327206       0.224   0.0155818  -0.0237214
 -0.0275286   0.0155818       0.204  -0.0179779
  0.0194182  -0.0237214  -0.0179779       0.284
IMAGINARY
          0  -0.0121677   0.0140423   0.0173911
  0.0121677           0 -0.00473283   0.0102544
