EndNode1[0]<--->Repeater1[0]
REAL
   0.272966   0.0153839  -0.0369268    0.025435
  0.0153839    0.199475 -0.00101338  -0.0042043
 -0.0369268 -0.00101338    0.230971   0.0206058
   0.025435  -0.0042043   0.0206058    0.296588
IMAGINARY
          0    0.029201   0.0230456   0.0171341
  -0.029201           0  -0.0036206  -0.0142295
 -0.0230456   0.0036206           0  0.00984184
 -0.0171341   0.0142295 -0.00984184           0
EndNode2[0]<--->HoM1[0]
REAL
   0.279683 -0.00228819  0.00813977   0.0371651
-0.00228819    0.229551  0.00433685   0.0162344
 0.00813977  0.00433685    0.230871 -0.00759323
  0.0371651   0.0162344 -0.00759323    0.259894
IMAGINARY
          0    0.038922  0.00321822  0.00367394
  -0.038922           0  0.00752009  0.00940804
-0.00321822 -0.00752009           0    0.011583
-0.00367394 -0.00940804   -0.011583           0
Repeater1[0]<--->EndNode1[0]
REAL
   0.272966  -0.0369268   0.0153839    0.025435
 -0.0369268    0.230971 -0.00101338   0.0206058
  0.0153839 -0.00101338    0.199475  -0.0042043
   0.025435   0.0206058  -0.0042043    0.296588
IMAGINARY
          0   0.0230456    0.029201   0.0171341
 -0.0230456           0   0.0036206  0.00984184
  -0.029201  -0.0036206           0  -0.0142295
 -0.0171341 -0.00984184   0.0142295           0
Repeater1[0]<--->HoM1[0]
REAL
   0.279683  0.00813977 -0.00228819   0.0371651
 0.00813977    0.230871  0.00433685 -0.00759323
-0.00228819  0.00433685    0.229551   0.0162344
  0.0371651 -0.00759323   0.0162344    0.259894
IMAGINARY
          0  0.00321822    0.038922  0.00367394
-0.00321822           0 -0.00752009    0.011583
  -0.038922  0.00752009           0  0.00940804
-0.00367394   -0.011583 -0.00940804           0
EndNode1[0]<--->Repeater1[0]
REAL
   0.254975   0.0127403  0.00625336   0.0432985
  0.0127403    0.233831   0.0102972 -0.00286123
 0.00625336   0.0102972    0.252488 -0.00799136
  0.0432985 -0.00286123 -0.00799136    0.258706
IMAGINARY
          0 -0.00774855   0.0183607  0.00431335
 0.00774855           0 -0.00694493  0.00965923
 -0.0183607  0.00694493           0   0.0108619
-0.00431335 -0.00965923  -0.0108619           0
EndNode2[0]<--->HoM1[0]
REAL
   0.280632 -0.00688769   0.0111217   0.0349431
-0.00688769    0.226614   0.0280595  0.00496408
  0.0111217   0.0280595    0.241107 -0.00115521
  0.0349431  0.00496408 -0.00115521    0.251647
IMAGINARY
          0 -0.00599742   0.0163378  -0.0190307
 0.00599742           0 -0.00496416  0.00556462
 -0.0163378  0.00496416           0   -0.015905
  0.0190307 -0.00556462    0.015905           0
Repeater1[0]<--->EndNode1[0]
REAL
   0.254975  0.00625336   0.0127403   0.0432985
 0.00625336    0.252488   0.0102972 -0.00799136
  0.0127403   0.0102972    0.233831 -0.00286123
  0.0432985 -0.00799136 -0.00286123    0.258706
IMAGINARY
          0   0.0183607 -0.00774855  0.00431335
 -0.0183607           0  0.00694493   0.0108619
 0.00774855 -0.00694493           0  0.00965923
-0.00431335  -0.0108619 -0.00965923           0
Repeater1[0]<--->HoM1[0]
REAL
   0.280632   0.0111217 -0.00688769   0.0349431
  0.0111217    0.241107   0.0280595 -0.00115521
-0.00688769   0.0280595    0.226614  0.00496408
  0.0349431 -0.00115521  0.00496408    0.251647
IMAGINARY
          0   0.0163378 -0.00599742  -0.0190307
 -0.0163378           0  0.00496416   -0.015905
 0.00599742 -0.00496416           0  0.00556462
  0.0190307    0.015905 -0.00556462           0
EndNode1[0]<--->Repeater1[0]
REAL
  0.291667 -0.0115113 -0.0113153  0.0205298
-0.0115113   0.240885 0.00529801  -0.013188
-0.0113153 0.00529801   0.188802  0.0399881
 0.0205298  -0.013188  0.0399881   0.278646
IMAGINARY
           0    0.0112521    0.0109118   0.00764052
  -0.0112521            0  -0.00461754 -0.000978044
  -0.0109118   0.00461754            0    0.0159002
 -0.00764052  0.000978044   -0.0159002            0
EndNode2[0]<--->HoM1[0]
REAL
    0.284349    -0.014209   0.00321883    0.0425541
   -0.014209     0.215054    0.0119418 -0.000494038
  0.00321883    0.0119418     0.219833   0.00467217
   0.0425541 -0.000494038   0.00467217     0.280765
IMAGINARY
          0    0.014064  0.00209046 -0.00994497
  -0.014064           0 -0.00246198 -0.00464148
-0.00209046  0.00246198           0   0.0114462
 0.00994497  0.00464148  -0.0114462           0
Repeater1[0]<--->EndNode1[0]
REAL
  0.291667 -0.0113153 -0.0115113  0.0205298
-0.0113153   0.188802 0.00529801  0.0399881
-0.0115113 0.00529801   0.240885  -0.013188
 0.0205298  0.0399881  -0.013188   0.278646
IMAGINARY
           0    0.0109118    0.0112521   0.00764052
  -0.0109118            0   0.00461754    0.0159002
  -0.0112521  -0.00461754            0 -0.000978044
 -0.00764052   -0.0159002  0.000978044            0
Repeater1[0]<--->HoM1[0]
REAL
    0.284349   0.00321883    -0.014209    0.0425541
  0.00321883     0.219833    0.0119418   0.00467217
   -0.014209    0.0119418     0.215054 -0.000494038
   0.0425541   0.00467217 -0.000494038     0.280765
IMAGINARY
          0  0.00209046    0.014064 -0.00994497
-0.00209046           0  0.00246198   0.0114462
  -0.014064 -0.00246198           0 -0.00464148
 0.00994497  -0.0114462  0.00464148           0
EndNode1[0]<--->Repeater1[0]
REAL
   0.281602  -0.0230443  -0.0132056   0.0403432
 -0.0230443    0.227785  0.00946277 -0.00555251
 -0.0132056  0.00946277     0.20025 -0.00606312
  0.0403432 -0.00555251 -0.00606312    0.290363
IMAGINARY
           0   0.00753712   0.00735011 -0.000261807
 -0.00753712            0    0.0249371   -0.0027509
 -0.00735011   -0.0249371            0   0.00494645
 0.000261807    0.0027509  -0.00494645            0
EndNode2[0]<--->HoM1[0]
REAL
  0.259563 0.00951122 -0.0132626  0.0435588
0.00951122   0.245902  0.0174491 -0.0132626
-0.0132626  0.0174491   0.209016  0.0262978
 0.0435588 -0.0132626  0.0262978   0.285519
IMAGINARY
          0  0.00974814   0.0163185   -0.010227
-0.00974814           0  0.00829152   0.0110966
 -0.0163185 -0.00829152           0  0.00852863
   0.010227  -0.0110966 -0.00852863           0
Repeater1[0]<--->EndNode1[0]
REAL
   0.281602  -0.0132056  -0.0230443   0.0403432
 -0.0132056     0.20025  0.00946277 -0.00606312
 -0.0230443  0.00946277    0.227785 -0.00555251
  0.0403432 -0.00606312 -0.00555251    0.290363
IMAGINARY
           0   0.00735011   0.00753712 -0.000261807
 -0.00735011            0   -0.0249371   0.00494645
 -0.00753712    0.0249371            0   -0.0027509
 0.000261807  -0.00494645    0.0027509            0
Repeater1[0]<--->HoM1[0]
REAL
  0.259563 -0.0132626 0.00951122  0.0435588
-0.0132626   0.209016  0.0174491  0.0262978
0.00951122  0.0174491   0.245902 -0.0132626
 0.0435588  0.0262978 -0.0132626   0.285519
IMAGINARY
          0   0.0163185  0.00974814   -0.010227
 -0.0163185           0 -0.00829152  0.00852863
-0.00974814  0.00829152           0   0.0110966
   0.010227 -0.00852863  -0.0110966           0
EndNode1[0]<--->Repeater1[0]
REAL
  0.263294  -0.016205 0.00323568  0.0358231
 -0.016205   0.239948  0.0289567 -0.0151854
0.00323568  0.0289567   0.232166 0.00425534
 0.0358231 -0.0151854 0.00425534   0.264591
IMAGINARY
          0  0.00280899 -0.00914438   0.0174518
-0.00280899           0  -0.0092757   0.0372343
 0.00914438   0.0092757           0  0.00280899
 -0.0174518  -0.0372343 -0.00280899           0
EndNode2[0]<--->HoM1[0]
REAL
  0.307891 -0.0132016 0.00614544  0.0337218
-0.0132016   0.206986  0.0343475 -0.0110959
0.00614544  0.0343475   0.219922 0.00453822
 0.0337218 -0.0110959 0.00453822   0.265201
IMAGINARY
          0  0.00311755   0.0080857  -0.0109818
-0.00311755           0   -0.026897    0.010062
 -0.0080857    0.026897           0  0.00376606
  0.0109818   -0.010062 -0.00376606           0
Repeater1[0]<--->EndNode1[0]
REAL
  0.263294 0.00323568  -0.016205  0.0358231
0.00323568   0.232166  0.0289567 0.00425534
 -0.016205  0.0289567   0.239948 -0.0151854
 0.0358231 0.00425534 -0.0151854   0.264591
IMAGINARY
          0 -0.00914438  0.00280899   0.0174518
 0.00914438           0   0.0092757  0.00280899
-0.00280899  -0.0092757           0   0.0372343
 -0.0174518 -0.00280899  -0.0372343           0
Repeater1[0]<--->HoM1[0]
REAL
  0.307891 0.00614544 -0.0132016  0.0337218
0.00614544   0.219922  0.0343475 0.00453822
-0.0132016  0.0343475   0.206986 -0.0110959
 0.0337218 0.00453822 -0.0110959   0.265201
IMAGINARY
          0   0.0080857  0.00311755  -0.0109818
 -0.0080857           0    0.026897  0.00376606
-0.00311755   -0.026897           0    0.010062
  0.0109818 -0.00376606   -0.010062           0
EndNode1[0]<--->Repeater1[0]
REAL
    0.256962   0.00165105 -0.000366194    0.0311544
  0.00165105     0.226582    0.0130197   -0.0181997
-0.000366194    0.0130197     0.217722   -0.0150954
   0.0311544   -0.0181997   -0.0150954     0.298734
IMAGINARY
          0  -0.0111516   0.0159251   0.0221596
  0.0111516           0   0.0117157    0.011277
 -0.0159251  -0.0117157           0 -0.00309709
 -0.0221596   -0.011277  0.00309709           0
EndNode2[0]<--->HoM1[0]
REAL
    0.296933   -0.0197927 -6.14116e-05    0.0576856
  -0.0197927     0.222086     0.025321   0.00463657
-6.14116e-05     0.025321     0.234356  -0.00308315
   0.0576856   0.00463657  -0.00308315     0.246626
IMAGINARY
          0  0.00368886  -0.0073683  0.00124662
-0.00368886           0   0.0219493   0.0053868
  0.0073683  -0.0219493           0  -0.0122754
-0.00124662  -0.0053868   0.0122754           0
Repeater1[0]<--->EndNode1[0]
REAL
    0.256962 -0.000366194   0.00165105    0.0311544
-0.000366194     0.217722    0.0130197   -0.0150954
  0.00165105    0.0130197     0.226582   -0.0181997
   0.0311544   -0.0150954   -0.0181997     0.298734
IMAGINARY
          0   0.0159251  -0.0111516   0.0221596
 -0.0159251           0  -0.0117157 -0.00309709
  0.0111516   0.0117157           0    0.011277
 -0.0221596  0.00309709   -0.011277           0
Repeater1[0]<--->HoM1[0]
REAL
    0.296933 -6.14116e-05   -0.0197927    0.0576856
-6.14116e-05     0.234356     0.025321  -0.00308315
  -0.0197927     0.025321     0.222086   0.00463657
   0.0576856  -0.00308315   0.00463657     0.246626
IMAGINARY
          0  -0.0073683  0.00368886  0.00124662
  0.0073683           0  -0.0219493  -0.0122754
-0.00368886   0.0219493           0   0.0053868
-0.00124662   0.0122754  -0.0053868           0
EndNode1[0]<--->Repeater1[0]
REAL
    0.28229  0.00348265 -0.00443598   0.0449861
 0.00348265    0.231691  0.00959357 -0.00246489
-0.00443598  0.00959357    0.213049  0.00592764
  0.0449861 -0.00246489  0.00592764    0.272969
IMAGINARY
          0 -0.00891778 -0.00998255  0.00571368
 0.00891778           0 -0.00761965  0.00290405
 0.00998255  0.00761965           0   0.0147093
-0.00571368 -0.00290405  -0.0147093           0
EndNode2[0]<--->HoM1[0]
REAL
  0.268354 -0.0140829  0.0239738  0.0139147
-0.0140829   0.221519  0.0132874  0.0161816
 0.0239738  0.0132874   0.213924 -0.0273679
 0.0139147  0.0161816 -0.0273679   0.296203
IMAGINARY
          0 -0.00941581   0.0165688   0.0084165
 0.00941581           0 -0.00502436  0.00287911
 -0.0165688  0.00502436           0  -0.0050133
 -0.0084165 -0.00287911   0.0050133           0
Repeater1[0]<--->EndNode1[0]
REAL
    0.28229 -0.00443598  0.00348265   0.0449861
-0.00443598    0.213049  0.00959357  0.00592764
 0.00348265  0.00959357    0.231691 -0.00246489
  0.0449861  0.00592764 -0.00246489    0.272969
IMAGINARY
          0 -0.00998255 -0.00891778  0.00571368
 0.00998255           0  0.00761965   0.0147093
 0.00891778 -0.00761965           0  0.00290405
-0.00571368  -0.0147093 -0.00290405           0
Repeater1[0]<--->HoM1[0]
REAL
  0.268354  0.0239738 -0.0140829  0.0139147
 0.0239738   0.213924  0.0132874 -0.0273679
-0.0140829  0.0132874   0.221519  0.0161816
 0.0139147 -0.0273679  0.0161816   0.296203
IMAGINARY
          0   0.0165688 -0.00941581   0.0084165
 -0.0165688           0  0.00502436  -0.0050133
 0.00941581 -0.00502436           0  0.00287911
 -0.0084165   0.0050133 -0.00287911           0
EndNode1[0]<--->Repeater1[0]
REAL
   0.276129 -0.00258269  0.00597237   0.0311531
-0.00258269    0.214194  0.00583667  -0.0391356
 0.00597237  0.00583667        0.24   0.0115113
  0.0311531  -0.0391356   0.0115113    0.269677
IMAGINARY
           0      0.01538  -0.00078193 -0.000540537
    -0.01538            0   0.00320011   -0.0232687
  0.00078193  -0.00320011            0   0.00487318
 0.000540537    0.0232687  -0.00487318            0
EndNode2[0]<--->HoM1[0]
REAL
  0.265888 0.00770692 -0.0041004  0.0427383
0.00770692   0.215305  0.0348018 0.00944799
-0.0041004  0.0348018   0.215305 0.00833586
 0.0427383 0.00944799 0.00833586   0.303502
IMAGINARY
          0  -0.0175008   0.0188925  0.00965251
  0.0175008           0           0    -0.00363
 -0.0188925           0           0  -0.0404968
-0.00965251     0.00363   0.0404968           0
Repeater1[0]<--->EndNode1[0]
REAL
   0.276129  0.00597237 -0.00258269   0.0311531
 0.00597237        0.24  0.00583667   0.0115113
-0.00258269  0.00583667    0.214194  -0.0391356
  0.0311531   0.0115113  -0.0391356    0.269677
IMAGINARY
           0  -0.00078193      0.01538 -0.000540537
  0.00078193            0  -0.00320011   0.00487318
    -0.01538   0.00320011            0   -0.0232687
 0.000540537  -0.00487318    0.0232687            0
Repeater1[0]<--->HoM1[0]
REAL
  0.265888 -0.0041004 0.00770692  0.0427383
-0.0041004   0.215305  0.0348018 0.00833586
0.00770692  0.0348018   0.215305 0.00944799
 0.0427383 0.00833586 0.00944799   0.303502
IMAGINARY
          0   0.0188925  -0.0175008  0.00965251
 -0.0188925           0           0  -0.0404968
  0.0175008           0           0    -0.00363
-0.00965251   0.0404968     0.00363           0
EndNode1[0]<--->Repeater1[0]
REAL
    0.264743 -0.000468843   -0.0035459    0.0305443
-0.000468843     0.219573   0.00382669    0.0028974
  -0.0035459   0.00382669     0.247177    0.0166816
   0.0305443    0.0028974    0.0166816     0.268507
IMAGINARY
          0  0.00992268  -0.0120989  0.00693145
-0.00992268           0   -0.002271   0.0184602
  0.0120989    0.002271           0 -0.00101683
-0.00693145  -0.0184602  0.00101683           0
EndNode2[0]<--->HoM1[0]
REAL
    0.257653   0.00546084    0.0123488    0.0294467
  0.00546084     0.239796   0.00483531    0.0180522
   0.0123488   0.00483531     0.223214 -0.000933024
   0.0294467    0.0180522 -0.000933024     0.279337
IMAGINARY
           0   -0.0154786   0.00272737 -0.000286184
   0.0154786            0     0.052243    0.0115213
 -0.00272737    -0.052243            0   -0.0104281
 0.000286184   -0.0115213    0.0104281            0
Repeater1[0]<--->EndNode1[0]
REAL
    0.264743   -0.0035459 -0.000468843    0.0305443
  -0.0035459     0.247177   0.00382669    0.0166816
-0.000468843   0.00382669     0.219573    0.0028974
   0.0305443    0.0166816    0.0028974     0.268507
IMAGINARY
          0  -0.0120989  0.00992268  0.00693145
  0.0120989           0    0.002271 -0.00101683
-0.00992268   -0.002271           0   0.0184602
-0.00693145  0.00101683  -0.0184602           0
Repeater1[0]<--->HoM1[0]
REAL
    0.257653    0.0123488   0.00546084    0.0294467
   0.0123488     0.223214   0.00483531 -0.000933024
  0.00546084   0.00483531     0.239796    0.0180522
   0.0294467 -0.000933024    0.0180522     0.279337
IMAGINARY
           0   0.00272737   -0.0154786 -0.000286184
 -0.00272737            0    -0.052243   -0.0104281
   0.0154786     0.052243            0    0.0115213
 0.000286184    0.0104281   -0.0115213            0
EndNode1[0]<--->Repeater1[0]
REAL
     0.2933   0.0159143  0.00483503   0.0145264
  0.0159143    0.233881  0.00639125  -0.0055098
 0.00483503  0.00639125    0.228824 -0.00714236
  0.0145264  -0.0055098 -0.00714236    0.243995
IMAGINARY
           0  -0.00668991   -0.0138778 -0.000169387
  0.00668991            0  -0.00510766    0.0270193
   0.0138778   0.00510766            0   0.00731569
 0.000169387   -0.0270193  -0.00731569            0
EndNode2[0]<--->HoM1[0]
REAL
   0.268519 0.000104297  0.00166091   0.0305278
0.000104297    0.223545    0.014685 0.000998661
 0.00166091    0.014685    0.234127  0.00255528
  0.0305278 0.000998661  0.00255528     0.27381
IMAGINARY
          0  0.00825358  0.00696043   0.0041763
-0.00825358           0   0.0136103 -0.00125701
-0.00696043  -0.0136103           0 -0.00381758
 -0.0041763  0.00125701  0.00381758           0
Repeater1[0]<--->EndNode1[0]
REAL
     0.2933  0.00483503   0.0159143   0.0145264
 0.00483503    0.228824  0.00639125 -0.00714236
  0.0159143  0.00639125    0.233881  -0.0055098
  0.0145264 -0.00714236  -0.0055098    0.243995
IMAGINARY
           0   -0.0138778  -0.00668991 -0.000169387
   0.0138778            0   0.00510766   0.00731569
  0.00668991  -0.00510766            0    0.0270193
 0.000169387  -0.00731569   -0.0270193            0
Repeater1[0]<--->HoM1[0]
REAL
   0.268519  0.00166091 0.000104297   0.0305278
 0.00166091    0.234127    0.014685  0.00255528
0.000104297    0.014685    0.223545 0.000998661
  0.0305278  0.00255528 0.000998661     0.27381
IMAGINARY
          0  0.00696043  0.00825358   0.0041763
-0.00696043           0  -0.0136103 -0.00381758
-0.00825358   0.0136103           0 -0.00125701
 -0.0041763  0.00381758  0.00125701           0
EndNode1[0]<--->Repeater1[0]
REAL
  0.276215   0.021259 0.00143896  0.0277189
  0.021259   0.232737  0.0221564 0.00978299
0.00143896  0.0221564   0.199488  0.0186412
 0.0277189 0.00978299  0.0186412    0.29156
IMAGINARY
           0 -0.000950132  -0.00676034  -0.00253913
 0.000950132            0   0.00643523  -0.00869084
  0.00676034  -0.00643523            0   0.00651255
  0.00253913   0.00869084  -0.00651255            0
EndNode2[0]<--->HoM1[0]
REAL
   0.261286   0.0063979 -0.00792866   0.0514755
  0.0063979    0.247606   0.0188668  0.00349266
-0.00792866   0.0188668    0.236662   0.0132472
  0.0514755  0.00349266   0.0132472    0.254446
IMAGINARY
          0 -0.00204429   0.0114635  0.00999271
 0.00204429           0   0.0151607  0.00212349
 -0.0114635  -0.0151607           0  -0.0224122
-0.00999271 -0.00212349   0.0224122           0
Repeater1[0]<--->EndNode1[0]
REAL
  0.276215 0.00143896   0.021259  0.0277189
0.00143896   0.199488  0.0221564  0.0186412
  0.021259  0.0221564   0.232737 0.00978299
 0.0277189  0.0186412 0.00978299    0.29156
IMAGINARY
           0  -0.00676034 -0.000950132  -0.00253913
  0.00676034            0  -0.00643523   0.00651255
 0.000950132   0.00643523            0  -0.00869084
  0.00253913  -0.00651255   0.00869084            0
Repeater1[0]<--->HoM1[0]
REAL
   0.261286 -0.00792866   0.0063979   0.0514755
-0.00792866    0.236662   0.0188668   0.0132472
  0.0063979   0.0188668    0.247606  0.00349266
  0.0514755   0.0132472  0.00349266    0.254446
IMAGINARY
          0   0.0114635 -0.00204429  0.00999271
 -0.0114635           0  -0.0151607  -0.0224122
 0.00204429   0.0151607           0  0.00212349
-0.00999271   0.0224122 -0.00212349           0
EndNode1[0]<--->Repeater1[0]
REAL
  0.269029 0.00338245 0.00825899  0.0298138
0.00338245   0.248031  0.0114362  -0.025759
0.00825899  0.0114362   0.209974  0.0128675
 0.0298138  -0.025759  0.0128675   0.272966
IMAGINARY
          0 -0.00538657  0.00188432   0.0160136
 0.00538657           0  -0.0106945    -0.01139
-0.00188432   0.0106945           0 -0.00538657
 -0.0160136     0.01139  0.00538657           0
EndNode2[0]<--->HoM1[0]
REAL
  0.299465 -0.0119539 -0.0104896  0.0443693
-0.0119539   0.209893  0.0173074  0.0218669
-0.0104896  0.0173074   0.236631 0.00656465
 0.0443693  0.0218669 0.00656465   0.254011
IMAGINARY
          0 -0.00903727 -0.00102903 -0.00750278
 0.00903727           0  0.00685427  0.00231769
 0.00102903 -0.00685427           0  0.00388263
 0.00750278 -0.00231769 -0.00388263           0
Repeater1[0]<--->EndNode1[0]
REAL
  0.269029 0.00825899 0.00338245  0.0298138
0.00825899   0.209974  0.0114362  0.0128675
0.00338245  0.0114362   0.248031  -0.025759
 0.0298138  0.0128675  -0.025759   0.272966
IMAGINARY
          0  0.00188432 -0.00538657   0.0160136
-0.00188432           0   0.0106945 -0.00538657
 0.00538657  -0.0106945           0    -0.01139
 -0.0160136  0.00538657     0.01139           0
Repeater1[0]<--->HoM1[0]
REAL
  0.299465 -0.0104896 -0.0119539  0.0443693
-0.0104896   0.236631  0.0173074 0.00656465
-0.0119539  0.0173074   0.209893  0.0218669
 0.0443693 0.00656465  0.0218669   0.254011
IMAGINARY
          0 -0.00102903 -0.00903727 -0.00750278
 0.00102903           0 -0.00685427  0.00388263
 0.00903727  0.00685427           0  0.00231769
 0.00750278 -0.00388263 -0.00231769           0
EndNode1[0]<--->Repeater1[0]
REAL
  0.276865 -0.0140527 0.00339323  0.0252961
-0.0140527    0.25158  0.0107458  0.0182319
0.00339323  0.0107458    0.22756 -0.0219892
 0.0252961  0.0182319 -0.0219892   0.243995
IMAGINARY
          0   0.0138539 -0.00896177   0.0103748
 -0.0138539           0 -0.00832843   -0.013525
 0.00896177  0.00832843           0  -0.0138539
 -0.0103748    0.013525   0.0138539           0
EndNode2[0]<--->HoM1[0]
REAL
   0.260204   -0.011046  0.00631285   0.0273496
  -0.011046    0.228316  0.00123996   0.0082996
 0.00631285  0.00123996    0.219388 -0.00610774
  0.0273496   0.0082996 -0.00610774    0.292092
IMAGINARY
           0    0.0178932   0.00251748    -0.019157
  -0.0178932            0  -0.00887426  -0.00643393
 -0.00251748   0.00887426            0  0.000383517
    0.019157   0.00643393 -0.000383517            0
Repeater1[0]<--->EndNode1[0]
REAL
  0.276865 0.00339323 -0.0140527  0.0252961
0.00339323    0.22756  0.0107458 -0.0219892
-0.0140527  0.0107458    0.25158  0.0182319
 0.0252961 -0.0219892  0.0182319   0.243995
IMAGINARY
          0 -0.00896177   0.0138539   0.0103748
 0.00896177           0  0.00832843  -0.0138539
 -0.0138539 -0.00832843           0   -0.013525
 -0.0103748   0.0138539    0.013525           0
Repeater1[0]<--->HoM1[0]
REAL
   0.260204  0.00631285   -0.011046   0.0273496
 0.00631285    0.219388  0.00123996 -0.00610774
  -0.011046  0.00123996    0.228316   0.0082996
  0.0273496 -0.00610774   0.0082996    0.292092
IMAGINARY
           0   0.00251748    0.0178932    -0.019157
 -0.00251748            0   0.00887426  0.000383517
  -0.0178932  -0.00887426            0  -0.00643393
    0.019157 -0.000383517   0.00643393            0
EndNode1[0]<--->Repeater1[0]
REAL
   0.287617 -0.00171419  -0.0114269   0.0306065
-0.00171419    0.209055  0.00501352 -0.00572349
 -0.0114269  0.00501352    0.249001 -0.00752064
  0.0306065 -0.00572349 -0.00752064    0.254328
IMAGINARY
          0 -0.00095644   0.0131471   0.0094747
 0.00095644           0   0.0100852   0.0124459
 -0.0131471  -0.0100852           0  0.00033222
 -0.0094747  -0.0124459 -0.00033222           0
EndNode2[0]<--->HoM1[0]
REAL
   0.27904 0.00626992 0.00995096  0.0183363
0.00626992   0.222222  0.0250848 0.00452273
0.00995096  0.0250848   0.238636 0.00688797
 0.0183363 0.00452273 0.00688797   0.260101
IMAGINARY
          0  -0.0152179  0.00456873   -0.021712
  0.0152179           0 -0.00515567  0.00586072
-0.00456873  0.00515567           0  -0.0258864
   0.021712 -0.00586072   0.0258864           0
Repeater1[0]<--->EndNode1[0]
REAL
   0.287617  -0.0114269 -0.00171419   0.0306065
 -0.0114269    0.249001  0.00501352 -0.00752064
-0.00171419  0.00501352    0.209055 -0.00572349
  0.0306065 -0.00752064 -0.00572349    0.254328
IMAGINARY
          0   0.0131471 -0.00095644   0.0094747
 -0.0131471           0  -0.0100852  0.00033222
 0.00095644   0.0100852           0   0.0124459
 -0.0094747 -0.00033222  -0.0124459           0
Repeater1[0]<--->HoM1[0]
REAL
   0.27904 0.00995096 0.00626992  0.0183363
0.00995096   0.238636  0.0250848 0.00688797
0.00626992  0.0250848   0.222222 0.00452273
 0.0183363 0.00688797 0.00452273   0.260101
IMAGINARY
          0  0.00456873  -0.0152179   -0.021712
-0.00456873           0  0.00515567  -0.0258864
  0.0152179 -0.00515567           0  0.00586072
   0.021712   0.0258864 -0.00586072           0
EndNode1[0]<--->Repeater1[0]
REAL
    0.279543  -0.00572869    0.0161594    0.0223188
 -0.00572869     0.217281   0.00688259    0.0142339
   0.0161594   0.00688259     0.229987 -0.000826731
   0.0223188    0.0142339 -0.000826731     0.273189
IMAGINARY
          0  -0.0264269   0.0186496  0.00695727
  0.0264269           0  -0.0191524  0.00349807
 -0.0186496   0.0191524           0 -0.00243212
-0.00695727 -0.00349807  0.00243212           0
EndNode2[0]<--->HoM1[0]
REAL
   0.28125  0.0213685 0.00732401  0.0243133
 0.0213685   0.233073  0.0118624  0.0314357
0.00732401  0.0118624   0.231771 -0.0226605
 0.0243133  0.0314357 -0.0226605   0.253906
IMAGINARY
          0   0.0123436    0.019016  -0.0102431
 -0.0123436           0 -0.00635713   0.0144047
  -0.019016  0.00635713           0 -0.00906702
  0.0102431  -0.0144047  0.00906702           0
Repeater1[0]<--->EndNode1[0]
REAL
    0.279543    0.0161594  -0.00572869    0.0223188
   0.0161594     0.229987   0.00688259 -0.000826731
 -0.00572869   0.00688259     0.217281    0.0142339
   0.0223188 -0.000826731    0.0142339     0.273189
IMAGINARY
          0   0.0186496  -0.0264269  0.00695727
 -0.0186496           0   0.0191524 -0.00243212
  0.0264269  -0.0191524           0  0.00349807
-0.00695727  0.00243212 -0.00349807           0
Repeater1[0]<--->HoM1[0]
REAL
   0.28125 0.00732401  0.0213685  0.0243133
0.00732401   0.231771  0.0118624 -0.0226605
 0.0213685  0.0118624   0.233073  0.0314357
 0.0243133 -0.0226605  0.0314357   0.253906
IMAGINARY
          0    0.019016   0.0123436  -0.0102431
  -0.019016           0  0.00635713 -0.00906702
 -0.0123436 -0.00635713           0   0.0144047
  0.0102431  0.00906702  -0.0144047           0
EndNode1[0]<--->Repeater1[0]
REAL
  0.283622 0.00530615 0.00345824  0.0401185
0.00530615   0.231691  0.0182708  0.0173471
0.00345824  0.0182708   0.226365 -0.0126887
 0.0401185  0.0173471 -0.0126887   0.258322
IMAGINARY
          0 -0.00474044  -0.0205086  0.00257641
 0.00474044           0  0.00944282 -0.00508442
  0.0205086 -0.00944282           0  0.00910998
-0.00257641  0.00508442 -0.00910998           0
EndNode2[0]<--->HoM1[0]
REAL
    0.252241 -0.000594362  -0.00321384    0.0302489
-0.000594362     0.252241    0.0195571   0.00644799
 -0.00321384    0.0195571     0.215109    0.0193524
   0.0302489   0.00644799    0.0193524      0.28041
IMAGINARY
          0  -0.0152852 -0.00170349  -0.0085712
  0.0152852           0  -0.0204611  0.00736387
 0.00170349   0.0204611           0   0.0033355
  0.0085712 -0.00736387  -0.0033355           0
Repeater1[0]<--->EndNode1[0]
REAL
  0.283622 0.00345824 0.00530615  0.0401185
0.00345824   0.226365  0.0182708 -0.0126887
0.00530615  0.0182708   0.231691  0.0173471
 0.0401185 -0.0126887  0.0173471   0.258322
IMAGINARY
          0  -0.0205086 -0.00474044  0.00257641
  0.0205086           0 -0.00944282  0.00910998
 0.00474044  0.00944282           0 -0.00508442
-0.00257641 -0.00910998  0.00508442           0
Repeater1[0]<--->HoM1[0]
REAL
    0.252241  -0.00321384 -0.000594362    0.0302489
 -0.00321384     0.215109    0.0195571    0.0193524
-0.000594362    0.0195571     0.252241   0.00644799
   0.0302489    0.0193524   0.00644799      0.28041
IMAGINARY
          0 -0.00170349  -0.0152852  -0.0085712
 0.00170349           0   0.0204611   0.0033355
  0.0152852  -0.0204611           0  0.00736387
  0.0085712  -0.0033355 -0.00736387           0
EndNode1[0]<--->Repeater1[0]
REAL
   0.268015 -0.00806799  0.00137129   0.0227288
-0.00806799    0.216182  0.00957092   0.0167166
 0.00137129  0.00957092    0.245259 -0.00743588
  0.0227288   0.0167166 -0.00743588    0.270544
IMAGINARY
          0  -0.0262652  0.00590471   0.0148513
  0.0262652           0  -0.0135725   0.0164637
-0.00590471   0.0135725           0 -0.00399798
 -0.0148513  -0.0164637  0.00399798           0
EndNode2[0]<--->HoM1[0]
REAL
   0.282636 -0.00568359  -0.0217447   0.0108499
-0.00568359    0.219265   0.0303812   0.0176796
 -0.0217447   0.0303812    0.228137  -0.0250946
  0.0108499   0.0176796  -0.0250946    0.269962
IMAGINARY
          0  0.00432413  -0.0104167  0.00415471
-0.00432413           0  -0.0152044  -0.0104167
  0.0104167   0.0152044           0  0.00999878
-0.00415471   0.0104167 -0.00999878           0
Repeater1[0]<--->EndNode1[0]
REAL
   0.268015  0.00137129 -0.00806799   0.0227288
 0.00137129    0.245259  0.00957092 -0.00743588
-0.00806799  0.00957092    0.216182   0.0167166
  0.0227288 -0.00743588   0.0167166    0.270544
IMAGINARY
          0  0.00590471  -0.0262652   0.0148513
-0.00590471           0   0.0135725 -0.00399798
  0.0262652  -0.0135725           0   0.0164637
 -0.0148513  0.00399798  -0.0164637           0
Repeater1[0]<--->HoM1[0]
REAL
   0.282636  -0.0217447 -0.00568359   0.0108499
 -0.0217447    0.228137   0.0303812  -0.0250946
-0.00568359   0.0303812    0.219265   0.0176796
  0.0108499  -0.0250946   0.0176796    0.269962
IMAGINARY
          0  -0.0104167  0.00432413  0.00415471
  0.0104167           0   0.0152044  0.00999878
-0.00432413  -0.0152044           0  -0.0104167
-0.00415471 -0.00999878   0.0104167           0
EndNode1[0]<--->Repeater1[0]
REAL
    0.271712 -0.000163221    0.0161993    0.0365439
-0.000163221     0.236973   0.00809893   -0.0238524
   0.0161993   0.00809893     0.230769    0.0141938
   0.0365439   -0.0238524    0.0141938     0.260546
IMAGINARY
          0  -0.0142064    0.016771 -0.00975242
  0.0142064           0 -0.00036904 -0.00981781
  -0.016771  0.00036904           0  -0.0192955
 0.00975242  0.00981781   0.0192955           0
EndNode2[0]<--->HoM1[0]
REAL
   0.255844 -0.00069398 -0.00974767   0.0446867
-0.00069398    0.218182   0.0384367 -0.00284679
-0.00974767   0.0384367    0.231169   0.0095101
  0.0446867 -0.00284679   0.0095101    0.294805
IMAGINARY
          0    0.011144 -0.00564977   -0.011812
  -0.011144           0 -0.00173641  0.00689977
 0.00564977  0.00173641           0    0.018856
   0.011812 -0.00689977   -0.018856           0
Repeater1[0]<--->EndNode1[0]
REAL
    0.271712    0.0161993 -0.000163221    0.0365439
   0.0161993     0.230769   0.00809893    0.0141938
-0.000163221   0.00809893     0.236973   -0.0238524
   0.0365439    0.0141938   -0.0238524     0.260546
IMAGINARY
          0    0.016771  -0.0142064 -0.00975242
  -0.016771           0  0.00036904  -0.0192955
  0.0142064 -0.00036904           0 -0.00981781
 0.00975242   0.0192955  0.00981781           0
Repeater1[0]<--->HoM1[0]
REAL
   0.255844 -0.00974767 -0.00069398   0.0446867
-0.00974767    0.231169   0.0384367   0.0095101
-0.00069398   0.0384367    0.218182 -0.00284679
  0.0446867   0.0095101 -0.00284679    0.294805
IMAGINARY
          0 -0.00564977    0.011144   -0.011812
 0.00564977           0  0.00173641    0.018856
  -0.011144 -0.00173641           0  0.00689977
   0.011812   -0.018856 -0.00689977           0
EndNode1[0]<--->Repeater1[0]
REAL
    0.297604    0.0114938 -0.000887798    0.0230615
   0.0114938     0.224464    0.0134921  -0.00825058
-0.000887798    0.0134921     0.230769    0.0198378
   0.0230615  -0.00825058    0.0198378     0.247163
IMAGINARY
          0  0.00222612  0.00112652  -0.0074209
-0.00222612           0  0.00171748  0.00365817
-0.00112652 -0.00171748           0  0.00495091
  0.0074209 -0.00365817 -0.00495091           0
EndNode2[0]<--->HoM1[0]
REAL
  0.290932 -0.0181799 0.00623222  0.0225373
-0.0181799   0.222922    0.04647 -0.0207601
0.00623222    0.04647   0.232997 -0.0108758
 0.0225373 -0.0207601 -0.0108758   0.253149
IMAGINARY
           0   0.00130314   0.00486128   0.00616441
 -0.00130314            0   -0.0048889   -0.0106828
 -0.00486128    0.0048889            0  0.000637356
 -0.00616441    0.0106828 -0.000637356            0
Repeater1[0]<--->EndNode1[0]
REAL
    0.297604 -0.000887798    0.0114938    0.0230615
-0.000887798     0.230769    0.0134921    0.0198378
   0.0114938    0.0134921     0.224464  -0.00825058
   0.0230615    0.0198378  -0.00825058     0.247163
IMAGINARY
          0  0.00112652  0.00222612  -0.0074209
-0.00112652           0 -0.00171748  0.00495091
-0.00222612  0.00171748           0  0.00365817
  0.0074209 -0.00495091 -0.00365817           0
Repeater1[0]<--->HoM1[0]
REAL
  0.290932 0.00623222 -0.0181799  0.0225373
0.00623222   0.232997    0.04647 -0.0108758
-0.0181799    0.04647   0.222922 -0.0207601
 0.0225373 -0.0108758 -0.0207601   0.253149
IMAGINARY
           0   0.00486128   0.00130314   0.00616441
 -0.00486128            0    0.0048889  0.000637356
 -0.00130314   -0.0048889            0   -0.0106828
 -0.00616441 -0.000637356    0.0106828            0
EndNode1[0]<--->Repeater1[0]
REAL
  0.286853  0.0199416 0.00192026 0.00626767
 0.0199416   0.227092  0.0292162 0.00388619
0.00192026  0.0292162   0.220452 -0.0115545
0.00626767 0.00388619 -0.0115545   0.265604
IMAGINARY
          0 -0.00290227 -0.00481885  -0.0197257
 0.00290227           0   -0.020326 -0.00422148
 0.00481885    0.020326           0   0.0175059
  0.0197257  0.00422148  -0.0175059           0
EndNode2[0]<--->HoM1[0]
REAL
  0.289373 -0.0161974 0.00189854  0.0412025
-0.0161974   0.222791  0.0140707 0.00254873
0.00189854  0.0140707   0.221511  0.0206447
 0.0412025 0.00254873  0.0206447   0.266325
IMAGINARY
           0   -0.0113992   -0.0110239   0.00318182
   0.0113992            0 -6.07218e-05   -0.0135239
   0.0110239  6.07218e-05            0  -0.00281268
 -0.00318182    0.0135239   0.00281268            0
Repeater1[0]<--->EndNode1[0]
REAL
  0.286853 0.00192026  0.0199416 0.00626767
0.00192026   0.220452  0.0292162 -0.0115545
 0.0199416  0.0292162   0.227092 0.00388619
0.00626767 -0.0115545 0.00388619   0.265604
IMAGINARY
          0 -0.00481885 -0.00290227  -0.0197257
 0.00481885           0    0.020326   0.0175059
 0.00290227   -0.020326           0 -0.00422148
  0.0197257  -0.0175059  0.00422148           0
Repeater1[0]<--->HoM1[0]
REAL
  0.289373 0.00189854 -0.0161974  0.0412025
0.00189854   0.221511  0.0140707  0.0206447
-0.0161974  0.0140707   0.222791 0.00254873
 0.0412025  0.0206447 0.00254873   0.266325
IMAGINARY
           0   -0.0110239   -0.0113992   0.00318182
   0.0110239            0  6.07218e-05  -0.00281268
   0.0113992 -6.07218e-05            0   -0.0135239
 -0.00318182   0.00281268    0.0135239            0
EndNode1[0]<--->Repeater1[0]
REAL
  0.263889 -0.0183882  -0.017761 0.00673159
-0.0183882   0.233586  0.0328462 0.00720695
 -0.017761  0.0328462   0.243687  0.0144304
0.00673159 0.00720695  0.0144304   0.258838
IMAGINARY
           0  0.000830899   -0.0376687    0.0139298
-0.000830899            0   0.00183308    0.0115541
   0.0376687  -0.00183308            0   -0.0142067
  -0.0139298   -0.0115541    0.0142067            0
EndNode2[0]<--->HoM1[0]
REAL
    0.281211   0.00199871 -0.000228618    0.0279911
  0.00199871      0.20681     0.045015     0.020474
-0.000228618     0.045015     0.245902  -0.00874718
   0.0279911     0.020474  -0.00874718     0.266078
IMAGINARY
          0   0.0191819  0.00116874  0.00816141
 -0.0191819           0    0.013938  -0.0156706
-0.00116874   -0.013938           0   0.0205406
-0.00816141   0.0156706  -0.0205406           0
Repeater1[0]<--->EndNode1[0]
REAL
  0.263889  -0.017761 -0.0183882 0.00673159
 -0.017761   0.243687  0.0328462  0.0144304
-0.0183882  0.0328462   0.233586 0.00720695
0.00673159  0.0144304 0.00720695   0.258838
IMAGINARY
           0   -0.0376687  0.000830899    0.0139298
   0.0376687            0  -0.00183308   -0.0142067
-0.000830899   0.00183308            0    0.0115541
  -0.0139298    0.0142067   -0.0115541            0
Repeater1[0]<--->HoM1[0]
REAL
    0.281211 -0.000228618   0.00199871    0.0279911
-0.000228618     0.245902     0.045015  -0.00874718
  0.00199871     0.045015      0.20681     0.020474
   0.0279911  -0.00874718     0.020474     0.266078
IMAGINARY
          0  0.00116874   0.0191819  0.00816141
-0.00116874           0   -0.013938   0.0205406
 -0.0191819    0.013938           0  -0.0156706
-0.00816141  -0.0205406   0.0156706           0
EndNode1[0]<--->Repeater1[0]
REAL
   0.30038  0.0395382 -0.0118668  0.0398462
 0.0395382   0.224335 0.00117949 0.00032833
-0.0118668 0.00117949   0.219265 -0.0203074
 0.0398462 0.00032833 -0.0203074    0.25602
IMAGINARY
          0 -0.00298485   0.0229377  -0.0193888
 0.00298485           0 -0.00594452  -0.0269377
 -0.0229377  0.00594452           0  -0.0143485
  0.0193888   0.0269377   0.0143485           0
EndNode2[0]<--->HoM1[0]
REAL
    0.267442 -0.000594994    0.0153763    0.0517114
-0.000594994     0.236434     0.017096    0.0193551
   0.0153763     0.017096     0.210594   -0.0105452
   0.0517114    0.0193551   -0.0105452      0.28553
IMAGINARY
           0 -0.000853038   0.00501236   0.00119791
 0.000853038            0   -0.0124562    0.0013979
 -0.00501236    0.0124562            0   -0.0196598
 -0.00119791   -0.0013979    0.0196598            0
Repeater1[0]<--->EndNode1[0]
REAL
   0.30038 -0.0118668  0.0395382  0.0398462
-0.0118668   0.219265 0.00117949 -0.0203074
 0.0395382 0.00117949   0.224335 0.00032833
 0.0398462 -0.0203074 0.00032833    0.25602
IMAGINARY
          0   0.0229377 -0.00298485  -0.0193888
 -0.0229377           0  0.00594452  -0.0143485
 0.00298485 -0.00594452           0  -0.0269377
  0.0193888   0.0143485   0.0269377           0
Repeater1[0]<--->HoM1[0]
REAL
    0.267442    0.0153763 -0.000594994    0.0517114
   0.0153763     0.210594     0.017096   -0.0105452
-0.000594994     0.017096     0.236434    0.0193551
   0.0517114   -0.0105452    0.0193551      0.28553
IMAGINARY
           0   0.00501236 -0.000853038   0.00119791
 -0.00501236            0    0.0124562   -0.0196598
 0.000853038   -0.0124562            0    0.0013979
 -0.00119791    0.0196598   -0.0013979            0
EndNode1[0]<--->Repeater1[0]
REAL
    0.27381   0.0053419  -0.0106484   0.0164808
  0.0053419    0.223545   0.0404135 -0.00608518
 -0.0106484   0.0404135    0.219577   0.0167465
  0.0164808 -0.00608518   0.0167465    0.283069
IMAGINARY
          0 -0.00905563 -0.00700069  -0.0178643
 0.00905563           0 -0.00575775   -0.024694
 0.00700069  0.00575775           0 -0.00194049
  0.0178643    0.024694  0.00194049           0
EndNode2[0]<--->HoM1[0]
REAL
    0.26875  0.00706184   0.0106353   0.0151281
 0.00706184       0.225   0.0125035 -0.00274053
  0.0106353   0.0125035     0.24875  -0.0136408
  0.0151281 -0.00274053  -0.0136408      0.2575
IMAGINARY
          0  0.00105955  -0.0194708  -0.0133425
-0.00105955           0  0.00148231 -0.00546354
  0.0194708 -0.00148231           0  -0.0194323
  0.0133425  0.00546354   0.0194323           0
Repeater1[0]<--->EndNode1[0]
REAL
    0.27381  -0.0106484   0.0053419   0.0164808
 -0.0106484    0.219577   0.0404135   0.0167465
  0.0053419   0.0404135    0.223545 -0.00608518
  0.0164808   0.0167465 -0.00608518    0.283069
IMAGINARY
          0 -0.00700069 -0.00905563  -0.0178643
 0.00700069           0  0.00575775 -0.00194049
 0.00905563 -0.00575775           0   -0.024694
  0.0178643  0.00194049    0.024694           0
Repeater1[0]<--->HoM1[0]
REAL
    0.26875   0.0106353  0.00706184   0.0151281
  0.0106353     0.24875   0.0125035  -0.0136408
 0.00706184   0.0125035       0.225 -0.00274053
  0.0151281  -0.0136408 -0.00274053      0.2575
IMAGINARY
          0  -0.0194708  0.00105955  -0.0133425
  0.0194708           0 -0.00148231  -0.0194323
-0.00105955  0.00148231           0 -0.00546354
  0.0133425   0.0194323  0.00546354           0
EndNode1[0]<--->Repeater1[0]
REAL
  0.289377 0.00874852  0.0254914    0.01633
0.00874852   0.229548  0.0211377 -0.0138635
 0.0254914  0.0211377   0.214896 0.00546337
   0.01633 -0.0138635 0.00546337   0.266178
IMAGINARY
          0 -0.00585429 -0.00777079  -0.0203599
 0.00585429           0   0.0120726 -0.00905614
 0.00777079  -0.0120726           0  0.00104659
  0.0203599  0.00905614 -0.00104659           0
EndNode2[0]<--->HoM1[0]
REAL
   0.288114  0.00335986  0.00062931   0.0397304
 0.00335986    0.224806    0.044885  0.00193479
 0.00062931    0.044885    0.241602 -0.00592396
  0.0397304  0.00193479 -0.00592396    0.245478
IMAGINARY
          0  -0.0167676 -0.00113945 -0.00726418
