EndNode1[0]<--->Repeater1[0]
REAL
   0.434014  -0.0138932 -0.00434277    0.427562
 -0.0138932   0.0435374   0.0125875  -0.0118667
-0.00434277   0.0125875   0.0503401  0.00267124
   0.427562  -0.0118667  0.00267124    0.472109
IMAGINARY
           0   0.00182382   -0.0200253 -6.52997e-05
 -0.00182382            0  -0.00613817  -0.00535539
   0.0200253   0.00613817            0   0.00705943
 6.52997e-05   0.00535539  -0.00705943            0
EndNode2[0]<--->HoM1[0]
REAL
 0.459387 0.0199408 0.0123409  0.432665
0.0199408 0.0372836 0.0180924 0.0166995
0.0123409 0.0180924 0.0359521 0.0103622
 0.432665 0.0166995 0.0103622  0.467377
IMAGINARY
          0   0.0186997  -0.0109344 -0.00602482
 -0.0186997           0   0.0246418   0.0285223
  0.0109344  -0.0246418           0  -0.0388003
 0.00602482  -0.0285223   0.0388003           0
Repeater1[0]<--->EndNode1[0]
REAL
   0.434014 -0.00434277  -0.0138932    0.427562
-0.00434277   0.0503401   0.0125875  0.00267124
 -0.0138932   0.0125875   0.0435374  -0.0118667
   0.427562  0.00267124  -0.0118667    0.472109
IMAGINARY
           0   -0.0200253   0.00182382 -6.52997e-05
   0.0200253            0   0.00613817   0.00705943
 -0.00182382  -0.00613817            0  -0.00535539
 6.52997e-05  -0.00705943   0.00535539            0
Repeater1[0]<--->HoM1[0]
REAL
 0.459387 0.0123409 0.0199408  0.432665
0.0123409 0.0359521 0.0180924 0.0103622
0.0199408 0.0180924 0.0372836 0.0166995
 0.432665 0.0103622 0.0166995  0.467377
IMAGINARY
          0  -0.0109344   0.0186997 -0.00602482
  0.0109344           0  -0.0246418  -0.0388003
 -0.0186997   0.0246418           0   0.0285223
 0.00602482   0.0388003  -0.0285223           0
EndNode1[0]<--->Repeater1[0]
REAL
    0.47861  0.00689223  0.00809555    0.419641
 0.00689223   0.0334225   0.0177055 -0.00686705
 0.00809555   0.0177055   0.0200535 -0.00689223
   0.419641 -0.00686705 -0.00689223    0.467914
IMAGINARY
          0   0.0189187 -0.00964342   0.0170368
 -0.0189187           0 -0.00653004  -0.0129372
 0.00964342  0.00653004           0  0.00624262
 -0.0170368   0.0129372 -0.00624262           0
EndNode2[0]<--->HoM1[0]
REAL
 0.464684   0.01686 0.0119721  0.431669
  0.01686 0.0247831 0.0105125 0.0149661
0.0119721 0.0105125 0.0433705 0.0100782
 0.431669 0.0149661 0.0100782  0.467162
IMAGINARY
          0  0.00549021   0.0103188 -0.00806927
-0.00549021           0   0.0173778  -0.0241164
 -0.0103188  -0.0173778           0  0.00305118
 0.00806927   0.0241164 -0.00305118           0
Repeater1[0]<--->EndNode1[0]
REAL
    0.47861  0.00809555  0.00689223    0.419641
 0.00809555   0.0200535   0.0177055 -0.00689223
 0.00689223   0.0177055   0.0334225 -0.00686705
   0.419641 -0.00689223 -0.00686705    0.467914
IMAGINARY
          0 -0.00964342   0.0189187   0.0170368
 0.00964342           0  0.00653004  0.00624262
 -0.0189187 -0.00653004           0  -0.0129372
 -0.0170368 -0.00624262   0.0129372           0
Repeater1[0]<--->HoM1[0]
REAL
 0.464684 0.0119721   0.01686  0.431669
0.0119721 0.0433705 0.0105125 0.0100782
  0.01686 0.0105125 0.0247831 0.0149661
 0.431669 0.0100782 0.0149661  0.467162
IMAGINARY
          0   0.0103188  0.00549021 -0.00806927
 -0.0103188           0  -0.0173778  0.00305118
-0.00549021   0.0173778           0  -0.0241164
 0.00806927 -0.00305118   0.0241164           0
EndNode1[0]<--->Repeater1[0]
REAL
   0.470097  0.00682764 0.000817786    0.430099
 0.00682764   0.0264256   0.0144821 -0.00574389
0.000817786   0.0144821   0.0333797  -0.0203744
   0.430099 -0.00574389  -0.0203744    0.470097
IMAGINARY
          0 -0.00691049  -0.0068707 -0.00509554
 0.00691049           0  0.00573248  0.00057347
  0.0068707 -0.00573248           0  0.00942938
 0.00509554 -0.00057347 -0.00942938           0
EndNode2[0]<--->HoM1[0]
REAL
  0.473159  0.0264949 0.00382729   0.417002
 0.0264949  0.0337079  0.0221964 0.00975615
0.00382729  0.0221964  0.0387016 -0.0167924
  0.417002 0.00975615 -0.0167924   0.454432
IMAGINARY
          0 -0.00843149  -0.0167351 -0.00982801
 0.00843149           0  0.00982801   0.0154364
  0.0167351 -0.00982801           0 -0.00455552
 0.00982801  -0.0154364  0.00455552           0
Repeater1[0]<--->EndNode1[0]
REAL
   0.470097 0.000817786  0.00682764    0.430099
0.000817786   0.0333797   0.0144821  -0.0203744
 0.00682764   0.0144821   0.0264256 -0.00574389
   0.430099  -0.0203744 -0.00574389    0.470097
IMAGINARY
          0  -0.0068707 -0.00691049 -0.00509554
  0.0068707           0 -0.00573248  0.00942938
 0.00691049  0.00573248           0  0.00057347
 0.00509554 -0.00942938 -0.00057347           0
Repeater1[0]<--->HoM1[0]
REAL
  0.473159 0.00382729  0.0264949   0.417002
0.00382729  0.0387016  0.0221964 -0.0167924
 0.0264949  0.0221964  0.0337079 0.00975615
  0.417002 -0.0167924 0.00975615   0.454432
IMAGINARY
          0  -0.0167351 -0.00843149 -0.00982801
  0.0167351           0 -0.00982801 -0.00455552
 0.00843149  0.00982801           0   0.0154364
 0.00982801  0.00455552  -0.0154364           0
EndNode1[0]<--->Repeater1[0]
REAL
  0.445033  0.0107792  0.0123572   0.423199
 0.0107792  0.0331126  0.0200544 0.00340576
 0.0123572  0.0200544  0.0476821 0.00120064
  0.423199 0.00340576 0.00120064   0.474172
IMAGINARY
           0  -0.00758873  -0.00257394   0.00523244
  0.00758873            0     0.010468      0.01075
  0.00257394    -0.010468            0  0.000670487
 -0.00523244     -0.01075 -0.000670487            0
EndNode2[0]<--->HoM1[0]
REAL
   0.470513 -0.00265461   0.0194323    0.431191
-0.00265461   0.0282051   0.0111908   0.0068161
  0.0194323   0.0111908   0.0269231   0.0148185
   0.431191   0.0068161   0.0148185    0.474359
IMAGINARY
          0   0.0132374  -0.0231896 -0.00305099
 -0.0132374           0 -0.00432002  -0.0161653
  0.0231896  0.00432002           0   0.0157949
 0.00305099   0.0161653  -0.0157949           0
Repeater1[0]<--->EndNode1[0]
REAL
  0.445033  0.0123572  0.0107792   0.423199
 0.0123572  0.0476821  0.0200544 0.00120064
 0.0107792  0.0200544  0.0331126 0.00340576
  0.423199 0.00120064 0.00340576   0.474172
IMAGINARY
           0  -0.00257394  -0.00758873   0.00523244
  0.00257394            0    -0.010468  0.000670487
  0.00758873     0.010468            0      0.01075
 -0.00523244 -0.000670487     -0.01075            0
Repeater1[0]<--->HoM1[0]
REAL
   0.470513   0.0194323 -0.00265461    0.431191
  0.0194323   0.0269231   0.0111908   0.0148185
-0.00265461   0.0111908   0.0282051   0.0068161
   0.431191   0.0148185   0.0068161    0.474359
IMAGINARY
          0  -0.0231896   0.0132374 -0.00305099
  0.0231896           0  0.00432002   0.0157949
 -0.0132374 -0.00432002           0  -0.0161653
 0.00305099  -0.0157949   0.0161653           0
EndNode1[0]<--->Repeater1[0]
REAL
  0.453964  0.0072972 0.00627955   0.418258
 0.0072972  0.0396419  0.0203269  0.0144147
0.00627955  0.0203269  0.0332481 0.00538638
  0.418258  0.0144147 0.00538638   0.473146
IMAGINARY
         0 -0.0228949  0.0280142  0.0190105
 0.0228949          0  0.0104012  0.0140548
-0.0280142 -0.0104012          0 -0.0246913
-0.0190105 -0.0140548  0.0246913          0
EndNode2[0]<--->HoM1[0]
REAL
   0.485714 -0.00513801  0.00678307    0.413785
-0.00513801   0.0298137   0.0230965  0.00806842
 0.00678307   0.0230965   0.0372671   0.0138014
   0.413785  0.00806842   0.0138014    0.447205
IMAGINARY
          0 -0.00902722 -0.00324736  -0.0167779
 0.00902722           0  0.00832383  0.00527165
 0.00324736 -0.00832383           0  0.00835246
  0.0167779 -0.00527165 -0.00835246           0
Repeater1[0]<--->EndNode1[0]
REAL
  0.453964 0.00627955  0.0072972   0.418258
0.00627955  0.0332481  0.0203269 0.00538638
 0.0072972  0.0203269  0.0396419  0.0144147
  0.418258 0.00538638  0.0144147   0.473146
IMAGINARY
         0  0.0280142 -0.0228949  0.0190105
-0.0280142          0 -0.0104012 -0.0246913
 0.0228949  0.0104012          0  0.0140548
-0.0190105  0.0246913 -0.0140548          0
Repeater1[0]<--->HoM1[0]
REAL
   0.485714  0.00678307 -0.00513801    0.413785
 0.00678307   0.0372671   0.0230965   0.0138014
-0.00513801   0.0230965   0.0298137  0.00806842
   0.413785   0.0138014  0.00806842    0.447205
IMAGINARY
          0 -0.00324736 -0.00902722  -0.0167779
 0.00324736           0 -0.00832383  0.00835246
 0.00902722  0.00832383           0  0.00527165
  0.0167779 -0.00835246 -0.00527165           0
EndNode1[0]<--->Repeater1[0]
REAL
    0.45625   0.0127642  0.00915549      0.4345
  0.0127642       0.035  -0.0022086 -0.00655132
 0.00915549  -0.0022086     0.04625 -0.00234751
     0.4345 -0.00655132 -0.00234751      0.4625
IMAGINARY
          0   0.0119912 -0.00294917    -0.00231
 -0.0119912           0   0.0163515  -0.0160382
 0.00294917  -0.0163515           0  0.00840265
    0.00231   0.0160382 -0.00840265           0
EndNode2[0]<--->HoM1[0]
REAL
   0.462217  -0.0286533  -0.0193565    0.428449
 -0.0286533   0.0277078   0.0211638  -0.0013153
 -0.0193565   0.0211638   0.0428212 -0.00106246
   0.428449  -0.0013153 -0.00106246    0.467254
IMAGINARY
           0    0.0241068   -0.0196148  0.000944187
  -0.0241068            0    0.0015747   -0.0234316
   0.0196148   -0.0015747            0    0.0374826
-0.000944187    0.0234316   -0.0374826            0
Repeater1[0]<--->EndNode1[0]
REAL
    0.45625  0.00915549   0.0127642      0.4345
 0.00915549     0.04625  -0.0022086 -0.00234751
  0.0127642  -0.0022086       0.035 -0.00655132
     0.4345 -0.00234751 -0.00655132      0.4625
IMAGINARY
          0 -0.00294917   0.0119912    -0.00231
 0.00294917           0  -0.0163515  0.00840265
 -0.0119912   0.0163515           0  -0.0160382
    0.00231 -0.00840265   0.0160382           0
Repeater1[0]<--->HoM1[0]
REAL
   0.462217  -0.0193565  -0.0286533    0.428449
 -0.0193565   0.0428212   0.0211638 -0.00106246
 -0.0286533   0.0211638   0.0277078  -0.0013153
   0.428449 -0.00106246  -0.0013153    0.467254
IMAGINARY
           0   -0.0196148    0.0241068  0.000944187
   0.0196148            0   -0.0015747    0.0374826
  -0.0241068    0.0015747            0   -0.0234316
-0.000944187   -0.0374826    0.0234316            0
EndNode1[0]<--->Repeater1[0]
REAL
   0.472258   0.0168322  0.00175281    0.427335
  0.0168322   0.0374194   0.0118988   0.0107967
 0.00175281   0.0118988   0.0245161 -0.00164068
   0.427335   0.0107967 -0.00164068    0.465806
IMAGINARY
          0   -0.011616   0.0151291  -0.0167036
   0.011616           0  -0.0045085   0.0164145
 -0.0151291   0.0045085           0 -0.00784712
  0.0167036  -0.0164145  0.00784712           0
EndNode2[0]<--->HoM1[0]
REAL
    0.468305  -0.00319396 -0.000565796      0.42786
 -0.00319396    0.0284605    0.0311346   -0.0192755
-0.000565796    0.0311346    0.0362225   -0.0126791
     0.42786   -0.0192755   -0.0126791     0.467012
IMAGINARY
          0  0.00594266 -0.00755668  -0.0101235
-0.00594266           0   0.0216324 -0.00629723
 0.00755668  -0.0216324           0    0.012949
  0.0101235  0.00629723   -0.012949           0
Repeater1[0]<--->EndNode1[0]
REAL
   0.472258  0.00175281   0.0168322    0.427335
 0.00175281   0.0245161   0.0118988 -0.00164068
  0.0168322   0.0118988   0.0374194   0.0107967
   0.427335 -0.00164068   0.0107967    0.465806
IMAGINARY
          0   0.0151291   -0.011616  -0.0167036
 -0.0151291           0   0.0045085 -0.00784712
   0.011616  -0.0045085           0   0.0164145
  0.0167036  0.00784712  -0.0164145           0
Repeater1[0]<--->HoM1[0]
REAL
    0.468305 -0.000565796  -0.00319396      0.42786
-0.000565796    0.0362225    0.0311346   -0.0126791
 -0.00319396    0.0311346    0.0284605   -0.0192755
     0.42786   -0.0126791   -0.0192755     0.467012
IMAGINARY
          0 -0.00755668  0.00594266  -0.0101235
 0.00755668           0  -0.0216324    0.012949
-0.00594266   0.0216324           0 -0.00629723
  0.0101235   -0.012949  0.00629723           0
EndNode1[0]<--->Repeater1[0]
REAL
   0.469287   0.0180657   -0.005654    0.429151
  0.0180657   0.0331695   0.0198143  0.00220573
  -0.005654   0.0198143   0.0356265 -0.00634156
   0.429151  0.00220573 -0.00634156    0.461916
IMAGINARY
           0    0.0218486  0.000380003    0.0082023
  -0.0218486            0   -0.0130332  -0.00646931
-0.000380003    0.0130332            0   -0.0171125
  -0.0082023   0.00646931    0.0171125            0
EndNode2[0]<--->HoM1[0]
REAL
   0.477477 -0.00214735  -0.0107146    0.430227
-0.00214735    0.032175   0.0190881    0.016194
 -0.0107146   0.0190881    0.034749  -0.0156609
   0.430227    0.016194  -0.0156609    0.455598
IMAGINARY
          0   0.0115643 -0.00588482 -0.00284992
 -0.0115643           0  -0.0102391  0.00150434
 0.00588482   0.0102391           0 -0.00342916
 0.00284992 -0.00150434  0.00342916           0
Repeater1[0]<--->EndNode1[0]
REAL
   0.469287   -0.005654   0.0180657    0.429151
  -0.005654   0.0356265   0.0198143 -0.00634156
  0.0180657   0.0198143   0.0331695  0.00220573
   0.429151 -0.00634156  0.00220573    0.461916
IMAGINARY
           0  0.000380003    0.0218486    0.0082023
-0.000380003            0    0.0130332   -0.0171125
  -0.0218486   -0.0130332            0  -0.00646931
  -0.0082023    0.0171125   0.00646931            0
Repeater1[0]<--->HoM1[0]
REAL
   0.477477  -0.0107146 -0.00214735    0.430227
 -0.0107146    0.034749   0.0190881  -0.0156609
-0.00214735   0.0190881    0.032175    0.016194
   0.430227  -0.0156609    0.016194    0.455598
IMAGINARY
          0 -0.00588482   0.0115643 -0.00284992
 0.00588482           0   0.0102391 -0.00342916
 -0.0115643  -0.0102391           0  0.00150434
 0.00284992  0.00342916 -0.00150434           0
EndNode1[0]<--->Repeater1[0]
REAL
   0.467181  0.00970117   0.0067373    0.419563
 0.00970117     0.03861   0.0173177  -0.0178759
  0.0067373   0.0173177   0.0501931 -0.00722592
   0.419563  -0.0178759 -0.00722592    0.444015
IMAGINARY
          0   0.0305175 -0.00392459   0.0223235
 -0.0305175           0 -0.00399228   -0.012588
 0.00392459  0.00399228           0   0.0124151
 -0.0223235    0.012588  -0.0124151           0
EndNode2[0]<--->HoM1[0]
REAL
  0.458716 0.00439023 0.00684063   0.425383
0.00439023  0.0366972  0.0173925  0.0124727
0.00684063  0.0173925  0.0445609  0.0149231
  0.425383  0.0124727  0.0149231   0.460026
IMAGINARY
          0  -0.0195386   0.0200096   0.0345069
  0.0195386           0 -0.00954068   0.0102567
 -0.0200096  0.00954068           0  -0.0155704
 -0.0345069  -0.0102567   0.0155704           0
Repeater1[0]<--->EndNode1[0]
REAL
   0.467181   0.0067373  0.00970117    0.419563
  0.0067373   0.0501931   0.0173177 -0.00722592
 0.00970117   0.0173177     0.03861  -0.0178759
   0.419563 -0.00722592  -0.0178759    0.444015
IMAGINARY
          0 -0.00392459   0.0305175   0.0223235
 0.00392459           0  0.00399228   0.0124151
 -0.0305175 -0.00399228           0   -0.012588
 -0.0223235  -0.0124151    0.012588           0
Repeater1[0]<--->HoM1[0]
REAL
  0.458716 0.00684063 0.00439023   0.425383
0.00684063  0.0445609  0.0173925  0.0149231
0.00439023  0.0173925  0.0366972  0.0124727
  0.425383  0.0149231  0.0124727   0.460026
IMAGINARY
          0   0.0200096  -0.0195386   0.0345069
 -0.0200096           0  0.00954068  -0.0155704
  0.0195386 -0.00954068           0   0.0102567
 -0.0345069   0.0155704  -0.0102567           0
EndNode1[0]<--->Repeater1[0]
REAL
  0.459527 0.00537848  0.0240591   0.429324
0.00537848  0.0435866 0.00425968 0.00225673
 0.0240591 0.00425968  0.0448319  0.0221904
  0.429324 0.00225673  0.0221904   0.452055
IMAGINARY
          0   0.0123009  -0.0244037  -0.0250854
 -0.0123009           0  -0.0117436   0.0127758
  0.0244037   0.0117436           0  0.00707896
  0.0250854  -0.0127758 -0.00707896           0
EndNode2[0]<--->HoM1[0]
REAL
  0.453856 0.00302395 0.00226801    0.41971
0.00302395  0.0353982  0.0326709 -0.0222165
0.00226801  0.0326709  0.0404551 -0.0191115
   0.41971 -0.0222165 -0.0191115   0.470291
IMAGINARY
          0 -0.00401546   0.0121646  0.00588977
 0.00401546           0  0.00155272 -0.00443569
 -0.0121646 -0.00155272           0  -0.0120369
-0.00588977  0.00443569   0.0120369           0
Repeater1[0]<--->EndNode1[0]
REAL
  0.459527  0.0240591 0.00537848   0.429324
 0.0240591  0.0448319 0.00425968  0.0221904
0.00537848 0.00425968  0.0435866 0.00225673
  0.429324  0.0221904 0.00225673   0.452055
IMAGINARY
          0  -0.0244037   0.0123009  -0.0250854
  0.0244037           0   0.0117436  0.00707896
 -0.0123009  -0.0117436           0   0.0127758
  0.0250854 -0.00707896  -0.0127758           0
Repeater1[0]<--->HoM1[0]
REAL
  0.453856 0.00226801 0.00302395    0.41971
0.00226801  0.0404551  0.0326709 -0.0191115
0.00302395  0.0326709  0.0353982 -0.0222165
   0.41971 -0.0191115 -0.0222165   0.470291
IMAGINARY
          0   0.0121646 -0.00401546  0.00588977
 -0.0121646           0 -0.00155272  -0.0120369
 0.00401546  0.00155272           0 -0.00443569
-0.00588977   0.0120369  0.00443569           0
EndNode1[0]<--->Repeater1[0]
REAL
  0.441656  0.0174159  0.0119513   0.417451
 0.0174159  0.0250941  0.0188632 0.00295386
 0.0119513  0.0188632  0.0401506 -0.0119959
  0.417451 0.00295386 -0.0119959   0.493099
IMAGINARY
          0 -0.00227209  0.00260571 -0.00967541
 0.00227209           0  0.00967541   0.0249938
-0.00260571 -0.00967541           0  -0.0137741
 0.00967541  -0.0249938   0.0137741           0
EndNode2[0]<--->HoM1[0]
REAL
    0.459667   0.00827457   -0.0059395     0.425316
  0.00827457    0.0345711    0.0184593    0.0106249
  -0.0059395    0.0184593    0.0448143 -0.000911784
    0.425316    0.0106249 -0.000911784     0.460948
IMAGINARY
          0   0.0158716  -0.0197303  -0.0176989
 -0.0158716           0  -0.0163762 -0.00937707
  0.0197303   0.0163762           0 -0.00228818
  0.0176989  0.00937707  0.00228818           0
Repeater1[0]<--->EndNode1[0]
REAL
  0.441656  0.0119513  0.0174159   0.417451
 0.0119513  0.0401506  0.0188632 -0.0119959
 0.0174159  0.0188632  0.0250941 0.00295386
  0.417451 -0.0119959 0.00295386   0.493099
IMAGINARY
          0  0.00260571 -0.00227209 -0.00967541
-0.00260571           0 -0.00967541  -0.0137741
 0.00227209  0.00967541           0   0.0249938
 0.00967541   0.0137741  -0.0249938           0
Repeater1[0]<--->HoM1[0]
REAL
    0.459667   -0.0059395   0.00827457     0.425316
  -0.0059395    0.0448143    0.0184593 -0.000911784
  0.00827457    0.0184593    0.0345711    0.0106249
    0.425316 -0.000911784    0.0106249     0.460948
IMAGINARY
          0  -0.0197303   0.0158716  -0.0176989
  0.0197303           0   0.0163762 -0.00228818
 -0.0158716  -0.0163762           0 -0.00937707
  0.0176989  0.00228818  0.00937707           0
EndNode1[0]<--->Repeater1[0]
REAL
    0.48062  -0.0128378 -0.00291775     0.41645
 -0.0128378   0.0322997   0.0262983  0.00164548
-0.00291775   0.0262983   0.0374677   0.0128378
    0.41645  0.00164548   0.0128378    0.449612
IMAGINARY
          0  -0.0207091    0.027065   0.0111731
  0.0207091           0 -0.00719428   -0.016964
  -0.027065  0.00719428           0  0.00176967
 -0.0111731    0.016964 -0.00176967           0
EndNode2[0]<--->HoM1[0]
REAL
   0.471106 -0.00255237  0.00108641    0.415207
-0.00255237   0.0301508   0.0316725  0.00356166
 0.00108641   0.0316725   0.0427136   0.0045444
   0.415207  0.00356166   0.0045444     0.45603
IMAGINARY
          0 -0.00743735  0.00236973   0.0126356
 0.00743735           0  -0.0079123   0.0116865
-0.00236973   0.0079123           0  0.00810669
 -0.0126356  -0.0116865 -0.00810669           0
Repeater1[0]<--->EndNode1[0]
REAL
    0.48062 -0.00291775  -0.0128378     0.41645
-0.00291775   0.0374677   0.0262983   0.0128378
 -0.0128378   0.0262983   0.0322997  0.00164548
    0.41645   0.0128378  0.00164548    0.449612
IMAGINARY
          0    0.027065  -0.0207091   0.0111731
  -0.027065           0  0.00719428  0.00176967
  0.0207091 -0.00719428           0   -0.016964
 -0.0111731 -0.00176967    0.016964           0
Repeater1[0]<--->HoM1[0]
REAL
   0.471106  0.00108641 -0.00255237    0.415207
 0.00108641   0.0427136   0.0316725   0.0045444
-0.00255237   0.0316725   0.0301508  0.00356166
   0.415207   0.0045444  0.00356166     0.45603
IMAGINARY
          0  0.00236973 -0.00743735   0.0126356
-0.00236973           0   0.0079123  0.00810669
 0.00743735  -0.0079123           0   0.0116865
 -0.0126356 -0.00810669  -0.0116865           0
EndNode1[0]<--->Repeater1[0]
REAL
   0.462939 -0.00666508   -0.013869     0.43131
-0.00666508   0.0403121   0.0110489  0.00582607
  -0.013869   0.0110489   0.0364109 -0.00539926
    0.43131  0.00582607 -0.00539926    0.460338
IMAGINARY
           0    0.0170716   0.00273001   0.00659284
  -0.0170716            0  0.000342844   -0.0229914
 -0.00273001 -0.000342844            0   0.00711142
 -0.00659284    0.0229914  -0.00711142            0
EndNode2[0]<--->HoM1[0]
REAL
   0.461347  -0.0222193   0.0035916    0.425139
 -0.0222193   0.0586035   0.0141376 -0.00100762
  0.0035916   0.0141376   0.0486284  0.00800741
   0.425139 -0.00100762  0.00800741    0.431421
IMAGINARY
          0  -0.0292855  0.00357973 -0.00782706
  0.0292855           0   0.0163016   0.0155797
-0.00357973  -0.0163016           0  0.00270948
 0.00782706  -0.0155797 -0.00270948           0
Repeater1[0]<--->EndNode1[0]
REAL
   0.462939   -0.013869 -0.00666508     0.43131
  -0.013869   0.0364109   0.0110489 -0.00539926
-0.00666508   0.0110489   0.0403121  0.00582607
    0.43131 -0.00539926  0.00582607    0.460338
IMAGINARY
           0   0.00273001    0.0170716   0.00659284
 -0.00273001            0 -0.000342844   0.00711142
  -0.0170716  0.000342844            0   -0.0229914
 -0.00659284  -0.00711142    0.0229914            0
Repeater1[0]<--->HoM1[0]
REAL
   0.461347   0.0035916  -0.0222193    0.425139
  0.0035916   0.0486284   0.0141376  0.00800741
 -0.0222193   0.0141376   0.0586035 -0.00100762
   0.425139  0.00800741 -0.00100762    0.431421
IMAGINARY
          0  0.00357973  -0.0292855 -0.00782706
-0.00357973           0  -0.0163016  0.00270948
  0.0292855   0.0163016           0   0.0155797
 0.00782706 -0.00270948  -0.0155797           0
EndNode1[0]<--->Repeater1[0]
REAL
   0.465582 -0.00642606  0.00990894    0.428844
-0.00642606   0.0450563   0.0159653  0.00651681
 0.00990894   0.0159653   0.0438048   0.0202237
   0.428844  0.00651681   0.0202237    0.445557
IMAGINARY
          0  0.00693348 -0.00346835  -0.0154616
-0.00693348           0  -0.0115655  -0.0205216
 0.00346835   0.0115655           0  0.00569278
  0.0154616   0.0205216 -0.00569278           0
EndNode2[0]<--->HoM1[0]
REAL
  0.46144 0.0191343 0.0178173  0.419527
0.0191343 0.0437018 0.0166977 0.0217235
0.0178173 0.0166977 0.0244216 0.0178555
 0.419527 0.0217235 0.0178555  0.470437
IMAGINARY
          0   0.0158438   -0.013175   0.0135219
 -0.0158438           0 -0.00536976 -0.00589021
   0.013175  0.00536976           0   0.0044514
 -0.0135219  0.00589021  -0.0044514           0
Repeater1[0]<--->EndNode1[0]
REAL
   0.465582  0.00990894 -0.00642606    0.428844
 0.00990894   0.0438048   0.0159653   0.0202237
-0.00642606   0.0159653   0.0450563  0.00651681
   0.428844   0.0202237  0.00651681    0.445557
IMAGINARY
          0 -0.00346835  0.00693348  -0.0154616
 0.00346835           0   0.0115655  0.00569278
-0.00693348  -0.0115655           0  -0.0205216
  0.0154616 -0.00569278   0.0205216           0
Repeater1[0]<--->HoM1[0]
REAL
  0.46144 0.0178173 0.0191343  0.419527
0.0178173 0.0244216 0.0166977 0.0178555
0.0191343 0.0166977 0.0437018 0.0217235
 0.419527 0.0178555 0.0217235  0.470437
IMAGINARY
          0   -0.013175   0.0158438   0.0135219
   0.013175           0  0.00536976   0.0044514
 -0.0158438 -0.00536976           0 -0.00589021
 -0.0135219  -0.0044514  0.00589021           0
EndNode1[0]<--->Repeater1[0]
REAL
   0.488372  -0.0168872  -0.0185666    0.417039
 -0.0168872   0.0452196  0.00623482  0.00705761
 -0.0185666  0.00623482   0.0348837 0.000263177
   0.417039  0.00705761 0.000263177    0.431525
IMAGINARY
           0   -0.0110936    0.0111748  0.000521743
   0.0110936            0   -0.0190861    0.0152071
  -0.0111748    0.0190861            0  -0.00649436
-0.000521743   -0.0152071   0.00649436            0
EndNode2[0]<--->HoM1[0]
REAL
  0.446941 -0.0147757 0.00238642   0.416761
-0.0147757  0.0411985 0.00896862 0.00557114
0.00238642 0.00896862  0.0387016 0.00947068
  0.416761 0.00557114 0.00947068   0.473159
IMAGINARY
          0   0.0194012  0.00915275   0.0324003
 -0.0194012           0   -0.017475  -0.0364255
-0.00915275    0.017475           0   0.0117676
 -0.0324003   0.0364255  -0.0117676           0
Repeater1[0]<--->EndNode1[0]
REAL
   0.488372  -0.0185666  -0.0168872    0.417039
 -0.0185666   0.0348837  0.00623482 0.000263177
 -0.0168872  0.00623482   0.0452196  0.00705761
   0.417039 0.000263177  0.00705761    0.431525
IMAGINARY
           0    0.0111748   -0.0110936  0.000521743
  -0.0111748            0    0.0190861  -0.00649436
   0.0110936   -0.0190861            0    0.0152071
-0.000521743   0.00649436   -0.0152071            0
Repeater1[0]<--->HoM1[0]
REAL
  0.446941 0.00238642 -0.0147757   0.416761
0.00238642  0.0387016 0.00896862 0.00947068
-0.0147757 0.00896862  0.0411985 0.00557114
  0.416761 0.00947068 0.00557114   0.473159
IMAGINARY
          0  0.00915275   0.0194012   0.0324003
-0.00915275           0    0.017475   0.0117676
 -0.0194012   -0.017475           0  -0.0364255
 -0.0324003  -0.0117676   0.0364255           0
EndNode1[0]<--->Repeater1[0]
REAL
  0.416771 0.00554483  0.0147605   0.427201
0.00554483  0.0387985  0.0147343 -0.0218573
 0.0147605  0.0147343  0.0513141 -0.0113513
  0.427201 -0.0218573 -0.0113513   0.493116
IMAGINARY
          0 -0.00889098 -0.00265252  0.00626764
 0.00889098           0  -0.0213397  0.00928382
 0.00265252   0.0213397           0  0.00756472
-0.00626764 -0.00928382 -0.00756472           0
EndNode2[0]<--->HoM1[0]
REAL
   0.493151 -0.00543113   0.0236869    0.421658
-0.00543113   0.0386052   0.0226429  -0.0172102
  0.0236869   0.0226429   0.0323786 -0.00234089
   0.421658  -0.0172102 -0.00234089    0.435866
IMAGINARY
          0  0.00661568 -0.00767199 -0.00911458
-0.00661568           0  0.00911458  0.00151436
 0.00767199 -0.00911458           0  -0.0029211
 0.00911458 -0.00151436   0.0029211           0
Repeater1[0]<--->EndNode1[0]
REAL
  0.416771  0.0147605 0.00554483   0.427201
 0.0147605  0.0513141  0.0147343 -0.0113513
0.00554483  0.0147343  0.0387985 -0.0218573
  0.427201 -0.0113513 -0.0218573   0.493116
IMAGINARY
          0 -0.00265252 -0.00889098  0.00626764
 0.00265252           0   0.0213397  0.00756472
 0.00889098  -0.0213397           0  0.00928382
-0.00626764 -0.00756472 -0.00928382           0
Repeater1[0]<--->HoM1[0]
REAL
   0.493151   0.0236869 -0.00543113    0.421658
  0.0236869   0.0323786   0.0226429 -0.00234089
-0.00543113   0.0226429   0.0386052  -0.0172102
   0.421658 -0.00234089  -0.0172102    0.435866
IMAGINARY
          0 -0.00767199  0.00661568 -0.00911458
 0.00767199           0 -0.00911458  -0.0029211
-0.00661568  0.00911458           0  0.00151436
 0.00911458   0.0029211 -0.00151436           0
EndNode1[0]<--->Repeater1[0]
REAL
   0.48366  0.0118234   0.018448   0.423037
 0.0118234  0.0405229  0.0284423 0.00462891
  0.018448  0.0284423  0.0326797  0.0124369
  0.423037 0.00462891  0.0124369   0.443137
IMAGINARY
          0 -0.00568694  -0.0157226  0.00535663
 0.00568694           0    0.013898  0.00626318
  0.0157226   -0.013898           0   0.0151464
-0.00535663 -0.00626318  -0.0151464           0
EndNode2[0]<--->HoM1[0]
REAL
    0.46224 -0.00797152  -0.0238811    0.422438
-0.00797152   0.0403646   0.0195375  0.00289347
 -0.0238811   0.0195375   0.0325521  -0.0167198
   0.422438  0.00289347  -0.0167198    0.464844
IMAGINARY
          0   0.0107998 -0.00236672 -0.00280044
 -0.0107998           0  0.00212567  -0.0096131
 0.00236672 -0.00212567           0  0.00496317
 0.00280044   0.0096131 -0.00496317           0
Repeater1[0]<--->EndNode1[0]
REAL
   0.48366   0.018448  0.0118234   0.423037
  0.018448  0.0326797  0.0284423  0.0124369
 0.0118234  0.0284423  0.0405229 0.00462891
  0.423037  0.0124369 0.00462891   0.443137
IMAGINARY
          0  -0.0157226 -0.00568694  0.00535663
  0.0157226           0   -0.013898   0.0151464
 0.00568694    0.013898           0  0.00626318
-0.00535663  -0.0151464 -0.00626318           0
Repeater1[0]<--->HoM1[0]
REAL
    0.46224  -0.0238811 -0.00797152    0.422438
 -0.0238811   0.0325521   0.0195375  -0.0167198
-0.00797152   0.0195375   0.0403646  0.00289347
   0.422438  -0.0167198  0.00289347    0.464844
IMAGINARY
          0 -0.00236672   0.0107998 -0.00280044
 0.00236672           0 -0.00212567  0.00496317
 -0.0107998  0.00212567           0  -0.0096131
 0.00280044 -0.00496317   0.0096131           0
EndNode1[0]<--->Repeater1[0]
REAL
    0.436242 -0.000777057    0.0151025     0.424124
-0.000777057    0.0402685   0.00766504   0.00484605
   0.0151025   0.00766504    0.0442953    0.0194386
    0.424124   0.00484605    0.0194386     0.479195
IMAGINARY
           0   -0.0179068    0.0172055   0.00194987
   0.0179068            0  -0.00376805    0.0152135
  -0.0172055   0.00376805            0 -0.000796488
 -0.00194987   -0.0152135  0.000796488            0
EndNode2[0]<--->HoM1[0]
REAL
   0.459948  -0.0276738  -0.0160476    0.428165
 -0.0276738   0.0322997   0.0203919  -0.0146926
 -0.0160476   0.0203919   0.0387597 -0.00181175
   0.428165  -0.0146926 -0.00181175    0.468992
IMAGINARY
           0   -0.0196879  0.000658762  -0.00879397
   0.0196879            0   0.00879397    0.0197628
-0.000658762  -0.00879397            0  -0.00073368
  0.00879397   -0.0197628   0.00073368            0
Repeater1[0]<--->EndNode1[0]
REAL
    0.436242    0.0151025 -0.000777057     0.424124
   0.0151025    0.0442953   0.00766504    0.0194386
-0.000777057   0.00766504    0.0402685   0.00484605
    0.424124    0.0194386   0.00484605     0.479195
IMAGINARY
           0    0.0172055   -0.0179068   0.00194987
  -0.0172055            0   0.00376805 -0.000796488
   0.0179068  -0.00376805            0    0.0152135
 -0.00194987  0.000796488   -0.0152135            0
Repeater1[0]<--->HoM1[0]
REAL
   0.459948  -0.0160476  -0.0276738    0.428165
 -0.0160476   0.0387597   0.0203919 -0.00181175
 -0.0276738   0.0203919   0.0322997  -0.0146926
   0.428165 -0.00181175  -0.0146926    0.468992
IMAGINARY
           0  0.000658762   -0.0196879  -0.00879397
-0.000658762            0  -0.00879397  -0.00073368
   0.0196879   0.00879397            0    0.0197628
  0.00879397   0.00073368   -0.0197628            0
EndNode1[0]<--->Repeater1[0]
REAL
    0.458172    0.0126022 -0.000103588     0.422652
   0.0126022     0.037323    0.0113716   -0.0147735
-0.000103588    0.0113716     0.034749    -0.013249
    0.422652   -0.0147735    -0.013249     0.469755
IMAGINARY
           0   0.00533124   0.00289862   0.00257732
 -0.00533124            0   0.00257732 -0.000997482
 -0.00289862  -0.00257732            0   0.00797674
 -0.00257732  0.000997482  -0.00797674            0
EndNode2[0]<--->HoM1[0]
REAL
   0.460277  0.00566249 -0.00853469    0.437347
 0.00566249   0.0453972   0.0218365  0.00215714
-0.00853469   0.0218365   0.0315259 -0.00948902
   0.437347  0.00215714 -0.00948902    0.462799
IMAGINARY
           0   0.00155288  -0.00440208  -0.00549143
 -0.00155288            0   -0.0254364  -0.00505568
  0.00440208    0.0254364            0 -0.000922365
  0.00549143   0.00505568  0.000922365            0
Repeater1[0]<--->EndNode1[0]
REAL
    0.458172 -0.000103588    0.0126022     0.422652
-0.000103588     0.034749    0.0113716    -0.013249
   0.0126022    0.0113716     0.037323   -0.0147735
    0.422652    -0.013249   -0.0147735     0.469755
IMAGINARY
           0   0.00289862   0.00533124   0.00257732
 -0.00289862            0  -0.00257732   0.00797674
 -0.00533124   0.00257732            0 -0.000997482
 -0.00257732  -0.00797674  0.000997482            0
Repeater1[0]<--->HoM1[0]
REAL
   0.460277 -0.00853469  0.00566249    0.437347
-0.00853469   0.0315259   0.0218365 -0.00948902
 0.00566249   0.0218365   0.0453972  0.00215714
   0.437347 -0.00948902  0.00215714    0.462799
IMAGINARY
           0  -0.00440208   0.00155288  -0.00549143
  0.00440208            0    0.0254364 -0.000922365
 -0.00155288   -0.0254364            0  -0.00505568
  0.00549143  0.000922365   0.00505568            0
EndNode1[0]<--->Repeater1[0]
REAL
   0.444444  0.00907349   0.0121202    0.431518
 0.00907349   0.0405229   0.0175942   -0.012712
  0.0121202   0.0175942   0.0326797 -0.00848178
   0.431518   -0.012712 -0.00848178    0.482353
IMAGINARY
          0 -0.00241045 -0.00271607   0.0153418
 0.00241045           0 -0.00888183 -0.00867633
 0.00271607  0.00888183           0   0.0188661
 -0.0153418  0.00867633  -0.0188661           0
EndNode2[0]<--->HoM1[0]
REAL
    0.47619   0.0165129   0.0150318    0.432888
  0.0165129   0.0250627   0.0162214   -0.011215
  0.0150318   0.0162214   0.0288221 -0.00760705
   0.432888   -0.011215 -0.00760705    0.469925
IMAGINARY
          0  0.00847103  -0.0120607 -0.00323077
-0.00847103           0 -0.00388437  -0.0195049
  0.0120607  0.00388437           0   0.0104684
 0.00323077   0.0195049  -0.0104684           0
Repeater1[0]<--->EndNode1[0]
REAL
   0.444444   0.0121202  0.00907349    0.431518
  0.0121202   0.0326797   0.0175942 -0.00848178
 0.00907349   0.0175942   0.0405229   -0.012712
   0.431518 -0.00848178   -0.012712    0.482353
IMAGINARY
          0 -0.00271607 -0.00241045   0.0153418
 0.00271607           0  0.00888183   0.0188661
 0.00241045 -0.00888183           0 -0.00867633
 -0.0153418  -0.0188661  0.00867633           0
Repeater1[0]<--->HoM1[0]
REAL
    0.47619   0.0150318   0.0165129    0.432888
  0.0150318   0.0288221   0.0162214 -0.00760705
  0.0165129   0.0162214   0.0250627   -0.011215
   0.432888 -0.00760705   -0.011215    0.469925
IMAGINARY
          0  -0.0120607  0.00847103 -0.00323077
  0.0120607           0  0.00388437   0.0104684
-0.00847103 -0.00388437           0  -0.0195049
 0.00323077  -0.0104684   0.0195049           0
EndNode1[0]<--->Repeater1[0]
REAL
  0.461847   0.015313  0.0105657   0.423538
  0.015313  0.0348059  0.0133173  0.0074755
 0.0105657  0.0133173   0.038822 0.00401691
  0.423538  0.0074755 0.00401691   0.464525
IMAGINARY
           0  3.51582e-05     0.019337   0.00390646
-3.51582e-05            0   0.00141269  -0.00414365
   -0.019337  -0.00141269            0    0.0054897
 -0.00390646   0.00414365   -0.0054897            0
EndNode2[0]<--->HoM1[0]
REAL
   0.477004  -0.0303732  -0.0198566    0.415396
 -0.0303732   0.0354796   0.0265073 -0.00919161
 -0.0198566   0.0265073   0.0367937 -0.00238333
   0.415396 -0.00919161 -0.00238333    0.450723
IMAGINARY
          0  0.00370625 -0.00930973  -0.0182769
-0.00370625           0  -0.0189026  -0.0047465
 0.00930973   0.0189026           0  0.00901129
  0.0182769   0.0047465 -0.00901129           0
Repeater1[0]<--->EndNode1[0]
REAL
  0.461847  0.0105657   0.015313   0.423538
 0.0105657   0.038822  0.0133173 0.00401691
  0.015313  0.0133173  0.0348059  0.0074755
  0.423538 0.00401691  0.0074755   0.464525
IMAGINARY
           0     0.019337  3.51582e-05   0.00390646
   -0.019337            0  -0.00141269    0.0054897
-3.51582e-05   0.00141269            0  -0.00414365
 -0.00390646   -0.0054897   0.00414365            0
Repeater1[0]<--->HoM1[0]
REAL
   0.477004  -0.0198566  -0.0303732    0.415396
 -0.0198566   0.0367937   0.0265073 -0.00238333
 -0.0303732   0.0265073   0.0354796 -0.00919161
   0.415396 -0.00238333 -0.00919161    0.450723
IMAGINARY
          0 -0.00930973  0.00370625  -0.0182769
 0.00930973           0   0.0189026  0.00901129
-0.00370625  -0.0189026           0  -0.0047465
  0.0182769 -0.00901129   0.0047465           0
EndNode1[0]<--->Repeater1[0]
REAL
   0.451888   0.0145809  0.00467473     0.41813
  0.0145809   0.0316687    0.018516 0.000915332
 0.00467473    0.018516   0.0401949   -0.010233
    0.41813 0.000915332   -0.010233    0.476248
IMAGINARY
           0  -0.00454327    -0.013002  0.000338418
  0.00454327            0    0.0242094   0.00206253
    0.013002   -0.0242094            0  -0.00253524
-0.000338418  -0.00206253   0.00253524            0
EndNode2[0]<--->HoM1[0]
REAL
   0.469251 -0.00827297  -0.0100168      0.4175
-0.00827297   0.0307487   0.0299341  -0.0294074
 -0.0100168   0.0299341   0.0387701  -0.0186357
     0.4175  -0.0294074  -0.0186357     0.46123
IMAGINARY
          0   0.0173441  -0.0145975 -0.00182891
 -0.0173441           0    -0.02336  -0.0171485
  0.0145975     0.02336           0  -0.0213124
 0.00182891   0.0171485   0.0213124           0
Repeater1[0]<--->EndNode1[0]
REAL
   0.451888  0.00467473   0.0145809     0.41813
 0.00467473   0.0401949    0.018516   -0.010233
  0.0145809    0.018516   0.0316687 0.000915332
    0.41813   -0.010233 0.000915332    0.476248
IMAGINARY
           0    -0.013002  -0.00454327  0.000338418
    0.013002            0   -0.0242094  -0.00253524
  0.00454327    0.0242094            0   0.00206253
-0.000338418   0.00253524  -0.00206253            0
Repeater1[0]<--->HoM1[0]
REAL
   0.469251  -0.0100168 -0.00827297      0.4175
 -0.0100168   0.0387701   0.0299341  -0.0186357
-0.00827297   0.0299341   0.0307487  -0.0294074
     0.4175  -0.0186357  -0.0294074     0.46123
IMAGINARY
          0  -0.0145975   0.0173441 -0.00182891
  0.0145975           0     0.02336  -0.0213124
 -0.0173441    -0.02336           0  -0.0171485
 0.00182891   0.0213124   0.0171485           0
EndNode1[0]<--->Repeater1[0]
REAL
  0.475222  0.0035668  0.0159876   0.427677
 0.0035668  0.0343075   0.017778 -0.0081954
 0.0159876   0.017778  0.0355781 -0.0035668
  0.427677 -0.0081954 -0.0035668   0.454892
IMAGINARY
          0  -0.0138419   0.0185691   0.0014571
  0.0138419           0   0.0110265 -0.00460971
 -0.0185691  -0.0110265           0  0.00115156
 -0.0014571  0.00460971 -0.00115156           0
EndNode2[0]<--->HoM1[0]
REAL
   0.447368 -0.00410004  -0.0141959    0.421855
-0.00410004   0.0473684   0.0158831   0.0110193
 -0.0141959   0.0158831   0.0460526 -0.00542982
   0.421855   0.0110193 -0.00542982    0.459211
IMAGINARY
          0  -0.0066348  -0.0037144 -0.00603156
  0.0066348           0 -0.00412073  0.00307908
  0.0037144  0.00412073           0  0.00472883
 0.00603156 -0.00307908 -0.00472883           0
Repeater1[0]<--->EndNode1[0]
REAL
  0.475222  0.0159876  0.0035668   0.427677
 0.0159876  0.0355781   0.017778 -0.0035668
 0.0035668   0.017778  0.0343075 -0.0081954
  0.427677 -0.0035668 -0.0081954   0.454892
IMAGINARY
          0   0.0185691  -0.0138419   0.0014571
 -0.0185691           0  -0.0110265  0.00115156
  0.0138419   0.0110265           0 -0.00460971
 -0.0014571 -0.00115156  0.00460971           0
Repeater1[0]<--->HoM1[0]
REAL
   0.447368  -0.0141959 -0.00410004    0.421855
 -0.0141959   0.0460526   0.0158831 -0.00542982
-0.00410004   0.0158831   0.0473684   0.0110193
   0.421855 -0.00542982   0.0110193    0.459211
IMAGINARY
          0  -0.0037144  -0.0066348 -0.00603156
  0.0037144           0  0.00412073  0.00472883
  0.0066348 -0.00412073           0  0.00307908
 0.00603156 -0.00472883 -0.00307908           0
EndNode1[0]<--->Repeater1[0]
REAL
   0.480204  0.00509262 -0.00917854    0.427828
 0.00509262   0.0383142    0.014839   0.0198452
-0.00917854    0.014839   0.0383142  0.00957405
   0.427828   0.0198452  0.00957405    0.443167
IMAGINARY
          0  0.00105518   0.0100742 -0.00991889
-0.00105518           0  -0.0283464   0.0107329
 -0.0100742   0.0283464           0  -0.0105129
 0.00991889  -0.0107329   0.0105129           0
EndNode2[0]<--->HoM1[0]
REAL
    0.48854 -0.00919831 -0.00226392    0.426604
-0.00919831    0.039807   0.0173964  -0.0164027
-0.00226392   0.0173964   0.0229192 -0.00413502
   0.426604  -0.0164027 -0.00413502    0.448733
IMAGINARY
          0  0.00640722  0.00165776  0.00455528
-0.00640722           0   0.0253049 -0.00677285
-0.00165776  -0.0253049           0  0.00510173
-0.00455528  0.00677285 -0.00510173           0
Repeater1[0]<--->EndNode1[0]
REAL
