EndNode1[0]<--->Repeater1[0]
REAL
    0.4375  0.0116886 -0.0034125    0.25645
 0.0116886    0.05375 0.00644963    0.02184
-0.0034125 0.00644963     0.0475  0.0202525
   0.25645    0.02184  0.0202525    0.46125
IMAGINARY
          0  -0.0140191   0.0223736 -0.00342411
  0.0140191           0 -0.00844924 -0.00175506
 -0.0223736  0.00844924           0  0.00113246
 0.00342411  0.00175506 -0.00113246           0
EndNode2[0]<--->HoM1[0]
REAL
  0.459845 0.00613408 0.00800668   0.265106
0.00613408  0.0427461  0.0054066 0.00481383
0.00800668  0.0054066  0.0427461 0.00284028
  0.265106 0.00481383 0.00284028   0.454663
IMAGINARY
          0    -0.01321 -0.00840994   0.0103187
    0.01321           0  0.00628645   0.0102873
 0.00840994 -0.00628645           0   0.0138358
 -0.0103187  -0.0102873  -0.0138358           0
Repeater1[0]<--->EndNode1[0]
REAL
    0.4375 -0.0034125  0.0116886    0.25645
-0.0034125     0.0475 0.00644963  0.0202525
 0.0116886 0.00644963    0.05375    0.02184
   0.25645  0.0202525    0.02184    0.46125
IMAGINARY
          0   0.0223736  -0.0140191 -0.00342411
 -0.0223736           0  0.00844924  0.00113246
  0.0140191 -0.00844924           0 -0.00175506
 0.00342411 -0.00113246  0.00175506           0
Repeater1[0]<--->HoM1[0]
REAL
  0.459845 0.00800668 0.00613408   0.265106
0.00800668  0.0427461  0.0054066 0.00284028
0.00613408  0.0054066  0.0427461 0.00481383
  0.265106 0.00284028 0.00481383   0.454663
IMAGINARY
          0 -0.00840994    -0.01321   0.0103187
 0.00840994           0 -0.00628645   0.0138358
    0.01321  0.00628645           0   0.0102873
 -0.0103187  -0.0138358  -0.0102873           0
EndNode1[0]<--->Repeater1[0]
REAL
    0.465982    0.0151223 -0.000754113     0.260932
   0.0151223    0.0500642  -0.00438746  -0.00709929
-0.000754113  -0.00438746    0.0397946   -0.0151223
    0.260932  -0.00709929   -0.0151223     0.444159
IMAGINARY
          0 -0.00627101 -0.00864294 -0.00603017
 0.00627101           0 -0.00103017  0.00407971
 0.00864294  0.00103017           0   0.0108342
 0.00603017 -0.00407971  -0.0108342           0
EndNode2[0]<--->HoM1[0]
REAL
  0.462324 -0.0157745 -0.0167875   0.251073
-0.0157745  0.0344828  0.0105252  0.0103442
-0.0167875  0.0105252  0.0446999 -0.0151534
  0.251073  0.0103442 -0.0151534   0.458493
IMAGINARY
           0   -0.0226218     0.023148    0.0001572
   0.0226218            0   -0.0169531      0.02444
   -0.023148    0.0169531            0 -0.000194363
  -0.0001572     -0.02444  0.000194363            0
Repeater1[0]<--->EndNode1[0]
REAL
    0.465982 -0.000754113    0.0151223     0.260932
-0.000754113    0.0397946  -0.00438746   -0.0151223
   0.0151223  -0.00438746    0.0500642  -0.00709929
    0.260932   -0.0151223  -0.00709929     0.444159
IMAGINARY
          0 -0.00864294 -0.00627101 -0.00603017
 0.00864294           0  0.00103017   0.0108342
 0.00627101 -0.00103017           0  0.00407971
 0.00603017  -0.0108342 -0.00407971           0
Repeater1[0]<--->HoM1[0]
REAL
  0.462324 -0.0167875 -0.0157745   0.251073
-0.0167875  0.0446999  0.0105252 -0.0151534
-0.0157745  0.0105252  0.0344828  0.0103442
  0.251073 -0.0151534  0.0103442   0.458493
IMAGINARY
           0     0.023148   -0.0226218    0.0001572
   -0.023148            0    0.0169531 -0.000194363
   0.0226218   -0.0169531            0      0.02444
  -0.0001572  0.000194363     -0.02444            0
EndNode1[0]<--->Repeater1[0]
REAL
    0.45288  -0.0138551  0.00139845    0.261898
 -0.0138551   0.0353403 -0.00891008 -0.00870256
 0.00139845 -0.00891008   0.0484293  -0.0306336
   0.261898 -0.00870256  -0.0306336    0.463351
IMAGINARY
           0 -0.000192755   -0.0195583  -0.00295351
 0.000192755            0   0.00475857  -0.00999542
   0.0195583  -0.00475857            0    0.0152712
  0.00295351   0.00999542   -0.0152712            0
EndNode2[0]<--->HoM1[0]
REAL
    0.495289 -0.000140678    0.0137134     0.264171
-0.000140678    0.0417227   -0.0085565   -0.0117319
   0.0137134   -0.0085565     0.039031    0.0219372
    0.264171   -0.0117319    0.0219372     0.423957
IMAGINARY
           0    0.0103921   -0.0196142   0.00722171
  -0.0103921            0    0.0116577   0.00241518
   0.0196142   -0.0116577            0  0.000664442
 -0.00722171  -0.00241518 -0.000664442            0
Repeater1[0]<--->EndNode1[0]
REAL
    0.45288  0.00139845  -0.0138551    0.261898
 0.00139845   0.0484293 -0.00891008  -0.0306336
 -0.0138551 -0.00891008   0.0353403 -0.00870256
   0.261898  -0.0306336 -0.00870256    0.463351
IMAGINARY
           0   -0.0195583 -0.000192755  -0.00295351
   0.0195583            0  -0.00475857    0.0152712
 0.000192755   0.00475857            0  -0.00999542
  0.00295351   -0.0152712   0.00999542            0
Repeater1[0]<--->HoM1[0]
REAL
    0.495289    0.0137134 -0.000140678     0.264171
   0.0137134     0.039031   -0.0085565    0.0219372
-0.000140678   -0.0085565    0.0417227   -0.0117319
    0.264171    0.0219372   -0.0117319     0.423957
IMAGINARY
           0   -0.0196142    0.0103921   0.00722171
   0.0196142            0   -0.0116577  0.000664442
  -0.0103921    0.0116577            0   0.00241518
 -0.00722171 -0.000664442  -0.00241518            0
EndNode1[0]<--->Repeater1[0]
REAL
   0.473609  -0.0392139  -0.0137765    0.254994
 -0.0392139   0.0413695  0.00402644 -0.00297603
 -0.0137765  0.00402644    0.042796  0.00828608
   0.254994 -0.00297603  0.00828608    0.442225
IMAGINARY
           0 -0.000657746   -0.0158357  -0.00506107
 0.000657746            0    0.0284377   0.00744861
   0.0158357   -0.0284377            0   0.00259323
  0.00506107  -0.00744861  -0.00259323            0
EndNode2[0]<--->HoM1[0]
REAL
   0.444015 -0.00143118   0.0196051    0.285988
-0.00143118    0.043758  0.00391857 -0.00552056
  0.0196051  0.00391857   0.0592021 -0.00208994
   0.285988 -0.00552056 -0.00208994    0.453024
IMAGINARY
          0  0.00101991   -0.014049   0.0140704
-0.00101991           0 -0.00956593   0.0161179
   0.014049  0.00956593           0  0.00242836
 -0.0140704  -0.0161179 -0.00242836           0
Repeater1[0]<--->EndNode1[0]
REAL
   0.473609  -0.0137765  -0.0392139    0.254994
 -0.0137765    0.042796  0.00402644  0.00828608
 -0.0392139  0.00402644   0.0413695 -0.00297603
   0.254994  0.00828608 -0.00297603    0.442225
IMAGINARY
           0   -0.0158357 -0.000657746  -0.00506107
   0.0158357            0   -0.0284377   0.00259323
 0.000657746    0.0284377            0   0.00744861
  0.00506107  -0.00259323  -0.00744861            0
Repeater1[0]<--->HoM1[0]
REAL
   0.444015   0.0196051 -0.00143118    0.285988
  0.0196051   0.0592021  0.00391857 -0.00208994
-0.00143118  0.00391857    0.043758 -0.00552056
   0.285988 -0.00208994 -0.00552056    0.453024
IMAGINARY
          0   -0.014049  0.00101991   0.0140704
   0.014049           0  0.00956593  0.00242836
-0.00101991 -0.00956593           0   0.0161179
 -0.0140704 -0.00242836  -0.0161179           0
EndNode1[0]<--->Repeater1[0]
REAL
   0.435021  0.00860097   0.0225438    0.266767
 0.00860097   0.0560876  0.00533279 -0.00458799
  0.0225438  0.00533279   0.0383037  0.00797362
   0.266767 -0.00458799  0.00797362    0.470588
IMAGINARY
           0  -0.00334838    0.0149134  0.000861081
  0.00334838            0  -0.00346525    0.0227874
  -0.0149134   0.00346525            0   0.00149424
-0.000861081   -0.0227874  -0.00149424            0
EndNode2[0]<--->HoM1[0]
REAL
   0.446727    0.012799 -0.00210113    0.261891
   0.012799   0.0462131  0.00702755  -0.0195205
-0.00210113  0.00702755    0.042362  -0.0303665
   0.261891  -0.0195205  -0.0303665    0.464698
IMAGINARY
           0  0.000972763  -0.00529774    -0.023607
-0.000972763            0   -0.0285021    0.0020552
  0.00529774    0.0285021            0  0.000972763
    0.023607   -0.0020552 -0.000972763            0
Repeater1[0]<--->EndNode1[0]
REAL
   0.435021   0.0225438  0.00860097    0.266767
  0.0225438   0.0383037  0.00533279  0.00797362
 0.00860097  0.00533279   0.0560876 -0.00458799
   0.266767  0.00797362 -0.00458799    0.470588
IMAGINARY
           0    0.0149134  -0.00334838  0.000861081
  -0.0149134            0   0.00346525   0.00149424
  0.00334838  -0.00346525            0    0.0227874
-0.000861081  -0.00149424   -0.0227874            0
Repeater1[0]<--->HoM1[0]
REAL
   0.446727 -0.00210113    0.012799    0.261891
-0.00210113    0.042362  0.00702755  -0.0303665
   0.012799  0.00702755   0.0462131  -0.0195205
   0.261891  -0.0303665  -0.0195205    0.464698
IMAGINARY
           0  -0.00529774  0.000972763    -0.023607
  0.00529774            0    0.0285021  0.000972763
-0.000972763   -0.0285021            0    0.0020552
    0.023607 -0.000972763   -0.0020552            0
EndNode1[0]<--->Repeater1[0]
REAL
   0.477019  0.00940963  -0.0129136     0.26632
 0.00940963   0.0347826 -0.00536375  0.00693751
 -0.0129136 -0.00536375   0.0397516 -0.00210552
    0.26632  0.00693751 -0.00210552    0.448447
IMAGINARY
          0   0.0105234 -0.00796171  -0.0101718
 -0.0105234           0  -0.0121745  -0.0111709
 0.00796171   0.0121745           0   0.0098848
  0.0101718   0.0111709  -0.0098848           0
EndNode2[0]<--->HoM1[0]
REAL
   0.456376   -0.016969   0.0136401    0.264159
  -0.016969   0.0469799   0.0207469 -0.00546399
  0.0136401   0.0207469   0.0308725   0.0113086
   0.264159 -0.00546399   0.0113086    0.465772
IMAGINARY
          0  0.00117385  -0.0101127   -0.023214
-0.00117385           0   -0.013313  -0.0127722
  0.0101127    0.013313           0  0.00922837
   0.023214   0.0127722 -0.00922837           0
Repeater1[0]<--->EndNode1[0]
REAL
   0.477019  -0.0129136  0.00940963     0.26632
 -0.0129136   0.0397516 -0.00536375 -0.00210552
 0.00940963 -0.00536375   0.0347826  0.00693751
    0.26632 -0.00210552  0.00693751    0.448447
IMAGINARY
          0 -0.00796171   0.0105234  -0.0101718
 0.00796171           0   0.0121745   0.0098848
 -0.0105234  -0.0121745           0  -0.0111709
  0.0101718  -0.0098848   0.0111709           0
Repeater1[0]<--->HoM1[0]
REAL
   0.456376   0.0136401   -0.016969    0.264159
  0.0136401   0.0308725   0.0207469   0.0113086
  -0.016969   0.0207469   0.0469799 -0.00546399
   0.264159   0.0113086 -0.00546399    0.465772
IMAGINARY
          0  -0.0101127  0.00117385   -0.023214
  0.0101127           0    0.013313  0.00922837
-0.00117385   -0.013313           0  -0.0127722
   0.023214 -0.00922837   0.0127722           0
EndNode1[0]<--->Repeater1[0]
REAL
   0.460733 -0.00822121  0.00245911    0.262473
-0.00822121   0.0497382  0.00705862   0.0183742
 0.00245911  0.00705862   0.0405759   0.0173358
   0.262473   0.0183742   0.0173358    0.448953
IMAGINARY
          0   0.0111011 -0.00996292   0.0107479
 -0.0111011           0   0.0119794  -0.0174256
 0.00996292  -0.0119794           0   0.0137396
 -0.0107479   0.0174256  -0.0137396           0
EndNode2[0]<--->HoM1[0]
REAL
   0.458531  -0.0147188 -0.00656036    0.260493
 -0.0147188   0.0308057 -0.00883333  -0.0033998
-0.00656036 -0.00883333   0.0272512  0.00608662
   0.260493  -0.0033998  0.00608662    0.483412
IMAGINARY
          0  -0.0148984 -0.00883555  0.00802231
  0.0148984           0  0.00226047  0.00384802
 0.00883555 -0.00226047           0   0.0161452
-0.00802231 -0.00384802  -0.0161452           0
Repeater1[0]<--->EndNode1[0]
REAL
   0.460733  0.00245911 -0.00822121    0.262473
 0.00245911   0.0405759  0.00705862   0.0173358
-0.00822121  0.00705862   0.0497382   0.0183742
   0.262473   0.0173358   0.0183742    0.448953
IMAGINARY
          0 -0.00996292   0.0111011   0.0107479
 0.00996292           0  -0.0119794   0.0137396
 -0.0111011   0.0119794           0  -0.0174256
 -0.0107479  -0.0137396   0.0174256           0
Repeater1[0]<--->HoM1[0]
REAL
   0.458531 -0.00656036  -0.0147188    0.260493
-0.00656036   0.0272512 -0.00883333  0.00608662
 -0.0147188 -0.00883333   0.0308057  -0.0033998
   0.260493  0.00608662  -0.0033998    0.483412
IMAGINARY
          0 -0.00883555  -0.0148984  0.00802231
 0.00883555           0 -0.00226047   0.0161452
  0.0148984  0.00226047           0  0.00384802
-0.00802231  -0.0161452 -0.00384802           0
EndNode1[0]<--->Repeater1[0]
REAL
  0.442953 0.00798637  0.0144322   0.274395
0.00798637  0.0496644 0.00248648  0.0137936
 0.0144322 0.00248648  0.0496644  0.0041104
  0.274395  0.0137936  0.0041104   0.457718
IMAGINARY
          0  -0.0114591 -0.00422248 -0.00493948
  0.0114591           0  0.00234208 -0.00358064
 0.00422248 -0.00234208           0  0.00725745
 0.00493948  0.00358064 -0.00725745           0
EndNode2[0]<--->HoM1[0]
REAL
   0.497468 -0.00757689 -0.00546797    0.260852
-0.00757689   0.0405063   0.0121614   0.0136647
-0.00546797   0.0121614   0.0278481   -0.006925
   0.260852   0.0136647   -0.006925    0.434177
IMAGINARY
           0    -0.027244 -0.000138875  -0.00499502
    0.027244            0   0.00821253    0.0210813
 0.000138875  -0.00821253            0   0.00368381
  0.00499502   -0.0210813  -0.00368381            0
Repeater1[0]<--->EndNode1[0]
REAL
  0.442953  0.0144322 0.00798637   0.274395
 0.0144322  0.0496644 0.00248648  0.0041104
0.00798637 0.00248648  0.0496644  0.0137936
  0.274395  0.0041104  0.0137936   0.457718
IMAGINARY
          0 -0.00422248  -0.0114591 -0.00493948
 0.00422248           0 -0.00234208  0.00725745
  0.0114591  0.00234208           0 -0.00358064
 0.00493948 -0.00725745  0.00358064           0
Repeater1[0]<--->HoM1[0]
REAL
   0.497468 -0.00546797 -0.00757689    0.260852
-0.00546797   0.0278481   0.0121614   -0.006925
-0.00757689   0.0121614   0.0405063   0.0136647
   0.260852   -0.006925   0.0136647    0.434177
IMAGINARY
           0 -0.000138875    -0.027244  -0.00499502
 0.000138875            0  -0.00821253   0.00368381
    0.027244   0.00821253            0    0.0210813
  0.00499502  -0.00368381   -0.0210813            0
EndNode1[0]<--->Repeater1[0]
REAL
  0.439241 0.00899113  0.0227666   0.267878
0.00899113  0.0468354   0.020482  0.0182387
 0.0227666   0.020482  0.0417722  0.0134956
  0.267878  0.0182387  0.0134956   0.472152
IMAGINARY
           0    0.0357928 -0.000384826 -0.000944228
  -0.0357928            0 -0.000308904   0.00298899
 0.000384826  0.000308904            0   -0.0123553
 0.000944228  -0.00298899    0.0123553            0
EndNode2[0]<--->HoM1[0]
REAL
   0.462025  -0.0346306 -0.00587266    0.283406
 -0.0346306   0.0341772  0.00951652 -0.00395696
-0.00587266  0.00951652   0.0443038    0.024801
   0.283406 -0.00395696    0.024801    0.459494
IMAGINARY
           0   0.00963732   -0.0152558  -0.00925734
 -0.00963732            0   -0.0048878  -0.00425968
   0.0152558    0.0048878            0 -0.000888999
  0.00925734   0.00425968  0.000888999            0
Repeater1[0]<--->EndNode1[0]
REAL
  0.439241  0.0227666 0.00899113   0.267878
 0.0227666  0.0417722   0.020482  0.0134956
0.00899113   0.020482  0.0468354  0.0182387
  0.267878  0.0134956  0.0182387   0.472152
IMAGINARY
           0 -0.000384826    0.0357928 -0.000944228
 0.000384826            0  0.000308904   -0.0123553
  -0.0357928 -0.000308904            0   0.00298899
 0.000944228    0.0123553  -0.00298899            0
Repeater1[0]<--->HoM1[0]
REAL
   0.462025 -0.00587266  -0.0346306    0.283406
-0.00587266   0.0443038  0.00951652    0.024801
 -0.0346306  0.00951652   0.0341772 -0.00395696
   0.283406    0.024801 -0.00395696    0.459494
IMAGINARY
           0   -0.0152558   0.00963732  -0.00925734
   0.0152558            0    0.0048878 -0.000888999
 -0.00963732   -0.0048878            0  -0.00425968
  0.00925734  0.000888999   0.00425968            0
EndNode1[0]<--->Repeater1[0]
REAL
    0.479268  -0.00954689 -0.000885938      0.26714
 -0.00954689     0.047561   0.00529981  -0.00606729
-0.000885938   0.00529981     0.045122   0.00765056
     0.26714  -0.00606729   0.00765056     0.428049
IMAGINARY
          0  -0.0272806   0.0231261 -0.00734109
  0.0272806           0 -0.00541059 -0.00756448
 -0.0231261  0.00541059           0  0.00630626
 0.00734109  0.00756448 -0.00630626           0
EndNode2[0]<--->HoM1[0]
REAL
    0.48374  4.5674e-05 -0.00872063    0.279829
 4.5674e-05   0.0311653   0.0138422   0.0226447
-0.00872063   0.0138422   0.0352304 -0.00510897
   0.279829   0.0226447 -0.00510897    0.449864
IMAGINARY
          0   -0.016979   0.0157635  0.00553657
   0.016979           0  0.00801182 -0.00147783
 -0.0157635 -0.00801182           0 -0.00547001
-0.00553657  0.00147783  0.00547001           0
Repeater1[0]<--->EndNode1[0]
REAL
    0.479268 -0.000885938  -0.00954689      0.26714
-0.000885938     0.045122   0.00529981   0.00765056
 -0.00954689   0.00529981     0.047561  -0.00606729
     0.26714   0.00765056  -0.00606729     0.428049
IMAGINARY
          0   0.0231261  -0.0272806 -0.00734109
 -0.0231261           0  0.00541059  0.00630626
  0.0272806 -0.00541059           0 -0.00756448
 0.00734109 -0.00630626  0.00756448           0
Repeater1[0]<--->HoM1[0]
REAL
    0.48374 -0.00872063  4.5674e-05    0.279829
-0.00872063   0.0352304   0.0138422 -0.00510897
 4.5674e-05   0.0138422   0.0311653   0.0226447
   0.279829 -0.00510897   0.0226447    0.449864
IMAGINARY
          0   0.0157635   -0.016979  0.00553657
 -0.0157635           0 -0.00801182 -0.00547001
   0.016979  0.00801182           0 -0.00147783
-0.00553657  0.00547001  0.00147783           0
EndNode1[0]<--->Repeater1[0]
REAL
   0.454308 -0.00464798  -0.0202162     0.27265
-0.00464798   0.0274151  -0.0134394  -0.0126785
 -0.0202162  -0.0134394   0.0313316  -0.0111415
    0.27265  -0.0126785  -0.0111415    0.486945
IMAGINARY
           0    0.0043452 -0.000972673   0.00372226
  -0.0043452            0  -0.00502774   0.00490968
 0.000972673   0.00502774            0   -0.0122192
 -0.00372226  -0.00490968    0.0122192            0
EndNode2[0]<--->HoM1[0]
REAL
   0.501982  0.00937563   0.0140894    0.274349
 0.00937563   0.0317041   0.0079816   0.0147199
  0.0140894   0.0079816   0.0422721 -0.00617461
   0.274349   0.0147199 -0.00617461    0.424042
IMAGINARY
          0 -0.00535808  0.00451333  0.00756768
 0.00535808           0  0.00884646 -0.00515518
-0.00451333 -0.00884646           0  -0.0119718
-0.00756768  0.00515518   0.0119718           0
Repeater1[0]<--->EndNode1[0]
REAL
   0.454308  -0.0202162 -0.00464798     0.27265
 -0.0202162   0.0313316  -0.0134394  -0.0111415
-0.00464798  -0.0134394   0.0274151  -0.0126785
    0.27265  -0.0111415  -0.0126785    0.486945
IMAGINARY
           0 -0.000972673    0.0043452   0.00372226
 0.000972673            0   0.00502774   -0.0122192
  -0.0043452  -0.00502774            0   0.00490968
 -0.00372226    0.0122192  -0.00490968            0
Repeater1[0]<--->HoM1[0]
REAL
   0.501982   0.0140894  0.00937563    0.274349
  0.0140894   0.0422721   0.0079816 -0.00617461
 0.00937563   0.0079816   0.0317041   0.0147199
   0.274349 -0.00617461   0.0147199    0.424042
IMAGINARY
          0  0.00451333 -0.00535808  0.00756768
-0.00451333           0 -0.00884646  -0.0119718
 0.00535808  0.00884646           0 -0.00515518
-0.00756768   0.0119718  0.00515518           0
EndNode1[0]<--->Repeater1[0]
REAL
    0.48024 -0.00893913   0.0211841     0.26367
-0.00893913   0.0550898  -0.0174575  -0.0035073
  0.0211841  -0.0174575   0.0359281 -0.00494976
    0.26367  -0.0035073 -0.00494976    0.428743
IMAGINARY
          0 -0.00263065  -0.0146757 -0.00896145
 0.00263065           0   -0.013585 -0.00301764
  0.0146757    0.013585           0  -0.0098202
 0.00896145  0.00301764   0.0098202           0
EndNode2[0]<--->HoM1[0]
REAL
   0.466667  -0.0191774 -0.00836143    0.261651
 -0.0191774   0.0488095   0.0188687  0.00706273
-0.00836143   0.0188687   0.0357143   0.0139826
   0.261651  0.00706273   0.0139826     0.44881
IMAGINARY
          0   0.0144357 -0.00662791  0.00567757
 -0.0144357           0  -0.0328796   0.0250006
 0.00662791   0.0328796           0 -0.00918635
-0.00567757  -0.0250006  0.00918635           0
Repeater1[0]<--->EndNode1[0]
REAL
    0.48024   0.0211841 -0.00893913     0.26367
  0.0211841   0.0359281  -0.0174575 -0.00494976
-0.00893913  -0.0174575   0.0550898  -0.0035073
    0.26367 -0.00494976  -0.0035073    0.428743
IMAGINARY
          0  -0.0146757 -0.00263065 -0.00896145
  0.0146757           0    0.013585  -0.0098202
 0.00263065   -0.013585           0 -0.00301764
 0.00896145   0.0098202  0.00301764           0
Repeater1[0]<--->HoM1[0]
REAL
   0.466667 -0.00836143  -0.0191774    0.261651
-0.00836143   0.0357143   0.0188687   0.0139826
 -0.0191774   0.0188687   0.0488095  0.00706273
   0.261651   0.0139826  0.00706273     0.44881
IMAGINARY
          0 -0.00662791   0.0144357  0.00567757
 0.00662791           0   0.0328796 -0.00918635
 -0.0144357  -0.0328796           0   0.0250006
-0.00567757  0.00918635  -0.0250006           0
EndNode1[0]<--->Repeater1[0]
REAL
   0.426309  0.00477866  -0.0056709    0.263728
 0.00477866   0.0304507   0.0152772   0.0263891
 -0.0056709   0.0152772   0.0426309 -0.00339744
   0.263728   0.0263891 -0.00339744    0.500609
IMAGINARY
           0   0.00845519  -0.00433475 -0.000344916
 -0.00845519            0  0.000988417  -0.00248061
  0.00433475 -0.000988417            0   0.00207764
 0.000344916   0.00248061  -0.00207764            0
EndNode2[0]<--->HoM1[0]
REAL
  0.456522   0.026014   0.017883   0.276848
  0.026014  0.0407609 -0.0119966  0.0241962
  0.017883 -0.0119966  0.0434783 0.00863947
  0.276848  0.0241962 0.00863947   0.459239
IMAGINARY
           0   0.00458374   -0.0133012    0.0153914
 -0.00458374            0   0.00646287 -0.000642998
   0.0133012  -0.00646287            0   0.00272038
  -0.0153914  0.000642998  -0.00272038            0
Repeater1[0]<--->EndNode1[0]
REAL
   0.426309  -0.0056709  0.00477866    0.263728
 -0.0056709   0.0426309   0.0152772 -0.00339744
 0.00477866   0.0152772   0.0304507   0.0263891
   0.263728 -0.00339744   0.0263891    0.500609
IMAGINARY
           0  -0.00433475   0.00845519 -0.000344916
  0.00433475            0 -0.000988417   0.00207764
 -0.00845519  0.000988417            0  -0.00248061
 0.000344916  -0.00207764   0.00248061            0
Repeater1[0]<--->HoM1[0]
REAL
  0.456522   0.017883   0.026014   0.276848
  0.017883  0.0434783 -0.0119966 0.00863947
  0.026014 -0.0119966  0.0407609  0.0241962
  0.276848 0.00863947  0.0241962   0.459239
IMAGINARY
           0   -0.0133012   0.00458374    0.0153914
   0.0133012            0  -0.00646287   0.00272038
 -0.00458374   0.00646287            0 -0.000642998
  -0.0153914  -0.00272038  0.000642998            0
EndNode1[0]<--->Repeater1[0]
REAL
  0.470976  0.0088589  0.0138192   0.279103
 0.0088589  0.0369393 0.00321862   0.012566
 0.0138192 0.00321862  0.0395778  0.0188456
  0.279103   0.012566  0.0188456   0.452507
IMAGINARY
          0    0.016539  0.00717235   0.0126127
  -0.016539           0   0.0132385 -0.00782765
-0.00717235  -0.0132385           0  0.00115435
 -0.0126127  0.00782765 -0.00115435           0
EndNode2[0]<--->HoM1[0]
REAL
    0.49534  -0.0292108  -0.0190305    0.286568
 -0.0292108   0.0439414   0.0217853 0.000602995
 -0.0190305   0.0217853   0.0332889  0.00341232
   0.286568 0.000602995  0.00341232     0.42743
IMAGINARY
         0 -0.0100617  0.0133254  0.0134328
 0.0100617          0  0.0179373  0.0280675
-0.0133254 -0.0179373          0 -0.0221328
-0.0134328 -0.0280675  0.0221328          0
Repeater1[0]<--->EndNode1[0]
REAL
  0.470976  0.0138192  0.0088589   0.279103
 0.0138192  0.0395778 0.00321862  0.0188456
 0.0088589 0.00321862  0.0369393   0.012566
  0.279103  0.0188456   0.012566   0.452507
IMAGINARY
          0  0.00717235    0.016539   0.0126127
-0.00717235           0  -0.0132385  0.00115435
  -0.016539   0.0132385           0 -0.00782765
 -0.0126127 -0.00115435  0.00782765           0
Repeater1[0]<--->HoM1[0]
REAL
    0.49534  -0.0190305  -0.0292108    0.286568
 -0.0190305   0.0332889   0.0217853  0.00341232
 -0.0292108   0.0217853   0.0439414 0.000602995
   0.286568  0.00341232 0.000602995     0.42743
IMAGINARY
         0  0.0133254 -0.0100617  0.0134328
-0.0133254          0 -0.0179373 -0.0221328
 0.0100617  0.0179373          0  0.0280675
-0.0134328  0.0221328 -0.0280675          0
EndNode1[0]<--->Repeater1[0]
REAL
   0.448413  -0.0160441  -0.0021499    0.273821
 -0.0160441   0.0489418 -0.00235668  0.00341252
 -0.0021499 -0.00235668   0.0343915   0.0135189
   0.273821  0.00341252   0.0135189    0.468254
IMAGINARY
           0   0.00689896   -0.0149325    0.0150709
 -0.00689896            0   0.00294152   0.00577017
   0.0149325  -0.00294152            0  0.000954443
  -0.0150709  -0.00577017 -0.000954443            0
EndNode2[0]<--->HoM1[0]
REAL
   0.464698 -0.00634451  0.00728307    0.279775
-0.00634451   0.0410783  -0.0102382  -0.0145678
 0.00728307  -0.0102382   0.0487805  -0.0141853
   0.279775  -0.0145678  -0.0141853    0.445443
IMAGINARY
          0   0.0173458  -0.0272636   -0.012007
 -0.0173458           0  0.00298643  -0.0194714
  0.0272636 -0.00298643           0   0.0114634
   0.012007   0.0194714  -0.0114634           0
Repeater1[0]<--->EndNode1[0]
REAL
   0.448413  -0.0021499  -0.0160441    0.273821
 -0.0021499   0.0343915 -0.00235668   0.0135189
 -0.0160441 -0.00235668   0.0489418  0.00341252
   0.273821   0.0135189  0.00341252    0.468254
IMAGINARY
           0   -0.0149325   0.00689896    0.0150709
   0.0149325            0  -0.00294152  0.000954443
 -0.00689896   0.00294152            0   0.00577017
  -0.0150709 -0.000954443  -0.00577017            0
Repeater1[0]<--->HoM1[0]
REAL
   0.464698  0.00728307 -0.00634451    0.279775
 0.00728307   0.0487805  -0.0102382  -0.0141853
-0.00634451  -0.0102382   0.0410783  -0.0145678
   0.279775  -0.0141853  -0.0145678    0.445443
IMAGINARY
          0  -0.0272636   0.0173458   -0.012007
  0.0272636           0 -0.00298643   0.0114634
 -0.0173458  0.00298643           0  -0.0194714
   0.012007  -0.0114634   0.0194714           0
EndNode1[0]<--->Repeater1[0]
REAL
    0.432468  -0.00599618   0.00374352     0.264414
 -0.00599618    0.0441558  -0.00225225  -0.00509487
  0.00374352  -0.00225225    0.0519481 -0.000760577
    0.264414  -0.00509487 -0.000760577     0.471429
IMAGINARY
          0  0.00548594  0.00348428   0.0112126
-0.00548594           0 -0.00151009  -0.0248176
-0.00348428  0.00151009           0 -0.00415261
 -0.0112126   0.0248176  0.00415261           0
EndNode2[0]<--->HoM1[0]
REAL
   0.450809   0.0137876   0.0157048    0.276968
  0.0137876   0.0560399 -0.00754783  -0.0163213
  0.0157048 -0.00754783   0.0460772  0.00162545
   0.276968  -0.0163213  0.00162545    0.447073
IMAGINARY
          0  0.00768474  0.00291855  -0.0138004
-0.00768474           0 -0.00850935 -0.00743468
-0.00291855  0.00850935           0   0.0187669
  0.0138004  0.00743468  -0.0187669           0
Repeater1[0]<--->EndNode1[0]
REAL
    0.432468   0.00374352  -0.00599618     0.264414
  0.00374352    0.0519481  -0.00225225 -0.000760577
 -0.00599618  -0.00225225    0.0441558  -0.00509487
    0.264414 -0.000760577  -0.00509487     0.471429
IMAGINARY
          0  0.00348428  0.00548594   0.0112126
-0.00348428           0  0.00151009 -0.00415261
-0.00548594 -0.00151009           0  -0.0248176
 -0.0112126  0.00415261   0.0248176           0
Repeater1[0]<--->HoM1[0]
REAL
   0.450809   0.0157048   0.0137876    0.276968
  0.0157048   0.0460772 -0.00754783  0.00162545
  0.0137876 -0.00754783   0.0560399  -0.0163213
   0.276968  0.00162545  -0.0163213    0.447073
IMAGINARY
          0  0.00291855  0.00768474  -0.0138004
-0.00291855           0  0.00850935   0.0187669
-0.00768474 -0.00850935           0 -0.00743468
  0.0138004  -0.0187669  0.00743468           0
EndNode1[0]<--->Repeater1[0]
REAL
  0.453247  0.0139771 0.00423062    0.27517
 0.0139771  0.0441558 0.00940435  0.0183758
0.00423062 0.00940435  0.0337662  0.0112889
   0.27517  0.0183758  0.0112889   0.468831
IMAGINARY
          0  -0.0016575  -0.0102448  -0.0117351
  0.0016575           0 -0.00585279 -0.00455576
  0.0102448  0.00585279           0 -0.00670801
  0.0117351  0.00455576  0.00670801           0
EndNode2[0]<--->HoM1[0]
REAL
   0.479245 -0.00380583  0.00050775    0.265285
-0.00380583   0.0238994  0.00424614  -0.0174348
 0.00050775  0.00424614   0.0415094   0.0116183
   0.265285  -0.0174348   0.0116183    0.455346
IMAGINARY
          0  0.00222874  0.00857077  0.00920473
-0.00222874           0  0.00527803 -0.00727207
-0.00857077 -0.00527803           0  -0.0113196
-0.00920473  0.00727207   0.0113196           0
Repeater1[0]<--->EndNode1[0]
REAL
  0.453247 0.00423062  0.0139771    0.27517
0.00423062  0.0337662 0.00940435  0.0112889
 0.0139771 0.00940435  0.0441558  0.0183758
   0.27517  0.0112889  0.0183758   0.468831
IMAGINARY
          0  -0.0102448  -0.0016575  -0.0117351
  0.0102448           0  0.00585279 -0.00670801
  0.0016575 -0.00585279           0 -0.00455576
  0.0117351  0.00670801  0.00455576           0
Repeater1[0]<--->HoM1[0]
REAL
   0.479245  0.00050775 -0.00380583    0.265285
 0.00050775   0.0415094  0.00424614   0.0116183
-0.00380583  0.00424614   0.0238994  -0.0174348
   0.265285   0.0116183  -0.0174348    0.455346
IMAGINARY
          0  0.00857077  0.00222874  0.00920473
-0.00857077           0 -0.00527803  -0.0113196
-0.00222874  0.00527803           0 -0.00727207
-0.00920473   0.0113196  0.00727207           0
EndNode1[0]<--->Repeater1[0]
REAL
   0.478036  -0.0210962 -0.00714032    0.272863
 -0.0210962   0.0452196 -0.00373323  0.00186328
-0.00714032 -0.00373323   0.0413437  -0.0198009
   0.272863  0.00186328  -0.0198009    0.435401
IMAGINARY
          0 -0.00219415  -0.0012398   0.0035405
 0.00219415           0  0.00954851  -0.0200368
  0.0012398 -0.00954851           0 -0.00844415
 -0.0035405   0.0200368  0.00844415           0
EndNode2[0]<--->HoM1[0]
REAL
  0.480723  0.0137497  0.0171489   0.282971
 0.0137497  0.0433735  0.0344896 0.00533787
 0.0171489  0.0344896  0.0421687 -0.0150724
  0.282971 0.00533787 -0.0150724   0.433735
IMAGINARY
           0   -0.0140636  -0.00128663  0.000674931
   0.0140636            0   0.00196359   0.00918457
  0.00128663  -0.00196359            0   0.00981088
-0.000674931  -0.00918457  -0.00981088            0
Repeater1[0]<--->EndNode1[0]
REAL
   0.478036 -0.00714032  -0.0210962    0.272863
-0.00714032   0.0413437 -0.00373323  -0.0198009
 -0.0210962 -0.00373323   0.0452196  0.00186328
   0.272863  -0.0198009  0.00186328    0.435401
IMAGINARY
          0  -0.0012398 -0.00219415   0.0035405
  0.0012398           0 -0.00954851 -0.00844415
 0.00219415  0.00954851           0  -0.0200368
 -0.0035405  0.00844415   0.0200368           0
Repeater1[0]<--->HoM1[0]
REAL
  0.480723  0.0171489  0.0137497   0.282971
 0.0171489  0.0421687  0.0344896 -0.0150724
 0.0137497  0.0344896  0.0433735 0.00533787
  0.282971 -0.0150724 0.00533787   0.433735
IMAGINARY
           0  -0.00128663   -0.0140636  0.000674931
  0.00128663            0  -0.00196359   0.00981088
   0.0140636   0.00196359            0   0.00918457
-0.000674931  -0.00981088  -0.00918457            0
EndNode1[0]<--->Repeater1[0]
REAL
       0.44 -0.00585742  -0.0215067    0.278901
-0.00585742   0.0374194  -0.0106386 -0.00242275
 -0.0215067  -0.0106386    0.043871  0.00207909
   0.278901 -0.00242275  0.00207909     0.47871
IMAGINARY
          0  -0.0143272  -0.0126445   0.0227919
  0.0143272           0  0.00792704 -0.00167678
  0.0126445 -0.00792704           0  0.00249653
 -0.0227919  0.00167678 -0.00249653           0
EndNode2[0]<--->HoM1[0]
REAL
    0.456298    0.0108893  -0.00913838     0.277712
   0.0108893    0.0411311 -0.000211892   0.00913838
 -0.00913838 -0.000211892    0.0437018  -0.00588926
    0.277712   0.00913838  -0.00588926     0.458869
IMAGINARY
          0  0.00436195  0.00689556  0.00678154
-0.00436195           0  -0.0237528  -0.0154369
-0.00689556   0.0237528           0  -0.0234158
-0.00678154   0.0154369   0.0234158           0
Repeater1[0]<--->EndNode1[0]
REAL
       0.44  -0.0215067 -0.00585742    0.278901
 -0.0215067    0.043871  -0.0106386  0.00207909
-0.00585742  -0.0106386   0.0374194 -0.00242275
   0.278901  0.00207909 -0.00242275     0.47871
IMAGINARY
          0  -0.0126445  -0.0143272   0.0227919
  0.0126445           0 -0.00792704  0.00249653
  0.0143272  0.00792704           0 -0.00167678
 -0.0227919 -0.00249653  0.00167678           0
Repeater1[0]<--->HoM1[0]
REAL
    0.456298  -0.00913838    0.0108893     0.277712
 -0.00913838    0.0437018 -0.000211892  -0.00588926
   0.0108893 -0.000211892    0.0411311   0.00913838
    0.277712  -0.00588926   0.00913838     0.458869
IMAGINARY
          0  0.00689556  0.00436195  0.00678154
-0.00689556           0   0.0237528  -0.0234158
-0.00436195  -0.0237528           0  -0.0154369
-0.00678154   0.0234158   0.0154369           0
EndNode1[0]<--->Repeater1[0]
REAL
   0.445479 -0.00639487   0.0340369    0.256201
-0.00639487   0.0425532 -0.00520735 -0.00158654
  0.0340369 -0.00520735   0.0425532   0.0123551
   0.256201 -0.00158654   0.0123551    0.469415
IMAGINARY
          0  0.00983133   0.0173111  0.00633934
-0.00983133           0  0.00147316 -0.00492521
 -0.0173111 -0.00147316           0  -0.0104832
-0.00633934  0.00492521   0.0104832           0
EndNode2[0]<--->HoM1[0]
REAL
    0.448849    0.0196879 -0.000198804     0.268777
   0.0196879     0.044757   0.00167164   0.00547585
-0.000198804   0.00167164    0.0434783   -0.0170494
    0.268777   0.00547585   -0.0170494     0.462916
IMAGINARY
           0   -0.0110731 -0.000325047  -0.00788779
   0.0110731            0   0.00852636   -0.0062539
 0.000325047  -0.00852636            0   0.00580998
  0.00788779    0.0062539  -0.00580998            0
Repeater1[0]<--->EndNode1[0]
REAL
   0.445479   0.0340369 -0.00639487    0.256201
  0.0340369   0.0425532 -0.00520735   0.0123551
-0.00639487 -0.00520735   0.0425532 -0.00158654
   0.256201   0.0123551 -0.00158654    0.469415
IMAGINARY
          0   0.0173111  0.00983133  0.00633934
 -0.0173111           0 -0.00147316  -0.0104832
-0.00983133  0.00147316           0 -0.00492521
-0.00633934   0.0104832  0.00492521           0
Repeater1[0]<--->HoM1[0]
REAL
    0.448849 -0.000198804    0.0196879     0.268777
-0.000198804    0.0434783   0.00167164   -0.0170494
   0.0196879   0.00167164     0.044757   0.00547585
    0.268777   -0.0170494   0.00547585     0.462916
IMAGINARY
           0 -0.000325047   -0.0110731  -0.00788779
 0.000325047            0  -0.00852636   0.00580998
   0.0110731   0.00852636            0   -0.0062539
  0.00788779  -0.00580998    0.0062539            0
EndNode1[0]<--->Repeater1[0]
REAL
  0.422879  0.0155614 0.00883152    0.28632
 0.0155614  0.0449871 0.00580004 0.00883152
0.00883152 0.00580004  0.0616967 -0.0046918
   0.28632 0.00883152 -0.0046918   0.470437
IMAGINARY
           0  -0.00287103   -0.0026025   -0.0327606
  0.00287103            0    0.0153043   -0.0012936
   0.0026025   -0.0153043            0  0.000273626
   0.0327606    0.0012936 -0.000273626            0
EndNode2[0]<--->HoM1[0]
REAL
   0.465587   0.0123026 0.000439983    0.268566
  0.0123026   0.0418354 -0.00805691   0.0116619
0.000439983 -0.00805691   0.0364372 -0.00784396
   0.268566   0.0116619 -0.00784396     0.45614
IMAGINARY
           0   -0.0264638 -0.000727065  -0.00899137
   0.0264638            0   0.00162036   0.00592187
 0.000727065  -0.00162036            0   -0.0124973
  0.00899137  -0.00592187    0.0124973            0
Repeater1[0]<--->EndNode1[0]
REAL
  0.422879 0.00883152  0.0155614    0.28632
0.00883152  0.0616967 0.00580004 -0.0046918
 0.0155614 0.00580004  0.0449871 0.00883152
   0.28632 -0.0046918 0.00883152   0.470437
IMAGINARY
           0   -0.0026025  -0.00287103   -0.0327606
   0.0026025            0   -0.0153043  0.000273626
  0.00287103    0.0153043            0   -0.0012936
   0.0327606 -0.000273626    0.0012936            0
Repeater1[0]<--->HoM1[0]
REAL
   0.465587 0.000439983   0.0123026    0.268566
0.000439983   0.0364372 -0.00805691 -0.00784396
  0.0123026 -0.00805691   0.0418354   0.0116619
   0.268566 -0.00784396   0.0116619     0.45614
IMAGINARY
           0 -0.000727065   -0.0264638  -0.00899137
 0.000727065            0  -0.00162036   -0.0124973
   0.0264638   0.00162036            0   0.00592187
  0.00899137    0.0124973  -0.00592187            0
EndNode1[0]<--->Repeater1[0]
REAL
   0.44819   0.018129 0.00370597   0.262212
  0.018129  0.0349563 -0.0143544  0.0140419
0.00370597 -0.0143544  0.0411985 0.00696277
  0.262212  0.0140419 0.00696277   0.475655
IMAGINARY
          0 -0.00148755 -0.00329964   0.0208163
 0.00148755           0  -0.0201266  -0.0116867
 0.00329964   0.0201266           0 -0.00804923
 -0.0208163   0.0116867  0.00804923           0
EndNode2[0]<--->HoM1[0]
REAL
   0.448363  -0.0102616  0.00932741    0.262175
 -0.0102616   0.0528967  -0.0197896  -0.0156726
 0.00932741  -0.0197896   0.0428212 -0.00242873
   0.262175  -0.0156726 -0.00242873    0.455919
IMAGINARY
          0 -0.00721935  -0.0207918  0.00808367
 0.00721935           0   0.0125882  0.00127631
  0.0207918  -0.0125882           0   0.0294266
-0.00808367 -0.00127631  -0.0294266           0
Repeater1[0]<--->EndNode1[0]
REAL
   0.44819 0.00370597   0.018129   0.262212
0.00370597  0.0411985 -0.0143544 0.00696277
  0.018129 -0.0143544  0.0349563  0.0140419
  0.262212 0.00696277  0.0140419   0.475655
IMAGINARY
          0 -0.00329964 -0.00148755   0.0208163
 0.00329964           0   0.0201266 -0.00804923
 0.00148755  -0.0201266           0  -0.0116867
 -0.0208163  0.00804923   0.0116867           0
Repeater1[0]<--->HoM1[0]
REAL
   0.448363  0.00932741  -0.0102616    0.262175
 0.00932741   0.0428212  -0.0197896 -0.00242873
 -0.0102616  -0.0197896   0.0528967  -0.0156726
   0.262175 -0.00242873  -0.0156726    0.455919
IMAGINARY
          0  -0.0207918 -0.00721935  0.00808367
  0.0207918           0  -0.0125882   0.0294266
 0.00721935   0.0125882           0  0.00127631
-0.00808367  -0.0294266 -0.00127631           0
EndNode1[0]<--->Repeater1[0]
REAL
  0.455243 0.00934071  0.0103385    0.24747
0.00934071  0.0421995  0.0115504  0.0128574
 0.0103385  0.0115504  0.0434783  0.0125665
   0.24747  0.0128574  0.0125665   0.459079
IMAGINARY
          0   0.0055347   0.0115282    0.008674
 -0.0055347           0  0.00182469   -0.023418
 -0.0115282 -0.00182469           0   0.0101099
  -0.008674    0.023418  -0.0101099           0
EndNode2[0]<--->HoM1[0]
REAL
    0.43734   0.0176781   0.0182288    0.275377
  0.0176781   0.0370844   0.0196228  -0.0107288
  0.0182288   0.0196228    0.044757 -0.00267812
   0.275377  -0.0107288 -0.00267812    0.480818
IMAGINARY
          0   0.0100672   0.0181038  0.00509418
 -0.0100672           0   0.0123789   0.0100292
 -0.0181038  -0.0123789           0 -0.00878844
-0.00509418  -0.0100292  0.00878844           0
Repeater1[0]<--->EndNode1[0]
REAL
  0.455243  0.0103385 0.00934071    0.24747
 0.0103385  0.0434783  0.0115504  0.0125665
0.00934071  0.0115504  0.0421995  0.0128574
   0.24747  0.0125665  0.0128574   0.459079
IMAGINARY
          0   0.0115282   0.0055347    0.008674
 -0.0115282           0 -0.00182469   0.0101099
 -0.0055347  0.00182469           0   -0.023418
  -0.008674  -0.0101099    0.023418           0
Repeater1[0]<--->HoM1[0]
REAL
    0.43734   0.0182288   0.0176781    0.275377
  0.0182288    0.044757   0.0196228 -0.00267812
  0.0176781   0.0196228   0.0370844  -0.0107288
   0.275377 -0.00267812  -0.0107288    0.480818
IMAGINARY
          0   0.0181038   0.0100672  0.00509418
 -0.0181038           0  -0.0123789 -0.00878844
 -0.0100672   0.0123789           0   0.0100292
-0.00509418  0.00878844  -0.0100292           0
EndNode1[0]<--->Repeater1[0]
REAL
   0.468625 -0.00908067 -0.00614231    0.273246
-0.00908067   0.0293725  -0.0226195  0.00363605
-0.00614231  -0.0226195   0.0373832  0.00782754
   0.273246  0.00363605  0.00782754    0.464619
IMAGINARY
          0 -0.00285867 -0.00295638 -0.00386764
 0.00285867           0 -0.00257565  0.00554036
 0.00295638  0.00257565           0  -0.0178132
 0.00386764 -0.00554036   0.0178132           0
EndNode2[0]<--->HoM1[0]
REAL
  0.469309  0.0115918  0.0136072   0.265531
