EndNode1[0]<--->Repeater1[0]
REAL
  0.305063 -0.0109206 -0.0061442   0.197692
-0.0109206   0.192405  0.0671696  0.0054837
-0.0061442  0.0671696   0.167089  -0.013518
  0.197692  0.0054837  -0.013518   0.335443
IMAGINARY
           0  0.000918461   -0.0209698    -0.021817
-0.000918461            0  0.000460222  -0.00781195
   0.0209698 -0.000460222            0   -0.0015878
    0.021817   0.00781195    0.0015878            0
EndNode2[0]<--->HoM1[0]
REAL
  0.344692 -0.0064628  -0.012142    0.21923
-0.0064628   0.176933  0.0864983  -0.012142
 -0.012142  0.0864983   0.166448 -0.0153305
   0.21923  -0.012142 -0.0153305   0.311927
IMAGINARY
          0 -0.00211098  -0.0126353   0.0146248
 0.00211098           0  -0.0108654   0.0190786
  0.0126353   0.0108654           0  0.00211098
 -0.0146248  -0.0190786 -0.00211098           0
Repeater1[0]<--->EndNode1[0]
REAL
  0.305063 -0.0061442 -0.0109206   0.197692
-0.0061442   0.167089  0.0671696  -0.013518
-0.0109206  0.0671696   0.192405  0.0054837
  0.197692  -0.013518  0.0054837   0.335443
IMAGINARY
           0   -0.0209698  0.000918461    -0.021817
   0.0209698            0 -0.000460222   -0.0015878
-0.000918461  0.000460222            0  -0.00781195
    0.021817    0.0015878   0.00781195            0
Repeater1[0]<--->HoM1[0]
REAL
  0.344692  -0.012142 -0.0064628    0.21923
 -0.012142   0.166448  0.0864983 -0.0153305
-0.0064628  0.0864983   0.176933  -0.012142
   0.21923 -0.0153305  -0.012142   0.311927
IMAGINARY
          0  -0.0126353 -0.00211098   0.0146248
  0.0126353           0   0.0108654  0.00211098
 0.00211098  -0.0108654           0   0.0190786
 -0.0146248 -0.00211098  -0.0190786           0
EndNode1[0]<--->Repeater1[0]
REAL
  0.354545  0.0109897 -0.0131102   0.198114
 0.0109897   0.144156  0.0528694  0.0216292
-0.0131102  0.0528694   0.174026 -0.0181981
  0.198114  0.0216292 -0.0181981   0.327273
IMAGINARY
           0   0.00220713   -0.0179679   -0.0014938
 -0.00220713            0    -0.035664   -0.0167364
   0.0179679     0.035664            0 -0.000921782
   0.0014938    0.0167364  0.000921782            0
EndNode2[0]<--->HoM1[0]
REAL
    0.314721  -0.00888551   -0.0137669      0.22911
 -0.00888551     0.162437     0.067211  -0.00791512
  -0.0137669     0.067211     0.175127 -0.000969943
     0.22911  -0.00791512 -0.000969943     0.347716
IMAGINARY
          0 -0.00520661 -0.00935299  0.00297188
 0.00520661           0    0.024597   0.0217067
 0.00935299   -0.024597           0  -0.0071471
-0.00297188  -0.0217067   0.0071471           0
Repeater1[0]<--->EndNode1[0]
REAL
  0.354545 -0.0131102  0.0109897   0.198114
-0.0131102   0.174026  0.0528694 -0.0181981
 0.0109897  0.0528694   0.144156  0.0216292
  0.198114 -0.0181981  0.0216292   0.327273
IMAGINARY
           0   -0.0179679   0.00220713   -0.0014938
   0.0179679            0     0.035664 -0.000921782
 -0.00220713    -0.035664            0   -0.0167364
   0.0014938  0.000921782    0.0167364            0
Repeater1[0]<--->HoM1[0]
REAL
    0.314721   -0.0137669  -0.00888551      0.22911
  -0.0137669     0.175127     0.067211 -0.000969943
 -0.00888551     0.067211     0.162437  -0.00791512
     0.22911 -0.000969943  -0.00791512     0.347716
IMAGINARY
          0 -0.00935299 -0.00520661  0.00297188
 0.00935299           0   -0.024597  -0.0071471
 0.00520661    0.024597           0   0.0217067
-0.00297188   0.0071471  -0.0217067           0
EndNode1[0]<--->Repeater1[0]
REAL
    0.35397  0.00627148  0.00140115    0.227198
 0.00627148    0.165545   0.0605317 -0.00569563
 0.00140115   0.0605317    0.169583   0.0102929
   0.227198 -0.00569563   0.0102929    0.310902
IMAGINARY
          0 -0.00740295  -0.0149235   0.0331607
 0.00740295           0 -0.00130118  0.00200359
  0.0149235  0.00130118           0 -0.00293297
 -0.0331607 -0.00200359  0.00293297           0
EndNode2[0]<--->HoM1[0]
REAL
   0.352258 -0.00641871  0.00228909    0.226904
-0.00641871    0.170323   0.0517217 -0.00865042
 0.00228909   0.0517217    0.165161  0.00260191
   0.226904 -0.00865042  0.00260191    0.312258
IMAGINARY
           0   0.00621395  -0.00862202   -0.0108822
 -0.00621395            0   0.00675001  -0.00597652
  0.00862202  -0.00675001            0 -0.000131226
   0.0108822   0.00597652  0.000131226            0
Repeater1[0]<--->EndNode1[0]
REAL
    0.35397  0.00140115  0.00627148    0.227198
 0.00140115    0.169583   0.0605317   0.0102929
 0.00627148   0.0605317    0.165545 -0.00569563
   0.227198   0.0102929 -0.00569563    0.310902
IMAGINARY
          0  -0.0149235 -0.00740295   0.0331607
  0.0149235           0  0.00130118 -0.00293297
 0.00740295 -0.00130118           0  0.00200359
 -0.0331607  0.00293297 -0.00200359           0
Repeater1[0]<--->HoM1[0]
REAL
   0.352258  0.00228909 -0.00641871    0.226904
 0.00228909    0.165161   0.0517217  0.00260191
-0.00641871   0.0517217    0.170323 -0.00865042
   0.226904  0.00260191 -0.00865042    0.312258
IMAGINARY
           0  -0.00862202   0.00621395   -0.0108822
  0.00862202            0  -0.00675001 -0.000131226
 -0.00621395   0.00675001            0  -0.00597652
   0.0108822  0.000131226   0.00597652            0
EndNode1[0]<--->Repeater1[0]
REAL
   0.339552   0.0141119 -0.00065267    0.219341
  0.0141119    0.146766   0.0208485  0.00944834
-0.00065267   0.0208485    0.154229  -0.0107289
   0.219341  0.00944834  -0.0107289    0.359453
IMAGINARY
           0  -0.00384532  0.000567695   -0.0144827
  0.00384532            0    0.0029737   -0.0143868
-0.000567695   -0.0029737            0   -0.0250492
   0.0144827    0.0143868    0.0250492            0
EndNode2[0]<--->HoM1[0]
REAL
   0.352332 -0.00332696   0.0152049    0.216897
-0.00332696    0.160622   0.0581355  0.00755188
  0.0152049   0.0581355    0.156736  0.00397716
   0.216897  0.00755188  0.00397716    0.330311
IMAGINARY
          0   0.0159385  0.00355208   0.0139228
 -0.0159385           0  0.00358691  -0.0200211
-0.00355208 -0.00358691           0 -0.00869208
 -0.0139228   0.0200211  0.00869208           0
Repeater1[0]<--->EndNode1[0]
REAL
   0.339552 -0.00065267   0.0141119    0.219341
-0.00065267    0.154229   0.0208485  -0.0107289
  0.0141119   0.0208485    0.146766  0.00944834
   0.219341  -0.0107289  0.00944834    0.359453
IMAGINARY
           0  0.000567695  -0.00384532   -0.0144827
-0.000567695            0   -0.0029737   -0.0250492
  0.00384532    0.0029737            0   -0.0143868
   0.0144827    0.0250492    0.0143868            0
Repeater1[0]<--->HoM1[0]
REAL
   0.352332   0.0152049 -0.00332696    0.216897
  0.0152049    0.156736   0.0581355  0.00397716
-0.00332696   0.0581355    0.160622  0.00755188
   0.216897  0.00397716  0.00755188    0.330311
IMAGINARY
          0  0.00355208   0.0159385   0.0139228
-0.00355208           0 -0.00358691 -0.00869208
 -0.0159385  0.00358691           0  -0.0200211
 -0.0139228  0.00869208   0.0200211           0
EndNode1[0]<--->Repeater1[0]
REAL
  0.302234  0.0188753  0.0223937   0.213597
 0.0188753   0.160315  0.0581562 0.00597956
 0.0223937  0.0581562   0.169514 0.00823697
  0.213597 0.00597956 0.00823697   0.367937
IMAGINARY
           0    0.0131858    0.0129534   -0.0108184
  -0.0131858            0  0.000439884    0.0129534
  -0.0129534 -0.000439884            0   0.00753961
   0.0108184   -0.0129534  -0.00753961            0
EndNode2[0]<--->HoM1[0]
REAL
   0.332046   0.0216177  0.00504986    0.200036
  0.0216177    0.168597   0.0559686  0.00443181
 0.00504986   0.0559686    0.158301 -0.00328649
   0.200036  0.00443181 -0.00328649    0.341055
IMAGINARY
          0   0.0137127  0.00670361 -0.00981675
 -0.0137127           0 -0.00196335 -0.00996306
-0.00670361  0.00196335           0 -0.00393435
 0.00981675  0.00996306  0.00393435           0
Repeater1[0]<--->EndNode1[0]
REAL
  0.302234  0.0223937  0.0188753   0.213597
 0.0223937   0.169514  0.0581562 0.00823697
 0.0188753  0.0581562   0.160315 0.00597956
  0.213597 0.00823697 0.00597956   0.367937
IMAGINARY
           0    0.0129534    0.0131858   -0.0108184
  -0.0129534            0 -0.000439884   0.00753961
  -0.0131858  0.000439884            0    0.0129534
   0.0108184  -0.00753961   -0.0129534            0
Repeater1[0]<--->HoM1[0]
REAL
   0.332046  0.00504986   0.0216177    0.200036
 0.00504986    0.158301   0.0559686 -0.00328649
  0.0216177   0.0559686    0.168597  0.00443181
   0.200036 -0.00328649  0.00443181    0.341055
IMAGINARY
          0  0.00670361   0.0137127 -0.00981675
-0.00670361           0  0.00196335 -0.00393435
 -0.0137127 -0.00196335           0 -0.00996306
 0.00981675  0.00393435  0.00996306           0
EndNode1[0]<--->Repeater1[0]
REAL
    0.33291 -0.00538686  -0.0132124    0.210271
-0.00538686    0.171537   0.0374995   0.0011105
 -0.0132124   0.0374995    0.180432 -0.00926283
   0.210271   0.0011105 -0.00926283    0.315121
IMAGINARY
           0    0.0172827    0.0166706  0.000758028
  -0.0172827            0   -0.0189872   0.00591792
  -0.0166706    0.0189872            0    0.0211788
-0.000758028  -0.00591792   -0.0211788            0
EndNode2[0]<--->HoM1[0]
REAL
  0.335411 0.00410405 -0.0110811   0.228866
0.00410405   0.169576   0.054447  0.0117037
-0.0110811   0.054447   0.165835 0.00897192
  0.228866  0.0117037 0.00897192   0.329177
IMAGINARY
          0  0.00608025 -0.00781266 -0.00228532
-0.00608025           0  0.00415798  0.00393669
 0.00781266 -0.00415798           0   0.0236355
 0.00228532 -0.00393669  -0.0236355           0
Repeater1[0]<--->EndNode1[0]
REAL
    0.33291  -0.0132124 -0.00538686    0.210271
 -0.0132124    0.180432   0.0374995 -0.00926283
-0.00538686   0.0374995    0.171537   0.0011105
   0.210271 -0.00926283   0.0011105    0.315121
IMAGINARY
           0    0.0166706    0.0172827  0.000758028
  -0.0166706            0    0.0189872    0.0211788
  -0.0172827   -0.0189872            0   0.00591792
-0.000758028   -0.0211788  -0.00591792            0
Repeater1[0]<--->HoM1[0]
REAL
  0.335411 -0.0110811 0.00410405   0.228866
-0.0110811   0.165835   0.054447 0.00897192
0.00410405   0.054447   0.169576  0.0117037
  0.228866 0.00897192  0.0117037   0.329177
IMAGINARY
          0 -0.00781266  0.00608025 -0.00228532
 0.00781266           0 -0.00415798   0.0236355
-0.00608025  0.00415798           0  0.00393669
 0.00228532  -0.0236355 -0.00393669           0
EndNode1[0]<--->Repeater1[0]
REAL
   0.330226  -0.0127087  0.00786208    0.226406
 -0.0127087    0.203728   0.0454771 -0.00653582
 0.00786208   0.0454771    0.171771 -0.00453264
   0.226406 -0.00653582 -0.00453264    0.294274
IMAGINARY
          0  0.00042919  -0.0360588   0.0124238
-0.00042919           0 -0.00525299   0.0262789
  0.0360588  0.00525299           0 -0.00654166
 -0.0124238  -0.0262789  0.00654166           0
EndNode2[0]<--->HoM1[0]
REAL
   0.33812 0.00452434 0.00574484   0.223365
0.00452434   0.160574  0.0626268  0.0130619
0.00574484  0.0626268   0.184073  0.0103914
  0.223365  0.0130619  0.0103914   0.317232
IMAGINARY
          0  0.00845852  0.00533917  -0.0097947
-0.00845852           0   0.0135076   0.0144967
-0.00533917  -0.0135076           0 -0.00914252
  0.0097947  -0.0144967  0.00914252           0
Repeater1[0]<--->EndNode1[0]
REAL
   0.330226  0.00786208  -0.0127087    0.226406
 0.00786208    0.171771   0.0454771 -0.00453264
 -0.0127087   0.0454771    0.203728 -0.00653582
   0.226406 -0.00453264 -0.00653582    0.294274
IMAGINARY
          0  -0.0360588  0.00042919   0.0124238
  0.0360588           0  0.00525299 -0.00654166
-0.00042919 -0.00525299           0   0.0262789
 -0.0124238  0.00654166  -0.0262789           0
Repeater1[0]<--->HoM1[0]
REAL
   0.33812 0.00574484 0.00452434   0.223365
0.00574484   0.184073  0.0626268  0.0103914
0.00452434  0.0626268   0.160574  0.0130619
  0.223365  0.0103914  0.0130619   0.317232
IMAGINARY
          0  0.00533917  0.00845852  -0.0097947
-0.00533917           0  -0.0135076 -0.00914252
-0.00845852   0.0135076           0   0.0144967
  0.0097947  0.00914252  -0.0144967           0
EndNode1[0]<--->Repeater1[0]
REAL
   0.325786  0.00294488 -0.00871305    0.244065
 0.00294488    0.179874   0.0572091   0.0271844
-0.00871305   0.0572091    0.173585  0.00788315
   0.244065   0.0271844  0.00788315    0.320755
IMAGINARY
           0  -0.00357557   -0.0277416    0.0123904
  0.00357557            0  -0.00253496  -0.00576357
   0.0277416   0.00253496            0 -0.000290414
  -0.0123904   0.00576357  0.000290414            0
EndNode2[0]<--->HoM1[0]
REAL
    0.320261 -0.000256046    0.0141637     0.202452
-0.000256046      0.16732    0.0742981    0.0129168
   0.0141637    0.0742981     0.184314    0.0207316
    0.202452    0.0129168    0.0207316     0.328105
IMAGINARY
          0   0.0122149   0.0127722  -0.0155372
 -0.0122149           0  0.00603146  0.00914019
 -0.0127722 -0.00603146           0 -0.00756682
  0.0155372 -0.00914019  0.00756682           0
Repeater1[0]<--->EndNode1[0]
REAL
   0.325786 -0.00871305  0.00294488    0.244065
-0.00871305    0.173585   0.0572091  0.00788315
 0.00294488   0.0572091    0.179874   0.0271844
   0.244065  0.00788315   0.0271844    0.320755
IMAGINARY
           0   -0.0277416  -0.00357557    0.0123904
   0.0277416            0   0.00253496 -0.000290414
  0.00357557  -0.00253496            0  -0.00576357
  -0.0123904  0.000290414   0.00576357            0
Repeater1[0]<--->HoM1[0]
REAL
    0.320261    0.0141637 -0.000256046     0.202452
   0.0141637     0.184314    0.0742981    0.0207316
-0.000256046    0.0742981      0.16732    0.0129168
    0.202452    0.0207316    0.0129168     0.328105
IMAGINARY
          0   0.0127722   0.0122149  -0.0155372
 -0.0127722           0 -0.00603146 -0.00756682
 -0.0122149  0.00603146           0  0.00914019
  0.0155372  0.00756682 -0.00914019           0
EndNode1[0]<--->Repeater1[0]
REAL
    0.371324 -0.000941156  -0.00649067     0.236579
-0.000941156     0.178922    0.0610402  -0.00276859
 -0.00649067    0.0610402     0.156863   0.00358666
    0.236579  -0.00276859   0.00358666     0.292892
IMAGINARY
          0   0.0129911 -0.00593203   -0.019153
 -0.0129911           0  0.00947554 -0.00991081
 0.00593203 -0.00947554           0   0.0129911
   0.019153  0.00991081  -0.0129911           0
EndNode2[0]<--->HoM1[0]
REAL
  0.314981   -0.01222 0.00963339   0.236906
  -0.01222   0.151088  0.0487187 -0.0102639
0.00963339  0.0487187   0.201024  0.0115895
  0.236906 -0.0102639  0.0115895   0.332907
IMAGINARY
          0  -0.0178144      0.0102 -0.00436393
  0.0178144           0 -0.00129645  0.00628353
    -0.0102  0.00129645           0 -0.00828452
 0.00436393 -0.00628353  0.00828452           0
Repeater1[0]<--->EndNode1[0]
REAL
    0.371324  -0.00649067 -0.000941156     0.236579
 -0.00649067     0.156863    0.0610402   0.00358666
-0.000941156    0.0610402     0.178922  -0.00276859
    0.236579   0.00358666  -0.00276859     0.292892
IMAGINARY
          0 -0.00593203   0.0129911   -0.019153
 0.00593203           0 -0.00947554   0.0129911
 -0.0129911  0.00947554           0 -0.00991081
   0.019153  -0.0129911  0.00991081           0
Repeater1[0]<--->HoM1[0]
REAL
  0.314981 0.00963339   -0.01222   0.236906
0.00963339   0.201024  0.0487187  0.0115895
  -0.01222  0.0487187   0.151088 -0.0102639
  0.236906  0.0115895 -0.0102639   0.332907
IMAGINARY
          0      0.0102  -0.0178144 -0.00436393
    -0.0102           0  0.00129645 -0.00828452
  0.0178144 -0.00129645           0  0.00628353
 0.00436393  0.00828452 -0.00628353           0
EndNode1[0]<--->Repeater1[0]
REAL
   0.337366 -0.00824541 -0.00945473    0.213477
-0.00824541     0.16129    0.074985 -0.00208373
-0.00945473    0.074985    0.153226   -0.002011
   0.213477 -0.00208373   -0.002011    0.348118
IMAGINARY
          0    0.019858 -0.00487054  -0.0106715
  -0.019858           0  0.00495354  -0.0139851
 0.00487054 -0.00495354           0  -0.0218086
  0.0106715   0.0139851   0.0218086           0
EndNode2[0]<--->HoM1[0]
REAL
   0.342003 -0.00636364  -0.0117642    0.197855
-0.00636364    0.178153   0.0500235   0.0257035
 -0.0117642   0.0500235    0.153446 -0.00636364
   0.197855   0.0257035 -0.00636364    0.326398
IMAGINARY
          0  -0.0128795  0.00140076  -0.0155877
  0.0128795           0   0.0189166   0.0123969
-0.00140076  -0.0189166           0 -0.00354621
  0.0155877  -0.0123969  0.00354621           0
Repeater1[0]<--->EndNode1[0]
REAL
   0.337366 -0.00945473 -0.00824541    0.213477
-0.00945473    0.153226    0.074985   -0.002011
-0.00824541    0.074985     0.16129 -0.00208373
   0.213477   -0.002011 -0.00208373    0.348118
IMAGINARY
          0 -0.00487054    0.019858  -0.0106715
 0.00487054           0 -0.00495354  -0.0218086
  -0.019858  0.00495354           0  -0.0139851
  0.0106715   0.0218086   0.0139851           0
Repeater1[0]<--->HoM1[0]
REAL
   0.342003  -0.0117642 -0.00636364    0.197855
 -0.0117642    0.153446   0.0500235 -0.00636364
-0.00636364   0.0500235    0.178153   0.0257035
   0.197855 -0.00636364   0.0257035    0.326398
IMAGINARY
          0  0.00140076  -0.0128795  -0.0155877
-0.00140076           0  -0.0189166 -0.00354621
  0.0128795   0.0189166           0   0.0123969
  0.0155877  0.00354621  -0.0123969           0
EndNode1[0]<--->Repeater1[0]
REAL
   0.34122 -0.0177975 -0.0106415    0.21615
-0.0177975   0.173101  0.0621523 -0.0153019
-0.0106415  0.0621523   0.158157 -0.0057874
   0.21615 -0.0153019 -0.0057874   0.327522
IMAGINARY
          0  0.00947977  -0.0137589   0.0028629
-0.00947977           0 -0.00678961  -0.0117981
  0.0137589  0.00678961           0   0.0108348
 -0.0028629   0.0117981  -0.0108348           0
EndNode2[0]<--->HoM1[0]
REAL
   0.330719 -0.00854212   0.0168346    0.250934
-0.00854212     0.16732    0.058226 -0.00283972
  0.0168346    0.058226    0.185621    0.017448
   0.250934 -0.00283972    0.017448     0.31634
IMAGINARY
          0  -0.0105882   0.0250284  0.00320505
  0.0105882           0   0.0127592  0.00622163
 -0.0250284  -0.0127592           0 -0.00243262
-0.00320505 -0.00622163  0.00243262           0
Repeater1[0]<--->EndNode1[0]
REAL
   0.34122 -0.0106415 -0.0177975    0.21615
-0.0106415   0.158157  0.0621523 -0.0057874
-0.0177975  0.0621523   0.173101 -0.0153019
   0.21615 -0.0057874 -0.0153019   0.327522
IMAGINARY
          0  -0.0137589  0.00947977   0.0028629
  0.0137589           0  0.00678961   0.0108348
-0.00947977 -0.00678961           0  -0.0117981
 -0.0028629  -0.0108348   0.0117981           0
Repeater1[0]<--->HoM1[0]
REAL
   0.330719   0.0168346 -0.00854212    0.250934
  0.0168346    0.185621    0.058226    0.017448
-0.00854212    0.058226     0.16732 -0.00283972
   0.250934    0.017448 -0.00283972     0.31634
IMAGINARY
          0   0.0250284  -0.0105882  0.00320505
 -0.0250284           0  -0.0127592 -0.00243262
  0.0105882   0.0127592           0  0.00622163
-0.00320505  0.00243262 -0.00622163           0
EndNode1[0]<--->Repeater1[0]
REAL
   0.311284  0.00423395   0.0107359    0.220815
 0.00423395    0.181582   0.0494201 -0.00681941
  0.0107359   0.0494201    0.164721  0.00229346
   0.220815 -0.00681941  0.00229346    0.342412
IMAGINARY
          0 -0.00863988   0.0016377 -0.00727655
 0.00863988           0  0.00208174   0.0054545
 -0.0016377 -0.00208174           0  0.00627581
 0.00727655  -0.0054545 -0.00627581           0
EndNode2[0]<--->HoM1[0]
REAL
   0.351064  0.00517819 -0.00149456    0.220894
 0.00517819    0.196809   0.0720288   0.0047711
-0.00149456   0.0720288    0.155585 0.000719587
   0.220894   0.0047711 0.000719587    0.296543
IMAGINARY
          0  0.00745227 -0.00164884  0.00999885
-0.00745227           0  -0.0113466  0.00365151
 0.00164884   0.0113466           0  -0.0134603
-0.00999885 -0.00365151   0.0134603           0
Repeater1[0]<--->EndNode1[0]
REAL
   0.311284   0.0107359  0.00423395    0.220815
  0.0107359    0.164721   0.0494201  0.00229346
 0.00423395   0.0494201    0.181582 -0.00681941
   0.220815  0.00229346 -0.00681941    0.342412
IMAGINARY
          0   0.0016377 -0.00863988 -0.00727655
 -0.0016377           0 -0.00208174  0.00627581
 0.00863988  0.00208174           0   0.0054545
 0.00727655 -0.00627581  -0.0054545           0
Repeater1[0]<--->HoM1[0]
REAL
   0.351064 -0.00149456  0.00517819    0.220894
-0.00149456    0.155585   0.0720288 0.000719587
 0.00517819   0.0720288    0.196809   0.0047711
   0.220894 0.000719587   0.0047711    0.296543
IMAGINARY
          0 -0.00164884  0.00745227  0.00999885
 0.00164884           0   0.0113466  -0.0134603
-0.00745227  -0.0113466           0  0.00365151
-0.00999885   0.0134603 -0.00365151           0
EndNode1[0]<--->Repeater1[0]
REAL
  0.364796 0.00347118 0.00883113   0.195615
0.00347118   0.154337   0.071705  0.0101231
0.00883113   0.071705   0.154337 -0.0106607
  0.195615  0.0101231 -0.0106607   0.326531
IMAGINARY
           0   -0.0122125    0.0204749    0.0304514
   0.0122125            0   0.00494117   0.00629967
  -0.0204749  -0.00494117            0  0.000381912
  -0.0304514  -0.00629967 -0.000381912            0
EndNode2[0]<--->HoM1[0]
REAL
   0.327785  0.00735922 -0.00442536    0.222044
 0.00735922    0.192061   0.0683008  0.00235639
-0.00442536   0.0683008    0.167734  -0.0121868
   0.222044  0.00235639  -0.0121868     0.31242
IMAGINARY
           0 -0.000523733  -0.00435391   0.00774432
 0.000523733            0  0.000535933   -0.0116889
  0.00435391 -0.000535933            0   0.00720823
 -0.00774432    0.0116889  -0.00720823            0
Repeater1[0]<--->EndNode1[0]
REAL
  0.364796 0.00883113 0.00347118   0.195615
0.00883113   0.154337   0.071705 -0.0106607
0.00347118   0.071705   0.154337  0.0101231
  0.195615 -0.0106607  0.0101231   0.326531
IMAGINARY
           0    0.0204749   -0.0122125    0.0304514
  -0.0204749            0  -0.00494117  0.000381912
   0.0122125   0.00494117            0   0.00629967
  -0.0304514 -0.000381912  -0.00629967            0
Repeater1[0]<--->HoM1[0]
REAL
   0.327785 -0.00442536  0.00735922    0.222044
-0.00442536    0.167734   0.0683008  -0.0121868
 0.00735922   0.0683008    0.192061  0.00235639
   0.222044  -0.0121868  0.00235639     0.31242
IMAGINARY
           0  -0.00435391 -0.000523733   0.00774432
  0.00435391            0 -0.000535933   0.00720823
 0.000523733  0.000535933            0   -0.0116889
 -0.00774432  -0.00720823    0.0116889            0
EndNode1[0]<--->Repeater1[0]
REAL
   0.346154   0.0029352   -0.014961    0.216824
  0.0029352    0.174938   0.0487623  0.00872658
  -0.014961   0.0487623    0.174938 -0.00168832
   0.216824  0.00872658 -0.00168832     0.30397
IMAGINARY
          0  0.00468455  0.00497047  -0.0118397
-0.00468455           0 -0.00495613 -0.00566782
-0.00497047  0.00495613           0  -0.0011978
  0.0118397  0.00566782   0.0011978           0
EndNode2[0]<--->HoM1[0]
REAL
  0.367758 0.00184739 0.00815702     0.2233
0.00184739   0.178841    0.07646 0.00623147
0.00815702    0.07646   0.173804  0.0185363
    0.2233 0.00623147  0.0185363   0.279597
IMAGINARY
          0 -0.00171724  0.00536365  -0.0165884
 0.00171724           0 -0.00346506   0.0225174
-0.00536365  0.00346506           0  0.00233682
  0.0165884  -0.0225174 -0.00233682           0
Repeater1[0]<--->EndNode1[0]
REAL
   0.346154   -0.014961   0.0029352    0.216824
  -0.014961    0.174938   0.0487623 -0.00168832
  0.0029352   0.0487623    0.174938  0.00872658
   0.216824 -0.00168832  0.00872658     0.30397
IMAGINARY
          0  0.00497047  0.00468455  -0.0118397
-0.00497047           0  0.00495613  -0.0011978
-0.00468455 -0.00495613           0 -0.00566782
  0.0118397   0.0011978  0.00566782           0
Repeater1[0]<--->HoM1[0]
REAL
  0.367758 0.00815702 0.00184739     0.2233
0.00815702   0.173804    0.07646  0.0185363
0.00184739    0.07646   0.178841 0.00623147
    0.2233  0.0185363 0.00623147   0.279597
IMAGINARY
          0  0.00536365 -0.00171724  -0.0165884
-0.00536365           0  0.00346506  0.00233682
 0.00171724 -0.00346506           0   0.0225174
  0.0165884 -0.00233682  -0.0225174           0
EndNode1[0]<--->Repeater1[0]
REAL
   0.336815   0.0185029  -0.0101088    0.214666
  0.0185029    0.174935   0.0529742 -0.00570628
 -0.0101088   0.0529742    0.172324 -0.00390432
   0.214666 -0.00570628 -0.00390432    0.315927
IMAGINARY
          0 -0.00088171 -0.00957885   0.0143956
 0.00088171           0  -0.0124141  -0.0152968
 0.00957885   0.0124141           0  0.00585683
 -0.0143956   0.0152968 -0.00585683           0
EndNode2[0]<--->HoM1[0]
REAL
   0.327522   0.0178772   0.0106254    0.221327
  0.0178772    0.183064   0.0696563 -0.00789314
  0.0106254   0.0696563    0.178082  0.00261464
   0.221327 -0.00789314  0.00261464    0.311333
IMAGINARY
          0  0.00274026 -0.00564935  0.00952617
-0.00274026           0  0.00322894    0.004364
 0.00564935 -0.00322894           0  -0.0104523
-0.00952617   -0.004364   0.0104523           0
Repeater1[0]<--->EndNode1[0]
REAL
   0.336815  -0.0101088   0.0185029    0.214666
 -0.0101088    0.172324   0.0529742 -0.00390432
  0.0185029   0.0529742    0.174935 -0.00570628
   0.214666 -0.00390432 -0.00570628    0.315927
IMAGINARY
          0 -0.00957885 -0.00088171   0.0143956
 0.00957885           0   0.0124141  0.00585683
 0.00088171  -0.0124141           0  -0.0152968
 -0.0143956 -0.00585683   0.0152968           0
Repeater1[0]<--->HoM1[0]
REAL
   0.327522   0.0106254   0.0178772    0.221327
  0.0106254    0.178082   0.0696563  0.00261464
  0.0178772   0.0696563    0.183064 -0.00789314
   0.221327  0.00261464 -0.00789314    0.311333
IMAGINARY
          0 -0.00564935  0.00274026  0.00952617
 0.00564935           0 -0.00322894  -0.0104523
-0.00274026  0.00322894           0    0.004364
-0.00952617   0.0104523   -0.004364           0
EndNode1[0]<--->Repeater1[0]
REAL
  0.342377  0.0197519 -0.0125807   0.213238
 0.0197519   0.174419  0.0461411 0.00417189
-0.0125807  0.0461411   0.143411 -0.0100494
  0.213238 0.00417189 -0.0100494   0.339793
IMAGINARY
           0 -0.000550261   0.00514773 -0.000572658
 0.000550261            0   -0.0101512   0.00452969
 -0.00514773    0.0101512            0   0.00377607
 0.000572658  -0.00452969  -0.00377607            0
EndNode2[0]<--->HoM1[0]
REAL
   0.334225  0.00389275  -0.0236333    0.231636
 0.00389275    0.180481   0.0536472  0.00372984
 -0.0236333   0.0536472    0.168449 -0.00208334
   0.231636  0.00372984 -0.00208334    0.316845
IMAGINARY
           0  -0.00536221   0.00335004    0.0113815
  0.00536221            0  0.000689666    0.0156717
 -0.00335004 -0.000689666            0    0.0094383
  -0.0113815   -0.0156717   -0.0094383            0
Repeater1[0]<--->EndNode1[0]
REAL
  0.342377 -0.0125807  0.0197519   0.213238
-0.0125807   0.143411  0.0461411 -0.0100494
 0.0197519  0.0461411   0.174419 0.00417189
  0.213238 -0.0100494 0.00417189   0.339793
IMAGINARY
           0   0.00514773 -0.000550261 -0.000572658
 -0.00514773            0    0.0101512   0.00377607
 0.000550261   -0.0101512            0   0.00452969
 0.000572658  -0.00377607  -0.00452969            0
Repeater1[0]<--->HoM1[0]
REAL
   0.334225  -0.0236333  0.00389275    0.231636
 -0.0236333    0.168449   0.0536472 -0.00208334
 0.00389275   0.0536472    0.180481  0.00372984
   0.231636 -0.00208334  0.00372984    0.316845
IMAGINARY
           0   0.00335004  -0.00536221    0.0113815
 -0.00335004            0 -0.000689666    0.0094383
  0.00536221  0.000689666            0    0.0156717
  -0.0113815   -0.0094383   -0.0156717            0
EndNode1[0]<--->Repeater1[0]
REAL
   0.327001 -0.00160634  -0.0106679     0.21856
-0.00160634    0.176391   0.0497943  -0.0197118
 -0.0106679   0.0497943    0.173677 -0.00219113
    0.21856  -0.0197118 -0.00219113    0.322931
IMAGINARY
          0  0.00525855 -0.00118641  0.00041114
-0.00525855           0 -0.00433784 -0.00762971
 0.00118641  0.00433784           0   0.0123737
-0.00041114  0.00762971  -0.0123737           0
EndNode2[0]<--->HoM1[0]
REAL
   0.332085   0.0140822 -0.00072987    0.230521
  0.0140822    0.161049   0.0810366  0.00826756
-0.00072987   0.0810366     0.17603 0.000993186
   0.230521  0.00826756 0.000993186    0.330836
IMAGINARY
          0  0.00868141  -0.0202988  0.00439154
-0.00868141           0  -0.0161928   0.0151442
  0.0202988   0.0161928           0  0.00935983
-0.00439154  -0.0151442 -0.00935983           0
Repeater1[0]<--->EndNode1[0]
REAL
   0.327001  -0.0106679 -0.00160634     0.21856
 -0.0106679    0.173677   0.0497943 -0.00219113
-0.00160634   0.0497943    0.176391  -0.0197118
    0.21856 -0.00219113  -0.0197118    0.322931
IMAGINARY
          0 -0.00118641  0.00525855  0.00041114
 0.00118641           0  0.00433784   0.0123737
-0.00525855 -0.00433784           0 -0.00762971
-0.00041114  -0.0123737  0.00762971           0
Repeater1[0]<--->HoM1[0]
REAL
   0.332085 -0.00072987   0.0140822    0.230521
-0.00072987     0.17603   0.0810366 0.000993186
  0.0140822   0.0810366    0.161049  0.00826756
   0.230521 0.000993186  0.00826756    0.330836
IMAGINARY
          0  -0.0202988  0.00868141  0.00439154
  0.0202988           0   0.0161928  0.00935983
-0.00868141  -0.0161928           0   0.0151442
-0.00439154 -0.00935983  -0.0151442           0
EndNode1[0]<--->Repeater1[0]
REAL
   0.344284   0.0118019 -0.00199048    0.225656
  0.0118019    0.160315   0.0632038  0.00717183
-0.00199048   0.0632038    0.186597  -0.0130972
   0.225656  0.00717183  -0.0130972    0.308804
IMAGINARY
          0    0.016464 -0.00419322 -0.00972063
  -0.016464           0  -0.0121303  0.00608956
 0.00419322   0.0121303           0   0.0107168
 0.00972063 -0.00608956  -0.0107168           0
EndNode2[0]<--->HoM1[0]
REAL
   0.323116 -0.00106137  0.00302356    0.224614
-0.00106137    0.172414   0.0483998   0.0064342
 0.00302356   0.0483998    0.183908   0.0130412
   0.224614   0.0064342   0.0130412    0.320562
IMAGINARY
          0  0.00997115  -0.0329128  -0.0120359
-0.00997115           0  -0.0147386 -0.00133381
  0.0329128   0.0147386           0   0.0168034
  0.0120359  0.00133381  -0.0168034           0
Repeater1[0]<--->EndNode1[0]
REAL
   0.344284 -0.00199048   0.0118019    0.225656
-0.00199048    0.186597   0.0632038  -0.0130972
  0.0118019   0.0632038    0.160315  0.00717183
   0.225656  -0.0130972  0.00717183    0.308804
IMAGINARY
          0 -0.00419322    0.016464 -0.00972063
 0.00419322           0   0.0121303   0.0107168
  -0.016464  -0.0121303           0  0.00608956
 0.00972063  -0.0107168 -0.00608956           0
Repeater1[0]<--->HoM1[0]
REAL
   0.323116  0.00302356 -0.00106137    0.224614
 0.00302356    0.183908   0.0483998   0.0130412
-0.00106137   0.0483998    0.172414   0.0064342
   0.224614   0.0130412   0.0064342    0.320562
IMAGINARY
          0  -0.0329128  0.00997115  -0.0120359
  0.0329128           0   0.0147386   0.0168034
-0.00997115  -0.0147386           0 -0.00133381
  0.0120359  -0.0168034  0.00133381           0
EndNode1[0]<--->Repeater1[0]
REAL
    0.324513  -0.00429928    0.0154233     0.219054
 -0.00429928     0.140669    0.0559808  -0.00102003
   0.0154233    0.0559808     0.188022 -0.000501815
    0.219054  -0.00102003 -0.000501815     0.346797
IMAGINARY
          0  -0.0121594 -0.00672528   0.0031999
  0.0121594           0   0.0247189  -0.0134904
 0.00672528  -0.0247189           0 -0.00536085
 -0.0031999   0.0134904  0.00536085           0
EndNode2[0]<--->HoM1[0]
REAL
   0.348059 -0.00843323 -0.00441844    0.234839
-0.00843323    0.171352   0.0745093  0.00134341
-0.00441844   0.0745093    0.178046 -0.00325188
   0.234839  0.00134341 -0.00325188    0.302544
IMAGINARY
          0  0.00742101 -0.00761765  0.00784499
-0.00742101           0    0.013837 -0.00822519
 0.00761765   -0.013837           0   0.0185612
-0.00784499  0.00822519  -0.0185612           0
Repeater1[0]<--->EndNode1[0]
REAL
    0.324513    0.0154233  -0.00429928     0.219054
   0.0154233     0.188022    0.0559808 -0.000501815
 -0.00429928    0.0559808     0.140669  -0.00102003
    0.219054 -0.000501815  -0.00102003     0.346797
IMAGINARY
          0 -0.00672528  -0.0121594   0.0031999
 0.00672528           0  -0.0247189 -0.00536085
  0.0121594   0.0247189           0  -0.0134904
 -0.0031999  0.00536085   0.0134904           0
Repeater1[0]<--->HoM1[0]
REAL
   0.348059 -0.00441844 -0.00843323    0.234839
-0.00441844    0.178046   0.0745093 -0.00325188
-0.00843323   0.0745093    0.171352  0.00134341
   0.234839 -0.00325188  0.00134341    0.302544
IMAGINARY
          0 -0.00761765  0.00742101  0.00784499
 0.00761765           0   -0.013837   0.0185612
-0.00742101    0.013837           0 -0.00822519
-0.00784499  -0.0185612  0.00822519           0
EndNode1[0]<--->Repeater1[0]
REAL
   0.342428   0.0114832  -0.0052891    0.217469
  0.0114832    0.169168    0.039503 -0.00467106
 -0.0052891    0.039503    0.174625  -0.0201153
   0.217469 -0.00467106  -0.0201153    0.313779
IMAGINARY
          0  -0.0206926   0.0105829  0.00344418
  0.0206926           0   -0.022941 -0.00341206
 -0.0105829    0.022941           0  0.00961045
-0.00344418  0.00341206 -0.00961045           0
EndNode2[0]<--->HoM1[0]
REAL
   0.328225     0.01831  0.00746011     0.23649
    0.01831    0.180077   0.0597602  0.00878989
 0.00746011   0.0597602    0.163474 -0.00580997
    0.23649  0.00878989 -0.00580997    0.328225
IMAGINARY
          0   -0.013143   0.0159498 -0.00646291
   0.013143           0   0.0118683   -0.014063
 -0.0159498  -0.0118683           0  -0.0302532
 0.00646291    0.014063   0.0302532           0
Repeater1[0]<--->EndNode1[0]
REAL
   0.342428  -0.0052891   0.0114832    0.217469
 -0.0052891    0.174625    0.039503  -0.0201153
  0.0114832    0.039503    0.169168 -0.00467106
   0.217469  -0.0201153 -0.00467106    0.313779
IMAGINARY
          0   0.0105829  -0.0206926  0.00344418
 -0.0105829           0    0.022941  0.00961045
  0.0206926   -0.022941           0 -0.00341206
-0.00344418 -0.00961045  0.00341206           0
Repeater1[0]<--->HoM1[0]
REAL
   0.328225  0.00746011     0.01831     0.23649
 0.00746011    0.163474   0.0597602 -0.00580997
    0.01831   0.0597602    0.180077  0.00878989
    0.23649 -0.00580997  0.00878989    0.328225
IMAGINARY
          0   0.0159498   -0.013143 -0.00646291
 -0.0159498           0  -0.0118683  -0.0302532
   0.013143   0.0118683           0   -0.014063
 0.00646291   0.0302532    0.014063           0
EndNode1[0]<--->Repeater1[0]
REAL
   0.344569   0.0228365 0.000967602    0.227114
  0.0228365    0.158552   0.0696338   0.0112275
0.000967602   0.0696338    0.188514   0.0164589
   0.227114   0.0112275   0.0164589    0.308365
IMAGINARY
         0 -0.0072913  0.0141658 -0.0271568
 0.0072913          0  0.0137468 -0.0115411
-0.0141658 -0.0137468          0   0.013853
 0.0271568  0.0115411  -0.013853          0
EndNode2[0]<--->HoM1[0]
REAL
    0.312665   -0.0156901 -6.49483e-05     0.220189
  -0.0156901      0.16095    0.0749451   0.00454638
-6.49483e-05    0.0749451     0.164908 -0.000314984
    0.220189   0.00454638 -0.000314984     0.361478
IMAGINARY
          0 -0.00335715   0.0102484  -0.0197579
 0.00335715           0  0.00274215  -0.0102484
 -0.0102484 -0.00274215           0  -0.0249205
  0.0197579   0.0102484   0.0249205           0
Repeater1[0]<--->EndNode1[0]
REAL
   0.344569 0.000967602   0.0228365    0.227114
0.000967602    0.188514   0.0696338   0.0164589
  0.0228365   0.0696338    0.158552   0.0112275
   0.227114   0.0164589   0.0112275    0.308365
IMAGINARY
         0  0.0141658 -0.0072913 -0.0271568
-0.0141658          0 -0.0137468   0.013853
 0.0072913  0.0137468          0 -0.0115411
 0.0271568  -0.013853  0.0115411          0
Repeater1[0]<--->HoM1[0]
REAL
    0.312665 -6.49483e-05   -0.0156901     0.220189
-6.49483e-05     0.164908    0.0749451 -0.000314984
  -0.0156901    0.0749451      0.16095   0.00454638
    0.220189 -0.000314984   0.00454638     0.361478
IMAGINARY
          0   0.0102484 -0.00335715  -0.0197579
 -0.0102484           0 -0.00274215  -0.0249205
 0.00335715  0.00274215           0  -0.0102484
  0.0197579   0.0249205   0.0102484           0
EndNode1[0]<--->Repeater1[0]
REAL
    0.321644   0.00338459 -7.09522e-05     0.231991
  0.00338459     0.170496    0.0828235   0.00198666
-7.09522e-05    0.0828235     0.189843    0.0151339
    0.231991   0.00198666    0.0151339     0.318017
IMAGINARY
          0  -0.0105419   0.0101511  0.00342652
  0.0105419           0  0.00273111  -0.0107913
 -0.0101511 -0.00273111           0  0.00349963
-0.00342652   0.0107913 -0.00349963           0
EndNode2[0]<--->HoM1[0]
REAL
   0.336884   -0.025028  -0.0222663    0.221703
  -0.025028    0.186418   0.0481279  0.00601138
 -0.0222663   0.0481279    0.173103 -0.00553116
   0.221703  0.00601138 -0.00553116    0.303595
IMAGINARY
           0    0.0126032    -0.014564  -0.00274148
  -0.0126032            0   -0.0273938    0.0158593
    0.014564    0.0273938            0 -0.000945178
  0.00274148   -0.0158593  0.000945178            0
Repeater1[0]<--->EndNode1[0]
REAL
    0.321644 -7.09522e-05   0.00338459     0.231991
-7.09522e-05     0.189843    0.0828235    0.0151339
  0.00338459    0.0828235     0.170496   0.00198666
    0.231991    0.0151339   0.00198666     0.318017
IMAGINARY
          0   0.0101511  -0.0105419  0.00342652
 -0.0101511           0 -0.00273111  0.00349963
  0.0105419  0.00273111           0  -0.0107913
-0.00342652 -0.00349963   0.0107913           0
Repeater1[0]<--->HoM1[0]
REAL
   0.336884  -0.0222663   -0.025028    0.221703
 -0.0222663    0.173103   0.0481279 -0.00553116
  -0.025028   0.0481279    0.186418  0.00601138
   0.221703 -0.00553116  0.00601138    0.303595
IMAGINARY
           0    -0.014564    0.0126032  -0.00274148
    0.014564            0    0.0273938 -0.000945178
  -0.0126032   -0.0273938            0    0.0158593
  0.00274148  0.000945178   -0.0158593            0
EndNode1[0]<--->Repeater1[0]
REAL
   0.350394  0.00380136 -0.00468405    0.200211
 0.00380136    0.174541   0.0650582  -0.0270525
-0.00468405   0.0650582    0.152231  -0.0211666
   0.200211  -0.0270525  -0.0211666    0.322835
IMAGINARY
          0   0.0185146 -0.00267638 -0.00098781
 -0.0185146           0  -0.0041404  -0.0126365
 0.00267638   0.0041404           0  -0.0165173
 0.00098781   0.0126365   0.0165173           0
EndNode2[0]<--->HoM1[0]
REAL
   0.330263   0.0131852  -0.0114903    0.217462
  0.0131852    0.135526   0.0698795   0.0127561
 -0.0114903   0.0698795    0.197368 -0.00432448
   0.217462   0.0127561 -0.00432448    0.336842
IMAGINARY
          0  -0.0144179    0.010167  0.00319052
  0.0144179           0 -0.00189853  0.00891698
  -0.010167  0.00189853           0   0.0271405
-0.00319052 -0.00891698  -0.0271405           0
Repeater1[0]<--->EndNode1[0]
REAL
   0.350394 -0.00468405  0.00380136    0.200211
-0.00468405    0.152231   0.0650582  -0.0211666
 0.00380136   0.0650582    0.174541  -0.0270525
   0.200211  -0.0211666  -0.0270525    0.322835
IMAGINARY
          0 -0.00267638   0.0185146 -0.00098781
 0.00267638           0   0.0041404  -0.0165173
 -0.0185146  -0.0041404           0  -0.0126365
 0.00098781   0.0165173   0.0126365           0
Repeater1[0]<--->HoM1[0]
REAL
   0.330263  -0.0114903   0.0131852    0.217462
 -0.0114903    0.197368   0.0698795 -0.00432448
  0.0131852   0.0698795    0.135526   0.0127561
   0.217462 -0.00432448   0.0127561    0.336842
IMAGINARY
          0    0.010167  -0.0144179  0.00319052
  -0.010167           0  0.00189853   0.0271405
  0.0144179 -0.00189853           0  0.00891698
-0.00319052  -0.0271405 -0.00891698           0
EndNode1[0]<--->Repeater1[0]
REAL
    0.34902 -0.00546316  -0.0255868    0.226747
-0.00546316    0.160784   0.0575923   0.0133917
 -0.0255868   0.0575923    0.163399 -0.00159718
   0.226747   0.0133917 -0.00159718    0.326797
IMAGINARY
          0  0.00262753  -0.0150769   -0.015869
-0.00262753           0   0.0145321 -0.00482359
  0.0150769  -0.0145321           0 -0.00760265
   0.015869  0.00482359  0.00760265           0
EndNode2[0]<--->HoM1[0]
REAL
  0.319202 0.00770142  0.0209101    0.22036
0.00770142   0.177057  0.0474125  0.0110805
 0.0209101  0.0474125   0.179551 0.00770142
   0.22036  0.0110805 0.00770142    0.32419
