EndNode1[0]<--->Repeater1[0]
REAL
   0.501305   0.0141198 -0.00361951    0.413629
  0.0141198   0.0535248   0.0423293   0.0100962
-0.00361951   0.0423293   0.0652742  -0.0024618
   0.413629   0.0100962  -0.0024618    0.379896
IMAGINARY
          0   0.0214251  -0.0188145   0.0236403
 -0.0214251           0  -0.0151245 -0.00242104
  0.0188145   0.0151245           0 -0.00791161
 -0.0236403  0.00242104  0.00791161           0
EndNode2[0]<--->HoM1[0]
REAL
  0.447644   0.024157 0.00191785   0.408089
  0.024157  0.0379581  0.0297281    0.02727
0.00191785  0.0297281  0.0615183 0.00629985
  0.408089    0.02727 0.00629985    0.45288
IMAGINARY
          0   0.0337534 -0.00706422  -0.0123778
 -0.0337534           0 -0.00858031  -0.0127821
 0.00706422  0.00858031           0 -0.00238331
  0.0123778   0.0127821  0.00238331           0
Repeater1[0]<--->EndNode1[0]
REAL
   0.501305 -0.00361951   0.0141198    0.413629
-0.00361951   0.0652742   0.0423293  -0.0024618
  0.0141198   0.0423293   0.0535248   0.0100962
   0.413629  -0.0024618   0.0100962    0.379896
IMAGINARY
          0  -0.0188145   0.0214251   0.0236403
  0.0188145           0   0.0151245 -0.00791161
 -0.0214251  -0.0151245           0 -0.00242104
 -0.0236403  0.00791161  0.00242104           0
Repeater1[0]<--->HoM1[0]
REAL
  0.447644 0.00191785   0.024157   0.408089
0.00191785  0.0615183  0.0297281 0.00629985
  0.024157  0.0297281  0.0379581    0.02727
  0.408089 0.00629985    0.02727    0.45288
IMAGINARY
          0 -0.00706422   0.0337534  -0.0123778
 0.00706422           0  0.00858031 -0.00238331
 -0.0337534 -0.00858031           0  -0.0127821
  0.0123778  0.00238331   0.0127821           0
EndNode1[0]<--->Repeater1[0]
REAL
  0.446727 -0.0207631 -0.0231718   0.406119
-0.0207631  0.0693196  0.0291139 0.00762772
-0.0231718  0.0291139   0.055199 0.00521911
  0.406119 0.00762772 0.00521911   0.428755
IMAGINARY
           0   0.00889209   -0.0224578   -0.0192562
 -0.00889209            0 -0.000123596   0.00775187
   0.0224578  0.000123596            0   -0.0129028
   0.0192562  -0.00775187    0.0129028            0
EndNode2[0]<--->HoM1[0]
REAL
    0.44389  0.00601176 0.000634806    0.409142
 0.00601176   0.0586035   0.0459704  -0.0293131
0.000634806   0.0459704   0.0548628  -0.0297025
   0.409142  -0.0293131  -0.0297025    0.442643
IMAGINARY
           0  -0.00769723  -0.00329837  0.000699719
  0.00769723            0  -0.00262033    0.0135286
  0.00329837   0.00262033            0    0.0115335
-0.000699719   -0.0135286   -0.0115335            0
Repeater1[0]<--->EndNode1[0]
REAL
  0.446727 -0.0231718 -0.0207631   0.406119
-0.0231718   0.055199  0.0291139 0.00521911
-0.0207631  0.0291139  0.0693196 0.00762772
  0.406119 0.00521911 0.00762772   0.428755
IMAGINARY
           0   -0.0224578   0.00889209   -0.0192562
   0.0224578            0  0.000123596   -0.0129028
 -0.00889209 -0.000123596            0   0.00775187
   0.0192562    0.0129028  -0.00775187            0
Repeater1[0]<--->HoM1[0]
REAL
    0.44389 0.000634806  0.00601176    0.409142
0.000634806   0.0548628   0.0459704  -0.0297025
 0.00601176   0.0459704   0.0586035  -0.0293131
   0.409142  -0.0297025  -0.0293131    0.442643
IMAGINARY
           0  -0.00329837  -0.00769723  0.000699719
  0.00329837            0   0.00262033    0.0115335
  0.00769723  -0.00262033            0    0.0135286
-0.000699719   -0.0115335   -0.0135286            0
EndNode1[0]<--->Repeater1[0]
REAL
   0.476612  0.00465222 -0.00358595    0.419858
 0.00465222   0.0518331   0.0342928    0.007923
-0.00358595   0.0342928   0.0505689 -0.00403264
   0.419858    0.007923 -0.00403264    0.420986
IMAGINARY
          0   0.0150468  0.00132667  -0.0187364
 -0.0150468           0   0.0033415  -0.0188819
-0.00132667  -0.0033415           0 -0.00269305
  0.0187364   0.0188819  0.00269305           0
EndNode2[0]<--->HoM1[0]
REAL
   0.438158  -0.0125732  -0.0268499    0.403771
 -0.0125732   0.0539474   0.0395283  0.00365405
 -0.0268499   0.0395283   0.0486842 -0.00804537
   0.403771  0.00365405 -0.00804537    0.459211
IMAGINARY
          0  0.00711837  -0.0200394  0.00391272
-0.00711837           0    0.021468  -0.0120818
  0.0200394   -0.021468           0   0.0177301
-0.00391272   0.0120818  -0.0177301           0
Repeater1[0]<--->EndNode1[0]
REAL
   0.476612 -0.00358595  0.00465222    0.419858
-0.00358595   0.0505689   0.0342928 -0.00403264
 0.00465222   0.0342928   0.0518331    0.007923
   0.419858 -0.00403264    0.007923    0.420986
IMAGINARY
          0  0.00132667   0.0150468  -0.0187364
-0.00132667           0  -0.0033415 -0.00269305
 -0.0150468   0.0033415           0  -0.0188819
  0.0187364  0.00269305   0.0188819           0
Repeater1[0]<--->HoM1[0]
REAL
   0.438158  -0.0268499  -0.0125732    0.403771
 -0.0268499   0.0486842   0.0395283 -0.00804537
 -0.0125732   0.0395283   0.0539474  0.00365405
   0.403771 -0.00804537  0.00365405    0.459211
IMAGINARY
          0  -0.0200394  0.00711837  0.00391272
  0.0200394           0   -0.021468   0.0177301
-0.00711837    0.021468           0  -0.0120818
-0.00391272  -0.0177301   0.0120818           0
EndNode1[0]<--->Repeater1[0]
REAL
   0.47035 0.00178933  0.0117175   0.414591
0.00178933  0.0525606  0.0310207 -0.0148077
 0.0117175  0.0310207  0.0552561  0.0148979
  0.414591 -0.0148077  0.0148979   0.421833
IMAGINARY
          0    0.013993  0.00520323   0.0132962
  -0.013993           0 -0.00354323  -0.0187867
-0.00520323  0.00354323           0   0.0228763
 -0.0132962   0.0187867  -0.0228763           0
EndNode2[0]<--->HoM1[0]
REAL
   0.463445  -0.0117042  -0.0149042    0.417666
 -0.0117042   0.0384139   0.0295083 -0.00475187
 -0.0149042   0.0295083   0.0570012  -0.0190083
   0.417666 -0.00475187  -0.0190083     0.44114
IMAGINARY
          0  0.00200146  0.00893163   0.0309253
-0.00200146           0   0.0130445   0.0173842
-0.00893163  -0.0130445           0  -0.0191067
 -0.0309253  -0.0173842   0.0191067           0
Repeater1[0]<--->EndNode1[0]
REAL
   0.47035  0.0117175 0.00178933   0.414591
 0.0117175  0.0552561  0.0310207  0.0148979
0.00178933  0.0310207  0.0525606 -0.0148077
  0.414591  0.0148979 -0.0148077   0.421833
IMAGINARY
          0  0.00520323    0.013993   0.0132962
-0.00520323           0  0.00354323   0.0228763
  -0.013993 -0.00354323           0  -0.0187867
 -0.0132962  -0.0228763   0.0187867           0
Repeater1[0]<--->HoM1[0]
REAL
   0.463445  -0.0149042  -0.0117042    0.417666
 -0.0149042   0.0570012   0.0295083  -0.0190083
 -0.0117042   0.0295083   0.0384139 -0.00475187
   0.417666  -0.0190083 -0.00475187     0.44114
IMAGINARY
          0  0.00893163  0.00200146   0.0309253
-0.00893163           0  -0.0130445  -0.0191067
-0.00200146   0.0130445           0   0.0173842
 -0.0309253   0.0191067  -0.0173842           0
EndNode1[0]<--->Repeater1[0]
REAL
   0.442971  0.00124226   0.0109023    0.421279
 0.00124226    0.066313   0.0303936 -0.00284774
  0.0109023   0.0303936   0.0503979 0.000616477
   0.421279 -0.00284774 0.000616477    0.440318
IMAGINARY
          0  -0.0127888  0.00368962 -0.00895187
  0.0127888           0   -0.020063  -0.0120337
-0.00368962    0.020063           0  0.00957959
 0.00895187   0.0120337 -0.00957959           0
EndNode2[0]<--->HoM1[0]
REAL
   0.437262  -0.0036853   0.0194436    0.407026
 -0.0036853   0.0570342   0.0430364 -0.00758343
  0.0194436   0.0430364   0.0494297   0.0155455
   0.407026 -0.00758343   0.0155455    0.456274
IMAGINARY
           0  -6.9393e-05 -0.000918395   -0.0144046
  6.9393e-05            0    0.0144046    0.0268251
 0.000918395   -0.0144046            0  -0.00899796
   0.0144046   -0.0268251   0.00899796            0
Repeater1[0]<--->EndNode1[0]
REAL
   0.442971   0.0109023  0.00124226    0.421279
  0.0109023   0.0503979   0.0303936 0.000616477
 0.00124226   0.0303936    0.066313 -0.00284774
   0.421279 0.000616477 -0.00284774    0.440318
IMAGINARY
          0  0.00368962  -0.0127888 -0.00895187
-0.00368962           0    0.020063  0.00957959
  0.0127888   -0.020063           0  -0.0120337
 0.00895187 -0.00957959   0.0120337           0
Repeater1[0]<--->HoM1[0]
REAL
   0.437262   0.0194436  -0.0036853    0.407026
  0.0194436   0.0494297   0.0430364   0.0155455
 -0.0036853   0.0430364   0.0570342 -0.00758343
   0.407026   0.0155455 -0.00758343    0.456274
IMAGINARY
           0 -0.000918395  -6.9393e-05   -0.0144046
 0.000918395            0   -0.0144046  -0.00899796
  6.9393e-05    0.0144046            0    0.0268251
   0.0144046   0.00899796   -0.0268251            0
EndNode1[0]<--->Repeater1[0]
REAL
   0.447507  0.00588228  -0.0166029    0.425849
 0.00588228   0.0485564   0.0249485 -0.00201408
 -0.0166029   0.0249485   0.0577428  -0.0284887
   0.425849 -0.00201408  -0.0284887    0.446194
IMAGINARY
          0   0.0136393  0.00772952  0.00102218
 -0.0136393           0   0.0121043  0.00578399
-0.00772952  -0.0121043           0  -0.0284399
-0.00102218 -0.00578399   0.0284399           0
EndNode2[0]<--->HoM1[0]
REAL
   0.447134 -0.00148517 -0.00897316    0.410655
-0.00148517   0.0598726   0.0450976  -0.0194718
-0.00897316   0.0450976   0.0547771  -0.0231672
   0.410655  -0.0194718  -0.0231672    0.438217
IMAGINARY
          0  -0.0119593 -0.00262382 -0.00725651
  0.0119593           0   0.0125898 -0.00569885
 0.00262382  -0.0125898           0   0.0241232
 0.00725651  0.00569885  -0.0241232           0
Repeater1[0]<--->EndNode1[0]
REAL
   0.447507  -0.0166029  0.00588228    0.425849
 -0.0166029   0.0577428   0.0249485  -0.0284887
 0.00588228   0.0249485   0.0485564 -0.00201408
   0.425849  -0.0284887 -0.00201408    0.446194
IMAGINARY
          0  0.00772952   0.0136393  0.00102218
-0.00772952           0  -0.0121043  -0.0284399
 -0.0136393   0.0121043           0  0.00578399
-0.00102218   0.0284399 -0.00578399           0
Repeater1[0]<--->HoM1[0]
REAL
   0.447134 -0.00897316 -0.00148517    0.410655
-0.00897316   0.0547771   0.0450976  -0.0231672
-0.00148517   0.0450976   0.0598726  -0.0194718
   0.410655  -0.0231672  -0.0194718    0.438217
IMAGINARY
          0 -0.00262382  -0.0119593 -0.00725651
 0.00262382           0  -0.0125898   0.0241232
  0.0119593   0.0125898           0 -0.00569885
 0.00725651  -0.0241232  0.00569885           0
EndNode1[0]<--->Repeater1[0]
REAL
   0.432432  -0.0225312  -0.0247418    0.403562
 -0.0225312   0.0581081   0.0279279  -0.0197293
 -0.0247418   0.0279279   0.0567568 -0.00631497
   0.403562  -0.0197293 -0.00631497    0.452703
IMAGINARY
           0     0.008545 -0.000291797   0.00163836
   -0.008545            0   0.00507715   -0.0136676
 0.000291797  -0.00507715            0    0.0104905
 -0.00163836    0.0136676   -0.0104905            0
EndNode2[0]<--->HoM1[0]
REAL
   0.459698 0.000169728  -0.0163048    0.402113
0.000169728   0.0604534   0.0324323    0.029032
 -0.0163048   0.0324323   0.0516373  0.00528482
   0.402113    0.029032  0.00528482    0.428212
IMAGINARY
          0   0.0135129  0.00793428   0.0143539
 -0.0135129           0  -0.0103857  0.00536359
-0.00793428   0.0103857           0  0.00510411
 -0.0143539 -0.00536359 -0.00510411           0
Repeater1[0]<--->EndNode1[0]
REAL
   0.432432  -0.0247418  -0.0225312    0.403562
 -0.0247418   0.0567568   0.0279279 -0.00631497
 -0.0225312   0.0279279   0.0581081  -0.0197293
   0.403562 -0.00631497  -0.0197293    0.452703
IMAGINARY
           0 -0.000291797     0.008545   0.00163836
 0.000291797            0  -0.00507715    0.0104905
   -0.008545   0.00507715            0   -0.0136676
 -0.00163836   -0.0104905    0.0136676            0
Repeater1[0]<--->HoM1[0]
REAL
   0.459698  -0.0163048 0.000169728    0.402113
 -0.0163048   0.0516373   0.0324323  0.00528482
0.000169728   0.0324323   0.0604534    0.029032
   0.402113  0.00528482    0.029032    0.428212
IMAGINARY
          0  0.00793428   0.0135129   0.0143539
-0.00793428           0   0.0103857  0.00510411
 -0.0135129  -0.0103857           0  0.00536359
 -0.0143539 -0.00510411 -0.00536359           0
EndNode1[0]<--->Repeater1[0]
REAL
   0.448461  0.00414448   0.0114828    0.428786
 0.00414448   0.0562249   0.0285307 -0.00294626
  0.0114828   0.0285307   0.0468541   0.0104897
   0.428786 -0.00294626   0.0104897    0.448461
IMAGINARY
           0    0.0138615  -0.00986227   0.00269042
  -0.0138615            0   -0.0177177  0.000910862
  0.00986227    0.0177177            0    0.0053201
 -0.00269042 -0.000910862   -0.0053201            0
EndNode2[0]<--->HoM1[0]
REAL
   0.460957 -0.00684857  0.00658807    0.408861
-0.00684857   0.0528967   0.0477146 -0.00658807
 0.00658807   0.0477146   0.0717884  0.00312649
   0.408861 -0.00658807  0.00312649    0.414358
IMAGINARY
          0   0.0202031 -0.00321226   0.0165352
 -0.0202031           0  0.00415901 -0.00124634
 0.00321226 -0.00415901           0  0.00336375
 -0.0165352  0.00124634 -0.00336375           0
Repeater1[0]<--->EndNode1[0]
REAL
   0.448461   0.0114828  0.00414448    0.428786
  0.0114828   0.0468541   0.0285307   0.0104897
 0.00414448   0.0285307   0.0562249 -0.00294626
   0.428786   0.0104897 -0.00294626    0.448461
IMAGINARY
           0  -0.00986227    0.0138615   0.00269042
  0.00986227            0    0.0177177    0.0053201
  -0.0138615   -0.0177177            0  0.000910862
 -0.00269042   -0.0053201 -0.000910862            0
Repeater1[0]<--->HoM1[0]
REAL
   0.460957  0.00658807 -0.00684857    0.408861
 0.00658807   0.0717884   0.0477146  0.00312649
-0.00684857   0.0477146   0.0528967 -0.00658807
   0.408861  0.00312649 -0.00658807    0.414358
IMAGINARY
          0 -0.00321226   0.0202031   0.0165352
 0.00321226           0 -0.00415901  0.00336375
 -0.0202031  0.00415901           0 -0.00124634
 -0.0165352 -0.00336375  0.00124634           0
EndNode1[0]<--->Repeater1[0]
REAL
   0.469755 -0.00647043  0.00685618    0.418584
-0.00647043    0.042471   0.0272226  -0.0152433
 0.00685618   0.0272226   0.0579151 -0.00707796
   0.418584  -0.0152433 -0.00707796    0.429858
IMAGINARY
          0 -0.00363744   0.0022987  0.00857877
 0.00363744           0 -0.00382818    0.014717
 -0.0022987  0.00382818           0  -0.0146872
-0.00857877   -0.014717   0.0146872           0
EndNode2[0]<--->HoM1[0]
REAL
   0.435401 -0.00544903   0.0043078    0.410461
-0.00544903   0.0542636    0.031311 -0.00557362
  0.0043078    0.031311   0.0749354  0.00671486
   0.410461 -0.00557362  0.00671486    0.435401
IMAGINARY
           0    0.0196205   -0.0106514  -0.00345912
  -0.0196205            0  -0.00345912    0.0179555
   0.0106514   0.00345912            0  0.000963806
  0.00345912   -0.0179555 -0.000963806            0
Repeater1[0]<--->EndNode1[0]
REAL
   0.469755  0.00685618 -0.00647043    0.418584
 0.00685618   0.0579151   0.0272226 -0.00707796
-0.00647043   0.0272226    0.042471  -0.0152433
   0.418584 -0.00707796  -0.0152433    0.429858
IMAGINARY
          0   0.0022987 -0.00363744  0.00857877
 -0.0022987           0  0.00382818  -0.0146872
 0.00363744 -0.00382818           0    0.014717
-0.00857877   0.0146872   -0.014717           0
Repeater1[0]<--->HoM1[0]
REAL
   0.435401   0.0043078 -0.00544903    0.410461
  0.0043078   0.0749354    0.031311  0.00671486
-0.00544903    0.031311   0.0542636 -0.00557362
   0.410461  0.00671486 -0.00557362    0.435401
IMAGINARY
           0   -0.0106514    0.0196205  -0.00345912
   0.0106514            0   0.00345912  0.000963806
  -0.0196205  -0.00345912            0    0.0179555
  0.00345912 -0.000963806   -0.0179555            0
EndNode1[0]<--->Repeater1[0]
REAL
   0.431154   -0.028927  -0.0111513    0.417168
  -0.028927    0.054242   0.0349595 -0.00480613
 -0.0111513   0.0349595   0.0709318   0.0209483
   0.417168 -0.00480613   0.0209483    0.443672
IMAGINARY
          0  -0.0169695  0.00627191 -0.00148673
  0.0169695           0  0.00476327   0.0152005
-0.00627191 -0.00476327           0  0.00040505
 0.00148673  -0.0152005 -0.00040505           0
EndNode2[0]<--->HoM1[0]
REAL
   0.461728   0.0113448   0.0139793    0.393152
  0.0113448   0.0555556   0.0307186 -0.00172121
  0.0139793   0.0307186   0.0444444 -0.00553833
   0.393152 -0.00172121 -0.00553833    0.438272
IMAGINARY
          0  -0.0254046   0.0170236   0.0169116
  0.0254046           0   0.0028701  -0.0024733
 -0.0170236  -0.0028701           0  0.00820884
 -0.0169116   0.0024733 -0.00820884           0
Repeater1[0]<--->EndNode1[0]
REAL
   0.431154  -0.0111513   -0.028927    0.417168
 -0.0111513   0.0709318   0.0349595   0.0209483
  -0.028927   0.0349595    0.054242 -0.00480613
   0.417168   0.0209483 -0.00480613    0.443672
IMAGINARY
          0  0.00627191  -0.0169695 -0.00148673
-0.00627191           0 -0.00476327  0.00040505
  0.0169695  0.00476327           0   0.0152005
 0.00148673 -0.00040505  -0.0152005           0
Repeater1[0]<--->HoM1[0]
REAL
   0.461728   0.0139793   0.0113448    0.393152
  0.0139793   0.0444444   0.0307186 -0.00553833
  0.0113448   0.0307186   0.0555556 -0.00172121
   0.393152 -0.00553833 -0.00172121    0.438272
IMAGINARY
          0   0.0170236  -0.0254046   0.0169116
 -0.0170236           0  -0.0028701  0.00820884
  0.0254046   0.0028701           0  -0.0024733
 -0.0169116 -0.00820884   0.0024733           0
EndNode1[0]<--->Repeater1[0]
REAL
  0.440318 0.00903952 0.00764905   0.411037
0.00903952  0.0596817  0.0442853 -0.0122483
0.00764905  0.0442853  0.0636605 -0.0110106
  0.411037 -0.0122483 -0.0110106    0.43634
IMAGINARY
          0 -0.00947988   0.0278469  0.00974044
 0.00947988           0   0.0206239  0.00895517
 -0.0278469  -0.0206239           0 -0.00574854
-0.00974044 -0.00895517  0.00574854           0
EndNode2[0]<--->HoM1[0]
REAL
   0.437418  0.00696655   0.0119183    0.412716
 0.00696655   0.0606061   0.0367155 -0.00622934
  0.0119183   0.0367155   0.0540184  0.00630779
   0.412716 -0.00622934  0.00630779    0.447958
IMAGINARY
          0  -0.0255541 -0.00390139   0.0218736
  0.0255541           0  -0.0149554   0.0119014
 0.00390139   0.0149554           0  0.00822075
 -0.0218736  -0.0119014 -0.00822075           0
Repeater1[0]<--->EndNode1[0]
REAL
  0.440318 0.00764905 0.00903952   0.411037
0.00764905  0.0636605  0.0442853 -0.0110106
0.00903952  0.0442853  0.0596817 -0.0122483
  0.411037 -0.0110106 -0.0122483    0.43634
IMAGINARY
          0   0.0278469 -0.00947988  0.00974044
 -0.0278469           0  -0.0206239 -0.00574854
 0.00947988   0.0206239           0  0.00895517
-0.00974044  0.00574854 -0.00895517           0
Repeater1[0]<--->HoM1[0]
REAL
   0.437418   0.0119183  0.00696655    0.412716
  0.0119183   0.0540184   0.0367155  0.00630779
 0.00696655   0.0367155   0.0606061 -0.00622934
   0.412716  0.00630779 -0.00622934    0.447958
IMAGINARY
          0 -0.00390139  -0.0255541   0.0218736
 0.00390139           0   0.0149554  0.00822075
  0.0255541  -0.0149554           0   0.0119014
 -0.0218736 -0.00822075  -0.0119014           0
EndNode1[0]<--->Repeater1[0]
REAL
   0.449673  -0.0117445  -0.0165554    0.416773
 -0.0117445   0.0588235   0.0289098 -0.00712146
 -0.0165554   0.0289098   0.0509804  -0.0105397
   0.416773 -0.00712146  -0.0105397    0.440523
IMAGINARY
          0 -0.00897472  -0.0143561 -0.00278886
 0.00897472           0  0.00958738  0.00116348
  0.0143561 -0.00958738           0   0.0129325
 0.00278886 -0.00116348  -0.0129325           0
EndNode2[0]<--->HoM1[0]
REAL
  0.430218 0.00287478 0.00812167   0.413066
0.00287478  0.0550576  0.0462217 -0.0106662
0.00812167  0.0462217  0.0588988 0.00221428
  0.413066 -0.0106662 0.00221428   0.455826
IMAGINARY
          0  0.00637643  -0.0166102  -0.0207852
-0.00637643           0 -0.00445354 -0.00802365
  0.0166102  0.00445354           0  0.00760493
  0.0207852  0.00802365 -0.00760493           0
Repeater1[0]<--->EndNode1[0]
REAL
   0.449673  -0.0165554  -0.0117445    0.416773
 -0.0165554   0.0509804   0.0289098  -0.0105397
 -0.0117445   0.0289098   0.0588235 -0.00712146
   0.416773  -0.0105397 -0.00712146    0.440523
IMAGINARY
          0  -0.0143561 -0.00897472 -0.00278886
  0.0143561           0 -0.00958738   0.0129325
 0.00897472  0.00958738           0  0.00116348
 0.00278886  -0.0129325 -0.00116348           0
Repeater1[0]<--->HoM1[0]
REAL
  0.430218 0.00812167 0.00287478   0.413066
0.00812167  0.0588988  0.0462217 0.00221428
0.00287478  0.0462217  0.0550576 -0.0106662
  0.413066 0.00221428 -0.0106662   0.455826
IMAGINARY
          0  -0.0166102  0.00637643  -0.0207852
  0.0166102           0  0.00445354  0.00760493
-0.00637643 -0.00445354           0 -0.00802365
  0.0207852 -0.00760493  0.00802365           0
EndNode1[0]<--->Repeater1[0]
REAL
  0.472401  0.0315232  0.0275938   0.404403
 0.0315232  0.0564827   0.048161 0.00445752
 0.0275938   0.048161  0.0539153 0.00950246
  0.404403 0.00445752 0.00950246   0.417202
IMAGINARY
           0   -0.0204783 -0.000620207   -0.0228418
   0.0204783            0    0.0130122   0.00755589
 0.000620207   -0.0130122            0   0.00345438
   0.0228418  -0.00755589  -0.00345438            0
EndNode2[0]<--->HoM1[0]
REAL
    0.45512 -0.00411229 -0.00261381    0.407322
-0.00411229   0.0543616   0.0354263 -0.00756431
-0.00261381   0.0354263    0.045512 -0.00733809
   0.407322 -0.00756431 -0.00733809    0.445006
IMAGINARY
           0  -0.00652296 -0.000853122   -0.0116383
  0.00652296            0   0.00692765   0.00542829
 0.000853122  -0.00692765            0  -0.00850972
   0.0116383  -0.00542829   0.00850972            0
Repeater1[0]<--->EndNode1[0]
REAL
  0.472401  0.0275938  0.0315232   0.404403
 0.0275938  0.0539153   0.048161 0.00950246
 0.0315232   0.048161  0.0564827 0.00445752
  0.404403 0.00950246 0.00445752   0.417202
IMAGINARY
           0 -0.000620207   -0.0204783   -0.0228418
 0.000620207            0   -0.0130122   0.00345438
   0.0204783    0.0130122            0   0.00755589
   0.0228418  -0.00345438  -0.00755589            0
Repeater1[0]<--->HoM1[0]
REAL
    0.45512 -0.00261381 -0.00411229    0.407322
-0.00261381    0.045512   0.0354263 -0.00733809
-0.00411229   0.0354263   0.0543616 -0.00756431
   0.407322 -0.00733809 -0.00756431    0.445006
IMAGINARY
           0 -0.000853122  -0.00652296   -0.0116383
 0.000853122            0  -0.00692765  -0.00850972
  0.00652296   0.00692765            0   0.00542829
   0.0116383   0.00850972  -0.00542829            0
EndNode1[0]<--->Repeater1[0]
REAL
   0.421656  0.00469453   0.0114813    0.417456
 0.00469453   0.0484076   0.0352471 0.000680827
  0.0114813   0.0352471   0.0675159   0.0142244
   0.417456 0.000680827   0.0142244     0.46242
IMAGINARY
          0 -0.00918155  0.00162382   0.0138522
 0.00918155           0   0.0138522   0.0100326
-0.00162382  -0.0138522           0 -0.00983686
 -0.0138522  -0.0100326  0.00983686           0
EndNode2[0]<--->HoM1[0]
REAL
  0.448635   0.010875  0.0169229   0.415209
  0.010875   0.076723  0.0326175 -0.0138173
 0.0169229  0.0326175  0.0637191 0.00216851
  0.415209 -0.0138173 0.00216851   0.410923
IMAGINARY
          0 -0.00466134  0.00780538  -0.0213162
 0.00466134           0   0.0132517 -0.00713061
-0.00780538  -0.0132517           0  0.00803516
  0.0213162  0.00713061 -0.00803516           0
Repeater1[0]<--->EndNode1[0]
REAL
   0.421656   0.0114813  0.00469453    0.417456
  0.0114813   0.0675159   0.0352471   0.0142244
 0.00469453   0.0352471   0.0484076 0.000680827
   0.417456   0.0142244 0.000680827     0.46242
IMAGINARY
          0  0.00162382 -0.00918155   0.0138522
-0.00162382           0  -0.0138522 -0.00983686
 0.00918155   0.0138522           0   0.0100326
 -0.0138522  0.00983686  -0.0100326           0
Repeater1[0]<--->HoM1[0]
REAL
  0.448635  0.0169229   0.010875   0.415209
 0.0169229  0.0637191  0.0326175 0.00216851
  0.010875  0.0326175   0.076723 -0.0138173
  0.415209 0.00216851 -0.0138173   0.410923
IMAGINARY
          0  0.00780538 -0.00466134  -0.0213162
-0.00780538           0  -0.0132517  0.00803516
 0.00466134   0.0132517           0 -0.00713061
  0.0213162 -0.00803516  0.00713061           0
EndNode1[0]<--->Repeater1[0]
REAL
  0.425693  0.0019711 -0.0234061   0.413935
 0.0019711  0.0541562  0.0233299  0.0152505
-0.0234061  0.0233299  0.0541562 -0.0201643
  0.413935  0.0152505 -0.0201643   0.465995
IMAGINARY
          0 -0.00987265  0.00617646  0.00148782
 0.00987265           0    0.016393   0.0202071
-0.00617646   -0.016393           0 -0.00235386
-0.00148782  -0.0202071  0.00235386           0
EndNode2[0]<--->HoM1[0]
REAL
   0.460338 -0.00546445   0.0197366    0.425258
-0.00546445    0.053316    0.021857  -0.0113231
  0.0197366    0.021857   0.0481144   0.0114741
   0.425258  -0.0113231   0.0114741    0.438231
IMAGINARY
          0   0.0177937  -0.0135643  0.00509429
 -0.0177937           0  0.00382203  -0.0211296
  0.0135643 -0.00382203           0   0.0128186
-0.00509429   0.0211296  -0.0128186           0
Repeater1[0]<--->EndNode1[0]
REAL
  0.425693 -0.0234061  0.0019711   0.413935
-0.0234061  0.0541562  0.0233299 -0.0201643
 0.0019711  0.0233299  0.0541562  0.0152505
  0.413935 -0.0201643  0.0152505   0.465995
IMAGINARY
          0  0.00617646 -0.00987265  0.00148782
-0.00617646           0   -0.016393 -0.00235386
 0.00987265    0.016393           0   0.0202071
-0.00148782  0.00235386  -0.0202071           0
Repeater1[0]<--->HoM1[0]
REAL
   0.460338   0.0197366 -0.00546445    0.425258
  0.0197366   0.0481144    0.021857   0.0114741
-0.00546445    0.021857    0.053316  -0.0113231
   0.425258   0.0114741  -0.0113231    0.438231
IMAGINARY
          0  -0.0135643   0.0177937  0.00509429
  0.0135643           0 -0.00382203   0.0128186
 -0.0177937  0.00382203           0  -0.0211296
-0.00509429  -0.0128186   0.0211296           0
EndNode1[0]<--->Repeater1[0]
REAL
    0.430233   0.00061514    0.0110993     0.416592
  0.00061514    0.0607235     0.028863   0.00284009
   0.0110993     0.028863    0.0426357 -9.07956e-06
    0.416592   0.00284009 -9.07956e-06     0.466408
IMAGINARY
          0  0.00578406   0.0105364   0.0201833
-0.00578406           0   0.0012644  -0.0105364
 -0.0105364  -0.0012644           0 -0.00578406
 -0.0201833   0.0105364  0.00578406           0
EndNode2[0]<--->HoM1[0]
REAL
   0.453739  0.00880616 -0.00204506    0.410791
 0.00880616   0.0570342   0.0235921 0.000732721
-0.00204506   0.0235921   0.0519645  0.00562954
   0.410791 0.000732721  0.00562954    0.437262
IMAGINARY
          0  -0.0096488  0.00169117 -0.00389612
  0.0096488           0  0.00195563  0.00527968
-0.00169117 -0.00195563           0  0.00648023
 0.00389612 -0.00527968 -0.00648023           0
Repeater1[0]<--->EndNode1[0]
REAL
    0.430233    0.0110993   0.00061514     0.416592
   0.0110993    0.0426357     0.028863 -9.07956e-06
  0.00061514     0.028863    0.0607235   0.00284009
    0.416592 -9.07956e-06   0.00284009     0.466408
IMAGINARY
          0   0.0105364  0.00578406   0.0201833
 -0.0105364           0  -0.0012644 -0.00578406
-0.00578406   0.0012644           0  -0.0105364
 -0.0201833  0.00578406   0.0105364           0
Repeater1[0]<--->HoM1[0]
REAL
   0.453739 -0.00204506  0.00880616    0.410791
-0.00204506   0.0519645   0.0235921  0.00562954
 0.00880616   0.0235921   0.0570342 0.000732721
   0.410791  0.00562954 0.000732721    0.437262
IMAGINARY
          0  0.00169117  -0.0096488 -0.00389612
-0.00169117           0 -0.00195563  0.00648023
  0.0096488  0.00195563           0  0.00527968
 0.00389612 -0.00648023 -0.00527968           0
EndNode1[0]<--->Repeater1[0]
REAL
    0.449553  -0.00897445   0.00302587      0.43095
 -0.00897445    0.0485313    0.0230874   -0.0210383
  0.00302587    0.0230874    0.0664112 -0.000342316
     0.43095   -0.0210383 -0.000342316     0.435504
IMAGINARY
          0   0.0150938  -0.0314527  0.00351932
 -0.0150938           0 -0.00625904   0.0056542
  0.0314527  0.00625904           0  0.00701924
-0.00351932  -0.0056542 -0.00701924           0
EndNode2[0]<--->HoM1[0]
REAL
  0.440874 0.00516664   0.016413    0.40821
0.00516664  0.0462725  0.0175265  0.0072746
  0.016413  0.0175265  0.0526992  0.0210818
   0.40821  0.0072746  0.0210818   0.460154
IMAGINARY
          0 -0.00015528 -0.00703672 -0.00806264
 0.00015528           0   0.0150335  -0.0184291
 0.00703672  -0.0150335           0   0.0107143
 0.00806264   0.0184291  -0.0107143           0
Repeater1[0]<--->EndNode1[0]
REAL
    0.449553   0.00302587  -0.00897445      0.43095
  0.00302587    0.0664112    0.0230874 -0.000342316
 -0.00897445    0.0230874    0.0485313   -0.0210383
     0.43095 -0.000342316   -0.0210383     0.435504
IMAGINARY
          0  -0.0314527   0.0150938  0.00351932
  0.0314527           0  0.00625904  0.00701924
 -0.0150938 -0.00625904           0   0.0056542
-0.00351932 -0.00701924  -0.0056542           0
Repeater1[0]<--->HoM1[0]
REAL
  0.440874   0.016413 0.00516664    0.40821
  0.016413  0.0526992  0.0175265  0.0210818
0.00516664  0.0175265  0.0462725  0.0072746
   0.40821  0.0210818  0.0072746   0.460154
IMAGINARY
          0 -0.00703672 -0.00015528 -0.00806264
 0.00703672           0  -0.0150335   0.0107143
 0.00015528   0.0150335           0  -0.0184291
 0.00806264  -0.0107143   0.0184291           0
EndNode1[0]<--->Repeater1[0]
REAL
   0.441541    0.006032   0.0173298    0.406614
   0.006032   0.0563961   0.0438201  -0.0129928
  0.0173298   0.0438201   0.0674003 -0.00665158
   0.406614  -0.0129928 -0.00665158    0.434663
IMAGINARY
           0   0.00378235  0.000661272    0.0183073
 -0.00378235            0   -0.0208454    0.0123177
-0.000661272    0.0208454            0   -0.0155252
  -0.0183073   -0.0123177    0.0155252            0
EndNode2[0]<--->HoM1[0]
REAL
  0.387376 0.00741883 -0.0083122   0.412026
0.00741883  0.0482673  0.0285429  0.0199401
-0.0083122  0.0285429  0.0556931 0.00679305
  0.412026  0.0199401 0.00679305   0.508663
IMAGINARY
           0    0.0017776     0.023089  0.000185143
  -0.0017776            0    0.0115336   -0.0288509
   -0.023089   -0.0115336            0    0.0129471
-0.000185143    0.0288509   -0.0129471            0
Repeater1[0]<--->EndNode1[0]
REAL
   0.441541   0.0173298    0.006032    0.406614
  0.0173298   0.0674003   0.0438201 -0.00665158
   0.006032   0.0438201   0.0563961  -0.0129928
   0.406614 -0.00665158  -0.0129928    0.434663
IMAGINARY
           0  0.000661272   0.00378235    0.0183073
-0.000661272            0    0.0208454   -0.0155252
 -0.00378235   -0.0208454            0    0.0123177
  -0.0183073    0.0155252   -0.0123177            0
Repeater1[0]<--->HoM1[0]
REAL
  0.387376 -0.0083122 0.00741883   0.412026
-0.0083122  0.0556931  0.0285429 0.00679305
0.00741883  0.0285429  0.0482673  0.0199401
  0.412026 0.00679305  0.0199401   0.508663
IMAGINARY
           0     0.023089    0.0017776  0.000185143
   -0.023089            0   -0.0115336    0.0129471
  -0.0017776    0.0115336            0   -0.0288509
-0.000185143   -0.0129471    0.0288509            0
EndNode1[0]<--->Repeater1[0]
REAL
   0.436601  0.00873329  0.00500668    0.412373
 0.00873329   0.0627451   0.0475738  0.00500668
 0.00500668   0.0475738   0.0366013 -0.00673062
   0.412373  0.00500668 -0.00673062    0.464052
IMAGINARY
          0  0.00712385  -0.0133678  -0.0158073
-0.00712385           0 -0.00644401 -0.00794771
  0.0133678  0.00644401           0   0.0202817
  0.0158073  0.00794771  -0.0202817           0
EndNode2[0]<--->HoM1[0]
REAL
   0.438889 -0.00376505 -0.00311604    0.414168
-0.00376505   0.0583333   0.0377913  -0.0101583
-0.00311604   0.0377913   0.0555556 0.000604491
   0.414168  -0.0101583 0.000604491    0.447222
IMAGINARY
           0  -0.00764953   0.00337196   -0.0220101
  0.00764953            0   0.00305586    0.0131519
 -0.00337196  -0.00305586            0 -0.000306406
   0.0220101   -0.0131519  0.000306406            0
Repeater1[0]<--->EndNode1[0]
REAL
   0.436601  0.00500668  0.00873329    0.412373
 0.00500668   0.0366013   0.0475738 -0.00673062
 0.00873329   0.0475738   0.0627451  0.00500668
   0.412373 -0.00673062  0.00500668    0.464052
IMAGINARY
          0  -0.0133678  0.00712385  -0.0158073
  0.0133678           0  0.00644401   0.0202817
-0.00712385 -0.00644401           0 -0.00794771
  0.0158073  -0.0202817  0.00794771           0
Repeater1[0]<--->HoM1[0]
REAL
   0.438889 -0.00311604 -0.00376505    0.414168
-0.00311604   0.0555556   0.0377913 0.000604491
-0.00376505   0.0377913   0.0583333  -0.0101583
   0.414168 0.000604491  -0.0101583    0.447222
IMAGINARY
           0   0.00337196  -0.00764953   -0.0220101
 -0.00337196            0  -0.00305586 -0.000306406
  0.00764953   0.00305586            0    0.0131519
   0.0220101  0.000306406   -0.0131519            0
EndNode1[0]<--->Repeater1[0]
REAL
    0.462392 -0.000671595  -0.00122907     0.422009
-0.000671595    0.0320592     0.035494    0.0111892
 -0.00122907     0.035494    0.0616523    0.0132878
    0.422009    0.0111892    0.0132878     0.443896
IMAGINARY
          0  0.00464906   0.0116973  0.00484579
-0.00464906           0  0.00422157   0.0303588
 -0.0116973 -0.00422157           0  -0.0106571
-0.00484579  -0.0303588   0.0106571           0
EndNode2[0]<--->HoM1[0]
REAL
  0.449239  0.0141793   0.021261   0.412994
 0.0141793   0.036802   0.025412 0.00410128
  0.021261   0.025412  0.0672589 0.00272892
  0.412994 0.00410128 0.00272892   0.446701
IMAGINARY
           0  -0.00138128   0.00421023  0.000803379
  0.00138128            0   0.00969531   0.00951526
 -0.00421023  -0.00969531            0   0.00334207
-0.000803379  -0.00951526  -0.00334207            0
Repeater1[0]<--->EndNode1[0]
REAL
    0.462392  -0.00122907 -0.000671595     0.422009
 -0.00122907    0.0616523     0.035494    0.0132878
-0.000671595     0.035494    0.0320592    0.0111892
    0.422009    0.0132878    0.0111892     0.443896
IMAGINARY
          0   0.0116973  0.00464906  0.00484579
 -0.0116973           0 -0.00422157  -0.0106571
-0.00464906  0.00422157           0   0.0303588
-0.00484579   0.0106571  -0.0303588           0
Repeater1[0]<--->HoM1[0]
REAL
  0.449239   0.021261  0.0141793   0.412994
  0.021261  0.0672589   0.025412 0.00272892
 0.0141793   0.025412   0.036802 0.00410128
  0.412994 0.00272892 0.00410128   0.446701
IMAGINARY
           0   0.00421023  -0.00138128  0.000803379
 -0.00421023            0  -0.00969531   0.00334207
  0.00138128   0.00969531            0   0.00951526
-0.000803379  -0.00334207  -0.00951526            0
EndNode1[0]<--->Repeater1[0]
REAL
   0.415167 -0.00905221  -0.0118399     0.41799
-0.00905221   0.0578406   0.0418493  -0.0169419
 -0.0118399   0.0418493   0.0578406  -0.0170522
    0.41799  -0.0169419  -0.0170522    0.469152
IMAGINARY
          0  0.00723326  -0.0112395   0.0034293
-0.00723326           0   -0.010892  -0.0063615
  0.0112395    0.010892           0 -0.00136625
 -0.0034293   0.0063615  0.00136625           0
EndNode2[0]<--->HoM1[0]
REAL
  0.473091  0.0137572 0.00846887   0.412088
 0.0137572   0.057572   0.043942 0.00911907
0.00846887   0.043942  0.0550688 0.00759957
  0.412088 0.00911907 0.00759957   0.414268
IMAGINARY
           0  -0.00116163  0.000652742  -0.00565327
  0.00116163            0  -0.00565327   0.00848564
-0.000652742   0.00565327            0  -0.00667127
  0.00565327  -0.00848564   0.00667127            0
Repeater1[0]<--->EndNode1[0]
REAL
   0.415167  -0.0118399 -0.00905221     0.41799
 -0.0118399   0.0578406   0.0418493  -0.0170522
-0.00905221   0.0418493   0.0578406  -0.0169419
    0.41799  -0.0170522  -0.0169419    0.469152
IMAGINARY
          0  -0.0112395  0.00723326   0.0034293
  0.0112395           0    0.010892 -0.00136625
-0.00723326   -0.010892           0  -0.0063615
 -0.0034293  0.00136625   0.0063615           0
Repeater1[0]<--->HoM1[0]
REAL
  0.473091 0.00846887  0.0137572   0.412088
0.00846887  0.0550688   0.043942 0.00759957
 0.0137572   0.043942   0.057572 0.00911907
  0.412088 0.00759957 0.00911907   0.414268
IMAGINARY
           0  0.000652742  -0.00116163  -0.00565327
-0.000652742            0   0.00565327  -0.00667127
  0.00116163  -0.00565327            0   0.00848564
  0.00565327   0.00667127  -0.00848564            0
EndNode1[0]<--->Repeater1[0]
REAL
   0.446499 -0.00132161   0.0113681      0.4309
-0.00132161   0.0515192    0.027877  -0.0233362
  0.0113681    0.027877   0.0541612 -0.00931669
     0.4309  -0.0233362 -0.00931669     0.44782
IMAGINARY
          0  -0.0105575  -0.0127315 -0.00998586
  0.0105575           0  -0.0106327  0.00517483
  0.0127315   0.0106327           0  0.00929807
 0.00998586 -0.00517483 -0.00929807           0
EndNode2[0]<--->HoM1[0]
REAL
   0.464993    0.022837  0.00833252    0.417445
   0.022837   0.0475561   0.0239613   0.0164071
 0.00833252   0.0239613   0.0554822 -0.00200372
   0.417445   0.0164071 -0.00200372    0.431968
IMAGINARY
          0 -0.00610719   0.0215141  -0.0106512
 0.00610719           0  -0.0100207   0.0248518
 -0.0215141   0.0100207           0  -0.0339931
  0.0106512  -0.0248518   0.0339931           0
Repeater1[0]<--->EndNode1[0]
REAL
   0.446499   0.0113681 -0.00132161      0.4309
  0.0113681   0.0541612    0.027877 -0.00931669
-0.00132161    0.027877   0.0515192  -0.0233362
     0.4309 -0.00931669  -0.0233362     0.44782
IMAGINARY
          0  -0.0127315  -0.0105575 -0.00998586
  0.0127315           0   0.0106327  0.00929807
  0.0105575  -0.0106327           0  0.00517483
 0.00998586 -0.00929807 -0.00517483           0
Repeater1[0]<--->HoM1[0]
REAL
   0.464993  0.00833252    0.022837    0.417445
 0.00833252   0.0554822   0.0239613 -0.00200372
   0.022837   0.0239613   0.0475561   0.0164071
   0.417445 -0.00200372   0.0164071    0.431968
IMAGINARY
          0   0.0215141 -0.00610719  -0.0106512
 -0.0215141           0   0.0100207  -0.0339931
 0.00610719  -0.0100207           0   0.0248518
  0.0106512   0.0339931  -0.0248518           0
EndNode1[0]<--->Repeater1[0]
REAL
   0.457944  -0.0180804 -0.00445545    0.397453
 -0.0180804   0.0493992   0.0430229  -0.0259678
-0.00445545   0.0430229   0.0320427  -0.0110201
   0.397453  -0.0259678  -0.0110201    0.460614
IMAGINARY
           0   -0.0078114   0.00377234 -0.000925604
   0.0078114            0   -0.0239435   0.00129095
 -0.00377234    0.0239435            0   0.00148228
 0.000925604  -0.00129095  -0.00148228            0
EndNode2[0]<--->HoM1[0]
REAL
   0.438462 -0.00775921   -0.024214    0.413689
-0.00775921   0.0551282   0.0409154 -0.00107779
  -0.024214   0.0409154   0.0435897  -0.0136416
   0.413689 -0.00107779  -0.0136416    0.462821
IMAGINARY
          0  -0.0128055  -0.0184365 -0.00253405
  0.0128055           0 -0.00190194 -0.00955329
  0.0184365  0.00190194           0   0.0204391
 0.00253405  0.00955329  -0.0204391           0
Repeater1[0]<--->EndNode1[0]
REAL
   0.457944 -0.00445545  -0.0180804    0.397453
-0.00445545   0.0320427   0.0430229  -0.0110201
 -0.0180804   0.0430229   0.0493992  -0.0259678
   0.397453  -0.0110201  -0.0259678    0.460614
IMAGINARY
           0   0.00377234   -0.0078114 -0.000925604
 -0.00377234            0    0.0239435   0.00148228
   0.0078114   -0.0239435            0   0.00129095
 0.000925604  -0.00148228  -0.00129095            0
Repeater1[0]<--->HoM1[0]
REAL
   0.438462   -0.024214 -0.00775921    0.413689
  -0.024214   0.0435897   0.0409154  -0.0136416
-0.00775921   0.0409154   0.0551282 -0.00107779
   0.413689  -0.0136416 -0.00107779    0.462821
IMAGINARY
          0  -0.0184365  -0.0128055 -0.00253405
  0.0184365           0  0.00190194   0.0204391
  0.0128055 -0.00190194           0 -0.00955329
 0.00253405  -0.0204391  0.00955329           0
EndNode1[0]<--->Repeater1[0]
REAL
  0.438131 0.00223729 0.00164052   0.416615
0.00223729  0.0643939  0.0216088 0.00543799
0.00164052  0.0216088  0.0542929 0.00998923
  0.416615 0.00543799 0.00998923   0.443182
IMAGINARY
           0   -0.0125996    0.0194895  -0.00565242
   0.0125996            0   -0.0144481  0.000356849
  -0.0194895    0.0144481            0   -0.0354158
  0.00565242 -0.000356849    0.0354158            0
EndNode2[0]<--->HoM1[0]
REAL
   0.463351   -0.016856  0.00447638    0.410073
  -0.016856   0.0353403   0.0411161 -0.00510216
 0.00447638   0.0411161   0.0497382   0.0124755
   0.410073 -0.00510216   0.0124755    0.451571
IMAGINARY
