EndNode1[0]<--->Repeater1[0]
REAL
   0.405013 -0.00213577  0.00340144    0.373346
-0.00213577   0.0699208    0.054604  -0.0164449
 0.00340144    0.054604   0.0897098  -0.0109077
   0.373346  -0.0164449  -0.0109077    0.435356
IMAGINARY
           0   -0.0153257    0.0172126  -0.00507294
   0.0153257            0  0.000108404   0.00189965
  -0.0172126 -0.000108404            0   0.00237877
  0.00507294  -0.00189965  -0.00237877            0
EndNode2[0]<--->HoM1[0]
REAL
   0.400966  0.00410639  -0.0165351    0.388672
 0.00410639   0.0688406   0.0434664   0.0248578
 -0.0165351   0.0434664   0.0833333 0.000375045
   0.388672   0.0248578 0.000375045     0.44686
IMAGINARY
          0  -0.0243522  0.00312725  -0.0152047
  0.0243522           0     0.01649  -0.0113464
-0.00312725    -0.01649           0  -0.0071547
  0.0152047   0.0113464   0.0071547           0
Repeater1[0]<--->EndNode1[0]
REAL
   0.405013  0.00340144 -0.00213577    0.373346
 0.00340144   0.0897098    0.054604  -0.0109077
-0.00213577    0.054604   0.0699208  -0.0164449
   0.373346  -0.0109077  -0.0164449    0.435356
IMAGINARY
           0    0.0172126   -0.0153257  -0.00507294
  -0.0172126            0 -0.000108404   0.00237877
   0.0153257  0.000108404            0   0.00189965
  0.00507294  -0.00237877  -0.00189965            0
Repeater1[0]<--->HoM1[0]
REAL
   0.400966  -0.0165351  0.00410639    0.388672
 -0.0165351   0.0833333   0.0434664 0.000375045
 0.00410639   0.0434664   0.0688406   0.0248578
   0.388672 0.000375045   0.0248578     0.44686
IMAGINARY
          0  0.00312725  -0.0243522  -0.0152047
-0.00312725           0    -0.01649  -0.0071547
  0.0243522     0.01649           0  -0.0113464
  0.0152047   0.0071547   0.0113464           0
EndNode1[0]<--->Repeater1[0]
REAL
  0.449007 0.00238462   0.016634   0.390962
0.00238462  0.0662252  0.0359615 0.00387886
  0.016634  0.0359615  0.0860927  0.0117179
  0.390962 0.00387886  0.0117179   0.398675
IMAGINARY
          0   0.0121982  0.00206395   -0.008786
 -0.0121982           0  0.00410059 -0.00956395
-0.00206395 -0.00410059           0   0.0103018
   0.008786  0.00956395  -0.0103018           0
EndNode2[0]<--->HoM1[0]
REAL
   0.458913  0.00977606 -0.00325954    0.385352
 0.00977606   0.0720607   0.0348051   0.0137307
-0.00325954   0.0348051   0.0733249  0.00200404
   0.385352   0.0137307  0.00200404    0.395702
IMAGINARY
          0   0.0249784   -0.018622 -0.00699207
 -0.0249784           0    0.008958 -0.00507183
   0.018622   -0.008958           0 -0.00735992
 0.00699207  0.00507183  0.00735992           0
Repeater1[0]<--->EndNode1[0]
REAL
  0.449007   0.016634 0.00238462   0.390962
  0.016634  0.0860927  0.0359615  0.0117179
0.00238462  0.0359615  0.0662252 0.00387886
  0.390962  0.0117179 0.00387886   0.398675
IMAGINARY
          0  0.00206395   0.0121982   -0.008786
-0.00206395           0 -0.00410059   0.0103018
 -0.0121982  0.00410059           0 -0.00956395
   0.008786  -0.0103018  0.00956395           0
Repeater1[0]<--->HoM1[0]
REAL
   0.458913 -0.00325954  0.00977606    0.385352
-0.00325954   0.0733249   0.0348051  0.00200404
 0.00977606   0.0348051   0.0720607   0.0137307
   0.385352  0.00200404   0.0137307    0.395702
IMAGINARY
          0   -0.018622   0.0249784 -0.00699207
   0.018622           0   -0.008958 -0.00735992
 -0.0249784    0.008958           0 -0.00507183
 0.00699207  0.00735992  0.00507183           0
EndNode1[0]<--->Repeater1[0]
REAL
    0.461538  -0.00421844 -0.000859788     0.367526
 -0.00421844    0.0782051    0.0477515  -0.00747354
-0.000859788    0.0477515    0.0615385  -0.00550378
    0.367526  -0.00747354  -0.00550378     0.398718
IMAGINARY
         0 -0.0153926 -0.0104305  0.0141977
 0.0153926          0  0.0154415  0.0310813
 0.0104305 -0.0154415          0 -0.0102644
-0.0141977 -0.0310813  0.0102644          0
EndNode2[0]<--->HoM1[0]
REAL
    0.430845   0.00674111 -0.000747022     0.386205
  0.00674111    0.0758874    0.0368718   0.00843933
-0.000747022    0.0368718    0.0844553    0.0035153
    0.386205   0.00843933    0.0035153     0.408813
IMAGINARY
           0   -0.0128201    -0.017732  0.000906123
   0.0128201            0   0.00741654  -0.00226804
    0.017732  -0.00741654            0    0.0181534
-0.000906123   0.00226804   -0.0181534            0
Repeater1[0]<--->EndNode1[0]
REAL
    0.461538 -0.000859788  -0.00421844     0.367526
-0.000859788    0.0615385    0.0477515  -0.00550378
 -0.00421844    0.0477515    0.0782051  -0.00747354
    0.367526  -0.00550378  -0.00747354     0.398718
IMAGINARY
         0 -0.0104305 -0.0153926  0.0141977
 0.0104305          0 -0.0154415 -0.0102644
 0.0153926  0.0154415          0  0.0310813
-0.0141977  0.0102644 -0.0310813          0
Repeater1[0]<--->HoM1[0]
REAL
    0.430845 -0.000747022   0.00674111     0.386205
-0.000747022    0.0844553    0.0368718    0.0035153
  0.00674111    0.0368718    0.0758874   0.00843933
    0.386205    0.0035153   0.00843933     0.408813
IMAGINARY
           0    -0.017732   -0.0128201  0.000906123
    0.017732            0  -0.00741654    0.0181534
   0.0128201   0.00741654            0  -0.00226804
-0.000906123   -0.0181534   0.00226804            0
EndNode1[0]<--->Repeater1[0]
REAL
   0.445752   0.0146679 -0.00731409    0.388182
  0.0146679   0.0810458   0.0386477   0.0349136
-0.00731409   0.0386477   0.0784314 -0.00375649
   0.388182   0.0349136 -0.00375649    0.394771
IMAGINARY
          0    0.003642  -0.0201297 -0.00166243
  -0.003642           0  -0.0244472   0.0181323
  0.0201297   0.0244472           0  0.00235001
 0.00166243  -0.0181323 -0.00235001           0
EndNode2[0]<--->HoM1[0]
REAL
   0.438509 -0.00104663   0.0165192    0.391541
-0.00104663   0.0745342   0.0403961  0.00311434
  0.0165192   0.0403961   0.0795031   0.0232979
   0.391541  0.00311434   0.0232979    0.407453
IMAGINARY
           0 -0.000693963    0.0154082  -0.00184829
 0.000693963            0   -0.0057853    0.0074926
  -0.0154082    0.0057853            0   -0.0158455
  0.00184829   -0.0074926    0.0158455            0
Repeater1[0]<--->EndNode1[0]
REAL
   0.445752 -0.00731409   0.0146679    0.388182
-0.00731409   0.0784314   0.0386477 -0.00375649
  0.0146679   0.0386477   0.0810458   0.0349136
   0.388182 -0.00375649   0.0349136    0.394771
IMAGINARY
          0  -0.0201297    0.003642 -0.00166243
  0.0201297           0   0.0244472  0.00235001
  -0.003642  -0.0244472           0   0.0181323
 0.00166243 -0.00235001  -0.0181323           0
Repeater1[0]<--->HoM1[0]
REAL
   0.438509   0.0165192 -0.00104663    0.391541
  0.0165192   0.0795031   0.0403961   0.0232979
-0.00104663   0.0403961   0.0745342  0.00311434
   0.391541   0.0232979  0.00311434    0.407453
IMAGINARY
           0    0.0154082 -0.000693963  -0.00184829
  -0.0154082            0    0.0057853   -0.0158455
 0.000693963   -0.0057853            0    0.0074926
  0.00184829    0.0158455   -0.0074926            0
EndNode1[0]<--->Repeater1[0]
REAL
   0.395161  0.00810474  0.00410887    0.392056
 0.00810474   0.0766129   0.0455996 -0.00286198
 0.00410887   0.0455996   0.0806452 0.000623441
   0.392056 -0.00286198 0.000623441    0.447581
IMAGINARY
          0   0.0183897 -0.00332932 -0.00586974
 -0.0183897           0  0.00050781   0.0151403
 0.00332932 -0.00050781           0  -0.0105156
 0.00586974  -0.0151403   0.0105156           0
EndNode2[0]<--->HoM1[0]
REAL
  0.450128  0.0166822  0.0136639   0.387428
 0.0166822   0.056266  0.0497578 0.00266777
 0.0136639  0.0497578  0.0907928  0.0122122
  0.387428 0.00266777  0.0122122   0.402813
IMAGINARY
           0 -0.000589232  -0.00848316    0.0110576
 0.000589232            0  -0.00847364 -0.000810523
  0.00848316   0.00847364            0   -0.0012695
  -0.0110576  0.000810523    0.0012695            0
Repeater1[0]<--->EndNode1[0]
REAL
   0.395161  0.00410887  0.00810474    0.392056
 0.00410887   0.0806452   0.0455996 0.000623441
 0.00810474   0.0455996   0.0766129 -0.00286198
   0.392056 0.000623441 -0.00286198    0.447581
IMAGINARY
          0 -0.00332932   0.0183897 -0.00586974
 0.00332932           0 -0.00050781  -0.0105156
 -0.0183897  0.00050781           0   0.0151403
 0.00586974   0.0105156  -0.0151403           0
Repeater1[0]<--->HoM1[0]
REAL
  0.450128  0.0136639  0.0166822   0.387428
 0.0136639  0.0907928  0.0497578  0.0122122
 0.0166822  0.0497578   0.056266 0.00266777
  0.387428  0.0122122 0.00266777   0.402813
IMAGINARY
           0  -0.00848316 -0.000589232    0.0110576
  0.00848316            0   0.00847364   -0.0012695
 0.000589232  -0.00847364            0 -0.000810523
  -0.0110576    0.0012695  0.000810523            0
EndNode1[0]<--->Repeater1[0]
REAL
  0.407859  0.0150003 0.00789673    0.39283
 0.0150003  0.0650407  0.0455901  0.0155303
0.00789673  0.0455901  0.0704607  0.0111042
   0.39283  0.0155303  0.0111042    0.45664
IMAGINARY
           0   0.00480121  -0.00942641  -0.00110566
 -0.00480121            0   -0.0111559 -0.000201318
  0.00942641    0.0111559            0  -0.00415936
  0.00110566  0.000201318   0.00415936            0
EndNode2[0]<--->HoM1[0]
REAL
   0.418868 -0.00514388  -0.0167377    0.369045
-0.00514388   0.0930818   0.0511068 -0.00417487
 -0.0167377   0.0511068   0.0691824  0.00070788
   0.369045 -0.00417487  0.00070788    0.418868
IMAGINARY
           0  -0.00753012  -0.00202745  0.000929749
  0.00753012            0  -0.00417229  -0.00265796
  0.00202745   0.00417229            0    0.0202477
-0.000929749   0.00265796   -0.0202477            0
Repeater1[0]<--->EndNode1[0]
REAL
  0.407859 0.00789673  0.0150003    0.39283
0.00789673  0.0704607  0.0455901  0.0111042
 0.0150003  0.0455901  0.0650407  0.0155303
   0.39283  0.0111042  0.0155303    0.45664
IMAGINARY
           0  -0.00942641   0.00480121  -0.00110566
  0.00942641            0    0.0111559  -0.00415936
 -0.00480121   -0.0111559            0 -0.000201318
  0.00110566   0.00415936  0.000201318            0
Repeater1[0]<--->HoM1[0]
REAL
   0.418868  -0.0167377 -0.00514388    0.369045
 -0.0167377   0.0691824   0.0511068  0.00070788
-0.00514388   0.0511068   0.0930818 -0.00417487
   0.369045  0.00070788 -0.00417487    0.418868
IMAGINARY
           0  -0.00202745  -0.00753012  0.000929749
  0.00202745            0   0.00417229    0.0202477
  0.00753012  -0.00417229            0  -0.00265796
-0.000929749   -0.0202477   0.00265796            0
EndNode1[0]<--->Repeater1[0]
REAL
   0.419518  0.00351413  0.00842373    0.369529
 0.00351413   0.0747782    0.041714 -0.00546515
 0.00842373    0.041714   0.0823828 -0.00883957
   0.369529 -0.00546515 -0.00883957    0.423321
IMAGINARY
          0  0.00154407 -0.00863789 -0.00526281
-0.00154407           0  -0.0212572  -0.0185144
 0.00863789   0.0212572           0   0.0256082
 0.00526281   0.0185144  -0.0256082           0
EndNode2[0]<--->HoM1[0]
REAL
   0.423329 -0.00866523  -0.0026746    0.378205
-0.00866523   0.0563565   0.0448718   0.0146109
 -0.0026746   0.0448718    0.078637  0.00999149
   0.378205   0.0146109  0.00999149    0.441678
IMAGINARY
           0   -0.0140968    0.0192635 -0.000186382
   0.0140968            0    0.0238084  -0.00691784
  -0.0192635   -0.0238084            0   0.00792394
 0.000186382   0.00691784  -0.00792394            0
Repeater1[0]<--->EndNode1[0]
REAL
   0.419518  0.00842373  0.00351413    0.369529
 0.00842373   0.0823828    0.041714 -0.00883957
 0.00351413    0.041714   0.0747782 -0.00546515
   0.369529 -0.00883957 -0.00546515    0.423321
IMAGINARY
          0 -0.00863789  0.00154407 -0.00526281
 0.00863789           0   0.0212572   0.0256082
-0.00154407  -0.0212572           0  -0.0185144
 0.00526281  -0.0256082   0.0185144           0
Repeater1[0]<--->HoM1[0]
REAL
   0.423329  -0.0026746 -0.00866523    0.378205
 -0.0026746    0.078637   0.0448718  0.00999149
-0.00866523   0.0448718   0.0563565   0.0146109
   0.378205  0.00999149   0.0146109    0.441678
IMAGINARY
           0    0.0192635   -0.0140968 -0.000186382
  -0.0192635            0   -0.0238084   0.00792394
   0.0140968    0.0238084            0  -0.00691784
 0.000186382  -0.00792394   0.00691784            0
EndNode1[0]<--->Repeater1[0]
REAL
   0.429139 -0.00686732  -0.0100686    0.386043
-0.00686732   0.0754967      0.0314  0.00407657
 -0.0100686      0.0314   0.0701987  -0.0177665
   0.386043  0.00407657  -0.0177665    0.425166
IMAGINARY
           0    0.0151305   -0.0126939  -0.00919726
  -0.0151305            0    0.0155911    0.0120209
   0.0126939   -0.0155911            0 -0.000998567
  0.00919726   -0.0120209  0.000998567            0
EndNode2[0]<--->HoM1[0]
REAL
   0.394602  -0.0111718 0.000924519    0.376142
 -0.0111718   0.0938303   0.0410636  -0.0132143
0.000924519   0.0410636   0.0796915  0.00405665
   0.376142  -0.0132143  0.00405665    0.431877
IMAGINARY
          0   0.0163766  0.00492941 -0.00859846
 -0.0163766           0   0.0300549  -0.0284896
-0.00492941  -0.0300549           0   0.0202727
 0.00859846   0.0284896  -0.0202727           0
Repeater1[0]<--->EndNode1[0]
REAL
   0.429139  -0.0100686 -0.00686732    0.386043
 -0.0100686   0.0701987      0.0314  -0.0177665
-0.00686732      0.0314   0.0754967  0.00407657
   0.386043  -0.0177665  0.00407657    0.425166
IMAGINARY
           0   -0.0126939    0.0151305  -0.00919726
   0.0126939            0   -0.0155911 -0.000998567
  -0.0151305    0.0155911            0    0.0120209
  0.00919726  0.000998567   -0.0120209            0
Repeater1[0]<--->HoM1[0]
REAL
   0.394602 0.000924519  -0.0111718    0.376142
0.000924519   0.0796915   0.0410636  0.00405665
 -0.0111718   0.0410636   0.0938303  -0.0132143
   0.376142  0.00405665  -0.0132143    0.431877
IMAGINARY
          0  0.00492941   0.0163766 -0.00859846
-0.00492941           0  -0.0300549   0.0202727
 -0.0163766   0.0300549           0  -0.0284896
 0.00859846  -0.0202727   0.0284896           0
EndNode1[0]<--->Repeater1[0]
REAL
   0.434177 0.000441829 -0.00584544    0.381139
0.000441829   0.0746835   0.0486854 -0.00919216
-0.00584544   0.0486854   0.0721519  -0.0179857
   0.381139 -0.00919216  -0.0179857    0.418987
IMAGINARY
           0    0.0210452    -0.017961  -0.00532231
  -0.0210452            0 -0.000233249  -0.00974352
    0.017961  0.000233249            0    0.0185326
  0.00532231   0.00974352   -0.0185326            0
EndNode2[0]<--->HoM1[0]
REAL
   0.414062 -0.00309887  -0.0028154    0.396881
-0.00309887   0.0846354   0.0411721 -0.00793049
 -0.0028154   0.0411721   0.0651042  0.00625942
   0.396881 -0.00793049  0.00625942    0.436198
IMAGINARY
           0    0.0135316     0.013805   -0.0109476
  -0.0135316            0  -0.00217571 -0.000630646
   -0.013805   0.00217571            0 -0.000357242
   0.0109476  0.000630646  0.000357242            0
Repeater1[0]<--->EndNode1[0]
REAL
   0.434177 -0.00584544 0.000441829    0.381139
-0.00584544   0.0721519   0.0486854  -0.0179857
0.000441829   0.0486854   0.0746835 -0.00919216
   0.381139  -0.0179857 -0.00919216    0.418987
IMAGINARY
           0    -0.017961    0.0210452  -0.00532231
    0.017961            0  0.000233249    0.0185326
  -0.0210452 -0.000233249            0  -0.00974352
  0.00532231   -0.0185326   0.00974352            0
Repeater1[0]<--->HoM1[0]
REAL
   0.414062  -0.0028154 -0.00309887    0.396881
 -0.0028154   0.0651042   0.0411721  0.00625942
-0.00309887   0.0411721   0.0846354 -0.00793049
   0.396881  0.00625942 -0.00793049    0.436198
IMAGINARY
           0     0.013805    0.0135316   -0.0109476
   -0.013805            0   0.00217571 -0.000357242
  -0.0135316  -0.00217571            0 -0.000630646
   0.0109476  0.000357242  0.000630646            0
EndNode1[0]<--->Repeater1[0]
REAL
   0.400773 -0.00486546  -0.0104624    0.378998
-0.00486546   0.0786082   0.0617033   -0.011101
 -0.0104624   0.0617033   0.0721649  -0.0193933
   0.378998   -0.011101  -0.0193933    0.448454
IMAGINARY
           0   0.00448394  -0.00205464    0.0107839
 -0.00448394            0    0.0101286    0.0139096
  0.00205464   -0.0101286            0 -0.000997185
  -0.0107839   -0.0139096  0.000997185            0
EndNode2[0]<--->HoM1[0]
REAL
    0.426506 -0.000458238  -0.00192249     0.383826
-0.000458238    0.0759036    0.0452058  -0.00259363
 -0.00192249    0.0452058    0.0843373  -0.00534821
    0.383826  -0.00259363  -0.00534821     0.413253
IMAGINARY
           0   0.00443743   -0.0055787   0.00334748
 -0.00443743            0     0.016168 -0.000628201
   0.0055787    -0.016168            0   0.00314877
 -0.00334748  0.000628201  -0.00314877            0
Repeater1[0]<--->EndNode1[0]
REAL
   0.400773  -0.0104624 -0.00486546    0.378998
 -0.0104624   0.0721649   0.0617033  -0.0193933
-0.00486546   0.0617033   0.0786082   -0.011101
   0.378998  -0.0193933   -0.011101    0.448454
IMAGINARY
           0  -0.00205464   0.00448394    0.0107839
  0.00205464            0   -0.0101286 -0.000997185
 -0.00448394    0.0101286            0    0.0139096
  -0.0107839  0.000997185   -0.0139096            0
Repeater1[0]<--->HoM1[0]
REAL
    0.426506  -0.00192249 -0.000458238     0.383826
 -0.00192249    0.0843373    0.0452058  -0.00534821
-0.000458238    0.0452058    0.0759036  -0.00259363
    0.383826  -0.00534821  -0.00259363     0.413253
IMAGINARY
           0   -0.0055787   0.00443743   0.00334748
   0.0055787            0    -0.016168   0.00314877
 -0.00443743     0.016168            0 -0.000628201
 -0.00334748  -0.00314877  0.000628201            0
EndNode1[0]<--->Repeater1[0]
REAL
   0.387677 -0.00902688  0.00842255    0.382584
-0.00902688   0.0770218   0.0462701  -0.0130339
 0.00842255   0.0462701   0.0795892   0.0228609
   0.382584  -0.0130339   0.0228609    0.455712
IMAGINARY
          0   0.0152213  -0.0103701  -0.0180665
 -0.0152213           0  -0.0253836 -0.00407284
  0.0103701   0.0253836           0   0.0171033
  0.0180665  0.00407284  -0.0171033           0
EndNode2[0]<--->HoM1[0]
REAL
   0.416557 1.39711e-05  0.00442153    0.380723
1.39711e-05   0.0696452   0.0473898  0.00905729
 0.00442153   0.0473898    0.065703   0.0108975
   0.380723  0.00905729   0.0108975    0.448095
IMAGINARY
          0 -0.00388583   0.0164879 -0.00760189
 0.00388583           0 -0.00247368 -0.00376526
 -0.0164879  0.00247368           0   0.0051581
 0.00760189  0.00376526  -0.0051581           0
Repeater1[0]<--->EndNode1[0]
REAL
   0.387677  0.00842255 -0.00902688    0.382584
 0.00842255   0.0795892   0.0462701   0.0228609
-0.00902688   0.0462701   0.0770218  -0.0130339
   0.382584   0.0228609  -0.0130339    0.455712
IMAGINARY
          0  -0.0103701   0.0152213  -0.0180665
  0.0103701           0   0.0253836   0.0171033
 -0.0152213  -0.0253836           0 -0.00407284
  0.0180665  -0.0171033  0.00407284           0
Repeater1[0]<--->HoM1[0]
REAL
   0.416557  0.00442153 1.39711e-05    0.380723
 0.00442153    0.065703   0.0473898   0.0108975
1.39711e-05   0.0473898   0.0696452  0.00905729
   0.380723   0.0108975  0.00905729    0.448095
IMAGINARY
          0   0.0164879 -0.00388583 -0.00760189
 -0.0164879           0  0.00247368   0.0051581
 0.00388583 -0.00247368           0 -0.00376526
 0.00760189  -0.0051581  0.00376526           0
EndNode1[0]<--->Repeater1[0]
REAL
   0.467721 -0.00332966   0.0273165    0.394683
-0.00332966   0.0764163   0.0432477  -0.0252476
  0.0273165   0.0432477   0.0724638 -0.00701517
   0.394683  -0.0252476 -0.00701517    0.383399
IMAGINARY
          0   -0.023211   0.0355549  0.00520973
   0.023211           0   0.0117714   0.0150069
 -0.0355549  -0.0117714           0  -0.0186118
-0.00520973  -0.0150069   0.0186118           0
EndNode2[0]<--->HoM1[0]
REAL
    0.44137 -0.00742574   0.0011745    0.386872
-0.00742574   0.0592885   0.0482897  0.00381303
  0.0011745   0.0482897   0.0764163  0.00742574
   0.386872  0.00381303  0.00742574    0.422925
IMAGINARY
          0  0.00529945  0.00459318  0.00938729
-0.00529945           0 -0.00475153  0.00459318
-0.00459318  0.00475153           0  -0.0131735
-0.00938729 -0.00459318   0.0131735           0
Repeater1[0]<--->EndNode1[0]
REAL
   0.467721   0.0273165 -0.00332966    0.394683
  0.0273165   0.0724638   0.0432477 -0.00701517
-0.00332966   0.0432477   0.0764163  -0.0252476
   0.394683 -0.00701517  -0.0252476    0.383399
IMAGINARY
          0   0.0355549   -0.023211  0.00520973
 -0.0355549           0  -0.0117714  -0.0186118
   0.023211   0.0117714           0   0.0150069
-0.00520973   0.0186118  -0.0150069           0
Repeater1[0]<--->HoM1[0]
REAL
    0.44137   0.0011745 -0.00742574    0.386872
  0.0011745   0.0764163   0.0482897  0.00742574
-0.00742574   0.0482897   0.0592885  0.00381303
   0.386872  0.00742574  0.00381303    0.422925
IMAGINARY
          0  0.00459318  0.00529945  0.00938729
-0.00459318           0  0.00475153  -0.0131735
-0.00529945 -0.00475153           0  0.00459318
-0.00938729   0.0131735 -0.00459318           0
EndNode1[0]<--->Repeater1[0]
REAL
   0.435247 0.000819143   0.0244708    0.381195
0.000819143   0.0921228   0.0403735 -0.00608841
  0.0244708   0.0403735   0.0614152   0.0126612
   0.381195 -0.00608841   0.0126612    0.411215
IMAGINARY
          0 -0.00777637 -0.00459009  0.00178072
 0.00777637           0   0.0141024   0.0206363
 0.00459009  -0.0141024           0   0.0148367
-0.00178072  -0.0206363  -0.0148367           0
EndNode2[0]<--->HoM1[0]
REAL
    0.410824   0.00931272 -0.000318471     0.378759
  0.00931272    0.0873309    0.0290327  0.000318471
-0.000318471    0.0290327    0.0873309  -0.00801402
    0.378759  0.000318471  -0.00801402     0.414514
IMAGINARY
          0   0.0126782 -0.00219161    0.006632
 -0.0126782           0    0.010969   0.0240495
 0.00219161   -0.010969           0  -0.0236072
  -0.006632  -0.0240495   0.0236072           0
Repeater1[0]<--->EndNode1[0]
REAL
   0.435247   0.0244708 0.000819143    0.381195
  0.0244708   0.0614152   0.0403735   0.0126612
0.000819143   0.0403735   0.0921228 -0.00608841
   0.381195   0.0126612 -0.00608841    0.411215
IMAGINARY
          0 -0.00459009 -0.00777637  0.00178072
 0.00459009           0  -0.0141024   0.0148367
 0.00777637   0.0141024           0   0.0206363
-0.00178072  -0.0148367  -0.0206363           0
Repeater1[0]<--->HoM1[0]
REAL
    0.410824 -0.000318471   0.00931272     0.378759
-0.000318471    0.0873309    0.0290327  -0.00801402
  0.00931272    0.0290327    0.0873309  0.000318471
    0.378759  -0.00801402  0.000318471     0.414514
IMAGINARY
          0 -0.00219161   0.0126782    0.006632
 0.00219161           0   -0.010969  -0.0236072
 -0.0126782    0.010969           0   0.0240495
  -0.006632   0.0236072  -0.0240495           0
EndNode1[0]<--->Repeater1[0]
REAL
   0.430203 -0.00850863  0.00873071    0.367662
-0.00850863   0.0799492   0.0491133 -0.00157857
 0.00873071   0.0491133   0.0532995     0.01306
   0.367662 -0.00157857     0.01306    0.436548
IMAGINARY
          0 -0.00304336    0.020661   0.0128405
 0.00304336           0 -0.00710802 -0.00722009
  -0.020661  0.00710802           0 -0.00367707
 -0.0128405  0.00722009  0.00367707           0
EndNode2[0]<--->HoM1[0]
REAL
   0.431931  -0.0122416  -0.0295931    0.384923
 -0.0122416   0.0693069   0.0398346  0.00532126
 -0.0295931   0.0398346   0.0693069 -0.00960307
   0.384923  0.00532126 -0.00960307    0.429455
IMAGINARY
          0  -0.0105311   0.0160916  0.00393799
  0.0105311           0   0.0110165  0.00405952
 -0.0160916  -0.0110165           0 -0.00332276
-0.00393799 -0.00405952  0.00332276           0
Repeater1[0]<--->EndNode1[0]
REAL
   0.430203  0.00873071 -0.00850863    0.367662
 0.00873071   0.0532995   0.0491133     0.01306
-0.00850863   0.0491133   0.0799492 -0.00157857
   0.367662     0.01306 -0.00157857    0.436548
IMAGINARY
          0    0.020661 -0.00304336   0.0128405
  -0.020661           0  0.00710802 -0.00367707
 0.00304336 -0.00710802           0 -0.00722009
 -0.0128405  0.00367707  0.00722009           0
Repeater1[0]<--->HoM1[0]
REAL
   0.431931  -0.0295931  -0.0122416    0.384923
 -0.0295931   0.0693069   0.0398346 -0.00960307
 -0.0122416   0.0398346   0.0693069  0.00532126
   0.384923 -0.00960307  0.00532126    0.429455
IMAGINARY
          0   0.0160916  -0.0105311  0.00393799
 -0.0160916           0  -0.0110165 -0.00332276
  0.0105311   0.0110165           0  0.00405952
-0.00393799  0.00332276 -0.00405952           0
EndNode1[0]<--->Repeater1[0]
REAL
   0.418936   0.0113288 -0.00928806    0.376109
  0.0113288   0.0713359   0.0459205  0.00557519
-0.00928806   0.0459205   0.0843061 -0.00390302
   0.376109  0.00557519 -0.00390302    0.425422
IMAGINARY
          0  0.00105225   0.0149852   -0.022504
-0.00105225           0 -0.00841001 -0.00932487
 -0.0149852  0.00841001           0  -0.0104862
   0.022504  0.00932487   0.0104862           0
EndNode2[0]<--->HoM1[0]
REAL
  0.424242  0.0255633  0.0205942   0.384547
 0.0255633  0.0592885  0.0306428  0.0224438
 0.0205942  0.0306428  0.0698287 0.00355067
  0.384547  0.0224438 0.00355067    0.44664
IMAGINARY
          0   0.0176605  -0.0022723  -0.0127322
 -0.0176605           0  0.00726776  0.00101285
  0.0022723 -0.00726776           0  -0.0113633
  0.0127322 -0.00101285   0.0113633           0
Repeater1[0]<--->EndNode1[0]
REAL
   0.418936 -0.00928806   0.0113288    0.376109
-0.00928806   0.0843061   0.0459205 -0.00390302
  0.0113288   0.0459205   0.0713359  0.00557519
   0.376109 -0.00390302  0.00557519    0.425422
IMAGINARY
          0   0.0149852  0.00105225   -0.022504
 -0.0149852           0  0.00841001  -0.0104862
-0.00105225 -0.00841001           0 -0.00932487
   0.022504   0.0104862  0.00932487           0
Repeater1[0]<--->HoM1[0]
REAL
  0.424242  0.0205942  0.0255633   0.384547
 0.0205942  0.0698287  0.0306428 0.00355067
 0.0255633  0.0306428  0.0592885  0.0224438
  0.384547 0.00355067  0.0224438    0.44664
IMAGINARY
          0  -0.0022723   0.0176605  -0.0127322
  0.0022723           0 -0.00726776  -0.0113633
 -0.0176605  0.00726776           0  0.00101285
  0.0127322   0.0113633 -0.00101285           0
EndNode1[0]<--->Repeater1[0]
REAL
   0.435832   0.0151137  0.00628561     0.38688
  0.0151137   0.0673443   0.0356296 -0.00936064
 0.00628561   0.0356296   0.0775095  -0.0120386
    0.38688 -0.00936064  -0.0120386    0.419314
IMAGINARY
          0  0.00142397 -0.00225225 -0.00623092
-0.00142397           0 -0.00876256  0.00225225
 0.00225225  0.00876256           0   -0.010174
 0.00623092 -0.00225225    0.010174           0
EndNode2[0]<--->HoM1[0]
REAL
   0.419355 -0.00560454  0.00405642    0.390819
-0.00560454   0.0833333   0.0393828  0.00466841
 0.00405642   0.0393828   0.0672043 -0.00177801
   0.390819  0.00466841 -0.00177801    0.430108
IMAGINARY
          0  0.00942055 -0.00470517   0.0130845
-0.00942055           0  -0.0310332  0.00283251
 0.00470517   0.0310332           0  0.00368807
 -0.0130845 -0.00283251 -0.00368807           0
Repeater1[0]<--->EndNode1[0]
REAL
   0.435832  0.00628561   0.0151137     0.38688
 0.00628561   0.0775095   0.0356296  -0.0120386
  0.0151137   0.0356296   0.0673443 -0.00936064
    0.38688  -0.0120386 -0.00936064    0.419314
IMAGINARY
          0 -0.00225225  0.00142397 -0.00623092
 0.00225225           0  0.00876256   -0.010174
-0.00142397 -0.00876256           0  0.00225225
 0.00623092    0.010174 -0.00225225           0
Repeater1[0]<--->HoM1[0]
REAL
   0.419355  0.00405642 -0.00560454    0.390819
 0.00405642   0.0672043   0.0393828 -0.00177801
-0.00560454   0.0393828   0.0833333  0.00466841
   0.390819 -0.00177801  0.00466841    0.430108
IMAGINARY
          0 -0.00470517  0.00942055   0.0130845
 0.00470517           0   0.0310332  0.00368807
-0.00942055  -0.0310332           0  0.00283251
 -0.0130845 -0.00368807 -0.00283251           0
EndNode1[0]<--->Repeater1[0]
REAL
  0.452903 0.00392039 0.00265948   0.388169
0.00392039  0.0825806  0.0396017 -0.0244528
0.00265948  0.0396017  0.0722581  -0.030695
  0.388169 -0.0244528  -0.030695   0.392258
IMAGINARY
          0    0.033037   0.0070131  -0.0102261
  -0.033037           0   0.0198786 -0.00496672
 -0.0070131  -0.0198786           0  -0.0091625
  0.0102261  0.00496672   0.0091625           0
EndNode2[0]<--->HoM1[0]
REAL
   0.438961   0.0145912 0.000789025    0.395538
  0.0145912    0.074026   0.0210232  0.00995687
0.000789025   0.0210232   0.0805195   0.0062685
   0.395538  0.00995687   0.0062685    0.406494
IMAGINARY
           0    0.0120056     0.001631 -0.000924417
  -0.0120056            0  -0.00219668   0.00289682
   -0.001631   0.00219668            0  -0.00489049
 0.000924417  -0.00289682   0.00489049            0
Repeater1[0]<--->EndNode1[0]
REAL
  0.452903 0.00265948 0.00392039   0.388169
0.00265948  0.0722581  0.0396017  -0.030695
0.00392039  0.0396017  0.0825806 -0.0244528
  0.388169  -0.030695 -0.0244528   0.392258
IMAGINARY
          0   0.0070131    0.033037  -0.0102261
 -0.0070131           0  -0.0198786  -0.0091625
  -0.033037   0.0198786           0 -0.00496672
  0.0102261   0.0091625  0.00496672           0
Repeater1[0]<--->HoM1[0]
REAL
   0.438961 0.000789025   0.0145912    0.395538
0.000789025   0.0805195   0.0210232   0.0062685
  0.0145912   0.0210232    0.074026  0.00995687
   0.395538   0.0062685  0.00995687    0.406494
IMAGINARY
           0     0.001631    0.0120056 -0.000924417
   -0.001631            0   0.00219668  -0.00489049
  -0.0120056  -0.00219668            0   0.00289682
 0.000924417   0.00489049  -0.00289682            0
EndNode1[0]<--->Repeater1[0]
REAL
   0.422627 -0.00525996  0.00857068     0.39559
-0.00525996   0.0702211   0.0441689   0.0309206
 0.00857068   0.0441689   0.0728218   0.0353804
    0.39559   0.0309206   0.0353804     0.43433
IMAGINARY
           0   -0.0283822  -0.00806796 -2.77131e-05
   0.0283822            0  -0.00131637    0.0171119
  0.00806796   0.00131637            0   0.00512636
 2.77131e-05   -0.0171119  -0.00512636            0
EndNode2[0]<--->HoM1[0]
REAL
  0.419267 0.00401291  0.0138159   0.399806
0.00401291   0.082768  0.0393127  0.0095002
 0.0138159  0.0393127  0.0773406  0.0180078
  0.399806  0.0095002  0.0180078   0.420624
IMAGINARY
           0   0.00562307    0.0037037 -0.000346412
 -0.00562307            0  -0.00980587    0.0037037
  -0.0037037   0.00980587            0    0.0030189
 0.000346412   -0.0037037   -0.0030189            0
Repeater1[0]<--->EndNode1[0]
REAL
   0.422627  0.00857068 -0.00525996     0.39559
 0.00857068   0.0728218   0.0441689   0.0353804
-0.00525996   0.0441689   0.0702211   0.0309206
    0.39559   0.0353804   0.0309206     0.43433
IMAGINARY
           0  -0.00806796   -0.0283822 -2.77131e-05
  0.00806796            0   0.00131637   0.00512636
   0.0283822  -0.00131637            0    0.0171119
 2.77131e-05  -0.00512636   -0.0171119            0
Repeater1[0]<--->HoM1[0]
REAL
  0.419267  0.0138159 0.00401291   0.399806
 0.0138159  0.0773406  0.0393127  0.0180078
0.00401291  0.0393127   0.082768  0.0095002
  0.399806  0.0180078  0.0095002   0.420624
IMAGINARY
           0    0.0037037   0.00562307 -0.000346412
  -0.0037037            0   0.00980587    0.0030189
 -0.00562307  -0.00980587            0    0.0037037
 0.000346412   -0.0030189   -0.0037037            0
EndNode1[0]<--->Repeater1[0]
REAL
 0.427681 0.0165315 0.0275127  0.397039
0.0165315 0.0860349 0.0404605 0.0158547
0.0275127 0.0404605 0.0760599 0.0204582
 0.397039 0.0158547 0.0204582  0.410224
IMAGINARY
          0  -0.0110705  0.00597581  -0.0129371
  0.0110705           0  0.00593078  -0.0138705
-0.00597581 -0.00593078           0   0.0123863
  0.0129371   0.0138705  -0.0123863           0
EndNode2[0]<--->HoM1[0]
REAL
   0.436298 -0.00201541   0.0278965    0.385277
-0.00201541   0.0733173   0.0356128  -0.0248062
  0.0278965   0.0356128   0.0685096 -0.00972749
   0.385277  -0.0248062 -0.00972749    0.421875
IMAGINARY
          0  0.00786786  -0.0120251  0.00966767
-0.00786786           0  0.00832719 -0.00743797
  0.0120251 -0.00832719           0  0.00354153
-0.00966767  0.00743797 -0.00354153           0
Repeater1[0]<--->EndNode1[0]
REAL
 0.427681 0.0275127 0.0165315  0.397039
0.0275127 0.0760599 0.0404605 0.0204582
0.0165315 0.0404605 0.0860349 0.0158547
 0.397039 0.0204582 0.0158547  0.410224
IMAGINARY
          0  0.00597581  -0.0110705  -0.0129371
-0.00597581           0 -0.00593078   0.0123863
  0.0110705  0.00593078           0  -0.0138705
  0.0129371  -0.0123863   0.0138705           0
Repeater1[0]<--->HoM1[0]
REAL
   0.436298   0.0278965 -0.00201541    0.385277
  0.0278965   0.0685096   0.0356128 -0.00972749
-0.00201541   0.0356128   0.0733173  -0.0248062
   0.385277 -0.00972749  -0.0248062    0.421875
IMAGINARY
          0  -0.0120251  0.00786786  0.00966767
  0.0120251           0 -0.00832719  0.00354153
-0.00786786  0.00832719           0 -0.00743797
-0.00966767 -0.00354153  0.00743797           0
EndNode1[0]<--->Repeater1[0]
REAL
   0.437995 -0.00432625  -0.0168265     0.38264
-0.00432625   0.0778364   0.0544746 0.000180343
 -0.0168265   0.0544746   0.0593668 -0.00862073
    0.38264 0.000180343 -0.00862073    0.424802
IMAGINARY
           0   0.00365851   0.00255378  0.000970246
 -0.00365851            0 -0.000970246    0.0142421
 -0.00255378  0.000970246            0  -0.00624248
-0.000970246   -0.0142421   0.00624248            0
EndNode2[0]<--->HoM1[0]
REAL
  0.423483 0.00315425 -0.0248801   0.382855
0.00315425  0.0897098  0.0196177   0.018012
-0.0248801  0.0196177  0.0725594  -0.011396
  0.382855   0.018012  -0.011396   0.414248
IMAGINARY
          0 -0.00601296 -0.00996312   0.0282641
 0.00601296           0  0.00410051  -0.0057207
 0.00996312 -0.00410051           0   0.0204421
 -0.0282641   0.0057207  -0.0204421           0
Repeater1[0]<--->EndNode1[0]
REAL
   0.437995  -0.0168265 -0.00432625     0.38264
 -0.0168265   0.0593668   0.0544746 -0.00862073
-0.00432625   0.0544746   0.0778364 0.000180343
    0.38264 -0.00862073 0.000180343    0.424802
IMAGINARY
           0   0.00255378   0.00365851  0.000970246
 -0.00255378            0  0.000970246  -0.00624248
 -0.00365851 -0.000970246            0    0.0142421
-0.000970246   0.00624248   -0.0142421            0
Repeater1[0]<--->HoM1[0]
REAL
  0.423483 -0.0248801 0.00315425   0.382855
-0.0248801  0.0725594  0.0196177  -0.011396
0.00315425  0.0196177  0.0897098   0.018012
  0.382855  -0.011396   0.018012   0.414248
IMAGINARY
          0 -0.00996312 -0.00601296   0.0282641
 0.00996312           0 -0.00410051   0.0204421
 0.00601296  0.00410051           0  -0.0057207
 -0.0282641  -0.0204421   0.0057207           0
EndNode1[0]<--->Repeater1[0]
REAL
   0.416883  -0.0195417  -0.0150544    0.392671
 -0.0195417   0.0779221   0.0355278 -0.00713882
 -0.0150544   0.0355278   0.0688312 -0.00917897
   0.392671 -0.00713882 -0.00917897    0.436364
IMAGINARY
          0 -0.00935162  -0.0146911 -0.00225769
 0.00935162           0   0.0068569  0.00237587
  0.0146911  -0.0068569           0  0.00935162
 0.00225769 -0.00237587 -0.00935162           0
EndNode2[0]<--->HoM1[0]
REAL
  0.426829 0.00681243  0.0123477   0.386071
0.00681243  0.0756098  0.0554046 0.00546405
 0.0123477  0.0554046  0.0719512 -0.0042679
  0.386071 0.00546405 -0.0042679    0.42561
IMAGINARY
          0 -0.00797354  0.00727826 -0.00512276
 0.00797354           0 -0.00135392  -0.0046116
-0.00727826  0.00135392           0 -0.00135979
 0.00512276   0.0046116  0.00135979           0
Repeater1[0]<--->EndNode1[0]
REAL
   0.416883  -0.0150544  -0.0195417    0.392671
 -0.0150544   0.0688312   0.0355278 -0.00917897
 -0.0195417   0.0355278   0.0779221 -0.00713882
   0.392671 -0.00917897 -0.00713882    0.436364
IMAGINARY
          0  -0.0146911 -0.00935162 -0.00225769
  0.0146911           0  -0.0068569  0.00935162
 0.00935162   0.0068569           0  0.00237587
 0.00225769 -0.00935162 -0.00237587           0
Repeater1[0]<--->HoM1[0]
REAL
  0.426829  0.0123477 0.00681243   0.386071
 0.0123477  0.0719512  0.0554046 -0.0042679
0.00681243  0.0554046  0.0756098 0.00546405
  0.386071 -0.0042679 0.00546405    0.42561
IMAGINARY
          0  0.00727826 -0.00797354 -0.00512276
-0.00727826           0  0.00135392 -0.00135979
 0.00797354 -0.00135392           0  -0.0046116
 0.00512276  0.00135979   0.0046116           0
EndNode1[0]<--->Repeater1[0]
REAL
   0.454892 -0.00591907  0.00774091    0.370091
-0.00591907   0.0787802   0.0507015  0.00463532
 0.00774091   0.0507015   0.0546379   0.0158201
   0.370091  0.00463532   0.0158201     0.41169
IMAGINARY
          0 -0.00105175  0.00281053  0.00195822
 0.00105175           0 -0.00195822  -0.0101146
-0.00281053  0.00195822           0  -0.0022683
-0.00195822   0.0101146   0.0022683           0
EndNode2[0]<--->HoM1[0]
REAL
   0.452514  0.00021264 -0.00467789    0.384265
 0.00021264   0.0488827   0.0370426 -0.00137538
-0.00467789   0.0370426   0.0740223   0.0143152
   0.384265 -0.00137538   0.0143152    0.424581
IMAGINARY
          0 -0.00158427  0.00874622  0.00716374
 0.00158427           0   0.0349415  0.00388004
-0.00874622  -0.0349415           0   0.0078974
-0.00716374 -0.00388004  -0.0078974           0
Repeater1[0]<--->EndNode1[0]
REAL
   0.454892  0.00774091 -0.00591907    0.370091
 0.00774091   0.0546379   0.0507015   0.0158201
-0.00591907   0.0507015   0.0787802  0.00463532
   0.370091   0.0158201  0.00463532     0.41169
IMAGINARY
          0  0.00281053 -0.00105175  0.00195822
-0.00281053           0  0.00195822  -0.0022683
 0.00105175 -0.00195822           0  -0.0101146
-0.00195822   0.0022683   0.0101146           0
Repeater1[0]<--->HoM1[0]
REAL
   0.452514 -0.00467789  0.00021264    0.384265
-0.00467789   0.0740223   0.0370426   0.0143152
 0.00021264   0.0370426   0.0488827 -0.00137538
   0.384265   0.0143152 -0.00137538    0.424581
IMAGINARY
          0  0.00874622 -0.00158427  0.00716374
-0.00874622           0  -0.0349415   0.0078974
 0.00158427   0.0349415           0  0.00388004
-0.00716374  -0.0078974 -0.00388004           0
EndNode1[0]<--->Repeater1[0]
REAL
  0.414634 0.00124136  0.0197872   0.383471
0.00124136  0.0691057  0.0552019 0.00712139
 0.0197872  0.0552019  0.0826558 0.00939694
  0.383471 0.00712139 0.00939694   0.433604
IMAGINARY
           0    -0.014511   -0.0039757   0.00146487
    0.014511            0   -0.0144182  -0.00328983
   0.0039757    0.0144182            0  0.000640487
 -0.00146487   0.00328983 -0.000640487            0
EndNode2[0]<--->HoM1[0]
REAL
   0.445876 -0.00191919  -0.0233465    0.382141
-0.00191919   0.0670103   0.0455397  0.00464329
 -0.0233465   0.0455397   0.0811856  -0.0167841
   0.382141  0.00464329  -0.0167841    0.405928
IMAGINARY
          0  -0.0162283   0.0178295    0.010555
  0.0162283           0  0.00860444 -0.00671835
 -0.0178295 -0.00860444           0 -0.00403316
  -0.010555  0.00671835  0.00403316           0
Repeater1[0]<--->EndNode1[0]
REAL
  0.414634  0.0197872 0.00124136   0.383471
 0.0197872  0.0826558  0.0552019 0.00939694
0.00124136  0.0552019  0.0691057 0.00712139
  0.383471 0.00939694 0.00712139   0.433604
IMAGINARY
           0   -0.0039757    -0.014511   0.00146487
   0.0039757            0    0.0144182  0.000640487
    0.014511   -0.0144182            0  -0.00328983
 -0.00146487 -0.000640487   0.00328983            0
Repeater1[0]<--->HoM1[0]
REAL
   0.445876  -0.0233465 -0.00191919    0.382141
 -0.0233465   0.0811856   0.0455397  -0.0167841
-0.00191919   0.0455397   0.0670103  0.00464329
   0.382141  -0.0167841  0.00464329    0.405928
IMAGINARY
          0   0.0178295  -0.0162283    0.010555
 -0.0178295           0 -0.00860444 -0.00403316
  0.0162283  0.00860444           0 -0.00671835
  -0.010555  0.00403316  0.00671835           0
EndNode1[0]<--->Repeater1[0]
REAL
   0.416773 -0.00989982  -0.0119247     0.37537
-0.00989982    0.064803   0.0331271  -0.0174871
 -0.0119247   0.0331271   0.0736976  -0.0221263
    0.37537  -0.0174871  -0.0221263    0.444727
IMAGINARY
          0  0.00842199   0.0123433  0.00413205
-0.00842199           0 -0.00350154   0.0143842
 -0.0123433  0.00350154           0  0.00266015
-0.00413205  -0.0143842 -0.00266015           0
EndNode2[0]<--->HoM1[0]
REAL
   0.449799 0.000215792  -0.0120909    0.385001
