EndNode1[0]<--->Repeater1[0]
REAL
   0.370068   0.0103835  0.00462016     0.17469
  0.0103835    0.133333   0.0630993 -0.00719086
 0.00462016   0.0630993     0.14966 -0.00267137
    0.17469 -0.00719086 -0.00267137    0.346939
IMAGINARY
           0  -0.00408091   0.00893958   -0.0145939
  0.00408091            0   0.00824873   0.00893958
 -0.00893958  -0.00824873            0 -0.000234753
   0.0145939  -0.00893958  0.000234753            0
EndNode2[0]<--->HoM1[0]
REAL
   0.365385   0.0154793  0.00814863    0.199149
  0.0154793    0.138462   0.0482056 -0.00814863
 0.00814863   0.0482056    0.142308 -0.00357456
   0.199149 -0.00814863 -0.00357456    0.353846
IMAGINARY
          0  0.00879134  0.00585911  0.00982792
-0.00879134           0  0.00914393  0.00222715
-0.00585911 -0.00914393           0    0.022206
-0.00982792 -0.00222715   -0.022206           0
Repeater1[0]<--->EndNode1[0]
REAL
   0.370068  0.00462016   0.0103835     0.17469
 0.00462016     0.14966   0.0630993 -0.00267137
  0.0103835   0.0630993    0.133333 -0.00719086
    0.17469 -0.00267137 -0.00719086    0.346939
IMAGINARY
           0   0.00893958  -0.00408091   -0.0145939
 -0.00893958            0  -0.00824873 -0.000234753
  0.00408091   0.00824873            0   0.00893958
   0.0145939  0.000234753  -0.00893958            0
Repeater1[0]<--->HoM1[0]
REAL
   0.365385  0.00814863   0.0154793    0.199149
 0.00814863    0.142308   0.0482056 -0.00357456
  0.0154793   0.0482056    0.138462 -0.00814863
   0.199149 -0.00357456 -0.00814863    0.353846
IMAGINARY
          0  0.00585911  0.00879134  0.00982792
-0.00585911           0 -0.00914393    0.022206
-0.00879134  0.00914393           0  0.00222715
-0.00982792   -0.022206 -0.00222715           0
EndNode1[0]<--->Repeater1[0]
REAL
   0.379581  -0.0204991  -0.0195568    0.196357
 -0.0204991    0.141361   0.0478884 -0.00218231
 -0.0195568   0.0478884    0.140052  0.00387507
   0.196357 -0.00218231  0.00387507    0.339005
IMAGINARY
          0  -0.0072959 -0.00348017   0.0116284
  0.0072959           0 -0.00515016   0.0241193
 0.00348017  0.00515016           0  0.00529856
 -0.0116284  -0.0241193 -0.00529856           0
EndNode2[0]<--->HoM1[0]
REAL
    0.40227   0.0107595 -0.00622494      0.1935
  0.0107595    0.143758   0.0305507  0.00749077
-0.00622494   0.0305507    0.124842 -0.00189873
     0.1935  0.00749077 -0.00189873     0.32913
IMAGINARY
           0 -0.000160058  -0.00863905  -0.00928382
 0.000160058            0  -0.00928382   -0.0204812
  0.00863905   0.00928382            0  -0.00293784
  0.00928382    0.0204812   0.00293784            0
Repeater1[0]<--->EndNode1[0]
REAL
   0.379581  -0.0195568  -0.0204991    0.196357
 -0.0195568    0.140052   0.0478884  0.00387507
 -0.0204991   0.0478884    0.141361 -0.00218231
   0.196357  0.00387507 -0.00218231    0.339005
IMAGINARY
          0 -0.00348017  -0.0072959   0.0116284
 0.00348017           0  0.00515016  0.00529856
  0.0072959 -0.00515016           0   0.0241193
 -0.0116284 -0.00529856  -0.0241193           0
Repeater1[0]<--->HoM1[0]
REAL
    0.40227 -0.00622494   0.0107595      0.1935
-0.00622494    0.124842   0.0305507 -0.00189873
  0.0107595   0.0305507    0.143758  0.00749077
     0.1935 -0.00189873  0.00749077     0.32913
IMAGINARY
           0  -0.00863905 -0.000160058  -0.00928382
  0.00863905            0   0.00928382  -0.00293784
 0.000160058  -0.00928382            0   -0.0204812
  0.00928382   0.00293784    0.0204812            0
EndNode1[0]<--->Repeater1[0]
REAL
   0.407979  -0.0184068 -0.00367968    0.204376
 -0.0184068    0.144144   0.0320303  0.00486171
-0.00367968   0.0320303    0.119691   0.0136787
   0.204376  0.00486171   0.0136787    0.328185
IMAGINARY
          0   0.0102456  -0.0127188  0.00435277
 -0.0102456           0  0.00912604  0.00551039
  0.0127188 -0.00912604           0  -0.0161433
-0.00435277 -0.00551039   0.0161433           0
EndNode2[0]<--->HoM1[0]
REAL
   0.406716 -0.00845935  -0.0134157    0.209739
-0.00845935    0.145522    0.015043  -0.0121136
 -0.0134157    0.015043    0.135572 -0.00586195
   0.209739  -0.0121136 -0.00586195    0.312189
IMAGINARY
          0  -0.0163235 -0.00455095  -0.0263894
  0.0163235           0  0.00109754 -0.00256419
 0.00455095 -0.00109754           0  -0.0024346
  0.0263894  0.00256419   0.0024346           0
Repeater1[0]<--->EndNode1[0]
REAL
   0.407979 -0.00367968  -0.0184068    0.204376
-0.00367968    0.119691   0.0320303   0.0136787
 -0.0184068   0.0320303    0.144144  0.00486171
   0.204376   0.0136787  0.00486171    0.328185
IMAGINARY
          0  -0.0127188   0.0102456  0.00435277
  0.0127188           0 -0.00912604  -0.0161433
 -0.0102456  0.00912604           0  0.00551039
-0.00435277   0.0161433 -0.00551039           0
Repeater1[0]<--->HoM1[0]
REAL
   0.406716  -0.0134157 -0.00845935    0.209739
 -0.0134157    0.135572    0.015043 -0.00586195
-0.00845935    0.015043    0.145522  -0.0121136
   0.209739 -0.00586195  -0.0121136    0.312189
IMAGINARY
          0 -0.00455095  -0.0163235  -0.0263894
 0.00455095           0 -0.00109754  -0.0024346
  0.0163235  0.00109754           0 -0.00256419
  0.0263894   0.0024346  0.00256419           0
EndNode1[0]<--->Repeater1[0]
REAL
   0.379481   0.0155822  -0.0159918    0.211942
  0.0155822    0.127318   0.0197355 0.000463873
 -0.0159918   0.0197355    0.153276  -0.0211723
   0.211942 0.000463873  -0.0211723    0.339926
IMAGINARY
          0 -0.00661111   0.0111902  -0.0298469
 0.00661111           0  -0.0173469  0.00796438
 -0.0111902   0.0173469           0  -0.0112224
  0.0298469 -0.00796438   0.0112224           0
EndNode2[0]<--->HoM1[0]
REAL
   0.387516 0.000763113 -0.00400978    0.216672
0.000763113    0.126138   0.0561703  -0.0162948
-0.00400978   0.0561703    0.137841 -0.00457022
   0.216672  -0.0162948 -0.00457022    0.348505
IMAGINARY
           0   0.00640713  -0.00424193  -0.00640694
 -0.00640713            0  -0.00761176  0.000939419
  0.00424193   0.00761176            0   -0.0149937
  0.00640694 -0.000939419    0.0149937            0
Repeater1[0]<--->EndNode1[0]
REAL
   0.379481  -0.0159918   0.0155822    0.211942
 -0.0159918    0.153276   0.0197355  -0.0211723
  0.0155822   0.0197355    0.127318 0.000463873
   0.211942  -0.0211723 0.000463873    0.339926
IMAGINARY
          0   0.0111902 -0.00661111  -0.0298469
 -0.0111902           0   0.0173469  -0.0112224
 0.00661111  -0.0173469           0  0.00796438
  0.0298469   0.0112224 -0.00796438           0
Repeater1[0]<--->HoM1[0]
REAL
   0.387516 -0.00400978 0.000763113    0.216672
-0.00400978    0.137841   0.0561703 -0.00457022
0.000763113   0.0561703    0.126138  -0.0162948
   0.216672 -0.00457022  -0.0162948    0.348505
IMAGINARY
           0  -0.00424193   0.00640713  -0.00640694
  0.00424193            0   0.00761176   -0.0149937
 -0.00640713  -0.00761176            0  0.000939419
  0.00640694    0.0149937 -0.000939419            0
EndNode1[0]<--->Repeater1[0]
REAL
  0.404664 -0.0131795  0.0150868   0.195316
-0.0131795   0.135802  0.0430864 0.00939777
 0.0150868  0.0430864   0.111111  0.0209114
  0.195316 0.00939777  0.0209114   0.348422
IMAGINARY
          0    0.021441  -0.0232679 -0.00220083
  -0.021441           0  0.00732903  0.00734434
  0.0232679 -0.00732903           0  0.00339976
 0.00220083 -0.00734434 -0.00339976           0
EndNode2[0]<--->HoM1[0]
REAL
  0.405548  0.0205635  -0.028269   0.190869
 0.0205635    0.14531  0.0522858   0.010668
 -0.028269  0.0522858   0.122853 -0.0212154
  0.190869   0.010668 -0.0212154   0.326288
IMAGINARY
          0  0.00295526   0.0104035 -0.00279127
-0.00295526           0      0.0367  0.00974301
 -0.0104035     -0.0367           0  0.00864426
 0.00279127 -0.00974301 -0.00864426           0
Repeater1[0]<--->EndNode1[0]
REAL
  0.404664  0.0150868 -0.0131795   0.195316
 0.0150868   0.111111  0.0430864  0.0209114
-0.0131795  0.0430864   0.135802 0.00939777
  0.195316  0.0209114 0.00939777   0.348422
IMAGINARY
          0  -0.0232679    0.021441 -0.00220083
  0.0232679           0 -0.00732903  0.00339976
  -0.021441  0.00732903           0  0.00734434
 0.00220083 -0.00339976 -0.00734434           0
Repeater1[0]<--->HoM1[0]
REAL
  0.405548  -0.028269  0.0205635   0.190869
 -0.028269   0.122853  0.0522858 -0.0212154
 0.0205635  0.0522858    0.14531   0.010668
  0.190869 -0.0212154   0.010668   0.326288
IMAGINARY
          0   0.0104035  0.00295526 -0.00279127
 -0.0104035           0     -0.0367  0.00864426
-0.00295526      0.0367           0  0.00974301
 0.00279127 -0.00864426 -0.00974301           0
EndNode1[0]<--->Repeater1[0]
REAL
   0.379487 -0.00540239  -0.0135894    0.192898
-0.00540239    0.142308   0.0402662 -0.00356434
 -0.0135894   0.0402662    0.147436  0.00603772
   0.192898 -0.00356434  0.00603772    0.330769
IMAGINARY
          0   0.0131683  -0.0046377  -0.0184474
 -0.0131683           0   0.0119874  0.00990086
  0.0046377  -0.0119874           0   0.0210423
  0.0184474 -0.00990086  -0.0210423           0
EndNode2[0]<--->HoM1[0]
REAL
   0.369452  -0.0047252 -0.00822197    0.191161
 -0.0047252     0.13577   0.0459591  0.00491946
-0.00822197   0.0459591    0.148825   0.0106697
   0.191161  0.00491946   0.0106697    0.345953
IMAGINARY
          0  -0.0180178  0.00727417  0.00989278
  0.0180178           0  0.00167534  0.00408946
-0.00727417 -0.00167534           0  -0.0122853
-0.00989278 -0.00408946   0.0122853           0
Repeater1[0]<--->EndNode1[0]
REAL
   0.379487  -0.0135894 -0.00540239    0.192898
 -0.0135894    0.147436   0.0402662  0.00603772
-0.00540239   0.0402662    0.142308 -0.00356434
   0.192898  0.00603772 -0.00356434    0.330769
IMAGINARY
          0  -0.0046377   0.0131683  -0.0184474
  0.0046377           0  -0.0119874   0.0210423
 -0.0131683   0.0119874           0  0.00990086
  0.0184474  -0.0210423 -0.00990086           0
Repeater1[0]<--->HoM1[0]
REAL
   0.369452 -0.00822197  -0.0047252    0.191161
-0.00822197    0.148825   0.0459591   0.0106697
 -0.0047252   0.0459591     0.13577  0.00491946
   0.191161   0.0106697  0.00491946    0.345953
IMAGINARY
          0  0.00727417  -0.0180178  0.00989278
-0.00727417           0 -0.00167534  -0.0122853
  0.0180178  0.00167534           0  0.00408946
-0.00989278   0.0122853 -0.00408946           0
EndNode1[0]<--->Repeater1[0]
REAL
   0.351459  -0.0204354 -0.00848283     0.18325
 -0.0204354    0.155172   0.0351484  0.00785704
-0.00848283   0.0351484    0.136605   0.0210612
    0.18325  0.00785704   0.0210612    0.356764
IMAGINARY
          0  0.00171823 -0.00597663 -0.00160213
-0.00171823           0   0.0378716    0.024964
 0.00597663  -0.0378716           0  0.00967417
 0.00160213   -0.024964 -0.00967417           0
EndNode2[0]<--->HoM1[0]
REAL
   0.372574   0.0139501  0.00528929    0.197478
  0.0139501    0.117723   0.0324846 -0.00837191
 0.00528929   0.0324846     0.14489 -0.00346923
   0.197478 -0.00837191 -0.00346923    0.364812
IMAGINARY
          0  -0.0153581   0.0462171  0.00109875
  0.0153581           0   0.0195198   -0.010458
 -0.0462171  -0.0195198           0  -0.0166369
-0.00109875    0.010458   0.0166369           0
Repeater1[0]<--->EndNode1[0]
REAL
   0.351459 -0.00848283  -0.0204354     0.18325
-0.00848283    0.136605   0.0351484   0.0210612
 -0.0204354   0.0351484    0.155172  0.00785704
    0.18325   0.0210612  0.00785704    0.356764
IMAGINARY
          0 -0.00597663  0.00171823 -0.00160213
 0.00597663           0  -0.0378716  0.00967417
-0.00171823   0.0378716           0    0.024964
 0.00160213 -0.00967417   -0.024964           0
Repeater1[0]<--->HoM1[0]
REAL
   0.372574  0.00528929   0.0139501    0.197478
 0.00528929     0.14489   0.0324846 -0.00346923
  0.0139501   0.0324846    0.117723 -0.00837191
   0.197478 -0.00346923 -0.00837191    0.364812
IMAGINARY
          0   0.0462171  -0.0153581  0.00109875
 -0.0462171           0  -0.0195198  -0.0166369
  0.0153581   0.0195198           0   -0.010458
-0.00109875   0.0166369    0.010458           0
EndNode1[0]<--->Repeater1[0]
REAL
   0.359211  -0.0160952   -0.012377    0.199184
 -0.0160952    0.163158   0.0329588 0.000897372
  -0.012377   0.0329588    0.147368 -0.00558844
   0.199184 0.000897372 -0.00558844    0.330263
IMAGINARY
          0  -0.0171758 -0.00326612   -0.028951
  0.0171758           0   0.0241891  0.00525288
 0.00326612  -0.0241891           0    -0.01395
   0.028951 -0.00525288     0.01395           0
EndNode2[0]<--->HoM1[0]
REAL
    0.361147 -0.000781545    0.0175492     0.208163
-0.000781545     0.152542    0.0338913    0.0215706
   0.0175492    0.0338913     0.134289     0.019119
    0.208163    0.0215706     0.019119     0.352021
IMAGINARY
          0  -0.0113998  -0.0106885 -0.00861157
  0.0113998           0 -0.00407201  -0.0140263
  0.0106885  0.00407201           0  -0.0107802
 0.00861157   0.0140263   0.0107802           0
Repeater1[0]<--->EndNode1[0]
REAL
   0.359211   -0.012377  -0.0160952    0.199184
  -0.012377    0.147368   0.0329588 -0.00558844
 -0.0160952   0.0329588    0.163158 0.000897372
   0.199184 -0.00558844 0.000897372    0.330263
IMAGINARY
          0 -0.00326612  -0.0171758   -0.028951
 0.00326612           0  -0.0241891    -0.01395
  0.0171758   0.0241891           0  0.00525288
   0.028951     0.01395 -0.00525288           0
Repeater1[0]<--->HoM1[0]
REAL
    0.361147    0.0175492 -0.000781545     0.208163
   0.0175492     0.134289    0.0338913     0.019119
-0.000781545    0.0338913     0.152542    0.0215706
    0.208163     0.019119    0.0215706     0.352021
IMAGINARY
          0  -0.0106885  -0.0113998 -0.00861157
  0.0106885           0  0.00407201  -0.0107802
  0.0113998 -0.00407201           0  -0.0140263
 0.00861157   0.0107802   0.0140263           0
EndNode1[0]<--->Repeater1[0]
REAL
   0.368286  -0.0255025   0.0174212    0.196638
 -0.0255025    0.131714   0.0282029 -0.00149768
  0.0174212   0.0282029    0.143223   0.0159483
   0.196638 -0.00149768   0.0159483    0.356777
IMAGINARY
          0  -0.0102529  -0.0281347  0.00376464
  0.0102529           0  0.00441147 -0.00767433
  0.0281347 -0.00441147           0 -0.00964095
-0.00376464  0.00767433  0.00964095           0
EndNode2[0]<--->HoM1[0]
REAL
   0.365729  0.00103627   0.0163736    0.185943
 0.00103627    0.136829   0.0410836 -0.00691411
  0.0163736   0.0410836     0.14578  0.00301778
   0.185943 -0.00691411  0.00301778    0.351662
IMAGINARY
          0  0.00341336  0.00223103  0.00882586
-0.00341336           0 -0.00248068 -0.00456748
-0.00223103  0.00248068           0  -0.0127592
-0.00882586  0.00456748   0.0127592           0
Repeater1[0]<--->EndNode1[0]
REAL
   0.368286   0.0174212  -0.0255025    0.196638
  0.0174212    0.143223   0.0282029   0.0159483
 -0.0255025   0.0282029    0.131714 -0.00149768
   0.196638   0.0159483 -0.00149768    0.356777
IMAGINARY
          0  -0.0281347  -0.0102529  0.00376464
  0.0281347           0 -0.00441147 -0.00964095
  0.0102529  0.00441147           0 -0.00767433
-0.00376464  0.00964095  0.00767433           0
Repeater1[0]<--->HoM1[0]
REAL
   0.365729   0.0163736  0.00103627    0.185943
  0.0163736     0.14578   0.0410836  0.00301778
 0.00103627   0.0410836    0.136829 -0.00691411
   0.185943  0.00301778 -0.00691411    0.351662
IMAGINARY
          0  0.00223103  0.00341336  0.00882586
-0.00223103           0  0.00248068  -0.0127592
-0.00341336 -0.00248068           0 -0.00456748
-0.00882586   0.0127592  0.00456748           0
EndNode1[0]<--->Repeater1[0]
REAL
   0.371498  -0.0103444 -0.00724672    0.183152
 -0.0103444    0.114495   0.0284379 -0.00488266
-0.00724672   0.0284379    0.174178 -0.00717582
   0.183152 -0.00488266 -0.00717582    0.339829
IMAGINARY
          0  0.00368667 -0.00614821  0.00943224
-0.00368667           0 -0.00231711  0.00681222
 0.00614821  0.00231711           0  -0.0149748
-0.00943224 -0.00681222   0.0149748           0
EndNode2[0]<--->HoM1[0]
REAL
   0.365476 -0.00504416 -0.00822043     0.20461
-0.00504416    0.134524   0.0366659  -0.0140419
-0.00822043   0.0366659    0.161905  -0.0136081
    0.20461  -0.0140419  -0.0136081    0.338095
IMAGINARY
           0   0.00581474   -0.0132837    0.0015857
 -0.00581474            0   -0.0233806  -0.00778915
   0.0132837    0.0233806            0 -6.76133e-05
  -0.0015857   0.00778915  6.76133e-05            0
Repeater1[0]<--->EndNode1[0]
REAL
   0.371498 -0.00724672  -0.0103444    0.183152
-0.00724672    0.174178   0.0284379 -0.00717582
 -0.0103444   0.0284379    0.114495 -0.00488266
   0.183152 -0.00717582 -0.00488266    0.339829
IMAGINARY
          0 -0.00614821  0.00368667  0.00943224
 0.00614821           0  0.00231711  -0.0149748
-0.00368667 -0.00231711           0  0.00681222
-0.00943224   0.0149748 -0.00681222           0
Repeater1[0]<--->HoM1[0]
REAL
   0.365476 -0.00822043 -0.00504416     0.20461
-0.00822043    0.161905   0.0366659  -0.0136081
-0.00504416   0.0366659    0.134524  -0.0140419
    0.20461  -0.0136081  -0.0140419    0.338095
IMAGINARY
           0   -0.0132837   0.00581474    0.0015857
   0.0132837            0    0.0233806 -6.76133e-05
 -0.00581474   -0.0233806            0  -0.00778915
  -0.0015857  6.76133e-05   0.00778915            0
EndNode1[0]<--->Repeater1[0]
REAL
   0.401699   0.0013952 -0.00996634    0.199959
  0.0013952     0.10801   0.0590614  -0.0106522
-0.00996634   0.0590614    0.134709  -0.0104158
   0.199959  -0.0106522  -0.0104158    0.355583
IMAGINARY
          0 -0.00538593  -0.0124626  0.00779632
 0.00538593           0   0.0181859  -0.0174626
  0.0124626  -0.0181859           0  -0.0120704
-0.00779632   0.0174626   0.0120704           0
EndNode2[0]<--->HoM1[0]
REAL
   0.379924 -0.00316598  -0.0203964    0.196967
-0.00316598    0.146125   0.0415706  0.00366777
 -0.0203964   0.0415706    0.115629  -0.0123235
   0.196967  0.00366777  -0.0123235    0.358323
IMAGINARY
          0  0.00133935   0.0148521   0.0166122
-0.00133935           0  0.00648562   0.0209086
 -0.0148521 -0.00648562           0  0.00321201
 -0.0166122  -0.0209086 -0.00321201           0
Repeater1[0]<--->EndNode1[0]
REAL
   0.401699 -0.00996634   0.0013952    0.199959
-0.00996634    0.134709   0.0590614  -0.0104158
  0.0013952   0.0590614     0.10801  -0.0106522
   0.199959  -0.0104158  -0.0106522    0.355583
IMAGINARY
          0  -0.0124626 -0.00538593  0.00779632
  0.0124626           0  -0.0181859  -0.0120704
 0.00538593   0.0181859           0  -0.0174626
-0.00779632   0.0120704   0.0174626           0
Repeater1[0]<--->HoM1[0]
REAL
   0.379924  -0.0203964 -0.00316598    0.196967
 -0.0203964    0.115629   0.0415706  -0.0123235
-0.00316598   0.0415706    0.146125  0.00366777
   0.196967  -0.0123235  0.00366777    0.358323
IMAGINARY
          0   0.0148521  0.00133935   0.0166122
 -0.0148521           0 -0.00648562  0.00321201
-0.00133935  0.00648562           0   0.0209086
 -0.0166122 -0.00321201  -0.0209086           0
EndNode1[0]<--->Repeater1[0]
REAL
   0.341115  0.00773773   0.0253419    0.180413
 0.00773773     0.14786   0.0395866  0.00965809
  0.0253419   0.0395866    0.149157 -0.00023773
   0.180413  0.00965809 -0.00023773    0.361868
IMAGINARY
          0 -0.00545736   0.0158765  -0.0239604
 0.00545736           0  0.00860662  0.00996326
 -0.0158765 -0.00860662           0   0.0132093
  0.0239604 -0.00996326  -0.0132093           0
EndNode2[0]<--->HoM1[0]
REAL
   0.378049 -0.00540084 -0.00529852    0.206382
-0.00540084    0.139566   0.0346064  -0.0194011
-0.00529852   0.0346064    0.138211  -0.0139583
   0.206382  -0.0194011  -0.0139583    0.344173
IMAGINARY
           0   -0.0325618   -0.0050208   -0.0114889
   0.0325618            0    0.0146257 -0.000726324
   0.0050208   -0.0146257            0   0.00893476
   0.0114889  0.000726324  -0.00893476            0
Repeater1[0]<--->EndNode1[0]
REAL
   0.341115   0.0253419  0.00773773    0.180413
  0.0253419    0.149157   0.0395866 -0.00023773
 0.00773773   0.0395866     0.14786  0.00965809
   0.180413 -0.00023773  0.00965809    0.361868
IMAGINARY
          0   0.0158765 -0.00545736  -0.0239604
 -0.0158765           0 -0.00860662   0.0132093
 0.00545736  0.00860662           0  0.00996326
  0.0239604  -0.0132093 -0.00996326           0
Repeater1[0]<--->HoM1[0]
REAL
   0.378049 -0.00529852 -0.00540084    0.206382
-0.00529852    0.138211   0.0346064  -0.0139583
-0.00540084   0.0346064    0.139566  -0.0194011
   0.206382  -0.0139583  -0.0194011    0.344173
IMAGINARY
           0   -0.0050208   -0.0325618   -0.0114889
   0.0050208            0   -0.0146257   0.00893476
   0.0325618    0.0146257            0 -0.000726324
   0.0114889  -0.00893476  0.000726324            0
EndNode1[0]<--->Repeater1[0]
REAL
   0.410622 -0.00313838 -0.00155445    0.173434
-0.00313838    0.132124   0.0397442  -0.0100735
-0.00155445   0.0397442    0.123057  -0.0317453
   0.173434  -0.0100735  -0.0317453    0.334197
IMAGINARY
          0 -0.00683513  0.00739078  0.00472381
 0.00683513           0  -0.0233374 -0.00204318
-0.00739078   0.0233374           0  0.00148753
-0.00472381  0.00204318 -0.00148753           0
EndNode2[0]<--->HoM1[0]
REAL
   0.365079  0.00949049 -0.00034754    0.189462
 0.00949049     0.14418   0.0429324  0.00354856
-0.00034754   0.0429324    0.119048 -0.00756988
   0.189462  0.00354856 -0.00756988    0.371693
IMAGINARY
          0 -0.00139139   0.0255193  0.00368339
 0.00139139           0  0.00878543  0.00661443
 -0.0255193 -0.00878543           0 -0.00889139
-0.00368339 -0.00661443  0.00889139           0
Repeater1[0]<--->EndNode1[0]
REAL
   0.410622 -0.00155445 -0.00313838    0.173434
-0.00155445    0.123057   0.0397442  -0.0317453
-0.00313838   0.0397442    0.132124  -0.0100735
   0.173434  -0.0317453  -0.0100735    0.334197
IMAGINARY
          0  0.00739078 -0.00683513  0.00472381
-0.00739078           0   0.0233374  0.00148753
 0.00683513  -0.0233374           0 -0.00204318
-0.00472381 -0.00148753  0.00204318           0
Repeater1[0]<--->HoM1[0]
REAL
   0.365079 -0.00034754  0.00949049    0.189462
-0.00034754    0.119048   0.0429324 -0.00756988
 0.00949049   0.0429324     0.14418  0.00354856
   0.189462 -0.00756988  0.00354856    0.371693
IMAGINARY
          0   0.0255193 -0.00139139  0.00368339
 -0.0255193           0 -0.00878543 -0.00889139
 0.00139139  0.00878543           0  0.00661443
-0.00368339  0.00889139 -0.00661443           0
EndNode1[0]<--->Repeater1[0]
REAL
   0.367937 -0.00353903 -0.00629919    0.194141
-0.00353903    0.134034    0.028751 -0.00106359
-0.00629919    0.028751    0.135348 0.000192312
   0.194141 -0.00106359 0.000192312    0.362681
IMAGINARY
          0 -0.00598138  0.00727278   0.0279732
 0.00598138           0    0.011927 -0.00280279
-0.00727278   -0.011927           0  -0.0138143
 -0.0279732  0.00280279   0.0138143           0
EndNode2[0]<--->HoM1[0]
REAL
   0.369251 -0.00354209  0.00742028    0.199072
-0.00354209    0.115637   0.0465195 -0.00490138
 0.00742028   0.0465195    0.164258  0.00606098
   0.199072 -0.00490138  0.00606098    0.350854
IMAGINARY
          0  -0.0149232 -0.00217933  0.00717532
  0.0149232           0  0.00973943 -0.00217933
 0.00217933 -0.00973943           0 -0.00936076
-0.00717532  0.00217933  0.00936076           0
Repeater1[0]<--->EndNode1[0]
REAL
   0.367937 -0.00629919 -0.00353903    0.194141
-0.00629919    0.135348    0.028751 0.000192312
-0.00353903    0.028751    0.134034 -0.00106359
   0.194141 0.000192312 -0.00106359    0.362681
IMAGINARY
          0  0.00727278 -0.00598138   0.0279732
-0.00727278           0   -0.011927  -0.0138143
 0.00598138    0.011927           0 -0.00280279
 -0.0279732   0.0138143  0.00280279           0
Repeater1[0]<--->HoM1[0]
REAL
   0.369251  0.00742028 -0.00354209    0.199072
 0.00742028    0.164258   0.0465195  0.00606098
-0.00354209   0.0465195    0.115637 -0.00490138
   0.199072  0.00606098 -0.00490138    0.350854
IMAGINARY
          0 -0.00217933  -0.0149232  0.00717532
 0.00217933           0 -0.00973943 -0.00936076
  0.0149232  0.00973943           0 -0.00217933
-0.00717532  0.00936076  0.00217933           0
EndNode1[0]<--->Repeater1[0]
REAL
   0.365633 -0.00854665 -0.00866107    0.176225
-0.00854665    0.140827   0.0538287  -0.0112857
-0.00866107   0.0538287    0.162791  0.00056793
   0.176225  -0.0112857  0.00056793    0.330749
IMAGINARY
           0  0.000753587   0.00943716    0.0173353
-0.000753587            0   -0.0205529     0.008792
 -0.00943716    0.0205529            0  -0.00596192
  -0.0173353    -0.008792   0.00596192            0
EndNode2[0]<--->HoM1[0]
REAL
  0.357733 -0.0148754  0.0202641   0.207129
-0.0148754    0.14758  0.0288916 0.00769428
 0.0202641  0.0288916   0.135773  0.0155256
  0.207129 0.00769428  0.0155256   0.358914
IMAGINARY
          0  -0.0110808  -0.0114157 -0.00525214
  0.0110808           0 -0.00910818 -0.00527321
  0.0114157  0.00910818           0  -0.0136188
 0.00525214  0.00527321   0.0136188           0
Repeater1[0]<--->EndNode1[0]
REAL
   0.365633 -0.00866107 -0.00854665    0.176225
-0.00866107    0.162791   0.0538287  0.00056793
-0.00854665   0.0538287    0.140827  -0.0112857
   0.176225  0.00056793  -0.0112857    0.330749
IMAGINARY
           0   0.00943716  0.000753587    0.0173353
 -0.00943716            0    0.0205529  -0.00596192
-0.000753587   -0.0205529            0     0.008792
  -0.0173353   0.00596192    -0.008792            0
Repeater1[0]<--->HoM1[0]
REAL
  0.357733  0.0202641 -0.0148754   0.207129
 0.0202641   0.135773  0.0288916  0.0155256
-0.0148754  0.0288916    0.14758 0.00769428
  0.207129  0.0155256 0.00769428   0.358914
IMAGINARY
          0  -0.0114157  -0.0110808 -0.00525214
  0.0114157           0  0.00910818  -0.0136188
  0.0110808 -0.00910818           0 -0.00527321
 0.00525214   0.0136188  0.00527321           0
EndNode1[0]<--->Repeater1[0]
REAL
   0.366667  0.00380732 -0.00399251    0.200525
 0.00380732        0.15   0.0414924   0.0212339
-0.00399251   0.0414924    0.121795 0.000662667
   0.200525   0.0212339 0.000662667    0.361538
IMAGINARY
          0 -0.00851062  -0.0133815    0.024878
 0.00851062           0 -0.00399344  0.00447565
  0.0133815  0.00399344           0  -0.0258405
  -0.024878 -0.00447565   0.0258405           0
EndNode2[0]<--->HoM1[0]
REAL
   0.397997  0.00643186  -0.0041471    0.204386
 0.00643186    0.145181   0.0322339  0.00696401
 -0.0041471   0.0322339    0.122653 0.000610389
   0.204386  0.00696401 0.000610389    0.334168
IMAGINARY
          0  -0.0180312  0.00287312 -0.00136885
  0.0180312           0  0.00589667  0.00851929
-0.00287312 -0.00589667           0 -0.00728528
 0.00136885 -0.00851929  0.00728528           0
Repeater1[0]<--->EndNode1[0]
REAL
   0.366667 -0.00399251  0.00380732    0.200525
-0.00399251    0.121795   0.0414924 0.000662667
 0.00380732   0.0414924        0.15   0.0212339
   0.200525 0.000662667   0.0212339    0.361538
IMAGINARY
          0  -0.0133815 -0.00851062    0.024878
  0.0133815           0  0.00399344  -0.0258405
 0.00851062 -0.00399344           0  0.00447565
  -0.024878   0.0258405 -0.00447565           0
Repeater1[0]<--->HoM1[0]
REAL
   0.397997  -0.0041471  0.00643186    0.204386
 -0.0041471    0.122653   0.0322339 0.000610389
 0.00643186   0.0322339    0.145181  0.00696401
   0.204386 0.000610389  0.00696401    0.334168
IMAGINARY
          0  0.00287312  -0.0180312 -0.00136885
-0.00287312           0 -0.00589667 -0.00728528
  0.0180312  0.00589667           0  0.00851929
 0.00136885  0.00728528 -0.00851929           0
EndNode1[0]<--->Repeater1[0]
REAL
    0.405507  -0.00634854 -0.000586671     0.169866
 -0.00634854     0.141427    0.0519477    0.0299984
-0.000586671    0.0519477     0.145181   0.00267207
    0.169866    0.0299984   0.00267207     0.307885
IMAGINARY
          0   0.0223561  -0.0120816   0.0120582
 -0.0223561           0  0.00944721   -0.036008
  0.0120816 -0.00944721           0   0.0178283
 -0.0120582    0.036008  -0.0178283           0
EndNode2[0]<--->HoM1[0]
REAL
     0.372 -0.0182171 0.00253807   0.180139
-0.0182171   0.110667  0.0495568 -0.0152284
0.00253807  0.0495568      0.136 -0.0109707
  0.180139 -0.0152284 -0.0109707   0.381333
IMAGINARY
          0   0.0058214  0.00258575 -0.00346722
 -0.0058214           0  -0.0150057   0.0183885
-0.00258575   0.0150057           0  -0.0200298
 0.00346722  -0.0183885   0.0200298           0
Repeater1[0]<--->EndNode1[0]
REAL
    0.405507 -0.000586671  -0.00634854     0.169866
-0.000586671     0.145181    0.0519477   0.00267207
 -0.00634854    0.0519477     0.141427    0.0299984
    0.169866   0.00267207    0.0299984     0.307885
IMAGINARY
          0  -0.0120816   0.0223561   0.0120582
  0.0120816           0 -0.00944721   0.0178283
 -0.0223561  0.00944721           0   -0.036008
 -0.0120582  -0.0178283    0.036008           0
Repeater1[0]<--->HoM1[0]
REAL
     0.372 0.00253807 -0.0182171   0.180139
0.00253807      0.136  0.0495568 -0.0109707
-0.0182171  0.0495568   0.110667 -0.0152284
  0.180139 -0.0109707 -0.0152284   0.381333
IMAGINARY
          0  0.00258575   0.0058214 -0.00346722
-0.00258575           0   0.0150057  -0.0200298
 -0.0058214  -0.0150057           0   0.0183885
 0.00346722   0.0200298  -0.0183885           0
EndNode1[0]<--->Repeater1[0]
REAL
   0.429907   0.0041514  -0.0122703    0.205352
  0.0041514    0.129506   0.0305451 -0.00439633
 -0.0122703   0.0305451    0.149533  -0.0156899
   0.205352 -0.00439633  -0.0156899    0.291055
IMAGINARY
          0  -0.0270551   0.0188379   0.0170292
  0.0270551           0  0.00105867  0.00172764
 -0.0188379 -0.00105867           0   0.0180577
 -0.0170292 -0.00172764  -0.0180577           0
EndNode2[0]<--->HoM1[0]
REAL
   0.386747 -0.00741797   0.0124966    0.197281
-0.00741797    0.151807   0.0318585  -0.0336776
  0.0124966   0.0318585    0.126506  0.00805982
   0.197281  -0.0336776  0.00805982     0.33494
IMAGINARY
           0   -0.0238743 -6.07863e-05   0.00443056
   0.0238743            0 -2.80415e-05    0.0162299
 6.07863e-05  2.80415e-05            0    0.0114365
 -0.00443056   -0.0162299   -0.0114365            0
Repeater1[0]<--->EndNode1[0]
REAL
   0.429907  -0.0122703   0.0041514    0.205352
 -0.0122703    0.149533   0.0305451  -0.0156899
  0.0041514   0.0305451    0.129506 -0.00439633
   0.205352  -0.0156899 -0.00439633    0.291055
IMAGINARY
          0   0.0188379  -0.0270551   0.0170292
 -0.0188379           0 -0.00105867   0.0180577
  0.0270551  0.00105867           0  0.00172764
 -0.0170292  -0.0180577 -0.00172764           0
Repeater1[0]<--->HoM1[0]
REAL
   0.386747   0.0124966 -0.00741797    0.197281
  0.0124966    0.126506   0.0318585  0.00805982
-0.00741797   0.0318585    0.151807  -0.0336776
   0.197281  0.00805982  -0.0336776     0.33494
IMAGINARY
           0 -6.07863e-05   -0.0238743   0.00443056
 6.07863e-05            0  2.80415e-05    0.0114365
   0.0238743 -2.80415e-05            0    0.0162299
 -0.00443056   -0.0114365   -0.0162299            0
EndNode1[0]<--->Repeater1[0]
REAL
   0.373891  -0.0156315 -0.00353017    0.178462
 -0.0156315    0.129278   0.0501095  0.00353017
-0.00353017   0.0501095    0.153359  -0.0100828
   0.178462  0.00353017  -0.0100828    0.343473
IMAGINARY
          0 -0.00295329  0.00400228  0.00340152
 0.00295329           0  0.00137175  0.00940768
-0.00400228 -0.00137175           0  -0.0193966
-0.00340152 -0.00940768   0.0193966           0
EndNode2[0]<--->HoM1[0]
REAL
   0.354972  -0.0053866  0.00355698    0.194639
 -0.0053866    0.145028   0.0357847  0.00735445
 0.00355698   0.0357847    0.167127 -0.00167373
   0.194639  0.00735445 -0.00167373    0.332873
IMAGINARY
           0   -0.0155433  0.000921103  -0.00778875
   0.0155433            0  0.000939432    0.0107976
-0.000921103 -0.000939432            0    0.0142412
  0.00778875   -0.0107976   -0.0142412            0
Repeater1[0]<--->EndNode1[0]
REAL
   0.373891 -0.00353017  -0.0156315    0.178462
-0.00353017    0.153359   0.0501095  -0.0100828
 -0.0156315   0.0501095    0.129278  0.00353017
   0.178462  -0.0100828  0.00353017    0.343473
IMAGINARY
          0  0.00400228 -0.00295329  0.00340152
-0.00400228           0 -0.00137175  -0.0193966
 0.00295329  0.00137175           0  0.00940768
-0.00340152   0.0193966 -0.00940768           0
Repeater1[0]<--->HoM1[0]
REAL
   0.354972  0.00355698  -0.0053866    0.194639
 0.00355698    0.167127   0.0357847 -0.00167373
 -0.0053866   0.0357847    0.145028  0.00735445
   0.194639 -0.00167373  0.00735445    0.332873
IMAGINARY
           0  0.000921103   -0.0155433  -0.00778875
-0.000921103            0 -0.000939432    0.0142412
   0.0155433  0.000939432            0    0.0107976
  0.00778875   -0.0142412   -0.0107976            0
EndNode1[0]<--->Repeater1[0]
REAL
   0.369427 -0.00354198 -0.00732203    0.201904
-0.00354198    0.150318   0.0277912  -0.0117135
-0.00732203   0.0277912    0.136306   0.0238466
   0.201904  -0.0117135   0.0238466    0.343949
IMAGINARY
          0 -0.00240885  0.00427156   0.0216421
 0.00240885           0 -0.00555457  0.00295577
-0.00427156  0.00555457           0 -0.00481849
 -0.0216421 -0.00295577  0.00481849           0
EndNode2[0]<--->HoM1[0]
REAL
     0.36875  -0.00267461 -0.000955258     0.187825
 -0.00267461      0.15125    0.0602473  -0.00290078
-0.000955258    0.0602473      0.12875  -0.00889351
    0.187825  -0.00290078  -0.00889351      0.35125
IMAGINARY
           0 -0.000907957    0.0130044   0.00264029
 0.000907957            0   0.00132796   -0.0052724
  -0.0130044  -0.00132796            0   0.00735126
 -0.00264029    0.0052724  -0.00735126            0
Repeater1[0]<--->EndNode1[0]
REAL
   0.369427 -0.00732203 -0.00354198    0.201904
-0.00732203    0.136306   0.0277912   0.0238466
-0.00354198   0.0277912    0.150318  -0.0117135
   0.201904   0.0238466  -0.0117135    0.343949
IMAGINARY
          0  0.00427156 -0.00240885   0.0216421
-0.00427156           0  0.00555457 -0.00481849
 0.00240885 -0.00555457           0  0.00295577
 -0.0216421  0.00481849 -0.00295577           0
Repeater1[0]<--->HoM1[0]
REAL
     0.36875 -0.000955258  -0.00267461     0.187825
-0.000955258      0.12875    0.0602473  -0.00889351
 -0.00267461    0.0602473      0.15125  -0.00290078
    0.187825  -0.00889351  -0.00290078      0.35125
IMAGINARY
           0    0.0130044 -0.000907957   0.00264029
  -0.0130044            0  -0.00132796   0.00735126
 0.000907957   0.00132796            0   -0.0052724
 -0.00264029  -0.00735126    0.0052724            0
EndNode1[0]<--->Repeater1[0]
REAL
   0.355082  -0.0207373  0.00125634    0.192304
 -0.0207373    0.134253   0.0260937 0.000621011
 0.00125634   0.0260937    0.145546     0.01886
   0.192304 0.000621011     0.01886    0.365119
IMAGINARY
           0   0.00561303 -0.000981383    0.0035167
 -0.00561303            0  0.000919296  0.000297389
 0.000981383 -0.000919296            0    -0.013137
  -0.0035167 -0.000297389     0.013137            0
EndNode2[0]<--->HoM1[0]
REAL
   0.398957 -0.00750353  -0.0191585    0.196065
-0.00750353    0.126467   0.0171032  -0.0166955
 -0.0191585   0.0171032    0.125163  -0.0179202
   0.196065  -0.0166955  -0.0179202    0.349413
IMAGINARY
           0    0.0160926   -0.0155982   0.00252722
  -0.0160926            0  -0.00575303  0.000570916
   0.0155982   0.00575303            0   0.00849761
 -0.00252722 -0.000570916  -0.00849761            0
Repeater1[0]<--->EndNode1[0]
REAL
   0.355082  0.00125634  -0.0207373    0.192304
 0.00125634    0.145546   0.0260937     0.01886
 -0.0207373   0.0260937    0.134253 0.000621011
   0.192304     0.01886 0.000621011    0.365119
IMAGINARY
           0 -0.000981383   0.00561303    0.0035167
 0.000981383            0 -0.000919296    -0.013137
 -0.00561303  0.000919296            0  0.000297389
  -0.0035167     0.013137 -0.000297389            0
Repeater1[0]<--->HoM1[0]
REAL
   0.398957  -0.0191585 -0.00750353    0.196065
 -0.0191585    0.125163   0.0171032  -0.0179202
-0.00750353   0.0171032    0.126467  -0.0166955
   0.196065  -0.0179202  -0.0166955    0.349413
IMAGINARY
           0   -0.0155982    0.0160926   0.00252722
   0.0155982            0   0.00575303   0.00849761
  -0.0160926  -0.00575303            0  0.000570916
 -0.00252722  -0.00849761 -0.000570916            0
EndNode1[0]<--->Repeater1[0]
REAL
   0.377457 -0.00014719  -0.0177941    0.223462
-0.00014719     0.12713   0.0274722 -0.00524453
 -0.0177941   0.0274722    0.150721  -0.0154194
   0.223462 -0.00524453  -0.0154194    0.344692
IMAGINARY
           0  -0.00510259  0.000230214    -0.023394
  0.00510259            0   0.00234133  -0.00346437
-0.000230214  -0.00234133            0   -0.0162428
    0.023394   0.00346437    0.0162428            0
EndNode2[0]<--->HoM1[0]
REAL
    0.334572    0.0083446 -0.000633139     0.186355
   0.0083446     0.156134    0.0241391    0.0338056
-0.000633139    0.0241391     0.137546    0.0103526
    0.186355    0.0338056    0.0103526     0.371747
IMAGINARY
          0   0.0135145    0.011613   0.0115771
 -0.0135145           0  -0.0075556  0.00908131
  -0.011613   0.0075556           0 -0.00350118
 -0.0115771 -0.00908131  0.00350118           0
Repeater1[0]<--->EndNode1[0]
REAL
   0.377457  -0.0177941 -0.00014719    0.223462
 -0.0177941    0.150721   0.0274722  -0.0154194
-0.00014719   0.0274722     0.12713 -0.00524453
   0.223462  -0.0154194 -0.00524453    0.344692
IMAGINARY
           0  0.000230214  -0.00510259    -0.023394
-0.000230214            0  -0.00234133   -0.0162428
  0.00510259   0.00234133            0  -0.00346437
    0.023394    0.0162428   0.00346437            0
Repeater1[0]<--->HoM1[0]
REAL
    0.334572 -0.000633139    0.0083446     0.186355
-0.000633139     0.137546    0.0241391    0.0103526
   0.0083446    0.0241391     0.156134    0.0338056
    0.186355    0.0103526    0.0338056     0.371747
IMAGINARY
          0    0.011613   0.0135145   0.0115771
  -0.011613           0   0.0075556 -0.00350118
 -0.0135145  -0.0075556           0  0.00908131
 -0.0115771  0.00350118 -0.00908131           0
EndNode1[0]<--->Repeater1[0]
REAL
  0.373844 -0.0209466 -0.0257302   0.178999
-0.0209466   0.146631  0.0534848 -0.0156711
-0.0257302  0.0534848   0.121532 -0.0128114
  0.178999 -0.0156711 -0.0128114   0.357992
IMAGINARY
          0 -0.00276186  0.00519813  0.00321298
 0.00276186           0 -0.00187608   -0.005884
-0.00519813  0.00187608           0   0.0240239
-0.00321298    0.005884  -0.0240239           0
EndNode2[0]<--->HoM1[0]
REAL
  0.389034 0.00433512          0   0.192468
0.00433512   0.130548  0.0501598  0.0160858
         0  0.0501598   0.117493 0.00370777
  0.192468  0.0160858 0.00370777   0.362924
IMAGINARY
           0    0.0060811     0.010984  -0.00255917
  -0.0060811            0  -0.00978651  0.000554507
   -0.010984   0.00978651            0    0.0195599
  0.00255917 -0.000554507   -0.0195599            0
Repeater1[0]<--->EndNode1[0]
REAL
  0.373844 -0.0257302 -0.0209466   0.178999
-0.0257302   0.121532  0.0534848 -0.0128114
-0.0209466  0.0534848   0.146631 -0.0156711
  0.178999 -0.0128114 -0.0156711   0.357992
IMAGINARY
          0  0.00519813 -0.00276186  0.00321298
-0.00519813           0  0.00187608   0.0240239
 0.00276186 -0.00187608           0   -0.005884
-0.00321298  -0.0240239    0.005884           0
Repeater1[0]<--->HoM1[0]
REAL
    0.389034 -2.77556e-17   0.00433512     0.192468
-2.77556e-17     0.117493    0.0501598   0.00370777
  0.00433512    0.0501598     0.130548    0.0160858
    0.192468   0.00370777    0.0160858     0.362924
IMAGINARY
           0     0.010984    0.0060811  -0.00255917
   -0.010984            0   0.00978651    0.0195599
  -0.0060811  -0.00978651            0  0.000554507
  0.00255917   -0.0195599 -0.000554507            0
EndNode1[0]<--->Repeater1[0]
REAL
    0.389392    0.0080246 -9.44905e-05     0.191097
   0.0080246      0.14489    0.0486104  -0.00720963
-9.44905e-05    0.0486104     0.134541   -0.0100166
    0.191097  -0.00720963   -0.0100166     0.331177
IMAGINARY
          0   0.0140168 -0.00985116  -0.0127274
 -0.0140168           0  0.00356988   0.0124418
 0.00985116 -0.00356988           0  -0.0217888
  0.0127274  -0.0124418   0.0217888           0
