EndNode1[0]<--->Repeater1[0]
REAL
  0.426952 0.00712854 0.00691959   0.375266
0.00712854   0.093199  0.0447339 -0.0140164
0.00691959  0.0447339  0.0881612 -0.0193866
  0.375266 -0.0140164 -0.0193866   0.391688
IMAGINARY
          0   0.0191851  -0.0275743  0.00160025
 -0.0191851           0  0.00663803 -0.00463855
  0.0275743 -0.00663803           0   0.0172294
-0.00160025  0.00463855  -0.0172294           0
EndNode2[0]<--->HoM1[0]
REAL
   0.401028 -0.00885956  0.00414474    0.361896
-0.00885956    0.096401   0.0383665  -0.0159558
 0.00414474   0.0383665    0.092545  -0.0108255
   0.361896  -0.0159558  -0.0108255    0.410026
IMAGINARY
          0   0.0180784  0.00427152 -0.00930209
 -0.0180784           0 -0.00398294  -0.0075395
-0.00427152  0.00398294           0  -0.0108889
 0.00930209   0.0075395   0.0108889           0
Repeater1[0]<--->EndNode1[0]
REAL
  0.426952 0.00691959 0.00712854   0.375266
0.00691959  0.0881612  0.0447339 -0.0193866
0.00712854  0.0447339   0.093199 -0.0140164
  0.375266 -0.0193866 -0.0140164   0.391688
IMAGINARY
          0  -0.0275743   0.0191851  0.00160025
  0.0275743           0 -0.00663803   0.0172294
 -0.0191851  0.00663803           0 -0.00463855
-0.00160025  -0.0172294  0.00463855           0
Repeater1[0]<--->HoM1[0]
REAL
   0.401028  0.00414474 -0.00885956    0.361896
 0.00414474    0.092545   0.0383665  -0.0108255
-0.00885956   0.0383665    0.096401  -0.0159558
   0.361896  -0.0108255  -0.0159558    0.410026
IMAGINARY
          0  0.00427152   0.0180784 -0.00930209
-0.00427152           0  0.00398294  -0.0108889
 -0.0180784 -0.00398294           0  -0.0075395
 0.00930209   0.0108889   0.0075395           0
EndNode1[0]<--->Repeater1[0]
REAL
   0.404054 -0.00993212 -0.00215178    0.346141
-0.00993212   0.0932432   0.0620221  0.00597831
-0.00215178   0.0620221    0.101351   0.0137587
   0.346141  0.00597831   0.0137587    0.401351
IMAGINARY
          0  0.00914528 -0.00425612 -0.00100572
-0.00914528           0  0.00785504  0.00549681
 0.00425612 -0.00785504           0   -0.010386
 0.00100572 -0.00549681    0.010386           0
EndNode2[0]<--->HoM1[0]
REAL
   0.407947   0.0035384 -0.00579938    0.336642
  0.0035384   0.0953642   0.0683644   0.0256967
-0.00579938   0.0683644   0.0768212   0.0163589
   0.336642   0.0256967   0.0163589    0.419868
IMAGINARY
           0  0.000317515    -0.021429  -0.00596949
-0.000317515            0   -0.0163989  -0.00521283
    0.021429    0.0163989            0  -0.00217625
  0.00596949   0.00521283   0.00217625            0
Repeater1[0]<--->EndNode1[0]
REAL
   0.404054 -0.00215178 -0.00993212    0.346141
-0.00215178    0.101351   0.0620221   0.0137587
-0.00993212   0.0620221   0.0932432  0.00597831
   0.346141   0.0137587  0.00597831    0.401351
IMAGINARY
          0 -0.00425612  0.00914528 -0.00100572
 0.00425612           0 -0.00785504   -0.010386
-0.00914528  0.00785504           0  0.00549681
 0.00100572    0.010386 -0.00549681           0
Repeater1[0]<--->HoM1[0]
REAL
   0.407947 -0.00579938   0.0035384    0.336642
-0.00579938   0.0768212   0.0683644   0.0163589
  0.0035384   0.0683644   0.0953642   0.0256967
   0.336642   0.0163589   0.0256967    0.419868
IMAGINARY
           0    -0.021429  0.000317515  -0.00596949
    0.021429            0    0.0163989  -0.00217625
-0.000317515   -0.0163989            0  -0.00521283
  0.00596949   0.00217625   0.00521283            0
EndNode1[0]<--->Repeater1[0]
REAL
     0.415  0.0018603  0.0185342    0.34965
 0.0018603     0.0925  0.0321795  -0.010275
 0.0185342  0.0321795    0.09625 0.00512827
   0.34965  -0.010275 0.00512827    0.39625
IMAGINARY
          0 -0.00976217  0.00978845  0.00381128
 0.00976217           0  0.00984992   0.0117239
-0.00978845 -0.00984992           0  -0.0221805
-0.00381128  -0.0117239   0.0221805           0
EndNode2[0]<--->HoM1[0]
REAL
   0.462988 0.000776341  0.00724664     0.34243
0.000776341   0.0740242   0.0528197 -0.00298354
 0.00724664   0.0528197   0.0915209   0.0181031
    0.34243 -0.00298354   0.0181031    0.371467
IMAGINARY
          0 -0.00800457 -0.00194805    0.017193
 0.00800457           0 -0.00590482 -0.00194805
 0.00194805  0.00590482           0 -0.00108634
  -0.017193  0.00194805  0.00108634           0
Repeater1[0]<--->EndNode1[0]
REAL
     0.415  0.0185342  0.0018603    0.34965
 0.0185342    0.09625  0.0321795 0.00512827
 0.0018603  0.0321795     0.0925  -0.010275
   0.34965 0.00512827  -0.010275    0.39625
IMAGINARY
          0  0.00978845 -0.00976217  0.00381128
-0.00978845           0 -0.00984992  -0.0221805
 0.00976217  0.00984992           0   0.0117239
-0.00381128   0.0221805  -0.0117239           0
Repeater1[0]<--->HoM1[0]
REAL
   0.462988  0.00724664 0.000776341     0.34243
 0.00724664   0.0915209   0.0528197   0.0181031
0.000776341   0.0528197   0.0740242 -0.00298354
    0.34243   0.0181031 -0.00298354    0.371467
IMAGINARY
          0 -0.00194805 -0.00800457    0.017193
 0.00194805           0  0.00590482 -0.00108634
 0.00800457 -0.00590482           0 -0.00194805
  -0.017193  0.00108634  0.00194805           0
EndNode1[0]<--->Repeater1[0]
REAL
   0.402174  -0.0174647  -0.0219204    0.338234
 -0.0174647     0.10462    0.062484 0.000389305
 -0.0219204    0.062484   0.0951087  -0.0124396
   0.338234 0.000389305  -0.0124396    0.398098
IMAGINARY
           0 -0.000553459    0.0223301   -0.0110175
 0.000553459            0   0.00731376   0.00961255
  -0.0223301  -0.00731376            0   -0.0131362
   0.0110175  -0.00961255    0.0131362            0
EndNode2[0]<--->HoM1[0]
REAL
    0.416141    -0.007072   0.00326385     0.345223
   -0.007072    0.0933165    0.0377291    -0.018531
  0.00326385    0.0377291    0.0958386 -0.000561586
    0.345223    -0.018531 -0.000561586     0.394704
IMAGINARY
          0   0.0121219  -0.0106714  -0.0014918
 -0.0121219           0   0.0099006  -0.0112925
  0.0106714  -0.0099006           0  0.00596595
  0.0014918   0.0112925 -0.00596595           0
Repeater1[0]<--->EndNode1[0]
REAL
   0.402174  -0.0219204  -0.0174647    0.338234
 -0.0219204   0.0951087    0.062484  -0.0124396
 -0.0174647    0.062484     0.10462 0.000389305
   0.338234  -0.0124396 0.000389305    0.398098
IMAGINARY
           0    0.0223301 -0.000553459   -0.0110175
  -0.0223301            0  -0.00731376   -0.0131362
 0.000553459   0.00731376            0   0.00961255
   0.0110175    0.0131362  -0.00961255            0
Repeater1[0]<--->HoM1[0]
REAL
    0.416141   0.00326385    -0.007072     0.345223
  0.00326385    0.0958386    0.0377291 -0.000561586
   -0.007072    0.0377291    0.0933165    -0.018531
    0.345223 -0.000561586    -0.018531     0.394704
IMAGINARY
          0  -0.0106714   0.0121219  -0.0014918
  0.0106714           0  -0.0099006  0.00596595
 -0.0121219   0.0099006           0  -0.0112925
  0.0014918 -0.00596595   0.0112925           0
EndNode1[0]<--->Repeater1[0]
REAL
  0.414449 -0.0116535 0.00935025   0.346557
-0.0116535   0.086185  0.0596934 0.00439975
0.00935025  0.0596934  0.0887199 0.00915353
  0.346557 0.00439975 0.00915353   0.410646
IMAGINARY
           0   -0.0141391   -0.0250024   -0.0230772
   0.0141391            0  0.000349884    0.0142785
   0.0250024 -0.000349884            0    0.0181606
   0.0230772   -0.0142785   -0.0181606            0
EndNode2[0]<--->HoM1[0]
REAL
   0.394314 -0.00294744  -0.0039855    0.360358
-0.00294744    0.100124   0.0626189 -0.00776384
 -0.0039855   0.0626189   0.0902349 -0.00227449
   0.360358 -0.00776384 -0.00227449    0.415328
IMAGINARY
          0 -0.00229774  0.00217383  -0.0157204
 0.00229774           0  0.00802804  -0.0122241
-0.00217383 -0.00802804           0  0.00355402
  0.0157204   0.0122241 -0.00355402           0
Repeater1[0]<--->EndNode1[0]
REAL
  0.414449 0.00935025 -0.0116535   0.346557
0.00935025  0.0887199  0.0596934 0.00915353
-0.0116535  0.0596934   0.086185 0.00439975
  0.346557 0.00915353 0.00439975   0.410646
IMAGINARY
           0   -0.0250024   -0.0141391   -0.0230772
   0.0250024            0 -0.000349884    0.0181606
   0.0141391  0.000349884            0    0.0142785
   0.0230772   -0.0181606   -0.0142785            0
Repeater1[0]<--->HoM1[0]
REAL
   0.394314  -0.0039855 -0.00294744    0.360358
 -0.0039855   0.0902349   0.0626189 -0.00227449
-0.00294744   0.0626189    0.100124 -0.00776384
   0.360358 -0.00227449 -0.00776384    0.415328
IMAGINARY
          0  0.00217383 -0.00229774  -0.0157204
-0.00217383           0 -0.00802804  0.00355402
 0.00229774  0.00802804           0  -0.0122241
  0.0157204 -0.00355402   0.0122241           0
EndNode1[0]<--->Repeater1[0]
REAL
   0.422053   0.0226385   0.0267454    0.356394
  0.0226385   0.0747782     0.06678 -0.00155648
  0.0267454     0.06678   0.0937896 -0.00374677
   0.356394 -0.00155648 -0.00374677    0.409379
IMAGINARY
          0   0.0134832  0.00710566  -0.0015332
 -0.0134832           0   0.0290057 -0.00777144
-0.00710566  -0.0290057           0 -0.00749114
  0.0015332  0.00777144  0.00749114           0
EndNode2[0]<--->HoM1[0]
REAL
  0.424084  0.0120156 -0.0152866   0.351075
 0.0120156  0.0968586  0.0410117 0.00689334
-0.0152866  0.0410117  0.0903141  -0.022807
  0.351075 0.00689334  -0.022807   0.388743
IMAGINARY
           0   0.00684736   -0.0160888 -0.000699013
 -0.00684736            0  -0.00851151    0.0255228
   0.0160888   0.00851151            0  -0.00999202
 0.000699013   -0.0255228   0.00999202            0
Repeater1[0]<--->EndNode1[0]
REAL
   0.422053   0.0267454   0.0226385    0.356394
  0.0267454   0.0937896     0.06678 -0.00374677
  0.0226385     0.06678   0.0747782 -0.00155648
   0.356394 -0.00374677 -0.00155648    0.409379
IMAGINARY
          0  0.00710566   0.0134832  -0.0015332
-0.00710566           0  -0.0290057 -0.00749114
 -0.0134832   0.0290057           0 -0.00777144
  0.0015332  0.00749114  0.00777144           0
Repeater1[0]<--->HoM1[0]
REAL
  0.424084 -0.0152866  0.0120156   0.351075
-0.0152866  0.0903141  0.0410117  -0.022807
 0.0120156  0.0410117  0.0968586 0.00689334
  0.351075  -0.022807 0.00689334   0.388743
IMAGINARY
           0   -0.0160888   0.00684736 -0.000699013
   0.0160888            0   0.00851151  -0.00999202
 -0.00684736  -0.00851151            0    0.0255228
 0.000699013   0.00999202   -0.0255228            0
EndNode1[0]<--->Repeater1[0]
REAL
  0.438776 -0.0104575 -0.0166232   0.358197
-0.0104575  0.0969388  0.0609682 -0.0166232
-0.0166232  0.0609682  0.0943878 -0.0123587
  0.358197 -0.0166232 -0.0123587   0.369898
IMAGINARY
          0   0.0110637  -0.0167008   0.0165376
 -0.0110637           0   0.0138422 -0.00974757
  0.0167008  -0.0138422           0  0.00908742
 -0.0165376  0.00974757 -0.00908742           0
EndNode2[0]<--->HoM1[0]
REAL
   0.442283 -0.00683155   -0.016701    0.366564
-0.00683155   0.0894942   0.0463103  -0.0255617
  -0.016701   0.0463103   0.0843061  -0.0263284
   0.366564  -0.0255617  -0.0263284    0.383917
IMAGINARY
          0 -0.00632911 -0.00679205   0.0123064
 0.00632911           0  -0.0018255 -0.00206871
 0.00679205   0.0018255           0  0.00759494
 -0.0123064  0.00206871 -0.00759494           0
Repeater1[0]<--->EndNode1[0]
REAL
  0.438776 -0.0166232 -0.0104575   0.358197
-0.0166232  0.0943878  0.0609682 -0.0123587
-0.0104575  0.0609682  0.0969388 -0.0166232
  0.358197 -0.0123587 -0.0166232   0.369898
IMAGINARY
          0  -0.0167008   0.0110637   0.0165376
  0.0167008           0  -0.0138422  0.00908742
 -0.0110637   0.0138422           0 -0.00974757
 -0.0165376 -0.00908742  0.00974757           0
Repeater1[0]<--->HoM1[0]
REAL
   0.442283   -0.016701 -0.00683155    0.366564
  -0.016701   0.0843061   0.0463103  -0.0263284
-0.00683155   0.0463103   0.0894942  -0.0255617
   0.366564  -0.0263284  -0.0255617    0.383917
IMAGINARY
          0 -0.00679205 -0.00632911   0.0123064
 0.00679205           0   0.0018255  0.00759494
 0.00632911  -0.0018255           0 -0.00206871
 -0.0123064 -0.00759494  0.00206871           0
EndNode1[0]<--->Repeater1[0]
REAL
  0.399225 0.00382715 0.00864065   0.349591
0.00382715   0.104651  0.0519882 0.00168742
0.00864065  0.0519882  0.0956072 -0.0190155
  0.349591 0.00168742 -0.0190155   0.400517
IMAGINARY
           0 -0.000277554   -0.0405816   -0.0127716
 0.000277554            0   -0.0146257     0.021274
   0.0405816    0.0146257            0    0.0115958
   0.0127716    -0.021274   -0.0115958            0
EndNode2[0]<--->HoM1[0]
REAL
  0.370558  0.0100925 -0.0165436   0.349692
 0.0100925  0.0913706  0.0491703  0.0121188
-0.0165436  0.0491703  0.0951777 -0.0145173
  0.349692  0.0121188 -0.0145173   0.442893
IMAGINARY
           0    0.0167826  -0.00417725  -0.00849921
  -0.0167826            0   0.00652812   -0.0173351
  0.00417725  -0.00652812            0  0.000818401
  0.00849921    0.0173351 -0.000818401            0
Repeater1[0]<--->EndNode1[0]
REAL
  0.399225 0.00864065 0.00382715   0.349591
0.00864065  0.0956072  0.0519882 -0.0190155
0.00382715  0.0519882   0.104651 0.00168742
  0.349591 -0.0190155 0.00168742   0.400517
IMAGINARY
           0   -0.0405816 -0.000277554   -0.0127716
   0.0405816            0    0.0146257    0.0115958
 0.000277554   -0.0146257            0     0.021274
   0.0127716   -0.0115958    -0.021274            0
Repeater1[0]<--->HoM1[0]
REAL
  0.370558 -0.0165436  0.0100925   0.349692
-0.0165436  0.0951777  0.0491703 -0.0145173
 0.0100925  0.0491703  0.0913706  0.0121188
  0.349692 -0.0145173  0.0121188   0.442893
IMAGINARY
           0  -0.00417725    0.0167826  -0.00849921
  0.00417725            0  -0.00652812  0.000818401
  -0.0167826   0.00652812            0   -0.0173351
  0.00849921 -0.000818401    0.0173351            0
EndNode1[0]<--->Repeater1[0]
REAL
   0.438303  -0.0150251  0.00214724    0.354741
 -0.0150251    0.106684   0.0673697 -0.00214724
 0.00214724   0.0673697   0.0809769  0.00497487
   0.354741 -0.00214724  0.00497487    0.374036
IMAGINARY
          0  0.00161124    0.018544 -0.00573704
-0.00161124           0 -0.00639234   -0.018544
  -0.018544  0.00639234           0  0.00225474
 0.00573704    0.018544 -0.00225474           0
EndNode2[0]<--->HoM1[0]
REAL
    0.398542 -0.000321386   -0.0122898     0.355259
-0.000321386    0.0984204    0.0477166 -1.38778e-17
  -0.0122898    0.0477166    0.0899149    -0.021024
    0.355259 -1.38778e-17    -0.021024     0.413123
IMAGINARY
           0  -0.00584754  -0.00422064  -0.00164849
  0.00584754            0 -0.000431949    0.0230763
  0.00422064  0.000431949            0    -0.002605
  0.00164849   -0.0230763     0.002605            0
Repeater1[0]<--->EndNode1[0]
REAL
   0.438303  0.00214724  -0.0150251    0.354741
 0.00214724   0.0809769   0.0673697  0.00497487
 -0.0150251   0.0673697    0.106684 -0.00214724
   0.354741  0.00497487 -0.00214724    0.374036
IMAGINARY
          0    0.018544  0.00161124 -0.00573704
  -0.018544           0  0.00639234  0.00225474
-0.00161124 -0.00639234           0   -0.018544
 0.00573704 -0.00225474    0.018544           0
Repeater1[0]<--->HoM1[0]
REAL
    0.398542   -0.0122898 -0.000321386     0.355259
  -0.0122898    0.0899149    0.0477166    -0.021024
-0.000321386    0.0477166    0.0984204 -2.77556e-17
    0.355259    -0.021024 -2.77556e-17     0.413123
IMAGINARY
           0  -0.00422064  -0.00584754  -0.00164849
  0.00422064            0  0.000431949    -0.002605
  0.00584754 -0.000431949            0    0.0230763
  0.00164849     0.002605   -0.0230763            0
EndNode1[0]<--->Repeater1[0]
REAL
   0.414665  -0.0171915 -0.00290483    0.353609
 -0.0171915     0.10493   0.0597158 -0.00421031
-0.00290483   0.0597158   0.0998736 -0.00156654
   0.353609 -0.00421031 -0.00156654    0.380531
IMAGINARY
         0  0.0232077  0.0170604  0.0147966
-0.0232077          0 -0.0292323 -0.0285108
-0.0170604  0.0292323          0  0.0111434
-0.0147966  0.0285108 -0.0111434          0
EndNode2[0]<--->HoM1[0]
REAL
   0.416361  -0.0160996 -0.00339818    0.349276
 -0.0160996   0.0964591   0.0461668    0.014122
-0.00339818   0.0461668    0.102564   0.0160996
   0.349276    0.014122   0.0160996    0.384615
IMAGINARY
          0 -0.00980002  -0.0119033  0.00550713
 0.00980002           0  0.00678265  0.00542661
  0.0119033 -0.00678265           0  0.00332334
-0.00550713 -0.00542661 -0.00332334           0
Repeater1[0]<--->EndNode1[0]
REAL
   0.414665 -0.00290483  -0.0171915    0.353609
-0.00290483   0.0998736   0.0597158 -0.00156654
 -0.0171915   0.0597158     0.10493 -0.00421031
   0.353609 -0.00156654 -0.00421031    0.380531
IMAGINARY
         0  0.0170604  0.0232077  0.0147966
-0.0170604          0  0.0292323  0.0111434
-0.0232077 -0.0292323          0 -0.0285108
-0.0147966 -0.0111434  0.0285108          0
Repeater1[0]<--->HoM1[0]
REAL
   0.416361 -0.00339818  -0.0160996    0.349276
-0.00339818    0.102564   0.0461668   0.0160996
 -0.0160996   0.0461668   0.0964591    0.014122
   0.349276   0.0160996    0.014122    0.384615
IMAGINARY
          0  -0.0119033 -0.00980002  0.00550713
  0.0119033           0 -0.00678265  0.00332334
 0.00980002  0.00678265           0  0.00542661
-0.00550713 -0.00332334 -0.00542661           0
EndNode1[0]<--->Repeater1[0]
REAL
   0.417303  -0.0150512 -0.00320146    0.352842
 -0.0150512   0.0763359   0.0555449 -0.00131467
-0.00320146   0.0555449   0.0916031 -0.00107788
   0.352842 -0.00131467 -0.00107788    0.414758
IMAGINARY
          0  -0.0128378  0.00472973 -0.00316415
  0.0128378           0   0.0127672  0.00472973
-0.00472973  -0.0127672           0   0.0195946
 0.00316415 -0.00472973  -0.0195946           0
EndNode2[0]<--->HoM1[0]
REAL
     0.40239 -7.55877e-05   0.00677873     0.349745
-7.55877e-05    0.0956175    0.0681358   -0.0114145
  0.00677873    0.0681358    0.0863214  -0.00720918
    0.349745   -0.0114145  -0.00720918     0.415671
IMAGINARY
           0  1.77166e-05   0.00494516   -0.0402839
-1.77166e-05            0   -0.0116215  -0.00941515
 -0.00494516    0.0116215            0  0.000620853
   0.0402839   0.00941515 -0.000620853            0
Repeater1[0]<--->EndNode1[0]
REAL
   0.417303 -0.00320146  -0.0150512    0.352842
-0.00320146   0.0916031   0.0555449 -0.00107788
 -0.0150512   0.0555449   0.0763359 -0.00131467
   0.352842 -0.00107788 -0.00131467    0.414758
IMAGINARY
          0  0.00472973  -0.0128378 -0.00316415
-0.00472973           0  -0.0127672   0.0195946
  0.0128378   0.0127672           0  0.00472973
 0.00316415  -0.0195946 -0.00472973           0
Repeater1[0]<--->HoM1[0]
REAL
     0.40239   0.00677873 -7.55877e-05     0.349745
  0.00677873    0.0863214    0.0681358  -0.00720918
-7.55877e-05    0.0681358    0.0956175   -0.0114145
    0.349745  -0.00720918   -0.0114145     0.415671
IMAGINARY
           0   0.00494516  1.77166e-05   -0.0402839
 -0.00494516            0    0.0116215  0.000620853
-1.77166e-05   -0.0116215            0  -0.00941515
   0.0402839 -0.000620853   0.00941515            0
EndNode1[0]<--->Repeater1[0]
REAL
   0.394218 -0.00187339   0.0117927    0.360723
-0.00187339    0.107753   0.0549861  0.00928012
  0.0117927   0.0549861   0.0919842   0.0101748
   0.360723  0.00928012   0.0101748    0.406045
IMAGINARY
          0 -0.00240253 -0.00480052  -0.0209138
 0.00240253           0   0.0209138  -0.0128005
 0.00480052  -0.0209138           0  0.00566198
  0.0209138   0.0128005 -0.00566198           0
EndNode2[0]<--->HoM1[0]
REAL
    0.43467  0.00816688 -0.00392373    0.348659
 0.00816688   0.0944373   0.0504355   0.0110389
-0.00392373   0.0504355   0.0776197  0.00153558
   0.348659   0.0110389  0.00153558    0.393273
IMAGINARY
          0   0.0212504 -0.00567812  0.00536893
 -0.0212504           0  -0.0142522  -0.0120884
 0.00567812   0.0142522           0   0.0206278
-0.00536893   0.0120884  -0.0206278           0
Repeater1[0]<--->EndNode1[0]
REAL
   0.394218   0.0117927 -0.00187339    0.360723
  0.0117927   0.0919842   0.0549861   0.0101748
-0.00187339   0.0549861    0.107753  0.00928012
   0.360723   0.0101748  0.00928012    0.406045
IMAGINARY
          0 -0.00480052 -0.00240253  -0.0209138
 0.00480052           0  -0.0209138  0.00566198
 0.00240253   0.0209138           0  -0.0128005
  0.0209138 -0.00566198   0.0128005           0
Repeater1[0]<--->HoM1[0]
REAL
    0.43467 -0.00392373  0.00816688    0.348659
-0.00392373   0.0776197   0.0504355  0.00153558
 0.00816688   0.0504355   0.0944373   0.0110389
   0.348659  0.00153558   0.0110389    0.393273
IMAGINARY
          0 -0.00567812   0.0212504  0.00536893
 0.00567812           0   0.0142522   0.0206278
 -0.0212504  -0.0142522           0  -0.0120884
-0.00536893  -0.0206278   0.0120884           0
EndNode1[0]<--->Repeater1[0]
REAL
  0.426415 -0.0237905  0.0169838   0.359237
-0.0237905  0.0855346  0.0491597  -0.013167
 0.0169838  0.0491597  0.0893082  0.0225182
  0.359237  -0.013167  0.0225182   0.398742
IMAGINARY
          0  0.00525338   -0.036386   0.0140834
-0.00525338           0  -0.0047501  0.00150224
   0.036386   0.0047501           0  0.00249856
 -0.0140834 -0.00150224 -0.00249856           0
EndNode2[0]<--->HoM1[0]
REAL
  0.407792  0.0115647  0.0140845   0.346931
 0.0115647  0.0935065  0.0531972 -0.0108835
 0.0140845  0.0531972   0.101299 0.00956205
  0.346931 -0.0108835 0.00956205   0.397403
IMAGINARY
          0  0.00398582   0.0189041   0.0140982
-0.00398582           0 -0.00481435   0.0124275
 -0.0189041  0.00481435           0  -0.0222626
 -0.0140982  -0.0124275   0.0222626           0
Repeater1[0]<--->EndNode1[0]
REAL
  0.426415  0.0169838 -0.0237905   0.359237
 0.0169838  0.0893082  0.0491597  0.0225182
-0.0237905  0.0491597  0.0855346  -0.013167
  0.359237  0.0225182  -0.013167   0.398742
IMAGINARY
          0   -0.036386  0.00525338   0.0140834
   0.036386           0   0.0047501  0.00249856
-0.00525338  -0.0047501           0  0.00150224
 -0.0140834 -0.00249856 -0.00150224           0
Repeater1[0]<--->HoM1[0]
REAL
  0.407792  0.0140845  0.0115647   0.346931
 0.0140845   0.101299  0.0531972 0.00956205
 0.0115647  0.0531972  0.0935065 -0.0108835
  0.346931 0.00956205 -0.0108835   0.397403
IMAGINARY
          0   0.0189041  0.00398582   0.0140982
 -0.0189041           0  0.00481435  -0.0222626
-0.00398582 -0.00481435           0   0.0124275
 -0.0140982   0.0222626  -0.0124275           0
EndNode1[0]<--->Repeater1[0]
REAL
 0.421855 0.0371636 0.0226823  0.355519
0.0371636 0.0889454 0.0602319 0.0365362
0.0226823 0.0602319 0.0813215 0.0306019
 0.355519 0.0365362 0.0306019  0.407878
IMAGINARY
           0   0.00137777  -0.00264968  -0.00966013
 -0.00137777            0   -0.0216282  0.000440552
  0.00264968    0.0216282            0  -0.00947792
  0.00966013 -0.000440552   0.00947792            0
EndNode2[0]<--->HoM1[0]
REAL
  0.433121  0.0105954 -0.0145773   0.341219
 0.0105954  0.0764331  0.0465091  0.0093554
-0.0145773  0.0465091  0.0955414 -0.0184283
  0.341219  0.0093554 -0.0184283   0.394904
IMAGINARY
          0  -0.0034258   0.0173043   0.0137775
  0.0034258           0 -0.00511416 -0.00345041
 -0.0173043  0.00511416           0  -0.0192442
 -0.0137775  0.00345041   0.0192442           0
Repeater1[0]<--->EndNode1[0]
REAL
 0.421855 0.0226823 0.0371636  0.355519
0.0226823 0.0813215 0.0602319 0.0306019
0.0371636 0.0602319 0.0889454 0.0365362
 0.355519 0.0306019 0.0365362  0.407878
IMAGINARY
           0  -0.00264968   0.00137777  -0.00966013
  0.00264968            0    0.0216282  -0.00947792
 -0.00137777   -0.0216282            0  0.000440552
  0.00966013   0.00947792 -0.000440552            0
Repeater1[0]<--->HoM1[0]
REAL
  0.433121 -0.0145773  0.0105954   0.341219
-0.0145773  0.0955414  0.0465091 -0.0184283
 0.0105954  0.0465091  0.0764331  0.0093554
  0.341219 -0.0184283  0.0093554   0.394904
IMAGINARY
          0   0.0173043  -0.0034258   0.0137775
 -0.0173043           0  0.00511416  -0.0192442
  0.0034258 -0.00511416           0 -0.00345041
 -0.0137775   0.0192442  0.00345041           0
EndNode1[0]<--->Repeater1[0]
REAL
    0.43484  0.00259403 -0.00213819    0.341506
 0.00259403   0.0744681   0.0534353  -0.0140745
-0.00213819   0.0534353    0.099734  0.00843061
   0.341506  -0.0140745  0.00843061    0.390957
IMAGINARY
           0  -0.00256996 -0.000890445    0.0129981
  0.00256996            0  -0.00705361    0.0110427
 0.000890445   0.00705361            0  -0.00885136
  -0.0129981   -0.0110427   0.00885136            0
EndNode2[0]<--->HoM1[0]
REAL
  0.412129  0.0176241  0.0042707   0.343455
 0.0176241   0.102723   0.054048  0.0042707
 0.0042707   0.054048  0.0915842 -0.0169671
  0.343455  0.0042707 -0.0169671   0.393564
IMAGINARY
           0   0.00506663    0.0087479    -0.017025
 -0.00506663            0   -0.0209415    0.0120592
  -0.0087479    0.0209415            0  0.000608027
    0.017025   -0.0120592 -0.000608027            0
Repeater1[0]<--->EndNode1[0]
REAL
    0.43484 -0.00213819  0.00259403    0.341506
-0.00213819    0.099734   0.0534353  0.00843061
 0.00259403   0.0534353   0.0744681  -0.0140745
   0.341506  0.00843061  -0.0140745    0.390957
IMAGINARY
           0 -0.000890445  -0.00256996    0.0129981
 0.000890445            0   0.00705361  -0.00885136
  0.00256996  -0.00705361            0    0.0110427
  -0.0129981   0.00885136   -0.0110427            0
Repeater1[0]<--->HoM1[0]
REAL
  0.412129  0.0042707  0.0176241   0.343455
 0.0042707  0.0915842   0.054048 -0.0169671
 0.0176241   0.054048   0.102723  0.0042707
  0.343455 -0.0169671  0.0042707   0.393564
IMAGINARY
           0    0.0087479   0.00506663    -0.017025
  -0.0087479            0    0.0209415  0.000608027
 -0.00506663   -0.0209415            0    0.0120592
    0.017025 -0.000608027   -0.0120592            0
EndNode1[0]<--->Repeater1[0]
REAL
  0.415829 0.00121723 0.00278958   0.328924
0.00121723  0.0854271  0.0596931  0.0112863
0.00278958  0.0596931   0.109296  0.0067387
  0.328924  0.0112863  0.0067387   0.389447
IMAGINARY
          0  0.00376946 -0.00324436   0.0158237
-0.00376946           0  0.00673274  0.00187073
 0.00324436 -0.00673274           0 -0.00789034
 -0.0158237 -0.00187073  0.00789034           0
EndNode2[0]<--->HoM1[0]
REAL
  0.423927 -0.0086348 -0.0118316   0.330104
-0.0086348  0.0923277  0.0772806 0.00369639
-0.0118316  0.0772806    0.10013 -0.0020035
  0.330104 0.00369639 -0.0020035   0.383615
IMAGINARY
          0   0.0165484   0.0136152 -0.00667112
 -0.0165484           0   0.0111641  -0.0129878
 -0.0136152  -0.0111641           0  -0.0134116
 0.00667112   0.0129878   0.0134116           0
Repeater1[0]<--->EndNode1[0]
REAL
  0.415829 0.00278958 0.00121723   0.328924
0.00278958   0.109296  0.0596931  0.0067387
0.00121723  0.0596931  0.0854271  0.0112863
  0.328924  0.0067387  0.0112863   0.389447
IMAGINARY
          0 -0.00324436  0.00376946   0.0158237
 0.00324436           0 -0.00673274 -0.00789034
-0.00376946  0.00673274           0  0.00187073
 -0.0158237  0.00789034 -0.00187073           0
Repeater1[0]<--->HoM1[0]
REAL
  0.423927 -0.0118316 -0.0086348   0.330104
-0.0118316    0.10013  0.0772806 -0.0020035
-0.0086348  0.0772806  0.0923277 0.00369639
  0.330104 -0.0020035 0.00369639   0.383615
IMAGINARY
          0   0.0136152   0.0165484 -0.00667112
 -0.0136152           0  -0.0111641  -0.0134116
 -0.0165484   0.0111641           0  -0.0129878
 0.00667112   0.0134116   0.0129878           0
EndNode1[0]<--->Repeater1[0]
REAL
   0.414787 0.000877045  0.00214311     0.36334
0.000877045    0.112782   0.0455266 -0.00830075
 0.00214311   0.0455266    0.085213  0.00281754
    0.36334 -0.00830075  0.00281754    0.387218
IMAGINARY
          0  -0.0329119   0.0181116  -0.0226119
  0.0329119           0  -0.0168794   0.0109032
 -0.0181116   0.0168794           0 -0.00285057
  0.0226119  -0.0109032  0.00285057           0
EndNode2[0]<--->HoM1[0]
REAL
    0.398406  -0.00655667  -0.00674213     0.342669
 -0.00655667    0.0996016    0.0525928    0.0017546
 -0.00674213    0.0525928    0.0942895 -0.000924628
    0.342669    0.0017546 -0.000924628     0.407703
IMAGINARY
           0  -0.00420049  7.54217e-05   -0.0114457
  0.00420049            0    0.0196424  -0.00770901
-7.54217e-05   -0.0196424            0    -0.017428
   0.0114457   0.00770901     0.017428            0
Repeater1[0]<--->EndNode1[0]
REAL
   0.414787  0.00214311 0.000877045     0.36334
 0.00214311    0.085213   0.0455266  0.00281754
0.000877045   0.0455266    0.112782 -0.00830075
    0.36334  0.00281754 -0.00830075    0.387218
IMAGINARY
          0   0.0181116  -0.0329119  -0.0226119
 -0.0181116           0   0.0168794 -0.00285057
  0.0329119  -0.0168794           0   0.0109032
  0.0226119  0.00285057  -0.0109032           0
Repeater1[0]<--->HoM1[0]
REAL
    0.398406  -0.00674213  -0.00655667     0.342669
 -0.00674213    0.0942895    0.0525928 -0.000924628
 -0.00655667    0.0525928    0.0996016    0.0017546
    0.342669 -0.000924628    0.0017546     0.407703
IMAGINARY
           0  7.54217e-05  -0.00420049   -0.0114457
-7.54217e-05            0   -0.0196424    -0.017428
  0.00420049    0.0196424            0  -0.00770901
   0.0114457     0.017428   0.00770901            0
EndNode1[0]<--->Repeater1[0]
REAL
    0.408136  -0.00517862  -0.00350362     0.360429
 -0.00517862    0.0997375    0.0303897 -0.000218467
 -0.00350362    0.0303897    0.0918635   0.00641932
    0.360429 -0.000218467   0.00641932     0.400262
IMAGINARY
          0  0.00357145   0.0102689     0.01071
-0.00357145           0  0.00622854   0.0127878
 -0.0102689 -0.00622854           0  -0.0121354
   -0.01071  -0.0127878   0.0121354           0
EndNode2[0]<--->HoM1[0]
REAL
   0.407047   0.0121518   0.0016542    0.340491
  0.0121518   0.0850547    0.050254  -0.0196491
  0.0016542    0.050254   0.0874848 -0.00315435
   0.340491  -0.0196491 -0.00315435    0.420413
IMAGINARY
          0  -0.0151715  -0.0211149  -0.0246456
  0.0151715           0 -0.00782192     0.01188
  0.0211149  0.00782192           0  0.00989446
  0.0246456    -0.01188 -0.00989446           0
Repeater1[0]<--->EndNode1[0]
REAL
    0.408136  -0.00350362  -0.00517862     0.360429
 -0.00350362    0.0918635    0.0303897   0.00641932
 -0.00517862    0.0303897    0.0997375 -0.000218467
    0.360429   0.00641932 -0.000218467     0.400262
IMAGINARY
          0   0.0102689  0.00357145     0.01071
 -0.0102689           0 -0.00622854  -0.0121354
-0.00357145  0.00622854           0   0.0127878
   -0.01071   0.0121354  -0.0127878           0
Repeater1[0]<--->HoM1[0]
REAL
   0.407047   0.0016542   0.0121518    0.340491
  0.0016542   0.0874848    0.050254 -0.00315435
  0.0121518    0.050254   0.0850547  -0.0196491
   0.340491 -0.00315435  -0.0196491    0.420413
IMAGINARY
          0  -0.0211149  -0.0151715  -0.0246456
  0.0211149           0  0.00782192  0.00989446
  0.0151715 -0.00782192           0     0.01188
  0.0246456 -0.00989446    -0.01188           0
EndNode1[0]<--->Repeater1[0]
REAL
   0.394472 -0.00331935  -0.0054948    0.332464
-0.00331935   0.0929648   0.0661662 -0.00409424
 -0.0054948   0.0661662    0.104271  -0.0144889
   0.332464 -0.00409424  -0.0144889    0.408291
IMAGINARY
          0  0.00319941   0.0175277   0.0198159
-0.00319941           0 -0.00571335   0.0175277
 -0.0175277  0.00571335           0  -0.0136545
 -0.0198159  -0.0175277   0.0136545           0
EndNode2[0]<--->HoM1[0]
REAL
  0.426144 -0.0144549 0.00834684   0.344599
-0.0144549  0.0836601  0.0428529 -0.0012317
0.00834684  0.0428529   0.108497  0.0151017
  0.344599 -0.0012317  0.0151017   0.381699
IMAGINARY
          0  0.00645148  0.00968255   0.0195788
-0.00645148           0  -0.0105582  0.00528004
-0.00968255   0.0105582           0 -0.00271083
 -0.0195788 -0.00528004  0.00271083           0
Repeater1[0]<--->EndNode1[0]
REAL
   0.394472  -0.0054948 -0.00331935    0.332464
 -0.0054948    0.104271   0.0661662  -0.0144889
-0.00331935   0.0661662   0.0929648 -0.00409424
   0.332464  -0.0144889 -0.00409424    0.408291
IMAGINARY
          0   0.0175277  0.00319941   0.0198159
 -0.0175277           0  0.00571335  -0.0136545
-0.00319941 -0.00571335           0   0.0175277
 -0.0198159   0.0136545  -0.0175277           0
Repeater1[0]<--->HoM1[0]
REAL
  0.426144 0.00834684 -0.0144549   0.344599
0.00834684   0.108497  0.0428529  0.0151017
-0.0144549  0.0428529  0.0836601 -0.0012317
  0.344599  0.0151017 -0.0012317   0.381699
IMAGINARY
          0  0.00968255  0.00645148   0.0195788
-0.00968255           0   0.0105582 -0.00271083
-0.00645148  -0.0105582           0  0.00528004
 -0.0195788  0.00271083 -0.00528004           0
EndNode1[0]<--->Repeater1[0]
REAL
  0.405439 0.00737839  0.0227543   0.356136
0.00737839  0.0852905  0.0373702   0.001921
 0.0227543  0.0373702   0.105068  0.0224917
  0.356136   0.001921  0.0224917   0.404203
IMAGINARY
           0  -0.00815077    0.0184989    0.0209486
  0.00815077            0   -0.0197018  -0.00307472
  -0.0184989    0.0197018            0 -0.000846656
  -0.0209486   0.00307472  0.000846656            0
EndNode2[0]<--->HoM1[0]
REAL
  0.407314 0.00903103 0.00594233   0.351161
0.00903103  0.0907945  0.0444165 0.00265718
0.00594233  0.0444165   0.103405 0.00571098
  0.351161 0.00265718 0.00571098   0.398487
IMAGINARY
         0   0.012657  0.0150591  0.0313406
 -0.012657          0 -0.0114467 -0.0247867
-0.0150591  0.0114467          0  0.0113378
-0.0313406  0.0247867 -0.0113378          0
Repeater1[0]<--->EndNode1[0]
REAL
  0.405439  0.0227543 0.00737839   0.356136
 0.0227543   0.105068  0.0373702  0.0224917
0.00737839  0.0373702  0.0852905   0.001921
  0.356136  0.0224917   0.001921   0.404203
IMAGINARY
           0    0.0184989  -0.00815077    0.0209486
  -0.0184989            0    0.0197018 -0.000846656
  0.00815077   -0.0197018            0  -0.00307472
  -0.0209486  0.000846656   0.00307472            0
Repeater1[0]<--->HoM1[0]
REAL
  0.407314 0.00594233 0.00903103   0.351161
0.00594233   0.103405  0.0444165 0.00571098
0.00903103  0.0444165  0.0907945 0.00265718
  0.351161 0.00571098 0.00265718   0.398487
IMAGINARY
         0  0.0150591   0.012657  0.0313406
-0.0150591          0  0.0114467  0.0113378
 -0.012657 -0.0114467          0 -0.0247867
-0.0313406 -0.0113378  0.0247867          0
EndNode1[0]<--->Repeater1[0]
REAL
   0.398542 -0.00465669   0.0152307    0.352896
-0.00465669    0.104496   0.0401522  -0.0205783
  0.0152307   0.0401522   0.0826245  -0.0033647
   0.352896  -0.0205783  -0.0033647    0.414338
IMAGINARY
          0 -0.00389362  0.00679673  0.00994585
 0.00389362           0   -0.010567 -0.00874731
-0.00679673    0.010567           0 -0.00195814
-0.00994585  0.00874731  0.00195814           0
EndNode2[0]<--->HoM1[0]
REAL
    0.427261    -0.020298 -0.000684755     0.353869
   -0.020298    0.0891219    0.0580035   0.00129675
-0.000684755    0.0580035    0.0943644   0.00622208
    0.353869   0.00129675   0.00622208     0.389253
IMAGINARY
           0 -0.000200793  -0.00770568  -0.00669221
 0.000200793            0  -0.00405368   0.00124573
  0.00770568   0.00405368            0    0.0169967
  0.00669221  -0.00124573   -0.0169967            0
Repeater1[0]<--->EndNode1[0]
REAL
   0.398542   0.0152307 -0.00465669    0.352896
  0.0152307   0.0826245   0.0401522  -0.0033647
-0.00465669   0.0401522    0.104496  -0.0205783
   0.352896  -0.0033647  -0.0205783    0.414338
IMAGINARY
          0  0.00679673 -0.00389362  0.00994585
-0.00679673           0    0.010567 -0.00195814
 0.00389362   -0.010567           0 -0.00874731
-0.00994585  0.00195814  0.00874731           0
Repeater1[0]<--->HoM1[0]
REAL
    0.427261 -0.000684755    -0.020298     0.353869
-0.000684755    0.0943644    0.0580035   0.00622208
   -0.020298    0.0580035    0.0891219   0.00129675
    0.353869   0.00622208   0.00129675     0.389253
IMAGINARY
           0  -0.00770568 -0.000200793  -0.00669221
  0.00770568            0   0.00405368    0.0169967
 0.000200793  -0.00405368            0   0.00124573
  0.00669221   -0.0169967  -0.00124573            0
EndNode1[0]<--->Repeater1[0]
REAL
    0.464052  -0.00427748 -0.000964718     0.352217
 -0.00427748    0.0823529    0.0411335  0.000337365
-0.000964718    0.0411335    0.0888889  -0.00764222
    0.352217  0.000337365  -0.00764222     0.364706
IMAGINARY
          0  0.00408796  -0.0119457   0.0121234
-0.00408796           0  0.00424939  0.00312963
  0.0119457 -0.00424939           0  0.00472816
 -0.0121234 -0.00312963 -0.00472816           0
EndNode2[0]<--->HoM1[0]
REAL
   0.420849  0.00596405  0.00175298    0.366487
 0.00596405    0.100386   0.0404576 -0.00591965
 0.00175298   0.0404576   0.0849421 -0.00874183
   0.366487 -0.00591965 -0.00874183    0.393822
IMAGINARY
          0  0.00177236 -0.00085695   0.0089404
-0.00177236           0  -0.0089404 -0.00777519
 0.00085695   0.0089404           0  0.00553176
 -0.0089404  0.00777519 -0.00553176           0
Repeater1[0]<--->EndNode1[0]
REAL
    0.464052 -0.000964718  -0.00427748     0.352217
-0.000964718    0.0888889    0.0411335  -0.00764222
 -0.00427748    0.0411335    0.0823529  0.000337365
    0.352217  -0.00764222  0.000337365     0.364706
IMAGINARY
          0  -0.0119457  0.00408796   0.0121234
  0.0119457           0 -0.00424939  0.00472816
-0.00408796  0.00424939           0  0.00312963
 -0.0121234 -0.00472816 -0.00312963           0
Repeater1[0]<--->HoM1[0]
REAL
   0.420849  0.00175298  0.00596405    0.366487
 0.00175298   0.0849421   0.0404576 -0.00874183
 0.00596405   0.0404576    0.100386 -0.00591965
   0.366487 -0.00874183 -0.00591965    0.393822
IMAGINARY
          0 -0.00085695  0.00177236   0.0089404
 0.00085695           0   0.0089404  0.00553176
-0.00177236  -0.0089404           0 -0.00777519
 -0.0089404 -0.00553176  0.00777519           0
EndNode1[0]<--->Repeater1[0]
REAL
   0.419072 -0.00544498  0.00324994    0.358716
-0.00544498    0.101631    0.046602  0.00388365
 0.00324994    0.046602    0.104141  0.00609348
   0.358716  0.00388365  0.00609348    0.375157
IMAGINARY
          0   0.0212771    -0.01869   0.0186379
 -0.0212771           0 -0.00666986  -0.0140665
    0.01869  0.00666986           0  0.00653505
 -0.0186379   0.0140665 -0.00653505           0
EndNode2[0]<--->HoM1[0]
REAL
   0.401042 -0.00700718    -0.00537     0.36238
-0.00700718   0.0963542    0.056091 0.000911404
   -0.00537    0.056091   0.0872396  -0.0076425
    0.36238 0.000911404  -0.0076425    0.415365
IMAGINARY
          0  0.00364985   0.0234005   0.0121025
-0.00364985           0  0.00732758 -0.00138791
 -0.0234005 -0.00732758           0  0.00704198
 -0.0121025  0.00138791 -0.00704198           0
Repeater1[0]<--->EndNode1[0]
REAL
   0.419072  0.00324994 -0.00544498    0.358716
 0.00324994    0.104141    0.046602  0.00609348
-0.00544498    0.046602    0.101631  0.00388365
   0.358716  0.00609348  0.00388365    0.375157
IMAGINARY
          0    -0.01869   0.0212771   0.0186379
    0.01869           0  0.00666986  0.00653505
 -0.0212771 -0.00666986           0  -0.0140665
 -0.0186379 -0.00653505   0.0140665           0
Repeater1[0]<--->HoM1[0]
REAL
   0.401042    -0.00537 -0.00700718     0.36238
   -0.00537   0.0872396    0.056091  -0.0076425
-0.00700718    0.056091   0.0963542 0.000911404
    0.36238  -0.0076425 0.000911404    0.415365
IMAGINARY
          0   0.0234005  0.00364985   0.0121025
 -0.0234005           0 -0.00732758  0.00704198
-0.00364985  0.00732758           0 -0.00138791
 -0.0121025 -0.00704198  0.00138791           0
EndNode1[0]<--->Repeater1[0]
REAL
    0.40621  -0.0109007 -0.00107026    0.359452
 -0.0109007    0.087969   0.0454427  -0.0136151
-0.00107026   0.0454427   0.0931436  -0.0121762
   0.359452  -0.0136151  -0.0121762    0.412678
IMAGINARY
          0  -0.0165394    0.010137   0.0114417
  0.0165394           0  0.00944967  0.00194029
  -0.010137 -0.00944967           0   0.0141239
 -0.0114417 -0.00194029  -0.0141239           0
EndNode2[0]<--->HoM1[0]
REAL
  0.389785  0.0129409  0.0032808   0.351165
 0.0129409   0.112903  0.0419549  0.0176037
 0.0032808  0.0419549  0.0913978 0.00917209
  0.351165  0.0176037 0.00917209   0.405914
IMAGINARY
           0   -0.0136027  -0.00150864    0.0130929
   0.0136027            0 -0.000777635    0.0172981
  0.00150864  0.000777635            0   0.00439217
