EndNode1[0]<--->Repeater1[0]
REAL
    0.274336 -0.000930552    0.0235509    0.0407935
-0.000930552     0.255373    0.0243678    0.0222556
   0.0235509    0.0243678     0.242731   0.00157571
   0.0407935    0.0222556   0.00157571      0.22756
IMAGINARY
           0   0.00951424 -0.000647558   0.00616732
 -0.00951424            0    0.0161424   0.00656083
 0.000647558   -0.0161424            0   0.00822558
 -0.00616732  -0.00656083  -0.00822558            0
EndNode2[0]<--->HoM1[0]
REAL
   0.291615 -0.00668932  -0.0136347   0.0568415
-0.00668932    0.220275   0.0309348  0.00128099
 -0.0136347   0.0309348    0.239049 -0.00176321
  0.0568415  0.00128099 -0.00176321    0.249061
IMAGINARY
          0  0.00163245  0.00846137 -0.00132507
-0.00163245           0   0.0150237  -0.0175287
-0.00846137  -0.0150237           0  0.00225356
 0.00132507   0.0175287 -0.00225356           0
Repeater1[0]<--->EndNode1[0]
REAL
    0.274336    0.0235509 -0.000930552    0.0407935
   0.0235509     0.242731    0.0243678   0.00157571
-0.000930552    0.0243678     0.255373    0.0222556
   0.0407935   0.00157571    0.0222556      0.22756
IMAGINARY
           0 -0.000647558   0.00951424   0.00616732
 0.000647558            0   -0.0161424   0.00822558
 -0.00951424    0.0161424            0   0.00656083
 -0.00616732  -0.00822558  -0.00656083            0
Repeater1[0]<--->HoM1[0]
REAL
   0.291615  -0.0136347 -0.00668932   0.0568415
 -0.0136347    0.239049   0.0309348 -0.00176321
-0.00668932   0.0309348    0.220275  0.00128099
  0.0568415 -0.00176321  0.00128099    0.249061
IMAGINARY
          0  0.00846137  0.00163245 -0.00132507
-0.00846137           0  -0.0150237  0.00225356
-0.00163245   0.0150237           0  -0.0175287
 0.00132507 -0.00225356   0.0175287           0
EndNode1[0]<--->Repeater1[0]
REAL
   0.283221   -0.017449  0.00719365   0.0624245
  -0.017449    0.232215   0.0396427 -0.00977763
 0.00719365   0.0396427    0.232215  0.00452906
  0.0624245 -0.00977763  0.00452906    0.252349
IMAGINARY
          0  0.00288185  0.00321727  0.00616141
-0.00288185           0 -0.00364251 -0.00441631
-0.00321727  0.00364251           0   0.0103076
-0.00616141  0.00441631  -0.0103076           0
EndNode2[0]<--->HoM1[0]
REAL
    0.296675  -0.00521914   0.00729906    0.0637296
 -0.00521914     0.227621    0.0378228 -0.000183929
  0.00729906    0.0378228     0.241688   -0.0109516
   0.0637296 -0.000183929   -0.0109516     0.234015
IMAGINARY
          0   0.0225233  0.00126802  -0.0192819
 -0.0225233           0  0.00553195  2.7321e-05
-0.00126802 -0.00553195           0  -0.0186373
  0.0192819 -2.7321e-05   0.0186373           0
Repeater1[0]<--->EndNode1[0]
REAL
   0.283221  0.00719365   -0.017449   0.0624245
 0.00719365    0.232215   0.0396427  0.00452906
  -0.017449   0.0396427    0.232215 -0.00977763
  0.0624245  0.00452906 -0.00977763    0.252349
IMAGINARY
          0  0.00321727  0.00288185  0.00616141
-0.00321727           0  0.00364251   0.0103076
-0.00288185 -0.00364251           0 -0.00441631
-0.00616141  -0.0103076  0.00441631           0
Repeater1[0]<--->HoM1[0]
REAL
    0.296675   0.00729906  -0.00521914    0.0637296
  0.00729906     0.241688    0.0378228   -0.0109516
 -0.00521914    0.0378228     0.227621 -0.000183929
   0.0637296   -0.0109516 -0.000183929     0.234015
IMAGINARY
          0  0.00126802   0.0225233  -0.0192819
-0.00126802           0 -0.00553195  -0.0186373
 -0.0225233  0.00553195           0  2.7321e-05
  0.0192819   0.0186373 -2.7321e-05           0
EndNode1[0]<--->Repeater1[0]
REAL
  0.301047 -0.0109449 0.00923645  0.0469516
-0.0109449   0.212042  0.0220139 0.00923645
0.00923645  0.0220139   0.232984  0.0195656
 0.0469516 0.00923645  0.0195656   0.253927
IMAGINARY
          0  0.00418087  -0.0182686  -0.0307812
-0.00418087           0  0.00314964  0.00455293
  0.0182686 -0.00314964           0   0.0282381
  0.0307812 -0.00455293  -0.0282381           0
EndNode2[0]<--->HoM1[0]
REAL
  0.266279  0.0184458  0.0118041  0.0499406
 0.0184458   0.226744 0.00953654  0.0136861
 0.0118041 0.00953654   0.253488 0.00835159
 0.0499406  0.0136861 0.00835159   0.253488
IMAGINARY
          0  0.00173198   0.0129623 -0.00971741
-0.00173198           0  -0.0186093  0.00218919
 -0.0129623   0.0186093           0   0.0108943
 0.00971741 -0.00218919  -0.0108943           0
Repeater1[0]<--->EndNode1[0]
REAL
  0.301047 0.00923645 -0.0109449  0.0469516
0.00923645   0.232984  0.0220139  0.0195656
-0.0109449  0.0220139   0.212042 0.00923645
 0.0469516  0.0195656 0.00923645   0.253927
IMAGINARY
          0  -0.0182686  0.00418087  -0.0307812
  0.0182686           0 -0.00314964   0.0282381
-0.00418087  0.00314964           0  0.00455293
  0.0307812  -0.0282381 -0.00455293           0
Repeater1[0]<--->HoM1[0]
REAL
  0.266279  0.0118041  0.0184458  0.0499406
 0.0118041   0.253488 0.00953654 0.00835159
 0.0184458 0.00953654   0.226744  0.0136861
 0.0499406 0.00835159  0.0136861   0.253488
IMAGINARY
          0   0.0129623  0.00173198 -0.00971741
 -0.0129623           0   0.0186093   0.0108943
-0.00173198  -0.0186093           0  0.00218919
 0.00971741  -0.0108943 -0.00218919           0
EndNode1[0]<--->Repeater1[0]
REAL
   0.282084  0.00291154 -0.00345279   0.0614953
 0.00291154    0.259212   0.0175897   0.0132567
-0.00345279   0.0175897    0.221093 -0.00356514
  0.0614953   0.0132567 -0.00356514    0.237611
IMAGINARY
          0  0.00529845  0.00467464  0.00119442
-0.00529845           0  -0.0236812   0.0130187
-0.00467464   0.0236812           0 -0.00726437
-0.00119442  -0.0130187  0.00726437           0
EndNode2[0]<--->HoM1[0]
REAL
  0.269821 0.00253243     0.0068  0.0532767
0.00253243   0.212276  0.0303759 0.00277855
    0.0068  0.0303759   0.268542  -0.003171
 0.0532767 0.00277855  -0.003171   0.249361
IMAGINARY
          0  0.00649989   0.0230661  0.00629704
-0.00649989           0  0.00495296  -0.0294274
 -0.0230661 -0.00495296           0   0.0164009
-0.00629704   0.0294274  -0.0164009           0
Repeater1[0]<--->EndNode1[0]
REAL
   0.282084 -0.00345279  0.00291154   0.0614953
-0.00345279    0.221093   0.0175897 -0.00356514
 0.00291154   0.0175897    0.259212   0.0132567
  0.0614953 -0.00356514   0.0132567    0.237611
IMAGINARY
          0  0.00467464  0.00529845  0.00119442
-0.00467464           0   0.0236812 -0.00726437
-0.00529845  -0.0236812           0   0.0130187
-0.00119442  0.00726437  -0.0130187           0
Repeater1[0]<--->HoM1[0]
REAL
  0.269821     0.0068 0.00253243  0.0532767
    0.0068   0.268542  0.0303759  -0.003171
0.00253243  0.0303759   0.212276 0.00277855
 0.0532767  -0.003171 0.00277855   0.249361
IMAGINARY
          0   0.0230661  0.00649989  0.00629704
 -0.0230661           0 -0.00495296   0.0164009
-0.00649989  0.00495296           0  -0.0294274
-0.00629704  -0.0164009   0.0294274           0
EndNode1[0]<--->Repeater1[0]
REAL
    0.29597 -0.00265246  -0.0195712   0.0527198
-0.00265246     0.25063   0.0416951  -0.0136735
 -0.0195712   0.0416951    0.221662 -0.00532626
  0.0527198  -0.0136735 -0.00532626    0.231738
IMAGINARY
          0  -0.0144364   0.0100527  0.00662585
  0.0144364           0  0.00974695   0.0113481
 -0.0100527 -0.00974695           0  0.00730277
-0.00662585  -0.0113481 -0.00730277           0
EndNode2[0]<--->HoM1[0]
REAL
   0.307692  -0.0464286  0.00215545   0.0542563
 -0.0464286    0.220513   0.0376322  0.00735025
 0.00215545   0.0376322    0.216667 -0.00236732
  0.0542563  0.00735025 -0.00236732    0.255128
IMAGINARY
          0  -0.0290004  0.00759648 -0.00269135
  0.0290004           0  0.00412402   0.0026337
-0.00759648 -0.00412402           0   0.0187703
 0.00269135  -0.0026337  -0.0187703           0
Repeater1[0]<--->EndNode1[0]
REAL
    0.29597  -0.0195712 -0.00265246   0.0527198
 -0.0195712    0.221662   0.0416951 -0.00532626
-0.00265246   0.0416951     0.25063  -0.0136735
  0.0527198 -0.00532626  -0.0136735    0.231738
IMAGINARY
          0   0.0100527  -0.0144364  0.00662585
 -0.0100527           0 -0.00974695  0.00730277
  0.0144364  0.00974695           0   0.0113481
-0.00662585 -0.00730277  -0.0113481           0
Repeater1[0]<--->HoM1[0]
REAL
   0.307692  0.00215545  -0.0464286   0.0542563
 0.00215545    0.216667   0.0376322 -0.00236732
 -0.0464286   0.0376322    0.220513  0.00735025
  0.0542563 -0.00236732  0.00735025    0.255128
IMAGINARY
          0  0.00759648  -0.0290004 -0.00269135
-0.00759648           0 -0.00412402   0.0187703
  0.0290004  0.00412402           0   0.0026337
 0.00269135  -0.0187703  -0.0026337           0
