EndNode1[0]<--->Repeater1[0]
REAL
   0.281922 0.000877863   0.0110554   0.0279008
0.000877863    0.225032     0.01488  0.00498741
  0.0110554     0.01488    0.228824  0.00714353
  0.0279008  0.00498741  0.00714353    0.264223
IMAGINARY
           0    0.0137604   -0.0185971    0.0198353
  -0.0137604            0   -0.0204872 -0.000934103
   0.0185971    0.0204872            0    0.0161876
  -0.0198353  0.000934103   -0.0161876            0
EndNode2[0]<--->HoM1[0]
REAL
  0.256242 -0.0120753  0.0125735  0.0527494
-0.0120753   0.241787  0.0380435  -0.015131
 0.0125735  0.0380435   0.240473 0.00696022
 0.0527494  -0.015131 0.00696022   0.261498
IMAGINARY
          0  0.00540851   0.0280682  -0.0123057
-0.00540851           0  0.00981817 -0.00233287
 -0.0280682 -0.00981817           0   0.0129738
  0.0123057  0.00233287  -0.0129738           0
Repeater1[0]<--->EndNode1[0]
REAL
   0.281922   0.0110554 0.000877863   0.0279008
  0.0110554    0.228824     0.01488  0.00714353
0.000877863     0.01488    0.225032  0.00498741
  0.0279008  0.00714353  0.00498741    0.264223
IMAGINARY
           0   -0.0185971    0.0137604    0.0198353
   0.0185971            0    0.0204872    0.0161876
  -0.0137604   -0.0204872            0 -0.000934103
  -0.0198353   -0.0161876  0.000934103            0
Repeater1[0]<--->HoM1[0]
REAL
  0.256242  0.0125735 -0.0120753  0.0527494
 0.0125735   0.240473  0.0380435 0.00696022
-0.0120753  0.0380435   0.241787  -0.015131
 0.0527494 0.00696022  -0.015131   0.261498
IMAGINARY
          0   0.0280682  0.00540851  -0.0123057
 -0.0280682           0 -0.00981817   0.0129738
-0.00540851  0.00981817           0 -0.00233287
  0.0123057  -0.0129738  0.00233287           0
EndNode1[0]<--->Repeater1[0]
REAL
   0.298377 -0.00776802  0.00847546   0.0403193
-0.00776802    0.242197    0.028383   0.0220589
 0.00847546    0.028383    0.237203   0.0243075
  0.0403193   0.0220589   0.0243075    0.222222
IMAGINARY
          0  -0.0113227 -0.00811491  -0.0142585
  0.0113227           0   0.0105457   0.0120937
 0.00811491  -0.0105457           0  0.00734394
  0.0142585  -0.0120937 -0.00734394           0
EndNode2[0]<--->HoM1[0]
REAL
   0.299742  -0.0145238  0.00281503   0.0438165
 -0.0145238    0.224806   0.0489979 -0.00820425
 0.00281503   0.0489979    0.231266  0.00434414
  0.0438165 -0.00820425  0.00434414    0.244186
IMAGINARY
          0  0.00712435  0.00680677 -0.00892378
-0.00712435           0   0.0113808  0.00873727
-0.00680677  -0.0113808           0 -0.00194301
 0.00892378 -0.00873727  0.00194301           0
Repeater1[0]<--->EndNode1[0]
REAL
   0.298377  0.00847546 -0.00776802   0.0403193
 0.00847546    0.237203    0.028383   0.0243075
-0.00776802    0.028383    0.242197   0.0220589
  0.0403193   0.0243075   0.0220589    0.222222
IMAGINARY
          0 -0.00811491  -0.0113227  -0.0142585
 0.00811491           0  -0.0105457  0.00734394
  0.0113227   0.0105457           0   0.0120937
  0.0142585 -0.00734394  -0.0120937           0
Repeater1[0]<--->HoM1[0]
REAL
   0.299742  0.00281503  -0.0145238   0.0438165
 0.00281503    0.231266   0.0489979  0.00434414
 -0.0145238   0.0489979    0.224806 -0.00820425
  0.0438165  0.00434414 -0.00820425    0.244186
IMAGINARY
          0  0.00680677  0.00712435 -0.00892378
-0.00680677           0  -0.0113808 -0.00194301
-0.00712435   0.0113808           0  0.00873727
 0.00892378  0.00194301 -0.00873727           0
EndNode1[0]<--->Repeater1[0]
REAL
   0.276942   0.0208725   0.0334901   0.0619522
  0.0208725     0.23183   0.0258945  0.00415855
  0.0334901   0.0258945    0.245614 0.000924023
  0.0619522  0.00415855 0.000924023    0.245614
IMAGINARY
           0     0.017456   -0.0225617 -0.000409995
   -0.017456            0   0.00164762  -0.00748635
   0.0225617  -0.00164762            0  0.000572865
 0.000409995   0.00748635 -0.000572865            0
EndNode2[0]<--->HoM1[0]
REAL
   0.291451   0.0245308 5.05623e-06   0.0562715
  0.0245308    0.215026   0.0421327  -0.0133029
5.05623e-06   0.0421327    0.224093  0.00738406
  0.0562715  -0.0133029  0.00738406     0.26943
IMAGINARY
          0  -0.0153638  0.00321337  -0.0122322
  0.0153638           0  0.00973847  0.00321337
-0.00321337 -0.00973847           0  0.00379567
  0.0122322 -0.00321337 -0.00379567           0
Repeater1[0]<--->EndNode1[0]
REAL
   0.276942   0.0334901   0.0208725   0.0619522
  0.0334901    0.245614   0.0258945 0.000924023
  0.0208725   0.0258945     0.23183  0.00415855
  0.0619522 0.000924023  0.00415855    0.245614
IMAGINARY
           0   -0.0225617     0.017456 -0.000409995
   0.0225617            0  -0.00164762  0.000572865
   -0.017456   0.00164762            0  -0.00748635
 0.000409995 -0.000572865   0.00748635            0
Repeater1[0]<--->HoM1[0]
REAL
   0.291451 5.05623e-06   0.0245308   0.0562715
5.05623e-06    0.224093   0.0421327  0.00738406
  0.0245308   0.0421327    0.215026  -0.0133029
  0.0562715  0.00738406  -0.0133029     0.26943
IMAGINARY
          0  0.00321337  -0.0153638  -0.0122322
-0.00321337           0 -0.00973847  0.00379567
  0.0153638  0.00973847           0  0.00321337
  0.0122322 -0.00379567 -0.00321337           0
EndNode1[0]<--->Repeater1[0]
REAL
    0.277035   -0.0107453  -0.00546303    0.0677388
  -0.0107453     0.269745     0.042703 -0.000561068
 -0.00546303     0.042703     0.215067  0.000705111
   0.0677388 -0.000561068  0.000705111     0.238153
IMAGINARY
          0  -0.0207856   0.0134712 -0.00730435
  0.0207856           0  0.00984242 -0.00274155
 -0.0134712 -0.00984242           0  -0.0071114
 0.00730435  0.00274155   0.0071114           0
EndNode2[0]<--->HoM1[0]
REAL
  0.260078  0.0208158  0.0041661  0.0690629
 0.0208158   0.252276  0.0196261 0.00611668
 0.0041661  0.0196261   0.228869 -0.0131038
 0.0690629 0.00611668 -0.0131038   0.258778
IMAGINARY
           0  -0.00720953  -0.00157158   -0.0016279
  0.00720953            0  -0.00231947 -0.000305762
  0.00157158   0.00231947            0  -0.00843502
   0.0016279  0.000305762   0.00843502            0
Repeater1[0]<--->EndNode1[0]
REAL
    0.277035  -0.00546303   -0.0107453    0.0677388
 -0.00546303     0.215067     0.042703  0.000705111
  -0.0107453     0.042703     0.269745 -0.000561068
   0.0677388  0.000705111 -0.000561068     0.238153
IMAGINARY
          0   0.0134712  -0.0207856 -0.00730435
 -0.0134712           0 -0.00984242  -0.0071114
  0.0207856  0.00984242           0 -0.00274155
 0.00730435   0.0071114  0.00274155           0
Repeater1[0]<--->HoM1[0]
REAL
  0.260078  0.0041661  0.0208158  0.0690629
 0.0041661   0.228869  0.0196261 -0.0131038
 0.0208158  0.0196261   0.252276 0.00611668
 0.0690629 -0.0131038 0.00611668   0.258778
IMAGINARY
           0  -0.00157158  -0.00720953   -0.0016279
  0.00157158            0   0.00231947  -0.00843502
  0.00720953  -0.00231947            0 -0.000305762
   0.0016279   0.00843502  0.000305762            0
EndNode1[0]<--->Repeater1[0]
REAL
  0.296143   0.006183 0.00981586  0.0288104
  0.006183    0.23416  0.0288104 0.00195613
0.00981586  0.0288104   0.227273 0.00682816
 0.0288104 0.00195613 0.00682816   0.242424
IMAGINARY
          0    0.011323  0.00776109  -0.0235936
  -0.011323           0  0.00973971   0.0150961
-0.00776109 -0.00973971           0 -0.00846589
  0.0235936  -0.0150961  0.00846589           0
EndNode2[0]<--->HoM1[0]
REAL
  0.271186 0.00360213  0.0102686  0.0559822
0.00360213   0.259452  0.0185145 0.00382533
 0.0102686  0.0185145   0.234681 0.00109586
 0.0559822 0.00382533 0.00109586   0.234681
IMAGINARY
          0  -0.0227485  -0.0205264  0.00176839
  0.0227485           0   0.0116759  0.00760655
  0.0205264  -0.0116759           0  -0.0056753
-0.00176839 -0.00760655   0.0056753           0
Repeater1[0]<--->EndNode1[0]
REAL
  0.296143 0.00981586   0.006183  0.0288104
0.00981586   0.227273  0.0288104 0.00682816
  0.006183  0.0288104    0.23416 0.00195613
 0.0288104 0.00682816 0.00195613   0.242424
IMAGINARY
          0  0.00776109    0.011323  -0.0235936
-0.00776109           0 -0.00973971 -0.00846589
  -0.011323  0.00973971           0   0.0150961
  0.0235936  0.00846589  -0.0150961           0
Repeater1[0]<--->HoM1[0]
REAL
  0.271186  0.0102686 0.00360213  0.0559822
 0.0102686   0.234681  0.0185145 0.00109586
0.00360213  0.0185145   0.259452 0.00382533
 0.0559822 0.00109586 0.00382533   0.234681
IMAGINARY
          0  -0.0205264  -0.0227485  0.00176839
  0.0205264           0  -0.0116759  -0.0056753
  0.0227485   0.0116759           0  0.00760655
-0.00176839   0.0056753 -0.00760655           0
