EndNode1[0]<--->Repeater1[0]
REAL
   0.282993 -0.00458316 -0.00546679   0.0582286
-0.00458316    0.269388   0.0264438  0.00732093
-0.00546679   0.0264438    0.208163 -0.00592364
  0.0582286  0.00732093 -0.00592364    0.239456
IMAGINARY
           0  -0.00824626    0.0122949  0.000611373
  0.00824626            0    0.0189841    0.0109325
  -0.0122949   -0.0189841            0  -0.00642366
-0.000611373   -0.0109325   0.00642366            0
EndNode2[0]<--->HoM1[0]
REAL
    0.283186 -1.20241e-05   -0.0143612    0.0556782
-1.20241e-05     0.247788    0.0194852  -0.00067149
  -0.0143612    0.0194852     0.232617   0.00458719
   0.0556782  -0.00067149   0.00458719      0.23641
IMAGINARY
          0  -0.0113838  0.00712039  -0.0132696
  0.0113838           0   0.0062273   0.0089654
-0.00712039  -0.0062273           0  0.00334091
  0.0132696  -0.0089654 -0.00334091           0
Repeater1[0]<--->EndNode1[0]
REAL
   0.282993 -0.00546679 -0.00458316   0.0582286
-0.00546679    0.208163   0.0264438 -0.00592364
-0.00458316   0.0264438    0.269388  0.00732093
  0.0582286 -0.00592364  0.00732093    0.239456
IMAGINARY
           0    0.0122949  -0.00824626  0.000611373
  -0.0122949            0   -0.0189841  -0.00642366
  0.00824626    0.0189841            0    0.0109325
-0.000611373   0.00642366   -0.0109325            0
Repeater1[0]<--->HoM1[0]
REAL
    0.283186   -0.0143612 -1.20241e-05    0.0556782
  -0.0143612     0.232617    0.0194852   0.00458719
-1.20241e-05    0.0194852     0.247788  -0.00067149
   0.0556782   0.00458719  -0.00067149      0.23641
IMAGINARY
          0  0.00712039  -0.0113838  -0.0132696
-0.00712039           0  -0.0062273  0.00334091
  0.0113838   0.0062273           0   0.0089654
  0.0132696 -0.00334091  -0.0089654           0
EndNode1[0]<--->Repeater1[0]
REAL
  0.285714 0.00754105  0.0133881  0.0451182
0.00754105   0.239418 0.00975234  0.0328511
 0.0133881 0.00975234   0.246032  0.0128042
 0.0451182  0.0328511  0.0128042   0.228836
IMAGINARY
           0    0.0122196   -0.0122266   -0.0117457
  -0.0122196            0   -0.0288995  3.14713e-05
   0.0122266    0.0288995            0     0.001195
   0.0117457 -3.14713e-05    -0.001195            0
EndNode2[0]<--->HoM1[0]
REAL
   0.278755     0.01463   0.0122242   0.0561545
    0.01463    0.215156   0.0382973 -0.00892173
  0.0122242   0.0382973    0.261164  0.00848753
  0.0561545 -0.00892173  0.00848753    0.244926
IMAGINARY
          0    0.015081   0.0178969   0.0152481
  -0.015081           0  -0.0226307 -0.00514175
 -0.0178969   0.0226307           0 -0.00232593
 -0.0152481  0.00514175  0.00232593           0
Repeater1[0]<--->EndNode1[0]
REAL
  0.285714  0.0133881 0.00754105  0.0451182
 0.0133881   0.246032 0.00975234  0.0128042
0.00754105 0.00975234   0.239418  0.0328511
 0.0451182  0.0128042  0.0328511   0.228836
IMAGINARY
           0   -0.0122266    0.0122196   -0.0117457
   0.0122266            0    0.0288995     0.001195
  -0.0122196   -0.0288995            0  3.14713e-05
   0.0117457    -0.001195 -3.14713e-05            0
Repeater1[0]<--->HoM1[0]
REAL
   0.278755   0.0122242     0.01463   0.0561545
  0.0122242    0.261164   0.0382973  0.00848753
    0.01463   0.0382973    0.215156 -0.00892173
  0.0561545  0.00848753 -0.00892173    0.244926
IMAGINARY
          0   0.0178969    0.015081   0.0152481
 -0.0178969           0   0.0226307 -0.00232593
  -0.015081  -0.0226307           0 -0.00514175
 -0.0152481  0.00232593  0.00514175           0
EndNode1[0]<--->Repeater1[0]
REAL
   0.291391  -0.0120717 -0.00580523   0.0664442
 -0.0120717    0.233113   0.0398741  -0.0118132
-0.00580523   0.0398741    0.225166  0.00417378
  0.0664442  -0.0118132  0.00417378    0.250331
IMAGINARY
          0  0.00844455  -0.0078413  0.00292617
-0.00844455           0  0.00559284  -0.0138978
  0.0078413 -0.00559284           0   0.0229564
-0.00292617   0.0138978  -0.0229564           0
EndNode2[0]<--->HoM1[0]
REAL
   0.288973  -0.0156133 -0.00384123   0.0668332
 -0.0156133    0.242079   0.0439222  -0.0288092
-0.00384123   0.0439222    0.217997 -0.00935465
  0.0668332  -0.0288092 -0.00935465    0.250951
IMAGINARY
          0  0.00534042  0.00896467 -0.00808455
-0.00534042           0  -0.0209711 -0.00761696
-0.00896467   0.0209711           0  0.00409354
 0.00808455  0.00761696 -0.00409354           0
Repeater1[0]<--->EndNode1[0]
REAL
   0.291391 -0.00580523  -0.0120717   0.0664442
-0.00580523    0.225166   0.0398741  0.00417378
 -0.0120717   0.0398741    0.233113  -0.0118132
  0.0664442  0.00417378  -0.0118132    0.250331
IMAGINARY
          0  -0.0078413  0.00844455  0.00292617
  0.0078413           0 -0.00559284   0.0229564
-0.00844455  0.00559284           0  -0.0138978
-0.00292617  -0.0229564   0.0138978           0
Repeater1[0]<--->HoM1[0]
REAL
   0.288973 -0.00384123  -0.0156133   0.0668332
-0.00384123    0.217997   0.0439222 -0.00935465
 -0.0156133   0.0439222    0.242079  -0.0288092
  0.0668332 -0.00935465  -0.0288092    0.250951
IMAGINARY
          0  0.00896467  0.00534042 -0.00808455
-0.00896467           0   0.0209711  0.00409354
-0.00534042  -0.0209711           0 -0.00761696
 0.00808455 -0.00409354  0.00761696           0
EndNode1[0]<--->Repeater1[0]
REAL
   0.305019   0.0109034 -0.00292417    0.046689
  0.0109034    0.259974   0.0365368  0.00356933
-0.00292417   0.0365368    0.220077 -0.00122598
   0.046689  0.00356933 -0.00122598    0.214929
IMAGINARY
           0   0.00884349   -0.0050939    0.0102217
 -0.00884349            0 -0.000443318   0.00890101
   0.0050939  0.000443318            0   0.00257783
  -0.0102217  -0.00890101  -0.00257783            0
EndNode2[0]<--->HoM1[0]
REAL
   0.271515  0.00946404 -0.00588696   0.0698384
 0.00946404    0.227879   0.0164529  0.00649896
-0.00588696   0.0164529     0.21697   -0.013748
  0.0698384  0.00649896   -0.013748    0.283636
IMAGINARY
          0  -0.0195546   0.0156277  0.00439949
  0.0195546           0  0.00760051  -0.0117215
 -0.0156277 -0.00760051           0  -0.0221121
-0.00439949   0.0117215   0.0221121           0
Repeater1[0]<--->EndNode1[0]
REAL
   0.305019 -0.00292417   0.0109034    0.046689
-0.00292417    0.220077   0.0365368 -0.00122598
  0.0109034   0.0365368    0.259974  0.00356933
   0.046689 -0.00122598  0.00356933    0.214929
IMAGINARY
           0   -0.0050939   0.00884349    0.0102217
   0.0050939            0  0.000443318   0.00257783
 -0.00884349 -0.000443318            0   0.00890101
  -0.0102217  -0.00257783  -0.00890101            0
Repeater1[0]<--->HoM1[0]
REAL
   0.271515 -0.00588696  0.00946404   0.0698384
-0.00588696     0.21697   0.0164529   -0.013748
 0.00946404   0.0164529    0.227879  0.00649896
  0.0698384   -0.013748  0.00649896    0.283636
IMAGINARY
          0   0.0156277  -0.0195546  0.00439949
 -0.0156277           0 -0.00760051  -0.0221121
  0.0195546  0.00760051           0  -0.0117215
-0.00439949   0.0221121   0.0117215           0
EndNode1[0]<--->Repeater1[0]
REAL
    0.28776 -0.00106786 -0.00331747   0.0157608
-0.00106786    0.255208    0.022803 -0.00200168
-0.00331747    0.022803    0.208333  -0.0162194
  0.0157608 -0.00200168  -0.0162194    0.248698
IMAGINARY
          0 -0.00414908  -0.0116449  -0.0138518
 0.00414908           0   0.0114008 -0.00436018
  0.0116449  -0.0114008           0  0.00222847
  0.0138518  0.00436018 -0.00222847           0
EndNode2[0]<--->HoM1[0]
REAL
   0.301351  0.00835641 -0.00188441   0.0404646
 0.00835641    0.237838   0.0345669  0.00377596
-0.00188441   0.0345669    0.224324   0.0174948
  0.0404646  0.00377596   0.0174948    0.236486
IMAGINARY
          0   0.0169291  -0.0109296 -0.00922688
 -0.0169291           0   0.0003885   0.0102743
  0.0109296  -0.0003885           0 -0.00972068
 0.00922688  -0.0102743  0.00972068           0
Repeater1[0]<--->EndNode1[0]
REAL
    0.28776 -0.00331747 -0.00106786   0.0157608
-0.00331747    0.208333    0.022803  -0.0162194
-0.00106786    0.022803    0.255208 -0.00200168
  0.0157608  -0.0162194 -0.00200168    0.248698
IMAGINARY
          0  -0.0116449 -0.00414908  -0.0138518
  0.0116449           0  -0.0114008  0.00222847
 0.00414908   0.0114008           0 -0.00436018
  0.0138518 -0.00222847  0.00436018           0
Repeater1[0]<--->HoM1[0]
REAL
   0.301351 -0.00188441  0.00835641   0.0404646
-0.00188441    0.224324   0.0345669   0.0174948
 0.00835641   0.0345669    0.237838  0.00377596
  0.0404646   0.0174948  0.00377596    0.236486
IMAGINARY
          0  -0.0109296   0.0169291 -0.00922688
  0.0109296           0  -0.0003885 -0.00972068
 -0.0169291   0.0003885           0   0.0102743
 0.00922688  0.00972068  -0.0102743           0
