EndNode1[0]<--->Repeater1[0]
REAL
  0.286064 -0.0141729 0.00868217   0.033969
-0.0141729   0.240831  0.0277277 0.00931269
0.00868217  0.0277277   0.246944 -0.0179608
  0.033969 0.00931269 -0.0179608   0.226161
IMAGINARY
          0  0.00870448  -0.0130389  -0.0237968
-0.00870448           0 -0.00517978 -0.00984602
  0.0130389  0.00517978           0  -0.0218806
  0.0237968  0.00984602   0.0218806           0
EndNode2[0]<--->HoM1[0]
REAL
  0.284794   0.018749  0.0115376  0.0442504
  0.018749   0.231959  0.0476892 0.00483519
 0.0115376  0.0476892    0.23067 0.00266153
 0.0442504 0.00483519 0.00266153   0.252577
IMAGINARY
           0   -0.0101531   0.00297253 -0.000282356
   0.0101531            0   -0.0219109  0.000466262
 -0.00297253    0.0219109            0   0.00671434
 0.000282356 -0.000466262  -0.00671434            0
Repeater1[0]<--->EndNode1[0]
REAL
  0.286064 0.00868217 -0.0141729   0.033969
0.00868217   0.246944  0.0277277 -0.0179608
-0.0141729  0.0277277   0.240831 0.00931269
  0.033969 -0.0179608 0.00931269   0.226161
IMAGINARY
          0  -0.0130389  0.00870448  -0.0237968
  0.0130389           0  0.00517978  -0.0218806
-0.00870448 -0.00517978           0 -0.00984602
  0.0237968   0.0218806  0.00984602           0
Repeater1[0]<--->HoM1[0]
REAL
  0.284794  0.0115376   0.018749  0.0442504
 0.0115376    0.23067  0.0476892 0.00266153
  0.018749  0.0476892   0.231959 0.00483519
 0.0442504 0.00266153 0.00483519   0.252577
IMAGINARY
           0   0.00297253   -0.0101531 -0.000282356
 -0.00297253            0    0.0219109   0.00671434
   0.0101531   -0.0219109            0  0.000466262
 0.000282356  -0.00671434 -0.000466262            0
EndNode1[0]<--->Repeater1[0]
REAL
     0.32381   -0.0100125 -0.000280612    0.0408987
  -0.0100125     0.238095    0.0141013    0.0277806
-0.000280612    0.0141013     0.209524  1.25313e-05
   0.0408987    0.0277806  1.25313e-05     0.228571
IMAGINARY
           0    0.0157931  0.000939691  0.000665779
  -0.0157931            0  -0.00399467  -0.00812923
-0.000939691   0.00399467            0   -0.0190611
-0.000665779   0.00812923    0.0190611            0
EndNode2[0]<--->HoM1[0]
REAL
    0.289673  -0.00887196  -0.00329676    0.0382593
 -0.00887196     0.234257    0.0388683 -0.000692598
 -0.00329676    0.0388683     0.236776   0.00754218
   0.0382593 -0.000692598   0.00754218     0.239295
IMAGINARY
          0   0.0082448  0.00387431  0.00375915
 -0.0082448           0 -0.00443757  -0.0117915
-0.00387431  0.00443757           0 -0.00398171
-0.00375915   0.0117915  0.00398171           0
Repeater1[0]<--->EndNode1[0]
REAL
     0.32381 -0.000280612   -0.0100125    0.0408987
-0.000280612     0.209524    0.0141013  1.25313e-05
  -0.0100125    0.0141013     0.238095    0.0277806
   0.0408987  1.25313e-05    0.0277806     0.228571
IMAGINARY
           0  0.000939691    0.0157931  0.000665779
-0.000939691            0   0.00399467   -0.0190611
  -0.0157931  -0.00399467            0  -0.00812923
-0.000665779    0.0190611   0.00812923            0
Repeater1[0]<--->HoM1[0]
REAL
    0.289673  -0.00329676  -0.00887196    0.0382593
 -0.00329676     0.236776    0.0388683   0.00754218
 -0.00887196    0.0388683     0.234257 -0.000692598
   0.0382593   0.00754218 -0.000692598     0.239295
IMAGINARY
          0  0.00387431   0.0082448  0.00375915
-0.00387431           0  0.00443757 -0.00398171
 -0.0082448 -0.00443757           0  -0.0117915
-0.00375915  0.00398171   0.0117915           0
EndNode1[0]<--->Repeater1[0]
REAL
    0.29611  -0.0226611 -0.00604194   0.0515727
 -0.0226611     0.25345   0.0251908   0.0219479
-0.00604194   0.0251908      0.2133  0.00813833
  0.0515727   0.0219479  0.00813833    0.237139
IMAGINARY
          0  0.00477707  0.00537176  -0.0176096
-0.00477707           0  0.00277086  -0.0166783
-0.00537176 -0.00277086           0 -0.00477707
  0.0176096   0.0166783  0.00477707           0
EndNode2[0]<--->HoM1[0]
REAL
   0.280362 -0.00549854  0.00782083   0.0618892
-0.00549854    0.244186   0.0196897 -0.00255768
 0.00782083   0.0196897     0.24031  0.00286696
  0.0618892 -0.00255768  0.00286696    0.235142
IMAGINARY
           0    0.0031918    0.0121928 -0.000951322
  -0.0031918            0   -0.0111815  0.000594893
  -0.0121928    0.0111815            0   -0.0108644
 0.000951322 -0.000594893    0.0108644            0
Repeater1[0]<--->EndNode1[0]
REAL
    0.29611 -0.00604194  -0.0226611   0.0515727
-0.00604194      0.2133   0.0251908  0.00813833
 -0.0226611   0.0251908     0.25345   0.0219479
  0.0515727  0.00813833   0.0219479    0.237139
IMAGINARY
          0  0.00537176  0.00477707  -0.0176096
-0.00537176           0 -0.00277086 -0.00477707
-0.00477707  0.00277086           0  -0.0166783
  0.0176096  0.00477707   0.0166783           0
Repeater1[0]<--->HoM1[0]
REAL
   0.280362  0.00782083 -0.00549854   0.0618892
 0.00782083     0.24031   0.0196897  0.00286696
-0.00549854   0.0196897    0.244186 -0.00255768
  0.0618892  0.00286696 -0.00255768    0.235142
IMAGINARY
           0    0.0121928    0.0031918 -0.000951322
  -0.0121928            0    0.0111815   -0.0108644
  -0.0031918   -0.0111815            0  0.000594893
 0.000951322    0.0108644 -0.000594893            0
EndNode1[0]<--->Repeater1[0]
REAL
   0.307292  0.00473058  -0.0141946   0.0574079
 0.00473058    0.260417   0.0224952 -0.00275452
 -0.0141946   0.0224952    0.209635  0.00858662
  0.0574079 -0.00275452  0.00858662    0.222656
IMAGINARY
          0  -0.0165461  0.00945609  0.00369013
  0.0165461           0   0.0126415  0.00675339
-0.00945609  -0.0126415           0   0.0115585
-0.00369013 -0.00675339  -0.0115585           0
EndNode2[0]<--->HoM1[0]
REAL
   0.263694   0.0019513 -0.00409273   0.0353078
  0.0019513    0.234395   0.0319878  -0.0128884
-0.00409273   0.0319878    0.234395   0.0062248
  0.0353078  -0.0128884   0.0062248    0.267516
IMAGINARY
           0 -0.000996016   -0.0018098  -0.00324057
 0.000996016            0   -0.0298229  -0.00682233
   0.0018098    0.0298229            0 -0.000996016
  0.00324057   0.00682233  0.000996016            0
Repeater1[0]<--->EndNode1[0]
REAL
   0.307292  -0.0141946  0.00473058   0.0574079
 -0.0141946    0.209635   0.0224952  0.00858662
 0.00473058   0.0224952    0.260417 -0.00275452
  0.0574079  0.00858662 -0.00275452    0.222656
IMAGINARY
          0  0.00945609  -0.0165461  0.00369013
-0.00945609           0  -0.0126415   0.0115585
  0.0165461   0.0126415           0  0.00675339
-0.00369013  -0.0115585 -0.00675339           0
Repeater1[0]<--->HoM1[0]
REAL
   0.263694 -0.00409273   0.0019513   0.0353078
-0.00409273    0.234395   0.0319878   0.0062248
  0.0019513   0.0319878    0.234395  -0.0128884
  0.0353078   0.0062248  -0.0128884    0.267516
IMAGINARY
           0   -0.0018098 -0.000996016  -0.00324057
   0.0018098            0    0.0298229 -0.000996016
 0.000996016   -0.0298229            0  -0.00682233
  0.00324057  0.000996016   0.00682233            0
EndNode1[0]<--->Repeater1[0]
REAL
   0.276455 -0.00686275   0.0122931    0.032302
-0.00686275    0.231481   0.0167176   0.0066611
  0.0122931   0.0167176    0.222222 -0.00686275
   0.032302   0.0066611 -0.00686275    0.269841
IMAGINARY
           0    -0.010731   -0.0251593  -0.00201848
    0.010731            0  -0.00517106 -0.000814728
   0.0251593   0.00517106            0  -0.00874951
  0.00201848  0.000814728   0.00874951            0
EndNode2[0]<--->HoM1[0]
REAL
  0.250932  0.0172912 0.00407778  0.0535592
 0.0172912    0.22236  0.0215079  0.0133485
0.00407778  0.0215079   0.264596  0.0229233
 0.0535592  0.0133485  0.0229233   0.262112
IMAGINARY
          0  0.00334879  0.00289159 -0.00686275
-0.00334879           0  0.00686275   0.0137751
-0.00289159 -0.00686275           0  -0.0392462
 0.00686275  -0.0137751   0.0392462           0
Repeater1[0]<--->EndNode1[0]
REAL
   0.276455   0.0122931 -0.00686275    0.032302
  0.0122931    0.222222   0.0167176 -0.00686275
-0.00686275   0.0167176    0.231481   0.0066611
   0.032302 -0.00686275   0.0066611    0.269841
IMAGINARY
           0   -0.0251593    -0.010731  -0.00201848
   0.0251593            0   0.00517106  -0.00874951
    0.010731  -0.00517106            0 -0.000814728
  0.00201848   0.00874951  0.000814728            0
Repeater1[0]<--->HoM1[0]
REAL
  0.250932 0.00407778  0.0172912  0.0535592
0.00407778   0.264596  0.0215079  0.0229233
 0.0172912  0.0215079    0.22236  0.0133485
 0.0535592  0.0229233  0.0133485   0.262112
IMAGINARY
          0  0.00289159  0.00334879 -0.00686275
-0.00289159           0 -0.00686275  -0.0392462
-0.00334879  0.00686275           0   0.0137751
 0.00686275   0.0392462  -0.0137751           0
