EndNode1[0]<--->Repeater1[0]
REAL
   0.441176  -0.0109492     0.01107    0.280246
 -0.0109492     0.13369   0.0225533 -0.00852546
    0.01107   0.0225533   0.0909091   0.0122215
   0.280246 -0.00852546   0.0122215    0.334225
IMAGINARY
           0    -0.007096 -0.000607287    0.0322661
    0.007096            0   -0.0119516  -0.00323887
 0.000607287    0.0119516            0    0.0045319
  -0.0322661   0.00323887   -0.0045319            0
EndNode2[0]<--->HoM1[0]
REAL
   0.427381 -0.00746816 -0.00706468    0.322465
-0.00746816         0.1   0.0412949  0.00433988
-0.00706468   0.0412949    0.108333 -0.00615582
   0.322465  0.00433988 -0.00615582    0.364286
IMAGINARY
          0 -0.00815586 -0.00910768  0.00688279
 0.00815586           0  -0.0131172  -0.0137931
 0.00910768   0.0131172           0   0.0132449
-0.00688279   0.0137931  -0.0132449           0
Repeater1[0]<--->EndNode1[0]
REAL
   0.441176     0.01107  -0.0109492    0.280246
    0.01107   0.0909091   0.0225533   0.0122215
 -0.0109492   0.0225533     0.13369 -0.00852546
   0.280246   0.0122215 -0.00852546    0.334225
IMAGINARY
           0 -0.000607287    -0.007096    0.0322661
 0.000607287            0    0.0119516    0.0045319
    0.007096   -0.0119516            0  -0.00323887
  -0.0322661   -0.0045319   0.00323887            0
Repeater1[0]<--->HoM1[0]
REAL
   0.427381 -0.00706468 -0.00746816    0.322465
-0.00706468    0.108333   0.0412949 -0.00615582
-0.00746816   0.0412949         0.1  0.00433988
   0.322465 -0.00615582  0.00433988    0.364286
IMAGINARY
          0 -0.00910768 -0.00815586  0.00688279
 0.00910768           0   0.0131172   0.0132449
 0.00815586  -0.0131172           0  -0.0137931
-0.00688279  -0.0132449   0.0137931           0
EndNode1[0]<--->Repeater1[0]
REAL
   0.45045  0.0152381  0.0130332   0.294839
 0.0152381   0.109395  0.0336637 -0.0082023
 0.0130332  0.0336637   0.104247  0.0113319
  0.294839 -0.0082023  0.0113319   0.335907
IMAGINARY
          0  0.00933333  0.00564559  0.00492924
-0.00933333           0 -0.00556945   0.0128729
-0.00564559  0.00556945           0  -0.0214661
-0.00492924  -0.0128729   0.0214661           0
EndNode2[0]<--->HoM1[0]
REAL
   0.427296 -0.00649298  0.00573077    0.332131
-0.00649298   0.0956633   0.0283338  -0.0136867
 0.00573077   0.0283338   0.0880102  -0.0112549
   0.332131  -0.0136867  -0.0112549    0.389031
IMAGINARY
          0   -0.010171    0.022267  0.00761557
   0.010171           0   0.0166308   0.0131761
  -0.022267  -0.0166308           0  -0.0189429
-0.00761557  -0.0131761   0.0189429           0
Repeater1[0]<--->EndNode1[0]
REAL
   0.45045  0.0130332  0.0152381   0.294839
 0.0130332   0.104247  0.0336637  0.0113319
 0.0152381  0.0336637   0.109395 -0.0082023
  0.294839  0.0113319 -0.0082023   0.335907
IMAGINARY
          0  0.00564559  0.00933333  0.00492924
-0.00564559           0  0.00556945  -0.0214661
-0.00933333 -0.00556945           0   0.0128729
-0.00492924   0.0214661  -0.0128729           0
Repeater1[0]<--->HoM1[0]
REAL
   0.427296  0.00573077 -0.00649298    0.332131
 0.00573077   0.0880102   0.0283338  -0.0112549
-0.00649298   0.0283338   0.0956633  -0.0136867
   0.332131  -0.0112549  -0.0136867    0.389031
IMAGINARY
          0    0.022267   -0.010171  0.00761557
  -0.022267           0  -0.0166308  -0.0189429
   0.010171   0.0166308           0   0.0131761
-0.00761557   0.0189429  -0.0131761           0
EndNode1[0]<--->Repeater1[0]
REAL
   0.446292  -0.0207335 0.000455211    0.284666
 -0.0207335    0.121483   0.0336345  -0.0272526
0.000455211   0.0336345    0.108696   0.0187727
   0.284666  -0.0272526   0.0187727    0.323529
IMAGINARY
          0  -0.0266619   0.0101611   0.0134555
  0.0266619           0  0.00158212   0.0262901
 -0.0101611 -0.00158212           0 -0.00841374
 -0.0134555  -0.0262901  0.00841374           0
EndNode2[0]<--->HoM1[0]
REAL
   0.439898   0.0109543 -0.00340148    0.339602
  0.0109543   0.0895141   0.0470483  -0.0306036
-0.00340148   0.0470483   0.0754476  -0.0248082
   0.339602  -0.0306036  -0.0248082    0.395141
IMAGINARY
          0  0.00145462  -0.0254044  -0.0102285
-0.00145462           0  0.00719084 -0.00119133
  0.0254044 -0.00719084           0    0.019822
  0.0102285  0.00119133   -0.019822           0
Repeater1[0]<--->EndNode1[0]
REAL
   0.446292 0.000455211  -0.0207335    0.284666
0.000455211    0.108696   0.0336345   0.0187727
 -0.0207335   0.0336345    0.121483  -0.0272526
   0.284666   0.0187727  -0.0272526    0.323529
IMAGINARY
          0   0.0101611  -0.0266619   0.0134555
 -0.0101611           0 -0.00158212 -0.00841374
  0.0266619  0.00158212           0   0.0262901
 -0.0134555  0.00841374  -0.0262901           0
Repeater1[0]<--->HoM1[0]
REAL
   0.439898 -0.00340148   0.0109543    0.339602
-0.00340148   0.0754476   0.0470483  -0.0248082
  0.0109543   0.0470483   0.0895141  -0.0306036
   0.339602  -0.0248082  -0.0306036    0.395141
IMAGINARY
          0  -0.0254044  0.00145462  -0.0102285
  0.0254044           0 -0.00719084    0.019822
-0.00145462  0.00719084           0 -0.00119133
  0.0102285   -0.019822  0.00119133           0
EndNode1[0]<--->Repeater1[0]
REAL
   0.457179 -0.00829772  -0.0302003    0.257561
-0.00829772    0.118388  0.00593533   0.0109201
 -0.0302003  0.00593533    0.112091  0.00958307
   0.257561   0.0109201  0.00958307    0.312343
IMAGINARY
           0   0.00620031    -0.015225   0.00164276
 -0.00620031            0 -0.000287744   0.00157088
    0.015225  0.000287744            0     0.011355
 -0.00164276  -0.00157088    -0.011355            0
EndNode2[0]<--->HoM1[0]
REAL
   0.424505  -0.0169911  -0.0130554    0.333387
 -0.0169911   0.0940594   0.0205001 -0.00303036
 -0.0130554   0.0205001   0.0928218 -0.00579709
   0.333387 -0.00303036 -0.00579709    0.388614
IMAGINARY
           0    -0.014916    0.0103685   0.00653166
    0.014916            0   -0.0098082  0.000164378
  -0.0103685    0.0098082            0  -0.00181259
 -0.00653166 -0.000164378   0.00181259            0
Repeater1[0]<--->EndNode1[0]
REAL
   0.457179  -0.0302003 -0.00829772    0.257561
 -0.0302003    0.112091  0.00593533  0.00958307
-0.00829772  0.00593533    0.118388   0.0109201
   0.257561  0.00958307   0.0109201    0.312343
IMAGINARY
           0    -0.015225   0.00620031   0.00164276
    0.015225            0  0.000287744     0.011355
 -0.00620031 -0.000287744            0   0.00157088
 -0.00164276    -0.011355  -0.00157088            0
Repeater1[0]<--->HoM1[0]
REAL
   0.424505  -0.0130554  -0.0169911    0.333387
 -0.0130554   0.0928218   0.0205001 -0.00579709
 -0.0169911   0.0205001   0.0940594 -0.00303036
   0.333387 -0.00579709 -0.00303036    0.388614
IMAGINARY
           0    0.0103685    -0.014916   0.00653166
  -0.0103685            0    0.0098082  -0.00181259
    0.014916   -0.0098082            0  0.000164378
 -0.00653166   0.00181259 -0.000164378            0
EndNode1[0]<--->Repeater1[0]
REAL
    0.479604   0.00312658  -0.00318754     0.284433
  0.00312658     0.106304    0.0347692   0.00194066
 -0.00318754    0.0347692     0.100124 -0.000632816
    0.284433   0.00194066 -0.000632816     0.313968
IMAGINARY
          0  -0.0105467 -0.00942127   0.0130922
  0.0105467           0  -0.0118422   0.0168237
 0.00942127   0.0118422           0  0.00583603
 -0.0130922  -0.0168237 -0.00583603           0
EndNode2[0]<--->HoM1[0]
REAL
   0.440613    0.014361 -0.00740974    0.334195
   0.014361   0.0983397   0.0209335   0.0240764
-0.00740974   0.0209335   0.0983397   0.0189723
   0.334195   0.0240764   0.0189723    0.362708
IMAGINARY
          0  -0.0159545 -0.00218545  0.00650659
  0.0159545           0  0.00586965 -0.00661022
 0.00218545 -0.00586965           0  0.00309933
-0.00650659  0.00661022 -0.00309933           0
Repeater1[0]<--->EndNode1[0]
REAL
    0.479604  -0.00318754   0.00312658     0.284433
 -0.00318754     0.100124    0.0347692 -0.000632816
  0.00312658    0.0347692     0.106304   0.00194066
    0.284433 -0.000632816   0.00194066     0.313968
IMAGINARY
          0 -0.00942127  -0.0105467   0.0130922
 0.00942127           0   0.0118422  0.00583603
  0.0105467  -0.0118422           0   0.0168237
 -0.0130922 -0.00583603  -0.0168237           0
Repeater1[0]<--->HoM1[0]
REAL
   0.440613 -0.00740974    0.014361    0.334195
-0.00740974   0.0983397   0.0209335   0.0189723
   0.014361   0.0209335   0.0983397   0.0240764
   0.334195   0.0189723   0.0240764    0.362708
IMAGINARY
          0 -0.00218545  -0.0159545  0.00650659
 0.00218545           0 -0.00586965  0.00309933
  0.0159545  0.00586965           0 -0.00661022
-0.00650659 -0.00309933  0.00661022           0
