EndNode1[0]<--->Repeater1[0]
REAL
    0.411227     0.017953   0.00402047     0.329576
    0.017953    0.0822454     0.050475   -0.0103336
  0.00402047     0.050475    0.0809399 -0.000276199
    0.329576   -0.0103336 -0.000276199     0.425587
IMAGINARY
          0   0.0228485 -0.00942899  0.00796272
 -0.0228485           0  -0.0106509 -0.00247577
 0.00942899   0.0106509           0   -0.014912
-0.00796272  0.00247577    0.014912           0
EndNode2[0]<--->HoM1[0]
REAL
   0.419518  -0.0199032  -0.0102043    0.338735
 -0.0199032   0.0912548   0.0451697  -0.0122231
 -0.0102043   0.0451697   0.0899873 -0.00780129
   0.338735  -0.0122231 -0.00780129     0.39924
IMAGINARY
           0  -0.00162551   0.00870899   -0.0169802
  0.00162551            0   0.00276507  0.000674384
 -0.00870899  -0.00276507            0   -0.0158008
   0.0169802 -0.000674384    0.0158008            0
Repeater1[0]<--->EndNode1[0]
REAL
    0.411227   0.00402047     0.017953     0.329576
  0.00402047    0.0809399     0.050475 -0.000276199
    0.017953     0.050475    0.0822454   -0.0103336
    0.329576 -0.000276199   -0.0103336     0.425587
IMAGINARY
          0 -0.00942899   0.0228485  0.00796272
 0.00942899           0   0.0106509   -0.014912
 -0.0228485  -0.0106509           0 -0.00247577
-0.00796272    0.014912  0.00247577           0
Repeater1[0]<--->HoM1[0]
REAL
   0.419518  -0.0102043  -0.0199032    0.338735
 -0.0102043   0.0899873   0.0451697 -0.00780129
 -0.0199032   0.0451697   0.0912548  -0.0122231
   0.338735 -0.00780129  -0.0122231     0.39924
IMAGINARY
           0   0.00870899  -0.00162551   -0.0169802
 -0.00870899            0  -0.00276507   -0.0158008
  0.00162551   0.00276507            0  0.000674384
   0.0169802    0.0158008 -0.000674384            0
EndNode1[0]<--->Repeater1[0]
REAL
  0.387013 0.00882977 0.00425371    0.33007
0.00882977   0.101299  0.0508823 0.00953075
0.00425371  0.0508823   0.115584 0.00370156
   0.33007 0.00953075 0.00370156   0.396104
IMAGINARY
          0  0.00904404   0.0078965   0.0075359
-0.00904404           0   -0.004719    0.011139
 -0.0078965    0.004719           0 -0.00269886
 -0.0075359   -0.011139  0.00269886           0
EndNode2[0]<--->HoM1[0]
REAL
  0.396887  0.0115378 0.00929434   0.326673
 0.0115378   0.105058  0.0529687  0.0118324
0.00929434  0.0529687  0.0946822  0.0121498
  0.326673  0.0118324  0.0121498   0.403372
IMAGINARY
          0 -0.00333839   0.0111544 -0.00241081
 0.00333839           0  -0.0078456  -0.0181077
 -0.0111544   0.0078456           0 -0.00867172
 0.00241081   0.0181077  0.00867172           0
Repeater1[0]<--->EndNode1[0]
REAL
  0.387013 0.00425371 0.00882977    0.33007
0.00425371   0.115584  0.0508823 0.00370156
0.00882977  0.0508823   0.101299 0.00953075
   0.33007 0.00370156 0.00953075   0.396104
IMAGINARY
          0   0.0078965  0.00904404   0.0075359
 -0.0078965           0    0.004719 -0.00269886
-0.00904404   -0.004719           0    0.011139
 -0.0075359  0.00269886   -0.011139           0
Repeater1[0]<--->HoM1[0]
REAL
  0.396887 0.00929434  0.0115378   0.326673
0.00929434  0.0946822  0.0529687  0.0121498
 0.0115378  0.0529687   0.105058  0.0118324
  0.326673  0.0121498  0.0118324   0.403372
IMAGINARY
          0   0.0111544 -0.00333839 -0.00241081
 -0.0111544           0   0.0078456 -0.00867172
 0.00333839  -0.0078456           0  -0.0181077
 0.00241081  0.00867172   0.0181077           0
EndNode1[0]<--->Repeater1[0]
REAL
   0.397094  -0.0152548 -0.00036469    0.325245
 -0.0152548    0.100484   0.0525773 -0.00295536
-0.00036469   0.0525773    0.108959  -0.0119696
   0.325245 -0.00295536  -0.0119696    0.393462
IMAGINARY
          0 -0.00396495 -0.00153054 -0.00297596
 0.00396495           0   0.0166575  0.00744382
 0.00153054  -0.0166575           0  -0.0058905
 0.00297596 -0.00744382   0.0058905           0
EndNode2[0]<--->HoM1[0]
REAL
   0.419226  -0.0184653 0.000119944    0.310504
 -0.0184653    0.102804   0.0428643  -0.0139905
0.000119944   0.0428643    0.102804  0.00327379
   0.310504  -0.0139905  0.00327379    0.375167
IMAGINARY
          0  0.00209842  -0.0120462  -0.0142872
-0.00209842           0  -0.0187917   0.0108296
  0.0120462   0.0187917           0  0.00276776
  0.0142872  -0.0108296 -0.00276776           0
Repeater1[0]<--->EndNode1[0]
REAL
   0.397094 -0.00036469  -0.0152548    0.325245
-0.00036469    0.108959   0.0525773  -0.0119696
 -0.0152548   0.0525773    0.100484 -0.00295536
   0.325245  -0.0119696 -0.00295536    0.393462
IMAGINARY
          0 -0.00153054 -0.00396495 -0.00297596
 0.00153054           0  -0.0166575  -0.0058905
 0.00396495   0.0166575           0  0.00744382
 0.00297596   0.0058905 -0.00744382           0
Repeater1[0]<--->HoM1[0]
REAL
   0.419226 0.000119944  -0.0184653    0.310504
0.000119944    0.102804   0.0428643  0.00327379
 -0.0184653   0.0428643    0.102804  -0.0139905
   0.310504  0.00327379  -0.0139905    0.375167
IMAGINARY
          0  -0.0120462  0.00209842  -0.0142872
  0.0120462           0   0.0187917  0.00276776
-0.00209842  -0.0187917           0   0.0108296
  0.0142872 -0.00276776  -0.0108296           0
EndNode1[0]<--->Repeater1[0]
REAL
   0.414231 -0.00487274 -0.00146284    0.331563
-0.00487274    0.102922   0.0442451  0.00340334
-0.00146284   0.0442451    0.090216   0.0145752
   0.331563  0.00340334   0.0145752     0.39263
IMAGINARY
           0   -0.0137446  -0.00679973  -0.00890585
   0.0137446            0  -0.00890585    0.0167073
  0.00679973   0.00890585            0 -0.000125932
  0.00890585   -0.0167073  0.000125932            0
EndNode2[0]<--->HoM1[0]
REAL
   0.397419 -0.00489257 -0.00589692    0.345322
-0.00489257   0.0864516   0.0370314  0.00524332
-0.00589692   0.0370314    0.100645  0.00946774
   0.345322  0.00524332  0.00946774    0.415484
IMAGINARY
          0  0.00388264  0.00343177   0.0152528
-0.00388264           0 -0.00132879   0.0211796
-0.00343177  0.00132879           0  0.00518472
 -0.0152528  -0.0211796 -0.00518472           0
Repeater1[0]<--->EndNode1[0]
REAL
   0.414231 -0.00146284 -0.00487274    0.331563
-0.00146284    0.090216   0.0442451   0.0145752
-0.00487274   0.0442451    0.102922  0.00340334
   0.331563   0.0145752  0.00340334     0.39263
IMAGINARY
           0  -0.00679973   -0.0137446  -0.00890585
  0.00679973            0   0.00890585 -0.000125932
   0.0137446  -0.00890585            0    0.0167073
  0.00890585  0.000125932   -0.0167073            0
Repeater1[0]<--->HoM1[0]
REAL
   0.397419 -0.00589692 -0.00489257    0.345322
-0.00589692    0.100645   0.0370314  0.00946774
-0.00489257   0.0370314   0.0864516  0.00524332
   0.345322  0.00946774  0.00524332    0.415484
IMAGINARY
          0  0.00343177  0.00388264   0.0152528
-0.00343177           0  0.00132879  0.00518472
-0.00388264 -0.00132879           0   0.0211796
 -0.0152528 -0.00518472  -0.0211796           0
EndNode1[0]<--->Repeater1[0]
REAL
    0.410622    -0.001654 -0.000795092     0.315311
   -0.001654    0.0958549    0.0492728   0.00600343
-0.000795092    0.0492728     0.108808   -0.0061585
    0.315311   0.00600343   -0.0061585     0.384715
IMAGINARY
          0  -0.0076411  -0.0194904   0.0139783
  0.0076411           0 -0.00339625  0.00628282
  0.0194904  0.00339625           0   0.0183329
 -0.0139783 -0.00628282  -0.0183329           0
EndNode2[0]<--->HoM1[0]
REAL
   0.394809   0.0201823 -0.00352515    0.340742
  0.0201823     0.10929    0.023841   0.0269627
-0.00352515    0.023841   0.0819672 -0.00195312
   0.340742   0.0269627 -0.00195312    0.413934
IMAGINARY
          0   0.0171168 -0.00892771  0.00800433
 -0.0171168           0   0.0163698   0.0185308
 0.00892771  -0.0163698           0 -0.00751373
-0.00800433  -0.0185308  0.00751373           0
Repeater1[0]<--->EndNode1[0]
REAL
    0.410622 -0.000795092    -0.001654     0.315311
-0.000795092     0.108808    0.0492728   -0.0061585
   -0.001654    0.0492728    0.0958549   0.00600343
    0.315311   -0.0061585   0.00600343     0.384715
IMAGINARY
          0  -0.0194904  -0.0076411   0.0139783
  0.0194904           0  0.00339625   0.0183329
  0.0076411 -0.00339625           0  0.00628282
 -0.0139783  -0.0183329 -0.00628282           0
Repeater1[0]<--->HoM1[0]
REAL
   0.394809 -0.00352515   0.0201823    0.340742
-0.00352515   0.0819672    0.023841 -0.00195312
  0.0201823    0.023841     0.10929   0.0269627
   0.340742 -0.00195312   0.0269627    0.413934
IMAGINARY
          0 -0.00892771   0.0171168  0.00800433
 0.00892771           0  -0.0163698 -0.00751373
 -0.0171168   0.0163698           0   0.0185308
-0.00800433  0.00751373  -0.0185308           0
EndNode1[0]<--->Repeater1[0]
REAL
        0.4 0.000127313   -0.018424    0.331801
0.000127313    0.111258   0.0662382  0.00862005
  -0.018424   0.0662382    0.107285 -0.00731686
   0.331801  0.00862005 -0.00731686    0.381457
IMAGINARY
           0   0.00831533   0.00341114 -0.000994358
 -0.00831533            0  -0.00410768   0.00784714
 -0.00341114   0.00410768            0  0.000293941
 0.000994358  -0.00784714 -0.000293941            0
EndNode2[0]<--->HoM1[0]
REAL
  0.403423  0.0149777 -0.0179056   0.333417
 0.0149777   0.094132  0.0450295 0.00788055
-0.0179056  0.0450295   0.116137 -0.0162308
  0.333417 0.00788055 -0.0162308   0.386308
IMAGINARY
          0  0.00132213  -0.0056198   0.0333915
-0.00132213           0  -0.0021415  0.00884561
  0.0056198   0.0021415           0 -0.00712858
 -0.0333915 -0.00884561  0.00712858           0
Repeater1[0]<--->EndNode1[0]
REAL
        0.4   -0.018424 0.000127313    0.331801
  -0.018424    0.107285   0.0662382 -0.00731686
0.000127313   0.0662382    0.111258  0.00862005
   0.331801 -0.00731686  0.00862005    0.381457
IMAGINARY
           0   0.00341114   0.00831533 -0.000994358
 -0.00341114            0   0.00410768  0.000293941
 -0.00831533  -0.00410768            0   0.00784714
 0.000994358 -0.000293941  -0.00784714            0
Repeater1[0]<--->HoM1[0]
REAL
  0.403423 -0.0179056  0.0149777   0.333417
-0.0179056   0.116137  0.0450295 -0.0162308
 0.0149777  0.0450295   0.094132 0.00788055
  0.333417 -0.0162308 0.00788055   0.386308
IMAGINARY
          0  -0.0056198  0.00132213   0.0333915
  0.0056198           0   0.0021415 -0.00712858
-0.00132213  -0.0021415           0  0.00884561
 -0.0333915  0.00712858 -0.00884561           0
EndNode1[0]<--->Repeater1[0]
REAL
   0.383242   0.0139152   0.0118436    0.329782
  0.0139152    0.116758   0.0561725 -0.00644142
  0.0118436   0.0561725   0.0989011  -0.0025106
   0.329782 -0.00644142  -0.0025106    0.401099
IMAGINARY
           0    0.0172832    -0.011464    0.0159618
  -0.0172832            0   -0.0178824 -0.000825741
    0.011464    0.0178824            0   -0.0166364
  -0.0159618  0.000825741    0.0166364            0
EndNode2[0]<--->HoM1[0]
REAL
    0.409962 -0.000928035   -0.0165087     0.317109
-0.000928035    0.0932312    0.0437931   0.00523047
  -0.0165087    0.0437931     0.109834  -0.00157823
    0.317109   0.00523047  -0.00157823     0.386973
IMAGINARY
          0    0.013278   0.0181603   0.0261859
  -0.013278           0  -0.0190337  -0.0233417
 -0.0181603   0.0190337           0 -0.00939201
 -0.0261859   0.0233417  0.00939201           0
Repeater1[0]<--->EndNode1[0]
REAL
   0.383242   0.0118436   0.0139152    0.329782
  0.0118436   0.0989011   0.0561725  -0.0025106
  0.0139152   0.0561725    0.116758 -0.00644142
   0.329782  -0.0025106 -0.00644142    0.401099
IMAGINARY
           0    -0.011464    0.0172832    0.0159618
    0.011464            0    0.0178824   -0.0166364
  -0.0172832   -0.0178824            0 -0.000825741
  -0.0159618    0.0166364  0.000825741            0
Repeater1[0]<--->HoM1[0]
REAL
    0.409962   -0.0165087 -0.000928035     0.317109
  -0.0165087     0.109834    0.0437931  -0.00157823
-0.000928035    0.0437931    0.0932312   0.00523047
    0.317109  -0.00157823   0.00523047     0.386973
IMAGINARY
          0   0.0181603    0.013278   0.0261859
 -0.0181603           0   0.0190337 -0.00939201
  -0.013278  -0.0190337           0  -0.0233417
 -0.0261859  0.00939201   0.0233417           0
EndNode1[0]<--->Repeater1[0]
REAL
   0.384615   0.0099398   0.0102837    0.321049
  0.0099398   0.0983607   0.0476628 -0.00721626
  0.0102837   0.0476628   0.0983607  -0.0154613
   0.321049 -0.00721626  -0.0154613    0.418663
IMAGINARY
          0  0.00296443    0.022103   0.0045326
-0.00296443           0 -0.00894622  -0.0148566
  -0.022103  0.00894622           0  0.00296443
 -0.0045326   0.0148566 -0.00296443           0
EndNode2[0]<--->HoM1[0]
REAL
  0.378205 0.00240395  -0.013456    0.33039
0.00240395   0.108974  0.0550545 -0.0121505
 -0.013456  0.0550545  0.0820513  -0.015881
   0.33039 -0.0121505  -0.015881   0.430769
IMAGINARY
          0 -0.00190576  0.00449826  -0.0130724
 0.00190576           0  0.00530034 -0.00632976
-0.00449826 -0.00530034           0  0.00129526
  0.0130724  0.00632976 -0.00129526           0
Repeater1[0]<--->EndNode1[0]
REAL
   0.384615   0.0102837   0.0099398    0.321049
  0.0102837   0.0983607   0.0476628  -0.0154613
  0.0099398   0.0476628   0.0983607 -0.00721626
   0.321049  -0.0154613 -0.00721626    0.418663
IMAGINARY
          0    0.022103  0.00296443   0.0045326
  -0.022103           0  0.00894622  0.00296443
-0.00296443 -0.00894622           0  -0.0148566
 -0.0045326 -0.00296443   0.0148566           0
Repeater1[0]<--->HoM1[0]
REAL
  0.378205  -0.013456 0.00240395    0.33039
 -0.013456  0.0820513  0.0550545  -0.015881
0.00240395  0.0550545   0.108974 -0.0121505
   0.33039  -0.015881 -0.0121505   0.430769
IMAGINARY
          0  0.00449826 -0.00190576  -0.0130724
-0.00449826           0 -0.00530034  0.00129526
 0.00190576  0.00530034           0 -0.00632976
  0.0130724 -0.00129526  0.00632976           0
EndNode1[0]<--->Repeater1[0]
REAL
   0.406436  0.00718477  0.00114742    0.315397
 0.00718477    0.112038   0.0497718  0.00322211
 0.00114742   0.0497718    0.108462 -0.00281523
   0.315397  0.00322211 -0.00281523    0.373063
IMAGINARY
          0   0.0135976  0.00322451  -0.0117838
 -0.0135976           0 -0.00509931  0.00198382
-0.00322451  0.00509931           0 -0.00318093
  0.0117838 -0.00198382  0.00318093           0
EndNode2[0]<--->HoM1[0]
REAL
   0.384516 -0.00641783 0.000723226    0.340266
-0.00641783    0.109677   0.0425272  0.00551119
0.000723226   0.0425272    0.107097 -0.00979165
   0.340266  0.00551119 -0.00979165     0.39871
IMAGINARY
           0   0.00655481    0.0116123   -0.0055039
 -0.00655481            0 -0.000440613  -0.00156208
  -0.0116123  0.000440613            0   0.00223916
   0.0055039   0.00156208  -0.00223916            0
Repeater1[0]<--->EndNode1[0]
REAL
   0.406436  0.00114742  0.00718477    0.315397
 0.00114742    0.108462   0.0497718 -0.00281523
 0.00718477   0.0497718    0.112038  0.00322211
   0.315397 -0.00281523  0.00322211    0.373063
IMAGINARY
          0  0.00322451   0.0135976  -0.0117838
-0.00322451           0  0.00509931 -0.00318093
 -0.0135976 -0.00509931           0  0.00198382
  0.0117838  0.00318093 -0.00198382           0
Repeater1[0]<--->HoM1[0]
REAL
   0.384516 0.000723226 -0.00641783    0.340266
0.000723226    0.107097   0.0425272 -0.00979165
-0.00641783   0.0425272    0.109677  0.00551119
   0.340266 -0.00979165  0.00551119     0.39871
IMAGINARY
           0    0.0116123   0.00655481   -0.0055039
  -0.0116123            0  0.000440613   0.00223916
 -0.00655481 -0.000440613            0  -0.00156208
   0.0055039  -0.00223916   0.00156208            0
EndNode1[0]<--->Repeater1[0]
REAL
  0.394052 0.00780797  0.0258109   0.343651
0.00780797  0.0892193  0.0383288  0.0173363
 0.0258109  0.0383288   0.111524   0.026456
  0.343651  0.0173363   0.026456   0.405204
IMAGINARY
          0 -0.00606132 -0.00495984 -0.00594656
 0.00606132           0 -0.00790734  -0.0118469
 0.00495984  0.00790734           0   0.0214675
 0.00594656   0.0118469  -0.0214675           0
EndNode2[0]<--->HoM1[0]
REAL
   0.419476   0.0110443   0.0148646    0.335061
  0.0110443   0.0973783   0.0557062 -0.00641203
  0.0148646   0.0557062    0.109863   0.0104122
   0.335061 -0.00641203   0.0104122    0.373283
IMAGINARY
           0  -0.00523297    0.0177399    0.0164336
  0.00523297            0  -0.00946278  0.000969746
  -0.0177399   0.00946278            0   0.00587814
  -0.0164336 -0.000969746  -0.00587814            0
Repeater1[0]<--->EndNode1[0]
REAL
  0.394052  0.0258109 0.00780797   0.343651
 0.0258109   0.111524  0.0383288   0.026456
0.00780797  0.0383288  0.0892193  0.0173363
  0.343651   0.026456  0.0173363   0.405204
IMAGINARY
          0 -0.00495984 -0.00606132 -0.00594656
 0.00495984           0  0.00790734   0.0214675
 0.00606132 -0.00790734           0  -0.0118469
 0.00594656  -0.0214675   0.0118469           0
Repeater1[0]<--->HoM1[0]
REAL
   0.419476   0.0148646   0.0110443    0.335061
  0.0148646    0.109863   0.0557062   0.0104122
  0.0110443   0.0557062   0.0973783 -0.00641203
   0.335061   0.0104122 -0.00641203    0.373283
IMAGINARY
           0    0.0177399  -0.00523297    0.0164336
  -0.0177399            0   0.00946278   0.00587814
  0.00523297  -0.00946278            0  0.000969746
  -0.0164336  -0.00587814 -0.000969746            0
EndNode1[0]<--->Repeater1[0]
REAL
   0.377972   0.0190417  -0.0090805    0.337946
  0.0190417   0.0913642   0.0461687   0.0103826
 -0.0090805   0.0461687    0.121402 -0.00602091
   0.337946   0.0103826 -0.00602091    0.409262
IMAGINARY
           0   0.00635794   0.00136315   -0.0108195
 -0.00635794            0 -0.000991507    -0.010647
 -0.00136315  0.000991507            0    0.0122097
   0.0108195     0.010647   -0.0122097            0
EndNode2[0]<--->HoM1[0]
REAL
   0.41737 0.00715246  0.0167258   0.346357
0.00715246   0.102533  0.0477755 0.00368234
 0.0167258  0.0477755   0.106152 0.00177611
  0.346357 0.00368234 0.00177611   0.373945
IMAGINARY
          0  0.00253319  -0.0118922 -0.00584707
-0.00253319           0 -0.00523507 -0.00158295
  0.0118922  0.00523507           0    0.010942
 0.00584707  0.00158295   -0.010942           0
Repeater1[0]<--->EndNode1[0]
REAL
   0.377972  -0.0090805   0.0190417    0.337946
 -0.0090805    0.121402   0.0461687 -0.00602091
  0.0190417   0.0461687   0.0913642   0.0103826
   0.337946 -0.00602091   0.0103826    0.409262
IMAGINARY
           0   0.00136315   0.00635794   -0.0108195
 -0.00136315            0  0.000991507    0.0122097
 -0.00635794 -0.000991507            0    -0.010647
   0.0108195   -0.0122097     0.010647            0
Repeater1[0]<--->HoM1[0]
REAL
   0.41737  0.0167258 0.00715246   0.346357
 0.0167258   0.106152  0.0477755 0.00177611
0.00715246  0.0477755   0.102533 0.00368234
  0.346357 0.00177611 0.00368234   0.373945
IMAGINARY
          0  -0.0118922  0.00253319 -0.00584707
  0.0118922           0  0.00523507    0.010942
-0.00253319 -0.00523507           0 -0.00158295
 0.00584707   -0.010942  0.00158295           0
EndNode1[0]<--->Repeater1[0]
REAL
  0.402214  0.0154359 0.00392264   0.336016
 0.0154359   0.114391  0.0442933  0.0198869
0.00392264  0.0442933   0.115621  0.0148086
  0.336016  0.0198869  0.0148086   0.367774
IMAGINARY
           0    0.0226658   -0.0191228  -0.00678684
  -0.0226658            0   0.00549818  -0.00290658
   0.0191228  -0.00549818            0 -0.000636446
  0.00678684   0.00290658  0.000636446            0
EndNode2[0]<--->HoM1[0]
REAL
   0.391188 -0.00566677  -0.0236247    0.340452
-0.00566677   0.0974633   0.0477387  -0.0128074
 -0.0236247   0.0477387     0.12283   -0.024484
   0.340452  -0.0128074   -0.024484    0.388518
IMAGINARY
          0  0.00133221   0.0128618  -0.0156415
-0.00133221           0 -0.00958493  -0.0178869
 -0.0128618  0.00958493           0  -0.0151513
  0.0156415   0.0178869   0.0151513           0
Repeater1[0]<--->EndNode1[0]
REAL
  0.402214 0.00392264  0.0154359   0.336016
0.00392264   0.115621  0.0442933  0.0148086
 0.0154359  0.0442933   0.114391  0.0198869
  0.336016  0.0148086  0.0198869   0.367774
IMAGINARY
           0   -0.0191228    0.0226658  -0.00678684
   0.0191228            0  -0.00549818 -0.000636446
  -0.0226658   0.00549818            0  -0.00290658
  0.00678684  0.000636446   0.00290658            0
Repeater1[0]<--->HoM1[0]
REAL
   0.391188  -0.0236247 -0.00566677    0.340452
 -0.0236247     0.12283   0.0477387   -0.024484
-0.00566677   0.0477387   0.0974633  -0.0128074
   0.340452   -0.024484  -0.0128074    0.388518
IMAGINARY
          0   0.0128618  0.00133221  -0.0156415
 -0.0128618           0  0.00958493  -0.0151513
-0.00133221 -0.00958493           0  -0.0178869
  0.0156415   0.0151513   0.0178869           0
EndNode1[0]<--->Repeater1[0]
REAL
   0.389987 -0.00561844  -0.0165005    0.333112
-0.00561844    0.118577   0.0388783  -0.0259583
 -0.0165005   0.0388783    0.104084  -0.0279684
   0.333112  -0.0259583  -0.0279684    0.387352
IMAGINARY
          0  0.00096163  0.00844368   0.0195216
-0.00096163           0  -0.0169106  0.00269655
-0.00844368   0.0169106           0 -0.00554879
 -0.0195216 -0.00269655  0.00554879           0
EndNode2[0]<--->HoM1[0]
REAL
   0.390686    0.011372 0.000563337    0.335479
   0.011372     0.10608   0.0375784   0.0331154
0.000563337   0.0375784    0.107374   0.0197161
   0.335479   0.0331154   0.0197161     0.39586
IMAGINARY
           0   -0.0138742    0.0133634 -0.000961376
   0.0138742            0  -0.00532003  -0.00155234
  -0.0133634   0.00532003            0   -0.0241835
 0.000961376   0.00155234    0.0241835            0
Repeater1[0]<--->EndNode1[0]
REAL
   0.389987  -0.0165005 -0.00561844    0.333112
 -0.0165005    0.104084   0.0388783  -0.0279684
-0.00561844   0.0388783    0.118577  -0.0259583
   0.333112  -0.0279684  -0.0259583    0.387352
IMAGINARY
          0  0.00844368  0.00096163   0.0195216
-0.00844368           0   0.0169106 -0.00554879
-0.00096163  -0.0169106           0  0.00269655
 -0.0195216  0.00554879 -0.00269655           0
Repeater1[0]<--->HoM1[0]
REAL
   0.390686 0.000563337    0.011372    0.335479
0.000563337    0.107374   0.0375784   0.0197161
   0.011372   0.0375784     0.10608   0.0331154
   0.335479   0.0197161   0.0331154     0.39586
IMAGINARY
           0    0.0133634   -0.0138742 -0.000961376
  -0.0133634            0   0.00532003   -0.0241835
   0.0138742  -0.00532003            0  -0.00155234
 0.000961376    0.0241835   0.00155234            0
EndNode1[0]<--->Repeater1[0]
REAL
   0.404916   0.0123988   0.0238736    0.330217
  0.0123988    0.108668   0.0564073  -0.0168672
  0.0238736   0.0564073    0.104787 -0.00666635
   0.330217  -0.0168672 -0.00666635     0.38163
IMAGINARY
          0  0.00482931  -0.0116372    0.008333
-0.00482931           0  -0.0157957  -0.0109819
  0.0116372   0.0157957           0   0.0177897
  -0.008333   0.0109819  -0.0177897           0
EndNode2[0]<--->HoM1[0]
REAL
   0.396574 -0.00649644 -0.00374712    0.334884
-0.00649644    0.108037   0.0516759 -0.00180159
-0.00374712   0.0516759    0.101449 0.000947732
   0.334884 -0.00180159 0.000947732    0.393939
IMAGINARY
           0     0.010844  -0.00821072  -0.00262476
   -0.010844            0  -0.00856927 -0.000561208
  0.00821072   0.00856927            0    0.0192311
  0.00262476  0.000561208   -0.0192311            0
Repeater1[0]<--->EndNode1[0]
REAL
   0.404916   0.0238736   0.0123988    0.330217
  0.0238736    0.104787   0.0564073 -0.00666635
  0.0123988   0.0564073    0.108668  -0.0168672
   0.330217 -0.00666635  -0.0168672     0.38163
IMAGINARY
          0  -0.0116372  0.00482931    0.008333
  0.0116372           0   0.0157957   0.0177897
-0.00482931  -0.0157957           0  -0.0109819
  -0.008333  -0.0177897   0.0109819           0
Repeater1[0]<--->HoM1[0]
REAL
   0.396574 -0.00374712 -0.00649644    0.334884
-0.00374712    0.101449   0.0516759 0.000947732
-0.00649644   0.0516759    0.108037 -0.00180159
   0.334884 0.000947732 -0.00180159    0.393939
IMAGINARY
           0  -0.00821072     0.010844  -0.00262476
  0.00821072            0   0.00856927    0.0192311
   -0.010844  -0.00856927            0 -0.000561208
  0.00262476   -0.0192311  0.000561208            0
EndNode1[0]<--->Repeater1[0]
REAL
   0.429095 -0.00182488  0.00609929    0.338851
-0.00182488    0.102689   0.0398556  -0.0195764
 0.00609929   0.0398556    0.100244   0.0045203
   0.338851  -0.0195764   0.0045203    0.367971
IMAGINARY
          0   0.0022044  0.00675548  0.00643524
 -0.0022044           0 -0.00160765  0.00203849
-0.00675548  0.00160765           0   0.0116147
-0.00643524 -0.00203849  -0.0116147           0
EndNode2[0]<--->HoM1[0]
REAL
   0.409794  -0.0140627 -0.00866386    0.317671
 -0.0140627   0.0902062   0.0498612   0.0138587
-0.00866386   0.0498612   0.0837629   -0.022301
   0.317671   0.0138587   -0.022301    0.416237
IMAGINARY
          0  -0.0060462  0.00481908 -0.00784087
  0.0060462           0 -0.00584883   0.0176084
-0.00481908  0.00584883           0  0.00472693
 0.00784087  -0.0176084 -0.00472693           0
Repeater1[0]<--->EndNode1[0]
REAL
   0.429095  0.00609929 -0.00182488    0.338851
 0.00609929    0.100244   0.0398556   0.0045203
-0.00182488   0.0398556    0.102689  -0.0195764
   0.338851   0.0045203  -0.0195764    0.367971
IMAGINARY
          0  0.00675548   0.0022044  0.00643524
-0.00675548           0  0.00160765   0.0116147
 -0.0022044 -0.00160765           0  0.00203849
-0.00643524  -0.0116147 -0.00203849           0
Repeater1[0]<--->HoM1[0]
REAL
   0.409794 -0.00866386  -0.0140627    0.317671
-0.00866386   0.0837629   0.0498612   -0.022301
 -0.0140627   0.0498612   0.0902062   0.0138587
   0.317671   -0.022301   0.0138587    0.416237
IMAGINARY
          0  0.00481908  -0.0060462 -0.00784087
-0.00481908           0  0.00584883  0.00472693
  0.0060462 -0.00584883           0   0.0176084
 0.00784087 -0.00472693  -0.0176084           0
EndNode1[0]<--->Repeater1[0]
REAL
    0.400264   -0.0177713   -0.0164667      0.34204
  -0.0177713    0.0964333    0.0529068 -0.000820488
  -0.0164667    0.0529068    0.0977543   0.00713296
     0.34204 -0.000820488   0.00713296     0.405548
IMAGINARY
          0 -0.00124891 -0.00187721  0.00418946
 0.00124891           0  -0.0110731  0.00511136
 0.00187721   0.0110731           0  0.00189574
-0.00418946 -0.00511136 -0.00189574           0
EndNode2[0]<--->HoM1[0]
REAL
    0.382667  -0.00160532 -8.92676e-05     0.345686
 -0.00160532    0.0973333    0.0433458  -0.00700751
-8.92676e-05    0.0433458     0.114667  -0.00291081
    0.345686  -0.00700751  -0.00291081     0.405333
IMAGINARY
          0  0.00375726 -0.00621964  0.00185732
-0.00375726           0  0.00440834   0.0263757
 0.00621964 -0.00440834           0  -0.0109094
-0.00185732  -0.0263757   0.0109094           0
Repeater1[0]<--->EndNode1[0]
REAL
    0.400264   -0.0164667   -0.0177713      0.34204
  -0.0164667    0.0977543    0.0529068   0.00713296
  -0.0177713    0.0529068    0.0964333 -0.000820488
     0.34204   0.00713296 -0.000820488     0.405548
IMAGINARY
          0 -0.00187721 -0.00124891  0.00418946
 0.00187721           0   0.0110731  0.00189574
 0.00124891  -0.0110731           0  0.00511136
-0.00418946 -0.00189574 -0.00511136           0
Repeater1[0]<--->HoM1[0]
REAL
    0.382667 -8.92676e-05  -0.00160532     0.345686
-8.92676e-05     0.114667    0.0433458  -0.00291081
 -0.00160532    0.0433458    0.0973333  -0.00700751
    0.345686  -0.00291081  -0.00700751     0.405333
IMAGINARY
          0 -0.00621964  0.00375726  0.00185732
 0.00621964           0 -0.00440834  -0.0109094
-0.00375726  0.00440834           0   0.0263757
-0.00185732   0.0109094  -0.0263757           0
EndNode1[0]<--->Repeater1[0]
REAL
   0.386301 -0.00163319  -0.0150001     0.32954
-0.00163319    0.116438   0.0499633 -0.00922348
 -0.0150001   0.0499633   0.0890411  0.00598102
    0.32954 -0.00922348  0.00598102    0.408219
IMAGINARY
           0    0.0102779  -0.00703563   -0.0252484
  -0.0102779            0  5.94403e-05   -0.0135123
  0.00703563 -5.94403e-05            0   0.00902474
   0.0252484    0.0135123  -0.00902474            0
EndNode2[0]<--->HoM1[0]
REAL
   0.377721  0.00491439  0.00864858    0.334044
 0.00491439   0.0973111   0.0305906  0.00354654
 0.00864858   0.0305906    0.103713 -0.00369488
   0.334044  0.00354654 -0.00369488    0.421255
IMAGINARY
          0    0.014681  0.00629185  -0.0136062
  -0.014681           0  0.00197825 -0.00562784
-0.00629185 -0.00197825           0  -0.0153451
  0.0136062  0.00562784   0.0153451           0
Repeater1[0]<--->EndNode1[0]
REAL
   0.386301  -0.0150001 -0.00163319     0.32954
 -0.0150001   0.0890411   0.0499633  0.00598102
-0.00163319   0.0499633    0.116438 -0.00922348
    0.32954  0.00598102 -0.00922348    0.408219
IMAGINARY
           0  -0.00703563    0.0102779   -0.0252484
  0.00703563            0 -5.94403e-05   0.00902474
  -0.0102779  5.94403e-05            0   -0.0135123
   0.0252484  -0.00902474    0.0135123            0
Repeater1[0]<--->HoM1[0]
REAL
   0.377721  0.00864858  0.00491439    0.334044
 0.00864858    0.103713   0.0305906 -0.00369488
 0.00491439   0.0305906   0.0973111  0.00354654
   0.334044 -0.00369488  0.00354654    0.421255
IMAGINARY
          0  0.00629185    0.014681  -0.0136062
-0.00629185           0 -0.00197825  -0.0153451
  -0.014681  0.00197825           0 -0.00562784
  0.0136062   0.0153451  0.00562784           0
EndNode1[0]<--->Repeater1[0]
REAL
   0.409962   -0.016607   -0.013115    0.330145
  -0.016607     0.10728   0.0413008  0.00260824
  -0.013115   0.0413008   0.0715198 -0.00873296
   0.330145  0.00260824 -0.00873296    0.411239
IMAGINARY
          0 -0.00262968   0.0232284  -0.0033812
 0.00262968           0   0.0175931  -0.0159243
 -0.0232284  -0.0175931           0  -0.0113145
  0.0033812   0.0159243   0.0113145           0
EndNode2[0]<--->HoM1[0]
REAL
    0.410693   0.00484065   -0.0116462     0.340004
  0.00484065    0.0996355    0.0415748 -0.000195862
  -0.0116462    0.0415748    0.0886999  -0.00352486
    0.340004 -0.000195862  -0.00352486     0.400972
IMAGINARY
          0 -0.00869472 -0.00525965   0.0209118
 0.00869472           0   0.0294757   0.0131131
 0.00525965  -0.0294757           0 -0.00177648
 -0.0209118  -0.0131131  0.00177648           0
Repeater1[0]<--->EndNode1[0]
REAL
   0.409962   -0.013115   -0.016607    0.330145
  -0.013115   0.0715198   0.0413008 -0.00873296
  -0.016607   0.0413008     0.10728  0.00260824
   0.330145 -0.00873296  0.00260824    0.411239
IMAGINARY
          0   0.0232284 -0.00262968  -0.0033812
 -0.0232284           0  -0.0175931  -0.0113145
 0.00262968   0.0175931           0  -0.0159243
  0.0033812   0.0113145   0.0159243           0
Repeater1[0]<--->HoM1[0]
REAL
    0.410693   -0.0116462   0.00484065     0.340004
  -0.0116462    0.0886999    0.0415748  -0.00352486
  0.00484065    0.0415748    0.0996355 -0.000195862
    0.340004  -0.00352486 -0.000195862     0.400972
IMAGINARY
          0 -0.00525965 -0.00869472   0.0209118
 0.00525965           0  -0.0294757 -0.00177648
 0.00869472   0.0294757           0   0.0131131
 -0.0209118  0.00177648  -0.0131131           0
EndNode1[0]<--->Repeater1[0]
REAL
   0.382667  -0.0182666  -0.0048877    0.321873
 -0.0182666    0.114667   0.0606235  -0.0116362
 -0.0048877   0.0606235   0.0853333 -0.00315324
   0.321873  -0.0116362 -0.00315324    0.417333
IMAGINARY
          0  0.00853574  -0.0136364  -0.0211902
-0.00853574           0    0.013038   0.0136364
  0.0136364   -0.013038           0  0.00271426
  0.0211902  -0.0136364 -0.00271426           0
EndNode2[0]<--->HoM1[0]
REAL
  0.415094 0.00614251 0.00149921   0.352571
0.00614251  0.0880503  0.0528345 -0.0100987
0.00149921  0.0528345  0.0842767 0.00614251
  0.352571 -0.0100987 0.00614251   0.412579
IMAGINARY
           0  0.000310636    0.0117467   -0.0175248
-0.000310636            0    0.0110648   0.00472239
  -0.0117467   -0.0110648            0   0.00166565
   0.0175248  -0.00472239  -0.00166565            0
Repeater1[0]<--->EndNode1[0]
REAL
   0.382667  -0.0048877  -0.0182666    0.321873
 -0.0048877   0.0853333   0.0606235 -0.00315324
 -0.0182666   0.0606235    0.114667  -0.0116362
   0.321873 -0.00315324  -0.0116362    0.417333
IMAGINARY
          0  -0.0136364  0.00853574  -0.0211902
  0.0136364           0   -0.013038  0.00271426
-0.00853574    0.013038           0   0.0136364
  0.0211902 -0.00271426  -0.0136364           0
Repeater1[0]<--->HoM1[0]
REAL
  0.415094 0.00149921 0.00614251   0.352571
0.00149921  0.0842767  0.0528345 0.00614251
0.00614251  0.0528345  0.0880503 -0.0100987
  0.352571 0.00614251 -0.0100987   0.412579
IMAGINARY
           0    0.0117467  0.000310636   -0.0175248
  -0.0117467            0   -0.0110648   0.00166565
-0.000310636    0.0110648            0   0.00472239
   0.0175248  -0.00166565  -0.00472239            0
EndNode1[0]<--->Repeater1[0]
REAL
   0.382979 0.000681023   0.0245519    0.352861
0.000681023   0.0888611   0.0408402  -0.0127409
  0.0245519   0.0408402    0.125156  0.00194365
   0.352861  -0.0127409  0.00194365    0.403004
IMAGINARY
           0 -0.000703241   0.00140411  -0.00454046
 0.000703241            0  -0.00640845    0.0126624
 -0.00140411   0.00640845            0   -0.0197571
  0.00454046   -0.0126624    0.0197571            0
EndNode2[0]<--->HoM1[0]
REAL
    0.408364    0.0199455 -0.000910567     0.340292
   0.0199455    0.0922509    0.0490111   0.00837325
-0.000910567    0.0490111     0.110701   -0.0162141
    0.340292   0.00837325   -0.0162141     0.388684
IMAGINARY
          0 -0.00974777 -0.00621929  0.00220172
 0.00974777           0   0.0241141  -0.0182193
 0.00621929  -0.0241141           0   0.0104083
-0.00220172   0.0182193  -0.0104083           0
Repeater1[0]<--->EndNode1[0]
REAL
   0.382979   0.0245519 0.000681023    0.352861
  0.0245519    0.125156   0.0408402  0.00194365
0.000681023   0.0408402   0.0888611  -0.0127409
   0.352861  0.00194365  -0.0127409    0.403004
IMAGINARY
           0   0.00140411 -0.000703241  -0.00454046
 -0.00140411            0   0.00640845   -0.0197571
 0.000703241  -0.00640845            0    0.0126624
  0.00454046    0.0197571   -0.0126624            0
Repeater1[0]<--->HoM1[0]
REAL
    0.408364 -0.000910567    0.0199455     0.340292
-0.000910567     0.110701    0.0490111   -0.0162141
   0.0199455    0.0490111    0.0922509   0.00837325
    0.340292   -0.0162141   0.00837325     0.388684
IMAGINARY
          0 -0.00621929 -0.00974777  0.00220172
 0.00621929           0  -0.0241141   0.0104083
 0.00974777   0.0241141           0  -0.0182193
-0.00220172  -0.0104083   0.0182193           0
EndNode1[0]<--->Repeater1[0]
REAL
  0.375641 0.00987661 0.00313914   0.332827
0.00987661   0.074359  0.0404482 0.00250703
0.00313914  0.0404482   0.111538   0.019609
  0.332827 0.00250703   0.019609   0.438462
IMAGINARY
          0 -0.00588314  0.00114004  -0.0101435
 0.00588314           0 -0.00177798   0.0192279
-0.00114004  0.00177798           0 -0.00397231
  0.0101435  -0.0192279  0.00397231           0
EndNode2[0]<--->HoM1[0]
REAL
   0.392718 0.000909281   0.0142824    0.330931
0.000909281    0.106632   0.0603737  -0.0047715
  0.0142824   0.0603737   0.0988296  0.00860159
   0.330931  -0.0047715  0.00860159    0.401821
IMAGINARY
           0     0.013712  -0.00203676  -0.00479919
   -0.013712            0   -0.0395653  0.000710496
  0.00203676    0.0395653            0   0.00220308
  0.00479919 -0.000710496  -0.00220308            0
Repeater1[0]<--->EndNode1[0]
REAL
  0.375641 0.00313914 0.00987661   0.332827
0.00313914   0.111538  0.0404482   0.019609
0.00987661  0.0404482   0.074359 0.00250703
  0.332827   0.019609 0.00250703   0.438462
IMAGINARY
          0  0.00114004 -0.00588314  -0.0101435
-0.00114004           0  0.00177798 -0.00397231
 0.00588314 -0.00177798           0   0.0192279
  0.0101435  0.00397231  -0.0192279           0
Repeater1[0]<--->HoM1[0]
REAL
   0.392718   0.0142824 0.000909281    0.330931
  0.0142824   0.0988296   0.0603737  0.00860159
0.000909281   0.0603737    0.106632  -0.0047715
   0.330931  0.00860159  -0.0047715    0.401821
IMAGINARY
           0  -0.00203676     0.013712  -0.00479919
  0.00203676            0    0.0395653   0.00220308
   -0.013712   -0.0395653            0  0.000710496
  0.00479919  -0.00220308 -0.000710496            0
EndNode1[0]<--->Repeater1[0]
REAL
    0.375661 -0.000670241    -0.010032     0.340927
-0.000670241     0.104497    0.0491533    -0.026161
   -0.010032    0.0491533    0.0952381 -0.000670241
    0.340927    -0.026161 -0.000670241     0.424603
IMAGINARY
          0  -0.0181951  0.00054767   0.0138916
  0.0181951           0   0.0226635   0.0135911
-0.00054767  -0.0226635           0  0.00405625
 -0.0138916  -0.0135911 -0.00405625           0
EndNode2[0]<--->HoM1[0]
REAL
   0.405852  -0.0189579 -0.00571875    0.335199
 -0.0189579    0.105598    0.056984  -0.0118015
-0.00571875    0.056984   0.0916031  0.00143767
   0.335199  -0.0118015  0.00143767    0.396947
IMAGINARY
          0  0.00929134  0.00309479 -0.00878526
-0.00929134           0 -0.00683974  -0.0070318
-0.00309479  0.00683974           0 -0.00404199
 0.00878526   0.0070318  0.00404199           0
Repeater1[0]<--->EndNode1[0]
REAL
    0.375661    -0.010032 -0.000670241     0.340927
   -0.010032    0.0952381    0.0491533 -0.000670241
-0.000670241    0.0491533     0.104497    -0.026161
    0.340927 -0.000670241    -0.026161     0.424603
IMAGINARY
          0  0.00054767  -0.0181951   0.0138916
-0.00054767           0  -0.0226635  0.00405625
  0.0181951   0.0226635           0   0.0135911
 -0.0138916 -0.00405625  -0.0135911           0
Repeater1[0]<--->HoM1[0]
REAL
   0.405852 -0.00571875  -0.0189579    0.335199
-0.00571875   0.0916031    0.056984  0.00143767
 -0.0189579    0.056984    0.105598  -0.0118015
   0.335199  0.00143767  -0.0118015    0.396947
IMAGINARY
          0  0.00309479  0.00929134 -0.00878526
-0.00309479           0  0.00683974 -0.00404199
-0.00929134 -0.00683974           0  -0.0070318
 0.00878526  0.00404199   0.0070318           0
EndNode1[0]<--->Repeater1[0]
REAL
  0.400256 -0.0137548 -0.0281882   0.347148
-0.0137548  0.0869565  0.0520767 -0.0131555
-0.0281882  0.0520767   0.107417 -0.0275888
  0.347148 -0.0131555 -0.0275888   0.405371
IMAGINARY
           0  0.000980343     0.011011   -0.0156053
-0.000980343            0   0.00362547  -0.00387737
   -0.011011  -0.00362547            0    -0.010708
   0.0156053   0.00387737     0.010708            0
EndNode2[0]<--->HoM1[0]
REAL
   0.406524 -0.00437666 -0.00724739    0.338069
-0.00437666   0.0928482   0.0391002 -0.00276596
-0.00724739   0.0391002   0.0966123  -0.0136474
   0.338069 -0.00276596  -0.0136474    0.404015
IMAGINARY
          0 -0.00180139   0.0093743   0.0112551
 0.00180139           0   0.0310964   0.0138216
 -0.0093743  -0.0310964           0  -0.0110852
 -0.0112551  -0.0138216   0.0110852           0
Repeater1[0]<--->EndNode1[0]
REAL
  0.400256 -0.0281882 -0.0137548   0.347148
-0.0281882   0.107417  0.0520767 -0.0275888
-0.0137548  0.0520767  0.0869565 -0.0131555
  0.347148 -0.0275888 -0.0131555   0.405371
IMAGINARY
           0     0.011011  0.000980343   -0.0156053
   -0.011011            0  -0.00362547    -0.010708
-0.000980343   0.00362547            0  -0.00387737
   0.0156053     0.010708   0.00387737            0
Repeater1[0]<--->HoM1[0]
REAL
   0.406524 -0.00724739 -0.00437666    0.338069
-0.00724739   0.0966123   0.0391002  -0.0136474
-0.00437666   0.0391002   0.0928482 -0.00276596
   0.338069  -0.0136474 -0.00276596    0.404015
IMAGINARY
          0   0.0093743 -0.00180139   0.0112551
 -0.0093743           0  -0.0310964  -0.0110852
 0.00180139   0.0310964           0   0.0138216
 -0.0112551   0.0110852  -0.0138216           0
EndNode1[0]<--->Repeater1[0]
REAL
   0.389323   0.0110619 -0.00954598     0.33116
  0.0110619     0.10026    0.022243  -0.0218676
-0.00954598    0.022243   0.0807292  -0.0110619
    0.33116  -0.0218676  -0.0110619    0.429688
IMAGINARY
          0 -0.00596624 -0.00198576   0.0123057
 0.00596624           0   -0.013601  0.00389659
 0.00198576    0.013601           0 -0.00104013
