EndNode1[0]<--->Repeater1[0]
REAL
   0.456885   0.0147225   0.0110405    0.217537
  0.0147225    0.176319 -0.00207832   0.0128993
  0.0110405 -0.00207832    0.118404   0.0311052
   0.217537   0.0128993   0.0311052    0.248391
IMAGINARY
           0   0.00195775  -0.00487598   -0.0179886
 -0.00195775            0   -0.0209898  0.000664187
  0.00487598    0.0209898            0   0.00827089
   0.0179886 -0.000664187  -0.00827089            0
EndNode2[0]<--->HoM1[0]
REAL
   0.422667  0.00401045 -0.00464191     0.27085
 0.00401045   0.0973333   0.0192736  0.00464191
-0.00464191   0.0192736       0.164  0.00339696
    0.27085  0.00464191  0.00339696       0.316
IMAGINARY
          0 -0.00978164   0.0055861  -0.0162213
 0.00978164           0 -0.00263435   0.0114379
 -0.0055861  0.00263435           0  -0.0110254
  0.0162213  -0.0114379   0.0110254           0
Repeater1[0]<--->EndNode1[0]
REAL
   0.456885   0.0110405   0.0147225    0.217537
  0.0110405    0.118404 -0.00207832   0.0311052
  0.0147225 -0.00207832    0.176319   0.0128993
   0.217537   0.0311052   0.0128993    0.248391
IMAGINARY
           0  -0.00487598   0.00195775   -0.0179886
  0.00487598            0    0.0209898   0.00827089
 -0.00195775   -0.0209898            0  0.000664187
   0.0179886  -0.00827089 -0.000664187            0
Repeater1[0]<--->HoM1[0]
REAL
   0.422667 -0.00464191  0.00401045     0.27085
-0.00464191       0.164   0.0192736  0.00339696
 0.00401045   0.0192736   0.0973333  0.00464191
    0.27085  0.00339696  0.00464191       0.316
IMAGINARY
          0   0.0055861 -0.00978164  -0.0162213
 -0.0055861           0  0.00263435  -0.0110254
 0.00978164 -0.00263435           0   0.0114379
  0.0162213   0.0110254  -0.0114379           0
EndNode1[0]<--->Repeater1[0]
REAL
  0.436387 0.00883459  0.0123521   0.207013
0.00883459   0.176845  0.0132397  0.0116985
 0.0123521  0.0132397    0.13486  0.0114186
  0.207013  0.0116985  0.0114186   0.251908
IMAGINARY
          0  -0.0180221   0.0144519  0.00535422
  0.0180221           0  -0.0224595  -0.0100046
 -0.0144519   0.0224595           0 -0.00294364
-0.00535422   0.0100046  0.00294364           0
EndNode2[0]<--->HoM1[0]
REAL
   0.430573  -0.0144388 -0.00158186    0.276569
 -0.0144388    0.122293   0.0191164 -0.00857042
-0.00158186   0.0191164    0.123567  0.00301752
   0.276569 -0.00857042  0.00301752    0.323567
IMAGINARY
           0   0.00419109  0.000963202  -0.00239632
 -0.00419109            0    0.0085998  -0.00773827
-0.000963202   -0.0085998            0   0.00935905
  0.00239632   0.00773827  -0.00935905            0
Repeater1[0]<--->EndNode1[0]
REAL
  0.436387  0.0123521 0.00883459   0.207013
 0.0123521    0.13486  0.0132397  0.0114186
0.00883459  0.0132397   0.176845  0.0116985
  0.207013  0.0114186  0.0116985   0.251908
IMAGINARY
          0   0.0144519  -0.0180221  0.00535422
 -0.0144519           0   0.0224595 -0.00294364
  0.0180221  -0.0224595           0  -0.0100046
-0.00535422  0.00294364   0.0100046           0
Repeater1[0]<--->HoM1[0]
REAL
   0.430573 -0.00158186  -0.0144388    0.276569
-0.00158186    0.123567   0.0191164  0.00301752
 -0.0144388   0.0191164    0.122293 -0.00857042
   0.276569  0.00301752 -0.00857042    0.323567
IMAGINARY
           0  0.000963202   0.00419109  -0.00239632
-0.000963202            0   -0.0085998   0.00935905
 -0.00419109    0.0085998            0  -0.00773827
  0.00239632  -0.00935905   0.00773827            0
