EndNode1[0]<--->Repeater1[0]
REAL
  0.458591  0.0134704 -0.0182768   0.203834
 0.0134704   0.169345  0.0311533 -0.0078329
-0.0182768  0.0311533   0.138443 -0.0017211
  0.203834 -0.0078329 -0.0017211   0.233622
IMAGINARY
          0    0.032762  -0.0288578 -0.00274163
  -0.032762           0  -0.0231096  -0.0136679
  0.0288578   0.0231096           0   0.0071865
 0.00274163   0.0136679  -0.0071865           0
EndNode2[0]<--->HoM1[0]
REAL
    0.450249   0.00636912  -0.00159459     0.293017
  0.00636912     0.110697    0.0274314 -0.000899178
 -0.00159459    0.0274314     0.125622   -0.0213317
    0.293017 -0.000899178   -0.0213317     0.313433
IMAGINARY
           0  0.000623441   0.00531323   0.00248453
-0.000623441            0   -0.0129396  -0.00656012
 -0.00531323    0.0129396            0   -0.0293017
 -0.00248453   0.00656012    0.0293017            0
Repeater1[0]<--->EndNode1[0]
REAL
  0.458591 -0.0182768  0.0134704   0.203834
-0.0182768   0.138443  0.0311533 -0.0017211
 0.0134704  0.0311533   0.169345 -0.0078329
  0.203834 -0.0017211 -0.0078329   0.233622
IMAGINARY
          0  -0.0288578    0.032762 -0.00274163
  0.0288578           0   0.0231096   0.0071865
  -0.032762  -0.0231096           0  -0.0136679
 0.00274163  -0.0071865   0.0136679           0
Repeater1[0]<--->HoM1[0]
REAL
    0.450249  -0.00159459   0.00636912     0.293017
 -0.00159459     0.125622    0.0274314   -0.0213317
  0.00636912    0.0274314     0.110697 -0.000899178
    0.293017   -0.0213317 -0.000899178     0.313433
IMAGINARY
           0   0.00531323  0.000623441   0.00248453
 -0.00531323            0    0.0129396   -0.0293017
-0.000623441   -0.0129396            0  -0.00656012
 -0.00248453    0.0293017   0.00656012            0
EndNode1[0]<--->Repeater1[0]
REAL
   0.477865  -0.0117199 -0.00207699     0.21765
 -0.0117199     0.16276   0.0154172   0.0146932
-0.00207699   0.0154172    0.119792  0.00972784
    0.21765   0.0146932  0.00972784    0.239583
IMAGINARY
          0   0.0354197 -0.00966112  -0.0149504
 -0.0354197           0 -0.00389386   0.0332343
 0.00966112  0.00389386           0  0.00800459
  0.0149504  -0.0332343 -0.00800459           0
EndNode2[0]<--->HoM1[0]
REAL
  0.446134  0.0235137  0.0263917   0.260627
 0.0235137   0.106464  0.0172982 -0.0210725
 0.0263917  0.0172982    0.12801 -0.0195243
  0.260627 -0.0210725 -0.0195243   0.319392
IMAGINARY
          0   0.0121845  0.00422828  -0.0148087
 -0.0121845           0 -0.00988262  -0.0175701
-0.00422828  0.00988262           0  0.00623994
  0.0148087   0.0175701 -0.00623994           0
Repeater1[0]<--->EndNode1[0]
REAL
   0.477865 -0.00207699  -0.0117199     0.21765
-0.00207699    0.119792   0.0154172  0.00972784
 -0.0117199   0.0154172     0.16276   0.0146932
    0.21765  0.00972784   0.0146932    0.239583
IMAGINARY
          0 -0.00966112   0.0354197  -0.0149504
 0.00966112           0  0.00389386  0.00800459
 -0.0354197 -0.00389386           0   0.0332343
  0.0149504 -0.00800459  -0.0332343           0
Repeater1[0]<--->HoM1[0]
REAL
  0.446134  0.0263917  0.0235137   0.260627
 0.0263917    0.12801  0.0172982 -0.0195243
 0.0235137  0.0172982   0.106464 -0.0210725
  0.260627 -0.0195243 -0.0210725   0.319392
IMAGINARY
          0  0.00422828   0.0121845  -0.0148087
-0.00422828           0  0.00988262  0.00623994
 -0.0121845 -0.00988262           0  -0.0175701
  0.0148087 -0.00623994   0.0175701           0
