EndNode1[0]<--->Repeater1[0]
REAL
   0.439678 -0.00204089 -0.00506918    0.303157
-0.00204089   0.0455764    0.003944 -0.00380656
-0.00506918    0.003944   0.0509383  -0.0198526
   0.303157 -0.00380656  -0.0198526    0.463807
IMAGINARY
          0  0.00460534   0.0163647 -0.00090598
-0.00460534           0   0.0153489    -0.01374
 -0.0163647  -0.0153489           0  -0.0269151
 0.00090598     0.01374   0.0269151           0
EndNode2[0]<--->HoM1[0]
REAL
   0.428763 -0.00634521  0.00148706    0.294341
-0.00634521   0.0645161   0.0120283  0.00551931
 0.00148706   0.0120283   0.0497312   0.0031605
   0.294341  0.00551931   0.0031605    0.456989
IMAGINARY
          0   0.0022571   0.0297589  -0.0174799
 -0.0022571           0 -0.00447749   0.0035744
 -0.0297589  0.00447749           0 -0.00565846
  0.0174799  -0.0035744  0.00565846           0
Repeater1[0]<--->EndNode1[0]
REAL
   0.439678 -0.00506918 -0.00204089    0.303157
-0.00506918   0.0509383    0.003944  -0.0198526
-0.00204089    0.003944   0.0455764 -0.00380656
   0.303157  -0.0198526 -0.00380656    0.463807
IMAGINARY
          0   0.0163647  0.00460534 -0.00090598
 -0.0163647           0  -0.0153489  -0.0269151
-0.00460534   0.0153489           0    -0.01374
 0.00090598   0.0269151     0.01374           0
Repeater1[0]<--->HoM1[0]
REAL
   0.428763  0.00148706 -0.00634521    0.294341
 0.00148706   0.0497312   0.0120283   0.0031605
-0.00634521   0.0120283   0.0645161  0.00551931
   0.294341   0.0031605  0.00551931    0.456989
IMAGINARY
          0   0.0297589   0.0022571  -0.0174799
 -0.0297589           0  0.00447749 -0.00565846
 -0.0022571 -0.00447749           0   0.0035744
  0.0174799  0.00565846  -0.0035744           0
EndNode1[0]<--->Repeater1[0]
REAL
   0.423957   0.0159394  0.00430915    0.272799
  0.0159394   0.0471063   0.0145427 -0.00937244
 0.00430915   0.0145427   0.0605653  -0.0083445
   0.272799 -0.00937244  -0.0083445    0.468371
IMAGINARY
          0   0.0192529  -0.0148499 -0.00430683
 -0.0192529           0 -0.00940888   0.0036214
  0.0148499  0.00940888           0 -0.00670337
 0.00430683  -0.0036214  0.00670337           0
EndNode2[0]<--->HoM1[0]
REAL
   0.469737 -0.00314191   -0.016556    0.279548
-0.00314191   0.0631579 0.000279753  -0.0098893
  -0.016556 0.000279753   0.0421053 -0.00977321
   0.279548  -0.0098893 -0.00977321       0.425
IMAGINARY
          0   0.0212972 -0.00474397    0.035542
 -0.0212972           0  -0.0215826 -0.00867067
 0.00474397   0.0215826           0  -0.0188582
  -0.035542  0.00867067   0.0188582           0
Repeater1[0]<--->EndNode1[0]
REAL
   0.423957  0.00430915   0.0159394    0.272799
 0.00430915   0.0605653   0.0145427  -0.0083445
  0.0159394   0.0145427   0.0471063 -0.00937244
   0.272799  -0.0083445 -0.00937244    0.468371
IMAGINARY
          0  -0.0148499   0.0192529 -0.00430683
  0.0148499           0  0.00940888 -0.00670337
 -0.0192529 -0.00940888           0   0.0036214
 0.00430683  0.00670337  -0.0036214           0
Repeater1[0]<--->HoM1[0]
REAL
   0.469737   -0.016556 -0.00314191    0.279548
  -0.016556   0.0421053 0.000279753 -0.00977321
-0.00314191 0.000279753   0.0631579  -0.0098893
   0.279548 -0.00977321  -0.0098893       0.425
IMAGINARY
          0 -0.00474397   0.0212972    0.035542
 0.00474397           0   0.0215826  -0.0188582
 -0.0212972  -0.0215826           0 -0.00867067
  -0.035542   0.0188582  0.00867067           0
EndNode1[0]<--->Repeater1[0]
REAL
   0.452255 -0.00945446   0.0158949    0.310402
-0.00945446   0.0411141  -0.0106639   0.0129009
  0.0158949  -0.0106639   0.0490716   0.0264702
   0.310402   0.0129009   0.0264702     0.45756
IMAGINARY
          0 -0.00148455 -0.00896414  0.00465927
 0.00148455           0 -0.00727707  0.00896414
 0.00896414  0.00727707           0  -0.0251652
-0.00465927 -0.00896414   0.0251652           0
EndNode2[0]<--->HoM1[0]
REAL
  0.429639 -0.0125704 -0.0261715   0.266129
-0.0125704  0.0498132  0.0180178 0.00300079
-0.0261715  0.0180178  0.0523039 0.00281426
  0.266129 0.00300079 0.00281426   0.468244
IMAGINARY
          0  0.00468454  0.00590659 -0.00718349
-0.00468454           0  -0.0189945   0.0129851
-0.00590659   0.0189945           0  0.00665047
 0.00718349  -0.0129851 -0.00665047           0
Repeater1[0]<--->EndNode1[0]
REAL
   0.452255   0.0158949 -0.00945446    0.310402
  0.0158949   0.0490716  -0.0106639   0.0264702
-0.00945446  -0.0106639   0.0411141   0.0129009
   0.310402   0.0264702   0.0129009     0.45756
IMAGINARY
          0 -0.00896414 -0.00148455  0.00465927
 0.00896414           0  0.00727707  -0.0251652
 0.00148455 -0.00727707           0  0.00896414
-0.00465927   0.0251652 -0.00896414           0
Repeater1[0]<--->HoM1[0]
REAL
  0.429639 -0.0261715 -0.0125704   0.266129
-0.0261715  0.0523039  0.0180178 0.00281426
-0.0125704  0.0180178  0.0498132 0.00300079
  0.266129 0.00281426 0.00300079   0.468244
IMAGINARY
          0  0.00590659  0.00468454 -0.00718349
-0.00590659           0   0.0189945  0.00665047
-0.00468454  -0.0189945           0   0.0129851
 0.00718349 -0.00665047  -0.0129851           0
EndNode1[0]<--->Repeater1[0]
REAL
   0.471925 -0.00773393    0.012718    0.258769
-0.00773393   0.0414439   0.0180281 0.000522868
   0.012718   0.0180281   0.0548128  0.00458134
   0.258769 0.000522868  0.00458134    0.431818
IMAGINARY
          0  0.00873221  -0.0113649  -0.0218272
-0.00873221           0 -0.00150196    0.013834
  0.0113649  0.00150196           0 -0.00873221
  0.0218272   -0.013834  0.00873221           0
EndNode2[0]<--->HoM1[0]
REAL
       0.445 -0.000917249   -0.0116887     0.285923
-0.000917249      0.05375    -0.014343   0.00305659
  -0.0116887    -0.014343        0.045   0.00290928
    0.285923   0.00305659   0.00290928      0.45625
IMAGINARY
           0  -0.00652074    0.0189153   -0.0120958
  0.00652074            0  -0.00958949    0.0150394
  -0.0189153   0.00958949            0 -0.000802826
   0.0120958   -0.0150394  0.000802826            0
Repeater1[0]<--->EndNode1[0]
REAL
   0.471925    0.012718 -0.00773393    0.258769
   0.012718   0.0548128   0.0180281  0.00458134
-0.00773393   0.0180281   0.0414439 0.000522868
   0.258769  0.00458134 0.000522868    0.431818
IMAGINARY
          0  -0.0113649  0.00873221  -0.0218272
  0.0113649           0  0.00150196 -0.00873221
-0.00873221 -0.00150196           0    0.013834
  0.0218272  0.00873221   -0.013834           0
Repeater1[0]<--->HoM1[0]
REAL
       0.445   -0.0116887 -0.000917249     0.285923
  -0.0116887        0.045    -0.014343   0.00290928
-0.000917249    -0.014343      0.05375   0.00305659
    0.285923   0.00290928   0.00305659      0.45625
IMAGINARY
           0    0.0189153  -0.00652074   -0.0120958
  -0.0189153            0   0.00958949 -0.000802826
  0.00652074  -0.00958949            0    0.0150394
   0.0120958  0.000802826   -0.0150394            0
EndNode1[0]<--->Repeater1[0]
REAL
  0.479899 0.00778814 0.00934762    0.27342
0.00778814   0.048995  0.0131109 0.00145289
0.00934762  0.0131109   0.040201 0.00047107
   0.27342 0.00145289 0.00047107   0.430905
IMAGINARY
          0    0.015799  -0.0086847  0.00122149
  -0.015799           0   0.0267785  -0.0157998
  0.0086847  -0.0267785           0 -0.00420103
-0.00122149   0.0157998  0.00420103           0
EndNode2[0]<--->HoM1[0]
REAL
     0.45443  -0.00546872   0.00445188     0.292522
 -0.00546872    0.0544304  -0.00643996 -0.000585902
  0.00445188  -0.00643996    0.0506329  -0.00612922
    0.292522 -0.000585902  -0.00612922     0.440506
IMAGINARY
          0 -0.00584936   0.0110306  0.00438835
 0.00584936           0 -0.00124369   0.0103701
 -0.0110306  0.00124369           0 -0.00387827
-0.00438835  -0.0103701  0.00387827           0
Repeater1[0]<--->EndNode1[0]
REAL
  0.479899 0.00934762 0.00778814    0.27342
0.00934762   0.040201  0.0131109 0.00047107
0.00778814  0.0131109   0.048995 0.00145289
   0.27342 0.00047107 0.00145289   0.430905
IMAGINARY
          0  -0.0086847    0.015799  0.00122149
  0.0086847           0  -0.0267785 -0.00420103
  -0.015799   0.0267785           0  -0.0157998
-0.00122149  0.00420103   0.0157998           0
Repeater1[0]<--->HoM1[0]
REAL
     0.45443   0.00445188  -0.00546872     0.292522
  0.00445188    0.0506329  -0.00643996  -0.00612922
 -0.00546872  -0.00643996    0.0544304 -0.000585902
    0.292522  -0.00612922 -0.000585902     0.440506
IMAGINARY
          0   0.0110306 -0.00584936  0.00438835
 -0.0110306           0  0.00124369 -0.00387827
 0.00584936 -0.00124369           0   0.0103701
-0.00438835  0.00387827  -0.0103701           0
EndNode1[0]<--->Repeater1[0]
REAL
   0.484536   0.0204838 -0.00498134    0.292451
  0.0204838   0.0386598  0.00779734  0.00249995
-0.00498134  0.00779734   0.0515464 -0.00931754
   0.292451  0.00249995 -0.00931754    0.425258
IMAGINARY
          0 -0.00298397   0.0123551 -0.00361013
 0.00298397           0 -0.00173747 -0.00864225
 -0.0123551  0.00173747           0 -0.00567939
 0.00361013  0.00864225  0.00567939           0
EndNode2[0]<--->HoM1[0]
REAL
   0.446452  0.00293567 -0.00299939    0.293109
 0.00293567   0.0516129   0.0100404   0.0134981
-0.00299939   0.0100404   0.0503226  0.00493834
   0.293109   0.0134981  0.00493834    0.451613
IMAGINARY
          0   0.0122246 -0.00348325 -0.00966772
 -0.0122246           0 -0.00469259    0.010097
 0.00348325  0.00469259           0 -0.00296531
 0.00966772   -0.010097  0.00296531           0
Repeater1[0]<--->EndNode1[0]
REAL
   0.484536 -0.00498134   0.0204838    0.292451
-0.00498134   0.0515464  0.00779734 -0.00931754
  0.0204838  0.00779734   0.0386598  0.00249995
   0.292451 -0.00931754  0.00249995    0.425258
IMAGINARY
          0   0.0123551 -0.00298397 -0.00361013
 -0.0123551           0  0.00173747 -0.00567939
 0.00298397 -0.00173747           0 -0.00864225
 0.00361013  0.00567939  0.00864225           0
Repeater1[0]<--->HoM1[0]
REAL
   0.446452 -0.00299939  0.00293567    0.293109
-0.00299939   0.0503226   0.0100404  0.00493834
 0.00293567   0.0100404   0.0516129   0.0134981
   0.293109  0.00493834   0.0134981    0.451613
IMAGINARY
          0 -0.00348325   0.0122246 -0.00966772
 0.00348325           0  0.00469259 -0.00296531
 -0.0122246 -0.00469259           0    0.010097
 0.00966772  0.00296531   -0.010097           0
EndNode1[0]<--->Repeater1[0]
REAL
  0.466942  0.0122428  0.0036205   0.298391
 0.0122428   0.046832  0.0145038  0.0172392
 0.0036205  0.0145038  0.0592287 -0.0141391
  0.298391  0.0172392 -0.0141391   0.426997
IMAGINARY
          0 -0.00633559  0.00262132  -0.0226231
 0.00633559           0 -0.00822521  0.00760886
-0.00262132  0.00822521           0  0.00505682
  0.0226231 -0.00760886 -0.00505682           0
EndNode2[0]<--->HoM1[0]
REAL
   0.475943   -0.025263 -0.00878428    0.301081
  -0.025263   0.0416125   0.0133926 -0.00174203
-0.00878428   0.0133926   0.0416125  0.00815772
   0.301081 -0.00174203  0.00815772    0.440832
IMAGINARY
           0   -0.0209944  -0.00691527  0.000496459
   0.0209944            0   0.00673087    0.0119404
  0.00691527  -0.00673087            0   0.00466271
-0.000496459   -0.0119404  -0.00466271            0
Repeater1[0]<--->EndNode1[0]
REAL
  0.466942  0.0036205  0.0122428   0.298391
 0.0036205  0.0592287  0.0145038 -0.0141391
 0.0122428  0.0145038   0.046832  0.0172392
  0.298391 -0.0141391  0.0172392   0.426997
IMAGINARY
          0  0.00262132 -0.00633559  -0.0226231
-0.00262132           0  0.00822521  0.00505682
 0.00633559 -0.00822521           0  0.00760886
  0.0226231 -0.00505682 -0.00760886           0
Repeater1[0]<--->HoM1[0]
REAL
   0.475943 -0.00878428   -0.025263    0.301081
-0.00878428   0.0416125   0.0133926  0.00815772
  -0.025263   0.0133926   0.0416125 -0.00174203
   0.301081  0.00815772 -0.00174203    0.440832
IMAGINARY
           0  -0.00691527   -0.0209944  0.000496459
  0.00691527            0  -0.00673087   0.00466271
   0.0209944   0.00673087            0    0.0119404
-0.000496459  -0.00466271   -0.0119404            0
EndNode1[0]<--->Repeater1[0]
REAL
   0.435867  -0.0153221  0.00913838    0.291899
 -0.0153221   0.0475059   0.0162094 -0.00913838
 0.00913838   0.0162094   0.0451306  0.00991667
   0.291899 -0.00913838  0.00991667    0.471496
IMAGINARY
          0  0.00739654  0.00208935  -0.0119451
-0.00739654           0  0.00241523    0.020467
-0.00208935 -0.00241523           0 -0.00864967
  0.0119451   -0.020467  0.00864967           0
EndNode2[0]<--->HoM1[0]
REAL
   0.461039   0.0091195  -0.0127147    0.294367
  0.0091195   0.0428571   0.0144188 -0.00278916
 -0.0127147   0.0144188    0.038961  -0.0091195
   0.294367 -0.00278916  -0.0091195    0.457143
IMAGINARY
          0   0.0228564  0.00532763  0.00383262
 -0.0228564           0 -0.00713513  -0.0404839
-0.00532763  0.00713513           0  0.00578941
-0.00383262   0.0404839 -0.00578941           0
Repeater1[0]<--->EndNode1[0]
REAL
   0.435867  0.00913838  -0.0153221    0.291899
 0.00913838   0.0451306   0.0162094  0.00991667
 -0.0153221   0.0162094   0.0475059 -0.00913838
   0.291899  0.00991667 -0.00913838    0.471496
IMAGINARY
          0  0.00208935  0.00739654  -0.0119451
-0.00208935           0 -0.00241523 -0.00864967
-0.00739654  0.00241523           0    0.020467
  0.0119451  0.00864967   -0.020467           0
Repeater1[0]<--->HoM1[0]
REAL
   0.461039  -0.0127147   0.0091195    0.294367
 -0.0127147    0.038961   0.0144188  -0.0091195
  0.0091195   0.0144188   0.0428571 -0.00278916
   0.294367  -0.0091195 -0.00278916    0.457143
IMAGINARY
          0  0.00532763   0.0228564  0.00383262
-0.00532763           0  0.00713513  0.00578941
 -0.0228564 -0.00713513           0  -0.0404839
-0.00383262 -0.00578941   0.0404839           0
EndNode1[0]<--->Repeater1[0]
REAL
  0.451415 0.00400274 -0.0063168   0.272748
0.00400274  0.0516605 0.00573265   0.018975
-0.0063168 0.00573265  0.0418204  0.0175163
  0.272748   0.018975  0.0175163   0.455105
IMAGINARY
          0 -0.00653932  0.00775055 -0.00939592
 0.00653932           0  -0.0211147   0.0223542
-0.00775055   0.0211147           0 -0.00785858
 0.00939592  -0.0223542  0.00785858           0
EndNode2[0]<--->HoM1[0]
REAL
    0.42428 0.000913104   0.0113174    0.264561
0.000913104   0.0600751 0.000458731  0.00937688
  0.0113174 0.000458731   0.0525657 -0.00158066
   0.264561  0.00937688 -0.00158066    0.463079
IMAGINARY
           0 -0.000265252   -0.0110686  0.000365402
 0.000265252            0    0.0195249  -0.00175187
   0.0110686   -0.0195249            0    0.0156499
-0.000365402   0.00175187   -0.0156499            0
Repeater1[0]<--->EndNode1[0]
REAL
  0.451415 -0.0063168 0.00400274   0.272748
-0.0063168  0.0418204 0.00573265  0.0175163
0.00400274 0.00573265  0.0516605   0.018975
  0.272748  0.0175163   0.018975   0.455105
IMAGINARY
          0  0.00775055 -0.00653932 -0.00939592
-0.00775055           0   0.0211147 -0.00785858
 0.00653932  -0.0211147           0   0.0223542
 0.00939592  0.00785858  -0.0223542           0
Repeater1[0]<--->HoM1[0]
REAL
    0.42428   0.0113174 0.000913104    0.264561
  0.0113174   0.0525657 0.000458731 -0.00158066
0.000913104 0.000458731   0.0600751  0.00937688
   0.264561 -0.00158066  0.00937688    0.463079
IMAGINARY
           0   -0.0110686 -0.000265252  0.000365402
   0.0110686            0   -0.0195249    0.0156499
 0.000265252    0.0195249            0  -0.00175187
-0.000365402   -0.0156499   0.00175187            0
EndNode1[0]<--->Repeater1[0]
REAL
   0.468338  -0.0311123 -0.00987355    0.267487
 -0.0311123   0.0514512   0.0133891   0.0118656
-0.00987355   0.0133891   0.0501319   0.0184961
   0.267487   0.0118656   0.0184961    0.430079
IMAGINARY
          0  0.00607283   0.0129809   0.0159001
-0.00607283           0   0.0184511  0.00782621
 -0.0129809  -0.0184511           0 -0.00544232
 -0.0159001 -0.00782621  0.00544232           0
EndNode2[0]<--->HoM1[0]
REAL
   0.418394 0.000825308  -0.0138653    0.284972
0.000825308   0.0518135   0.0134365  -0.0113336
 -0.0138653   0.0134365   0.0414508  -0.0127616
   0.284972  -0.0113336  -0.0127616    0.488342
IMAGINARY
          0  0.00652458   0.0125379   0.0260282
-0.00652458           0   0.0113035  0.00181913
 -0.0125379  -0.0113035           0  -0.0146394
 -0.0260282 -0.00181913   0.0146394           0
Repeater1[0]<--->EndNode1[0]
REAL
   0.468338 -0.00987355  -0.0311123    0.267487
-0.00987355   0.0501319   0.0133891   0.0184961
 -0.0311123   0.0133891   0.0514512   0.0118656
   0.267487   0.0184961   0.0118656    0.430079
IMAGINARY
          0   0.0129809  0.00607283   0.0159001
 -0.0129809           0  -0.0184511 -0.00544232
-0.00607283   0.0184511           0  0.00782621
 -0.0159001  0.00544232 -0.00782621           0
Repeater1[0]<--->HoM1[0]
REAL
   0.418394  -0.0138653 0.000825308    0.284972
 -0.0138653   0.0414508   0.0134365  -0.0127616
0.000825308   0.0134365   0.0518135  -0.0113336
   0.284972  -0.0127616  -0.0113336    0.488342
IMAGINARY
          0   0.0125379  0.00652458   0.0260282
 -0.0125379           0  -0.0113035  -0.0146394
-0.00652458   0.0113035           0  0.00181913
 -0.0260282   0.0146394 -0.00181913           0
EndNode1[0]<--->Repeater1[0]
REAL
  0.429972 0.00490685 0.00225118   0.278516
0.00490685  0.0616246  0.0169675 -0.0154256
0.00225118  0.0169675  0.0560224 -0.0042795
  0.278516 -0.0154256 -0.0042795   0.452381
IMAGINARY
          0 -0.00112202   0.0165442    0.012618
 0.00112202           0   0.0218044   0.0177879
 -0.0165442  -0.0218044           0  -0.0144835
  -0.012618  -0.0177879   0.0144835           0
EndNode2[0]<--->HoM1[0]
REAL
   0.466937   0.0171915   0.0110669    0.274357
  0.0171915   0.0607287   0.0187462   0.0154583
  0.0110669   0.0187462   0.0499325 -0.00127637
   0.274357   0.0154583 -0.00127637    0.422402
IMAGINARY
           0  0.000341244  -0.00219573   0.00083157
-0.000341244            0   0.00348409   0.00219573
  0.00219573  -0.00348409            0   0.00464629
 -0.00083157  -0.00219573  -0.00464629            0
Repeater1[0]<--->EndNode1[0]
REAL
  0.429972 0.00225118 0.00490685   0.278516
0.00225118  0.0560224  0.0169675 -0.0042795
0.00490685  0.0169675  0.0616246 -0.0154256
  0.278516 -0.0042795 -0.0154256   0.452381
IMAGINARY
          0   0.0165442 -0.00112202    0.012618
 -0.0165442           0  -0.0218044  -0.0144835
 0.00112202   0.0218044           0   0.0177879
  -0.012618   0.0144835  -0.0177879           0
Repeater1[0]<--->HoM1[0]
REAL
   0.466937   0.0110669   0.0171915    0.274357
  0.0110669   0.0499325   0.0187462 -0.00127637
  0.0171915   0.0187462   0.0607287   0.0154583
   0.274357 -0.00127637   0.0154583    0.422402
IMAGINARY
           0  -0.00219573  0.000341244   0.00083157
  0.00219573            0  -0.00348409   0.00464629
-0.000341244   0.00348409            0   0.00219573
 -0.00083157  -0.00464629  -0.00219573            0
EndNode1[0]<--->Repeater1[0]
REAL
   0.482574    -0.02577 -0.00217464    0.278654
   -0.02577   0.0482574   0.0115304  0.00278814
-0.00217464   0.0115304   0.0576408   0.0128865
   0.278654  0.00278814   0.0128865    0.411528
IMAGINARY
          0 -0.00743113 -0.00405259  0.00528294
 0.00743113           0  0.00723353   0.0109019
 0.00405259 -0.00723353           0   0.0115407
-0.00528294  -0.0109019  -0.0115407           0
EndNode2[0]<--->HoM1[0]
REAL
    0.455696  -0.00363762   0.00553416      0.28745
 -0.00363762    0.0481013 -0.000889203    -0.011463
  0.00553416 -0.000889203    0.0443038  -0.00492628
     0.28745    -0.011463  -0.00492628     0.451899
IMAGINARY
          0 -0.00558049  0.00257056      0.0269
 0.00558049           0  0.00332675  -0.0044717
-0.00257056 -0.00332675           0   0.0138188
    -0.0269   0.0044717  -0.0138188           0
Repeater1[0]<--->EndNode1[0]
REAL
   0.482574 -0.00217464    -0.02577    0.278654
-0.00217464   0.0576408   0.0115304   0.0128865
   -0.02577   0.0115304   0.0482574  0.00278814
   0.278654   0.0128865  0.00278814    0.411528
IMAGINARY
          0 -0.00405259 -0.00743113  0.00528294
 0.00405259           0 -0.00723353   0.0115407
 0.00743113  0.00723353           0   0.0109019
-0.00528294  -0.0115407  -0.0109019           0
Repeater1[0]<--->HoM1[0]
REAL
    0.455696   0.00553416  -0.00363762      0.28745
  0.00553416    0.0443038 -0.000889203  -0.00492628
 -0.00363762 -0.000889203    0.0481013    -0.011463
     0.28745  -0.00492628    -0.011463     0.451899
IMAGINARY
          0  0.00257056 -0.00558049      0.0269
-0.00257056           0 -0.00332675   0.0138188
 0.00558049  0.00332675           0  -0.0044717
    -0.0269  -0.0138188   0.0044717           0
EndNode1[0]<--->Repeater1[0]
REAL
   0.434059   0.0246448   0.0319771    0.274954
  0.0246448   0.0460948   0.0123076 -0.00204083
  0.0319771   0.0123076   0.0627401  -0.0138168
   0.274954 -0.00204083  -0.0138168    0.457106
IMAGINARY
          0 -0.00204381   0.0102045 -0.00059982
 0.00204381           0 -0.00587686 -0.00955599
 -0.0102045  0.00587686           0  0.00269232
 0.00059982  0.00955599 -0.00269232           0
EndNode2[0]<--->HoM1[0]
REAL
   0.448143  0.00202935  -0.0152964    0.271685
 0.00202935   0.0473752  0.00148267  -0.0185902
 -0.0152964  0.00148267   0.0448143 -0.00825342
   0.271685  -0.0185902 -0.00825342    0.459667
IMAGINARY
          0  0.00850962 -0.00367606  0.00120419
-0.00850962           0   0.0150931  -0.0190512
 0.00367606  -0.0150931           0  0.00159139
-0.00120419   0.0190512 -0.00159139           0
Repeater1[0]<--->EndNode1[0]
REAL
   0.434059   0.0319771   0.0246448    0.274954
  0.0319771   0.0627401   0.0123076  -0.0138168
  0.0246448   0.0123076   0.0460948 -0.00204083
   0.274954  -0.0138168 -0.00204083    0.457106
IMAGINARY
          0   0.0102045 -0.00204381 -0.00059982
 -0.0102045           0  0.00587686  0.00269232
 0.00204381 -0.00587686           0 -0.00955599
 0.00059982 -0.00269232  0.00955599           0
Repeater1[0]<--->HoM1[0]
REAL
   0.448143  -0.0152964  0.00202935    0.271685
 -0.0152964   0.0448143  0.00148267 -0.00825342
 0.00202935  0.00148267   0.0473752  -0.0185902
   0.271685 -0.00825342  -0.0185902    0.459667
IMAGINARY
          0 -0.00367606  0.00850962  0.00120419
 0.00367606           0  -0.0150931  0.00159139
-0.00850962   0.0150931           0  -0.0190512
-0.00120419 -0.00159139   0.0190512           0
EndNode1[0]<--->Repeater1[0]
REAL
   0.469441  0.00338349  0.00631097    0.286702
 0.00338349   0.0377113 -0.00906384  -0.0113361
 0.00631097 -0.00906384   0.0611183  0.00792305
   0.286702  -0.0113361  0.00792305     0.43173
IMAGINARY
          0 -0.00331376   0.0186529  -0.0219356
 0.00331376           0 -0.00732316 -0.00308625
 -0.0186529  0.00732316           0 -0.00727154
  0.0219356  0.00308625  0.00727154           0
EndNode2[0]<--->HoM1[0]
REAL
   0.462986  0.00728199  0.00917719    0.279646
 0.00728199   0.0526976   0.0107954  -0.0116282
 0.00917719   0.0107954   0.0439147 -0.00850748
   0.279646  -0.0116282 -0.00850748    0.440402
IMAGINARY
           0   0.00793642   0.00924062  -0.00348422
 -0.00793642            0     0.016047  3.00891e-05
 -0.00924062    -0.016047            0  -0.00608228
  0.00348422 -3.00891e-05   0.00608228            0
Repeater1[0]<--->EndNode1[0]
REAL
   0.469441  0.00631097  0.00338349    0.286702
 0.00631097   0.0611183 -0.00906384  0.00792305
 0.00338349 -0.00906384   0.0377113  -0.0113361
   0.286702  0.00792305  -0.0113361     0.43173
IMAGINARY
          0   0.0186529 -0.00331376  -0.0219356
 -0.0186529           0  0.00732316 -0.00727154
 0.00331376 -0.00732316           0 -0.00308625
  0.0219356  0.00727154  0.00308625           0
Repeater1[0]<--->HoM1[0]
REAL
   0.462986  0.00917719  0.00728199    0.279646
 0.00917719   0.0439147   0.0107954 -0.00850748
 0.00728199   0.0107954   0.0526976  -0.0116282
   0.279646 -0.00850748  -0.0116282    0.440402
IMAGINARY
           0   0.00924062   0.00793642  -0.00348422
 -0.00924062            0    -0.016047  -0.00608228
 -0.00793642     0.016047            0  3.00891e-05
  0.00348422   0.00608228 -3.00891e-05            0
EndNode1[0]<--->Repeater1[0]
REAL
   0.435705  -0.0083413 -0.00783322    0.282857
 -0.0083413   0.0524345 0.000518503  0.00405489
-0.00783322 0.000518503   0.0436954 -0.00299371
   0.282857  0.00405489 -0.00299371    0.468165
IMAGINARY
          0   0.0225411   0.0070804  0.00250752
 -0.0225411           0 -0.00753264 -0.00334905
 -0.0070804  0.00753264           0   0.0122847
-0.00250752  0.00334905  -0.0122847           0
EndNode2[0]<--->HoM1[0]
REAL
  0.476658 -0.0168546 -0.0132742   0.276778
-0.0168546  0.0528256  0.0108207 -0.0157495
-0.0132742  0.0108207   0.044226 -0.0187654
  0.276778 -0.0157495 -0.0187654    0.42629
IMAGINARY
          0   0.0215821 -0.00929523  -0.0193425
 -0.0215821           0 -0.00114929  0.00131651
 0.00929523  0.00114929           0  -0.0189225
  0.0193425 -0.00131651   0.0189225           0
Repeater1[0]<--->EndNode1[0]
REAL
   0.435705 -0.00783322  -0.0083413    0.282857
-0.00783322   0.0436954 0.000518503 -0.00299371
 -0.0083413 0.000518503   0.0524345  0.00405489
   0.282857 -0.00299371  0.00405489    0.468165
IMAGINARY
          0   0.0070804   0.0225411  0.00250752
 -0.0070804           0  0.00753264   0.0122847
 -0.0225411 -0.00753264           0 -0.00334905
-0.00250752  -0.0122847  0.00334905           0
Repeater1[0]<--->HoM1[0]
REAL
  0.476658 -0.0132742 -0.0168546   0.276778
-0.0132742   0.044226  0.0108207 -0.0187654
-0.0168546  0.0108207  0.0528256 -0.0157495
  0.276778 -0.0187654 -0.0157495    0.42629
IMAGINARY
          0 -0.00929523   0.0215821  -0.0193425
 0.00929523           0  0.00114929  -0.0189225
 -0.0215821 -0.00114929           0  0.00131651
  0.0193425   0.0189225 -0.00131651           0
EndNode1[0]<--->Repeater1[0]
REAL
  0.437077 0.00362915 -0.0269354   0.286002
0.00362915  0.0500677  0.0157999 0.00956092
-0.0269354  0.0157999  0.0460081 -0.0184297
  0.286002 0.00956092 -0.0184297   0.466847
IMAGINARY
           0  -0.00972494   -0.0028769 -0.000106706
  0.00972494            0     0.019689 -0.000910977
   0.0028769    -0.019689            0  -0.00163869
 0.000106706  0.000910977   0.00163869            0
EndNode2[0]<--->HoM1[0]
REAL
  0.449312 -0.0147827 -0.0015528   0.296679
-0.0147827  0.0625782   0.013077  0.0015528
-0.0015528   0.013077  0.0413016 -0.0071685
  0.296679  0.0015528 -0.0071685   0.446809
IMAGINARY
          0 -0.00367566  -0.0010751  -0.0245889
 0.00367566           0 -0.00892313 -0.00295716
  0.0010751  0.00892313           0 -0.00707702
  0.0245889  0.00295716  0.00707702           0
Repeater1[0]<--->EndNode1[0]
REAL
  0.437077 -0.0269354 0.00362915   0.286002
-0.0269354  0.0460081  0.0157999 -0.0184297
0.00362915  0.0157999  0.0500677 0.00956092
  0.286002 -0.0184297 0.00956092   0.466847
IMAGINARY
           0   -0.0028769  -0.00972494 -0.000106706
   0.0028769            0    -0.019689  -0.00163869
  0.00972494     0.019689            0 -0.000910977
 0.000106706   0.00163869  0.000910977            0
Repeater1[0]<--->HoM1[0]
REAL
  0.449312 -0.0015528 -0.0147827   0.296679
-0.0015528  0.0413016   0.013077 -0.0071685
-0.0147827   0.013077  0.0625782  0.0015528
  0.296679 -0.0071685  0.0015528   0.446809
IMAGINARY
          0  -0.0010751 -0.00367566  -0.0245889
  0.0010751           0  0.00892313 -0.00707702
 0.00367566 -0.00892313           0 -0.00295716
  0.0245889  0.00707702  0.00295716           0
EndNode1[0]<--->Repeater1[0]
REAL
   0.435964 -0.00695182   0.0146645     0.26411
-0.00695182   0.0439845  0.00268855  -0.0153233
  0.0146645  0.00268855   0.0556274   0.0102456
    0.26411  -0.0153233   0.0102456    0.464424
IMAGINARY
          0  0.00385092  0.00938222   0.0268337
-0.00385092           0 -0.00234917   0.0020391
-0.00938222  0.00234917           0 -0.00765803
 -0.0268337  -0.0020391  0.00765803           0
EndNode2[0]<--->HoM1[0]
REAL
   0.459057   0.0187636   0.0214819    0.284891
  0.0187636   0.0397022  0.00825447    -0.01475
  0.0214819  0.00825447   0.0397022 -0.00591171
   0.284891    -0.01475 -0.00591171    0.461538
IMAGINARY
          0 -0.00385856  0.00895022  -0.0100939
 0.00385856           0  -0.0227437   0.0225004
-0.00895022   0.0227437           0 -0.00191807
  0.0100939  -0.0225004  0.00191807           0
Repeater1[0]<--->EndNode1[0]
REAL
   0.435964   0.0146645 -0.00695182     0.26411
  0.0146645   0.0556274  0.00268855   0.0102456
-0.00695182  0.00268855   0.0439845  -0.0153233
    0.26411   0.0102456  -0.0153233    0.464424
IMAGINARY
          0  0.00938222  0.00385092   0.0268337
-0.00938222           0  0.00234917 -0.00765803
-0.00385092 -0.00234917           0   0.0020391
 -0.0268337  0.00765803  -0.0020391           0
Repeater1[0]<--->HoM1[0]
REAL
   0.459057   0.0214819   0.0187636    0.284891
  0.0214819   0.0397022  0.00825447 -0.00591171
  0.0187636  0.00825447   0.0397022    -0.01475
   0.284891 -0.00591171    -0.01475    0.461538
IMAGINARY
          0  0.00895022 -0.00385856  -0.0100939
-0.00895022           0   0.0227437 -0.00191807
 0.00385856  -0.0227437           0   0.0225004
  0.0100939  0.00191807  -0.0225004           0
EndNode1[0]<--->Repeater1[0]
REAL
   0.435006   0.0111041 -0.00572519    0.261002
  0.0111041   0.0501931    0.020168 -0.00572519
-0.00572519    0.020168   0.0617761 -0.00983185
   0.261002 -0.00572519 -0.00983185    0.453024
IMAGINARY
           0   0.00081198   -0.0148044  0.000254476
 -0.00081198            0  -0.00668121  -0.00479105
   0.0148044   0.00668121            0   0.00487702
-0.000254476   0.00479105  -0.00487702            0
EndNode2[0]<--->HoM1[0]
REAL
  0.467337 -0.0036933 0.00343931   0.303995
-0.0036933  0.0540201  0.0262172 -0.0115542
0.00343931  0.0262172  0.0515075 0.00556596
  0.303995 -0.0115542 0.00556596   0.427136
IMAGINARY
           0   -0.0115045 -0.000645995   -0.0165453
   0.0115045            0   0.00105579    0.0109819
 0.000645995  -0.00105579            0    0.0140885
   0.0165453   -0.0109819   -0.0140885            0
Repeater1[0]<--->EndNode1[0]
REAL
   0.435006 -0.00572519   0.0111041    0.261002
-0.00572519   0.0617761    0.020168 -0.00983185
  0.0111041    0.020168   0.0501931 -0.00572519
   0.261002 -0.00983185 -0.00572519    0.453024
IMAGINARY
           0   -0.0148044   0.00081198  0.000254476
   0.0148044            0   0.00668121   0.00487702
 -0.00081198  -0.00668121            0  -0.00479105
-0.000254476  -0.00487702   0.00479105            0
Repeater1[0]<--->HoM1[0]
REAL
  0.467337 0.00343931 -0.0036933   0.303995
0.00343931  0.0515075  0.0262172 0.00556596
-0.0036933  0.0262172  0.0540201 -0.0115542
  0.303995 0.00556596 -0.0115542   0.427136
IMAGINARY
           0 -0.000645995   -0.0115045   -0.0165453
 0.000645995            0  -0.00105579    0.0140885
   0.0115045   0.00105579            0    0.0109819
   0.0165453   -0.0140885   -0.0109819            0
EndNode1[0]<--->Repeater1[0]
REAL
   0.447165  -0.0180164  -0.0161976    0.276241
 -0.0180164   0.0476804  0.00670466 -0.00964219
 -0.0161976  0.00670466   0.0528351  -0.0129913
   0.276241 -0.00964219  -0.0129913     0.45232
IMAGINARY
          0   0.0241339  -0.0291656  -0.0269295
 -0.0241339           0  -0.0109295  0.00333782
  0.0291656   0.0109295           0    0.030833
  0.0269295 -0.00333782   -0.030833           0
EndNode2[0]<--->HoM1[0]
REAL
   0.472119  -0.0133807 -0.00963319     0.28148
 -0.0133807   0.0520446  -0.0068319  0.00515176
-0.00963319  -0.0068319    0.047088   0.0114601
    0.28148  0.00515176   0.0114601    0.428748
IMAGINARY
           0   0.00782233  6.67713e-06    0.0105782
 -0.00782233            0  -0.00865261   0.00129202
-6.67713e-06   0.00865261            0    0.0155543
  -0.0105782  -0.00129202   -0.0155543            0
Repeater1[0]<--->EndNode1[0]
REAL
   0.447165  -0.0161976  -0.0180164    0.276241
 -0.0161976   0.0528351  0.00670466  -0.0129913
 -0.0180164  0.00670466   0.0476804 -0.00964219
   0.276241  -0.0129913 -0.00964219     0.45232
IMAGINARY
          0  -0.0291656   0.0241339  -0.0269295
  0.0291656           0   0.0109295    0.030833
 -0.0241339  -0.0109295           0  0.00333782
  0.0269295   -0.030833 -0.00333782           0
Repeater1[0]<--->HoM1[0]
REAL
   0.472119 -0.00963319  -0.0133807     0.28148
-0.00963319    0.047088  -0.0068319   0.0114601
 -0.0133807  -0.0068319   0.0520446  0.00515176
    0.28148   0.0114601  0.00515176    0.428748
IMAGINARY
           0  6.67713e-06   0.00782233    0.0105782
-6.67713e-06            0   0.00865261    0.0155543
 -0.00782233  -0.00865261            0   0.00129202
  -0.0105782   -0.0155543  -0.00129202            0
EndNode1[0]<--->Repeater1[0]
REAL
    0.445033    0.0076052    0.0103686     0.274422
   0.0076052    0.0543046  -0.00597459 -0.000190445
   0.0103686  -0.00597459    0.0543046  -0.00506067
    0.274422 -0.000190445  -0.00506067     0.446358
IMAGINARY
          0   0.0139702 -0.00531633   0.0157116
 -0.0139702           0   0.0124091  0.00655702
 0.00531633  -0.0124091           0   -0.018933
 -0.0157116 -0.00655702    0.018933           0
EndNode2[0]<--->HoM1[0]
REAL
   0.437086  0.00470563 -0.00512762    0.287669
 0.00470563   0.0556291   0.0118068  -0.0112551
-0.00512762   0.0118068   0.0556291    0.022162
   0.287669  -0.0112551    0.022162    0.451656
IMAGINARY
          0 -0.00738475 -0.00524205   0.0154411
 0.00738475           0 -0.00996164   0.0185047
 0.00524205  0.00996164           0  -0.0178142
 -0.0154411  -0.0185047   0.0178142           0
Repeater1[0]<--->EndNode1[0]
REAL
    0.445033    0.0103686    0.0076052     0.274422
   0.0103686    0.0543046  -0.00597459  -0.00506067
   0.0076052  -0.00597459    0.0543046 -0.000190445
    0.274422  -0.00506067 -0.000190445     0.446358
IMAGINARY
          0 -0.00531633   0.0139702   0.0157116
 0.00531633           0  -0.0124091   -0.018933
 -0.0139702   0.0124091           0  0.00655702
 -0.0157116    0.018933 -0.00655702           0
Repeater1[0]<--->HoM1[0]
REAL
   0.437086 -0.00512762  0.00470563    0.287669
-0.00512762   0.0556291   0.0118068    0.022162
 0.00470563   0.0118068   0.0556291  -0.0112551
   0.287669    0.022162  -0.0112551    0.451656
IMAGINARY
          0 -0.00524205 -0.00738475   0.0154411
 0.00524205           0  0.00996164  -0.0178142
 0.00738475 -0.00996164           0   0.0185047
 -0.0154411   0.0178142  -0.0185047           0
EndNode1[0]<--->Repeater1[0]
REAL
   0.444733  -0.0147783 -0.00737069    0.286239
 -0.0147783   0.0481144   0.0339577 -0.00987069
-0.00737069   0.0339577   0.0403121  -0.0147783
   0.286239 -0.00987069  -0.0147783     0.46684
IMAGINARY
           0 -0.000911333     0.018584   -0.0248283
 0.000911333            0    0.0168918    0.0159662
   -0.018584   -0.0168918            0     0.002867
   0.0248283   -0.0159662    -0.002867            0
EndNode2[0]<--->HoM1[0]
REAL
   0.428752  0.00316345   0.0106732    0.282711
 0.00316345   0.0605296 -0.00318332  -0.0159225
  0.0106732 -0.00318332   0.0491803  -0.0215362
   0.282711  -0.0159225  -0.0215362    0.461538
IMAGINARY
          0  0.00868094   0.0162216  0.00429975
-0.00868094           0  -0.0153563 -0.00488658
 -0.0162216   0.0153563           0  -0.0174971
-0.00429975  0.00488658   0.0174971           0
Repeater1[0]<--->EndNode1[0]
REAL
   0.444733 -0.00737069  -0.0147783    0.286239
-0.00737069   0.0403121   0.0339577  -0.0147783
 -0.0147783   0.0339577   0.0481144 -0.00987069
   0.286239  -0.0147783 -0.00987069     0.46684
IMAGINARY
           0     0.018584 -0.000911333   -0.0248283
   -0.018584            0   -0.0168918     0.002867
 0.000911333    0.0168918            0    0.0159662
   0.0248283    -0.002867   -0.0159662            0
Repeater1[0]<--->HoM1[0]
REAL
   0.428752   0.0106732  0.00316345    0.282711
  0.0106732   0.0491803 -0.00318332  -0.0215362
 0.00316345 -0.00318332   0.0605296  -0.0159225
   0.282711  -0.0215362  -0.0159225    0.461538
IMAGINARY
          0   0.0162216  0.00868094  0.00429975
 -0.0162216           0   0.0153563  -0.0174971
-0.00868094  -0.0153563           0 -0.00488658
-0.00429975   0.0174971  0.00488658           0
EndNode1[0]<--->Repeater1[0]
REAL
   0.461446  -0.0105962 -0.00225432     0.27769
 -0.0105962   0.0481928  0.00233699   0.0204729
-0.00225432  0.00233699   0.0457831  0.00587285
    0.27769   0.0204729  0.00587285    0.444578
IMAGINARY
          0  0.00628083  -0.0125488   0.0201877
-0.00628083           0  0.00311455  -0.0227529
  0.0125488 -0.00311455           0   0.0380067
 -0.0201877   0.0227529  -0.0380067           0
EndNode2[0]<--->HoM1[0]
REAL
    0.435829   0.00160462 -0.000411455     0.295021
  0.00160462    0.0508021    0.0111014    0.0157176
-0.000411455    0.0111014    0.0628342  -0.00160462
    0.295021    0.0157176  -0.00160462     0.450535
IMAGINARY
           0   0.00249698   0.00302513  -0.00578811
 -0.00249698            0    0.0102581   0.00702513
 -0.00302513   -0.0102581            0  1.55866e-05
  0.00578811  -0.00702513 -1.55866e-05            0
Repeater1[0]<--->EndNode1[0]
REAL
   0.461446 -0.00225432  -0.0105962     0.27769
-0.00225432   0.0457831  0.00233699  0.00587285
 -0.0105962  0.00233699   0.0481928   0.0204729
    0.27769  0.00587285   0.0204729    0.444578
IMAGINARY
          0  -0.0125488  0.00628083   0.0201877
  0.0125488           0 -0.00311455   0.0380067
-0.00628083  0.00311455           0  -0.0227529
 -0.0201877  -0.0380067   0.0227529           0
Repeater1[0]<--->HoM1[0]
REAL
    0.435829 -0.000411455   0.00160462     0.295021
-0.000411455    0.0628342    0.0111014  -0.00160462
  0.00160462    0.0111014    0.0508021    0.0157176
    0.295021  -0.00160462    0.0157176     0.450535
IMAGINARY
           0   0.00302513   0.00249698  -0.00578811
 -0.00302513            0   -0.0102581  1.55866e-05
 -0.00249698    0.0102581            0   0.00702513
  0.00578811 -1.55866e-05  -0.00702513            0
EndNode1[0]<--->Repeater1[0]
REAL
   0.439394  -0.0216387   0.0183902    0.276852
 -0.0216387   0.0479798  0.00581267  0.00166156
  0.0183902  0.00581267   0.0517677 -0.00746867
   0.276852  0.00166156 -0.00746867    0.460859
IMAGINARY
          0   -0.010126   -0.019552  0.00894162
   0.010126           0 -0.00128856  0.00593817
   0.019552  0.00128856           0   0.0126013
-0.00894162 -0.00593817  -0.0126013           0
EndNode2[0]<--->HoM1[0]
REAL
   0.453368 -0.00785601 -0.00674655     0.29597
-0.00785601   0.0492228 -0.00125945  -0.0234802
-0.00674655 -0.00125945   0.0453368  -0.0160735
    0.29597  -0.0234802  -0.0160735    0.452073
IMAGINARY
           0   0.00396013   0.00498362  0.000504486
 -0.00396013            0   0.00900122   -0.0226159
 -0.00498362  -0.00900122            0    0.0124127
-0.000504486    0.0226159   -0.0124127            0
Repeater1[0]<--->EndNode1[0]
REAL
   0.439394   0.0183902  -0.0216387    0.276852
  0.0183902   0.0517677  0.00581267 -0.00746867
 -0.0216387  0.00581267   0.0479798  0.00166156
   0.276852 -0.00746867  0.00166156    0.460859
IMAGINARY
          0   -0.019552   -0.010126  0.00894162
   0.019552           0  0.00128856   0.0126013
   0.010126 -0.00128856           0  0.00593817
-0.00894162  -0.0126013 -0.00593817           0
Repeater1[0]<--->HoM1[0]
REAL
   0.453368 -0.00674655 -0.00785601     0.29597
-0.00674655   0.0453368 -0.00125945  -0.0160735
-0.00785601 -0.00125945   0.0492228  -0.0234802
    0.29597  -0.0160735  -0.0234802    0.452073
IMAGINARY
           0   0.00498362   0.00396013  0.000504486
 -0.00498362            0  -0.00900122    0.0124127
 -0.00396013   0.00900122            0   -0.0226159
-0.000504486   -0.0124127    0.0226159            0
EndNode1[0]<--->Repeater1[0]
REAL
    0.488462 -0.000824311  -0.00853184     0.268463
-0.000824311    0.0358974    0.0301574    0.0106008
 -0.00853184    0.0301574    0.0615385   0.00841052
    0.268463    0.0106008   0.00841052     0.414103
IMAGINARY
          0    0.012327  -0.0233815 -0.00130314
  -0.012327           0 -0.00376015 -0.00379927
  0.0233815  0.00376015           0   0.0135896
 0.00130314  0.00379927  -0.0135896           0
EndNode2[0]<--->HoM1[0]
REAL
    0.46684   0.0221797   0.0101096    0.313548
  0.0221797   0.0559168  -0.0135484   0.0016145
