EndNode1[0]<--->Repeater1[0]
REAL
    0.467703   0.00810485   0.00739815     0.302188
  0.00810485     0.076555   -0.0108838   0.00316086
  0.00739815   -0.0108838     0.076555 -3.03174e-05
    0.302188   0.00316086 -3.03174e-05     0.379187
IMAGINARY
         0 -0.0150033  0.0201532  0.0121417
 0.0150033          0   0.010794  0.0157945
-0.0201532  -0.010794          0 -0.0117941
-0.0121417 -0.0157945  0.0117941          0
EndNode2[0]<--->HoM1[0]
REAL
   0.478431 -0.00455286   0.0123013    0.331885
-0.00455286   0.0535948  0.00312721  -0.0135608
  0.0123013  0.00312721    0.054902   0.0221851
   0.331885  -0.0135608   0.0221851    0.413072
IMAGINARY
          0    0.009495  -0.0276194  0.00449699
  -0.009495           0 -0.00832352  -0.0148643
  0.0276194  0.00832352           0   0.0186096
-0.00449699   0.0148643  -0.0186096           0
Repeater1[0]<--->EndNode1[0]
REAL
    0.467703   0.00739815   0.00810485     0.302188
  0.00739815     0.076555   -0.0108838 -3.03174e-05
  0.00810485   -0.0108838     0.076555   0.00316086
    0.302188 -3.03174e-05   0.00316086     0.379187
IMAGINARY
         0  0.0201532 -0.0150033  0.0121417
-0.0201532          0  -0.010794 -0.0117941
 0.0150033   0.010794          0  0.0157945
-0.0121417  0.0117941 -0.0157945          0
Repeater1[0]<--->HoM1[0]
REAL
   0.478431   0.0123013 -0.00455286    0.331885
  0.0123013    0.054902  0.00312721   0.0221851
-0.00455286  0.00312721   0.0535948  -0.0135608
   0.331885   0.0221851  -0.0135608    0.413072
IMAGINARY
          0  -0.0276194    0.009495  0.00449699
  0.0276194           0  0.00832352   0.0186096
  -0.009495 -0.00832352           0  -0.0148643
-0.00449699  -0.0186096   0.0148643           0
EndNode1[0]<--->Repeater1[0]
REAL
   0.492866   0.0262446 -0.00230696    0.312783
  0.0262446   0.0648508  0.00896149   0.0143171
-0.00230696  0.00896149   0.0881971   0.0198995
   0.312783   0.0143171   0.0198995    0.354086
IMAGINARY
           0   0.00629331  0.000509905   0.00188935
 -0.00629331            0    -0.009984   0.00394869
-0.000509905     0.009984            0  -0.00565637
 -0.00188935  -0.00394869   0.00565637            0
EndNode2[0]<--->HoM1[0]
REAL
    0.454315  -0.00371098    0.0187315     0.331715
 -0.00371098    0.0609137   -0.0118472 -0.000850725
   0.0187315   -0.0118472    0.0659898   -0.0075473
    0.331715 -0.000850725   -0.0075473     0.418782
IMAGINARY
          0  -0.0124985    0.019867  0.00673549
  0.0124985           0   0.0129596  0.00720879
  -0.019867  -0.0129596           0  -0.0073571
-0.00673549 -0.00720879   0.0073571           0
Repeater1[0]<--->EndNode1[0]
REAL
   0.492866 -0.00230696   0.0262446    0.312783
-0.00230696   0.0881971  0.00896149   0.0198995
  0.0262446  0.00896149   0.0648508   0.0143171
   0.312783   0.0198995   0.0143171    0.354086
IMAGINARY
           0  0.000509905   0.00629331   0.00188935
-0.000509905            0     0.009984  -0.00565637
 -0.00629331    -0.009984            0   0.00394869
 -0.00188935   0.00565637  -0.00394869            0
Repeater1[0]<--->HoM1[0]
REAL
    0.454315    0.0187315  -0.00371098     0.331715
   0.0187315    0.0659898   -0.0118472   -0.0075473
 -0.00371098   -0.0118472    0.0609137 -0.000850725
    0.331715   -0.0075473 -0.000850725     0.418782
IMAGINARY
          0    0.019867  -0.0124985  0.00673549
  -0.019867           0  -0.0129596  -0.0073571
  0.0124985   0.0129596           0  0.00720879
-0.00673549   0.0073571 -0.00720879           0
EndNode1[0]<--->Repeater1[0]
REAL
   0.491935   0.0169023   0.0099603    0.302789
  0.0169023   0.0645161 -0.00103253  -0.0105876
  0.0099603 -0.00103253   0.0913978   0.0201115
   0.302789  -0.0105876   0.0201115    0.352151
IMAGINARY
          0  0.00152216   -0.014919   0.0207417
-0.00152216           0  -0.0263597  0.00663873
   0.014919   0.0263597           0  0.00421033
 -0.0207417 -0.00663873 -0.00421033           0
EndNode2[0]<--->HoM1[0]
REAL
  0.421702 0.00282244 -0.0230971   0.326746
0.00282244  0.0690506 0.00298669 0.00594333
-0.0230971 0.00298669  0.0554871 -0.0225175
  0.326746 0.00594333 -0.0225175   0.453761
IMAGINARY
          0  0.00419355 -0.00167028   0.0069893
-0.00419355           0   0.0056269  -0.0100791
 0.00167028  -0.0056269           0 -0.00419355
 -0.0069893   0.0100791  0.00419355           0
Repeater1[0]<--->EndNode1[0]
REAL
   0.491935   0.0099603   0.0169023    0.302789
  0.0099603   0.0913978 -0.00103253   0.0201115
  0.0169023 -0.00103253   0.0645161  -0.0105876
   0.302789   0.0201115  -0.0105876    0.352151
IMAGINARY
          0   -0.014919  0.00152216   0.0207417
   0.014919           0   0.0263597  0.00421033
-0.00152216  -0.0263597           0  0.00663873
 -0.0207417 -0.00421033 -0.00663873           0
Repeater1[0]<--->HoM1[0]
REAL
  0.421702 -0.0230971 0.00282244   0.326746
-0.0230971  0.0554871 0.00298669 -0.0225175
0.00282244 0.00298669  0.0690506 0.00594333
  0.326746 -0.0225175 0.00594333   0.453761
IMAGINARY
          0 -0.00167028  0.00419355   0.0069893
 0.00167028           0  -0.0056269 -0.00419355
-0.00419355   0.0056269           0  -0.0100791
 -0.0069893  0.00419355   0.0100791           0
EndNode1[0]<--->Repeater1[0]
REAL
    0.470663    0.0318492   0.00882628     0.297699
   0.0318492    0.0829082  -0.00409088 -0.000171151
  0.00882628  -0.00409088    0.0765306   0.00476863
    0.297699 -0.000171151   0.00476863     0.369898
IMAGINARY
          0  0.00259042  0.00683685  -0.0130239
-0.00259042           0  0.00780948  -0.0209033
-0.00683685 -0.00780948           0  -0.0102631
  0.0130239   0.0209033   0.0102631           0
EndNode2[0]<--->HoM1[0]
REAL
   0.433424  0.00257526 -0.00424216    0.328736
 0.00257526   0.0692935   0.0193335   0.0247901
-0.00424216   0.0193335   0.0720109  0.00801004
   0.328736   0.0247901  0.00801004    0.425272
IMAGINARY
          0  -0.0246735 -0.00207036  -0.0262887
  0.0246735           0 -0.00983299   0.0154122
 0.00207036  0.00983299           0  -0.0191639
  0.0262887  -0.0154122   0.0191639           0
Repeater1[0]<--->EndNode1[0]
REAL
    0.470663   0.00882628    0.0318492     0.297699
  0.00882628    0.0765306  -0.00409088   0.00476863
   0.0318492  -0.00409088    0.0829082 -0.000171151
    0.297699   0.00476863 -0.000171151     0.369898
IMAGINARY
          0  0.00683685  0.00259042  -0.0130239
-0.00683685           0 -0.00780948  -0.0102631
-0.00259042  0.00780948           0  -0.0209033
  0.0130239   0.0102631   0.0209033           0
Repeater1[0]<--->HoM1[0]
REAL
   0.433424 -0.00424216  0.00257526    0.328736
-0.00424216   0.0720109   0.0193335  0.00801004
 0.00257526   0.0193335   0.0692935   0.0247901
   0.328736  0.00801004   0.0247901    0.425272
IMAGINARY
          0 -0.00207036  -0.0246735  -0.0262887
 0.00207036           0  0.00983299  -0.0191639
  0.0246735 -0.00983299           0   0.0154122
  0.0262887   0.0191639  -0.0154122           0
EndNode1[0]<--->Repeater1[0]
REAL
   0.445557   0.0185196  0.00241269    0.286386
  0.0185196   0.0826033 -0.00361423 -0.00303691
 0.00241269 -0.00361423   0.0663329  0.00332807
   0.286386 -0.00303691  0.00332807    0.405507
IMAGINARY
          0   0.0263613  -0.0155707  0.00203484
 -0.0263613           0   0.0128905  -0.0169293
  0.0155707  -0.0128905           0   0.0136387
-0.00203484   0.0169293  -0.0136387           0
EndNode2[0]<--->HoM1[0]
REAL
   0.475196 -0.00498526  0.00624336    0.342117
-0.00498526   0.0496084 0.000274108  -0.0130368
 0.00624336 0.000274108   0.0535248 -0.00996039
   0.342117  -0.0130368 -0.00996039    0.421671
IMAGINARY
          0    0.022618  -0.0267811   0.0142924
  -0.022618           0 -0.00733921  -0.0136921
  0.0267811  0.00733921           0   0.0166099
 -0.0142924   0.0136921  -0.0166099           0
Repeater1[0]<--->EndNode1[0]
REAL
   0.445557  0.00241269   0.0185196    0.286386
 0.00241269   0.0663329 -0.00361423  0.00332807
  0.0185196 -0.00361423   0.0826033 -0.00303691
   0.286386  0.00332807 -0.00303691    0.405507
IMAGINARY
          0  -0.0155707   0.0263613  0.00203484
  0.0155707           0  -0.0128905   0.0136387
 -0.0263613   0.0128905           0  -0.0169293
-0.00203484  -0.0136387   0.0169293           0
Repeater1[0]<--->HoM1[0]
REAL
   0.475196  0.00624336 -0.00498526    0.342117
 0.00624336   0.0535248 0.000274108 -0.00996039
-0.00498526 0.000274108   0.0496084  -0.0130368
   0.342117 -0.00996039  -0.0130368    0.421671
IMAGINARY
          0  -0.0267811    0.022618   0.0142924
  0.0267811           0  0.00733921   0.0166099
  -0.022618 -0.00733921           0  -0.0136921
 -0.0142924  -0.0166099   0.0136921           0
EndNode1[0]<--->Repeater1[0]
REAL
    0.477467   0.00526898   0.00210171     0.291882
  0.00526898    0.0706456   0.00453313  -0.00658315
  0.00210171   0.00453313    0.0803898 -0.000787547
    0.291882  -0.00658315 -0.000787547     0.371498
IMAGINARY
          0 -0.00452553  0.00152598  0.00146455
 0.00452553           0  -0.0274299  0.00856823
-0.00152598   0.0274299           0  -0.0109523
-0.00146455 -0.00856823   0.0109523           0
EndNode2[0]<--->HoM1[0]
REAL
   0.432326 -0.00704717 -0.00785137    0.338487
-0.00704717   0.0670171 -0.00924994  -0.0186687
-0.00785137 -0.00924994   0.0617608  -0.0324095
   0.338487  -0.0186687  -0.0324095    0.438896
IMAGINARY
           0   -0.0197009    0.0185431    0.0328881
   0.0197009            0    0.0201706 -2.45604e-05
  -0.0185431   -0.0201706            0   0.00804106
  -0.0328881  2.45604e-05  -0.00804106            0
Repeater1[0]<--->EndNode1[0]
REAL
    0.477467   0.00210171   0.00526898     0.291882
  0.00210171    0.0803898   0.00453313 -0.000787547
  0.00526898   0.00453313    0.0706456  -0.00658315
    0.291882 -0.000787547  -0.00658315     0.371498
IMAGINARY
          0  0.00152598 -0.00452553  0.00146455
-0.00152598           0   0.0274299  -0.0109523
 0.00452553  -0.0274299           0  0.00856823
-0.00146455   0.0109523 -0.00856823           0
Repeater1[0]<--->HoM1[0]
REAL
   0.432326 -0.00785137 -0.00704717    0.338487
-0.00785137   0.0617608 -0.00924994  -0.0324095
-0.00704717 -0.00924994   0.0670171  -0.0186687
   0.338487  -0.0324095  -0.0186687    0.438896
IMAGINARY
           0    0.0185431   -0.0197009    0.0328881
  -0.0185431            0   -0.0201706   0.00804106
   0.0197009    0.0201706            0 -2.45604e-05
  -0.0328881  -0.00804106  2.45604e-05            0
EndNode1[0]<--->Repeater1[0]
REAL
       0.48   0.0150983 -0.00517384    0.277531
  0.0150983   0.0903226  -0.0078025   0.0109953
-0.00517384  -0.0078025   0.0735484   0.0114218
   0.277531   0.0109953   0.0114218    0.356129
IMAGINARY
           0  -0.00427542  0.000871065  0.000931308
  0.00427542            0   -0.0130281  -0.00753773
-0.000871065    0.0130281            0  -0.00105792
-0.000931308   0.00753773   0.00105792            0
EndNode2[0]<--->HoM1[0]
REAL
   0.451415 -0.00557251  0.00168563    0.325919
-0.00557251   0.0639606  0.00633102 -0.00233582
 0.00168563  0.00633102   0.0676507  -0.0119828
   0.325919 -0.00233582  -0.0119828    0.416974
IMAGINARY
           0   0.00630757 -0.000989477    -0.019521
 -0.00630757            0  0.000197319   0.00614412
 0.000989477 -0.000197319            0   -0.0166168
    0.019521  -0.00614412    0.0166168            0
Repeater1[0]<--->EndNode1[0]
REAL
       0.48 -0.00517384   0.0150983    0.277531
-0.00517384   0.0735484  -0.0078025   0.0114218
  0.0150983  -0.0078025   0.0903226   0.0109953
   0.277531   0.0114218   0.0109953    0.356129
IMAGINARY
           0  0.000871065  -0.00427542  0.000931308
-0.000871065            0    0.0130281  -0.00105792
  0.00427542   -0.0130281            0  -0.00753773
-0.000931308   0.00105792   0.00753773            0
Repeater1[0]<--->HoM1[0]
REAL
   0.451415  0.00168563 -0.00557251    0.325919
 0.00168563   0.0676507  0.00633102  -0.0119828
-0.00557251  0.00633102   0.0639606 -0.00233582
   0.325919  -0.0119828 -0.00233582    0.416974
IMAGINARY
           0 -0.000989477   0.00630757    -0.019521
 0.000989477            0 -0.000197319   -0.0166168
 -0.00630757  0.000197319            0   0.00614412
    0.019521    0.0166168  -0.00614412            0
EndNode1[0]<--->Repeater1[0]
REAL
  0.443362 -0.0141043 -0.0069332   0.304302
-0.0141043  0.0645554 0.00773696  0.0044762
-0.0069332 0.00773696  0.0755177  0.0104188
  0.304302  0.0044762  0.0104188   0.416565
IMAGINARY
          0   0.0053493   0.0081588   0.0153255
 -0.0053493           0 -0.00309894  0.00306974
 -0.0081588  0.00309894           0  0.00984224
 -0.0153255 -0.00306974 -0.00984224           0
EndNode2[0]<--->HoM1[0]
REAL
   0.468713  0.00243095   0.0222565    0.326523
 0.00243095    0.068477  0.00444491 -0.00483712
  0.0222565  0.00444491   0.0613932  0.00853679
   0.326523 -0.00483712  0.00853679    0.401417
IMAGINARY
          0  -0.0183683  0.00584416  -0.0158672
  0.0183683           0  -0.0115301   0.0214286
-0.00584416   0.0115301           0 -0.00241089
  0.0158672  -0.0214286  0.00241089           0
Repeater1[0]<--->EndNode1[0]
REAL
  0.443362 -0.0069332 -0.0141043   0.304302
-0.0069332  0.0755177 0.00773696  0.0104188
-0.0141043 0.00773696  0.0645554  0.0044762
  0.304302  0.0104188  0.0044762   0.416565
IMAGINARY
          0   0.0081588   0.0053493   0.0153255
 -0.0081588           0  0.00309894  0.00984224
 -0.0053493 -0.00309894           0  0.00306974
 -0.0153255 -0.00984224 -0.00306974           0
Repeater1[0]<--->HoM1[0]
REAL
   0.468713   0.0222565  0.00243095    0.326523
  0.0222565   0.0613932  0.00444491  0.00853679
 0.00243095  0.00444491    0.068477 -0.00483712
   0.326523  0.00853679 -0.00483712    0.401417
IMAGINARY
          0  0.00584416  -0.0183683  -0.0158672
-0.00584416           0   0.0115301 -0.00241089
  0.0183683  -0.0115301           0   0.0214286
  0.0158672  0.00241089  -0.0214286           0
EndNode1[0]<--->Repeater1[0]
REAL
  0.486624 -0.0271034 -0.0066838   0.294486
-0.0271034  0.0764331  -0.010363 -0.0169931
-0.0066838  -0.010363  0.0802548 -0.0258214
  0.294486 -0.0169931 -0.0258214   0.356688
IMAGINARY
          0  0.00741505 -0.00716842  -0.0115908
-0.00741505           0 -0.00403416  0.00413811
 0.00716842  0.00403416           0   0.0113728
  0.0115908 -0.00413811  -0.0113728           0
EndNode2[0]<--->HoM1[0]
REAL
   0.473077  0.00559721  0.00828261     0.33103
 0.00559721   0.0576923 0.000628141   0.0155867
 0.00828261 0.000628141   0.0576923  0.00822188
    0.33103   0.0155867  0.00822188    0.411538
IMAGINARY
          0  0.00249637  0.00404473   0.0107658
-0.00249637           0  -0.0126816  0.00600552
-0.00404473   0.0126816           0  0.00378503
 -0.0107658 -0.00600552 -0.00378503           0
Repeater1[0]<--->EndNode1[0]
REAL
  0.486624 -0.0066838 -0.0271034   0.294486
-0.0066838  0.0802548  -0.010363 -0.0258214
-0.0271034  -0.010363  0.0764331 -0.0169931
  0.294486 -0.0258214 -0.0169931   0.356688
IMAGINARY
          0 -0.00716842  0.00741505  -0.0115908
 0.00716842           0  0.00403416   0.0113728
-0.00741505 -0.00403416           0  0.00413811
  0.0115908  -0.0113728 -0.00413811           0
Repeater1[0]<--->HoM1[0]
REAL
   0.473077  0.00828261  0.00559721     0.33103
 0.00828261   0.0576923 0.000628141  0.00822188
 0.00559721 0.000628141   0.0576923   0.0155867
    0.33103  0.00822188   0.0155867    0.411538
IMAGINARY
          0  0.00404473  0.00249637   0.0107658
-0.00404473           0   0.0126816  0.00378503
-0.00249637  -0.0126816           0  0.00600552
 -0.0107658 -0.00378503 -0.00600552           0
EndNode1[0]<--->Repeater1[0]
REAL
   0.451777 -0.00193798  -0.0175823    0.299317
-0.00193798   0.0837563  0.00118835 -0.00261971
 -0.0175823  0.00118835   0.0824873  0.00193798
   0.299317 -0.00261971  0.00193798     0.38198
IMAGINARY
          0 -0.00495449 -0.00655558   0.0115319
 0.00495449           0 -0.00831442   0.0132401
 0.00655558  0.00831442           0  0.00762829
 -0.0115319  -0.0132401 -0.00762829           0
EndNode2[0]<--->HoM1[0]
REAL
  0.448454  0.0209124  0.0225162   0.309381
 0.0209124  0.0657216  0.0189398 0.00379961
 0.0225162  0.0189398  0.0451031 -0.0108873
  0.309381 0.00379961 -0.0108873   0.440722
IMAGINARY
           0   -0.0042402    0.0271747  -0.00449728
   0.0042402            0   -0.0207945 -0.000213875
  -0.0271747    0.0207945            0   -0.0092402
  0.00449728  0.000213875    0.0092402            0
Repeater1[0]<--->EndNode1[0]
REAL
   0.451777  -0.0175823 -0.00193798    0.299317
 -0.0175823   0.0824873  0.00118835  0.00193798
-0.00193798  0.00118835   0.0837563 -0.00261971
   0.299317  0.00193798 -0.00261971     0.38198
IMAGINARY
          0 -0.00655558 -0.00495449   0.0115319
 0.00655558           0  0.00831442  0.00762829
 0.00495449 -0.00831442           0   0.0132401
 -0.0115319 -0.00762829  -0.0132401           0
Repeater1[0]<--->HoM1[0]
REAL
  0.448454  0.0225162  0.0209124   0.309381
 0.0225162  0.0451031  0.0189398 -0.0108873
 0.0209124  0.0189398  0.0657216 0.00379961
  0.309381 -0.0108873 0.00379961   0.440722
IMAGINARY
           0    0.0271747   -0.0042402  -0.00449728
  -0.0271747            0    0.0207945   -0.0092402
   0.0042402   -0.0207945            0 -0.000213875
  0.00449728    0.0092402  0.000213875            0
EndNode1[0]<--->Repeater1[0]
REAL
   0.460235 -0.00195092 -0.00256874    0.298016
-0.00195092   0.0756193   0.0014733 -0.00445553
-0.00256874   0.0014733   0.0808344   0.0115295
   0.298016 -0.00445553   0.0115295    0.383312
IMAGINARY
          0 -0.00329249 -0.00598404 -0.00204903
 0.00329249           0  -0.0145326  0.00199468
 0.00598404   0.0145326           0 -0.00202666
 0.00204903 -0.00199468  0.00202666           0
EndNode2[0]<--->HoM1[0]
REAL
  0.465699 0.00415325 -0.0120093   0.302482
0.00415325  0.0540897 0.00536136   0.020506
-0.0120093 0.00536136  0.0686016 0.00042191
  0.302482   0.020506 0.00042191   0.411609
IMAGINARY
          0   0.0120362 -0.00817585  -0.0113265
 -0.0120362           0  -0.0158543 -0.00883986
 0.00817585   0.0158543           0  0.00367065
  0.0113265  0.00883986 -0.00367065           0
Repeater1[0]<--->EndNode1[0]
REAL
   0.460235 -0.00256874 -0.00195092    0.298016
-0.00256874   0.0808344   0.0014733   0.0115295
-0.00195092   0.0014733   0.0756193 -0.00445553
   0.298016   0.0115295 -0.00445553    0.383312
IMAGINARY
          0 -0.00598404 -0.00329249 -0.00204903
 0.00598404           0   0.0145326 -0.00202666
 0.00329249  -0.0145326           0  0.00199468
 0.00204903  0.00202666 -0.00199468           0
Repeater1[0]<--->HoM1[0]
REAL
  0.465699 -0.0120093 0.00415325   0.302482
-0.0120093  0.0686016 0.00536136 0.00042191
0.00415325 0.00536136  0.0540897   0.020506
  0.302482 0.00042191   0.020506   0.411609
IMAGINARY
          0 -0.00817585   0.0120362  -0.0113265
 0.00817585           0   0.0158543  0.00367065
 -0.0120362  -0.0158543           0 -0.00883986
  0.0113265 -0.00367065  0.00883986           0
