EndNode1[0]<--->Repeater1[0]
REAL
   0.440101 -0.00326102 -0.00257483    0.285913
-0.00326102     0.12232   0.0274716 -0.00192967
-0.00257483   0.0274716    0.105927  0.00519152
   0.285913 -0.00192967  0.00519152    0.331652
IMAGINARY
           0   -0.0116951   0.00425303   -0.0029358
   0.0116951            0   0.00477629  0.000941773
 -0.00425303  -0.00477629            0  -0.00648674
   0.0029358 -0.000941773   0.00648674            0
EndNode2[0]<--->HoM1[0]
REAL
   0.436293 -0.00841939  0.00344876    0.329796
-0.00841939   0.0759331   0.0325321  -0.0115839
 0.00344876   0.0325321    0.114543 -0.00972829
   0.329796  -0.0115839 -0.00972829     0.37323
IMAGINARY
          0 -0.00842049 -0.00610759  0.00316009
 0.00842049           0  -0.0133089  0.00362003
 0.00610759   0.0133089           0    0.017127
-0.00316009 -0.00362003   -0.017127           0
Repeater1[0]<--->EndNode1[0]
REAL
   0.440101 -0.00257483 -0.00326102    0.285913
-0.00257483    0.105927   0.0274716  0.00519152
-0.00326102   0.0274716     0.12232 -0.00192967
   0.285913  0.00519152 -0.00192967    0.331652
IMAGINARY
           0   0.00425303   -0.0116951   -0.0029358
 -0.00425303            0  -0.00477629  -0.00648674
   0.0116951   0.00477629            0  0.000941773
   0.0029358   0.00648674 -0.000941773            0
Repeater1[0]<--->HoM1[0]
REAL
   0.436293  0.00344876 -0.00841939    0.329796
 0.00344876    0.114543   0.0325321 -0.00972829
-0.00841939   0.0325321   0.0759331  -0.0115839
   0.329796 -0.00972829  -0.0115839     0.37323
IMAGINARY
          0 -0.00610759 -0.00842049  0.00316009
 0.00610759           0   0.0133089    0.017127
 0.00842049  -0.0133089           0  0.00362003
-0.00316009   -0.017127 -0.00362003           0
EndNode1[0]<--->Repeater1[0]
REAL
   0.460338  -0.0012633 -0.00187232    0.295889
 -0.0012633     0.13394   0.0267529  -0.0201403
-0.00187232   0.0267529    0.113134 -0.00188135
   0.295889  -0.0201403 -0.00188135    0.292588
IMAGINARY
           0 -0.000655077 -0.000931649    0.0182445
 0.000655077            0  -0.00649512   0.00833906
 0.000931649   0.00649512            0   0.00682792
  -0.0182445  -0.00833906  -0.00682792            0
EndNode2[0]<--->HoM1[0]
REAL
  0.398964 0.00451215  0.0167198   0.329801
0.00451215  0.0997409  0.0198633  -0.007995
 0.0167198  0.0198633   0.130829  0.0176355
  0.329801  -0.007995  0.0176355   0.370466
IMAGINARY
           0  -0.00456825    0.0125065   -0.0092899
  0.00456825            0 -0.000220973   0.00799038
  -0.0125065  0.000220973            0    0.0176117
   0.0092899  -0.00799038   -0.0176117            0
Repeater1[0]<--->EndNode1[0]
REAL
   0.460338 -0.00187232  -0.0012633    0.295889
-0.00187232    0.113134   0.0267529 -0.00188135
 -0.0012633   0.0267529     0.13394  -0.0201403
   0.295889 -0.00188135  -0.0201403    0.292588
IMAGINARY
           0 -0.000931649 -0.000655077    0.0182445
 0.000931649            0   0.00649512   0.00682792
 0.000655077  -0.00649512            0   0.00833906
  -0.0182445  -0.00682792  -0.00833906            0
Repeater1[0]<--->HoM1[0]
REAL
  0.398964  0.0167198 0.00451215   0.329801
 0.0167198   0.130829  0.0198633  0.0176355
0.00451215  0.0198633  0.0997409  -0.007995
  0.329801  0.0176355  -0.007995   0.370466
IMAGINARY
           0    0.0125065  -0.00456825   -0.0092899
  -0.0125065            0  0.000220973    0.0176117
  0.00456825 -0.000220973            0   0.00799038
   0.0092899   -0.0176117  -0.00799038            0
EndNode1[0]<--->Repeater1[0]
REAL
    0.428395   -0.0144754   -0.0124504     0.278846
  -0.0144754      0.12716    0.0211538 -0.000707501
  -0.0124504    0.0211538     0.117284   0.00921221
    0.278846 -0.000707501   0.00921221      0.32716
IMAGINARY
          0  0.00499783  0.00222057   0.0209565
-0.00499783           0  0.00976246 -0.00606672
-0.00222057 -0.00976246           0  -0.0178183
 -0.0209565  0.00606672   0.0178183           0
EndNode2[0]<--->HoM1[0]
REAL
  0.467598 0.00440784 -0.0064449   0.319936
0.00440784  0.0787802  0.0266977 -0.0135052
-0.0064449  0.0266977  0.0978399  -0.013136
  0.319936 -0.0135052  -0.013136   0.355781
IMAGINARY
          0  0.00329593   0.0104783   0.0120154
-0.00329593           0  0.00940443 -0.00592689
 -0.0104783 -0.00940443           0  0.00905777
 -0.0120154  0.00592689 -0.00905777           0
Repeater1[0]<--->EndNode1[0]
REAL
    0.428395   -0.0124504   -0.0144754     0.278846
  -0.0124504     0.117284    0.0211538   0.00921221
  -0.0144754    0.0211538      0.12716 -0.000707501
    0.278846   0.00921221 -0.000707501      0.32716
IMAGINARY
          0  0.00222057  0.00499783   0.0209565
-0.00222057           0 -0.00976246  -0.0178183
-0.00499783  0.00976246           0 -0.00606672
 -0.0209565   0.0178183  0.00606672           0
Repeater1[0]<--->HoM1[0]
REAL
  0.467598 -0.0064449 0.00440784   0.319936
-0.0064449  0.0978399  0.0266977  -0.013136
0.00440784  0.0266977  0.0787802 -0.0135052
  0.319936  -0.013136 -0.0135052   0.355781
IMAGINARY
          0   0.0104783  0.00329593   0.0120154
 -0.0104783           0 -0.00940443  0.00905777
-0.00329593  0.00940443           0 -0.00592689
 -0.0120154 -0.00905777  0.00592689           0
EndNode1[0]<--->Repeater1[0]
REAL
  0.483444  0.0104428 0.00939957    0.29838
 0.0104428   0.113907  0.0274906 0.00303824
0.00939957  0.0274906  0.0927152 0.00448255
   0.29838 0.00303824 0.00448255   0.309934
IMAGINARY
           0  0.000601005    0.0159367   -0.0002387
-0.000601005            0   0.00539334  -0.00515507
  -0.0159367  -0.00539334            0   -0.0167735
   0.0002387   0.00515507    0.0167735            0
EndNode2[0]<--->HoM1[0]
REAL
    0.43593  -0.0236606 0.000347862    0.320415
 -0.0236606   0.0967337   0.0486028  0.00343048
0.000347862   0.0486028   0.0841709    0.027439
   0.320415  0.00343048    0.027439    0.383166
IMAGINARY
          0  0.00233472   -0.013128  -0.0155057
-0.00233472           0   0.0180964  0.00708768
   0.013128  -0.0180964           0 -0.00434815
  0.0155057 -0.00708768  0.00434815           0
Repeater1[0]<--->EndNode1[0]
REAL
  0.483444 0.00939957  0.0104428    0.29838
0.00939957  0.0927152  0.0274906 0.00448255
 0.0104428  0.0274906   0.113907 0.00303824
   0.29838 0.00448255 0.00303824   0.309934
IMAGINARY
           0    0.0159367  0.000601005   -0.0002387
  -0.0159367            0  -0.00539334   -0.0167735
-0.000601005   0.00539334            0  -0.00515507
   0.0002387    0.0167735   0.00515507            0
Repeater1[0]<--->HoM1[0]
REAL
    0.43593 0.000347862  -0.0236606    0.320415
0.000347862   0.0841709   0.0486028    0.027439
 -0.0236606   0.0486028   0.0967337  0.00343048
   0.320415    0.027439  0.00343048    0.383166
IMAGINARY
          0   -0.013128  0.00233472  -0.0155057
   0.013128           0  -0.0180964 -0.00434815
-0.00233472   0.0180964           0  0.00708768
  0.0155057  0.00434815 -0.00708768           0
EndNode1[0]<--->Repeater1[0]
REAL
    0.41125  0.00846926  -0.0041549    0.274959
 0.00846926      0.1075   0.0368965  0.00157758
 -0.0041549   0.0368965     0.12125 -0.00846926
   0.274959  0.00157758 -0.00846926        0.36
IMAGINARY
           0  -0.00284028    0.0219137 -0.000940642
  0.00284028            0   0.00223598   -0.0171388
  -0.0219137  -0.00223598            0  -0.00739164
 0.000940642    0.0171388   0.00739164            0
EndNode2[0]<--->HoM1[0]
REAL
  0.430295 -0.0261525 -0.0254013   0.335305
-0.0261525  0.0884718   0.016547 0.00432847
-0.0254013   0.016547  0.0965147  0.0101883
  0.335305 0.00432847  0.0101883   0.384718
IMAGINARY
          0 -0.00311635 -0.00724524  0.00149138
 0.00311635           0   0.0232863  -0.0123999
 0.00724524  -0.0232863           0  0.00375007
-0.00149138   0.0123999 -0.00375007           0
Repeater1[0]<--->EndNode1[0]
REAL
    0.41125  -0.0041549  0.00846926    0.274959
 -0.0041549     0.12125   0.0368965 -0.00846926
 0.00846926   0.0368965      0.1075  0.00157758
   0.274959 -0.00846926  0.00157758        0.36
IMAGINARY
           0    0.0219137  -0.00284028 -0.000940642
  -0.0219137            0  -0.00223598  -0.00739164
  0.00284028   0.00223598            0   -0.0171388
 0.000940642   0.00739164    0.0171388            0
Repeater1[0]<--->HoM1[0]
REAL
  0.430295 -0.0254013 -0.0261525   0.335305
-0.0254013  0.0965147   0.016547  0.0101883
-0.0261525   0.016547  0.0884718 0.00432847
  0.335305  0.0101883 0.00432847   0.384718
IMAGINARY
          0 -0.00724524 -0.00311635  0.00149138
 0.00724524           0  -0.0232863  0.00375007
 0.00311635   0.0232863           0  -0.0123999
-0.00149138 -0.00375007   0.0123999           0
