EndNode1[0]<--->Repeater1[0]
REAL
  0.450578 -0.0077352 -0.0116373   0.291193
-0.0077352   0.136072  0.0160982  0.0155435
-0.0116373  0.0160982   0.097561 -0.0196086
  0.291193  0.0155435 -0.0196086   0.315789
IMAGINARY
           0 -6.65346e-05   -0.0248765  -0.00679172
 6.65346e-05            0  -0.00679172   -0.0151489
   0.0248765   0.00679172            0    0.0261148
  0.00679172    0.0151489   -0.0261148            0
EndNode2[0]<--->HoM1[0]
REAL
    0.456494  -0.00999677  -0.00141601     0.329627
 -0.00999677    0.0907945    0.0293641   -0.0108738
 -0.00141601    0.0293641    0.0870113 -0.000999345
    0.329627   -0.0108738 -0.000999345       0.3657
IMAGINARY
          0  0.00839717   0.0246114   0.0251967
-0.00839717           0   0.0190909   0.0128394
 -0.0246114  -0.0190909           0 -0.00379796
 -0.0251967  -0.0128394  0.00379796           0
Repeater1[0]<--->EndNode1[0]
REAL
  0.450578 -0.0116373 -0.0077352   0.291193
-0.0116373   0.097561  0.0160982 -0.0196086
-0.0077352  0.0160982   0.136072  0.0155435
  0.291193 -0.0196086  0.0155435   0.315789
IMAGINARY
           0   -0.0248765 -6.65346e-05  -0.00679172
   0.0248765            0   0.00679172    0.0261148
 6.65346e-05  -0.00679172            0   -0.0151489
  0.00679172   -0.0261148    0.0151489            0
Repeater1[0]<--->HoM1[0]
REAL
    0.456494  -0.00141601  -0.00999677     0.329627
 -0.00141601    0.0870113    0.0293641 -0.000999345
 -0.00999677    0.0293641    0.0907945   -0.0108738
    0.329627 -0.000999345   -0.0108738       0.3657
IMAGINARY
          0   0.0246114  0.00839717   0.0251967
 -0.0246114           0  -0.0190909 -0.00379796
-0.00839717   0.0190909           0   0.0128394
 -0.0251967  0.00379796  -0.0128394           0
EndNode1[0]<--->Repeater1[0]
REAL
   0.437018 -0.00522593  -0.0147251    0.290365
-0.00522593    0.133676   0.0308025   0.0159416
 -0.0147251   0.0308025    0.102828 -0.00207334
   0.290365   0.0159416 -0.00207334    0.326478
IMAGINARY
          0   0.0255973  0.00835375  -0.0132055
 -0.0255973           0  0.00788633  -0.0165505
-0.00835375 -0.00788633           0 -0.00373941
  0.0132055   0.0165505  0.00373941           0
EndNode2[0]<--->HoM1[0]
REAL
   0.411376  0.00315851  -0.0175197     0.33093
 0.00315851    0.108466   0.0227287   0.0194453
 -0.0175197   0.0227287   0.0952381 -0.00123296
    0.33093   0.0194453 -0.00123296    0.384921
IMAGINARY
           0   -0.0115294    0.0064003 -0.000328119
   0.0115294            0   0.00348868    0.0121182
  -0.0064003  -0.00348868            0  -0.00831188
 0.000328119   -0.0121182   0.00831188            0
Repeater1[0]<--->EndNode1[0]
REAL
   0.437018  -0.0147251 -0.00522593    0.290365
 -0.0147251    0.102828   0.0308025 -0.00207334
-0.00522593   0.0308025    0.133676   0.0159416
   0.290365 -0.00207334   0.0159416    0.326478
IMAGINARY
          0  0.00835375   0.0255973  -0.0132055
-0.00835375           0 -0.00788633 -0.00373941
 -0.0255973  0.00788633           0  -0.0165505
  0.0132055  0.00373941   0.0165505           0
Repeater1[0]<--->HoM1[0]
REAL
   0.411376  -0.0175197  0.00315851     0.33093
 -0.0175197   0.0952381   0.0227287 -0.00123296
 0.00315851   0.0227287    0.108466   0.0194453
    0.33093 -0.00123296   0.0194453    0.384921
IMAGINARY
           0    0.0064003   -0.0115294 -0.000328119
  -0.0064003            0  -0.00348868  -0.00831188
   0.0115294   0.00348868            0    0.0121182
 0.000328119   0.00831188   -0.0121182            0
EndNode1[0]<--->Repeater1[0]
REAL
   0.444877 -0.00269117   0.0236612     0.28962
-0.00269117    0.102464   0.0341504   0.0036612
  0.0236612   0.0341504    0.118029  0.00405729
    0.28962   0.0036612  0.00405729     0.33463
IMAGINARY
          0  0.00902056  -0.0122705 -0.00134318
-0.00902056           0   0.0123109    0.021923
  0.0122705  -0.0123109           0  -0.0160991
 0.00134318   -0.021923   0.0160991           0
EndNode2[0]<--->HoM1[0]
REAL
   0.434066 0.000772262  0.00883687    0.334203
0.000772262   0.0892857   0.0448602 -0.00298511
 0.00883687   0.0448602    0.118132   0.0141822
   0.334203 -0.00298511   0.0141822    0.358516
IMAGINARY
          0   0.0154902 -0.00673723   0.0179565
 -0.0154902           0  -0.0122531  -0.0124697
 0.00673723   0.0122531           0   0.0161083
 -0.0179565   0.0124697  -0.0161083           0
Repeater1[0]<--->EndNode1[0]
REAL
   0.444877   0.0236612 -0.00269117     0.28962
  0.0236612    0.118029   0.0341504  0.00405729
-0.00269117   0.0341504    0.102464   0.0036612
    0.28962  0.00405729   0.0036612     0.33463
IMAGINARY
          0  -0.0122705  0.00902056 -0.00134318
  0.0122705           0  -0.0123109  -0.0160991
-0.00902056   0.0123109           0    0.021923
 0.00134318   0.0160991   -0.021923           0
Repeater1[0]<--->HoM1[0]
REAL
   0.434066  0.00883687 0.000772262    0.334203
 0.00883687    0.118132   0.0448602   0.0141822
0.000772262   0.0448602   0.0892857 -0.00298511
   0.334203   0.0141822 -0.00298511    0.358516
IMAGINARY
          0 -0.00673723   0.0154902   0.0179565
 0.00673723           0   0.0122531   0.0161083
 -0.0154902  -0.0122531           0  -0.0124697
 -0.0179565  -0.0161083   0.0124697           0
EndNode1[0]<--->Repeater1[0]
REAL
   0.401554  0.00722358   0.0184737    0.282136
 0.00722358     0.15285   0.0141358 -0.00848705
  0.0184737   0.0141358    0.115285  0.00409467
   0.282136 -0.00848705  0.00409467    0.330311
IMAGINARY
          0   0.0061864  -0.0102308 -0.00651757
 -0.0061864           0  0.00200144   0.0115641
  0.0102308 -0.00200144           0  -0.0101864
 0.00651757  -0.0115641   0.0101864           0
EndNode2[0]<--->HoM1[0]
REAL
   0.432818  -0.0113972  0.00900875     0.33379
 -0.0113972   0.0951249   0.0421229 -0.00657566
 0.00900875   0.0421229    0.112961  0.00653105
    0.33379 -0.00657566  0.00653105    0.359096
IMAGINARY
           0  -0.00307674   0.00117808  0.000268192
  0.00307674            0   -0.0128732    0.0170511
 -0.00117808    0.0128732            0   -0.0281733
-0.000268192   -0.0170511    0.0281733            0
Repeater1[0]<--->EndNode1[0]
REAL
   0.401554   0.0184737  0.00722358    0.282136
  0.0184737    0.115285   0.0141358  0.00409467
 0.00722358   0.0141358     0.15285 -0.00848705
   0.282136  0.00409467 -0.00848705    0.330311
IMAGINARY
          0  -0.0102308   0.0061864 -0.00651757
  0.0102308           0 -0.00200144  -0.0101864
 -0.0061864  0.00200144           0   0.0115641
 0.00651757   0.0101864  -0.0115641           0
Repeater1[0]<--->HoM1[0]
REAL
   0.432818  0.00900875  -0.0113972     0.33379
 0.00900875    0.112961   0.0421229  0.00653105
 -0.0113972   0.0421229   0.0951249 -0.00657566
    0.33379  0.00653105 -0.00657566    0.359096
IMAGINARY
           0   0.00117808  -0.00307674  0.000268192
 -0.00117808            0    0.0128732   -0.0281733
  0.00307674   -0.0128732            0    0.0170511
-0.000268192    0.0281733   -0.0170511            0
EndNode1[0]<--->Repeater1[0]
REAL
   0.464557  -0.0097379  -0.0286884    0.283145
 -0.0097379    0.111392   0.0218548 -0.00756162
 -0.0286884   0.0218548    0.101266  -0.0065121
   0.283145 -0.00756162  -0.0065121    0.322785
IMAGINARY
          0 -0.00136248  -0.0138785 -0.00316918
 0.00136248           0  0.00381938 -0.00999248
  0.0138785 -0.00381938           0  0.00329797
 0.00316918  0.00999248 -0.00329797           0
EndNode2[0]<--->HoM1[0]
REAL
   0.431673 -0.00612903  0.00532514    0.314542
-0.00612903   0.0779055   0.0344906  -0.0343574
 0.00532514   0.0344906    0.106003 -0.00612903
   0.314542  -0.0343574 -0.00612903    0.384419
IMAGINARY
          0   0.0118291  -0.0206158  -0.0101842
 -0.0118291           0  -0.0016891  0.00910682
  0.0206158   0.0016891           0   0.0124676
  0.0101842 -0.00910682  -0.0124676           0
Repeater1[0]<--->EndNode1[0]
REAL
   0.464557  -0.0286884  -0.0097379    0.283145
 -0.0286884    0.101266   0.0218548  -0.0065121
 -0.0097379   0.0218548    0.111392 -0.00756162
   0.283145  -0.0065121 -0.00756162    0.322785
IMAGINARY
          0  -0.0138785 -0.00136248 -0.00316918
  0.0138785           0 -0.00381938  0.00329797
 0.00136248  0.00381938           0 -0.00999248
 0.00316918 -0.00329797  0.00999248           0
Repeater1[0]<--->HoM1[0]
REAL
   0.431673  0.00532514 -0.00612903    0.314542
 0.00532514    0.106003   0.0344906 -0.00612903
-0.00612903   0.0344906   0.0779055  -0.0343574
   0.314542 -0.00612903  -0.0343574    0.384419
IMAGINARY
          0  -0.0206158   0.0118291  -0.0101842
  0.0206158           0   0.0016891   0.0124676
 -0.0118291  -0.0016891           0  0.00910682
  0.0101842  -0.0124676 -0.00910682           0
