EndNode1[0]<--->Repeater1[0]
REAL
   0.446134 -0.00124783 -0.00886717    0.372857
-0.00124783   0.0506971   0.0281452   0.0151328
-0.00886717   0.0281452   0.0747782   0.0162854
   0.372857   0.0151328   0.0162854     0.42839
IMAGINARY
          0 -0.00539839 -0.00869083   0.0107695
 0.00539839           0  -0.0160051 -0.00670408
 0.00869083   0.0160051           0 -0.00865784
 -0.0107695  0.00670408  0.00865784           0
EndNode2[0]<--->HoM1[0]
REAL
  0.443857  0.0081356 0.00454955   0.375272
 0.0081356  0.0568032  0.0235608 0.00647509
0.00454955  0.0235608  0.0660502 0.00548308
  0.375272 0.00647509 0.00548308   0.433289
IMAGINARY
          0  -0.0111073  0.00376731  0.00859952
  0.0111073           0   0.0136628   0.0057384
-0.00376731  -0.0136628           0 -0.00980523
-0.00859952  -0.0057384  0.00980523           0
Repeater1[0]<--->EndNode1[0]
REAL
   0.446134 -0.00886717 -0.00124783    0.372857
-0.00886717   0.0747782   0.0281452   0.0162854
-0.00124783   0.0281452   0.0506971   0.0151328
   0.372857   0.0162854   0.0151328     0.42839
IMAGINARY
          0 -0.00869083 -0.00539839   0.0107695
 0.00869083           0   0.0160051 -0.00865784
 0.00539839  -0.0160051           0 -0.00670408
 -0.0107695  0.00865784  0.00670408           0
Repeater1[0]<--->HoM1[0]
REAL
  0.443857 0.00454955  0.0081356   0.375272
0.00454955  0.0660502  0.0235608 0.00548308
 0.0081356  0.0235608  0.0568032 0.00647509
  0.375272 0.00548308 0.00647509   0.433289
IMAGINARY
          0  0.00376731  -0.0111073  0.00859952
-0.00376731           0  -0.0136628 -0.00980523
  0.0111073   0.0136628           0   0.0057384
-0.00859952  0.00980523  -0.0057384           0
EndNode1[0]<--->Repeater1[0]
REAL
  0.453728 0.00516142  0.0171134   0.366673
0.00516142   0.066838  0.0189311 0.00345218
 0.0171134  0.0189311  0.0758355 0.00126532
  0.366673 0.00345218 0.00126532   0.403599
IMAGINARY
          0  0.00219682  0.00229594 -0.00671056
-0.00219682           0   0.0119462   -0.010683
-0.00229594  -0.0119462           0  -0.0041323
 0.00671056    0.010683   0.0041323           0
EndNode2[0]<--->HoM1[0]
REAL
  0.420455  0.0079232 -0.0142663   0.373258
 0.0079232  0.0656566  0.0285745  0.0142663
-0.0142663  0.0285745  0.0542929 -0.0039965
  0.373258  0.0142663 -0.0039965   0.459596
IMAGINARY
           0  0.000166443   0.00933756   -0.0150125
-0.000166443            0   0.00498747   0.00798621
 -0.00933756  -0.00498747            0   -0.0151007
   0.0150125  -0.00798621    0.0151007            0
Repeater1[0]<--->EndNode1[0]
REAL
  0.453728  0.0171134 0.00516142   0.366673
 0.0171134  0.0758355  0.0189311 0.00126532
0.00516142  0.0189311   0.066838 0.00345218
  0.366673 0.00126532 0.00345218   0.403599
IMAGINARY
          0  0.00229594  0.00219682 -0.00671056
-0.00229594           0  -0.0119462  -0.0041323
-0.00219682   0.0119462           0   -0.010683
 0.00671056   0.0041323    0.010683           0
Repeater1[0]<--->HoM1[0]
REAL
  0.420455 -0.0142663  0.0079232   0.373258
-0.0142663  0.0542929  0.0285745 -0.0039965
 0.0079232  0.0285745  0.0656566  0.0142663
  0.373258 -0.0039965  0.0142663   0.459596
IMAGINARY
           0   0.00933756  0.000166443   -0.0150125
 -0.00933756            0  -0.00498747   -0.0151007
-0.000166443   0.00498747            0   0.00798621
   0.0150125    0.0151007  -0.00798621            0
EndNode1[0]<--->Repeater1[0]
REAL
   0.407595  0.00364197  -0.0124337    0.370163
 0.00364197   0.0873418   0.0252015   0.0144205
 -0.0124337   0.0252015   0.0797468 -0.00827773
   0.370163   0.0144205 -0.00827773    0.425316
IMAGINARY
          0  0.00922292 -0.00502296 -0.00241819
-0.00922292           0    0.014869  -0.0195248
 0.00502296   -0.014869           0   0.0230768
 0.00241819   0.0195248  -0.0230768           0
EndNode2[0]<--->HoM1[0]
REAL
  0.469577 -0.0263861 -0.0120098   0.361308
-0.0263861  0.0674603  0.0329595 0.00245563
-0.0120098  0.0329595  0.0648148   0.015558
  0.361308 0.00245563   0.015558   0.398148
IMAGINARY
          0  0.00589695  -0.0038935  0.00721756
-0.00589695           0  -0.0111137 -0.00585942
  0.0038935   0.0111137           0  -0.0221518
-0.00721756  0.00585942   0.0221518           0
Repeater1[0]<--->EndNode1[0]
REAL
   0.407595  -0.0124337  0.00364197    0.370163
 -0.0124337   0.0797468   0.0252015 -0.00827773
 0.00364197   0.0252015   0.0873418   0.0144205
   0.370163 -0.00827773   0.0144205    0.425316
IMAGINARY
          0 -0.00502296  0.00922292 -0.00241819
 0.00502296           0   -0.014869   0.0230768
-0.00922292    0.014869           0  -0.0195248
 0.00241819  -0.0230768   0.0195248           0
Repeater1[0]<--->HoM1[0]
REAL
  0.469577 -0.0120098 -0.0263861   0.361308
-0.0120098  0.0648148  0.0329595   0.015558
-0.0263861  0.0329595  0.0674603 0.00245563
  0.361308   0.015558 0.00245563   0.398148
IMAGINARY
          0  -0.0038935  0.00589695  0.00721756
  0.0038935           0   0.0111137  -0.0221518
-0.00589695  -0.0111137           0 -0.00585942
-0.00721756   0.0221518  0.00585942           0
EndNode1[0]<--->Repeater1[0]
REAL
   0.420051 -0.00539477 -0.00169036    0.374712
-0.00539477   0.0862944   0.0304712  0.00358669
-0.00169036   0.0304712   0.0672589 -0.00155845
   0.374712  0.00358669 -0.00155845    0.426396
IMAGINARY
          0  0.00774312 -0.00804876 -0.00929899
-0.00774312           0  0.00550152  -0.0155114
 0.00804876 -0.00550152           0   0.0145082
 0.00929899   0.0155114  -0.0145082           0
EndNode2[0]<--->HoM1[0]
REAL
   0.445333  -0.0204307  -0.0109728    0.369414
 -0.0204307   0.0733333   0.0343357 -0.00902724
 -0.0109728   0.0343357   0.0653333   0.0041807
   0.369414 -0.00902724   0.0041807       0.416
IMAGINARY
           0 -0.000348406     0.018195  -0.00903857
 0.000348406            0     0.017213  -0.00641487
   -0.018195    -0.017213            0   0.00427511
  0.00903857   0.00641487  -0.00427511            0
Repeater1[0]<--->EndNode1[0]
REAL
   0.420051 -0.00169036 -0.00539477    0.374712
-0.00169036   0.0672589   0.0304712 -0.00155845
-0.00539477   0.0304712   0.0862944  0.00358669
   0.374712 -0.00155845  0.00358669    0.426396
IMAGINARY
          0 -0.00804876  0.00774312 -0.00929899
 0.00804876           0 -0.00550152   0.0145082
-0.00774312  0.00550152           0  -0.0155114
 0.00929899  -0.0145082   0.0155114           0
Repeater1[0]<--->HoM1[0]
REAL
   0.445333  -0.0109728  -0.0204307    0.369414
 -0.0109728   0.0653333   0.0343357   0.0041807
 -0.0204307   0.0343357   0.0733333 -0.00902724
   0.369414   0.0041807 -0.00902724       0.416
IMAGINARY
           0     0.018195 -0.000348406  -0.00903857
   -0.018195            0    -0.017213   0.00427511
 0.000348406     0.017213            0  -0.00641487
  0.00903857  -0.00427511   0.00641487            0
EndNode1[0]<--->Repeater1[0]
REAL
   0.430884   0.0177264   0.0220372    0.362019
  0.0177264   0.0722291   0.0261214  -0.0126033
  0.0220372   0.0261214   0.0697385 -0.00155385
   0.362019  -0.0126033 -0.00155385    0.427148
IMAGINARY
          0   0.0173461 -0.00394896  0.00715001
 -0.0173461           0  -0.0219505 -0.00630745
 0.00394896   0.0219505           0 -0.00196149
-0.00715001  0.00630745  0.00196149           0
EndNode2[0]<--->HoM1[0]
REAL
   0.412371 -0.00283485  0.00252956    0.376299
-0.00283485   0.0760309   0.0381029 -0.00660564
 0.00252956   0.0381029    0.064433  0.00555224
   0.376299 -0.00660564  0.00555224    0.447165
IMAGINARY
           0    0.0127751    0.0132311  -0.00886752
  -0.0127751            0  -0.00502137   0.00135775
  -0.0132311   0.00502137            0 -0.000838761
  0.00886752  -0.00135775  0.000838761            0
Repeater1[0]<--->EndNode1[0]
REAL
   0.430884   0.0220372   0.0177264    0.362019
  0.0220372   0.0697385   0.0261214 -0.00155385
  0.0177264   0.0261214   0.0722291  -0.0126033
   0.362019 -0.00155385  -0.0126033    0.427148
IMAGINARY
          0 -0.00394896   0.0173461  0.00715001
 0.00394896           0   0.0219505 -0.00196149
 -0.0173461  -0.0219505           0 -0.00630745
-0.00715001  0.00196149  0.00630745           0
Repeater1[0]<--->HoM1[0]
REAL
   0.412371  0.00252956 -0.00283485    0.376299
 0.00252956    0.064433   0.0381029  0.00555224
-0.00283485   0.0381029   0.0760309 -0.00660564
   0.376299  0.00555224 -0.00660564    0.447165
IMAGINARY
           0    0.0132311    0.0127751  -0.00886752
  -0.0132311            0   0.00502137 -0.000838761
  -0.0127751  -0.00502137            0   0.00135775
  0.00886752  0.000838761  -0.00135775            0
EndNode1[0]<--->Repeater1[0]
REAL
   0.432258 -0.00560174  0.00259388    0.370266
-0.00560174        0.08   0.0143984 -0.00322759
 0.00259388   0.0143984   0.0683871  -0.0216479
   0.370266 -0.00322759  -0.0216479    0.419355
IMAGINARY
          0  -0.0192417   0.0108782 -0.00862384
  0.0192417           0   0.0130598 -0.00832714
 -0.0108782  -0.0130598           0 -0.00499299
 0.00862384  0.00832714  0.00499299           0
EndNode2[0]<--->HoM1[0]
REAL
   0.467949  0.00866337 -0.00227833     0.36431
 0.00866337   0.0679487   0.0299462 -0.00163812
-0.00227833   0.0299462   0.0692308 -0.00866337
    0.36431 -0.00163812 -0.00866337    0.394872
IMAGINARY
          0  0.00318526   0.0210028  0.00204731
-0.00318526           0  -0.0320734  -0.0228569
 -0.0210028   0.0320734           0 -0.00380331
-0.00204731   0.0228569  0.00380331           0
Repeater1[0]<--->EndNode1[0]
REAL
   0.432258  0.00259388 -0.00560174    0.370266
 0.00259388   0.0683871   0.0143984  -0.0216479
-0.00560174   0.0143984        0.08 -0.00322759
   0.370266  -0.0216479 -0.00322759    0.419355
IMAGINARY
          0   0.0108782  -0.0192417 -0.00862384
 -0.0108782           0  -0.0130598 -0.00499299
  0.0192417   0.0130598           0 -0.00832714
 0.00862384  0.00499299  0.00832714           0
Repeater1[0]<--->HoM1[0]
REAL
   0.467949 -0.00227833  0.00866337     0.36431
-0.00227833   0.0692308   0.0299462 -0.00866337
 0.00866337   0.0299462   0.0679487 -0.00163812
    0.36431 -0.00866337 -0.00163812    0.394872
IMAGINARY
          0   0.0210028  0.00318526  0.00204731
 -0.0210028           0   0.0320734 -0.00380331
-0.00318526  -0.0320734           0  -0.0228569
-0.00204731  0.00380331   0.0228569           0
EndNode1[0]<--->Repeater1[0]
REAL
   0.432331  -0.0298134 -0.00587467    0.350195
 -0.0298134    0.085213   0.0166453 -0.00587467
-0.00587467   0.0166453   0.0676692  0.00500921
   0.350195 -0.00587467  0.00500921    0.414787
IMAGINARY
          0  0.00920868  -0.0182362 -0.00291759
-0.00920868           0   0.0103803  0.00978369
  0.0182362  -0.0103803           0  -0.0111593
 0.00291759 -0.00978369   0.0111593           0
EndNode2[0]<--->HoM1[0]
REAL
   0.441406  -0.0140261 -0.00347171    0.373486
 -0.0140261   0.0507812   0.0375687  -0.0047875
-0.00347171   0.0375687   0.0572917   0.0108495
   0.373486  -0.0047875   0.0108495    0.450521
IMAGINARY
          0  0.00325989   0.0144228  0.00644143
-0.00325989           0  -0.0174947  0.00108104
 -0.0144228   0.0174947           0  -0.0148878
-0.00644143 -0.00108104   0.0148878           0
Repeater1[0]<--->EndNode1[0]
REAL
   0.432331 -0.00587467  -0.0298134    0.350195
-0.00587467   0.0676692   0.0166453  0.00500921
 -0.0298134   0.0166453    0.085213 -0.00587467
   0.350195  0.00500921 -0.00587467    0.414787
IMAGINARY
          0  -0.0182362  0.00920868 -0.00291759
  0.0182362           0  -0.0103803  -0.0111593
-0.00920868   0.0103803           0  0.00978369
 0.00291759   0.0111593 -0.00978369           0
Repeater1[0]<--->HoM1[0]
REAL
   0.441406 -0.00347171  -0.0140261    0.373486
-0.00347171   0.0572917   0.0375687   0.0108495
 -0.0140261   0.0375687   0.0507812  -0.0047875
   0.373486   0.0108495  -0.0047875    0.450521
IMAGINARY
          0   0.0144228  0.00325989  0.00644143
 -0.0144228           0   0.0174947  -0.0148878
-0.00325989  -0.0174947           0  0.00108104
-0.00644143   0.0148878 -0.00108104           0
EndNode1[0]<--->Repeater1[0]
REAL
  0.385101 0.00528583  0.0167776   0.376557
0.00528583  0.0669192  0.0205571  0.0051797
 0.0167776  0.0205571  0.0618687  0.0292186
  0.376557  0.0051797  0.0292186   0.486111
IMAGINARY
          0   0.0119521  -0.0360818  0.00204441
 -0.0119521           0 -0.00595066  -0.0119182
  0.0360818  0.00595066           0   0.0147145
-0.00204441   0.0119182  -0.0147145           0
EndNode2[0]<--->HoM1[0]
REAL
   0.457847   0.0124387   0.0313355    0.363571
  0.0124387   0.0713359   0.0201499 -0.00420372
  0.0313355   0.0201499   0.0674449 -0.00597876
   0.363571 -0.00420372 -0.00597876    0.403372
IMAGINARY
          0   0.0178438  -0.0244172 -0.00640273
 -0.0178438           0   0.0123005  -0.0268986
  0.0244172  -0.0123005           0 -0.00731749
 0.00640273   0.0268986  0.00731749           0
Repeater1[0]<--->EndNode1[0]
REAL
  0.385101  0.0167776 0.00528583   0.376557
 0.0167776  0.0618687  0.0205571  0.0292186
0.00528583  0.0205571  0.0669192  0.0051797
  0.376557  0.0292186  0.0051797   0.486111
IMAGINARY
          0  -0.0360818   0.0119521  0.00204441
  0.0360818           0  0.00595066   0.0147145
 -0.0119521 -0.00595066           0  -0.0119182
-0.00204441  -0.0147145   0.0119182           0
Repeater1[0]<--->HoM1[0]
REAL
   0.457847   0.0313355   0.0124387    0.363571
  0.0313355   0.0674449   0.0201499 -0.00597876
  0.0124387   0.0201499   0.0713359 -0.00420372
   0.363571 -0.00597876 -0.00420372    0.403372
IMAGINARY
          0  -0.0244172   0.0178438 -0.00640273
  0.0244172           0  -0.0123005 -0.00731749
 -0.0178438   0.0123005           0  -0.0268986
 0.00640273  0.00731749   0.0268986           0
EndNode1[0]<--->Repeater1[0]
REAL
    0.440771   -0.0193228   -0.0178238     0.364774
  -0.0193228    0.0674931    0.0263403 -0.000323842
  -0.0178238    0.0263403    0.0743802   0.00993602
    0.364774 -0.000323842   0.00993602     0.417355
IMAGINARY
           0  -0.00912982   0.00991385   -0.0162302
  0.00912982            0  0.000183964   0.00538603
 -0.00991385 -0.000183964            0   0.00362186
   0.0162302  -0.00538603  -0.00362186            0
EndNode2[0]<--->HoM1[0]
REAL
   0.454082  -0.0218801  0.00548734    0.351539
 -0.0218801   0.0663265   0.0385415 -0.00146589
 0.00548734   0.0385415    0.067602  0.00713477
   0.351539 -0.00146589  0.00713477     0.41199
IMAGINARY
          0 -0.00631657 -0.00491693  -0.0152762
 0.00631657           0  -0.0158927   0.0128745
 0.00491693   0.0158927           0  0.00764283
  0.0152762  -0.0128745 -0.00764283           0
Repeater1[0]<--->EndNode1[0]
REAL
    0.440771   -0.0178238   -0.0193228     0.364774
  -0.0178238    0.0743802    0.0263403   0.00993602
  -0.0193228    0.0263403    0.0674931 -0.000323842
    0.364774   0.00993602 -0.000323842     0.417355
IMAGINARY
           0   0.00991385  -0.00912982   -0.0162302
 -0.00991385            0 -0.000183964   0.00362186
  0.00912982  0.000183964            0   0.00538603
   0.0162302  -0.00362186  -0.00538603            0
Repeater1[0]<--->HoM1[0]
REAL
   0.454082  0.00548734  -0.0218801    0.351539
 0.00548734    0.067602   0.0385415  0.00713477
 -0.0218801   0.0385415   0.0663265 -0.00146589
   0.351539  0.00713477 -0.00146589     0.41199
IMAGINARY
          0 -0.00491693 -0.00631657  -0.0152762
 0.00491693           0   0.0158927  0.00764283
 0.00631657  -0.0158927           0   0.0128745
  0.0152762 -0.00764283  -0.0128745           0
EndNode1[0]<--->Repeater1[0]
REAL
    0.454545   -0.0141231   -0.0145247      0.36002
  -0.0141231    0.0690909    0.0183416 -0.000200009
  -0.0145247    0.0183416    0.0654545    0.0160437
     0.36002 -0.000200009    0.0160437     0.410909
IMAGINARY
           0   -0.0117259   0.00635977    0.0101852
   0.0117259            0  -0.00648148   0.00108272
 -0.00635977   0.00648148            0  0.000223828
  -0.0101852  -0.00108272 -0.000223828            0
EndNode2[0]<--->HoM1[0]
REAL
   0.463209 -0.00365206 -0.00693621    0.373815
-0.00365206   0.0808203   0.0340798  0.00167306
-0.00693621   0.0340798   0.0591074  0.00365206
   0.373815  0.00167306  0.00365206    0.396864
IMAGINARY
           0  -0.00367332 -0.000401587   0.00198991
  0.00367332            0   0.00998991   -0.0108567
 0.000401587  -0.00998991            0  -0.00493595
 -0.00198991    0.0108567   0.00493595            0
Repeater1[0]<--->EndNode1[0]
REAL
    0.454545   -0.0145247   -0.0141231      0.36002
  -0.0145247    0.0654545    0.0183416    0.0160437
  -0.0141231    0.0183416    0.0690909 -0.000200009
     0.36002    0.0160437 -0.000200009     0.410909
IMAGINARY
           0   0.00635977   -0.0117259    0.0101852
 -0.00635977            0   0.00648148  0.000223828
   0.0117259  -0.00648148            0   0.00108272
  -0.0101852 -0.000223828  -0.00108272            0
Repeater1[0]<--->HoM1[0]
REAL
   0.463209 -0.00693621 -0.00365206    0.373815
-0.00693621   0.0591074   0.0340798  0.00365206
-0.00365206   0.0340798   0.0808203  0.00167306
   0.373815  0.00365206  0.00167306    0.396864
IMAGINARY
           0 -0.000401587  -0.00367332   0.00198991
 0.000401587            0  -0.00998991  -0.00493595
  0.00367332   0.00998991            0   -0.0108567
 -0.00198991   0.00493595    0.0108567            0
EndNode1[0]<--->Repeater1[0]
REAL
   0.460719  0.00430738  0.00267292    0.381085
 0.00430738   0.0625832   0.0230602 -0.00526359
 0.00267292   0.0230602   0.0599201 -0.00171671
   0.381085 -0.00526359 -0.00171671    0.416778
IMAGINARY
           0    -0.018699    0.0158025  -0.00391815
    0.018699            0   -0.0172261   -0.0108642
  -0.0158025    0.0172261            0  0.000180448
  0.00391815    0.0108642 -0.000180448            0
EndNode2[0]<--->HoM1[0]
REAL
   0.444301 -0.00942525 -0.00137101    0.372011
-0.00942525   0.0699482   0.0305472   0.0117242
-0.00137101   0.0305472   0.0582902   0.0319587
   0.372011   0.0117242   0.0319587    0.427461
IMAGINARY
          0  -0.0254875  0.00877272   -0.016003
  0.0254875           0 -0.00105736   0.0180565
-0.00877272  0.00105736           0  0.00353626
   0.016003  -0.0180565 -0.00353626           0
Repeater1[0]<--->EndNode1[0]
REAL
   0.460719  0.00267292  0.00430738    0.381085
 0.00267292   0.0599201   0.0230602 -0.00171671
 0.00430738   0.0230602   0.0625832 -0.00526359
   0.381085 -0.00171671 -0.00526359    0.416778
IMAGINARY
           0    0.0158025    -0.018699  -0.00391815
  -0.0158025            0    0.0172261  0.000180448
    0.018699   -0.0172261            0   -0.0108642
  0.00391815 -0.000180448    0.0108642            0
Repeater1[0]<--->HoM1[0]
REAL
   0.444301 -0.00137101 -0.00942525    0.372011
-0.00137101   0.0582902   0.0305472   0.0319587
-0.00942525   0.0305472   0.0699482   0.0117242
   0.372011   0.0319587   0.0117242    0.427461
IMAGINARY
          0  0.00877272  -0.0254875   -0.016003
-0.00877272           0  0.00105736  0.00353626
  0.0254875 -0.00105736           0   0.0180565
   0.016003 -0.00353626  -0.0180565           0
EndNode1[0]<--->Repeater1[0]
REAL
    0.44389 -0.00239017  0.00139284     0.36336
-0.00239017    0.063591   0.0356033 -0.00398351
 0.00139284   0.0356033   0.0698254  0.00498084
    0.36336 -0.00398351  0.00498084    0.422693
IMAGINARY
          0  -0.0074539   0.0247448  0.00208566
  0.0074539           0  0.00351832 -0.00553785
 -0.0247448 -0.00351832           0  -0.0105139
-0.00208566  0.00553785   0.0105139           0
EndNode2[0]<--->HoM1[0]
REAL
   0.446891 -0.00578019 -0.00807681    0.367612
-0.00578019   0.0751295   0.0266074  -0.0208285
-0.00807681   0.0266074   0.0751295   -0.015745
   0.367612  -0.0208285   -0.015745     0.40285
IMAGINARY
          0  -0.0131535   0.0218941   0.0272855
  0.0131535           0   -0.012094  0.00111846
 -0.0218941    0.012094           0  0.00408791
 -0.0272855 -0.00111846 -0.00408791           0
Repeater1[0]<--->EndNode1[0]
REAL
    0.44389  0.00139284 -0.00239017     0.36336
 0.00139284   0.0698254   0.0356033  0.00498084
-0.00239017   0.0356033    0.063591 -0.00398351
    0.36336  0.00498084 -0.00398351    0.422693
IMAGINARY
          0   0.0247448  -0.0074539  0.00208566
 -0.0247448           0 -0.00351832  -0.0105139
  0.0074539  0.00351832           0 -0.00553785
-0.00208566   0.0105139  0.00553785           0
Repeater1[0]<--->HoM1[0]
REAL
   0.446891 -0.00807681 -0.00578019    0.367612
-0.00807681   0.0751295   0.0266074   -0.015745
-0.00578019   0.0266074   0.0751295  -0.0208285
   0.367612   -0.015745  -0.0208285     0.40285
IMAGINARY
          0   0.0218941  -0.0131535   0.0272855
 -0.0218941           0    0.012094  0.00408791
  0.0131535   -0.012094           0  0.00111846
 -0.0272855 -0.00408791 -0.00111846           0
EndNode1[0]<--->Repeater1[0]
REAL
   0.439532  -0.0100518  -0.0163929    0.358305
 -0.0100518   0.0494148   0.0394372 -0.00817547
 -0.0163929   0.0394372   0.0702211  -0.0131886
   0.358305 -0.00817547  -0.0131886    0.440832
IMAGINARY
           0   0.00686748   0.00316468   0.00227231
 -0.00686748            0  -0.00351919 -2.00296e-05
 -0.00316468   0.00351919            0  -0.00749641
 -0.00227231  2.00296e-05   0.00749641            0
EndNode2[0]<--->HoM1[0]
REAL
    0.44401  -0.0133194  0.00214262     0.37638
 -0.0133194   0.0638021     0.02737  -0.0208926
 0.00214262     0.02737   0.0611979 0.000819409
    0.37638  -0.0208926 0.000819409     0.43099
IMAGINARY
          0  -0.0169435  0.00597066  -0.0200258
  0.0169435           0  -0.0200258   0.0163066
-0.00597066   0.0200258           0  0.00209202
  0.0200258  -0.0163066 -0.00209202           0
Repeater1[0]<--->EndNode1[0]
REAL
   0.439532  -0.0163929  -0.0100518    0.358305
 -0.0163929   0.0702211   0.0394372  -0.0131886
 -0.0100518   0.0394372   0.0494148 -0.00817547
   0.358305  -0.0131886 -0.00817547    0.440832
IMAGINARY
           0   0.00316468   0.00686748   0.00227231
 -0.00316468            0   0.00351919  -0.00749641
 -0.00686748  -0.00351919            0 -2.00296e-05
 -0.00227231   0.00749641  2.00296e-05            0
Repeater1[0]<--->HoM1[0]
REAL
    0.44401  0.00214262  -0.0133194     0.37638
 0.00214262   0.0611979     0.02737 0.000819409
 -0.0133194     0.02737   0.0638021  -0.0208926
    0.37638 0.000819409  -0.0208926     0.43099
IMAGINARY
          0  0.00597066  -0.0169435  -0.0200258
-0.00597066           0   0.0200258  0.00209202
  0.0169435  -0.0200258           0   0.0163066
  0.0200258 -0.00209202  -0.0163066           0
EndNode1[0]<--->Repeater1[0]
REAL
   0.424863 -0.00883746   0.0218742    0.359057
-0.00883746   0.0669399   0.0366721    -0.00303
  0.0218742   0.0366721   0.0778689  0.00381234
   0.359057    -0.00303  0.00381234    0.430328
IMAGINARY
          0   0.0125077  0.00271111   0.0288986
 -0.0125077           0  0.00562821  0.00337161
-0.00271111 -0.00562821           0  -0.0015588
 -0.0288986 -0.00337161   0.0015588           0
EndNode2[0]<--->HoM1[0]
REAL
  0.458616  0.0157963 -0.0119508   0.377233
 0.0157963  0.0610583  0.0298642  0.0242088
-0.0119508  0.0298642  0.0597015 -0.0164414
  0.377233  0.0242088 -0.0164414   0.420624
IMAGINARY
           0    0.0111802 -0.000272521  -0.00948409
  -0.0111802            0   0.00558799    0.0029041
 0.000272521  -0.00558799            0   0.00197772
  0.00948409   -0.0029041  -0.00197772            0
Repeater1[0]<--->EndNode1[0]
REAL
   0.424863   0.0218742 -0.00883746    0.359057
  0.0218742   0.0778689   0.0366721  0.00381234
-0.00883746   0.0366721   0.0669399    -0.00303
   0.359057  0.00381234    -0.00303    0.430328
IMAGINARY
          0  0.00271111   0.0125077   0.0288986
-0.00271111           0 -0.00562821  -0.0015588
 -0.0125077  0.00562821           0  0.00337161
 -0.0288986   0.0015588 -0.00337161           0
Repeater1[0]<--->HoM1[0]
REAL
  0.458616 -0.0119508  0.0157963   0.377233
-0.0119508  0.0597015  0.0298642 -0.0164414
 0.0157963  0.0298642  0.0610583  0.0242088
  0.377233 -0.0164414  0.0242088   0.420624
IMAGINARY
           0 -0.000272521    0.0111802  -0.00948409
 0.000272521            0  -0.00558799   0.00197772
  -0.0111802   0.00558799            0    0.0029041
  0.00948409  -0.00197772   -0.0029041            0
EndNode1[0]<--->Repeater1[0]
REAL
   0.453581  -0.0166249 -0.00528481    0.369275
 -0.0166249   0.0557029   0.0308421  -0.0164543
-0.00528481   0.0308421   0.0702918  -0.0133398
   0.369275  -0.0164543  -0.0133398    0.420424
IMAGINARY
          0   0.0142876  -0.0230054  0.00219805
 -0.0142876           0 -0.00547459   0.0174974
  0.0230054  0.00547459           0 -0.00143569
-0.00219805  -0.0174974  0.00143569           0
EndNode2[0]<--->HoM1[0]
REAL
   0.439601 -0.00249506   0.0147364    0.367579
-0.00249506   0.0697385   0.0353465  0.00786998
  0.0147364   0.0353465   0.0684932  0.00781421
   0.367579  0.00786998  0.00781421    0.422167
IMAGINARY
          0 -0.00369611   0.0277722 -0.00252207
 0.00369611           0 -0.00189155   0.0244075
 -0.0277722  0.00189155           0 -0.00753243
 0.00252207  -0.0244075  0.00753243           0
Repeater1[0]<--->EndNode1[0]
REAL
   0.453581 -0.00528481  -0.0166249    0.369275
-0.00528481   0.0702918   0.0308421  -0.0133398
 -0.0166249   0.0308421   0.0557029  -0.0164543
   0.369275  -0.0133398  -0.0164543    0.420424
IMAGINARY
          0  -0.0230054   0.0142876  0.00219805
  0.0230054           0  0.00547459 -0.00143569
 -0.0142876 -0.00547459           0   0.0174974
-0.00219805  0.00143569  -0.0174974           0
Repeater1[0]<--->HoM1[0]
REAL
   0.439601   0.0147364 -0.00249506    0.367579
  0.0147364   0.0684932   0.0353465  0.00781421
-0.00249506   0.0353465   0.0697385  0.00786998
   0.367579  0.00781421  0.00786998    0.422167
IMAGINARY
          0   0.0277722 -0.00369611 -0.00252207
 -0.0277722           0  0.00189155 -0.00753243
 0.00369611 -0.00189155           0   0.0244075
 0.00252207  0.00753243  -0.0244075           0
EndNode1[0]<--->Repeater1[0]
REAL
   0.416449   0.0092456  0.00944901    0.368462
  0.0092456    0.075718   0.0383708  0.00235223
 0.00944901   0.0383708    0.073107 -0.00117107
   0.368462  0.00235223 -0.00117107    0.434726
IMAGINARY
          0   0.0268453  -0.0142308  0.00868891
 -0.0268453           0  0.00807086  -0.0123581
  0.0142308 -0.00807086           0 -0.00674153
-0.00868891   0.0123581  0.00674153           0
EndNode2[0]<--->HoM1[0]
REAL
  0.465823  0.0138921 0.00404993   0.386243
 0.0138921   0.064557   0.029288 0.00821165
0.00404993   0.029288   0.056962 0.00926862
  0.386243 0.00821165 0.00926862   0.412658
IMAGINARY
          0   0.0104377   0.0258278   0.0152605
 -0.0104377           0 -0.00157889   0.0306027
 -0.0258278  0.00157889           0  -0.0471831
 -0.0152605  -0.0306027   0.0471831           0
Repeater1[0]<--->EndNode1[0]
REAL
   0.416449  0.00944901   0.0092456    0.368462
 0.00944901    0.073107   0.0383708 -0.00117107
  0.0092456   0.0383708    0.075718  0.00235223
   0.368462 -0.00117107  0.00235223    0.434726
IMAGINARY
          0  -0.0142308   0.0268453  0.00868891
  0.0142308           0 -0.00807086 -0.00674153
 -0.0268453  0.00807086           0  -0.0123581
-0.00868891  0.00674153   0.0123581           0
Repeater1[0]<--->HoM1[0]
REAL
  0.465823 0.00404993  0.0138921   0.386243
0.00404993   0.056962   0.029288 0.00926862
 0.0138921   0.029288   0.064557 0.00821165
  0.386243 0.00926862 0.00821165   0.412658
IMAGINARY
          0   0.0258278   0.0104377   0.0152605
 -0.0258278           0  0.00157889  -0.0471831
 -0.0104377 -0.00157889           0   0.0306027
 -0.0152605   0.0471831  -0.0306027           0
EndNode1[0]<--->Repeater1[0]
REAL
     0.4725   0.0143514 -0.00156918    0.373422
  0.0143514     0.06375   0.0221397  -0.0127911
-0.00156918   0.0221397       0.055  -0.0130459
   0.373422  -0.0127911  -0.0130459     0.40875
IMAGINARY
          0   0.0149076  -0.0160921  0.00173421
 -0.0149076           0  0.00738038   0.0199382
  0.0160921 -0.00738038           0 -0.00336915
-0.00173421  -0.0199382  0.00336915           0
EndNode2[0]<--->HoM1[0]
REAL
  0.434954 0.00995072 0.00514788    0.37317
0.00995072  0.0617608  0.0253444  0.0233175
0.00514788  0.0253444  0.0709593  0.0185146
   0.37317  0.0233175  0.0185146   0.432326
IMAGINARY
          0  0.00102552 -0.00287521  -0.0122961
-0.00102552           0  0.00246645 -0.00223988
 0.00287521 -0.00246645           0 -0.00997693
  0.0122961  0.00223988  0.00997693           0
Repeater1[0]<--->EndNode1[0]
REAL
     0.4725 -0.00156918   0.0143514    0.373422
-0.00156918       0.055   0.0221397  -0.0130459
  0.0143514   0.0221397     0.06375  -0.0127911
   0.373422  -0.0130459  -0.0127911     0.40875
IMAGINARY
          0  -0.0160921   0.0149076  0.00173421
  0.0160921           0 -0.00738038 -0.00336915
 -0.0149076  0.00738038           0   0.0199382
-0.00173421  0.00336915  -0.0199382           0
Repeater1[0]<--->HoM1[0]
REAL
  0.434954 0.00514788 0.00995072    0.37317
0.00514788  0.0709593  0.0253444  0.0185146
0.00995072  0.0253444  0.0617608  0.0233175
   0.37317  0.0185146  0.0233175   0.432326
IMAGINARY
          0 -0.00287521  0.00102552  -0.0122961
 0.00287521           0 -0.00246645 -0.00997693
-0.00102552  0.00246645           0 -0.00223988
  0.0122961  0.00997693  0.00223988           0
EndNode1[0]<--->Repeater1[0]
REAL
  0.458385  0.0327509 0.00339977   0.372701
 0.0327509  0.0720497   0.025333 0.00274274
0.00339977   0.025333  0.0496894 -0.0155519
  0.372701 0.00274274 -0.0155519   0.419876
IMAGINARY
          0  -0.0141194   0.0146808  0.00987377
  0.0141194           0  0.00135476  -0.0054703
 -0.0146808 -0.00135476           0   0.0128036
-0.00987377   0.0054703  -0.0128036           0
EndNode2[0]<--->HoM1[0]
REAL
   0.481586 -0.00797489  -0.0152154    0.365064
-0.00797489   0.0594901    0.023248  0.00352707
 -0.0152154    0.023248   0.0524079  0.00148138
   0.365064  0.00352707  0.00148138    0.406516
IMAGINARY
           0   -0.0215635    0.0162069 -0.000675253
   0.0215635            0   0.00253399   0.00373808
  -0.0162069  -0.00253399            0  -0.00525911
 0.000675253  -0.00373808   0.00525911            0
Repeater1[0]<--->EndNode1[0]
REAL
  0.458385 0.00339977  0.0327509   0.372701
0.00339977  0.0496894   0.025333 -0.0155519
 0.0327509   0.025333  0.0720497 0.00274274
  0.372701 -0.0155519 0.00274274   0.419876
IMAGINARY
          0   0.0146808  -0.0141194  0.00987377
 -0.0146808           0 -0.00135476   0.0128036
  0.0141194  0.00135476           0  -0.0054703
-0.00987377  -0.0128036   0.0054703           0
Repeater1[0]<--->HoM1[0]
REAL
   0.481586  -0.0152154 -0.00797489    0.365064
 -0.0152154   0.0524079    0.023248  0.00148138
-0.00797489    0.023248   0.0594901  0.00352707
   0.365064  0.00148138  0.00352707    0.406516
IMAGINARY
           0    0.0162069   -0.0215635 -0.000675253
  -0.0162069            0  -0.00253399  -0.00525911
   0.0215635   0.00253399            0   0.00373808
 0.000675253   0.00525911  -0.00373808            0
EndNode1[0]<--->Repeater1[0]
REAL
   0.440204 -0.00330392 -0.00408181    0.374566
-0.00330392   0.0597964   0.0269593 -0.00909434
-0.00408181   0.0269593   0.0725191 -0.00848526
   0.374566 -0.00909434 -0.00848526    0.427481
IMAGINARY
           0   0.00409518   -0.0188507   -0.0103529
 -0.00409518            0    0.0307611  -0.00255993
   0.0188507   -0.0307611            0  0.000942599
   0.0103529   0.00255993 -0.000942599            0
EndNode2[0]<--->HoM1[0]
REAL
  0.444867   0.012447 -0.0200686   0.365432
  0.012447  0.0557668  0.0362278  0.0245386
-0.0200686  0.0362278  0.0621039 -0.0143627
  0.365432  0.0245386 -0.0143627   0.437262
IMAGINARY
           0    -0.023894    0.0150442    0.0201559
    0.023894            0 -0.000756649   -0.0156961
  -0.0150442  0.000756649            0   0.00498918
  -0.0201559    0.0156961  -0.00498918            0
Repeater1[0]<--->EndNode1[0]
REAL
   0.440204 -0.00408181 -0.00330392    0.374566
-0.00408181   0.0725191   0.0269593 -0.00848526
-0.00330392   0.0269593   0.0597964 -0.00909434
   0.374566 -0.00848526 -0.00909434    0.427481
IMAGINARY
           0   -0.0188507   0.00409518   -0.0103529
   0.0188507            0   -0.0307611  0.000942599
 -0.00409518    0.0307611            0  -0.00255993
   0.0103529 -0.000942599   0.00255993            0
Repeater1[0]<--->HoM1[0]
REAL
  0.444867 -0.0200686   0.012447   0.365432
-0.0200686  0.0621039  0.0362278 -0.0143627
  0.012447  0.0362278  0.0557668  0.0245386
  0.365432 -0.0143627  0.0245386   0.437262
IMAGINARY
           0    0.0150442    -0.023894    0.0201559
  -0.0150442            0  0.000756649   0.00498918
    0.023894 -0.000756649            0   -0.0156961
  -0.0201559  -0.00498918    0.0156961            0
EndNode1[0]<--->Repeater1[0]
REAL
   0.470215   0.0162656 0.000926973    0.364925
  0.0162656   0.0684411   0.0235549  0.00520048
0.000926973   0.0235549   0.0544994  -0.0211676
   0.364925  0.00520048  -0.0211676    0.406844
IMAGINARY
           0  -0.00412316   -0.0148077  -0.00699359
  0.00412316            0  0.000291178    0.0186148
   0.0148077 -0.000291178            0  -0.00349105
  0.00699359   -0.0186148   0.00349105            0
EndNode2[0]<--->HoM1[0]
REAL
  0.443182 0.00317362  0.0101286   0.350739
0.00317362  0.0517677  0.0227135  0.0208205
 0.0101286  0.0227135  0.0770202  0.0195224
  0.350739  0.0208205  0.0195224    0.42803
IMAGINARY
          0   0.0136629   0.0105274  -0.0128123
 -0.0136629           0 -0.00203918  -0.0188077
 -0.0105274  0.00203918           0  -0.0168476
  0.0128123   0.0188077   0.0168476           0
Repeater1[0]<--->EndNode1[0]
REAL
   0.470215 0.000926973   0.0162656    0.364925
0.000926973   0.0544994   0.0235549  -0.0211676
  0.0162656   0.0235549   0.0684411  0.00520048
   0.364925  -0.0211676  0.00520048    0.406844
IMAGINARY
           0   -0.0148077  -0.00412316  -0.00699359
   0.0148077            0 -0.000291178  -0.00349105
  0.00412316  0.000291178            0    0.0186148
  0.00699359   0.00349105   -0.0186148            0
Repeater1[0]<--->HoM1[0]
REAL
  0.443182  0.0101286 0.00317362   0.350739
 0.0101286  0.0770202  0.0227135  0.0195224
0.00317362  0.0227135  0.0517677  0.0208205
  0.350739  0.0195224  0.0208205    0.42803
IMAGINARY
          0   0.0105274   0.0136629  -0.0128123
 -0.0105274           0  0.00203918  -0.0168476
 -0.0136629 -0.00203918           0  -0.0188077
  0.0128123   0.0168476   0.0188077           0
EndNode1[0]<--->Repeater1[0]
REAL
  0.430364  0.0220064 0.00690378   0.362572
 0.0220064  0.0677541  0.0423619 0.00813834
0.00690378  0.0423619  0.0677541 -0.0177946
  0.362572 0.00813834 -0.0177946   0.434128
IMAGINARY
          0 -0.00104895  0.00368497   0.0173342
 0.00104895           0   -0.014125  -0.0128713
-0.00368497    0.014125           0  0.00104895
 -0.0173342   0.0128713 -0.00104895           0
EndNode2[0]<--->HoM1[0]
REAL
   0.459677 -0.00524735    0.010507    0.370575
-0.00524735   0.0698925   0.0174753  -0.0123938
   0.010507   0.0174753   0.0645161   0.0121656
   0.370575  -0.0123938   0.0121656    0.405914
IMAGINARY
          0 -0.00937587 -0.00398907  -0.0137594
 0.00937587           0  0.00680616  0.00937991
 0.00398907 -0.00680616           0 -0.00814434
  0.0137594 -0.00937991  0.00814434           0
Repeater1[0]<--->EndNode1[0]
REAL
  0.430364 0.00690378  0.0220064   0.362572
0.00690378  0.0677541  0.0423619 -0.0177946
 0.0220064  0.0423619  0.0677541 0.00813834
  0.362572 -0.0177946 0.00813834   0.434128
IMAGINARY
          0  0.00368497 -0.00104895   0.0173342
-0.00368497           0    0.014125  0.00104895
 0.00104895   -0.014125           0  -0.0128713
 -0.0173342 -0.00104895   0.0128713           0
Repeater1[0]<--->HoM1[0]
REAL
   0.459677    0.010507 -0.00524735    0.370575
   0.010507   0.0645161   0.0174753   0.0121656
-0.00524735   0.0174753   0.0698925  -0.0123938
   0.370575   0.0121656  -0.0123938    0.405914
IMAGINARY
          0 -0.00398907 -0.00937587  -0.0137594
 0.00398907           0 -0.00680616 -0.00814434
 0.00937587  0.00680616           0  0.00937991
  0.0137594  0.00814434 -0.00937991           0
EndNode1[0]<--->Repeater1[0]
REAL
  0.455511  0.0158018  0.0297329   0.357249
 0.0158018  0.0584329  0.0552052 0.00417587
 0.0297329  0.0552052   0.063745 0.00454349
  0.357249 0.00417587 0.00454349   0.422311
IMAGINARY
           0   0.00478683  -0.00164857     0.010265
 -0.00478683            0  -0.00840166  -0.00792998
  0.00164857   0.00840166            0  0.000960298
   -0.010265   0.00792998 -0.000960298            0
EndNode2[0]<--->HoM1[0]
REAL
   0.437267 -0.00107306   0.0162835    0.388506
-0.00107306   0.0770186   0.0284795   0.0162835
  0.0162835   0.0284795   0.0621118   0.0247001
   0.388506   0.0162835   0.0247001    0.423602
IMAGINARY
           0   0.00705207 -0.000770564   -0.0115479
 -0.00705207            0 -0.000523256    0.0229778
 0.000770564  0.000523256            0   -0.0238758
   0.0115479   -0.0229778    0.0238758            0
Repeater1[0]<--->EndNode1[0]
REAL
  0.455511  0.0297329  0.0158018   0.357249
 0.0297329   0.063745  0.0552052 0.00454349
 0.0158018  0.0552052  0.0584329 0.00417587
  0.357249 0.00454349 0.00417587   0.422311
IMAGINARY
           0  -0.00164857   0.00478683     0.010265
  0.00164857            0   0.00840166  0.000960298
 -0.00478683  -0.00840166            0  -0.00792998
   -0.010265 -0.000960298   0.00792998            0
Repeater1[0]<--->HoM1[0]
REAL
   0.437267   0.0162835 -0.00107306    0.388506
  0.0162835   0.0621118   0.0284795   0.0247001
-0.00107306   0.0284795   0.0770186   0.0162835
   0.388506   0.0247001   0.0162835    0.423602
IMAGINARY
           0 -0.000770564   0.00705207   -0.0115479
 0.000770564            0  0.000523256   -0.0238758
 -0.00705207 -0.000523256            0    0.0229778
   0.0115479    0.0238758   -0.0229778            0
EndNode1[0]<--->Repeater1[0]
REAL
   0.448635  0.00495444  -0.0176959    0.369125
 0.00495444   0.0819246   0.0258884 -0.00198912
 -0.0176959   0.0258884   0.0637191  -0.0193901
   0.369125 -0.00198912  -0.0193901    0.405722
IMAGINARY
          0 -0.00349385   -0.013473   0.0245304
 0.00349385           0 -0.00915522  0.00399138
   0.013473  0.00915522           0 -0.00219515
 -0.0245304 -0.00399138  0.00219515           0
EndNode2[0]<--->HoM1[0]
REAL
    0.450249  -0.00863666  0.000275076     0.365346
 -0.00863666    0.0609453    0.0302946 -0.000935578
 0.000275076    0.0302946    0.0584577   0.00401314
    0.365346 -0.000935578   0.00401314     0.430348
IMAGINARY
           0 -0.000386247  0.000739084  -0.00655182
 0.000386247            0    0.0039745   0.00441555
-0.000739084   -0.0039745            0  -0.00992303
  0.00655182  -0.00441555   0.00992303            0
Repeater1[0]<--->EndNode1[0]
REAL
   0.448635  -0.0176959  0.00495444    0.369125
 -0.0176959   0.0637191   0.0258884  -0.0193901
 0.00495444   0.0258884   0.0819246 -0.00198912
   0.369125  -0.0193901 -0.00198912    0.405722
IMAGINARY
          0   -0.013473 -0.00349385   0.0245304
   0.013473           0  0.00915522 -0.00219515
 0.00349385 -0.00915522           0  0.00399138
 -0.0245304  0.00219515 -0.00399138           0
Repeater1[0]<--->HoM1[0]
REAL
    0.450249  0.000275076  -0.00863666     0.365346
 0.000275076    0.0584577    0.0302946   0.00401314
 -0.00863666    0.0302946    0.0609453 -0.000935578
    0.365346   0.00401314 -0.000935578     0.430348
IMAGINARY
           0  0.000739084 -0.000386247  -0.00655182
-0.000739084            0   -0.0039745  -0.00992303
 0.000386247    0.0039745            0   0.00441555
  0.00655182   0.00992303  -0.00441555            0
EndNode1[0]<--->Repeater1[0]
REAL
   0.435159   -0.013451 -0.00694378    0.354522
  -0.013451   0.0461095   0.0295543  -0.0280881
-0.00694378   0.0295543   0.0821326 -0.00502036
   0.354522  -0.0280881 -0.00502036    0.436599
IMAGINARY
          0  -0.0109395  0.00779324  -0.0157178
  0.0109395           0  -0.0138452   0.0108683
-0.00779324   0.0138452           0  0.00514801
  0.0157178  -0.0108683 -0.00514801           0
EndNode2[0]<--->HoM1[0]
REAL
   0.437736 -0.00421151 -0.00462481     0.37933
-0.00421151   0.0628931   0.0165038 -0.00709394
-0.00462481   0.0165038   0.0691824 -0.00490307
