EndNode1[0]<--->Repeater1[0]
REAL
   0.446721 -0.00911599   0.0050506    0.193798
-0.00911599    0.177596   0.0153171  0.00567326
  0.0050506   0.0153171    0.131148   0.0158184
   0.193798  0.00567326   0.0158184    0.244536
IMAGINARY
          0  -0.0104027  0.00266295   0.0131388
  0.0104027           0  -0.0156704 -0.00899206
-0.00266295   0.0156704           0  -0.0212428
 -0.0131388  0.00899206   0.0212428           0
EndNode2[0]<--->HoM1[0]
REAL
   0.473324  -0.0149189  -0.0130957    0.273969
 -0.0149189    0.110807   0.0224462 -0.00418984
 -0.0130957   0.0224462    0.110807  0.00147457
   0.273969 -0.00418984  0.00147457    0.305062
IMAGINARY
          0  0.00518467   -0.017903 -0.00826241
-0.00518467           0  -0.0127902  0.00633172
   0.017903   0.0127902           0  0.00638659
 0.00826241 -0.00633172 -0.00638659           0
Repeater1[0]<--->EndNode1[0]
REAL
   0.446721   0.0050506 -0.00911599    0.193798
  0.0050506    0.131148   0.0153171   0.0158184
-0.00911599   0.0153171    0.177596  0.00567326
   0.193798   0.0158184  0.00567326    0.244536
IMAGINARY
          0  0.00266295  -0.0104027   0.0131388
-0.00266295           0   0.0156704  -0.0212428
  0.0104027  -0.0156704           0 -0.00899206
 -0.0131388   0.0212428  0.00899206           0
Repeater1[0]<--->HoM1[0]
REAL
   0.473324  -0.0130957  -0.0149189    0.273969
 -0.0130957    0.110807   0.0224462  0.00147457
 -0.0149189   0.0224462    0.110807 -0.00418984
   0.273969  0.00147457 -0.00418984    0.305062
IMAGINARY
          0   -0.017903  0.00518467 -0.00826241
   0.017903           0   0.0127902  0.00638659
-0.00518467  -0.0127902           0  0.00633172
 0.00826241 -0.00638659 -0.00633172           0
EndNode1[0]<--->Repeater1[0]
REAL
    0.44389  0.00379981 -0.00672956    0.211105
 0.00379981    0.164589   0.0166236  -0.0164825
-0.00672956   0.0166236    0.124688 -0.00568186
   0.211105  -0.0164825 -0.00568186    0.266833
IMAGINARY
         0 -0.0149541  0.0165785  0.0073856
 0.0149541          0 -0.0161813 -0.0159056
-0.0165785  0.0161813          0  0.0237024
-0.0073856  0.0159056 -0.0237024          0
EndNode2[0]<--->HoM1[0]
REAL
    0.430052   0.00280158   -0.0169236     0.272179
  0.00280158     0.120466    0.0247166 -0.000540862
  -0.0169236    0.0247166     0.141192  -0.00344842
    0.272179 -0.000540862  -0.00344842      0.30829
IMAGINARY
           0 -0.000346412    0.0227773   -0.0104119
 0.000346412            0  -0.00608557   0.00387246
  -0.0227773   0.00608557            0  -0.00980587
   0.0104119  -0.00387246   0.00980587            0
Repeater1[0]<--->EndNode1[0]
REAL
    0.44389 -0.00672956  0.00379981    0.211105
-0.00672956    0.124688   0.0166236 -0.00568186
 0.00379981   0.0166236    0.164589  -0.0164825
   0.211105 -0.00568186  -0.0164825    0.266833
IMAGINARY
         0  0.0165785 -0.0149541  0.0073856
-0.0165785          0  0.0161813  0.0237024
 0.0149541 -0.0161813          0 -0.0159056
-0.0073856 -0.0237024  0.0159056          0
Repeater1[0]<--->HoM1[0]
REAL
    0.430052   -0.0169236   0.00280158     0.272179
  -0.0169236     0.141192    0.0247166  -0.00344842
  0.00280158    0.0247166     0.120466 -0.000540862
    0.272179  -0.00344842 -0.000540862      0.30829
IMAGINARY
           0    0.0227773 -0.000346412   -0.0104119
  -0.0227773            0   0.00608557  -0.00980587
 0.000346412  -0.00608557            0   0.00387246
   0.0104119   0.00980587  -0.00387246            0
