EndNode1[0]<--->Repeater1[0]
REAL
 0.446779 0.0210139 0.0118871  0.281349
0.0210139  0.123249 0.0166433 0.0075608
0.0118871 0.0166433  0.116246 0.0247828
 0.281349 0.0075608 0.0247828  0.313725
IMAGINARY
          0   0.0198601 -0.00248631   0.0158025
 -0.0198601           0   0.0145618 -0.00646509
 0.00248631  -0.0145618           0 -0.00323604
 -0.0158025  0.00646509  0.00323604           0
EndNode2[0]<--->HoM1[0]
REAL
   0.456117  0.00868633 -0.00732628     0.34242
 0.00868633    0.105053   0.0199655  0.00011789
-0.00732628   0.0199655    0.106383  -0.0145841
    0.34242  0.00011789  -0.0145841    0.332447
IMAGINARY
          0 -0.00819877  0.00416465   0.0165163
 0.00819877           0    0.010476   0.0128066
-0.00416465   -0.010476           0  -0.0113835
 -0.0165163  -0.0128066   0.0113835           0
Repeater1[0]<--->EndNode1[0]
REAL
 0.446779 0.0118871 0.0210139  0.281349
0.0118871  0.116246 0.0166433 0.0247828
0.0210139 0.0166433  0.123249 0.0075608
 0.281349 0.0247828 0.0075608  0.313725
IMAGINARY
          0 -0.00248631   0.0198601   0.0158025
 0.00248631           0  -0.0145618 -0.00323604
 -0.0198601   0.0145618           0 -0.00646509
 -0.0158025  0.00323604  0.00646509           0
Repeater1[0]<--->HoM1[0]
REAL
   0.456117 -0.00732628  0.00868633     0.34242
-0.00732628    0.106383   0.0199655  -0.0145841
 0.00868633   0.0199655    0.105053  0.00011789
    0.34242  -0.0145841  0.00011789    0.332447
IMAGINARY
          0  0.00416465 -0.00819877   0.0165163
-0.00416465           0   -0.010476  -0.0113835
 0.00819877    0.010476           0   0.0128066
 -0.0165163   0.0113835  -0.0128066           0
EndNode1[0]<--->Repeater1[0]
REAL
   0.418987 -0.00715512 -0.00175131     0.28095
-0.00715512    0.106329   0.0366175  0.00580536
-0.00175131   0.0366175    0.116456 -0.00906109
    0.28095  0.00580536 -0.00906109    0.358228
IMAGINARY
           0 -0.000146447    0.0133877   0.00730976
 0.000146447            0   -0.0138543   -0.0209444
  -0.0133877    0.0138543            0    0.0114815
 -0.00730976    0.0209444   -0.0114815            0
EndNode2[0]<--->HoM1[0]
REAL
   0.435616 -0.00642866 -0.00719937    0.335641
-0.00642866   0.0931507   0.0358958  -0.0116923
-0.00719937   0.0358958     0.10137   0.0127259
   0.335641  -0.0116923   0.0127259    0.369863
IMAGINARY
           0  0.000642623   -0.0104328  0.000157569
-0.000642623            0    0.0196381  -0.00614883
   0.0104328   -0.0196381            0   0.00445942
-0.000157569   0.00614883  -0.00445942            0
Repeater1[0]<--->EndNode1[0]
REAL
   0.418987 -0.00175131 -0.00715512     0.28095
-0.00175131    0.116456   0.0366175 -0.00906109
-0.00715512   0.0366175    0.106329  0.00580536
    0.28095 -0.00906109  0.00580536    0.358228
IMAGINARY
           0    0.0133877 -0.000146447   0.00730976
  -0.0133877            0    0.0138543    0.0114815
 0.000146447   -0.0138543            0   -0.0209444
 -0.00730976   -0.0114815    0.0209444            0
Repeater1[0]<--->HoM1[0]
REAL
   0.435616 -0.00719937 -0.00642866    0.335641
-0.00719937     0.10137   0.0358958   0.0127259
-0.00642866   0.0358958   0.0931507  -0.0116923
   0.335641   0.0127259  -0.0116923    0.369863
IMAGINARY
           0   -0.0104328  0.000642623  0.000157569
   0.0104328            0   -0.0196381   0.00445942
-0.000642623    0.0196381            0  -0.00614883
-0.000157569  -0.00445942   0.00614883            0
EndNode1[0]<--->Repeater1[0]
REAL
   0.438642  0.00113394  0.00208535    0.272039
 0.00113394    0.131854   0.0501003 -0.00830426
 0.00208535   0.0501003    0.108355  0.00632875
   0.272039 -0.00830426  0.00632875    0.321149
IMAGINARY
          0    0.008033  0.00417603  -0.0102155
  -0.008033           0   0.0205248  -0.0118291
-0.00417603  -0.0205248           0   -0.010584
  0.0102155   0.0118291    0.010584           0
EndNode2[0]<--->HoM1[0]
REAL
   0.467405 0.000714081  -0.0065335    0.328609
0.000714081   0.0885609   0.0449683  -0.0105335
 -0.0065335   0.0449683   0.0750308  -0.0329518
   0.328609  -0.0105335  -0.0329518    0.369004
IMAGINARY
          0  0.00784979  -0.0139324  -0.0253652
-0.00784979           0 -0.00940094  -0.0177299
  0.0139324  0.00940094           0   0.0106199
  0.0253652   0.0177299  -0.0106199           0
Repeater1[0]<--->EndNode1[0]
REAL
   0.438642  0.00208535  0.00113394    0.272039
 0.00208535    0.108355   0.0501003  0.00632875
 0.00113394   0.0501003    0.131854 -0.00830426
   0.272039  0.00632875 -0.00830426    0.321149
IMAGINARY
          0  0.00417603    0.008033  -0.0102155
-0.00417603           0  -0.0205248   -0.010584
  -0.008033   0.0205248           0  -0.0118291
  0.0102155    0.010584   0.0118291           0
Repeater1[0]<--->HoM1[0]
REAL
   0.467405  -0.0065335 0.000714081    0.328609
 -0.0065335   0.0750308   0.0449683  -0.0329518
0.000714081   0.0449683   0.0885609  -0.0105335
   0.328609  -0.0329518  -0.0105335    0.369004
IMAGINARY
          0  -0.0139324  0.00784979  -0.0253652
  0.0139324           0  0.00940094   0.0106199
-0.00784979 -0.00940094           0  -0.0177299
  0.0253652  -0.0106199   0.0177299           0
EndNode1[0]<--->Repeater1[0]
REAL
   0.464239   0.0279658   0.0105013    0.267664
  0.0279658    0.110533   0.0135453 -0.00342277
  0.0105013   0.0135453    0.109233  -0.0131653
   0.267664 -0.00342277  -0.0131653    0.315995
IMAGINARY
           0   0.00519492   -0.0104587    0.0143575
 -0.00519492            0 -0.000254944  -0.00918643
   0.0104587  0.000254944            0    0.0119153
  -0.0143575   0.00918643   -0.0119153            0
EndNode2[0]<--->HoM1[0]
REAL
   0.421118 -0.00772813    0.011571    0.329843
-0.00772813   0.0807453   0.0208837  -0.0069475
   0.011571   0.0208837    0.135404   0.0136726
   0.329843  -0.0069475   0.0136726    0.362733
IMAGINARY
          0 -0.00955204  0.00683853   0.0121442
 0.00955204           0  0.00061093   0.0214882
-0.00683853 -0.00061093           0 -0.00955204
 -0.0121442  -0.0214882  0.00955204           0
Repeater1[0]<--->EndNode1[0]
REAL
   0.464239   0.0105013   0.0279658    0.267664
  0.0105013    0.109233   0.0135453  -0.0131653
  0.0279658   0.0135453    0.110533 -0.00342277
   0.267664  -0.0131653 -0.00342277    0.315995
IMAGINARY
           0   -0.0104587   0.00519492    0.0143575
   0.0104587            0  0.000254944    0.0119153
 -0.00519492 -0.000254944            0  -0.00918643
  -0.0143575   -0.0119153   0.00918643            0
Repeater1[0]<--->HoM1[0]
REAL
   0.421118    0.011571 -0.00772813    0.329843
   0.011571    0.135404   0.0208837   0.0136726
-0.00772813   0.0208837   0.0807453  -0.0069475
   0.329843   0.0136726  -0.0069475    0.362733
IMAGINARY
          0  0.00683853 -0.00955204   0.0121442
-0.00683853           0 -0.00061093 -0.00955204
 0.00955204  0.00061093           0   0.0214882
 -0.0121442  0.00955204  -0.0214882           0
EndNode1[0]<--->Repeater1[0]
REAL
   0.438257   0.0140338 -0.00684581    0.273617
  0.0140338    0.113801   0.0298589  0.00149822
-0.00684581   0.0298589   0.0920097   0.0167148
   0.273617  0.00149822   0.0167148    0.355932
IMAGINARY
          0 -0.00566719 -0.00106635  -0.0236345
 0.00566719           0 -0.00822829  -0.0140453
 0.00106635  0.00822829           0   0.0036961
  0.0236345   0.0140453  -0.0036961           0
EndNode2[0]<--->HoM1[0]
REAL
   0.427696  0.00268177  0.00301983    0.342915
 0.00268177   0.0870098   0.0168861 -0.00798261
 0.00301983   0.0168861    0.102941   -0.026255
   0.342915 -0.00798261   -0.026255    0.382353
IMAGINARY
           0   0.00760245    0.0112219 -0.000816386
 -0.00760245            0   -0.0203476  -0.00126171
  -0.0112219    0.0203476            0   -0.0135785
 0.000816386   0.00126171    0.0135785            0
Repeater1[0]<--->EndNode1[0]
REAL
   0.438257 -0.00684581   0.0140338    0.273617
-0.00684581   0.0920097   0.0298589   0.0167148
  0.0140338   0.0298589    0.113801  0.00149822
   0.273617   0.0167148  0.00149822    0.355932
IMAGINARY
          0 -0.00106635 -0.00566719  -0.0236345
 0.00106635           0  0.00822829   0.0036961
 0.00566719 -0.00822829           0  -0.0140453
  0.0236345  -0.0036961   0.0140453           0
Repeater1[0]<--->HoM1[0]
REAL
   0.427696  0.00301983  0.00268177    0.342915
 0.00301983    0.102941   0.0168861   -0.026255
 0.00268177   0.0168861   0.0870098 -0.00798261
   0.342915   -0.026255 -0.00798261    0.382353
IMAGINARY
           0    0.0112219   0.00760245 -0.000816386
  -0.0112219            0    0.0203476   -0.0135785
 -0.00760245   -0.0203476            0  -0.00126171
 0.000816386    0.0135785   0.00126171            0
