EndNode1[0]<--->Repeater1[0]
REAL
    0.45746   0.0307039   0.0236201    0.207202
  0.0307039    0.175092 0.000145095  -0.0055628
  0.0236201 0.000145095    0.127004  -0.0114013
   0.207202  -0.0055628  -0.0114013    0.240444
IMAGINARY
           0   -0.0139072   -0.0152434  0.000776409
   0.0139072            0   0.00639439    -0.022706
   0.0152434  -0.00639439            0   0.00924674
-0.000776409     0.022706  -0.00924674            0
EndNode2[0]<--->HoM1[0]
REAL
   0.467192  -0.0166208  -0.0179632    0.279634
 -0.0166208    0.111549   0.0213926 -0.00321785
 -0.0179632   0.0213926     0.11811  0.00956051
   0.279634 -0.00321785  0.00956051     0.30315
IMAGINARY
          0 -0.00877036   0.0126273   0.0144845
 0.00877036           0  0.00985487   0.0062982
 -0.0126273 -0.00985487           0   0.0142649
 -0.0144845  -0.0062982  -0.0142649           0
Repeater1[0]<--->EndNode1[0]
REAL
    0.45746   0.0236201   0.0307039    0.207202
  0.0236201    0.127004 0.000145095  -0.0114013
  0.0307039 0.000145095    0.175092  -0.0055628
   0.207202  -0.0114013  -0.0055628    0.240444
IMAGINARY
           0   -0.0152434   -0.0139072  0.000776409
   0.0152434            0  -0.00639439   0.00924674
   0.0139072   0.00639439            0    -0.022706
-0.000776409  -0.00924674     0.022706            0
Repeater1[0]<--->HoM1[0]
REAL
   0.467192  -0.0179632  -0.0166208    0.279634
 -0.0179632     0.11811   0.0213926  0.00956051
 -0.0166208   0.0213926    0.111549 -0.00321785
   0.279634  0.00956051 -0.00321785     0.30315
IMAGINARY
          0   0.0126273 -0.00877036   0.0144845
 -0.0126273           0 -0.00985487   0.0142649
 0.00877036  0.00985487           0   0.0062982
 -0.0144845  -0.0142649  -0.0062982           0
EndNode1[0]<--->Repeater1[0]
REAL
   0.474083   0.0185357 -0.00847097    0.211711
  0.0185357    0.165613   0.0441751  0.00165561
-0.00847097   0.0441751    0.125158  -0.0141986
   0.211711  0.00165561  -0.0141986    0.235145
IMAGINARY
           0  -0.00513756   -0.0035981  0.000315562
  0.00513756            0   -0.0213129   -0.0100916
   0.0035981    0.0213129            0    0.0149159
-0.000315562    0.0100916   -0.0149159            0
EndNode2[0]<--->HoM1[0]
REAL
   0.426415 -0.00251276  0.00244898    0.264594
-0.00251276     0.10566    0.035151 -0.00755102
 0.00244898    0.035151    0.133333  0.00123724
   0.264594 -0.00755102  0.00123724    0.334591
IMAGINARY
           0 -0.000530504  -0.00859269  -0.00708803
 0.000530504            0   0.00964557   0.00196139
  0.00859269  -0.00964557            0    0.0071618
  0.00708803  -0.00196139   -0.0071618            0
Repeater1[0]<--->EndNode1[0]
REAL
   0.474083 -0.00847097   0.0185357    0.211711
-0.00847097    0.125158   0.0441751  -0.0141986
  0.0185357   0.0441751    0.165613  0.00165561
   0.211711  -0.0141986  0.00165561    0.235145
IMAGINARY
           0   -0.0035981  -0.00513756  0.000315562
   0.0035981            0    0.0213129    0.0149159
  0.00513756   -0.0213129            0   -0.0100916
-0.000315562   -0.0149159    0.0100916            0
Repeater1[0]<--->HoM1[0]
REAL
   0.426415  0.00244898 -0.00251276    0.264594
 0.00244898    0.133333    0.035151  0.00123724
-0.00251276    0.035151     0.10566 -0.00755102
   0.264594  0.00123724 -0.00755102    0.334591
IMAGINARY
           0  -0.00859269 -0.000530504  -0.00708803
  0.00859269            0  -0.00964557    0.0071618
 0.000530504   0.00964557            0   0.00196139
  0.00708803   -0.0071618  -0.00196139            0
