EndNode1[0]<--->Repeater1[0]
REAL
   0.445609  0.00615206  0.00991935    0.314534
 0.00615206   0.0484928   0.0179657 -0.00491935
 0.00991935   0.0179657   0.0380079 -0.00115206
   0.314534 -0.00491935 -0.00115206     0.46789
IMAGINARY
          0    0.010231  -0.0328303  0.00336153
  -0.010231           0 -0.00271134  -0.0296697
  0.0328303  0.00271134           0   0.0228572
-0.00336153   0.0296697  -0.0228572           0
EndNode2[0]<--->HoM1[0]
REAL
   0.458333  0.00393219  -0.0190469    0.317704
 0.00393219   0.0483871 -0.00635822  0.00981212
 -0.0190469 -0.00635822   0.0416667 -0.00920924
   0.317704  0.00981212 -0.00920924    0.451613
IMAGINARY
          0   0.0148647  -0.0122814   0.0179883
 -0.0148647           0  0.00333867  -0.0155323
  0.0122814 -0.00333867           0    0.012949
 -0.0179883   0.0155323   -0.012949           0
Repeater1[0]<--->EndNode1[0]
REAL
   0.445609  0.00991935  0.00615206    0.314534
 0.00991935   0.0380079   0.0179657 -0.00115206
 0.00615206   0.0179657   0.0484928 -0.00491935
   0.314534 -0.00115206 -0.00491935     0.46789
IMAGINARY
          0  -0.0328303    0.010231  0.00336153
  0.0328303           0  0.00271134   0.0228572
  -0.010231 -0.00271134           0  -0.0296697
-0.00336153  -0.0228572   0.0296697           0
Repeater1[0]<--->HoM1[0]
REAL
   0.458333  -0.0190469  0.00393219    0.317704
 -0.0190469   0.0416667 -0.00635822 -0.00920924
 0.00393219 -0.00635822   0.0483871  0.00981212
   0.317704 -0.00920924  0.00981212    0.451613
IMAGINARY
          0  -0.0122814   0.0148647   0.0179883
  0.0122814           0 -0.00333867    0.012949
 -0.0148647  0.00333867           0  -0.0155323
 -0.0179883   -0.012949   0.0155323           0
EndNode1[0]<--->Repeater1[0]
REAL
   0.483676 -0.00514515  -0.0243164    0.325016
-0.00514515   0.0471584    0.014002  0.00317047
 -0.0243164    0.014002   0.0459492  -0.0160008
   0.325016  0.00317047  -0.0160008    0.423216
IMAGINARY
           0   0.00191767  0.000535186    0.0282406
 -0.00191767            0  -0.00124829  -0.00616723
-0.000535186   0.00124829            0   0.00997219
  -0.0282406   0.00616723  -0.00997219            0
EndNode2[0]<--->HoM1[0]
REAL
   0.442786   0.0192611 0.000805676    0.298937
  0.0192611   0.0485075   0.0138775   0.0318576
0.000805676   0.0138775   0.0572139   0.0121459
   0.298937   0.0318576   0.0121459    0.451493
IMAGINARY
          0  0.00595657  -0.0218912 -0.00180021
-0.00595657           0  -0.0213957 -0.00497644
  0.0218912   0.0213957           0   0.0209111
 0.00180021  0.00497644  -0.0209111           0
Repeater1[0]<--->EndNode1[0]
REAL
   0.483676  -0.0243164 -0.00514515    0.325016
 -0.0243164   0.0459492    0.014002  -0.0160008
-0.00514515    0.014002   0.0471584  0.00317047
   0.325016  -0.0160008  0.00317047    0.423216
IMAGINARY
           0  0.000535186   0.00191767    0.0282406
-0.000535186            0   0.00124829   0.00997219
 -0.00191767  -0.00124829            0  -0.00616723
  -0.0282406  -0.00997219   0.00616723            0
Repeater1[0]<--->HoM1[0]
REAL
   0.442786 0.000805676   0.0192611    0.298937
0.000805676   0.0572139   0.0138775   0.0121459
  0.0192611   0.0138775   0.0485075   0.0318576
   0.298937   0.0121459   0.0318576    0.451493
IMAGINARY
          0  -0.0218912  0.00595657 -0.00180021
  0.0218912           0   0.0213957   0.0209111
-0.00595657  -0.0213957           0 -0.00497644
 0.00180021  -0.0209111  0.00497644           0
EndNode1[0]<--->Repeater1[0]
REAL
   0.460177 -0.00304145  -0.0143717    0.323952
-0.00304145   0.0543616  0.00647161 -0.00433154
 -0.0143717  0.00647161    0.045512   -0.013168
   0.323952 -0.00433154   -0.013168    0.439949
IMAGINARY
           0  -0.00572697   0.00558495 -0.000739984
  0.00572697            0    0.0142535   0.00212713
 -0.00558495   -0.0142535            0   0.00315628
 0.000739984  -0.00212713  -0.00315628            0
EndNode2[0]<--->HoM1[0]
REAL
   0.453846  0.00536743   0.0168435    0.319438
 0.00536743   0.0435897 -0.00378797 -0.00623342
  0.0168435 -0.00378797   0.0576923 -0.00404117
   0.319438 -0.00623342 -0.00404117    0.444872
IMAGINARY
          0 -0.00420182  -0.0164951 -0.00219326
 0.00420182           0  -0.0143884   0.0158499
  0.0164951   0.0143884           0 -0.00676592
 0.00219326  -0.0158499  0.00676592           0
Repeater1[0]<--->EndNode1[0]
REAL
   0.460177  -0.0143717 -0.00304145    0.323952
 -0.0143717    0.045512  0.00647161   -0.013168
-0.00304145  0.00647161   0.0543616 -0.00433154
   0.323952   -0.013168 -0.00433154    0.439949
IMAGINARY
           0   0.00558495  -0.00572697 -0.000739984
 -0.00558495            0   -0.0142535   0.00315628
  0.00572697    0.0142535            0   0.00212713
 0.000739984  -0.00315628  -0.00212713            0
Repeater1[0]<--->HoM1[0]
REAL
   0.453846   0.0168435  0.00536743    0.319438
  0.0168435   0.0576923 -0.00378797 -0.00404117
 0.00536743 -0.00378797   0.0435897 -0.00623342
   0.319438 -0.00404117 -0.00623342    0.444872
IMAGINARY
          0  -0.0164951 -0.00420182 -0.00219326
  0.0164951           0   0.0143884 -0.00676592
 0.00420182  -0.0143884           0   0.0158499
 0.00219326  0.00676592  -0.0158499           0
EndNode1[0]<--->Repeater1[0]
REAL
   0.466581 -0.00723526  0.00740593    0.305418
-0.00723526   0.0372751  0.00309253   0.0195027
 0.00740593  0.00309253   0.0398458   0.0278861
   0.305418   0.0195027   0.0278861    0.456298
IMAGINARY
          0  -0.0064159    0.016496  0.00583198
  0.0064159           0   0.0136649  0.00934382
  -0.016496  -0.0136649           0 -0.00262802
-0.00583198 -0.00934382  0.00262802           0
EndNode2[0]<--->HoM1[0]
REAL
  0.467162  0.0127262  0.0235493   0.332492
 0.0127262  0.0594796  0.0105927 0.00969539
 0.0235493  0.0105927  0.0433705  0.0205184
  0.332492 0.00969539  0.0205184   0.429988
IMAGINARY
           0   0.00587012    0.0103198  9.89246e-05
 -0.00587012            0  -0.00938274   -0.0155968
  -0.0103198   0.00938274            0    0.0218344
-9.89246e-05    0.0155968   -0.0218344            0
Repeater1[0]<--->EndNode1[0]
REAL
   0.466581  0.00740593 -0.00723526    0.305418
 0.00740593   0.0398458  0.00309253   0.0278861
-0.00723526  0.00309253   0.0372751   0.0195027
   0.305418   0.0278861   0.0195027    0.456298
IMAGINARY
          0    0.016496  -0.0064159  0.00583198
  -0.016496           0  -0.0136649 -0.00262802
  0.0064159   0.0136649           0  0.00934382
-0.00583198  0.00262802 -0.00934382           0
Repeater1[0]<--->HoM1[0]
REAL
  0.467162  0.0235493  0.0127262   0.332492
 0.0235493  0.0433705  0.0105927  0.0205184
 0.0127262  0.0105927  0.0594796 0.00969539
  0.332492  0.0205184 0.00969539   0.429988
IMAGINARY
           0    0.0103198   0.00587012  9.89246e-05
  -0.0103198            0   0.00938274    0.0218344
 -0.00587012  -0.00938274            0   -0.0155968
-9.89246e-05   -0.0218344    0.0155968            0
EndNode1[0]<--->Repeater1[0]
REAL
   0.450649   0.0102287   0.0228737    0.320267
  0.0102287   0.0480519   0.0258866  -0.0100532
  0.0228737   0.0258866   0.0506494 -0.00010723
   0.320267  -0.0100532 -0.00010723    0.450649
IMAGINARY
          0  -0.0173277   0.0161574   0.0192188
  0.0173277           0  -0.0135154 -0.00274743
 -0.0161574   0.0135154           0  0.00519485
 -0.0192188  0.00274743 -0.00519485           0
EndNode2[0]<--->HoM1[0]
REAL
   0.46863 -0.0077943 -0.0159058   0.322616
-0.0077943  0.0550576  0.0134055 0.00515314
-0.0159058  0.0134055   0.049936  0.0104825
  0.322616 0.00515314  0.0104825   0.426376
IMAGINARY
          0  0.00462951  -0.0152116 -0.00727024
-0.00462951           0  -0.0148652   0.0138958
  0.0152116   0.0148652           0  -0.0125242
 0.00727024  -0.0138958   0.0125242           0
Repeater1[0]<--->EndNode1[0]
REAL
   0.450649   0.0228737   0.0102287    0.320267
  0.0228737   0.0506494   0.0258866 -0.00010723
  0.0102287   0.0258866   0.0480519  -0.0100532
   0.320267 -0.00010723  -0.0100532    0.450649
IMAGINARY
          0   0.0161574  -0.0173277   0.0192188
 -0.0161574           0   0.0135154  0.00519485
  0.0173277  -0.0135154           0 -0.00274743
 -0.0192188 -0.00519485  0.00274743           0
Repeater1[0]<--->HoM1[0]
REAL
   0.46863 -0.0159058 -0.0077943   0.322616
-0.0159058   0.049936  0.0134055  0.0104825
-0.0077943  0.0134055  0.0550576 0.00515314
  0.322616  0.0104825 0.00515314   0.426376
IMAGINARY
          0  -0.0152116  0.00462951 -0.00727024
  0.0152116           0   0.0148652  -0.0125242
-0.00462951  -0.0148652           0   0.0138958
 0.00727024   0.0125242  -0.0138958           0
EndNode1[0]<--->Repeater1[0]
REAL
   0.456522  -0.0101022   -0.011811    0.301629
 -0.0101022   0.0461957    0.012019   0.0209974
  -0.011811    0.012019   0.0502717 -0.00170887
   0.301629   0.0209974 -0.00170887    0.447011
IMAGINARY
           0  -0.00193026   0.00763675  -0.00162205
  0.00193026            0   0.00554875  0.000155456
 -0.00763675  -0.00554875            0   -0.0162516
  0.00162205 -0.000155456    0.0162516            0
EndNode2[0]<--->HoM1[0]
REAL
   0.458278  -0.0165396  -0.0170724    0.318995
 -0.0165396   0.0423841  0.00703945  0.00612349
 -0.0170724  0.00703945   0.0357616 -0.00779129
   0.318995  0.00612349 -0.00779129    0.463576
IMAGINARY
          0   0.0152928  0.00616193   0.0128302
 -0.0152928           0 -0.00716981  -0.0030486
-0.00616193  0.00716981           0 -0.00221688
 -0.0128302   0.0030486  0.00221688           0
Repeater1[0]<--->EndNode1[0]
REAL
   0.456522   -0.011811  -0.0101022    0.301629
  -0.011811   0.0502717    0.012019 -0.00170887
 -0.0101022    0.012019   0.0461957   0.0209974
   0.301629 -0.00170887   0.0209974    0.447011
IMAGINARY
           0   0.00763675  -0.00193026  -0.00162205
 -0.00763675            0  -0.00554875   -0.0162516
  0.00193026   0.00554875            0  0.000155456
  0.00162205    0.0162516 -0.000155456            0
Repeater1[0]<--->HoM1[0]
REAL
   0.458278  -0.0170724  -0.0165396    0.318995
 -0.0170724   0.0357616  0.00703945 -0.00779129
 -0.0165396  0.00703945   0.0423841  0.00612349
   0.318995 -0.00779129  0.00612349    0.463576
IMAGINARY
          0  0.00616193   0.0152928   0.0128302
-0.00616193           0  0.00716981 -0.00221688
 -0.0152928 -0.00716981           0  -0.0030486
 -0.0128302  0.00221688   0.0030486           0
EndNode1[0]<--->Repeater1[0]
REAL
   0.464736 -0.00963625 -0.00853569     0.32932
-0.00963625   0.0604534  -0.0156211 -0.00242322
-0.00853569  -0.0156211   0.0403023  0.00141707
    0.32932 -0.00242322  0.00141707    0.434509
IMAGINARY
          0   0.0114903  0.00303593   0.0363244
 -0.0114903           0 -0.00712729  -0.0142054
-0.00303593  0.00712729           0  0.00756359
 -0.0363244   0.0142054 -0.00756359           0
EndNode2[0]<--->HoM1[0]
REAL
  0.443022 -0.0121795 -0.0136886   0.335865
-0.0121795  0.0396927 0.00355136  0.0161217
-0.0136886 0.00355136  0.0422535  0.0121795
  0.335865  0.0161217  0.0121795   0.475032
IMAGINARY
           0  -0.00837455   -0.0150382  0.000585987
  0.00837455            0    0.0114852   0.00953022
   0.0150382   -0.0114852            0  -0.00202937
-0.000585987  -0.00953022   0.00202937            0
Repeater1[0]<--->EndNode1[0]
REAL
   0.464736 -0.00853569 -0.00963625     0.32932
-0.00853569   0.0403023  -0.0156211  0.00141707
-0.00963625  -0.0156211   0.0604534 -0.00242322
    0.32932  0.00141707 -0.00242322    0.434509
IMAGINARY
          0  0.00303593   0.0114903   0.0363244
-0.00303593           0  0.00712729  0.00756359
 -0.0114903 -0.00712729           0  -0.0142054
 -0.0363244 -0.00756359   0.0142054           0
Repeater1[0]<--->HoM1[0]
REAL
  0.443022 -0.0136886 -0.0121795   0.335865
-0.0136886  0.0422535 0.00355136  0.0121795
-0.0121795 0.00355136  0.0396927  0.0161217
  0.335865  0.0121795  0.0161217   0.475032
IMAGINARY
           0   -0.0150382  -0.00837455  0.000585987
   0.0150382            0   -0.0114852  -0.00202937
  0.00837455    0.0114852            0   0.00953022
-0.000585987   0.00202937  -0.00953022            0
EndNode1[0]<--->Repeater1[0]
REAL
   0.43461     0.0185 -0.0066531   0.313832
    0.0185  0.0475561 0.00827686  0.0263481
-0.0066531 0.00827686  0.0713342 -0.0013463
  0.313832  0.0263481 -0.0013463   0.446499
IMAGINARY
          0 -0.00441919  -0.0134001  0.00858178
 0.00441919           0   -0.018935   0.0121375
  0.0134001    0.018935           0 -0.00441919
-0.00858178  -0.0121375  0.00441919           0
EndNode2[0]<--->HoM1[0]
REAL
   0.438551 -0.00374573    0.010169    0.318086
-0.00374573   0.0504528  0.00219669  -0.0159456
   0.010169  0.00219669   0.0530401  -0.0071657
   0.318086  -0.0159456  -0.0071657    0.457956
IMAGINARY
          0   0.0098674   0.0153528  0.00752983
 -0.0098674           0   0.0108946  0.00167118
 -0.0153528  -0.0108946           0  -0.0193252
-0.00752983 -0.00167118   0.0193252           0
Repeater1[0]<--->EndNode1[0]
REAL
   0.43461 -0.0066531     0.0185   0.313832
-0.0066531  0.0713342 0.00827686 -0.0013463
    0.0185 0.00827686  0.0475561  0.0263481
  0.313832 -0.0013463  0.0263481   0.446499
IMAGINARY
          0  -0.0134001 -0.00441919  0.00858178
  0.0134001           0    0.018935 -0.00441919
 0.00441919   -0.018935           0   0.0121375
-0.00858178  0.00441919  -0.0121375           0
Repeater1[0]<--->HoM1[0]
REAL
   0.438551    0.010169 -0.00374573    0.318086
   0.010169   0.0530401  0.00219669  -0.0071657
-0.00374573  0.00219669   0.0504528  -0.0159456
   0.318086  -0.0071657  -0.0159456    0.457956
IMAGINARY
          0   0.0153528   0.0098674  0.00752983
 -0.0153528           0  -0.0108946  -0.0193252
 -0.0098674   0.0108946           0  0.00167118
-0.00752983   0.0193252 -0.00167118           0
EndNode1[0]<--->Repeater1[0]
REAL
    0.446863  -0.00871974   -0.0057425     0.301148
 -0.00871974    0.0524968   0.00589224 -0.000124518
  -0.0057425   0.00589224    0.0422535   0.00546029
    0.301148 -0.000124518   0.00546029     0.458387
IMAGINARY
           0   0.00253684  -0.00625101   0.00285281
 -0.00253684            0   -0.0075257  -0.00560916
  0.00625101    0.0075257            0 -0.000664183
 -0.00285281   0.00560916  0.000664183            0
EndNode2[0]<--->HoM1[0]
REAL
  0.445609 0.00902519 -0.0055547   0.314657
0.00902519  0.0406291 0.00364344 -0.0068636
-0.0055547 0.00364344  0.0484928 -0.0149075
  0.314657 -0.0068636 -0.0149075   0.465269
IMAGINARY
          0  0.00440157  -0.0198805 -0.00301995
-0.00440157           0  0.00751289      0.0155
  0.0198805 -0.00751289           0   0.0212555
 0.00301995     -0.0155  -0.0212555           0
Repeater1[0]<--->EndNode1[0]
REAL
    0.446863   -0.0057425  -0.00871974     0.301148
  -0.0057425    0.0422535   0.00589224   0.00546029
 -0.00871974   0.00589224    0.0524968 -0.000124518
    0.301148   0.00546029 -0.000124518     0.458387
IMAGINARY
           0  -0.00625101   0.00253684   0.00285281
  0.00625101            0    0.0075257 -0.000664183
 -0.00253684   -0.0075257            0  -0.00560916
 -0.00285281  0.000664183   0.00560916            0
Repeater1[0]<--->HoM1[0]
REAL
  0.445609 -0.0055547 0.00902519   0.314657
-0.0055547  0.0484928 0.00364344 -0.0149075
0.00902519 0.00364344  0.0406291 -0.0068636
  0.314657 -0.0149075 -0.0068636   0.465269
IMAGINARY
          0  -0.0198805  0.00440157 -0.00301995
  0.0198805           0 -0.00751289   0.0212555
-0.00440157  0.00751289           0      0.0155
 0.00301995  -0.0212555     -0.0155           0
EndNode1[0]<--->Repeater1[0]
REAL
    0.43125  0.00955366 -0.00503065    0.305071
 0.00955366     0.04625   0.0146439   0.0147583
-0.00503065   0.0146439     0.05375   0.0196292
   0.305071   0.0147583   0.0196292     0.46875
IMAGINARY
           0 -0.000699142  -0.00839127  -0.00506993
 0.000699142            0    0.0141608   0.00515712
  0.00839127   -0.0141608            0    -0.014178
  0.00506993  -0.00515712     0.014178            0
EndNode2[0]<--->HoM1[0]
REAL
   0.471178 -0.00118629 -0.00197321    0.327756
-0.00118629   0.0350877 -0.00122556  0.00324872
-0.00197321 -0.00122556   0.0601504  -0.0128443
   0.327756  0.00324872  -0.0128443    0.433584
IMAGINARY
          0 -0.00154389 -0.00583468   0.0110394
 0.00154389           0   0.0123981 -0.00460919
 0.00583468  -0.0123981           0   0.0211261
 -0.0110394  0.00460919  -0.0211261           0
Repeater1[0]<--->EndNode1[0]
REAL
    0.43125 -0.00503065  0.00955366    0.305071
-0.00503065     0.05375   0.0146439   0.0196292
 0.00955366   0.0146439     0.04625   0.0147583
   0.305071   0.0196292   0.0147583     0.46875
IMAGINARY
           0  -0.00839127 -0.000699142  -0.00506993
  0.00839127            0   -0.0141608    -0.014178
 0.000699142    0.0141608            0   0.00515712
  0.00506993     0.014178  -0.00515712            0
Repeater1[0]<--->HoM1[0]
REAL
   0.471178 -0.00197321 -0.00118629    0.327756
-0.00197321   0.0601504 -0.00122556  -0.0128443
-0.00118629 -0.00122556   0.0350877  0.00324872
   0.327756  -0.0128443  0.00324872    0.433584
IMAGINARY
          0 -0.00583468 -0.00154389   0.0110394
 0.00583468           0  -0.0123981   0.0211261
 0.00154389   0.0123981           0 -0.00460919
 -0.0110394  -0.0211261  0.00460919           0
EndNode1[0]<--->Repeater1[0]
REAL
     0.48996  -0.00642098   0.00215067     0.318478
 -0.00642098    0.0307898 -0.000783422    0.0166161
  0.00215067 -0.000783422    0.0441767    0.0117829
    0.318478    0.0166161    0.0117829     0.435074
IMAGINARY
          0  0.00344445  -0.0124094  0.00869705
-0.00344445           0  -0.0123556   0.0203249
  0.0124094   0.0123556           0  -0.0179563
-0.00869705  -0.0203249   0.0179563           0
EndNode2[0]<--->HoM1[0]
REAL
   0.482166  0.00170068  -0.0284864    0.301974
 0.00170068   0.0396301 -0.00605587   0.0131803
 -0.0284864 -0.00605587   0.0396301  -0.0221088
   0.301974   0.0131803  -0.0221088    0.438573
IMAGINARY
          0  0.00103465   0.0117976  0.00782541
-0.00103465           0   0.0104992   0.0164333
 -0.0117976  -0.0104992           0  -0.0104449
-0.00782541  -0.0164333   0.0104449           0
Repeater1[0]<--->EndNode1[0]
REAL
     0.48996   0.00215067  -0.00642098     0.318478
  0.00215067    0.0441767 -0.000783422    0.0117829
 -0.00642098 -0.000783422    0.0307898    0.0166161
    0.318478    0.0117829    0.0166161     0.435074
IMAGINARY
          0  -0.0124094  0.00344445  0.00869705
  0.0124094           0   0.0123556  -0.0179563
-0.00344445  -0.0123556           0   0.0203249
-0.00869705   0.0179563  -0.0203249           0
Repeater1[0]<--->HoM1[0]
REAL
   0.482166  -0.0284864  0.00170068    0.301974
 -0.0284864   0.0396301 -0.00605587  -0.0221088
 0.00170068 -0.00605587   0.0396301   0.0131803
   0.301974  -0.0221088   0.0131803    0.438573
IMAGINARY
          0   0.0117976  0.00103465  0.00782541
 -0.0117976           0  -0.0104992  -0.0104449
-0.00103465   0.0104992           0   0.0164333
-0.00782541   0.0104449  -0.0164333           0
EndNode1[0]<--->Repeater1[0]
REAL
   0.458281  -0.0134046  0.00442676    0.321307
 -0.0134046   0.0547945 -0.00254109 -0.00956815
 0.00442676 -0.00254109   0.0660025  0.00440714
   0.321307 -0.00956815  0.00440714    0.420922
IMAGINARY
          0   0.0288061  -0.0230352    0.016873
 -0.0288061           0   -0.009101  -0.0230352
  0.0230352    0.009101           0  0.00371426
  -0.016873   0.0230352 -0.00371426           0
EndNode2[0]<--->HoM1[0]
REAL
  0.430968 -0.0106966 0.00318861   0.315728
-0.0106966  0.0606452  0.0133323 0.00963191
0.00318861  0.0133323  0.0477419  0.0186331
  0.315728 0.00963191  0.0186331   0.460645
IMAGINARY
          0  0.00647295  0.00683229  0.00089018
-0.00647295           0  -0.0181316  0.00813777
-0.00683229   0.0181316           0 -0.00108373
-0.00089018 -0.00813777  0.00108373           0
Repeater1[0]<--->EndNode1[0]
REAL
   0.458281  0.00442676  -0.0134046    0.321307
 0.00442676   0.0660025 -0.00254109  0.00440714
 -0.0134046 -0.00254109   0.0547945 -0.00956815
   0.321307  0.00440714 -0.00956815    0.420922
IMAGINARY
          0  -0.0230352   0.0288061    0.016873
  0.0230352           0    0.009101  0.00371426
 -0.0288061   -0.009101           0  -0.0230352
  -0.016873 -0.00371426   0.0230352           0
Repeater1[0]<--->HoM1[0]
REAL
  0.430968 0.00318861 -0.0106966   0.315728
0.00318861  0.0477419  0.0133323  0.0186331
-0.0106966  0.0133323  0.0606452 0.00963191
  0.315728  0.0186331 0.00963191   0.460645
IMAGINARY
          0  0.00683229  0.00647295  0.00089018
-0.00683229           0   0.0181316 -0.00108373
-0.00647295  -0.0181316           0  0.00813777
-0.00089018  0.00108373 -0.00813777           0
EndNode1[0]<--->Repeater1[0]
REAL
   0.468293 -0.00474023  -0.0271538    0.304535
-0.00474023   0.0353659   0.0129746  0.00310938
 -0.0271538   0.0129746   0.0597561   0.0176872
   0.304535  0.00310938   0.0176872    0.436585
IMAGINARY
           0   0.00776764  0.000955405  0.000493065
 -0.00776764            0  -0.00424306  -0.00479172
-0.000955405   0.00424306            0    0.0178078
-0.000493065   0.00479172   -0.0178078            0
EndNode2[0]<--->HoM1[0]
REAL
    0.45808  -0.0141319  0.00167783     0.30494
 -0.0141319   0.0425273 -0.00682448  0.00841638
 0.00167783 -0.00682448   0.0388821 -0.00269179
    0.30494  0.00841638 -0.00269179     0.46051
IMAGINARY
          0   0.0268744 -0.00282675 -0.00879397
 -0.0268744           0  0.00879397  -0.0187419
 0.00282675 -0.00879397           0  -0.0236064
 0.00879397   0.0187419   0.0236064           0
Repeater1[0]<--->EndNode1[0]
REAL
   0.468293  -0.0271538 -0.00474023    0.304535
 -0.0271538   0.0597561   0.0129746   0.0176872
-0.00474023   0.0129746   0.0353659  0.00310938
   0.304535   0.0176872  0.00310938    0.436585
IMAGINARY
           0  0.000955405   0.00776764  0.000493065
-0.000955405            0   0.00424306    0.0178078
 -0.00776764  -0.00424306            0  -0.00479172
-0.000493065   -0.0178078   0.00479172            0
Repeater1[0]<--->HoM1[0]
REAL
    0.45808  0.00167783  -0.0141319     0.30494
 0.00167783   0.0388821 -0.00682448 -0.00269179
 -0.0141319 -0.00682448   0.0425273  0.00841638
    0.30494 -0.00269179  0.00841638     0.46051
IMAGINARY
          0 -0.00282675   0.0268744 -0.00879397
 0.00282675           0 -0.00879397  -0.0236064
 -0.0268744  0.00879397           0  -0.0187419
 0.00879397   0.0236064   0.0187419           0
EndNode1[0]<--->Repeater1[0]
REAL
    0.474343   0.00268097 -0.000511436     0.317037
  0.00268097    0.0475594   0.00065696   -0.0169148
-0.000511436   0.00065696    0.0450563   -0.0147453
    0.317037   -0.0169148   -0.0147453     0.433041
IMAGINARY
           0  0.000588106 -0.000128721   -0.0219728
-0.000588106            0  -0.00274203  -0.00317379
 0.000128721   0.00274203            0   0.00667742
   0.0219728   0.00317379  -0.00667742            0
EndNode2[0]<--->HoM1[0]
REAL
   0.478927   0.0299255  0.00890281    0.317166
  0.0299255   0.0523627 -0.00137679  0.00237539
 0.00890281 -0.00137679   0.0446999 -0.00736909
   0.317166  0.00237539 -0.00736909     0.42401
IMAGINARY
          0 -0.00217086  -0.0118783  0.00540742
 0.00217086           0 -0.00281002 -0.00732697
  0.0118783  0.00281002           0   0.0306477
-0.00540742  0.00732697  -0.0306477           0
Repeater1[0]<--->EndNode1[0]
REAL
    0.474343 -0.000511436   0.00268097     0.317037
-0.000511436    0.0450563   0.00065696   -0.0147453
  0.00268097   0.00065696    0.0475594   -0.0169148
    0.317037   -0.0147453   -0.0169148     0.433041
IMAGINARY
           0 -0.000128721  0.000588106   -0.0219728
 0.000128721            0   0.00274203   0.00667742
-0.000588106  -0.00274203            0  -0.00317379
   0.0219728  -0.00667742   0.00317379            0
Repeater1[0]<--->HoM1[0]
REAL
   0.478927  0.00890281   0.0299255    0.317166
 0.00890281   0.0446999 -0.00137679 -0.00736909
  0.0299255 -0.00137679   0.0523627  0.00237539
   0.317166 -0.00736909  0.00237539     0.42401
IMAGINARY
          0  -0.0118783 -0.00217086  0.00540742
  0.0118783           0  0.00281002   0.0306477
 0.00217086 -0.00281002           0 -0.00732697
-0.00540742  -0.0306477  0.00732697           0
EndNode1[0]<--->Repeater1[0]
REAL
   0.465718    0.019451   0.0117317    0.322797
   0.019451    0.068564   0.0105364  0.00795335
  0.0117317   0.0105364   0.0413972 -0.00370296
   0.322797  0.00795335 -0.00370296    0.424321
IMAGINARY
          0  -0.0197749  0.00731893   0.0113463
  0.0197749           0  -0.0100643    0.015031
-0.00731893   0.0100643           0  0.00125634
 -0.0113463   -0.015031 -0.00125634           0
EndNode2[0]<--->HoM1[0]
REAL
   0.461245   0.0220669   0.0268597     0.32598
  0.0220669   0.0571792 0.000602697   0.0301023
  0.0268597 0.000602697   0.0368488   0.0361609
    0.32598   0.0301023   0.0361609    0.444727
IMAGINARY
          0  0.00350106  -0.0171531 -0.00437969
-0.00350106           0  -0.0233981   0.0020777
  0.0171531   0.0233981           0   0.0153432
 0.00437969  -0.0020777  -0.0153432           0
Repeater1[0]<--->EndNode1[0]
REAL
   0.465718   0.0117317    0.019451    0.322797
  0.0117317   0.0413972   0.0105364 -0.00370296
   0.019451   0.0105364    0.068564  0.00795335
   0.322797 -0.00370296  0.00795335    0.424321
IMAGINARY
          0  0.00731893  -0.0197749   0.0113463
-0.00731893           0   0.0100643  0.00125634
  0.0197749  -0.0100643           0    0.015031
 -0.0113463 -0.00125634   -0.015031           0
Repeater1[0]<--->HoM1[0]
REAL
   0.461245   0.0268597   0.0220669     0.32598
  0.0268597   0.0368488 0.000602697   0.0361609
  0.0220669 0.000602697   0.0571792   0.0301023
    0.32598   0.0361609   0.0301023    0.444727
IMAGINARY
          0  -0.0171531  0.00350106 -0.00437969
  0.0171531           0   0.0233981   0.0153432
-0.00350106  -0.0233981           0   0.0020777
 0.00437969  -0.0153432  -0.0020777           0
EndNode1[0]<--->Repeater1[0]
REAL
   0.449937  -0.0154914 -0.00970825    0.317972
 -0.0154914   0.0519645   0.0160044  -0.0205363
-0.00970825   0.0160044   0.0468948  -0.0108922
   0.317972  -0.0205363  -0.0108922    0.451204
IMAGINARY
           0  -0.00022197    0.0116282     0.004132
  0.00022197            0    0.0154502  5.69311e-05
  -0.0116282   -0.0154502            0   0.00452701
   -0.004132 -5.69311e-05  -0.00452701            0
EndNode2[0]<--->HoM1[0]
REAL
     0.4487 0.000406381   0.0021848    0.309994
0.000406381   0.0424077    0.012284 0.000944108
  0.0021848    0.012284   0.0642955  0.00522566
   0.309994 0.000944108  0.00522566    0.444596
IMAGINARY
          0    0.020797   -0.001546  -0.0149864
  -0.020797           0   -0.027248  -0.0149934
   0.001546    0.027248           0 -0.00807437
  0.0149864   0.0149934  0.00807437           0
Repeater1[0]<--->EndNode1[0]
REAL
   0.449937 -0.00970825  -0.0154914    0.317972
-0.00970825   0.0468948   0.0160044  -0.0108922
 -0.0154914   0.0160044   0.0519645  -0.0205363
   0.317972  -0.0108922  -0.0205363    0.451204
IMAGINARY
           0    0.0116282  -0.00022197     0.004132
  -0.0116282            0   -0.0154502   0.00452701
  0.00022197    0.0154502            0  5.69311e-05
   -0.004132  -0.00452701 -5.69311e-05            0
Repeater1[0]<--->HoM1[0]
REAL
     0.4487   0.0021848 0.000406381    0.309994
  0.0021848   0.0642955    0.012284  0.00522566
0.000406381    0.012284   0.0424077 0.000944108
   0.309994  0.00522566 0.000944108    0.444596
IMAGINARY
          0   -0.001546    0.020797  -0.0149864
   0.001546           0    0.027248 -0.00807437
  -0.020797   -0.027248           0  -0.0149934
  0.0149864  0.00807437   0.0149934           0
EndNode1[0]<--->Repeater1[0]
REAL
   0.490862  0.00721117 -0.00362036    0.312957
 0.00721117   0.0430809 -0.00990738   0.0144209
-0.00362036 -0.00990738    0.037859  -0.0027639
   0.312957   0.0144209  -0.0027639    0.428198
IMAGINARY
           0 -0.000344828   -0.0117181    0.0137891
 0.000344828            0  0.000134977    0.0104618
   0.0117181 -0.000134977            0  0.000344828
  -0.0137891   -0.0104618 -0.000344828            0
EndNode2[0]<--->HoM1[0]
REAL
    0.47012 -0.00048688  -0.0270854    0.321764
-0.00048688   0.0385126  0.00778147 -0.00321761
 -0.0270854  0.00778147   0.0531208   -0.013402
   0.321764 -0.00321761   -0.013402    0.438247
IMAGINARY
           0   0.00400035 -0.000819599    0.0197346
 -0.00400035            0   0.00912449  -0.00479838
 0.000819599  -0.00912449            0  -0.00961833
  -0.0197346   0.00479838   0.00961833            0
Repeater1[0]<--->EndNode1[0]
REAL
   0.490862 -0.00362036  0.00721117    0.312957
-0.00362036    0.037859 -0.00990738  -0.0027639
 0.00721117 -0.00990738   0.0430809   0.0144209
   0.312957  -0.0027639   0.0144209    0.428198
IMAGINARY
           0   -0.0117181 -0.000344828    0.0137891
   0.0117181            0 -0.000134977  0.000344828
 0.000344828  0.000134977            0    0.0104618
  -0.0137891 -0.000344828   -0.0104618            0
Repeater1[0]<--->HoM1[0]
REAL
    0.47012  -0.0270854 -0.00048688    0.321764
 -0.0270854   0.0531208  0.00778147   -0.013402
-0.00048688  0.00778147   0.0385126 -0.00321761
   0.321764   -0.013402 -0.00321761    0.438247
IMAGINARY
           0 -0.000819599   0.00400035    0.0197346
 0.000819599            0  -0.00912449  -0.00961833
 -0.00400035   0.00912449            0  -0.00479838
  -0.0197346   0.00961833   0.00479838            0
EndNode1[0]<--->Repeater1[0]
REAL
    0.418719 -0.000982415   -0.0127299     0.319639
-0.000982415    0.0541872  0.000284266    0.0197542
  -0.0127299  0.000284266    0.0504926    0.0118381
    0.319639    0.0197542    0.0118381     0.476601
IMAGINARY
           0  -0.00825308    0.0180111 -0.000637756
  0.00825308            0  8.13464e-07   0.00973084
  -0.0180111 -8.13464e-07            0   -0.0169082
 0.000637756  -0.00973084    0.0169082            0
EndNode2[0]<--->HoM1[0]
REAL
   0.467742   0.0304411   0.0274476    0.302148
  0.0304411    0.047043   0.0098407 -0.00564928
  0.0274476   0.0098407   0.0497312   0.0131556
   0.302148 -0.00564928   0.0131556    0.435484
IMAGINARY
          0   -0.018993   0.0205029  -0.0073283
   0.018993           0  0.00369634   0.0230869
 -0.0205029 -0.00369634           0 -0.00151985
  0.0073283  -0.0230869  0.00151985           0
Repeater1[0]<--->EndNode1[0]
REAL
    0.418719   -0.0127299 -0.000982415     0.319639
  -0.0127299    0.0504926  0.000284266    0.0118381
-0.000982415  0.000284266    0.0541872    0.0197542
    0.319639    0.0118381    0.0197542     0.476601
IMAGINARY
           0    0.0180111  -0.00825308 -0.000637756
  -0.0180111            0 -8.13464e-07   -0.0169082
  0.00825308  8.13464e-07            0   0.00973084
 0.000637756    0.0169082  -0.00973084            0
Repeater1[0]<--->HoM1[0]
REAL
   0.467742   0.0274476   0.0304411    0.302148
  0.0274476   0.0497312   0.0098407   0.0131556
  0.0304411   0.0098407    0.047043 -0.00564928
   0.302148   0.0131556 -0.00564928    0.435484
IMAGINARY
          0   0.0205029   -0.018993  -0.0073283
 -0.0205029           0 -0.00369634 -0.00151985
   0.018993  0.00369634           0   0.0230869
  0.0073283  0.00151985  -0.0230869           0
EndNode1[0]<--->Repeater1[0]
REAL
   0.464844  0.00126317  -0.0186834    0.322058
 0.00126317   0.0416667   0.0184862 -0.00171214
 -0.0186834   0.0184862   0.0703125 -0.00311731
   0.322058 -0.00171214 -0.00311731    0.423177
IMAGINARY
           0  0.000938117    0.0079863   0.00788889
-0.000938117            0   -0.0148071    0.0047688
  -0.0079863    0.0148071            0   0.00416392
 -0.00788889   -0.0047688  -0.00416392            0
EndNode2[0]<--->HoM1[0]
REAL
   0.470085   0.0173995  0.00589975    0.321679
  0.0173995    0.032967 -0.00894461   0.0084573
 0.00589975 -0.00894461    0.043956  0.00944194
   0.321679   0.0084573  0.00944194    0.452991
IMAGINARY
          0  0.00490394  -0.0150499  -0.0104927
-0.00490394           0  -0.0074101   0.0109848
  0.0150499   0.0074101           0   0.0140662
  0.0104927  -0.0109848  -0.0140662           0
Repeater1[0]<--->EndNode1[0]
REAL
   0.464844  -0.0186834  0.00126317    0.322058
 -0.0186834   0.0703125   0.0184862 -0.00311731
 0.00126317   0.0184862   0.0416667 -0.00171214
   0.322058 -0.00311731 -0.00171214    0.423177
IMAGINARY
           0    0.0079863  0.000938117   0.00788889
  -0.0079863            0    0.0148071   0.00416392
-0.000938117   -0.0148071            0    0.0047688
 -0.00788889  -0.00416392   -0.0047688            0
Repeater1[0]<--->HoM1[0]
REAL
   0.470085  0.00589975   0.0173995    0.321679
 0.00589975    0.043956 -0.00894461  0.00944194
  0.0173995 -0.00894461    0.032967   0.0084573
   0.321679  0.00944194   0.0084573    0.452991
IMAGINARY
          0  -0.0150499  0.00490394  -0.0104927
  0.0150499           0   0.0074101   0.0140662
-0.00490394  -0.0074101           0   0.0109848
  0.0104927  -0.0140662  -0.0109848           0
EndNode1[0]<--->Repeater1[0]
REAL
    0.46789  0.00352482  0.00182465    0.312032
 0.00352482    0.051114  0.00268869  0.00959667
 0.00182465  0.00268869   0.0471822 0.000282282
   0.312032  0.00959667 0.000282282    0.433814
IMAGINARY
          0  0.00250351   0.0253131 -0.00102464
-0.00250351           0   0.0212267  -0.0114242
 -0.0253131  -0.0212267           0  -0.0100793
 0.00102464   0.0114242   0.0100793           0
EndNode2[0]<--->HoM1[0]
REAL
   0.477865 -0.00295878 0.000148439    0.308703
-0.00295878   0.0338542   0.0100633  -0.0142873
0.000148439   0.0100633   0.0403646  -0.0150361
   0.308703  -0.0142873  -0.0150361    0.447917
IMAGINARY
          0  0.00474105   0.0215912  0.00445062
-0.00474105           0 -0.00987067  -0.0249926
 -0.0215912  0.00987067           0  0.00410248
-0.00445062   0.0249926 -0.00410248           0
Repeater1[0]<--->EndNode1[0]
REAL
    0.46789  0.00182465  0.00352482    0.312032
 0.00182465   0.0471822  0.00268869 0.000282282
 0.00352482  0.00268869    0.051114  0.00959667
   0.312032 0.000282282  0.00959667    0.433814
IMAGINARY
          0   0.0253131  0.00250351 -0.00102464
 -0.0253131           0  -0.0212267  -0.0100793
-0.00250351   0.0212267           0  -0.0114242
 0.00102464   0.0100793   0.0114242           0
Repeater1[0]<--->HoM1[0]
REAL
   0.477865 0.000148439 -0.00295878    0.308703
0.000148439   0.0403646   0.0100633  -0.0150361
-0.00295878   0.0100633   0.0338542  -0.0142873
   0.308703  -0.0150361  -0.0142873    0.447917
IMAGINARY
          0   0.0215912  0.00474105  0.00445062
 -0.0215912           0  0.00987067  0.00410248
-0.00474105 -0.00987067           0  -0.0249926
-0.00445062 -0.00410248   0.0249926           0
EndNode1[0]<--->Repeater1[0]
REAL
   0.415854   0.0160667  0.00190939    0.309826
  0.0160667   0.0560976 -0.00337444  0.00260674
 0.00190939 -0.00337444    0.054878   0.0116752
   0.309826  0.00260674   0.0116752    0.473171
IMAGINARY
          0   -0.023192  0.00705905 -0.00720211
   0.023192           0   0.0116046  -0.0263617
-0.00705905  -0.0116046           0  0.00513473
 0.00720211   0.0263617 -0.00513473           0
EndNode2[0]<--->HoM1[0]
REAL
  0.423545 0.00928651  0.0104769    0.31767
0.00928651  0.0324763 0.00892698  0.0149469
 0.0104769 0.00892698  0.0595399 -0.0138497
   0.31767  0.0149469 -0.0138497   0.484438
IMAGINARY
          0  -0.0287001 -0.00325669  0.00586107
  0.0287001           0  0.00284539  0.00735505
 0.00325669 -0.00284539           0   0.0136728
-0.00586107 -0.00735505  -0.0136728           0
Repeater1[0]<--->EndNode1[0]
REAL
   0.415854  0.00190939   0.0160667    0.309826
 0.00190939    0.054878 -0.00337444   0.0116752
  0.0160667 -0.00337444   0.0560976  0.00260674
   0.309826   0.0116752  0.00260674    0.473171
IMAGINARY
          0  0.00705905   -0.023192 -0.00720211
-0.00705905           0  -0.0116046  0.00513473
   0.023192   0.0116046           0  -0.0263617
 0.00720211 -0.00513473   0.0263617           0
Repeater1[0]<--->HoM1[0]
REAL
  0.423545  0.0104769 0.00928651    0.31767
 0.0104769  0.0595399 0.00892698 -0.0138497
0.00928651 0.00892698  0.0324763  0.0149469
   0.31767 -0.0138497  0.0149469   0.484438
IMAGINARY
          0 -0.00325669  -0.0287001  0.00586107
 0.00325669           0 -0.00284539   0.0136728
  0.0287001  0.00284539           0  0.00735505
-0.00586107  -0.0136728 -0.00735505           0
EndNode1[0]<--->Repeater1[0]
REAL
    0.428198 -1.49074e-05  0.000634417     0.314147
-1.49074e-05    0.0535248   0.00672916  -0.00321174
 0.000634417   0.00672916    0.0496084    -0.011583
    0.314147  -0.00321174    -0.011583     0.468668
IMAGINARY
          0   0.0132158  0.00908054  -0.0074934
 -0.0132158           0  0.00510106  -0.0140734
-0.00908054 -0.00510106           0  -0.0153556
  0.0074934   0.0140734   0.0153556           0
EndNode2[0]<--->HoM1[0]
REAL
   0.485677 -0.00747672 -0.00652043    0.337921
-0.00747672   0.0351562  0.00843349 -0.00780248
-0.00652043  0.00843349   0.0455729  -0.0068462
   0.337921 -0.00780248  -0.0068462    0.433594
IMAGINARY
          0  -0.0344394   0.0273302 -0.00718942
  0.0344394           0   0.0109583   0.0226698
 -0.0273302  -0.0109583           0  -0.0194067
 0.00718942  -0.0226698   0.0194067           0
Repeater1[0]<--->EndNode1[0]
REAL
    0.428198  0.000634417 -1.49074e-05     0.314147
 0.000634417    0.0496084   0.00672916    -0.011583
-1.49074e-05   0.00672916    0.0535248  -0.00321174
    0.314147    -0.011583  -0.00321174     0.468668
IMAGINARY
          0  0.00908054   0.0132158  -0.0074934
-0.00908054           0 -0.00510106  -0.0153556
 -0.0132158  0.00510106           0  -0.0140734
  0.0074934   0.0153556   0.0140734           0
Repeater1[0]<--->HoM1[0]
REAL
   0.485677 -0.00652043 -0.00747672    0.337921
-0.00652043   0.0455729  0.00843349  -0.0068462
-0.00747672  0.00843349   0.0351562 -0.00780248
   0.337921  -0.0068462 -0.00780248    0.433594
IMAGINARY
          0   0.0273302  -0.0344394 -0.00718942
 -0.0273302           0  -0.0109583  -0.0194067
  0.0344394   0.0109583           0   0.0226698
 0.00718942   0.0194067  -0.0226698           0
EndNode1[0]<--->Repeater1[0]
REAL
   0.433735   0.0124993 -0.00305376    0.310658
  0.0124993    0.060241   0.0117023 -0.00626301
-0.00305376   0.0117023   0.0629183 -0.00815149
   0.310658 -0.00626301 -0.00815149    0.443106
IMAGINARY
          0 -0.00654402  0.00130038   0.0032967
 0.00654402           0   -0.010989 -0.00260587
-0.00130038    0.010989           0 -0.00781629
 -0.0032967  0.00260587  0.00781629           0
EndNode2[0]<--->HoM1[0]
REAL
   0.448953  -0.0284877 -0.00589448    0.317348
 -0.0284877   0.0431937   0.0108963  -0.0233676
-0.00589448   0.0108963   0.0458115 0.000497843
   0.317348  -0.0233676 0.000497843    0.462042
IMAGINARY
           0  0.000330916     0.015631   -0.0249736
-0.000330916            0   0.00603418  -0.00337293
   -0.015631  -0.00603418            0    -0.012589
   0.0249736   0.00337293     0.012589            0
Repeater1[0]<--->EndNode1[0]
REAL
   0.433735 -0.00305376   0.0124993    0.310658
-0.00305376   0.0629183   0.0117023 -0.00815149
  0.0124993   0.0117023    0.060241 -0.00626301
   0.310658 -0.00815149 -0.00626301    0.443106
IMAGINARY
          0  0.00130038 -0.00654402   0.0032967
-0.00130038           0    0.010989 -0.00781629
 0.00654402   -0.010989           0 -0.00260587
 -0.0032967  0.00781629  0.00260587           0
Repeater1[0]<--->HoM1[0]
REAL
   0.448953 -0.00589448  -0.0284877    0.317348
-0.00589448   0.0458115   0.0108963 0.000497843
 -0.0284877   0.0108963   0.0431937  -0.0233676
   0.317348 0.000497843  -0.0233676    0.462042
IMAGINARY
           0     0.015631  0.000330916   -0.0249736
   -0.015631            0  -0.00603418    -0.012589
-0.000330916   0.00603418            0  -0.00337293
   0.0249736     0.012589   0.00337293            0
EndNode1[0]<--->Repeater1[0]
REAL
   0.496183  0.00333888 -0.00384426    0.326052
 0.00333888   0.0330789  0.00787022  0.00796676
-0.00384426  0.00787022   0.0636132  0.00196147
   0.326052  0.00796676  0.00196147    0.407125
IMAGINARY
          0 -0.00371738  -0.0178534 -0.00253443
 0.00371738           0    0.016405 -0.00545666
  0.0178534   -0.016405           0  0.00837939
