EndNode1[0]<--->Repeater1[0]
REAL
   0.483476   0.0056967  -0.0383636    0.259216
  0.0056967    0.121175  0.00603566 -0.00142424
 -0.0383636  0.00603566    0.102815  -0.0202856
   0.259216 -0.00142424  -0.0202856    0.292534
IMAGINARY
          0  0.00258418  0.00575983  -0.0125089
-0.00258418           0 -0.00192684  0.00823508
-0.00575983  0.00192684           0 -0.00131192
  0.0125089 -0.00823508  0.00131192           0
EndNode2[0]<--->HoM1[0]
REAL
   0.473881 -0.00933657  -0.0131659      0.3197
-0.00933657   0.0845771   0.0101149  -0.0119001
 -0.0131659   0.0101149   0.0970149  -0.0170487
     0.3197  -0.0119001  -0.0170487    0.344527
IMAGINARY
          0  -0.0139859   0.0116428  0.00102886
  0.0139859           0  0.00288759   0.0155593
 -0.0116428 -0.00288759           0 -0.00673951
-0.00102886  -0.0155593  0.00673951           0
Repeater1[0]<--->EndNode1[0]
REAL
   0.483476  -0.0383636   0.0056967    0.259216
 -0.0383636    0.102815  0.00603566  -0.0202856
  0.0056967  0.00603566    0.121175 -0.00142424
   0.259216  -0.0202856 -0.00142424    0.292534
IMAGINARY
          0  0.00575983  0.00258418  -0.0125089
-0.00575983           0  0.00192684 -0.00131192
-0.00258418 -0.00192684           0  0.00823508
  0.0125089  0.00131192 -0.00823508           0
Repeater1[0]<--->HoM1[0]
REAL
   0.473881  -0.0131659 -0.00933657      0.3197
 -0.0131659   0.0970149   0.0101149  -0.0170487
-0.00933657   0.0101149   0.0845771  -0.0119001
     0.3197  -0.0170487  -0.0119001    0.344527
IMAGINARY
          0   0.0116428  -0.0139859  0.00102886
 -0.0116428           0 -0.00288759 -0.00673951
  0.0139859  0.00288759           0   0.0155593
-0.00102886  0.00673951  -0.0155593           0
EndNode1[0]<--->Repeater1[0]
REAL
   0.46375  0.0224149  0.0174813   0.266881
 0.0224149      0.115 0.00840029  0.0168508
 0.0174813 0.00840029    0.11875  0.0244016
  0.266881  0.0168508  0.0244016     0.3025
IMAGINARY
          0   0.0298499  -0.0035354   0.0221516
 -0.0298499           0  -0.0123986 -0.00664099
  0.0035354   0.0123986           0  0.00203616
 -0.0221516  0.00664099 -0.00203616           0
EndNode2[0]<--->HoM1[0]
REAL
   0.455484  -0.0281175  -0.0190791     0.31157
 -0.0281175   0.0929032  0.00377445 0.000223479
 -0.0190791  0.00377445   0.0877419 -0.00114131
    0.31157 0.000223479 -0.00114131    0.363871
IMAGINARY
          0  0.00628304 -0.00780256  0.00669658
-0.00628304           0  -0.0169305 -0.00967056
 0.00780256   0.0169305           0  0.00984599
-0.00669658  0.00967056 -0.00984599           0
Repeater1[0]<--->EndNode1[0]
REAL
   0.46375  0.0174813  0.0224149   0.266881
 0.0174813    0.11875 0.00840029  0.0244016
 0.0224149 0.00840029      0.115  0.0168508
  0.266881  0.0244016  0.0168508     0.3025
IMAGINARY
          0  -0.0035354   0.0298499   0.0221516
  0.0035354           0   0.0123986  0.00203616
 -0.0298499  -0.0123986           0 -0.00664099
 -0.0221516 -0.00203616  0.00664099           0
Repeater1[0]<--->HoM1[0]
REAL
   0.455484  -0.0190791  -0.0281175     0.31157
 -0.0190791   0.0877419  0.00377445 -0.00114131
 -0.0281175  0.00377445   0.0929032 0.000223479
    0.31157 -0.00114131 0.000223479    0.363871
IMAGINARY
          0 -0.00780256  0.00628304  0.00669658
 0.00780256           0   0.0169305  0.00984599
-0.00628304  -0.0169305           0 -0.00967056
-0.00669658 -0.00984599  0.00967056           0
EndNode1[0]<--->Repeater1[0]
REAL
   0.447989   0.0138887   0.0134505    0.243035
  0.0138887    0.116505   0.0331973 -0.00396884
  0.0134505   0.0331973    0.140083   0.0145563
   0.243035 -0.00396884   0.0145563    0.295423
IMAGINARY
          0 -0.00777307  8.0418e-05  -0.0117713
 0.00777307           0    0.013758   0.0129955
-8.0418e-05   -0.013758           0 -0.00903889
  0.0117713  -0.0129955  0.00903889           0
EndNode2[0]<--->HoM1[0]
REAL
  0.459211  0.0013026  0.0131716   0.318346
 0.0013026        0.1 0.00963874  0.0144279
 0.0131716 0.00963874        0.1  0.0160273
  0.318346  0.0144279  0.0160273   0.340789
IMAGINARY
          0  0.00981796  -0.0109685    0.021641
-0.00981796           0  0.00260543  -0.0140974
  0.0109685 -0.00260543           0  0.00337466
  -0.021641   0.0140974 -0.00337466           0
Repeater1[0]<--->EndNode1[0]
REAL
   0.447989   0.0134505   0.0138887    0.243035
  0.0134505    0.140083   0.0331973   0.0145563
  0.0138887   0.0331973    0.116505 -0.00396884
   0.243035   0.0145563 -0.00396884    0.295423
IMAGINARY
          0  8.0418e-05 -0.00777307  -0.0117713
-8.0418e-05           0   -0.013758 -0.00903889
 0.00777307    0.013758           0   0.0129955
  0.0117713  0.00903889  -0.0129955           0
Repeater1[0]<--->HoM1[0]
REAL
  0.459211  0.0131716  0.0013026   0.318346
 0.0131716        0.1 0.00963874  0.0160273
 0.0013026 0.00963874        0.1  0.0144279
  0.318346  0.0160273  0.0144279   0.340789
IMAGINARY
          0  -0.0109685  0.00981796    0.021641
  0.0109685           0 -0.00260543  0.00337466
-0.00981796  0.00260543           0  -0.0140974
  -0.021641 -0.00337466   0.0140974           0
EndNode1[0]<--->Repeater1[0]
REAL
   0.474868   0.0166614 -0.00383325     0.26563
  0.0166614    0.109788   0.0203474  0.00198823
-0.00383325   0.0203474    0.100529 -0.00620632
    0.26563  0.00198823 -0.00620632    0.314815
IMAGINARY
          0  -0.0392544  -0.0230582  -0.0100236
  0.0392544           0   0.0151916  0.00823341
  0.0230582  -0.0151916           0  0.00690942
  0.0100236 -0.00823341 -0.00690942           0
EndNode2[0]<--->HoM1[0]
REAL
  0.437346   0.001875  0.0191146   0.316867
  0.001875  0.0896806  0.0181329 -0.0303646
 0.0191146  0.0181329  0.0835381   0.001875
  0.316867 -0.0303646   0.001875   0.389435
IMAGINARY
           0  -0.00347106   -0.0110793   0.00237273
  0.00347106            0    0.0308701  0.000952752
   0.0110793   -0.0308701            0 -0.000326407
 -0.00237273 -0.000952752  0.000326407            0
Repeater1[0]<--->EndNode1[0]
REAL
   0.474868 -0.00383325   0.0166614     0.26563
-0.00383325    0.100529   0.0203474 -0.00620632
  0.0166614   0.0203474    0.109788  0.00198823
    0.26563 -0.00620632  0.00198823    0.314815
IMAGINARY
          0  -0.0230582  -0.0392544  -0.0100236
  0.0230582           0  -0.0151916  0.00690942
  0.0392544   0.0151916           0  0.00823341
  0.0100236 -0.00690942 -0.00823341           0
Repeater1[0]<--->HoM1[0]
REAL
  0.437346  0.0191146   0.001875   0.316867
 0.0191146  0.0835381  0.0181329   0.001875
  0.001875  0.0181329  0.0896806 -0.0303646
  0.316867   0.001875 -0.0303646   0.389435
IMAGINARY
           0   -0.0110793  -0.00347106   0.00237273
   0.0110793            0   -0.0308701 -0.000326407
  0.00347106    0.0308701            0  0.000952752
 -0.00237273  0.000326407 -0.000952752            0
