EndNode1[0]<--->Repeater1[0]
REAL
   0.439394 -0.00282635 -0.00269542    0.274268
-0.00282635   0.0959596   0.0249238 -0.00269542
-0.00269542   0.0249238    0.106061 -0.00930303
   0.274268 -0.00269542 -0.00930303    0.358586
IMAGINARY
          0  0.00379676  0.00299833  -0.0071503
-0.00379676           0  -0.0203082  0.00487568
-0.00299833   0.0203082           0 -0.00510909
  0.0071503 -0.00487568  0.00510909           0
EndNode2[0]<--->HoM1[0]
REAL
   0.452575  -0.0200497  -0.0100703    0.321093
 -0.0200497    0.104336   0.0280827  -0.0209817
 -0.0100703   0.0280827    0.104336 -0.00466511
   0.321093  -0.0209817 -0.00466511    0.338753
IMAGINARY
           0     0.010562   -0.0181597  0.000826327
   -0.010562            0  -0.00701445   -0.0127543
   0.0181597   0.00701445            0    0.0149756
-0.000826327    0.0127543   -0.0149756            0
Repeater1[0]<--->EndNode1[0]
REAL
   0.439394 -0.00269542 -0.00282635    0.274268
-0.00269542    0.106061   0.0249238 -0.00930303
-0.00282635   0.0249238   0.0959596 -0.00269542
   0.274268 -0.00930303 -0.00269542    0.358586
IMAGINARY
          0  0.00299833  0.00379676  -0.0071503
-0.00299833           0   0.0203082 -0.00510909
-0.00379676  -0.0203082           0  0.00487568
  0.0071503  0.00510909 -0.00487568           0
Repeater1[0]<--->HoM1[0]
REAL
   0.452575  -0.0100703  -0.0200497    0.321093
 -0.0100703    0.104336   0.0280827 -0.00466511
 -0.0200497   0.0280827    0.104336  -0.0209817
   0.321093 -0.00466511  -0.0209817    0.338753
IMAGINARY
           0   -0.0181597     0.010562  0.000826327
   0.0181597            0   0.00701445    0.0149756
   -0.010562  -0.00701445            0   -0.0127543
-0.000826327   -0.0149756    0.0127543            0
EndNode1[0]<--->Repeater1[0]
REAL
  0.438374  0.0142501 0.00819831   0.260853
 0.0142501   0.129606  0.0305424 0.00418761
0.00819831  0.0305424   0.100381 0.00335093
  0.260853 0.00418761 0.00335093   0.331639
IMAGINARY
          0 -0.00792395  0.00841919   0.0172233
 0.00792395           0   0.0146326   0.0202204
-0.00841919  -0.0146326           0  -0.0278756
 -0.0172233  -0.0202204   0.0278756           0
EndNode2[0]<--->HoM1[0]
REAL
   0.451823 0.000535758 -0.00775504    0.323746
0.000535758   0.0755208   0.0290793  0.00446989
-0.00775504   0.0290793    0.127604   0.0277165
   0.323746  0.00446989   0.0277165    0.345052
IMAGINARY
           0    -0.016622  0.000215938   0.00320943
    0.016622            0 -2.47196e-05    0.0117841
-0.000215938  2.47196e-05            0   -0.0140447
 -0.00320943   -0.0117841    0.0140447            0
Repeater1[0]<--->EndNode1[0]
REAL
  0.438374 0.00819831  0.0142501   0.260853
0.00819831   0.100381  0.0305424 0.00335093
 0.0142501  0.0305424   0.129606 0.00418761
  0.260853 0.00335093 0.00418761   0.331639
IMAGINARY
          0  0.00841919 -0.00792395   0.0172233
-0.00841919           0  -0.0146326  -0.0278756
 0.00792395   0.0146326           0   0.0202204
 -0.0172233   0.0278756  -0.0202204           0
Repeater1[0]<--->HoM1[0]
REAL
   0.451823 -0.00775504 0.000535758    0.323746
-0.00775504    0.127604   0.0290793   0.0277165
0.000535758   0.0290793   0.0755208  0.00446989
   0.323746   0.0277165  0.00446989    0.345052
IMAGINARY
           0  0.000215938    -0.016622   0.00320943
-0.000215938            0  2.47196e-05   -0.0140447
    0.016622 -2.47196e-05            0    0.0117841
 -0.00320943    0.0140447   -0.0117841            0
EndNode1[0]<--->Repeater1[0]
REAL
   0.435443 0.000985515  0.00341615    0.269499
0.000985515    0.112658   0.0328574 -0.00341615
 0.00341615   0.0328574    0.117722  0.00294119
   0.269499 -0.00341615  0.00294119    0.334177
IMAGINARY
          0 -0.00062305 -0.00981675  0.00806624
 0.00062305           0   0.0156805  0.00981675
 0.00981675  -0.0156805           0 -0.00319374
-0.00806624 -0.00981675  0.00319374           0
EndNode2[0]<--->HoM1[0]
REAL
  0.428384 -0.0241889 -0.0171233   0.347185
-0.0241889   0.086728  0.0287642 0.00699668
-0.0171233  0.0287642   0.107753  0.0014041
  0.347185 0.00699668  0.0014041   0.377135
IMAGINARY
          0  0.00150834 -0.00305603   0.0038904
-0.00150834           0   0.0220836  -0.0127334
 0.00305603  -0.0220836           0 -0.00940308
 -0.0038904   0.0127334  0.00940308           0
Repeater1[0]<--->EndNode1[0]
REAL
   0.435443  0.00341615 0.000985515    0.269499
 0.00341615    0.117722   0.0328574  0.00294119
0.000985515   0.0328574    0.112658 -0.00341615
   0.269499  0.00294119 -0.00341615    0.334177
IMAGINARY
          0 -0.00981675 -0.00062305  0.00806624
 0.00981675           0  -0.0156805 -0.00319374
 0.00062305   0.0156805           0  0.00981675
-0.00806624  0.00319374 -0.00981675           0
Repeater1[0]<--->HoM1[0]
REAL
  0.428384 -0.0171233 -0.0241889   0.347185
-0.0171233   0.107753  0.0287642  0.0014041
-0.0241889  0.0287642   0.086728 0.00699668
  0.347185  0.0014041 0.00699668   0.377135
IMAGINARY
          0 -0.00305603  0.00150834   0.0038904
 0.00305603           0  -0.0220836 -0.00940308
-0.00150834   0.0220836           0  -0.0127334
 -0.0038904  0.00940308   0.0127334           0
EndNode1[0]<--->Repeater1[0]
REAL
    0.453567   0.00593898   -0.0120189     0.262005
  0.00593898     0.141319    0.0206037 -0.000768862
  -0.0120189    0.0206037     0.090175   -0.0263993
    0.262005 -0.000768862   -0.0263993     0.314939
IMAGINARY
          0   -0.017832   0.0120705  0.00491769
   0.017832           0  0.00973199  0.00385306
 -0.0120705 -0.00973199           0  -0.0197477
-0.00491769 -0.00385306   0.0197477           0
EndNode2[0]<--->HoM1[0]
REAL
   0.425562 0.000121251  0.00121437    0.318167
0.000121251    0.108146   0.0265534   0.0230092
 0.00121437   0.0265534   0.0898876   0.0278291
   0.318167   0.0230092   0.0278291    0.376404
IMAGINARY
           0   0.00683771   -0.0124254   -0.0101398
 -0.00683771            0   0.00630352 -0.000916426
   0.0124254  -0.00630352            0    0.0115867
   0.0101398  0.000916426   -0.0115867            0
Repeater1[0]<--->EndNode1[0]
REAL
    0.453567   -0.0120189   0.00593898     0.262005
  -0.0120189     0.090175    0.0206037   -0.0263993
  0.00593898    0.0206037     0.141319 -0.000768862
    0.262005   -0.0263993 -0.000768862     0.314939
IMAGINARY
          0   0.0120705   -0.017832  0.00491769
 -0.0120705           0 -0.00973199  -0.0197477
   0.017832  0.00973199           0  0.00385306
-0.00491769   0.0197477 -0.00385306           0
Repeater1[0]<--->HoM1[0]
REAL
   0.425562  0.00121437 0.000121251    0.318167
 0.00121437   0.0898876   0.0265534   0.0278291
0.000121251   0.0265534    0.108146   0.0230092
   0.318167   0.0278291   0.0230092    0.376404
IMAGINARY
           0   -0.0124254   0.00683771   -0.0101398
   0.0124254            0  -0.00630352    0.0115867
 -0.00683771   0.00630352            0 -0.000916426
   0.0101398   -0.0115867  0.000916426            0
EndNode1[0]<--->Repeater1[0]
REAL
   0.442211 -0.00189711   0.0303425    0.287562
-0.00189711    0.114322   0.0419836  -0.0139283
  0.0303425   0.0419836    0.136935 -0.00315339
   0.287562  -0.0139283 -0.00315339    0.306533
IMAGINARY
          0   0.0193537  -0.0156553   0.0190285
 -0.0193537           0   0.0108318  -0.0163175
  0.0156553  -0.0108318           0 -0.00506794
 -0.0190285   0.0163175  0.00506794           0
EndNode2[0]<--->HoM1[0]
REAL
   0.414835   -0.013057  0.00464298     0.34482
  -0.013057    0.108516   0.0410698  -0.0162994
 0.00464298   0.0410698    0.100275 -0.00473437
    0.34482  -0.0162994 -0.00473437    0.376374
IMAGINARY
          0  0.00349075   0.0116679   0.0174507
-0.00349075           0 -0.00678401  -0.0279179
 -0.0116679  0.00678401           0  0.00150925
 -0.0174507   0.0279179 -0.00150925           0
Repeater1[0]<--->EndNode1[0]
REAL
   0.442211   0.0303425 -0.00189711    0.287562
  0.0303425    0.136935   0.0419836 -0.00315339
-0.00189711   0.0419836    0.114322  -0.0139283
   0.287562 -0.00315339  -0.0139283    0.306533
IMAGINARY
          0  -0.0156553   0.0193537   0.0190285
  0.0156553           0  -0.0108318 -0.00506794
 -0.0193537   0.0108318           0  -0.0163175
 -0.0190285  0.00506794   0.0163175           0
Repeater1[0]<--->HoM1[0]
REAL
   0.414835  0.00464298   -0.013057     0.34482
 0.00464298    0.100275   0.0410698 -0.00473437
  -0.013057   0.0410698    0.108516  -0.0162994
    0.34482 -0.00473437  -0.0162994    0.376374
IMAGINARY
          0   0.0116679  0.00349075   0.0174507
 -0.0116679           0  0.00678401  0.00150925
-0.00349075 -0.00678401           0  -0.0279179
 -0.0174507 -0.00150925   0.0279179           0
