EndNode1[0]<--->Repeater1[0]
REAL
    0.446589   0.00677893 -0.000167084     0.204574
  0.00677893     0.178893    0.0226985   -0.0248009
-0.000167084    0.0226985     0.132561   -0.0227841
    0.204574   -0.0248009   -0.0227841     0.241956
IMAGINARY
           0   0.00502304  -0.00508123  0.000681417
 -0.00502304            0   0.00191599    0.0221915
  0.00508123  -0.00191599            0   -0.0234007
-0.000681417   -0.0221915    0.0234007            0
EndNode2[0]<--->HoM1[0]
REAL
     0.47588 -0.000728849   0.00758037      0.24628
-0.000728849    0.0756193  6.79102e-05   0.00503584
  0.00758037  6.79102e-05     0.131682   -0.0171994
     0.24628   0.00503584   -0.0171994     0.316819
IMAGINARY
           0  -0.00625301    0.0139065    0.0348813
  0.00625301            0   0.00710348 -1.75809e-05
  -0.0139065  -0.00710348            0  -0.00889851
  -0.0348813  1.75809e-05   0.00889851            0
Repeater1[0]<--->EndNode1[0]
REAL
    0.446589 -0.000167084   0.00677893     0.204574
-0.000167084     0.132561    0.0226985   -0.0227841
  0.00677893    0.0226985     0.178893   -0.0248009
    0.204574   -0.0227841   -0.0248009     0.241956
IMAGINARY
           0  -0.00508123   0.00502304  0.000681417
  0.00508123            0  -0.00191599   -0.0234007
 -0.00502304   0.00191599            0    0.0221915
-0.000681417    0.0234007   -0.0221915            0
Repeater1[0]<--->HoM1[0]
REAL
     0.47588   0.00758037 -0.000728849      0.24628
  0.00758037     0.131682  6.79102e-05   -0.0171994
-0.000728849  6.79102e-05    0.0756193   0.00503584
     0.24628   -0.0171994   0.00503584     0.316819
IMAGINARY
           0    0.0139065  -0.00625301    0.0348813
  -0.0139065            0  -0.00710348  -0.00889851
  0.00625301   0.00710348            0 -1.75809e-05
  -0.0348813   0.00889851  1.75809e-05            0
EndNode1[0]<--->Repeater1[0]
REAL
  0.444299 -0.0154986 0.00644041   0.204668
-0.0154986   0.169069   0.014162 0.00373771
0.00644041   0.014162   0.114024 -0.0010408
  0.204668 0.00373771 -0.0010408   0.272608
IMAGINARY
           0  -0.00216922  0.000972471  -0.00978862
  0.00216922            0  -0.00393687    0.0230719
-0.000972471   0.00393687            0   -0.0206421
  0.00978862   -0.0230719    0.0206421            0
EndNode2[0]<--->HoM1[0]
REAL
  0.442308 0.00611082 -0.0142582   0.263233
0.00611082   0.120513  0.0267798  0.0123376
-0.0142582  0.0267798   0.133333 -0.0029098
  0.263233  0.0123376 -0.0029098   0.303846
IMAGINARY
           0  -0.00858447   -0.0136311 -0.000744225
  0.00858447            0    0.0115174   -0.0109995
   0.0136311   -0.0115174            0   0.00612141
 0.000744225    0.0109995  -0.00612141            0
Repeater1[0]<--->EndNode1[0]
REAL
  0.444299 0.00644041 -0.0154986   0.204668
0.00644041   0.114024   0.014162 -0.0010408
-0.0154986   0.014162   0.169069 0.00373771
  0.204668 -0.0010408 0.00373771   0.272608
IMAGINARY
           0  0.000972471  -0.00216922  -0.00978862
-0.000972471            0   0.00393687   -0.0206421
  0.00216922  -0.00393687            0    0.0230719
  0.00978862    0.0206421   -0.0230719            0
Repeater1[0]<--->HoM1[0]
REAL
  0.442308 -0.0142582 0.00611082   0.263233
-0.0142582   0.133333  0.0267798 -0.0029098
0.00611082  0.0267798   0.120513  0.0123376
  0.263233 -0.0029098  0.0123376   0.303846
IMAGINARY
           0   -0.0136311  -0.00858447 -0.000744225
   0.0136311            0   -0.0115174   0.00612141
  0.00858447    0.0115174            0   -0.0109995
 0.000744225  -0.00612141    0.0109995            0
