EndNode1[0]<--->Repeater1[0]
REAL
    0.426209 -0.000970246   -0.0110214     0.240058
-0.000970246     0.062341  -0.00294457  -0.00444249
  -0.0110214  -0.00294457      0.06743  0.000970246
    0.240058  -0.00444249  0.000970246      0.44402
IMAGINARY
          0    0.012987  0.00209015  -0.0202614
  -0.012987           0   0.0235294   0.0258997
-0.00209015  -0.0235294           0   -0.012987
  0.0202614  -0.0258997    0.012987           0
EndNode2[0]<--->HoM1[0]
REAL
    0.43467   0.0134971   0.0028855    0.236108
  0.0134971   0.0426908  0.00213826   0.0168095
  0.0028855  0.00213826   0.0504528 -0.00396728
   0.236108   0.0168095 -0.00396728    0.472186
IMAGINARY
          0 -0.00507437  0.00288891  0.00237689
 0.00507437           0 -0.00853453 -0.00357104
-0.00288891  0.00853453           0  0.00712075
-0.00237689  0.00357104 -0.00712075           0
Repeater1[0]<--->EndNode1[0]
REAL
    0.426209   -0.0110214 -0.000970246     0.240058
  -0.0110214      0.06743  -0.00294457  0.000970246
-0.000970246  -0.00294457     0.062341  -0.00444249
    0.240058  0.000970246  -0.00444249      0.44402
IMAGINARY
          0  0.00209015    0.012987  -0.0202614
-0.00209015           0  -0.0235294   -0.012987
  -0.012987   0.0235294           0   0.0258997
  0.0202614    0.012987  -0.0258997           0
Repeater1[0]<--->HoM1[0]
REAL
    0.43467   0.0028855   0.0134971    0.236108
  0.0028855   0.0504528  0.00213826 -0.00396728
  0.0134971  0.00213826   0.0426908   0.0168095
   0.236108 -0.00396728   0.0168095    0.472186
IMAGINARY
          0  0.00288891 -0.00507437  0.00237689
-0.00288891           0  0.00853453  0.00712075
 0.00507437 -0.00853453           0 -0.00357104
-0.00237689 -0.00712075  0.00357104           0
EndNode1[0]<--->Repeater1[0]
REAL
   0.426144  0.00668066   0.0163332    0.238192
 0.00668066   0.0614379 -0.00555783 -0.00388239
  0.0163332 -0.00555783   0.0627451   0.0136339
   0.238192 -0.00388239   0.0136339    0.449673
IMAGINARY
          0   -0.015934   0.0162719 -0.00199371
   0.015934           0  0.00585969 -0.00127193
 -0.0162719 -0.00585969           0   -0.010316
 0.00199371  0.00127193    0.010316           0
EndNode2[0]<--->HoM1[0]
REAL
   0.426546   0.0365391 -0.00360394     0.25918
  0.0365391    0.064433    0.014308  0.00553444
-0.00360394    0.014308    0.064433  -0.0037206
    0.25918  0.00553444  -0.0037206    0.444588
IMAGINARY
          0   0.0159856  -0.0231366   0.0171721
 -0.0159856           0   0.0146276 -0.00763268
  0.0231366  -0.0146276           0 -0.00444712
 -0.0171721  0.00763268  0.00444712           0
Repeater1[0]<--->EndNode1[0]
REAL
   0.426144   0.0163332  0.00668066    0.238192
  0.0163332   0.0627451 -0.00555783   0.0136339
 0.00668066 -0.00555783   0.0614379 -0.00388239
   0.238192   0.0136339 -0.00388239    0.449673
IMAGINARY
          0   0.0162719   -0.015934 -0.00199371
 -0.0162719           0 -0.00585969   -0.010316
   0.015934  0.00585969           0 -0.00127193
 0.00199371    0.010316  0.00127193           0
Repeater1[0]<--->HoM1[0]
REAL
   0.426546 -0.00360394   0.0365391     0.25918
-0.00360394    0.064433    0.014308  -0.0037206
  0.0365391    0.014308    0.064433  0.00553444
    0.25918  -0.0037206  0.00553444    0.444588
IMAGINARY
          0  -0.0231366   0.0159856   0.0171721
  0.0231366           0  -0.0146276 -0.00444712
 -0.0159856   0.0146276           0 -0.00763268
 -0.0171721  0.00444712  0.00763268           0
EndNode1[0]<--->Repeater1[0]
REAL
   0.441253  -0.0107661  0.00342951    0.242484
 -0.0107661   0.0548303   0.0170431  -0.0185412
 0.00342951   0.0170431   0.0626632 -0.00040341
   0.242484  -0.0185412 -0.00040341    0.441253
IMAGINARY
          0   0.0223578  -0.0085538  -0.0155446
 -0.0223578           0 -0.00741455  -0.0141162
  0.0085538  0.00741455           0 -0.00976338
  0.0155446   0.0141162  0.00976338           0
EndNode2[0]<--->HoM1[0]
REAL
   0.455285  0.00373662   0.0181434    0.233064
 0.00373662   0.0691057 -0.00343951  0.00449571
  0.0181434 -0.00343951   0.0501355   -0.021201
   0.233064  0.00449571   -0.021201    0.425474
IMAGINARY
          0 -0.00224646  0.00305575 -0.00232404
 0.00224646           0 -0.00232404   0.0226512
-0.00305575  0.00232404           0 -0.00675097
 0.00232404  -0.0226512  0.00675097           0
Repeater1[0]<--->EndNode1[0]
REAL
   0.441253  0.00342951  -0.0107661    0.242484
 0.00342951   0.0626632   0.0170431 -0.00040341
 -0.0107661   0.0170431   0.0548303  -0.0185412
   0.242484 -0.00040341  -0.0185412    0.441253
IMAGINARY
          0  -0.0085538   0.0223578  -0.0155446
  0.0085538           0  0.00741455 -0.00976338
 -0.0223578 -0.00741455           0  -0.0141162
  0.0155446  0.00976338   0.0141162           0
Repeater1[0]<--->HoM1[0]
REAL
   0.455285   0.0181434  0.00373662    0.233064
  0.0181434   0.0501355 -0.00343951   -0.021201
 0.00373662 -0.00343951   0.0691057  0.00449571
   0.233064   -0.021201  0.00449571    0.425474
IMAGINARY
          0  0.00305575 -0.00224646 -0.00232404
-0.00305575           0  0.00232404 -0.00675097
 0.00224646 -0.00232404           0   0.0226512
 0.00232404  0.00675097  -0.0226512           0
EndNode1[0]<--->Repeater1[0]
REAL
   0.426735 -0.00103879 -0.00884429    0.234404
-0.00103879    0.062982 -0.00392532  -0.0075285
-0.00884429 -0.00392532   0.0642674 -0.00777733
   0.234404  -0.0075285 -0.00777733    0.446015
IMAGINARY
          0  -0.0167258   0.0442163  -0.0152129
  0.0167258           0   0.0158876  -0.0110468
 -0.0442163  -0.0158876           0  0.00198383
  0.0152129   0.0110468 -0.00198383           0
EndNode2[0]<--->HoM1[0]
REAL
   0.416216 -0.00489517    0.015798    0.258513
-0.00489517   0.0675676  0.00208545 -0.00706978
   0.015798  0.00208545   0.0527027   0.0136233
   0.258513 -0.00706978   0.0136233    0.463514
IMAGINARY
           0  -0.00984612  0.000326948    0.0141412
  0.00984612            0    0.0263993   -0.0226544
-0.000326948   -0.0263993            0   -0.0111282
  -0.0141412    0.0226544    0.0111282            0
Repeater1[0]<--->EndNode1[0]
REAL
   0.426735 -0.00884429 -0.00103879    0.234404
-0.00884429   0.0642674 -0.00392532 -0.00777733
-0.00103879 -0.00392532    0.062982  -0.0075285
   0.234404 -0.00777733  -0.0075285    0.446015
IMAGINARY
          0   0.0442163  -0.0167258  -0.0152129
 -0.0442163           0  -0.0158876  0.00198383
  0.0167258   0.0158876           0  -0.0110468
  0.0152129 -0.00198383   0.0110468           0
Repeater1[0]<--->HoM1[0]
REAL
   0.416216    0.015798 -0.00489517    0.258513
   0.015798   0.0527027  0.00208545   0.0136233
-0.00489517  0.00208545   0.0675676 -0.00706978
   0.258513   0.0136233 -0.00706978    0.463514
IMAGINARY
           0  0.000326948  -0.00984612    0.0141412
-0.000326948            0   -0.0263993   -0.0111282
  0.00984612    0.0263993            0   -0.0226544
  -0.0141412    0.0111282    0.0226544            0
EndNode1[0]<--->Repeater1[0]
REAL
   0.449424 -0.00614934   0.0142649    0.248803
-0.00614934   0.0512164   0.0171272 -0.00711276
  0.0142649   0.0171272   0.0448143 -0.00230319
   0.248803 -0.00711276 -0.00230319    0.454545
IMAGINARY
          0  -0.0338897  0.00426633  -0.0139956
  0.0338897           0  0.00217359   0.0232206
-0.00426633 -0.00217359           0  -0.0158485
  0.0139956  -0.0232206   0.0158485           0
EndNode2[0]<--->HoM1[0]
REAL
    0.413486 -0.000225694  -0.00132982     0.253252
-0.000225694    0.0661578   0.00162628   0.00620787
 -0.00132982   0.00162628    0.0712468  -0.00587187
    0.253252   0.00620787  -0.00587187     0.449109
IMAGINARY
           0    0.0014541  -0.00518898  0.000815124
  -0.0014541            0    0.0388268  -0.00196317
  0.00518898   -0.0388268            0       0.0122
-0.000815124   0.00196317      -0.0122            0
Repeater1[0]<--->EndNode1[0]
REAL
   0.449424   0.0142649 -0.00614934    0.248803
  0.0142649   0.0448143   0.0171272 -0.00230319
-0.00614934   0.0171272   0.0512164 -0.00711276
   0.248803 -0.00230319 -0.00711276    0.454545
IMAGINARY
          0  0.00426633  -0.0338897  -0.0139956
-0.00426633           0 -0.00217359  -0.0158485
  0.0338897  0.00217359           0   0.0232206
  0.0139956   0.0158485  -0.0232206           0
Repeater1[0]<--->HoM1[0]
REAL
    0.413486  -0.00132982 -0.000225694     0.253252
 -0.00132982    0.0712468   0.00162628  -0.00587187
-0.000225694   0.00162628    0.0661578   0.00620787
    0.253252  -0.00587187   0.00620787     0.449109
IMAGINARY
           0  -0.00518898    0.0014541  0.000815124
  0.00518898            0   -0.0388268       0.0122
  -0.0014541    0.0388268            0  -0.00196317
-0.000815124      -0.0122   0.00196317            0
EndNode1[0]<--->Repeater1[0]
REAL
     0.435  0.0243404  0.0136294   0.230761
 0.0243404     0.0625  0.0159412 -0.0043946
 0.0136294  0.0159412    0.05875 -0.0256596
  0.230761 -0.0043946 -0.0256596    0.44375
IMAGINARY
          0   0.0100762 -0.00910799  -0.0206761
 -0.0100762           0 -0.00624698  -0.0151759
 0.00910799  0.00624698           0  -0.0194162
  0.0206761   0.0151759   0.0194162           0
EndNode2[0]<--->HoM1[0]
REAL
   0.463476  -0.0131426   0.0234835    0.246012
 -0.0131426   0.0667506 -0.00854474 -0.00501388
  0.0234835 -0.00854474   0.0604534  0.00918484
   0.246012 -0.00501388  0.00918484     0.40932
IMAGINARY
          0   0.0044994  0.00104786   0.0048419
 -0.0044994           0   0.0178854  0.00563501
-0.00104786  -0.0178854           0   0.0082588
 -0.0048419 -0.00563501  -0.0082588           0
Repeater1[0]<--->EndNode1[0]
REAL
     0.435  0.0136294  0.0243404   0.230761
 0.0136294    0.05875  0.0159412 -0.0256596
 0.0243404  0.0159412     0.0625 -0.0043946
  0.230761 -0.0256596 -0.0043946    0.44375
IMAGINARY
          0 -0.00910799   0.0100762  -0.0206761
 0.00910799           0  0.00624698  -0.0194162
 -0.0100762 -0.00624698           0  -0.0151759
  0.0206761   0.0194162   0.0151759           0
Repeater1[0]<--->HoM1[0]
REAL
   0.463476   0.0234835  -0.0131426    0.246012
  0.0234835   0.0604534 -0.00854474  0.00918484
 -0.0131426 -0.00854474   0.0667506 -0.00501388
   0.246012  0.00918484 -0.00501388     0.40932
IMAGINARY
          0  0.00104786   0.0044994   0.0048419
-0.00104786           0  -0.0178854   0.0082588
 -0.0044994   0.0178854           0  0.00563501
 -0.0048419  -0.0082588 -0.00563501           0
EndNode1[0]<--->Repeater1[0]
REAL
   0.418043 -0.00679746 -0.00591984    0.236749
-0.00679746   0.0584498   0.0250374  0.00343845
-0.00591984   0.0250374   0.0609911  0.00183468
   0.236749  0.00343845  0.00183468    0.462516
IMAGINARY
           0   0.00449192   -0.0109115    0.0154444
 -0.00449192            0   0.00175466 -2.80141e-05
   0.0109115  -0.00175466            0   0.00644759
  -0.0154444  2.80141e-05  -0.00644759            0
EndNode2[0]<--->HoM1[0]
REAL
    0.441772    0.0117463 -0.000178583     0.239137
   0.0117463    0.0670886   -0.0128212    0.0107049
-0.000178583   -0.0128212    0.0544304    0.0198326
    0.239137    0.0107049    0.0198326     0.436709
IMAGINARY
          0   -0.018389  -0.0148771 -0.00133929
   0.018389           0 -0.00758929   0.0161826
  0.0148771  0.00758929           0 -0.00119324
 0.00133929  -0.0161826  0.00119324           0
Repeater1[0]<--->EndNode1[0]
REAL
   0.418043 -0.00591984 -0.00679746    0.236749
-0.00591984   0.0609911   0.0250374  0.00183468
-0.00679746   0.0250374   0.0584498  0.00343845
   0.236749  0.00183468  0.00343845    0.462516
IMAGINARY
           0   -0.0109115   0.00449192    0.0154444
   0.0109115            0  -0.00175466   0.00644759
 -0.00449192   0.00175466            0 -2.80141e-05
  -0.0154444  -0.00644759  2.80141e-05            0
Repeater1[0]<--->HoM1[0]
REAL
    0.441772 -0.000178583    0.0117463     0.239137
-0.000178583    0.0544304   -0.0128212    0.0198326
   0.0117463   -0.0128212    0.0670886    0.0107049
    0.239137    0.0198326    0.0107049     0.436709
IMAGINARY
          0  -0.0148771   -0.018389 -0.00133929
  0.0148771           0  0.00758929 -0.00119324
   0.018389 -0.00758929           0   0.0161826
 0.00133929  0.00119324  -0.0161826           0
EndNode1[0]<--->Repeater1[0]
REAL
   0.435323  -0.0125814 -0.00569518    0.252067
 -0.0125814   0.0671642  0.00078483 -0.00634538
-0.00569518  0.00078483   0.0522388   0.0195523
   0.252067 -0.00634538   0.0195523    0.445274
IMAGINARY
           0  -0.00702839   0.00512821  -0.00326595
  0.00702839            0  0.000541155   0.00512821
 -0.00512821 -0.000541155            0   0.00190018
  0.00326595  -0.00512821  -0.00190018            0
EndNode2[0]<--->HoM1[0]
REAL
   0.445623  0.00545634   -0.023094    0.244096
 0.00545634   0.0583554   0.0036864 -0.00669057
  -0.023094   0.0036864   0.0530504 -0.00102034
   0.244096 -0.00669057 -0.00102034    0.442971
IMAGINARY
          0  -0.0100091   0.0104627  -0.0269441
  0.0100091           0 -0.00140644   0.0163915
 -0.0104627  0.00140644           0  -0.0181239
  0.0269441  -0.0163915   0.0181239           0
Repeater1[0]<--->EndNode1[0]
REAL
   0.435323 -0.00569518  -0.0125814    0.252067
-0.00569518   0.0522388  0.00078483   0.0195523
 -0.0125814  0.00078483   0.0671642 -0.00634538
   0.252067   0.0195523 -0.00634538    0.445274
IMAGINARY
           0   0.00512821  -0.00702839  -0.00326595
 -0.00512821            0 -0.000541155   0.00190018
  0.00702839  0.000541155            0   0.00512821
  0.00326595  -0.00190018  -0.00512821            0
Repeater1[0]<--->HoM1[0]
REAL
   0.445623   -0.023094  0.00545634    0.244096
  -0.023094   0.0530504   0.0036864 -0.00102034
 0.00545634   0.0036864   0.0583554 -0.00669057
   0.244096 -0.00102034 -0.00669057    0.442971
IMAGINARY
          0   0.0104627  -0.0100091  -0.0269441
 -0.0104627           0  0.00140644  -0.0181239
  0.0100091 -0.00140644           0   0.0163915
  0.0269441   0.0181239  -0.0163915           0
EndNode1[0]<--->Repeater1[0]
REAL
   0.450128 -0.00569317 -0.00258406    0.264066
-0.00569317   0.0664962    0.003624  0.00458673
-0.00258406    0.003624   0.0511509  0.00502562
   0.264066  0.00458673  0.00502562    0.432225
IMAGINARY
           0     0.010372  -0.00385534   -0.0264186
   -0.010372            0 -0.000170223   -0.0219432
  0.00385534  0.000170223            0    0.0240261
   0.0264186    0.0219432   -0.0240261            0
EndNode2[0]<--->HoM1[0]
REAL
    0.422414  -0.00292789   0.00371798     0.247496
 -0.00292789     0.067734    0.0180674   -0.0136518
  0.00371798    0.0180674    0.0504926 -0.000383365
    0.247496   -0.0136518 -0.000383365      0.45936
IMAGINARY
          0 -0.00855813  0.00461694   0.0138112
 0.00855813           0 -0.00387745 -0.00113019
-0.00461694  0.00387745           0  0.00228198
 -0.0138112  0.00113019 -0.00228198           0
Repeater1[0]<--->EndNode1[0]
REAL
   0.450128 -0.00258406 -0.00569317    0.264066
-0.00258406   0.0511509    0.003624  0.00502562
-0.00569317    0.003624   0.0664962  0.00458673
   0.264066  0.00502562  0.00458673    0.432225
IMAGINARY
           0  -0.00385534     0.010372   -0.0264186
  0.00385534            0  0.000170223    0.0240261
   -0.010372 -0.000170223            0   -0.0219432
   0.0264186   -0.0240261    0.0219432            0
Repeater1[0]<--->HoM1[0]
REAL
    0.422414   0.00371798  -0.00292789     0.247496
  0.00371798    0.0504926    0.0180674 -0.000383365
 -0.00292789    0.0180674     0.067734   -0.0136518
    0.247496 -0.000383365   -0.0136518      0.45936
IMAGINARY
          0  0.00461694 -0.00855813   0.0138112
-0.00461694           0  0.00387745  0.00228198
 0.00855813 -0.00387745           0 -0.00113019
 -0.0138112 -0.00228198  0.00113019           0
EndNode1[0]<--->Repeater1[0]
REAL
   0.438776 -0.00529731 -0.00492208    0.250623
-0.00529731   0.0497449  -0.0187025 -0.00754675
-0.00492208  -0.0187025    0.057398  -0.0084184
   0.250623 -0.00754675  -0.0084184    0.454082
IMAGINARY
          0  0.00915829  0.00388305 -0.00144439
-0.00915829           0 -0.00403506   0.0237243
-0.00388305  0.00403506           0 -0.00240983
 0.00144439  -0.0237243  0.00240983           0
EndNode2[0]<--->HoM1[0]
REAL
   0.417949  0.00658721 -0.00852675    0.231075
 0.00658721   0.0615385  0.00299365 -0.00250266
-0.00852675  0.00299365   0.0641026 0.000765733
   0.231075 -0.00250266 0.000765733     0.45641
IMAGINARY
          0 -0.00476574  0.00908831 -0.00695104
 0.00476574           0  0.00100652 -0.00591169
-0.00908831 -0.00100652           0 -0.00349347
 0.00695104  0.00591169  0.00349347           0
Repeater1[0]<--->EndNode1[0]
REAL
   0.438776 -0.00492208 -0.00529731    0.250623
-0.00492208    0.057398  -0.0187025  -0.0084184
-0.00529731  -0.0187025   0.0497449 -0.00754675
   0.250623  -0.0084184 -0.00754675    0.454082
IMAGINARY
          0  0.00388305  0.00915829 -0.00144439
-0.00388305           0  0.00403506 -0.00240983
-0.00915829 -0.00403506           0   0.0237243
 0.00144439  0.00240983  -0.0237243           0
Repeater1[0]<--->HoM1[0]
REAL
   0.417949 -0.00852675  0.00658721    0.231075
-0.00852675   0.0641026  0.00299365 0.000765733
 0.00658721  0.00299365   0.0615385 -0.00250266
   0.231075 0.000765733 -0.00250266     0.45641
IMAGINARY
          0  0.00908831 -0.00476574 -0.00695104
-0.00908831           0 -0.00100652 -0.00349347
 0.00476574  0.00100652           0 -0.00591169
 0.00695104  0.00349347  0.00591169           0
EndNode1[0]<--->Repeater1[0]
REAL
   0.447301   0.0104365   0.0102917    0.252415
  0.0104365   0.0578406  0.00241546 -0.00183764
  0.0102917  0.00241546   0.0475578  0.00164081
   0.252415 -0.00183764  0.00164081    0.447301
IMAGINARY
          0  -0.0101405   0.0302985  -0.0117278
  0.0101405           0 -0.00307269  0.00746194
 -0.0302985  0.00307269           0  -0.0145991
  0.0117278 -0.00746194   0.0145991           0
EndNode2[0]<--->HoM1[0]
REAL
    0.45082  0.00921733  0.00917848    0.247096
 0.00921733   0.0532787  0.00834587   0.0273132
 0.00917848  0.00834587    0.079235 -0.00217508
   0.247096   0.0273132 -0.00217508    0.416667
IMAGINARY
          0 -0.00750791  -0.0111029 -0.00709336
 0.00750791           0  -0.0115634  0.00360294
  0.0111029   0.0115634           0 -0.00624209
 0.00709336 -0.00360294  0.00624209           0
Repeater1[0]<--->EndNode1[0]
REAL
   0.447301   0.0102917   0.0104365    0.252415
  0.0102917   0.0475578  0.00241546  0.00164081
  0.0104365  0.00241546   0.0578406 -0.00183764
   0.252415  0.00164081 -0.00183764    0.447301
IMAGINARY
          0   0.0302985  -0.0101405  -0.0117278
 -0.0302985           0  0.00307269  -0.0145991
  0.0101405 -0.00307269           0  0.00746194
  0.0117278   0.0145991 -0.00746194           0
Repeater1[0]<--->HoM1[0]
REAL
    0.45082  0.00917848  0.00921733    0.247096
 0.00917848    0.079235  0.00834587 -0.00217508
 0.00921733  0.00834587   0.0532787   0.0273132
   0.247096 -0.00217508   0.0273132    0.416667
IMAGINARY
          0  -0.0111029 -0.00750791 -0.00709336
  0.0111029           0   0.0115634 -0.00624209
 0.00750791  -0.0115634           0  0.00360294
 0.00709336  0.00624209 -0.00360294           0
EndNode1[0]<--->Repeater1[0]
REAL
   0.450742 -0.00493257  -0.0143035    0.236821
-0.00493257   0.0661269  -0.0064549   0.0143035
 -0.0143035  -0.0064549   0.0593792 -0.00553863
   0.236821   0.0143035 -0.00553863    0.423752
IMAGINARY
          0 -0.00804376  -0.0134223 -0.00785313
 0.00804376           0  -0.0118319 -0.00613757
  0.0134223   0.0118319           0  0.00804376
 0.00785313  0.00613757 -0.00804376           0
EndNode2[0]<--->HoM1[0]
REAL
   0.443122    0.012039  0.00448047    0.235261
   0.012039    0.047619  0.00774805 -0.00115157
 0.00448047  0.00774805   0.0674603 -0.00737851
   0.235261 -0.00115157 -0.00737851    0.441799
IMAGINARY
          0   0.0116862  0.00513968  -0.0237544
 -0.0116862           0  0.00405933  -0.0157217
-0.00513968 -0.00405933           0   0.0147688
  0.0237544   0.0157217  -0.0147688           0
Repeater1[0]<--->EndNode1[0]
REAL
   0.450742  -0.0143035 -0.00493257    0.236821
 -0.0143035   0.0593792  -0.0064549 -0.00553863
-0.00493257  -0.0064549   0.0661269   0.0143035
   0.236821 -0.00553863   0.0143035    0.423752
IMAGINARY
          0  -0.0134223 -0.00804376 -0.00785313
  0.0134223           0   0.0118319  0.00804376
 0.00804376  -0.0118319           0 -0.00613757
 0.00785313 -0.00804376  0.00613757           0
Repeater1[0]<--->HoM1[0]
REAL
   0.443122  0.00448047    0.012039    0.235261
 0.00448047   0.0674603  0.00774805 -0.00737851
   0.012039  0.00774805    0.047619 -0.00115157
   0.235261 -0.00737851 -0.00115157    0.441799
IMAGINARY
          0  0.00513968   0.0116862  -0.0237544
-0.00513968           0 -0.00405933   0.0147688
 -0.0116862  0.00405933           0  -0.0157217
  0.0237544  -0.0147688   0.0157217           0
EndNode1[0]<--->Repeater1[0]
REAL
    0.437086   -0.0146075    0.0138105     0.243622
  -0.0146075    0.0622517    0.0184602   -0.0169084
   0.0138105    0.0184602    0.0503311 -0.000881988
    0.243622   -0.0169084 -0.000881988     0.450331
IMAGINARY
          0 -0.00680884 -0.00282916  -0.0135575
 0.00680884           0 -0.00268796  0.00992594
 0.00282916  0.00268796           0  -0.0144815
  0.0135575 -0.00992594   0.0144815           0
EndNode2[0]<--->HoM1[0]
REAL
   0.428758   -0.011854 -0.00616812    0.233114
  -0.011854    0.054902  0.00981966  -0.0187309
-0.00616812  0.00981966   0.0810458  0.00175982
   0.233114  -0.0187309  0.00175982    0.435294
IMAGINARY
          0   0.0126485  -0.0167959   0.0107454
 -0.0126485           0  0.00177106  0.00843044
  0.0167959 -0.00177106           0 -0.00299602
 -0.0107454 -0.00843044  0.00299602           0
Repeater1[0]<--->EndNode1[0]
REAL
    0.437086    0.0138105   -0.0146075     0.243622
   0.0138105    0.0503311    0.0184602 -0.000881988
  -0.0146075    0.0184602    0.0622517   -0.0169084
    0.243622 -0.000881988   -0.0169084     0.450331
IMAGINARY
          0 -0.00282916 -0.00680884  -0.0135575
 0.00282916           0  0.00268796  -0.0144815
 0.00680884 -0.00268796           0  0.00992594
  0.0135575   0.0144815 -0.00992594           0
Repeater1[0]<--->HoM1[0]
REAL
   0.428758 -0.00616812   -0.011854    0.233114
-0.00616812   0.0810458  0.00981966  0.00175982
  -0.011854  0.00981966    0.054902  -0.0187309
   0.233114  0.00175982  -0.0187309    0.435294
IMAGINARY
          0  -0.0167959   0.0126485   0.0107454
  0.0167959           0 -0.00177106 -0.00299602
 -0.0126485  0.00177106           0  0.00843044
 -0.0107454  0.00299602 -0.00843044           0
EndNode1[0]<--->Repeater1[0]
REAL
  0.436658 0.00165069  0.0197821   0.246917
0.00165069  0.0619946  0.0154592 0.00373273
 0.0197821  0.0154592  0.0444744  0.0144384
  0.246917 0.00373273  0.0144384   0.456873
IMAGINARY
          0 -0.00673993  0.00344138  0.00435945
 0.00673993           0   0.0373607 -0.00216261
-0.00344138  -0.0373607           0   0.0156913
-0.00435945  0.00216261  -0.0156913           0
EndNode2[0]<--->HoM1[0]
REAL
   0.442928   0.0144471     0.01201    0.228159
  0.0144471   0.0682382 -0.00189466 -0.00399516
    0.01201 -0.00189466   0.0632754  -0.0138306
   0.228159 -0.00399516  -0.0138306    0.425558
IMAGINARY
           0   0.00374333 -0.000297062   -0.0231269
 -0.00374333            0    0.0123161   0.00561621
 0.000297062   -0.0123161            0   0.00822476
   0.0231269  -0.00561621  -0.00822476            0
Repeater1[0]<--->EndNode1[0]
REAL
  0.436658  0.0197821 0.00165069   0.246917
 0.0197821  0.0444744  0.0154592  0.0144384
0.00165069  0.0154592  0.0619946 0.00373273
  0.246917  0.0144384 0.00373273   0.456873
IMAGINARY
          0  0.00344138 -0.00673993  0.00435945
-0.00344138           0  -0.0373607   0.0156913
 0.00673993   0.0373607           0 -0.00216261
-0.00435945  -0.0156913  0.00216261           0
Repeater1[0]<--->HoM1[0]
REAL
   0.442928     0.01201   0.0144471    0.228159
    0.01201   0.0632754 -0.00189466  -0.0138306
  0.0144471 -0.00189466   0.0682382 -0.00399516
   0.228159  -0.0138306 -0.00399516    0.425558
IMAGINARY
           0 -0.000297062   0.00374333   -0.0231269
 0.000297062            0   -0.0123161   0.00822476
 -0.00374333    0.0123161            0   0.00561621
   0.0231269  -0.00822476  -0.00561621            0
EndNode1[0]<--->Repeater1[0]
REAL
   0.412821 -0.00275445 9.84032e-05    0.244231
-0.00275445   0.0679487  0.00772718  0.00512353
9.84032e-05  0.00772718   0.0692308   0.0105874
   0.244231  0.00512353   0.0105874        0.45
IMAGINARY
           0   0.00748483  0.000742571  -0.00600934
 -0.00748483            0  -0.00793488   -0.0251642
-0.000742571   0.00793488            0    0.0207928
  0.00600934    0.0251642   -0.0207928            0
EndNode2[0]<--->HoM1[0]
REAL
   0.474868  -0.0230653 -0.00987904    0.245626
 -0.0230653   0.0515873 -0.00403769   0.0172815
-0.00987904 -0.00403769   0.0462963   0.0170087
   0.245626   0.0172815   0.0170087    0.427249
IMAGINARY
          0 -0.00755482 -0.00294726  0.00649716
 0.00755482           0  -0.0125068    0.006312
 0.00294726   0.0125068           0  -0.0011935
-0.00649716   -0.006312   0.0011935           0
Repeater1[0]<--->EndNode1[0]
REAL
   0.412821 9.84032e-05 -0.00275445    0.244231
9.84032e-05   0.0692308  0.00772718   0.0105874
-0.00275445  0.00772718   0.0679487  0.00512353
   0.244231   0.0105874  0.00512353        0.45
IMAGINARY
           0  0.000742571   0.00748483  -0.00600934
-0.000742571            0   0.00793488    0.0207928
 -0.00748483  -0.00793488            0   -0.0251642
  0.00600934   -0.0207928    0.0251642            0
Repeater1[0]<--->HoM1[0]
REAL
   0.474868 -0.00987904  -0.0230653    0.245626
-0.00987904   0.0462963 -0.00403769   0.0170087
 -0.0230653 -0.00403769   0.0515873   0.0172815
   0.245626   0.0170087   0.0172815    0.427249
IMAGINARY
          0 -0.00294726 -0.00755482  0.00649716
 0.00294726           0   0.0125068  -0.0011935
 0.00755482  -0.0125068           0    0.006312
-0.00649716   0.0011935   -0.006312           0
EndNode1[0]<--->Repeater1[0]
REAL
   0.448549 -0.00815875  0.00311397    0.239984
-0.00815875   0.0514512  0.00160417 -0.00378691
 0.00311397  0.00160417   0.0567282   0.0074858
   0.239984 -0.00378691   0.0074858    0.443272
IMAGINARY
          0  0.00871534  0.00188867   0.0185413
-0.00871534           0 -0.00330956 -0.00122466
-0.00188867  0.00330956           0  0.00257284
 -0.0185413  0.00122466 -0.00257284           0
EndNode2[0]<--->HoM1[0]
REAL
   0.44504 -0.0147587  -0.020778   0.219155
-0.0147587  0.0495979 0.00279619 -0.0182464
 -0.020778 0.00279619  0.0603217 -0.0120705
  0.219155 -0.0182464 -0.0120705    0.44504
IMAGINARY
          0 -0.00696642  0.00445422  0.00251256
 0.00696642           0  0.00251256  -0.0202854
-0.00445422 -0.00251256           0  0.00300864
-0.00251256   0.0202854 -0.00300864           0
Repeater1[0]<--->EndNode1[0]
REAL
   0.448549  0.00311397 -0.00815875    0.239984
 0.00311397   0.0567282  0.00160417   0.0074858
-0.00815875  0.00160417   0.0514512 -0.00378691
   0.239984   0.0074858 -0.00378691    0.443272
IMAGINARY
          0  0.00188867  0.00871534   0.0185413
-0.00188867           0  0.00330956  0.00257284
-0.00871534 -0.00330956           0 -0.00122466
 -0.0185413 -0.00257284  0.00122466           0
Repeater1[0]<--->HoM1[0]
REAL
   0.44504  -0.020778 -0.0147587   0.219155
 -0.020778  0.0603217 0.00279619 -0.0120705
-0.0147587 0.00279619  0.0495979 -0.0182464
  0.219155 -0.0120705 -0.0182464    0.44504
IMAGINARY
          0  0.00445422 -0.00696642  0.00251256
-0.00445422           0 -0.00251256  0.00300864
 0.00696642  0.00251256           0  -0.0202854
-0.00251256 -0.00300864   0.0202854           0
EndNode1[0]<--->Repeater1[0]
REAL
   0.423469 -0.00259067 -0.00159992    0.267154
-0.00259067   0.0471939   0.0242968 -0.00358143
-0.00159992   0.0242968      0.0625 -0.00388601
   0.267154 -0.00358143 -0.00388601    0.466837
IMAGINARY
          0   0.0104922   0.0026739   0.0137058
 -0.0104922           0 -0.00201748  -0.0169596
 -0.0026739  0.00201748           0   0.0149736
 -0.0137058   0.0169596  -0.0149736           0
EndNode2[0]<--->HoM1[0]
REAL
   0.405256  0.00300746   -0.012172    0.235682
 0.00300746   0.0580913  -0.0212167 -0.00355129
  -0.012172  -0.0212167   0.0594744  -0.0199886
   0.235682 -0.00355129  -0.0199886    0.477178
IMAGINARY
          0  -0.0177782 -0.00565904  -0.0152015
  0.0177782           0  -0.0120005 -0.00682454
 0.00565904   0.0120005           0   0.0263195
  0.0152015  0.00682454  -0.0263195           0
Repeater1[0]<--->EndNode1[0]
REAL
   0.423469 -0.00159992 -0.00259067    0.267154
-0.00159992      0.0625   0.0242968 -0.00388601
-0.00259067   0.0242968   0.0471939 -0.00358143
   0.267154 -0.00388601 -0.00358143    0.466837
IMAGINARY
          0   0.0026739   0.0104922   0.0137058
 -0.0026739           0  0.00201748   0.0149736
 -0.0104922 -0.00201748           0  -0.0169596
 -0.0137058  -0.0149736   0.0169596           0
Repeater1[0]<--->HoM1[0]
REAL
   0.405256   -0.012172  0.00300746    0.235682
  -0.012172   0.0594744  -0.0212167  -0.0199886
 0.00300746  -0.0212167   0.0580913 -0.00355129
   0.235682  -0.0199886 -0.00355129    0.477178
IMAGINARY
          0 -0.00565904  -0.0177782  -0.0152015
 0.00565904           0   0.0120005   0.0263195
  0.0177782  -0.0120005           0 -0.00682454
  0.0152015  -0.0263195  0.00682454           0
EndNode1[0]<--->Repeater1[0]
REAL
   0.437346  0.00123117  0.00846427    0.260164
 0.00123117   0.0601966   0.0013639  -0.0104406
 0.00846427   0.0013639   0.0773956 -0.00188993
   0.260164  -0.0104406 -0.00188993    0.425061
IMAGINARY
           0   -0.0029331 -2.42105e-05   0.00488429
   0.0029331            0     0.026011   -0.0240957
 2.42105e-05    -0.026011            0    0.0179266
 -0.00488429    0.0240957   -0.0179266            0
EndNode2[0]<--->HoM1[0]
REAL
  0.415686  0.0114651  0.0145314   0.241995
 0.0114651  0.0705882  0.0227833 0.00517307
 0.0145314  0.0227833  0.0522876 0.00208171
  0.241995 0.00517307 0.00208171   0.461438
IMAGINARY
          0   0.0269137 -0.00526092 -0.00942078
 -0.0269137           0  -0.0288508 -0.00335977
 0.00526092   0.0288508           0   0.0161898
 0.00942078  0.00335977  -0.0161898           0
Repeater1[0]<--->EndNode1[0]
REAL
   0.437346  0.00846427  0.00123117    0.260164
 0.00846427   0.0773956   0.0013639 -0.00188993
 0.00123117   0.0013639   0.0601966  -0.0104406
   0.260164 -0.00188993  -0.0104406    0.425061
IMAGINARY
           0 -2.42105e-05   -0.0029331   0.00488429
 2.42105e-05            0    -0.026011    0.0179266
   0.0029331     0.026011            0   -0.0240957
 -0.00488429   -0.0179266    0.0240957            0
Repeater1[0]<--->HoM1[0]
REAL
  0.415686  0.0145314  0.0114651   0.241995
 0.0145314  0.0522876  0.0227833 0.00208171
 0.0114651  0.0227833  0.0705882 0.00517307
  0.241995 0.00208171 0.00517307   0.461438
IMAGINARY
          0 -0.00526092   0.0269137 -0.00942078
 0.00526092           0   0.0288508   0.0161898
 -0.0269137  -0.0288508           0 -0.00335977
 0.00942078  -0.0161898  0.00335977           0
EndNode1[0]<--->Repeater1[0]
REAL
   0.445844 0.000687841 -0.00882787    0.245268
0.000687841   0.0541562  0.00855883  -0.0154068
-0.00882787  0.00855883   0.0579345 -0.00323886
   0.245268  -0.0154068 -0.00323886    0.442065
IMAGINARY
          0   0.0259061   0.0114427   0.0102547
 -0.0259061           0   0.0069867 -0.00511359
 -0.0114427  -0.0069867           0  -0.0119821
 -0.0102547  0.00511359   0.0119821           0
EndNode2[0]<--->HoM1[0]
REAL
    0.403329   -0.0130892 -0.000424067      0.25904
  -0.0130892    0.0550576    0.0090399   -0.0232667
-0.000424067    0.0090399    0.0729834   -0.0106016
     0.25904   -0.0232667   -0.0106016      0.46863
IMAGINARY
          0  0.00770831 -0.00712263 -0.00157202
-0.00770831           0  0.00418982   0.0138431
 0.00712263 -0.00418982           0   0.0017003
 0.00157202  -0.0138431  -0.0017003           0
Repeater1[0]<--->EndNode1[0]
REAL
   0.445844 -0.00882787 0.000687841    0.245268
-0.00882787   0.0579345  0.00855883 -0.00323886
0.000687841  0.00855883   0.0541562  -0.0154068
   0.245268 -0.00323886  -0.0154068    0.442065
IMAGINARY
          0   0.0114427   0.0259061   0.0102547
 -0.0114427           0  -0.0069867  -0.0119821
 -0.0259061   0.0069867           0 -0.00511359
 -0.0102547   0.0119821  0.00511359           0
Repeater1[0]<--->HoM1[0]
REAL
    0.403329 -0.000424067   -0.0130892      0.25904
-0.000424067    0.0729834    0.0090399   -0.0106016
  -0.0130892    0.0090399    0.0550576   -0.0232667
     0.25904   -0.0106016   -0.0232667      0.46863
IMAGINARY
          0 -0.00712263  0.00770831 -0.00157202
 0.00712263           0 -0.00418982   0.0017003
-0.00770831  0.00418982           0   0.0138431
 0.00157202  -0.0017003  -0.0138431           0
EndNode1[0]<--->Repeater1[0]
REAL
   0.442231    0.012916   0.0112904    0.244845
   0.012916    0.063745 -0.00128866   0.0119054
  0.0112904 -0.00128866   0.0531208   0.0167231
   0.244845   0.0119054   0.0167231    0.440903
IMAGINARY
          0   -0.014973   0.0126653 -0.00088445
   0.014973           0  0.00999903   0.0247058
 -0.0126653 -0.00999903           0 -0.00306824
 0.00088445  -0.0247058  0.00306824           0
EndNode2[0]<--->HoM1[0]
REAL
   0.430851 -0.00772858  -0.0184659    0.257023
-0.00772858   0.0704787 -0.00199775 -0.00917226
 -0.0184659 -0.00199775   0.0664894  0.00395973
   0.257023 -0.00917226  0.00395973    0.432181
IMAGINARY
          0 -0.00902062   0.0010839  -0.0274417
 0.00902062           0   0.0137054   0.0118027
 -0.0010839  -0.0137054           0  0.00257732
  0.0274417  -0.0118027 -0.00257732           0
Repeater1[0]<--->EndNode1[0]
REAL
   0.442231   0.0112904    0.012916    0.244845
  0.0112904   0.0531208 -0.00128866   0.0167231
   0.012916 -0.00128866    0.063745   0.0119054
   0.244845   0.0167231   0.0119054    0.440903
IMAGINARY
          0   0.0126653   -0.014973 -0.00088445
 -0.0126653           0 -0.00999903 -0.00306824
   0.014973  0.00999903           0   0.0247058
 0.00088445  0.00306824  -0.0247058           0
Repeater1[0]<--->HoM1[0]
REAL
   0.430851  -0.0184659 -0.00772858    0.257023
 -0.0184659   0.0664894 -0.00199775  0.00395973
-0.00772858 -0.00199775   0.0704787 -0.00917226
   0.257023  0.00395973 -0.00917226    0.432181
IMAGINARY
          0   0.0010839 -0.00902062  -0.0274417
 -0.0010839           0  -0.0137054  0.00257732
 0.00902062   0.0137054           0   0.0118027
  0.0274417 -0.00257732  -0.0118027           0
EndNode1[0]<--->Repeater1[0]
REAL
   0.397972  -0.0106255    0.017395    0.218857
 -0.0106255   0.0583016 -0.00697075   -0.013519
   0.017395 -0.00697075   0.0646388 -0.00487837
   0.218857   -0.013519 -0.00487837    0.479087
IMAGINARY
           0   0.00103987   -0.0189495   0.00643286
 -0.00103987            0  0.000198443  -0.00687833
   0.0189495 -0.000198443            0   0.00227139
 -0.00643286   0.00687833  -0.00227139            0
EndNode2[0]<--->HoM1[0]
REAL
    0.45765  -0.0180773 -0.00230552    0.229538
 -0.0180773   0.0532787   0.0102394    0.017795
-0.00230552   0.0102394    0.057377   0.0186969
   0.229538    0.017795   0.0186969    0.431694
IMAGINARY
          0  -0.0167004  -0.0176962  -0.0104289
  0.0167004           0  0.00229374  -0.0113186
  0.0176962 -0.00229374           0  0.00253036
  0.0104289   0.0113186 -0.00253036           0
Repeater1[0]<--->EndNode1[0]
REAL
   0.397972    0.017395  -0.0106255    0.218857
   0.017395   0.0646388 -0.00697075 -0.00487837
 -0.0106255 -0.00697075   0.0583016   -0.013519
   0.218857 -0.00487837   -0.013519    0.479087
IMAGINARY
           0   -0.0189495   0.00103987   0.00643286
   0.0189495            0 -0.000198443   0.00227139
 -0.00103987  0.000198443            0  -0.00687833
 -0.00643286  -0.00227139   0.00687833            0
Repeater1[0]<--->HoM1[0]
REAL
    0.45765 -0.00230552  -0.0180773    0.229538
-0.00230552    0.057377   0.0102394   0.0186969
 -0.0180773   0.0102394   0.0532787    0.017795
   0.229538   0.0186969    0.017795    0.431694
IMAGINARY
          0  -0.0176962  -0.0167004  -0.0104289
  0.0176962           0 -0.00229374  0.00253036
  0.0167004  0.00229374           0  -0.0113186
  0.0104289 -0.00253036   0.0113186           0
EndNode1[0]<--->Repeater1[0]
REAL
   0.417202 -0.00798884  0.00325277    0.234728
-0.00798884   0.0603338 -0.00606539  -0.0153547
 0.00325277 -0.00606539    0.071887  -0.0308647
   0.234728  -0.0153547  -0.0308647    0.450578
IMAGINARY
          0 -0.00592883  0.00547712  0.00753254
 0.00592883           0  -0.0106151   0.0299336
-0.00547712   0.0106151           0   0.0144274
-0.00753254  -0.0299336  -0.0144274           0
EndNode2[0]<--->HoM1[0]
REAL
   0.476573 -0.00399169  -0.0192554    0.223939
-0.00399169   0.0495315  -0.0052277  -0.0172997
 -0.0192554  -0.0052277   0.0548862   -0.021411
   0.223939  -0.0172997   -0.021411    0.419009
IMAGINARY
          0  -0.0135403   0.0159995  -0.0114418
  0.0135403           0 -0.00746302 -0.00251906
 -0.0159995  0.00746302           0   0.0135403
  0.0114418  0.00251906  -0.0135403           0
Repeater1[0]<--->EndNode1[0]
REAL
   0.417202  0.00325277 -0.00798884    0.234728
 0.00325277    0.071887 -0.00606539  -0.0308647
-0.00798884 -0.00606539   0.0603338  -0.0153547
   0.234728  -0.0308647  -0.0153547    0.450578
IMAGINARY
          0  0.00547712 -0.00592883  0.00753254
-0.00547712           0   0.0106151   0.0144274
 0.00592883  -0.0106151           0   0.0299336
-0.00753254  -0.0144274  -0.0299336           0
Repeater1[0]<--->HoM1[0]
REAL
   0.476573  -0.0192554 -0.00399169    0.223939
 -0.0192554   0.0548862  -0.0052277   -0.021411
-0.00399169  -0.0052277   0.0495315  -0.0172997
   0.223939   -0.021411  -0.0172997    0.419009
IMAGINARY
          0   0.0159995  -0.0135403  -0.0114418
 -0.0159995           0  0.00746302   0.0135403
  0.0135403 -0.00746302           0 -0.00251906
  0.0114418  -0.0135403  0.00251906           0
EndNode1[0]<--->Repeater1[0]
REAL
    0.46634  -0.0190414 -0.00102422    0.243309
 -0.0190414   0.0648715  0.00371128  -0.0181811
-0.00102422  0.00371128   0.0440636  0.00116061
   0.243309  -0.0181811  0.00116061    0.424725
IMAGINARY
          0   0.0103758  0.00400125  0.00186104
 -0.0103758           0 -0.00186104   0.0181464
-0.00400125  0.00186104           0 -0.00299322
-0.00186104  -0.0181464  0.00299322           0
EndNode2[0]<--->HoM1[0]
REAL
   0.440722  0.00217312   0.0384203    0.230559
 0.00217312   0.0618557   0.0150197 -0.00508701
  0.0384203   0.0150197    0.056701  0.00530988
   0.230559 -0.00508701  0.00530988    0.440722
IMAGINARY
          0  0.00817693  -0.0182164 -0.00072854
-0.00817693           0 -0.00316756 -0.00183371
  0.0182164  0.00316756           0 -0.00441753
 0.00072854  0.00183371  0.00441753           0
Repeater1[0]<--->EndNode1[0]
REAL
    0.46634 -0.00102422  -0.0190414    0.243309
-0.00102422   0.0440636  0.00371128  0.00116061
 -0.0190414  0.00371128   0.0648715  -0.0181811
   0.243309  0.00116061  -0.0181811    0.424725
IMAGINARY
          0  0.00400125   0.0103758  0.00186104
-0.00400125           0  0.00186104 -0.00299322
 -0.0103758 -0.00186104           0   0.0181464
-0.00186104  0.00299322  -0.0181464           0
Repeater1[0]<--->HoM1[0]
REAL
   0.440722   0.0384203  0.00217312    0.230559
  0.0384203    0.056701   0.0150197  0.00530988
 0.00217312   0.0150197   0.0618557 -0.00508701
   0.230559  0.00530988 -0.00508701    0.440722
IMAGINARY
          0  -0.0182164  0.00817693 -0.00072854
  0.0182164           0  0.00316756 -0.00441753
-0.00817693 -0.00316756           0 -0.00183371
 0.00072854  0.00441753  0.00183371           0
EndNode1[0]<--->Repeater1[0]
REAL
    0.45398   0.0148211   0.0024606     0.24756
  0.0148211   0.0646766  -0.0139688  -0.0108261
  0.0024606  -0.0139688   0.0634328 -0.00645554
    0.24756  -0.0108261 -0.00645554     0.41791
IMAGINARY
           0     0.029879   -0.0209976  -0.00297147
   -0.029879            0   -0.0250598  0.000575998
   0.0209976    0.0250598            0    0.0129405
  0.00297147 -0.000575998   -0.0129405            0
EndNode2[0]<--->HoM1[0]
REAL
