EndNode1[0]<--->Repeater1[0]
REAL
   0.490065  0.00772983  0.00682906    0.357467
 0.00772983   0.0100334 1.76565e-05   0.0093386
 0.00682906 1.76565e-05   0.0121975  0.00684103
   0.357467   0.0093386  0.00684103    0.487704
IMAGINARY
          0  -0.0040051 -0.00951963 -0.00334193
  0.0040051           0   0.0021303 -0.00951963
 0.00951963  -0.0021303           0  0.00898459
 0.00334193  0.00951963 -0.00898459           0
EndNode2[0]<--->HoM6[0]
REAL
    0.491631   0.00171601  -0.00285533     0.424075
  0.00171601   0.00383142   0.00459617   0.00435383
 -0.00285533   0.00459617   0.00342811 -0.000816914
    0.424075   0.00435383 -0.000816914     0.501109
IMAGINARY
           0  -0.00323589  -0.00487362  0.000940866
  0.00323589            0  -0.00214617   0.00161725
  0.00487362   0.00214617            0   0.00846581
-0.000940866  -0.00161725  -0.00846581            0
Repeater1[0]<--->EndNode1[0]
REAL
   0.490065  0.00682906  0.00772983    0.357467
 0.00682906   0.0121975 1.76565e-05  0.00684103
 0.00772983 1.76565e-05   0.0100334   0.0093386
   0.357467  0.00684103   0.0093386    0.487704
IMAGINARY
          0 -0.00951963  -0.0040051 -0.00334193
 0.00951963           0  -0.0021303  0.00898459
  0.0040051   0.0021303           0 -0.00951963
 0.00334193 -0.00898459  0.00951963           0
Repeater1[0]<--->HoM1[0]
REAL
   0.476608  0.00718398   0.0077519      0.3506
 0.00718398  0.00935696 0.000912525  0.00538504
  0.0077519 0.000912525   0.0119451  0.00595296
     0.3506  0.00538504  0.00595296     0.50209
IMAGINARY
           0  -0.00332871   0.00105546   0.00944682
  0.00332871            0  -0.00600262  0.000657213
 -0.00105546   0.00600262            0    0.0068548
 -0.00944682 -0.000657213   -0.0068548            0
Repeater2[0]<--->HoM1[0]
REAL
   0.476608   0.0077519  0.00718398      0.3506
  0.0077519   0.0119451 0.000912525  0.00595296
 0.00718398 0.000912525  0.00935696  0.00538504
     0.3506  0.00595296  0.00538504     0.50209
IMAGINARY
           0   0.00105546  -0.00332871   0.00944682
 -0.00105546            0   0.00600262    0.0068548
  0.00332871  -0.00600262            0  0.000657213
 -0.00944682   -0.0068548 -0.000657213            0
Repeater2[0]<--->Repeater3[0]
REAL
   0.464243 -0.00902804 -0.00114903    0.228303
-0.00902804   0.0429485  0.00424161  0.00195159
-0.00114903  0.00424161   0.0459449 -0.00120471
   0.228303  0.00195159 -0.00120471    0.446864
IMAGINARY
          0 -0.00384823 -0.00348201  0.00633126
 0.00384823           0  0.00084771  0.00216221
 0.00348201 -0.00084771           0  0.00293452
-0.00633126 -0.00216221 -0.00293452           0
Repeater3[0]<--->Repeater2[0]
REAL
   0.464243 -0.00114903 -0.00902804    0.228303
-0.00114903   0.0459449  0.00424161 -0.00120471
-0.00902804  0.00424161   0.0429485  0.00195159
   0.228303 -0.00120471  0.00195159    0.446864
IMAGINARY
          0 -0.00348201 -0.00384823  0.00633126
 0.00348201           0 -0.00084771  0.00293452
 0.00384823  0.00084771           0  0.00216221
-0.00633126 -0.00293452 -0.00216221           0
Repeater3[0]<--->HoM2[0]
REAL
   0.452584  -0.0028725 0.000648111    0.215489
 -0.0028725   0.0395961   0.0015656  -0.0016681
0.000648111   0.0015656   0.0380123 -0.00120747
   0.215489  -0.0016681 -0.00120747    0.469808
IMAGINARY
           0    0.0016499 -0.000559328   0.00450509
  -0.0016499            0   0.00732199   0.00475773
 0.000559328  -0.00732199            0 -0.000185339
 -0.00450509  -0.00475773  0.000185339            0
Repeater4[0]<--->HoM2[0]
REAL
   0.452584 0.000648111  -0.0028725    0.215489
0.000648111   0.0380123   0.0015656 -0.00120747
 -0.0028725   0.0015656   0.0395961  -0.0016681
   0.215489 -0.00120747  -0.0016681    0.469808
IMAGINARY
           0 -0.000559328    0.0016499   0.00450509
 0.000559328            0  -0.00732199 -0.000185339
  -0.0016499   0.00732199            0   0.00475773
 -0.00450509  0.000185339  -0.00475773            0
Repeater4[0]<--->Repeater5[0]
REAL
   0.424633 -0.00427385 -0.00510735    0.138222
-0.00427385   0.0807219  0.00379431 -0.00862352
-0.00510735  0.00379431   0.0777469 -0.00769162
   0.138222 -0.00862352 -0.00769162    0.416898
IMAGINARY
          0 -0.00094512  0.00406372 -0.00217678
 0.00094512           0 -0.00624343 -0.00854133
-0.00406372  0.00624343           0  -0.0039305
 0.00217678  0.00854133   0.0039305           0
Repeater5[0]<--->Repeater4[0]
REAL
   0.424633 -0.00510735 -0.00427385    0.138222
-0.00510735   0.0777469  0.00379431 -0.00769162
-0.00427385  0.00379431   0.0807219 -0.00862352
   0.138222 -0.00769162 -0.00862352    0.416898
IMAGINARY
          0  0.00406372 -0.00094512 -0.00217678
-0.00406372           0  0.00624343  -0.0039305
 0.00094512 -0.00624343           0 -0.00854133
 0.00217678   0.0039305  0.00854133           0
Repeater5[0]<--->HoM3[0]
REAL
   0.426033 -0.00164007 -0.00674544    0.128369
-0.00164007   0.0806548 -0.00384936 -0.00144797
-0.00674544 -0.00384936   0.0748652 -0.00412566
   0.128369 -0.00144797 -0.00412566    0.418447
IMAGINARY
          0  0.00502314  0.00998084  0.00403573
-0.00502314           0  0.00704053  -0.0105782
-0.00998084 -0.00704053           0  0.00373831
-0.00403573   0.0105782 -0.00373831           0
Repeater6[0]<--->HoM3[0]
REAL
   0.426033 -0.00674544 -0.00164007    0.128369
-0.00674544   0.0748652 -0.00384936 -0.00412566
-0.00164007 -0.00384936   0.0806548 -0.00144797
   0.128369 -0.00412566 -0.00144797    0.418447
IMAGINARY
          0  0.00998084  0.00502314  0.00403573
-0.00998084           0 -0.00704053  0.00373831
-0.00502314  0.00704053           0  -0.0105782
-0.00403573 -0.00373831   0.0105782           0
Repeater6[0]<--->Repeater7[0]
REAL
   0.376068 0.000175988 -0.00466807   0.0807293
0.000175988    0.119459  -0.0106025 -0.00305776
-0.00466807  -0.0106025    0.115683   0.0016069
  0.0807293 -0.00305776   0.0016069     0.38879
IMAGINARY
          0  0.00412784  0.00513623 -0.00160949
-0.00412784           0 -0.00350381  0.00268091
-0.00513623  0.00350381           0 -0.00106036
 0.00160949 -0.00268091  0.00106036           0
Repeater7[0]<--->Repeater6[0]
REAL
   0.376068 -0.00466807 0.000175988   0.0807293
-0.00466807    0.115683  -0.0106025   0.0016069
0.000175988  -0.0106025    0.119459 -0.00305776
  0.0807293   0.0016069 -0.00305776     0.38879
IMAGINARY
          0  0.00513623  0.00412784 -0.00160949
-0.00513623           0  0.00350381 -0.00106036
-0.00412784 -0.00350381           0  0.00268091
 0.00160949  0.00106036 -0.00268091           0
Repeater7[0]<--->HoM4[0]
REAL
   0.393846 -0.00570042 -0.00419599   0.0772417
-0.00570042    0.119179  0.00284658 0.000582983
-0.00419599  0.00284658    0.110359 -0.00794871
  0.0772417 0.000582983 -0.00794871    0.376615
IMAGINARY
           0 -0.000143842   0.00206287  -0.00486837
 0.000143842            0  -0.00248458  0.000961326
 -0.00206287   0.00248458            0    0.0025632
  0.00486837 -0.000961326   -0.0025632            0
Repeater8[0]<--->HoM4[0]
REAL
   0.393846 -0.00419599 -0.00570042   0.0772417
-0.00419599    0.110359  0.00284658 -0.00794871
-0.00570042  0.00284658    0.119179 0.000582983
  0.0772417 -0.00794871 0.000582983    0.376615
IMAGINARY
           0   0.00206287 -0.000143842  -0.00486837
 -0.00206287            0   0.00248458    0.0025632
 0.000143842  -0.00248458            0  0.000961326
  0.00486837   -0.0025632 -0.000961326            0
Repeater8[0]<--->Repeater9[0]
REAL
   0.357382  0.00306562   0.0014663   0.0576735
 0.00306562    0.141144  -0.0024163 -0.00239586
  0.0014663  -0.0024163    0.155691  0.00116904
  0.0576735 -0.00239586  0.00116904    0.345783
IMAGINARY
          0 -0.00186129   -0.005273   0.0123135
 0.00186129           0  -0.0144883 -0.00360274
   0.005273   0.0144883           0 -0.00477001
 -0.0123135  0.00360274  0.00477001           0
Repeater9[0]<--->Repeater8[0]
REAL
   0.357382   0.0014663  0.00306562   0.0576735
  0.0014663    0.155691  -0.0024163  0.00116904
 0.00306562  -0.0024163    0.141144 -0.00239586
  0.0576735  0.00116904 -0.00239586    0.345783
IMAGINARY
          0   -0.005273 -0.00186129   0.0123135
   0.005273           0   0.0144883 -0.00477001
 0.00186129  -0.0144883           0 -0.00360274
 -0.0123135  0.00477001  0.00360274           0
Repeater9[0]<--->HoM5[0]
REAL
   0.353331 -0.00190049  -0.0002453   0.0417746
-0.00190049     0.15951 -0.00261981  0.00194768
 -0.0002453 -0.00261981     0.14386 -0.00460862
  0.0417746  0.00194768 -0.00460862    0.343299
IMAGINARY
          0  0.00741354  -0.0131678  0.00829117
-0.00741354           0 -0.00382515  0.00477989
  0.0131678  0.00382515           0  -0.0020944
-0.00829117 -0.00477989   0.0020944           0
Repeater10[0]<--->HoM5[0]
REAL
   0.353331  -0.0002453 -0.00190049   0.0417746
 -0.0002453     0.14386 -0.00261981 -0.00460862
-0.00190049 -0.00261981     0.15951  0.00194768
  0.0417746 -0.00460862  0.00194768    0.343299
IMAGINARY
          0  -0.0131678  0.00741354  0.00829117
  0.0131678           0  0.00382515  -0.0020944
-0.00741354 -0.00382515           0  0.00477989
-0.00829117   0.0020944 -0.00477989           0
Repeater10[0]<--->Repeater11[0]
REAL
    0.490451   0.00577826   0.00514987     0.419377
  0.00577826   0.00295334  -0.00174357 -0.000751633
  0.00514987  -0.00174357   0.00255956  0.000219338
    0.419377 -0.000751633  0.000219338     0.504036
IMAGINARY
          0  0.00306249  0.00810191 -0.00260402
-0.00306249           0  0.00290589 -0.00603132
-0.00810191 -0.00290589           0 -0.00237229
 0.00260402  0.00603132  0.00237229           0
Repeater11[0]<--->Repeater10[0]
REAL
    0.490451   0.00514987   0.00577826     0.419377
  0.00514987   0.00255956  -0.00174357  0.000219338
  0.00577826  -0.00174357   0.00295334 -0.000751633
    0.419377  0.000219338 -0.000751633     0.504036
IMAGINARY
          0  0.00810191  0.00306249 -0.00260402
-0.00810191           0 -0.00290589 -0.00237229
-0.00306249  0.00290589           0 -0.00603132
 0.00260402  0.00237229  0.00603132           0
Repeater11[0]<--->HoM6[0]
REAL
    0.491631  -0.00285533   0.00171601     0.424075
 -0.00285533   0.00342811   0.00459617 -0.000816914
  0.00171601   0.00459617   0.00383142   0.00435383
    0.424075 -0.000816914   0.00435383     0.501109
IMAGINARY
           0  -0.00487362  -0.00323589  0.000940866
  0.00487362            0   0.00214617   0.00846581
  0.00323589  -0.00214617            0   0.00161725
-0.000940866  -0.00846581  -0.00161725            0
EndNode1[0]<--->Repeater1[0]
REAL
    0.491492   0.00676474    0.0102499     0.350713
  0.00676474    0.0152552 -0.000156907   -0.0112435
   0.0102499 -0.000156907    0.0140818   -0.0105406
    0.350713   -0.0112435   -0.0105406     0.479171
IMAGINARY
           0   -0.0088329  0.000447681  0.000304437
   0.0088329            0  -0.00569796   0.00607922
-0.000447681   0.00569796            0  -0.00125412
-0.000304437  -0.00607922   0.00125412            0
EndNode2[0]<--->HoM6[0]
REAL
   0.506168  0.00505578 0.000487722    0.424637
 0.00505578  0.00323559 -0.00411608  0.00261538
0.000487722 -0.00411608  0.00262892 -0.00215287
   0.424637  0.00261538 -0.00215287    0.487968
IMAGINARY
          0  0.00361849 -0.00526545  0.00265753
-0.00361849           0  0.00562195 -0.00556805
 0.00526545 -0.00562195           0  0.00272545
-0.00265753  0.00556805 -0.00272545           0
Repeater1[0]<--->EndNode1[0]
REAL
    0.491492    0.0102499   0.00676474     0.350713
   0.0102499    0.0140818 -0.000156907   -0.0105406
  0.00676474 -0.000156907    0.0152552   -0.0112435
    0.350713   -0.0105406   -0.0112435     0.479171
IMAGINARY
           0  0.000447681   -0.0088329  0.000304437
-0.000447681            0   0.00569796  -0.00125412
   0.0088329  -0.00569796            0   0.00607922
-0.000304437   0.00125412  -0.00607922            0
Repeater1[0]<--->HoM1[0]
REAL
   0.476637  0.00256214 -0.00014963    0.354042
 0.00256214   0.0144673 -0.00657109 -0.00303635
-0.00014963 -0.00657109   0.0101662 -0.00335864
   0.354042 -0.00303635 -0.00335864    0.498729
IMAGINARY
           0    -0.002092  0.000289363  -0.00375847
    0.002092            0   0.00604157   0.00090538
-0.000289363  -0.00604157            0  -0.00189047
  0.00375847  -0.00090538   0.00189047            0
Repeater2[0]<--->HoM1[0]
REAL
   0.476637 -0.00014963  0.00256214    0.354042
-0.00014963   0.0101662 -0.00657109 -0.00335864
 0.00256214 -0.00657109   0.0144673 -0.00303635
   0.354042 -0.00335864 -0.00303635    0.498729
IMAGINARY
           0  0.000289363    -0.002092  -0.00375847
-0.000289363            0  -0.00604157  -0.00189047
    0.002092   0.00604157            0   0.00090538
  0.00375847   0.00189047  -0.00090538            0
Repeater2[0]<--->Repeater3[0]
REAL
   0.456509  0.00389063 -0.00268817    0.219773
 0.00389063   0.0395921 -0.00531611 -0.00268817
-0.00268817 -0.00531611   0.0391922  0.00268046
   0.219773 -0.00268817  0.00268046    0.464707
IMAGINARY
           0    0.0061619  -0.00196365   0.00080564
  -0.0061619            0 -0.000403549  -0.00355033
  0.00196365  0.000403549            0   0.00525992
 -0.00080564   0.00355033  -0.00525992            0
Repeater3[0]<--->Repeater2[0]
REAL
   0.456509 -0.00268817  0.00389063    0.219773
-0.00268817   0.0391922 -0.00531611  0.00268046
 0.00389063 -0.00531611   0.0395921 -0.00268817
   0.219773  0.00268046 -0.00268817    0.464707
IMAGINARY
           0  -0.00196365    0.0061619   0.00080564
  0.00196365            0  0.000403549   0.00525992
  -0.0061619 -0.000403549            0  -0.00355033
 -0.00080564  -0.00525992   0.00355033            0
Repeater3[0]<--->HoM2[0]
REAL
   0.446783 -0.00218771  0.00471637    0.220991
-0.00218771   0.0463019  0.00293436  0.00155806
 0.00471637  0.00293436   0.0438966  0.00146769
   0.220991  0.00155806  0.00146769    0.463019
IMAGINARY
           0   -0.0115058   0.00172953  0.000909901
   0.0115058            0   0.00552097  -0.00922803
 -0.00172953  -0.00552097            0  -0.00139163
-0.000909901   0.00922803   0.00139163            0
Repeater4[0]<--->HoM2[0]
REAL
   0.446783  0.00471637 -0.00218771    0.220991
 0.00471637   0.0438966  0.00293436  0.00146769
-0.00218771  0.00293436   0.0463019  0.00155806
   0.220991  0.00146769  0.00155806    0.463019
IMAGINARY
           0   0.00172953   -0.0115058  0.000909901
 -0.00172953            0  -0.00552097  -0.00139163
   0.0115058   0.00552097            0  -0.00922803
-0.000909901   0.00139163   0.00922803            0
Repeater4[0]<--->Repeater5[0]
REAL
   0.429111  0.00780205 0.000885101    0.141492
 0.00780205   0.0775502  0.00342505  0.00760334
0.000885101  0.00342505   0.0749652 0.000686395
   0.141492  0.00760334 0.000686395    0.418373
IMAGINARY
           0   0.00330135  -0.00557254  -0.00114638
 -0.00330135            0  -0.00366603  -0.00567006
  0.00557254   0.00366603            0 -0.000145529
  0.00114638   0.00567006  0.000145529            0
Repeater5[0]<--->Repeater4[0]
REAL
   0.429111 0.000885101  0.00780205    0.141492
0.000885101   0.0749652  0.00342505 0.000686395
 0.00780205  0.00342505   0.0775502  0.00760334
   0.141492 0.000686395  0.00760334    0.418373
IMAGINARY
           0  -0.00557254   0.00330135  -0.00114638
  0.00557254            0   0.00366603 -0.000145529
 -0.00330135  -0.00366603            0  -0.00567006
  0.00114638  0.000145529   0.00567006            0
Repeater5[0]<--->HoM3[0]
REAL
    0.42503 -0.00372062  0.00277887    0.135695
-0.00372062   0.0745736 -0.00471161 -0.00267788
 0.00277887 -0.00471161   0.0759619 -0.00203579
   0.135695 -0.00267788 -0.00203579    0.424435
IMAGINARY
          0 -0.00482983   0.0027442 -0.00346029
 0.00482983           0 -0.00474665  0.00483458
 -0.0027442  0.00474665           0 -0.00414504
 0.00346029 -0.00483458  0.00414504           0
Repeater6[0]<--->HoM3[0]
REAL
    0.42503  0.00277887 -0.00372062    0.135695
 0.00277887   0.0759619 -0.00471161 -0.00203579
-0.00372062 -0.00471161   0.0745736 -0.00267788
   0.135695 -0.00203579 -0.00267788    0.424435
IMAGINARY
          0   0.0027442 -0.00482983 -0.00346029
 -0.0027442           0  0.00474665 -0.00414504
 0.00482983 -0.00474665           0  0.00483458
 0.00346029  0.00414504 -0.00483458           0
Repeater6[0]<--->Repeater7[0]
REAL
   0.392291 0.000191692 -0.00376711   0.0847539
0.000191692     0.11323 -0.00567898 -0.00259524
-0.00376711 -0.00567898    0.120257 -0.00372633
  0.0847539 -0.00259524 -0.00372633    0.374222
IMAGINARY
           0   0.00972064 -0.000691191  -0.00983023
 -0.00972064            0   0.00566441  -0.00177965
 0.000691191  -0.00566441            0   0.00421493
  0.00983023   0.00177965  -0.00421493            0
Repeater7[0]<--->Repeater6[0]
REAL
   0.392291 -0.00376711 0.000191692   0.0847539
-0.00376711    0.120257 -0.00567898 -0.00372633
0.000191692 -0.00567898     0.11323 -0.00259524
  0.0847539 -0.00372633 -0.00259524    0.374222
IMAGINARY
           0 -0.000691191   0.00972064  -0.00983023
 0.000691191            0  -0.00566441   0.00421493
 -0.00972064   0.00566441            0  -0.00177965
  0.00983023  -0.00421493   0.00177965            0
Repeater7[0]<--->HoM4[0]
REAL
   0.380543  0.00777497 -0.00744293   0.0770548
 0.00777497    0.114263 -0.00236723  0.00595513
-0.00744293 -0.00236723    0.111067 0.000259149
  0.0770548  0.00595513 0.000259149    0.394127
IMAGINARY
          0   0.0014051  -0.0050055  0.00134112
 -0.0014051           0  0.00164693  0.00100878
  0.0050055 -0.00164693           0 -0.00355718
-0.00134112 -0.00100878  0.00355718           0
Repeater8[0]<--->HoM4[0]
REAL
   0.380543 -0.00744293  0.00777497   0.0770548
-0.00744293    0.111067 -0.00236723 0.000259149
 0.00777497 -0.00236723    0.114263  0.00595513
  0.0770548 0.000259149  0.00595513    0.394127
IMAGINARY
          0  -0.0050055   0.0014051  0.00134112
  0.0050055           0 -0.00164693 -0.00355718
 -0.0014051  0.00164693           0  0.00100878
-0.00134112  0.00355718 -0.00100878           0
Repeater8[0]<--->Repeater9[0]
REAL
   0.355639 -0.00827043  0.00312277    0.033864
-0.00827043    0.153316 -0.00251604 0.000991653
 0.00312277 -0.00251604    0.144657  0.00611526
   0.033864 0.000991653  0.00611526    0.346389
IMAGINARY
          0 -0.00120108 -0.00188759  0.00269681
 0.00120108           0  0.00207646  0.00178737
 0.00188759 -0.00207646           0  0.00270439
-0.00269681 -0.00178737 -0.00270439           0
Repeater9[0]<--->Repeater8[0]
REAL
   0.355639  0.00312277 -0.00827043    0.033864
 0.00312277    0.144657 -0.00251604  0.00611526
-0.00827043 -0.00251604    0.153316 0.000991653
   0.033864  0.00611526 0.000991653    0.346389
IMAGINARY
          0 -0.00188759 -0.00120108  0.00269681
 0.00188759           0 -0.00207646  0.00270439
 0.00120108  0.00207646           0  0.00178737
-0.00269681 -0.00270439 -0.00178737           0
Repeater9[0]<--->HoM5[0]
REAL
   0.350727 -0.00593969 -0.00245313   0.0408855
-0.00593969    0.136228  0.00578381  -0.0015357
-0.00245313  0.00578381    0.153555 -0.00423183
  0.0408855  -0.0015357 -0.00423183     0.35949
IMAGINARY
          0  0.00110728   0.0011704 -0.00130216
-0.00110728           0  0.00947628  0.00481285
 -0.0011704 -0.00947628           0  0.00467652
 0.00130216 -0.00481285 -0.00467652           0
Repeater10[0]<--->HoM5[0]
REAL
   0.350727 -0.00245313 -0.00593969   0.0408855
-0.00245313    0.153555  0.00578381 -0.00423183
-0.00593969  0.00578381    0.136228  -0.0015357
  0.0408855 -0.00423183  -0.0015357     0.35949
IMAGINARY
          0   0.0011704  0.00110728 -0.00130216
 -0.0011704           0 -0.00947628  0.00467652
-0.00110728  0.00947628           0  0.00481285
 0.00130216 -0.00467652 -0.00481285           0
Repeater10[0]<--->Repeater11[0]
REAL
    0.489328  -0.00420508  -0.00249616     0.426972
 -0.00420508    0.0027668  0.000477733  -0.00615024
 -0.00249616  0.000477733   0.00316206 -0.000664724
    0.426972  -0.00615024 -0.000664724     0.504743
IMAGINARY
           0   0.00509098  -0.00703837  0.000505234
 -0.00509098            0  -0.00139439 -2.94834e-05
  0.00703837   0.00139439            0  -0.00367741
-0.000505234  2.94834e-05   0.00367741            0
Repeater11[0]<--->Repeater10[0]
REAL
    0.489328  -0.00249616  -0.00420508     0.426972
 -0.00249616   0.00316206  0.000477733 -0.000664724
 -0.00420508  0.000477733    0.0027668  -0.00615024
    0.426972 -0.000664724  -0.00615024     0.504743
IMAGINARY
           0  -0.00703837   0.00509098  0.000505234
  0.00703837            0   0.00139439  -0.00367741
 -0.00509098  -0.00139439            0 -2.94834e-05
-0.000505234   0.00367741  2.94834e-05            0
Repeater11[0]<--->HoM6[0]
REAL
   0.506168 0.000487722  0.00505578    0.424637
0.000487722  0.00262892 -0.00411608 -0.00215287
 0.00505578 -0.00411608  0.00323559  0.00261538
   0.424637 -0.00215287  0.00261538    0.487968
IMAGINARY
          0 -0.00526545  0.00361849  0.00265753
 0.00526545           0 -0.00562195  0.00272545
-0.00361849  0.00562195           0 -0.00556805
-0.00265753 -0.00272545  0.00556805           0
EndNode1[0]<--->Repeater1[0]
REAL
   0.499405  0.00504055  0.00200596    0.350885
 0.00504055  0.00992457 -0.00431534 0.000894622
 0.00200596 -0.00431534    0.011711 6.04703e-05
   0.350885 0.000894622 6.04703e-05     0.47896
IMAGINARY
           0  -0.00116286   0.00823118 -0.000910912
  0.00116286            0   -0.0074462 -0.000431185
 -0.00823118    0.0074462            0  -0.00863714
 0.000910912  0.000431185   0.00863714            0
EndNode2[0]<--->HoM6[0]
REAL
   0.487256 -0.00242641  0.00263487    0.425839
-0.00242641  0.00238949 -0.00450843  0.00403711
 0.00263487 -0.00450843  0.00219036  0.00611093
   0.425839  0.00403711  0.00611093    0.508164
IMAGINARY
           0  -0.00258639   0.00250161 -0.000159424
  0.00258639            0  -0.00114136    0.0036152
 -0.00250161   0.00114136            0   0.00100786
 0.000159424   -0.0036152  -0.00100786            0
Repeater1[0]<--->EndNode1[0]
REAL
   0.499405  0.00200596  0.00504055    0.350885
 0.00200596    0.011711 -0.00431534 6.04703e-05
 0.00504055 -0.00431534  0.00992457 0.000894622
   0.350885 6.04703e-05 0.000894622     0.47896
IMAGINARY
           0   0.00823118  -0.00116286 -0.000910912
 -0.00823118            0    0.0074462  -0.00863714
  0.00116286   -0.0074462            0 -0.000431185
 0.000910912   0.00863714  0.000431185            0
Repeater1[0]<--->HoM1[0]
REAL
   0.489932 -0.00600806 -0.00754199    0.348946
-0.00600806  0.00997067 -0.00262098  0.00298641
-0.00754199 -0.00262098   0.0123167 -0.00117963
   0.348946  0.00298641 -0.00117963    0.487781
IMAGINARY
          0 -0.00272494  0.00649619  0.00406778
 0.00272494           0  0.00178558 -0.00304655
-0.00649619 -0.00178558           0   0.0010494
-0.00406778  0.00304655  -0.0010494           0
Repeater2[0]<--->HoM1[0]
REAL
   0.489932 -0.00754199 -0.00600806    0.348946
-0.00754199   0.0123167 -0.00262098 -0.00117963
-0.00600806 -0.00262098  0.00997067  0.00298641
   0.348946 -0.00117963  0.00298641    0.487781
IMAGINARY
          0  0.00649619 -0.00272494  0.00406778
-0.00649619           0 -0.00178558   0.0010494
 0.00272494  0.00178558           0 -0.00304655
-0.00406778  -0.0010494  0.00304655           0
Repeater2[0]<--->Repeater3[0]
REAL
    0.45636  0.00876886 -0.00737356    0.233405
 0.00876886    0.040516  0.00378204  0.00340058
-0.00737356  0.00378204   0.0445475  -0.0093648
   0.233405  0.00340058  -0.0093648    0.458577
IMAGINARY
           0  0.000548408   0.00707373  0.000100806
-0.000548408            0 -0.000503545  -0.00381736
 -0.00707373  0.000503545            0  -0.00143651
-0.000100806   0.00381736   0.00143651            0
Repeater3[0]<--->Repeater2[0]
REAL
    0.45636 -0.00737356  0.00876886    0.233405
-0.00737356   0.0445475  0.00378204  -0.0093648
 0.00876886  0.00378204    0.040516  0.00340058
   0.233405  -0.0093648  0.00340058    0.458577
IMAGINARY
           0   0.00707373  0.000548408  0.000100806
 -0.00707373            0  0.000503545  -0.00143651
-0.000548408 -0.000503545            0  -0.00381736
-0.000100806   0.00143651   0.00381736            0
Repeater3[0]<--->HoM2[0]
REAL
   0.453899 0.000330013 -0.00322767    0.230159
0.000330013    0.039805  0.00207135 -0.00100545
-0.00322767  0.00207135    0.042039 -0.00968225
   0.230159 -0.00100545 -0.00968225    0.464257
IMAGINARY
          0  0.00378121  0.00115638 -0.00121034
-0.00378121           0  0.00791704 -0.00930966
-0.00115638 -0.00791704           0   0.0051874
 0.00121034  0.00930966  -0.0051874           0
Repeater4[0]<--->HoM2[0]
REAL
   0.453899 -0.00322767 0.000330013    0.230159
-0.00322767    0.042039  0.00207135 -0.00968225
0.000330013  0.00207135    0.039805 -0.00100545
   0.230159 -0.00968225 -0.00100545    0.464257
IMAGINARY
          0  0.00115638  0.00378121 -0.00121034
-0.00115638           0 -0.00791704   0.0051874
-0.00378121  0.00791704           0 -0.00930966
 0.00121034  -0.0051874  0.00930966           0
Repeater4[0]<--->Repeater5[0]
REAL
     0.4093 -0.00530012 -0.00203896    0.138155
-0.00530012   0.0815795  0.00191764  -0.0043919
-0.00203896  0.00191764    0.083183 -0.00213557
   0.138155  -0.0043919 -0.00213557    0.425937
IMAGINARY
           0   0.00382729  -0.00225375  0.000398821
 -0.00382729            0  -0.00169908 -0.000530659
  0.00225375   0.00169908            0 -0.000446219
-0.000398821  0.000530659  0.000446219            0
Repeater5[0]<--->Repeater4[0]
REAL
     0.4093 -0.00203896 -0.00530012    0.138155
-0.00203896    0.083183  0.00191764 -0.00213557
-0.00530012  0.00191764   0.0815795  -0.0043919
   0.138155 -0.00213557  -0.0043919    0.425937
IMAGINARY
           0  -0.00225375   0.00382729  0.000398821
  0.00225375            0   0.00169908 -0.000446219
 -0.00382729  -0.00169908            0 -0.000530659
-0.000398821  0.000446219  0.000530659            0
Repeater5[0]<--->HoM3[0]
REAL
   0.438187 0.000842905 -0.00367002    0.127882
0.000842905   0.0762932  0.00357962  -0.0011765
-0.00367002  0.00357962   0.0740963 -0.00225648
   0.127882  -0.0011765 -0.00225648    0.411424
IMAGINARY
          0 -0.00119522  0.00361024 -0.00651889
 0.00119522           0  -0.0044151 -0.00201661
-0.00361024   0.0044151           0 -0.00119522
 0.00651889  0.00201661  0.00119522           0
Repeater6[0]<--->HoM3[0]
REAL
   0.438187 -0.00367002 0.000842905    0.127882
-0.00367002   0.0740963  0.00357962 -0.00225648
0.000842905  0.00357962   0.0762932  -0.0011765
   0.127882 -0.00225648  -0.0011765    0.411424
IMAGINARY
          0  0.00361024 -0.00119522 -0.00651889
-0.00361024           0   0.0044151 -0.00119522
 0.00119522  -0.0044151           0 -0.00201661
 0.00651889  0.00119522  0.00201661           0
Repeater6[0]<--->Repeater7[0]
REAL
    0.385545 -0.000851919   0.00127717    0.0800547
-0.000851919     0.115361 -0.000558117 -0.000970237
  0.00127717 -0.000558117      0.11214   0.00340973
   0.0800547 -0.000970237   0.00340973     0.386954
IMAGINARY
           0  -0.00860145  0.000642487  -0.00436401
  0.00860145            0  -0.00130259 -0.000542347
-0.000642487   0.00130259            0   -0.0027144
  0.00436401  0.000542347    0.0027144            0
Repeater7[0]<--->Repeater6[0]
REAL
    0.385545   0.00127717 -0.000851919    0.0800547
  0.00127717      0.11214 -0.000558117   0.00340973
-0.000851919 -0.000558117     0.115361 -0.000970237
   0.0800547   0.00340973 -0.000970237     0.386954
IMAGINARY
           0  0.000642487  -0.00860145  -0.00436401
-0.000642487            0   0.00130259   -0.0027144
  0.00860145  -0.00130259            0 -0.000542347
  0.00436401    0.0027144  0.000542347            0
Repeater7[0]<--->HoM4[0]
REAL
   0.382549 -0.00292592  0.00150045   0.0782568
-0.00292592    0.113714  -0.0114816  0.00318196
 0.00150045  -0.0114816    0.121592  0.00516533
  0.0782568  0.00318196  0.00516533    0.382145
IMAGINARY
          0  0.00146073   0.0037655  0.00121959
-0.00146073           0 -0.00457662 -0.00517395
 -0.0037655  0.00457662           0  0.00618514
-0.00121959  0.00517395 -0.00618514           0
Repeater8[0]<--->HoM4[0]
REAL
   0.382549  0.00150045 -0.00292592   0.0782568
 0.00150045    0.121592  -0.0114816  0.00516533
-0.00292592  -0.0114816    0.113714  0.00318196
  0.0782568  0.00516533  0.00318196    0.382145
IMAGINARY
          0   0.0037655  0.00146073  0.00121959
 -0.0037655           0  0.00457662  0.00618514
-0.00146073 -0.00457662           0 -0.00517395
-0.00121959 -0.00618514  0.00517395           0
Repeater8[0]<--->Repeater9[0]
REAL
    0.366023  0.000503879 -0.000539518    0.0417242
 0.000503879     0.144818  0.000976127  -0.00861054
-0.000539518  0.000976127     0.145415  -0.00497724
   0.0417242  -0.00861054  -0.00497724     0.343744
IMAGINARY
          0 -0.00113145  0.00207953 -0.00653059
 0.00113145           0 -0.00372273 -0.00503228
-0.00207953  0.00372273           0 -0.00162445
 0.00653059  0.00503228  0.00162445           0
Repeater9[0]<--->Repeater8[0]
REAL
    0.366023 -0.000539518  0.000503879    0.0417242
-0.000539518     0.145415  0.000976127  -0.00497724
 0.000503879  0.000976127     0.144818  -0.00861054
   0.0417242  -0.00497724  -0.00861054     0.343744
IMAGINARY
          0  0.00207953 -0.00113145 -0.00653059
-0.00207953           0  0.00372273 -0.00162445
 0.00113145 -0.00372273           0 -0.00503228
 0.00653059  0.00162445  0.00503228           0
Repeater9[0]<--->HoM5[0]
REAL
   0.341096   0.0081873 -0.00249688   0.0535501
  0.0081873    0.150685 -0.00269246  -0.0016914
-0.00249688 -0.00269246    0.149315 -0.00519568
  0.0535501  -0.0016914 -0.00519568    0.358904
IMAGINARY
           0  5.58899e-05   0.00578412   0.00574839
-5.58899e-05            0  -0.00109817   0.00418795
 -0.00578412   0.00109817            0  -0.00544081
 -0.00574839  -0.00418795   0.00544081            0
Repeater10[0]<--->HoM5[0]
REAL
   0.341096 -0.00249688   0.0081873   0.0535501
-0.00249688    0.149315 -0.00269246 -0.00519568
  0.0081873 -0.00269246    0.150685  -0.0016914
  0.0535501 -0.00519568  -0.0016914    0.358904
IMAGINARY
           0   0.00578412  5.58899e-05   0.00574839
 -0.00578412            0   0.00109817  -0.00544081
-5.58899e-05  -0.00109817            0   0.00418795
 -0.00574839   0.00544081  -0.00418795            0
Repeater10[0]<--->Repeater11[0]
REAL
   0.500301  0.00501894 0.000907596    0.417767
 0.00501894  0.00321092 0.000865569   0.0116874
0.000907596 0.000865569  0.00260887   0.0117743
   0.417767   0.0116874   0.0117743    0.493879
IMAGINARY
           0   0.00598793  0.000666475  -0.00234166
 -0.00598793            0   0.00184494   0.00355888
-0.000666475  -0.00184494            0  -0.00035413
  0.00234166  -0.00355888   0.00035413            0
Repeater11[0]<--->Repeater10[0]
REAL
   0.500301 0.000907596  0.00501894    0.417767
0.000907596  0.00260887 0.000865569   0.0117743
 0.00501894 0.000865569  0.00321092   0.0116874
   0.417767   0.0117743   0.0116874    0.493879
IMAGINARY
           0  0.000666475   0.00598793  -0.00234166
-0.000666475            0  -0.00184494  -0.00035413
 -0.00598793   0.00184494            0   0.00355888
  0.00234166   0.00035413  -0.00355888            0
Repeater11[0]<--->HoM6[0]
REAL
   0.487256  0.00263487 -0.00242641    0.425839
 0.00263487  0.00219036 -0.00450843  0.00611093
-0.00242641 -0.00450843  0.00238949  0.00403711
   0.425839  0.00611093  0.00403711    0.508164
IMAGINARY
           0   0.00250161  -0.00258639 -0.000159424
 -0.00250161            0   0.00114136   0.00100786
  0.00258639  -0.00114136            0    0.0036152
 0.000159424  -0.00100786   -0.0036152            0
EndNode1[0]<--->Repeater1[0]
REAL
   0.492672   0.0100159   0.0081774    0.348085
  0.0100159   0.0138526 0.000715578  0.00204675
  0.0081774 0.000715578   0.0112427 -0.00470726
   0.348085  0.00204675 -0.00470726    0.482232
IMAGINARY
           0   0.00303973   0.00164016  0.000528808
 -0.00303973            0  -0.00156658   -0.0043407
 -0.00164016   0.00156658            0  -0.00213955
-0.000528808    0.0043407   0.00213955            0
EndNode2[0]<--->HoM6[0]
REAL
   0.495023 0.000733652  0.00475387    0.423316
0.000733652  0.00385944  0.00033025 -0.00485381
 0.00475387  0.00033025  0.00304692 -0.00643023
   0.423316 -0.00485381 -0.00643023     0.49807
IMAGINARY
           0  0.000679111   -0.0112479   0.00415536
-0.000679111            0   0.00745377   0.00727805
   0.0112479  -0.00745377            0   0.00408468
 -0.00415536  -0.00727805  -0.00408468            0
Repeater1[0]<--->EndNode1[0]
REAL
   0.492672   0.0081774   0.0100159    0.348085
  0.0081774   0.0112427 0.000715578 -0.00470726
  0.0100159 0.000715578   0.0138526  0.00204675
   0.348085 -0.00470726  0.00204675    0.482232
IMAGINARY
           0   0.00164016   0.00303973  0.000528808
 -0.00164016            0   0.00156658  -0.00213955
 -0.00303973  -0.00156658            0   -0.0043407
-0.000528808   0.00213955    0.0043407            0
Repeater1[0]<--->HoM1[0]
REAL
     0.48641   0.00323238   0.00264427     0.352826
  0.00323238    0.0110731  -0.00524847 -0.000674986
  0.00264427  -0.00524847    0.0138917 -8.15358e-05
    0.352826 -0.000674986 -8.15358e-05     0.488625
IMAGINARY
           0   0.00227685  -0.00212031    0.0127183
 -0.00227685            0   0.00165234  -0.00667589
  0.00212031  -0.00165234            0  0.000589333
  -0.0127183   0.00667589 -0.000589333            0
Repeater2[0]<--->HoM1[0]
REAL
     0.48641   0.00264427   0.00323238     0.352826
  0.00264427    0.0138917  -0.00524847 -8.15358e-05
  0.00323238  -0.00524847    0.0110731 -0.000674986
    0.352826 -8.15358e-05 -0.000674986     0.488625
IMAGINARY
           0  -0.00212031   0.00227685    0.0127183
  0.00212031            0  -0.00165234  0.000589333
 -0.00227685   0.00165234            0  -0.00667589
  -0.0127183 -0.000589333   0.00667589            0
Repeater2[0]<--->Repeater3[0]
REAL
   0.456084 -0.00342034 -0.00101359    0.218015
-0.00342034    0.040693  0.00375791 1.84923e-06
-0.00101359  0.00375791   0.0402901 0.000587479
   0.218015 1.84923e-06 0.000587479    0.462933
IMAGINARY
           0   0.00218039  -0.00174441   0.00230722
 -0.00218039            0  -0.00152961   -0.0119445
  0.00174441   0.00152961            0 -0.000862203
 -0.00230722    0.0119445  0.000862203            0
Repeater3[0]<--->Repeater2[0]
REAL
   0.456084 -0.00101359 -0.00342034    0.218015
-0.00101359   0.0402901  0.00375791 0.000587479
-0.00342034  0.00375791    0.040693 1.84923e-06
   0.218015 0.000587479 1.84923e-06    0.462933
IMAGINARY
           0  -0.00174441   0.00218039   0.00230722
  0.00174441            0   0.00152961 -0.000862203
 -0.00218039  -0.00152961            0   -0.0119445
 -0.00230722  0.000862203    0.0119445            0
Repeater3[0]<--->HoM2[0]
REAL
   0.445703  0.00517867 -0.00158915    0.225099
 0.00517867    0.041456   0.0085146 -0.00440605
-0.00158915   0.0085146   0.0416582  0.00221541
   0.225099 -0.00440605  0.00221541    0.471183
IMAGINARY
           0   -0.0030043  -0.00365946 -0.000959021
   0.0030043            0 -0.000859161   0.00773096
  0.00365946  0.000859161            0 -0.000471371
 0.000959021  -0.00773096  0.000471371            0
Repeater4[0]<--->HoM2[0]
REAL
   0.445703 -0.00158915  0.00517867    0.225099
-0.00158915   0.0416582   0.0085146  0.00221541
 0.00517867   0.0085146    0.041456 -0.00440605
   0.225099  0.00221541 -0.00440605    0.471183
IMAGINARY
           0  -0.00365946   -0.0030043 -0.000959021
  0.00365946            0  0.000859161 -0.000471371
   0.0030043 -0.000859161            0   0.00773096
 0.000959021  0.000471371  -0.00773096            0
Repeater4[0]<--->Repeater5[0]
REAL
   0.411377 -0.00125021 -0.00381364    0.138991
-0.00125021   0.0876248  0.00352494  0.00560504
-0.00381364  0.00352494   0.0814371 -0.00292972
   0.138991  0.00560504 -0.00292972    0.419561
IMAGINARY
          0 -0.00206006  0.00421587 -0.00346767
 0.00206006           0  -0.0061856 -0.00145126
-0.00421587   0.0061856           0  0.00166511
 0.00346767  0.00145126 -0.00166511           0
Repeater5[0]<--->Repeater4[0]
REAL
   0.411377 -0.00381364 -0.00125021    0.138991
-0.00381364   0.0814371  0.00352494 -0.00292972
-0.00125021  0.00352494   0.0876248  0.00560504
   0.138991 -0.00292972  0.00560504    0.419561
IMAGINARY
          0  0.00421587 -0.00206006 -0.00346767
-0.00421587           0   0.0061856  0.00166511
 0.00206006  -0.0061856           0 -0.00145126
 0.00346767 -0.00166511  0.00145126           0
Repeater5[0]<--->HoM3[0]
REAL
    0.421488   0.00125523   0.00434511     0.137708
  0.00125523    0.0767414  -0.00531985   0.00235308
  0.00434511  -0.00531985    0.0808737 -7.31976e-05
    0.137708   0.00235308 -7.31976e-05     0.420897
IMAGINARY
           0  0.000186279   -0.0117425   0.00552471
-0.000186279            0   0.00914353   0.00478977
   0.0117425  -0.00914353            0   0.00100562
 -0.00552471  -0.00478977  -0.00100562            0
Repeater6[0]<--->HoM3[0]
REAL
    0.421488   0.00434511   0.00125523     0.137708
  0.00434511    0.0808737  -0.00531985 -7.31976e-05
  0.00125523  -0.00531985    0.0767414   0.00235308
    0.137708 -7.31976e-05   0.00235308     0.420897
IMAGINARY
           0   -0.0117425  0.000186279   0.00552471
   0.0117425            0  -0.00914353   0.00100562
-0.000186279   0.00914353            0   0.00478977
 -0.00552471  -0.00100562  -0.00478977            0
Repeater6[0]<--->Repeater7[0]
REAL
   0.384057  0.00534306  0.00844504   0.0798139
 0.00534306    0.115641 -0.00421972 -0.00135496
 0.00844504 -0.00421972    0.108779  0.00594114
  0.0798139 -0.00135496  0.00594114    0.391524
IMAGINARY
           0   0.00100088  -0.00594505   0.00156942
 -0.00100088            0    0.0036094  -0.00105775
  0.00594505   -0.0036094            0  0.000199599
 -0.00156942   0.00105775 -0.000199599            0
Repeater7[0]<--->Repeater6[0]
REAL
   0.384057  0.00844504  0.00534306   0.0798139
 0.00844504    0.108779 -0.00421972  0.00594114
 0.00534306 -0.00421972    0.115641 -0.00135496
  0.0798139  0.00594114 -0.00135496    0.391524
IMAGINARY
           0  -0.00594505   0.00100088   0.00156942
  0.00594505            0   -0.0036094  0.000199599
 -0.00100088    0.0036094            0  -0.00105775
 -0.00156942 -0.000199599   0.00105775            0
Repeater7[0]<--->HoM4[0]
REAL
    0.383126   0.00104468   0.00503714     0.077793
  0.00104468     0.107291  -0.00200499   0.00108613
  0.00503714  -0.00200499     0.116183 -0.000342009
    0.077793   0.00108613 -0.000342009     0.393401
IMAGINARY
           0  0.000717269   0.00628178  -0.00434153
-0.000717269            0  -0.00197186   0.00119297
 -0.00628178   0.00197186            0   0.00312111
  0.00434153  -0.00119297  -0.00312111            0
Repeater8[0]<--->HoM4[0]
REAL
    0.383126   0.00503714   0.00104468     0.077793
  0.00503714     0.116183  -0.00200499 -0.000342009
  0.00104468  -0.00200499     0.107291   0.00108613
    0.077793 -0.000342009   0.00108613     0.393401
IMAGINARY
           0   0.00628178  0.000717269  -0.00434153
 -0.00628178            0   0.00197186   0.00312111
-0.000717269  -0.00197186            0   0.00119297
  0.00434153  -0.00312111  -0.00119297            0
Repeater8[0]<--->Repeater9[0]
REAL
    0.34079  0.00494613  0.00462864   0.0406706
 0.00494613    0.147723  0.00834898  0.00675975
 0.00462864  0.00834898     0.14994 0.000698555
  0.0406706  0.00675975 0.000698555    0.361548
IMAGINARY
           0 -0.000418599    0.0108663  0.000344447
 0.000418599            0   0.00164679  -0.00042086
  -0.0108663  -0.00164679            0   -0.0031289
-0.000344447   0.00042086    0.0031289            0
Repeater9[0]<--->Repeater8[0]
REAL
    0.34079  0.00462864  0.00494613   0.0406706
 0.00462864     0.14994  0.00834898 0.000698555
 0.00494613  0.00834898    0.147723  0.00675975
  0.0406706 0.000698555  0.00675975    0.361548
IMAGINARY
           0    0.0108663 -0.000418599  0.000344447
  -0.0108663            0  -0.00164679   -0.0031289
 0.000418599   0.00164679            0  -0.00042086
-0.000344447    0.0031289   0.00042086            0
Repeater9[0]<--->HoM5[0]
REAL
