EndNode1[0]<--->Repeater1[0]
REAL
    0.32042 -0.00108151  0.00036999    0.164338
-0.00108151    0.170702 -0.00113002 -0.00595658
 0.00036999 -0.00113002    0.166667  0.00866331
   0.164338 -0.00595658  0.00866331    0.342211
IMAGINARY
          0  0.00476924 -0.00947474  0.00070016
-0.00476924           0  0.00089984 -0.00280807
 0.00947474 -0.00089984           0   0.0137049
-0.00070016  0.00280807  -0.0137049           0
EndNode2[0]<--->HoM6[0]
REAL
   0.405351 0.000544367  0.00414834    0.291563
0.000544367    0.105797  0.00329381 -0.00127989
 0.00414834  0.00329381    0.102148 0.000939312
   0.291563 -0.00127989 0.000939312    0.386704
IMAGINARY
          0 -0.00187258  0.00640414  0.00129398
 0.00187258           0 -0.00755376  0.00105549
-0.00640414  0.00755376           0 -0.00681329
-0.00129398 -0.00105549  0.00681329           0
Repeater1[0]<--->EndNode1[0]
REAL
    0.32042  0.00036999 -0.00108151    0.164338
 0.00036999    0.166667 -0.00113002  0.00866331
-0.00108151 -0.00113002    0.170702 -0.00595658
   0.164338  0.00866331 -0.00595658    0.342211
IMAGINARY
          0 -0.00947474  0.00476924  0.00070016
 0.00947474           0 -0.00089984   0.0137049
-0.00476924  0.00089984           0 -0.00280807
-0.00070016  -0.0137049  0.00280807           0
Repeater1[0]<--->HoM1[0]
REAL
   0.324161 -0.00192734    0.010377    0.165551
-0.00192734    0.174484   0.0086977  -0.0018474
   0.010377   0.0086977    0.167396 -0.00172822
   0.165551  -0.0018474 -0.00172822    0.333959
IMAGINARY
           0  -0.00228644  -0.00584573  -0.00316773
  0.00228644            0  0.000100245  -0.00263546
  0.00584573 -0.000100245            0  -0.00288026
  0.00316773   0.00263546   0.00288026            0
Repeater2[0]<--->HoM1[0]
REAL
   0.324161    0.010377 -0.00192734    0.165551
   0.010377    0.167396   0.0086977 -0.00172822
-0.00192734   0.0086977    0.174484  -0.0018474
   0.165551 -0.00172822  -0.0018474    0.333959
IMAGINARY
           0  -0.00584573  -0.00228644  -0.00316773
  0.00584573            0 -0.000100245  -0.00288026
  0.00228644  0.000100245            0  -0.00263546
  0.00316773   0.00288026   0.00263546            0
Repeater2[0]<--->Repeater3[0]
REAL
    0.278239  -0.00733125   0.00360047    0.0577948
 -0.00733125     0.218997   0.00894655  -0.00492511
  0.00360047   0.00894655      0.21485 -0.000922262
   0.0577948  -0.00492511 -0.000922262     0.287915
IMAGINARY
          0 -0.00819478 -0.00163091  0.00435844
 0.00819478           0 -0.00987499 -0.00373049
 0.00163091  0.00987499           0  0.00442195
-0.00435844  0.00373049 -0.00442195           0
Repeater3[0]<--->Repeater2[0]
REAL
    0.278239   0.00360047  -0.00733125    0.0577948
  0.00360047      0.21485   0.00894655 -0.000922262
 -0.00733125   0.00894655     0.218997  -0.00492511
   0.0577948 -0.000922262  -0.00492511     0.287915
IMAGINARY
          0 -0.00163091 -0.00819478  0.00435844
 0.00163091           0  0.00987499  0.00442195
 0.00819478 -0.00987499           0 -0.00373049
-0.00435844 -0.00442195  0.00373049           0
Repeater3[0]<--->HoM2[0]
REAL
    0.26839  0.00525908 -0.00276619   0.0499967
 0.00525908      0.2271  0.00525353 0.000705345
-0.00276619  0.00525353    0.219282 -0.00300197
  0.0499967 0.000705345 -0.00300197    0.285228
IMAGINARY
           0   0.00733833   0.00521581  -0.00680188
 -0.00733833            0   0.00781444  0.000803454
 -0.00521581  -0.00781444            0    0.0057034
  0.00680188 -0.000803454   -0.0057034            0
Repeater4[0]<--->HoM2[0]
REAL
    0.26839 -0.00276619  0.00525908   0.0499967
-0.00276619    0.219282  0.00525353 -0.00300197
 0.00525908  0.00525353      0.2271 0.000705345
  0.0499967 -0.00300197 0.000705345    0.285228
IMAGINARY
           0   0.00521581   0.00733833  -0.00680188
 -0.00521581            0  -0.00781444    0.0057034
 -0.00733833   0.00781444            0  0.000803454
  0.00680188   -0.0057034 -0.000803454            0
Repeater4[0]<--->Repeater5[0]
REAL
   0.257722 -0.00431136  0.00223231    0.021632
-0.00431136    0.237866  0.00213093 -0.00839307
 0.00223231  0.00213093    0.240674   0.0030401
   0.021632 -0.00839307   0.0030401    0.263738
IMAGINARY
          0 -0.00218607  0.00541629  0.00200077
 0.00218607           0   0.0037169   0.0103232
-0.00541629  -0.0037169           0  0.00248304
-0.00200077  -0.0103232 -0.00248304           0
Repeater5[0]<--->Repeater4[0]
REAL
   0.257722  0.00223231 -0.00431136    0.021632
 0.00223231    0.240674  0.00213093   0.0030401
-0.00431136  0.00213093    0.237866 -0.00839307
   0.021632   0.0030401 -0.00839307    0.263738
IMAGINARY
          0  0.00541629 -0.00218607  0.00200077
-0.00541629           0  -0.0037169  0.00248304
 0.00218607   0.0037169           0   0.0103232
-0.00200077 -0.00248304  -0.0103232           0
Repeater5[0]<--->HoM3[0]
REAL
   0.266288 0.000811127 -0.00176885   0.0266424
0.000811127    0.242338 -0.00294574 0.000978961
-0.00176885 -0.00294574    0.231581  0.00511304
  0.0266424 0.000978961  0.00511304    0.259793
IMAGINARY
          0  0.00362765 -0.00338213  0.00151454
-0.00362765           0 -0.00595719 -0.00561427
 0.00338213  0.00595719           0 -0.00122861
-0.00151454  0.00561427  0.00122861           0
Repeater6[0]<--->HoM3[0]
REAL
   0.266288 -0.00176885 0.000811127   0.0266424
-0.00176885    0.231581 -0.00294574  0.00511304
0.000811127 -0.00294574    0.242338 0.000978961
  0.0266424  0.00511304 0.000978961    0.259793
IMAGINARY
          0 -0.00338213  0.00362765  0.00151454
 0.00338213           0  0.00595719 -0.00122861
-0.00362765 -0.00595719           0 -0.00561427
-0.00151454  0.00122861  0.00561427           0
Repeater6[0]<--->Repeater7[0]
REAL
   0.251004 0.000249401  0.00218166 0.000222973
0.000249401    0.242771   0.0139732  0.00065758
 0.00218166   0.0139732    0.249398  0.00944318
0.000222973  0.00065758  0.00944318    0.256827
IMAGINARY
           0 -0.000558871  -0.00428501  -0.00327328
 0.000558871            0   0.00545237   0.00397945
  0.00428501  -0.00545237            0  -0.00646904
  0.00327328  -0.00397945   0.00646904            0
Repeater7[0]<--->Repeater6[0]
REAL
   0.251004  0.00218166 0.000249401 0.000222973
 0.00218166    0.249398   0.0139732  0.00944318
0.000249401   0.0139732    0.242771  0.00065758
0.000222973  0.00944318  0.00065758    0.256827
IMAGINARY
           0  -0.00428501 -0.000558871  -0.00327328
  0.00428501            0  -0.00545237  -0.00646904
 0.000558871   0.00545237            0   0.00397945
  0.00327328   0.00646904  -0.00397945            0
Repeater7[0]<--->HoM4[0]
REAL
    0.25443 -0.00500519  -0.0109477   0.0125577
-0.00500519    0.248656   0.0113677  0.00202636
 -0.0109477   0.0113677    0.248059   0.0025721
  0.0125577  0.00202636   0.0025721    0.248855
IMAGINARY
          0  0.00118953 -0.00362582 -0.00459597
-0.00118953           0 -0.00744862  0.00045248
 0.00362582  0.00744862           0  0.00178548
 0.00459597 -0.00045248 -0.00178548           0
Repeater8[0]<--->HoM4[0]
REAL
    0.25443  -0.0109477 -0.00500519   0.0125577
 -0.0109477    0.248059   0.0113677   0.0025721
-0.00500519   0.0113677    0.248656  0.00202636
  0.0125577   0.0025721  0.00202636    0.248855
IMAGINARY
          0 -0.00362582  0.00118953 -0.00459597
 0.00362582           0  0.00744862  0.00178548
-0.00118953 -0.00744862           0  0.00045248
 0.00459597 -0.00178548 -0.00045248           0
Repeater8[0]<--->Repeater9[0]
REAL
   0.256914  -0.0034996  0.00465614   0.0067385
 -0.0034996    0.257315  0.00923202  0.00414812
 0.00465614  0.00923202    0.242886 -0.00530466
  0.0067385  0.00414812 -0.00530466    0.242886
IMAGINARY
           0   0.00243405   0.00382273   0.00604461
 -0.00243405            0    0.0102694    0.0102407
 -0.00382273   -0.0102694            0  0.000857388
 -0.00604461   -0.0102407 -0.000857388            0
Repeater9[0]<--->Repeater8[0]
REAL
   0.256914  0.00465614  -0.0034996   0.0067385
 0.00465614    0.242886  0.00923202 -0.00530466
 -0.0034996  0.00923202    0.257315  0.00414812
  0.0067385 -0.00530466  0.00414812    0.242886
IMAGINARY
           0   0.00382273   0.00243405   0.00604461
 -0.00382273            0   -0.0102694  0.000857388
 -0.00243405    0.0102694            0    0.0102407
 -0.00604461 -0.000857388   -0.0102407            0
Repeater9[0]<--->HoM5[0]
REAL
   0.244388  0.00717445  0.00171769 -0.00201706
 0.00717445    0.241655 -0.00369723 0.000527211
 0.00171769 -0.00369723    0.268397 -0.00043976
-0.00201706 0.000527211 -0.00043976    0.245559
IMAGINARY
           0  -0.00832796   0.00481909  -0.00243756
  0.00832796            0   0.00561216  0.000419095
 -0.00481909  -0.00561216            0   0.00605478
  0.00243756 -0.000419095  -0.00605478            0
Repeater10[0]<--->HoM5[0]
REAL
   0.244388  0.00171769  0.00717445 -0.00201706
 0.00171769    0.268397 -0.00369723 -0.00043976
 0.00717445 -0.00369723    0.241655 0.000527211
-0.00201706 -0.00043976 0.000527211    0.245559
IMAGINARY
           0   0.00481909  -0.00832796  -0.00243756
 -0.00481909            0  -0.00561216   0.00605478
  0.00832796   0.00561216            0  0.000419095
  0.00243756  -0.00605478 -0.000419095            0
Repeater10[0]<--->Repeater11[0]
REAL
   0.403666 -0.00136965  -0.0047622    0.292723
-0.00136965    0.106396  0.00410713 -0.00377092
 -0.0047622  0.00410713    0.104005 -0.00269374
   0.292723 -0.00377092 -0.00269374    0.385933
IMAGINARY
           0   0.00523735 -0.000396787   0.00666486
 -0.00523735            0  -0.00696698  -0.00617829
 0.000396787   0.00696698            0   0.00114145
 -0.00666486   0.00617829  -0.00114145            0
Repeater11[0]<--->Repeater10[0]
REAL
   0.403666  -0.0047622 -0.00136965    0.292723
 -0.0047622    0.104005  0.00410713 -0.00269374
-0.00136965  0.00410713    0.106396 -0.00377092
   0.292723 -0.00269374 -0.00377092    0.385933
IMAGINARY
           0 -0.000396787   0.00523735   0.00666486
 0.000396787            0   0.00696698   0.00114145
 -0.00523735  -0.00696698            0  -0.00617829
 -0.00666486  -0.00114145   0.00617829            0
Repeater11[0]<--->HoM6[0]
REAL
   0.405351  0.00414834 0.000544367    0.291563
 0.00414834    0.102148  0.00329381 0.000939312
0.000544367  0.00329381    0.105797 -0.00127989
   0.291563 0.000939312 -0.00127989    0.386704
IMAGINARY
          0  0.00640414 -0.00187258  0.00129398
-0.00640414           0  0.00755376 -0.00681329
 0.00187258 -0.00755376           0  0.00105549
-0.00129398  0.00681329 -0.00105549           0
EndNode1[0]<--->Repeater1[0]
REAL
   0.330908 -0.00391011  0.00662126    0.170862
-0.00391011    0.166732  -0.0082093 -0.00652092
 0.00662126  -0.0082093    0.169288  0.00140158
   0.170862 -0.00652092  0.00140158    0.333071
IMAGINARY
          0 -0.00174905 -0.00273273  0.00577883
 0.00174905           0 -0.00317153  0.00693441
 0.00273273  0.00317153           0  0.00154897
-0.00577883 -0.00693441 -0.00154897           0
EndNode2[0]<--->HoM6[0]
REAL
    0.398608   0.00862038   0.00148657      0.29185
  0.00862038    0.0960239   0.00730502 -0.000178462
  0.00148657   0.00730502     0.099006   0.00234762
     0.29185 -0.000178462   0.00234762     0.406362
IMAGINARY
           0   0.00204586  -0.00506169    0.0040249
 -0.00204586            0 -0.000784721   0.00226616
  0.00506169  0.000784721            0   0.00174807
  -0.0040249  -0.00226616  -0.00174807            0
Repeater1[0]<--->EndNode1[0]
REAL
   0.330908  0.00662126 -0.00391011    0.170862
 0.00662126    0.169288  -0.0082093  0.00140158
-0.00391011  -0.0082093    0.166732 -0.00652092
   0.170862  0.00140158 -0.00652092    0.333071
IMAGINARY
          0 -0.00273273 -0.00174905  0.00577883
 0.00273273           0  0.00317153  0.00154897
 0.00174905 -0.00317153           0  0.00693441
-0.00577883 -0.00154897 -0.00693441           0
Repeater1[0]<--->HoM1[0]
REAL
   0.338367  -0.0031437 -0.00295281    0.169555
 -0.0031437    0.167296 -0.00652686 -0.00726748
-0.00295281 -0.00652686    0.166501  -0.0086642
   0.169555 -0.00726748  -0.0086642    0.327836
IMAGINARY
          0  0.00203598   0.0015429  0.00397724
-0.00203598           0  0.00598689   0.0040454
 -0.0015429 -0.00598689           0  0.00294269
-0.00397724  -0.0040454 -0.00294269           0
Repeater2[0]<--->HoM1[0]
REAL
   0.338367 -0.00295281  -0.0031437    0.169555
-0.00295281    0.166501 -0.00652686  -0.0086642
 -0.0031437 -0.00652686    0.167296 -0.00726748
   0.169555  -0.0086642 -0.00726748    0.327836
IMAGINARY
          0   0.0015429  0.00203598  0.00397724
 -0.0015429           0 -0.00598689  0.00294269
-0.00203598  0.00598689           0   0.0040454
-0.00397724 -0.00294269  -0.0040454           0
Repeater2[0]<--->Repeater3[0]
REAL
   0.281782 -0.00276864 -0.00388865   0.0627437
-0.00276864    0.220198 -0.00347624 -0.00204816
-0.00388865 -0.00347624    0.223762 -0.00316816
  0.0627437 -0.00204816 -0.00316816    0.274257
IMAGINARY
           0   0.00951646   0.00714888  -0.00356378
 -0.00951646            0  0.000960654  -0.00261597
 -0.00714888 -0.000960654            0  -0.00242146
  0.00356378   0.00261597   0.00242146            0
Repeater3[0]<--->Repeater2[0]
REAL
   0.281782 -0.00388865 -0.00276864   0.0627437
-0.00388865    0.223762 -0.00347624 -0.00316816
-0.00276864 -0.00347624    0.220198 -0.00204816
  0.0627437 -0.00316816 -0.00204816    0.274257
IMAGINARY
           0   0.00714888   0.00951646  -0.00356378
 -0.00714888            0 -0.000960654  -0.00242146
 -0.00951646  0.000960654            0  -0.00261597
  0.00356378   0.00242146   0.00261597            0
Repeater3[0]<--->HoM2[0]
REAL
     0.2712 -0.00400694 -0.00199987   0.0576605
-0.00400694      0.2244  0.00975633  0.00687937
-0.00199987  0.00975633      0.2234  0.00609815
  0.0576605  0.00687937  0.00609815       0.281
IMAGINARY
          0 -0.00507631  -0.0129125  0.00908663
 0.00507631           0 -0.00431337   0.0159065
  0.0129125  0.00431337           0   0.0026811
-0.00908663  -0.0159065  -0.0026811           0
Repeater4[0]<--->HoM2[0]
REAL
     0.2712 -0.00199987 -0.00400694   0.0576605
-0.00199987      0.2234  0.00975633  0.00609815
-0.00400694  0.00975633      0.2244  0.00687937
  0.0576605  0.00609815  0.00687937       0.281
IMAGINARY
          0  -0.0129125 -0.00507631  0.00908663
  0.0129125           0  0.00431337   0.0026811
 0.00507631 -0.00431337           0   0.0159065
-0.00908663  -0.0026811  -0.0159065           0
Repeater4[0]<--->Repeater5[0]
REAL
    0.241882   0.00448145 -0.000906344     0.024901
  0.00448145     0.246211   -0.0109871  -0.00299756
-0.000906344   -0.0109871     0.238733   0.00242545
    0.024901  -0.00299756   0.00242545     0.273175
IMAGINARY
           0  -0.00218202    -0.002922   0.00785094
  0.00218202            0   0.00694314  0.000488912
    0.002922  -0.00694314            0 -4.83099e-05
 -0.00785094 -0.000488912  4.83099e-05            0
Repeater5[0]<--->Repeater4[0]
REAL
    0.241882 -0.000906344   0.00448145     0.024901
-0.000906344     0.238733   -0.0109871   0.00242545
  0.00448145   -0.0109871     0.246211  -0.00299756
    0.024901   0.00242545  -0.00299756     0.273175
IMAGINARY
           0    -0.002922  -0.00218202   0.00785094
    0.002922            0  -0.00694314 -4.83099e-05
  0.00218202   0.00694314            0  0.000488912
 -0.00785094  4.83099e-05 -0.000488912            0
Repeater5[0]<--->HoM3[0]
REAL
   0.259923   0.0058262 -0.00353515    0.024664
  0.0058262    0.242394 -0.00201725  0.00353515
-0.00353515 -0.00201725     0.24058 -0.00543234
   0.024664  0.00353515 -0.00543234    0.257103
IMAGINARY
           0  -0.00548983  0.000337334  0.000357386
  0.00548983            0    0.0010539   0.00353095
-0.000337334   -0.0010539            0   0.00201829
-0.000357386  -0.00353095  -0.00201829            0
Repeater6[0]<--->HoM3[0]
REAL
   0.259923 -0.00353515   0.0058262    0.024664
-0.00353515     0.24058 -0.00201725 -0.00543234
  0.0058262 -0.00201725    0.242394  0.00353515
   0.024664 -0.00543234  0.00353515    0.257103
IMAGINARY
           0  0.000337334  -0.00548983  0.000357386
-0.000337334            0   -0.0010539   0.00201829
  0.00548983    0.0010539            0   0.00353095
-0.000357386  -0.00201829  -0.00353095            0
Repeater6[0]<--->Repeater7[0]
REAL
   0.264403 -0.00212633   0.0036607  0.00142943
-0.00212633    0.244239 -0.00202021 -0.00267606
  0.0036607 -0.00202021     0.24465 -0.00122144
 0.00142943 -0.00267606 -0.00122144    0.246708
IMAGINARY
          0   0.0044721 -0.00899324  0.00402564
 -0.0044721           0 -0.00538963 -0.00293264
 0.00899324  0.00538963           0  0.00528544
-0.00402564  0.00293264 -0.00528544           0
Repeater7[0]<--->Repeater6[0]
REAL
   0.264403   0.0036607 -0.00212633  0.00142943
  0.0036607     0.24465 -0.00202021 -0.00122144
-0.00212633 -0.00202021    0.244239 -0.00267606
 0.00142943 -0.00122144 -0.00267606    0.246708
IMAGINARY
          0 -0.00899324   0.0044721  0.00402564
 0.00899324           0  0.00538963  0.00528544
 -0.0044721 -0.00538963           0 -0.00293264
-0.00402564 -0.00528544  0.00293264           0
Repeater7[0]<--->HoM4[0]
REAL
   0.251717 -0.00276342 -0.00774697  0.00932529
-0.00276342    0.243477  0.00510877 -0.00066424
-0.00774697  0.00510877     0.25309  0.00265958
 0.00932529 -0.00066424  0.00265958    0.251717
IMAGINARY
          0  0.00827069   0.0016403 -0.00357843
-0.00827069           0  0.00427913  -0.0131131
 -0.0016403 -0.00427913           0 -0.00738816
 0.00357843   0.0131131  0.00738816           0
Repeater8[0]<--->HoM4[0]
REAL
   0.251717 -0.00774697 -0.00276342  0.00932529
-0.00774697     0.25309  0.00510877  0.00265958
-0.00276342  0.00510877    0.243477 -0.00066424
 0.00932529  0.00265958 -0.00066424    0.251717
IMAGINARY
          0   0.0016403  0.00827069 -0.00357843
 -0.0016403           0 -0.00427913 -0.00738816
-0.00827069  0.00427913           0  -0.0131131
 0.00357843  0.00738816   0.0131131           0
Repeater8[0]<--->Repeater9[0]
REAL
    0.252188   0.00466782   0.00237929   0.00902387
  0.00466782     0.257359   -0.0061093  -0.00227879
  0.00237929   -0.0061093     0.238465 -0.000346216
  0.00902387  -0.00227879 -0.000346216     0.251989
IMAGINARY
          0 -0.00366841    0.003274 -0.00401369
 0.00366841           0  0.00154187  -0.0119504
  -0.003274 -0.00154187           0 -0.00763102
 0.00401369   0.0119504  0.00763102           0
Repeater9[0]<--->Repeater8[0]
REAL
    0.252188   0.00237929   0.00466782   0.00902387
  0.00237929     0.238465   -0.0061093 -0.000346216
  0.00466782   -0.0061093     0.257359  -0.00227879
  0.00902387 -0.000346216  -0.00227879     0.251989
IMAGINARY
          0    0.003274 -0.00366841 -0.00401369
  -0.003274           0 -0.00154187 -0.00763102
 0.00366841  0.00154187           0  -0.0119504
 0.00401369  0.00763102   0.0119504           0
Repeater9[0]<--->HoM5[0]
REAL
   0.259108 -0.00682717  0.00344729 -0.00241634
-0.00682717    0.253458 -0.00703296 -0.00253284
 0.00344729 -0.00703296    0.238847 -0.00262213
-0.00241634 -0.00253284 -0.00262213    0.248588
IMAGINARY
          0 -0.00296793 -0.00610442  0.00571938
 0.00296793           0  0.00276546 -0.00272738
 0.00610442 -0.00276546           0  0.00738383
-0.00571938  0.00272738 -0.00738383           0
Repeater10[0]<--->HoM5[0]
REAL
   0.259108  0.00344729 -0.00682717 -0.00241634
 0.00344729    0.238847 -0.00703296 -0.00262213
-0.00682717 -0.00703296    0.253458 -0.00253284
-0.00241634 -0.00262213 -0.00253284    0.248588
IMAGINARY
          0 -0.00610442 -0.00296793  0.00571938
 0.00610442           0 -0.00276546  0.00738383
 0.00296793  0.00276546           0 -0.00272738
-0.00571938 -0.00738383  0.00272738           0
Repeater10[0]<--->Repeater11[0]
REAL
    0.409715   -0.0112671 -0.000778926     0.291583
  -0.0112671    0.0967411   0.00889656   0.00187739
-0.000778926   0.00889656     0.109859  -0.00620843
    0.291583   0.00187739  -0.00620843     0.383685
IMAGINARY
          0  0.00722274 -0.00782759  0.00141282
-0.00722274           0  0.00568293 -0.00326591
 0.00782759 -0.00568293           0  0.00644604
-0.00141282  0.00326591 -0.00644604           0
Repeater11[0]<--->Repeater10[0]
REAL
    0.409715 -0.000778926   -0.0112671     0.291583
-0.000778926     0.109859   0.00889656  -0.00620843
  -0.0112671   0.00889656    0.0967411   0.00187739
    0.291583  -0.00620843   0.00187739     0.383685
IMAGINARY
          0 -0.00782759  0.00722274  0.00141282
 0.00782759           0 -0.00568293  0.00644604
-0.00722274  0.00568293           0 -0.00326591
-0.00141282 -0.00644604  0.00326591           0
Repeater11[0]<--->HoM6[0]
REAL
    0.398608   0.00148657   0.00862038      0.29185
  0.00148657     0.099006   0.00730502   0.00234762
  0.00862038   0.00730502    0.0960239 -0.000178462
     0.29185   0.00234762 -0.000178462     0.406362
IMAGINARY
           0  -0.00506169   0.00204586    0.0040249
  0.00506169            0  0.000784721   0.00174807
 -0.00204586 -0.000784721            0   0.00226616
  -0.0040249  -0.00174807  -0.00226616            0
EndNode1[0]<--->Repeater1[0]
REAL
   0.337958   0.0091642  0.00813535    0.165994
  0.0091642    0.171655  0.00506106 0.000675671
 0.00813535  0.00506106    0.157978  0.00774891
   0.165994 0.000675671  0.00774891    0.332408
IMAGINARY
           0   0.00242306  -0.00316644  -0.00564009
 -0.00242306            0 -0.000641068  3.13323e-06
  0.00316644  0.000641068            0   -0.0065749
  0.00564009 -3.13323e-06    0.0065749            0
EndNode2[0]<--->HoM6[0]
REAL
    0.393879   0.00250546 -2.24671e-05     0.289271
  0.00250546     0.100556   0.00274033   0.00494179
-2.24671e-05   0.00274033     0.105525  -0.00132483
    0.289271   0.00494179  -0.00132483      0.40004
IMAGINARY
          0 -0.00252709  0.00237481  -0.0077076
 0.00252709           0 -0.00397701 -0.00488033
-0.00237481  0.00397701           0  -0.0071943
  0.0077076  0.00488033   0.0071943           0
Repeater1[0]<--->EndNode1[0]
REAL
   0.337958  0.00813535   0.0091642    0.165994
 0.00813535    0.157978  0.00506106  0.00774891
  0.0091642  0.00506106    0.171655 0.000675671
   0.165994  0.00774891 0.000675671    0.332408
IMAGINARY
           0  -0.00316644   0.00242306  -0.00564009
  0.00316644            0  0.000641068   -0.0065749
 -0.00242306 -0.000641068            0  3.13323e-06
  0.00564009    0.0065749 -3.13323e-06            0
Repeater1[0]<--->HoM1[0]
REAL
    0.33479 -0.00744204 -0.00396335    0.168691
-0.00744204    0.153189  0.00189241  -0.0122441
-0.00396335  0.00189241    0.173455 -0.00836022
   0.168691  -0.0122441 -0.00836022    0.338565
IMAGINARY
          0  0.00524042  0.00401008 -0.00666178
-0.00524042           0  0.00347199  0.00381016
-0.00401008 -0.00347199           0  -0.0100909
 0.00666178 -0.00381016   0.0100909           0
Repeater2[0]<--->HoM1[0]
REAL
    0.33479 -0.00396335 -0.00744204    0.168691
-0.00396335    0.173455  0.00189241 -0.00836022
-0.00744204  0.00189241    0.153189  -0.0122441
   0.168691 -0.00836022  -0.0122441    0.338565
IMAGINARY
          0  0.00401008  0.00524042 -0.00666178
-0.00401008           0 -0.00347199  -0.0100909
-0.00524042  0.00347199           0  0.00381016
 0.00666178   0.0100909 -0.00381016           0
Repeater2[0]<--->Repeater3[0]
REAL
   0.281173 -0.00806867 -0.00252837   0.0581702
-0.00806867    0.216161  0.00296516  0.00550575
-0.00252837  0.00296516    0.229081  0.00370186
  0.0581702  0.00550575  0.00370186    0.273585
IMAGINARY
           0 -0.000996426   0.00490422  -0.00221749
 0.000996426            0   0.00410654   0.00633395
 -0.00490422  -0.00410654            0  0.000799265
  0.00221749  -0.00633395 -0.000799265            0
Repeater3[0]<--->Repeater2[0]
REAL
   0.281173 -0.00252837 -0.00806867   0.0581702
-0.00252837    0.229081  0.00296516  0.00370186
-0.00806867  0.00296516    0.216161  0.00550575
  0.0581702  0.00370186  0.00550575    0.273585
IMAGINARY
           0   0.00490422 -0.000996426  -0.00221749
 -0.00490422            0  -0.00410654  0.000799265
 0.000996426   0.00410654            0   0.00633395
  0.00221749 -0.000799265  -0.00633395            0
Repeater3[0]<--->HoM2[0]
REAL
   0.282107 0.000275489 -0.00468835   0.0478651
0.000275489    0.226839 -0.00337097  -0.0016099
-0.00468835 -0.00337097    0.219881 -0.00169768
  0.0478651  -0.0016099 -0.00169768    0.271173
IMAGINARY
           0  -0.00109761  0.000696845 -0.000642212
  0.00109761            0   0.00959053  0.000898052
-0.000696845  -0.00959053            0 -0.000297927
 0.000642212 -0.000898052  0.000297927            0
Repeater4[0]<--->HoM2[0]
REAL
   0.282107 -0.00468835 0.000275489   0.0478651
-0.00468835    0.219881 -0.00337097 -0.00169768
0.000275489 -0.00337097    0.226839  -0.0016099
  0.0478651 -0.00169768  -0.0016099    0.271173
IMAGINARY
           0  0.000696845  -0.00109761 -0.000642212
-0.000696845            0  -0.00959053 -0.000297927
  0.00109761   0.00959053            0  0.000898052
 0.000642212  0.000297927 -0.000898052            0
Repeater4[0]<--->Repeater5[0]
REAL
   0.266415 -0.00791464  0.00901468   0.0276501
-0.00791464    0.248906 -0.00566994  0.00207443
 0.00901468 -0.00566994    0.239156  0.00276613
  0.0276501  0.00207443  0.00276613    0.245523
IMAGINARY
          0 -0.00187436  0.00478404 -0.00855595
 0.00187436           0  0.00101724  0.00187997
-0.00478404 -0.00101724           0   0.0119201
 0.00855595 -0.00187997  -0.0119201           0
Repeater5[0]<--->Repeater4[0]
REAL
   0.266415  0.00901468 -0.00791464   0.0276501
 0.00901468    0.239156 -0.00566994  0.00276613
-0.00791464 -0.00566994    0.248906  0.00207443
  0.0276501  0.00276613  0.00207443    0.245523
IMAGINARY
          0  0.00478404 -0.00187436 -0.00855595
-0.00478404           0 -0.00101724   0.0119201
 0.00187436  0.00101724           0  0.00187997
 0.00855595  -0.0119201 -0.00187997           0
Repeater5[0]<--->HoM3[0]
REAL
    0.25067  -0.0067107 -0.00104268   0.0218002
 -0.0067107    0.234179  0.00620309 0.000636833
-0.00104268  0.00620309    0.245104 -0.00140618
  0.0218002 0.000636833 -0.00140618    0.270047
IMAGINARY
           0  -0.00177815  0.000150255    0.0029172
  0.00177815            0   0.00566123  0.000743844
-0.000150255  -0.00566123            0  -0.00388447
  -0.0029172 -0.000743844   0.00388447            0
Repeater6[0]<--->HoM3[0]
REAL
    0.25067 -0.00104268  -0.0067107   0.0218002
-0.00104268    0.245104  0.00620309 -0.00140618
 -0.0067107  0.00620309    0.234179 0.000636833
  0.0218002 -0.00140618 0.000636833    0.270047
IMAGINARY
           0  0.000150255  -0.00177815    0.0029172
-0.000150255            0  -0.00566123  -0.00388447
  0.00177815   0.00566123            0  0.000743844
  -0.0029172   0.00388447 -0.000743844            0
Repeater6[0]<--->Repeater7[0]
REAL
   0.247851  0.00689034   0.0104111   0.0101494
 0.00689034    0.246828  -0.0020457 -0.00413072
  0.0104111  -0.0020457    0.250716 -0.00952405
  0.0101494 -0.00413072 -0.00952405    0.254605
IMAGINARY
           0   0.00214652  4.92089e-05  -0.00674703
 -0.00214652            0  -0.00129028  0.000750471
-4.92089e-05   0.00129028            0   0.00185188
  0.00674703 -0.000750471  -0.00185188            0
Repeater7[0]<--->Repeater6[0]
REAL
   0.247851   0.0104111  0.00689034   0.0101494
  0.0104111    0.250716  -0.0020457 -0.00952405
 0.00689034  -0.0020457    0.246828 -0.00413072
  0.0101494 -0.00952405 -0.00413072    0.254605
IMAGINARY
           0  4.92089e-05   0.00214652  -0.00674703
-4.92089e-05            0   0.00129028   0.00185188
 -0.00214652  -0.00129028            0  0.000750471
  0.00674703  -0.00185188 -0.000750471            0
Repeater7[0]<--->HoM4[0]
REAL
    0.250925 -0.000312083  -0.00772619   0.00261671
-0.000312083     0.246639    0.0071911   0.00148486
 -0.00772619    0.0071911     0.249756  -0.00474042
  0.00261671   0.00148486  -0.00474042     0.252679
IMAGINARY
           0   0.00113217  -0.00473716   -0.0049925
 -0.00113217            0  -0.00629328 -0.000433882
  0.00473716   0.00629328            0   0.00423776
   0.0049925  0.000433882  -0.00423776            0
Repeater8[0]<--->HoM4[0]
REAL
    0.250925  -0.00772619 -0.000312083   0.00261671
 -0.00772619     0.249756    0.0071911  -0.00474042
-0.000312083    0.0071911     0.246639   0.00148486
  0.00261671  -0.00474042   0.00148486     0.252679
IMAGINARY
           0  -0.00473716   0.00113217   -0.0049925
  0.00473716            0   0.00629328   0.00423776
 -0.00113217  -0.00629328            0 -0.000433882
   0.0049925  -0.00423776  0.000433882            0
Repeater8[0]<--->Repeater9[0]
REAL
    0.243434  9.58248e-05  0.000968919  -0.00504395
 9.58248e-05     0.250909   0.00402187    0.0045503
 0.000968919   0.00402187     0.247475 -0.000504656
 -0.00504395    0.0045503 -0.000504656     0.258182
IMAGINARY
          0 -0.00632018   0.0120242 -0.00710034
 0.00632018           0 -0.00264509  0.00847248
 -0.0120242  0.00264509           0 -0.00333689
 0.00710034 -0.00847248  0.00333689           0
Repeater9[0]<--->Repeater8[0]
REAL
    0.243434  0.000968919  9.58248e-05  -0.00504395
 0.000968919     0.247475   0.00402187 -0.000504656
 9.58248e-05   0.00402187     0.250909    0.0045503
 -0.00504395 -0.000504656    0.0045503     0.258182
IMAGINARY
          0   0.0120242 -0.00632018 -0.00710034
 -0.0120242           0  0.00264509 -0.00333689
 0.00632018 -0.00264509           0  0.00847248
 0.00710034  0.00333689 -0.00847248           0
Repeater9[0]<--->HoM5[0]
REAL
   0.239169  0.00444487 -0.00984899 -0.00242084
 0.00444487    0.247676  0.00383785   0.0110636
-0.00984899  0.00383785    0.260336    0.000211
-0.00242084   0.0110636    0.000211    0.252819
IMAGINARY
           0  0.000471522   0.00601587  -0.00750166
-0.000471522            0   0.00435329   0.00421659
 -0.00601587  -0.00435329            0  -0.00156431
  0.00750166  -0.00421659   0.00156431            0
Repeater10[0]<--->HoM5[0]
REAL
   0.239169 -0.00984899  0.00444487 -0.00242084
-0.00984899    0.260336  0.00383785    0.000211
 0.00444487  0.00383785    0.247676   0.0110636
-0.00242084    0.000211   0.0110636    0.252819
IMAGINARY
           0   0.00601587  0.000471522  -0.00750166
 -0.00601587            0  -0.00435329  -0.00156431
-0.000471522   0.00435329            0   0.00421659
  0.00750166   0.00156431  -0.00421659            0
Repeater10[0]<--->Repeater11[0]
REAL
    0.389066   0.00512657    0.0036378     0.287874
  0.00512657     0.110736   0.00110048   -0.0100595
   0.0036378   0.00110048      0.10338 -8.80355e-05
    0.287874   -0.0100595 -8.80355e-05     0.396819
IMAGINARY
           0 -0.000219734  -0.00735531   0.00557248
 0.000219734            0  -0.00288163  -0.00326594
  0.00735531   0.00288163            0   0.00322575
 -0.00557248   0.00326594  -0.00322575            0
Repeater11[0]<--->Repeater10[0]
REAL
    0.389066    0.0036378   0.00512657     0.287874
   0.0036378      0.10338   0.00110048 -8.80355e-05
  0.00512657   0.00110048     0.110736   -0.0100595
    0.287874 -8.80355e-05   -0.0100595     0.396819
IMAGINARY
           0  -0.00735531 -0.000219734   0.00557248
  0.00735531            0   0.00288163   0.00322575
 0.000219734  -0.00288163            0  -0.00326594
 -0.00557248  -0.00322575   0.00326594            0
Repeater11[0]<--->HoM6[0]
REAL
    0.393879 -2.24671e-05   0.00250546     0.289271
-2.24671e-05     0.105525   0.00274033  -0.00132483
  0.00250546   0.00274033     0.100556   0.00494179
    0.289271  -0.00132483   0.00494179      0.40004
IMAGINARY
          0  0.00237481 -0.00252709  -0.0077076
-0.00237481           0  0.00397701  -0.0071943
 0.00252709 -0.00397701           0 -0.00488033
  0.0077076   0.0071943  0.00488033           0
EndNode1[0]<--->Repeater1[0]
REAL
  0.330788 0.00901469 0.00171782   0.167399
0.00901469   0.170418 0.00418078 0.00496457
0.00171782 0.00418078   0.163183 0.00572587
  0.167399 0.00496457 0.00572587   0.335611
IMAGINARY
           0   0.00747845   0.00215442  -0.00353266
 -0.00747845            0  0.000906401 -0.000662479
 -0.00215442 -0.000906401            0   0.00236838
  0.00353266  0.000662479  -0.00236838            0
EndNode2[0]<--->HoM6[0]
REAL
   0.391429 -0.00835296 -0.00455275     0.28902
-0.00835296   0.0994464  0.00203682 -0.00791376
-0.00455275  0.00203682    0.103547 -0.00452568
    0.28902 -0.00791376 -0.00452568    0.405577
IMAGINARY
          0 -0.00363817 -0.00455063 -0.00508096
 0.00363817           0 -0.00198653  0.00524937
 0.00455063  0.00198653           0 -0.00285015
 0.00508096 -0.00524937  0.00285015           0
Repeater1[0]<--->EndNode1[0]
REAL
  0.330788 0.00171782 0.00901469   0.167399
0.00171782   0.163183 0.00418078 0.00572587
0.00901469 0.00418078   0.170418 0.00496457
  0.167399 0.00572587 0.00496457   0.335611
IMAGINARY
           0   0.00215442   0.00747845  -0.00353266
 -0.00215442            0 -0.000906401   0.00236838
 -0.00747845  0.000906401            0 -0.000662479
  0.00353266  -0.00236838  0.000662479            0
Repeater1[0]<--->HoM1[0]
REAL
   0.336554 0.000262364 -0.00763165    0.164903
0.000262364    0.158123  0.00312604 -0.00574935
-0.00763165  0.00312604    0.173304 -0.00159025
   0.164903 -0.00574935 -0.00159025    0.332019
IMAGINARY
           0  -0.00542004 -0.000100287  -0.00344856
  0.00542004            0  -0.00826709  -0.00291418
 0.000100287   0.00826709            0   0.00421425
  0.00344856   0.00291418  -0.00421425            0
Repeater2[0]<--->HoM1[0]
REAL
   0.336554 -0.00763165 0.000262364    0.164903
-0.00763165    0.173304  0.00312604 -0.00159025
0.000262364  0.00312604    0.158123 -0.00574935
   0.164903 -0.00159025 -0.00574935    0.332019
IMAGINARY
           0 -0.000100287  -0.00542004  -0.00344856
 0.000100287            0   0.00826709   0.00421425
  0.00542004  -0.00826709            0  -0.00291418
  0.00344856  -0.00421425   0.00291418            0
Repeater2[0]<--->Repeater3[0]
REAL
   0.288658 -0.00235002  0.00521627   0.0558763
-0.00235002    0.222845  0.00233267 -0.00292771
 0.00521627  0.00233267    0.218644  0.00384255
  0.0558763 -0.00292771  0.00384255    0.269854
IMAGINARY
          0  -0.0047322  0.00121262  0.00180765
  0.0047322           0  0.00458213  0.00346027
-0.00121262 -0.00458213           0   0.0092104
-0.00180765 -0.00346027  -0.0092104           0
Repeater3[0]<--->Repeater2[0]
REAL
   0.288658  0.00521627 -0.00235002   0.0558763
 0.00521627    0.218644  0.00233267  0.00384255
-0.00235002  0.00233267    0.222845 -0.00292771
  0.0558763  0.00384255 -0.00292771    0.269854
IMAGINARY
          0  0.00121262  -0.0047322  0.00180765
-0.00121262           0 -0.00458213   0.0092104
  0.0047322  0.00458213           0  0.00346027
-0.00180765  -0.0092104 -0.00346027           0
Repeater3[0]<--->HoM2[0]
REAL
   0.278809 -0.00535623  0.00325477   0.0612405
-0.00535623    0.226392  0.00262118 -0.00615303
 0.00325477  0.00262118    0.221701 -0.00913507
  0.0612405 -0.00615303 -0.00913507    0.273098
IMAGINARY
           0   0.00451333  0.000449336  -0.00457692
 -0.00451333            0   -0.0010761  4.65974e-05
-0.000449336    0.0010761            0   0.00431428
  0.00457692 -4.65974e-05  -0.00431428            0
Repeater4[0]<--->HoM2[0]
REAL
   0.278809  0.00325477 -0.00535623   0.0612405
 0.00325477    0.221701  0.00262118 -0.00913507
-0.00535623  0.00262118    0.226392 -0.00615303
  0.0612405 -0.00913507 -0.00615303    0.273098
IMAGINARY
           0  0.000449336   0.00451333  -0.00457692
-0.000449336            0    0.0010761   0.00431428
 -0.00451333   -0.0010761            0  4.65974e-05
  0.00457692  -0.00431428 -4.65974e-05            0
Repeater4[0]<--->Repeater5[0]
REAL
      0.2592  2.25183e-06   0.00165293    0.0189509
 2.25183e-06     0.248657  -0.00447882 -0.000837604
  0.00165293  -0.00447882     0.234931  -0.00122524
   0.0189509 -0.000837604  -0.00122524     0.257211
IMAGINARY
          0  -0.0040764 -0.00370284 -0.00782275
  0.0040764           0 -0.00711296  0.00220733
 0.00370284  0.00711296           0 -0.00240416
 0.00782275 -0.00220733  0.00240416           0
Repeater5[0]<--->Repeater4[0]
REAL
      0.2592   0.00165293  2.25183e-06    0.0189509
  0.00165293     0.234931  -0.00447882  -0.00122524
 2.25183e-06  -0.00447882     0.248657 -0.000837604
   0.0189509  -0.00122524 -0.000837604     0.257211
IMAGINARY
          0 -0.00370284  -0.0040764 -0.00782275
 0.00370284           0  0.00711296 -0.00240416
  0.0040764 -0.00711296           0  0.00220733
 0.00782275  0.00240416 -0.00220733           0
Repeater5[0]<--->HoM3[0]
REAL
   0.264887   0.0011743 -0.00216347   0.0230452
  0.0011743    0.237602  0.00022698  0.00145826
-0.00216347  0.00022698    0.246564  0.00980696
  0.0230452  0.00145826  0.00980696    0.250946
IMAGINARY
          0 -0.00457186  0.00290669  0.00629412
 0.00457186           0  0.00569604  0.00930307
-0.00290669 -0.00569604           0 -0.00923919
-0.00629412 -0.00930307  0.00923919           0
Repeater6[0]<--->HoM3[0]
REAL
   0.264887 -0.00216347   0.0011743   0.0230452
-0.00216347    0.246564  0.00022698  0.00980696
  0.0011743  0.00022698    0.237602  0.00145826
  0.0230452  0.00980696  0.00145826    0.250946
IMAGINARY
          0  0.00290669 -0.00457186  0.00629412
-0.00290669           0 -0.00569604 -0.00923919
 0.00457186  0.00569604           0  0.00930307
-0.00629412  0.00923919 -0.00930307           0
Repeater6[0]<--->Repeater7[0]
REAL
    0.255131  -0.00942322  -0.00365484 -0.000854316
 -0.00942322     0.250503   0.00045749  -0.00606738
 -0.00365484   0.00045749     0.233199    0.0044629
-0.000854316  -0.00606738    0.0044629     0.261167
IMAGINARY
          0 -0.00227613  0.00412069  -0.0142823
 0.00227613           0  0.00529062  0.00768557
-0.00412069 -0.00529062           0  0.00822971
  0.0142823 -0.00768557 -0.00822971           0
Repeater7[0]<--->Repeater6[0]
REAL
    0.255131  -0.00365484  -0.00942322 -0.000854316
 -0.00365484     0.233199   0.00045749    0.0044629
 -0.00942322   0.00045749     0.250503  -0.00606738
-0.000854316    0.0044629  -0.00606738     0.261167
IMAGINARY
          0  0.00412069 -0.00227613  -0.0142823
-0.00412069           0 -0.00529062  0.00822971
 0.00227613  0.00529062           0  0.00768557
  0.0142823 -0.00822971 -0.00768557           0
Repeater7[0]<--->HoM4[0]
REAL
    0.257046    0.0078404   0.00747129   0.00477073
   0.0078404     0.255846 -5.37451e-05  -0.00542042
  0.00747129 -5.37451e-05     0.245653   0.00713089
  0.00477073  -0.00542042   0.00713089     0.241455
IMAGINARY
           0   0.00293524   0.00269969 -0.000896841
 -0.00293524            0  -0.00158677    0.0013036
 -0.00269969   0.00158677            0  -0.00201141
 0.000896841   -0.0013036   0.00201141            0
Repeater8[0]<--->HoM4[0]
REAL
    0.257046   0.00747129    0.0078404   0.00477073
  0.00747129     0.245653 -5.37451e-05   0.00713089
   0.0078404 -5.37451e-05     0.255846  -0.00542042
  0.00477073   0.00713089  -0.00542042     0.241455
IMAGINARY
           0   0.00269969   0.00293524 -0.000896841
 -0.00269969            0   0.00158677  -0.00201141
 -0.00293524  -0.00158677            0    0.0013036
 0.000896841   0.00201141   -0.0013036            0
Repeater8[0]<--->Repeater9[0]
REAL
   0.250495 -0.00509765 -0.00554059   0.0066307
-0.00509765     0.24891  0.00120815  0.00345684
-0.00554059  0.00120815    0.254063  -0.0073056
  0.0066307  0.00345684  -0.0073056    0.246532
IMAGINARY
           0   0.00246423   -0.0103232   0.00109721
 -0.00246423            0 -0.000301668   -0.0057398
   0.0103232  0.000301668            0 -0.000111048
 -0.00109721    0.0057398  0.000111048            0
Repeater9[0]<--->Repeater8[0]
REAL
   0.250495 -0.00554059 -0.00509765   0.0066307
-0.00554059    0.254063  0.00120815  -0.0073056
-0.00509765  0.00120815     0.24891  0.00345684
  0.0066307  -0.0073056  0.00345684    0.246532
IMAGINARY
           0   -0.0103232   0.00246423   0.00109721
   0.0103232            0  0.000301668 -0.000111048
 -0.00246423 -0.000301668            0   -0.0057398
 -0.00109721  0.000111048    0.0057398            0
Repeater9[0]<--->HoM5[0]
REAL
   0.249596  -0.0057296  0.00298273  0.00144309
