EndNode1[0]<--->Repeater1[0]
REAL
    0.49531 -0.00745632  -0.0275484    0.477784
-0.00745632    0.011257 -0.00243186   0.0134639
 -0.0275484 -0.00243186  0.00938086  -0.0101493
   0.477784   0.0134639  -0.0101493    0.484053
IMAGINARY
           0    0.0031842    0.0102458  -0.00628819
  -0.0031842            0  -0.00543056  0.000545595
  -0.0102458   0.00543056            0  -0.00498277
  0.00628819 -0.000545595   0.00498277            0
EndNode2[0]<--->HoM6[0]
REAL
   0.506542   0.0156865   0.0196256    0.482622
  0.0156865  0.00560748  0.00156109 -0.00820205
  0.0196256  0.00156109  0.00560748  0.00100943
   0.482622 -0.00820205  0.00100943    0.482243
IMAGINARY
          0 -0.00971349   0.0110393  -0.0031977
 0.00971349           0  -0.0179291  -0.0129333
 -0.0110393   0.0179291           0   0.0191832
  0.0031977   0.0129333  -0.0191832           0
Repeater1[0]<--->EndNode1[0]
REAL
    0.49531  -0.0275484 -0.00745632    0.477784
 -0.0275484  0.00938086 -0.00243186  -0.0101493
-0.00745632 -0.00243186    0.011257   0.0134639
   0.477784  -0.0101493   0.0134639    0.484053
IMAGINARY
           0    0.0102458    0.0031842  -0.00628819
  -0.0102458            0   0.00543056  -0.00498277
  -0.0031842  -0.00543056            0  0.000545595
  0.00628819   0.00498277 -0.000545595            0
Repeater1[0]<--->HoM1[0]
REAL
    0.481013   -0.0102242   -0.0136015     0.479458
  -0.0102242    0.0126582   0.00275546 -0.000232504
  -0.0136015   0.00275546   0.00904159  -0.00558603
    0.479458 -0.000232504  -0.00558603     0.497288
IMAGINARY
           0  -0.00171843    0.0119062   -0.0189451
  0.00171843            0    0.0291492  -0.00115351
  -0.0119062   -0.0291492            0 -7.36889e-05
   0.0189451   0.00115351  7.36889e-05            0
Repeater2[0]<--->HoM1[0]
REAL
    0.481013   -0.0136015   -0.0102242     0.479458
  -0.0136015   0.00904159   0.00275546  -0.00558603
  -0.0102242   0.00275546    0.0126582 -0.000232504
    0.479458  -0.00558603 -0.000232504     0.497288
IMAGINARY
           0    0.0119062  -0.00171843   -0.0189451
  -0.0119062            0   -0.0291492 -7.36889e-05
  0.00171843    0.0291492            0  -0.00115351
   0.0189451  7.36889e-05   0.00115351            0
Repeater2[0]<--->Repeater3[0]
REAL
   0.486388   0.0159037 -0.00607173    0.457113
  0.0159037   0.0399274 -0.00406976    -0.01045
-0.00607173 -0.00406976   0.0199637  -0.0202515
   0.457113    -0.01045  -0.0202515    0.453721
IMAGINARY
          0  0.00267697 -0.00484807 -0.00226035
-0.00267697           0  0.00315481  0.00392386
 0.00484807 -0.00315481           0  -0.0109949
 0.00226035 -0.00392386   0.0109949           0
Repeater3[0]<--->Repeater2[0]
REAL
   0.486388 -0.00607173   0.0159037    0.457113
-0.00607173   0.0199637 -0.00406976  -0.0202515
  0.0159037 -0.00406976   0.0399274    -0.01045
   0.457113  -0.0202515    -0.01045    0.453721
IMAGINARY
          0 -0.00484807  0.00267697 -0.00226035
 0.00484807           0 -0.00315481  -0.0109949
-0.00267697  0.00315481           0  0.00392386
 0.00226035   0.0109949 -0.00392386           0
Repeater3[0]<--->HoM2[0]
REAL
   0.469501 -0.00910645 -0.00365759    0.441243
-0.00910645   0.0166359 -0.00427541  0.00450938
-0.00365759 -0.00427541   0.0147874  0.00825466
   0.441243  0.00450938  0.00825466    0.499076
IMAGINARY
           0  -0.00126001  -0.00264105   -0.0196841
  0.00126001            0  0.000783746    0.0175795
  0.00264105 -0.000783746            0   -0.0189509
   0.0196841   -0.0175795    0.0189509            0
Repeater4[0]<--->HoM2[0]
REAL
   0.469501 -0.00365759 -0.00910645    0.441243
-0.00365759   0.0147874 -0.00427541  0.00825466
-0.00910645 -0.00427541   0.0166359  0.00450938
   0.441243  0.00825466  0.00450938    0.499076
IMAGINARY
           0  -0.00264105  -0.00126001   -0.0196841
  0.00264105            0 -0.000783746   -0.0189509
  0.00126001  0.000783746            0    0.0175795
   0.0196841    0.0189509   -0.0175795            0
Repeater4[0]<--->Repeater5[0]
REAL
  0.471767 -0.0133423 0.00130435   0.433241
-0.0133423  0.0346084  0.0041502 0.00130435
0.00130435  0.0041502  0.0236794 0.00899447
  0.433241 0.00130435 0.00899447   0.469945
IMAGINARY
          0 -0.00172542  -0.0103896 -0.00800446
 0.00172542           0  0.00349996  -0.0132468
  0.0103896 -0.00349996           0   0.0344527
 0.00800446   0.0132468  -0.0344527           0
Repeater5[0]<--->Repeater4[0]
REAL
  0.471767 0.00130435 -0.0133423   0.433241
0.00130435  0.0236794  0.0041502 0.00899447
-0.0133423  0.0041502  0.0346084 0.00130435
  0.433241 0.00899447 0.00130435   0.469945
IMAGINARY
          0  -0.0103896 -0.00172542 -0.00800446
  0.0103896           0 -0.00349996   0.0344527
 0.00172542  0.00349996           0  -0.0132468
 0.00800446  -0.0344527   0.0132468           0
Repeater5[0]<--->HoM3[0]
REAL
   0.493333  0.00547464  0.00548232    0.426792
 0.00547464   0.0209524 -0.00283763   0.0097268
 0.00548232 -0.00283763   0.0438095    0.017339
   0.426792   0.0097268    0.017339    0.441905
IMAGINARY
           0    0.0208514   -0.0350926   -0.0289194
  -0.0208514            0   0.00725873 -9.25926e-05
   0.0350926  -0.00725873            0    0.0143337
   0.0289194  9.25926e-05   -0.0143337            0
Repeater6[0]<--->HoM3[0]
REAL
   0.493333  0.00548232  0.00547464    0.426792
 0.00548232   0.0438095 -0.00283763    0.017339
 0.00547464 -0.00283763   0.0209524   0.0097268
   0.426792    0.017339   0.0097268    0.441905
IMAGINARY
           0   -0.0350926    0.0208514   -0.0289194
   0.0350926            0  -0.00725873    0.0143337
  -0.0208514   0.00725873            0 -9.25926e-05
   0.0289194   -0.0143337  9.25926e-05            0
Repeater6[0]<--->Repeater7[0]
REAL
    0.467128   0.00828818 -0.000482572     0.416968
  0.00828818    0.0346021    0.0165987    0.0162168
-0.000482572    0.0165987    0.0380623   -0.0100364
    0.416968    0.0162168   -0.0100364     0.460208
IMAGINARY
          0 -0.00241563  -0.0175894  -0.0128617
 0.00241563           0  -0.0048688 -0.00086078
  0.0175894   0.0048688           0 -0.00865448
  0.0128617  0.00086078  0.00865448           0
Repeater7[0]<--->Repeater6[0]
REAL
    0.467128 -0.000482572   0.00828818     0.416968
-0.000482572    0.0380623    0.0165987   -0.0100364
  0.00828818    0.0165987    0.0346021    0.0162168
    0.416968   -0.0100364    0.0162168     0.460208
IMAGINARY
          0  -0.0175894 -0.00241563  -0.0128617
  0.0175894           0   0.0048688 -0.00865448
 0.00241563  -0.0048688           0 -0.00086078
  0.0128617  0.00865448  0.00086078           0
Repeater7[0]<--->HoM4[0]
REAL
   0.392857   0.0106516   0.0135367     0.40024
  0.0106516   0.0545113 -0.00228091   0.0153749
  0.0135367 -0.00228091    0.037594  0.00125313
    0.40024   0.0153749  0.00125313    0.515038
IMAGINARY
         0 -0.0185989 -0.0139902  0.0304442
 0.0185989          0  -0.021703  0.0400406
 0.0139902   0.021703          0 -0.0141742
-0.0304442 -0.0400406  0.0141742          0
Repeater8[0]<--->HoM4[0]
REAL
   0.392857   0.0135367   0.0106516     0.40024
  0.0135367    0.037594 -0.00228091  0.00125313
  0.0106516 -0.00228091   0.0545113   0.0153749
    0.40024  0.00125313   0.0153749    0.515038
IMAGINARY
         0 -0.0139902 -0.0185989  0.0304442
 0.0139902          0   0.021703 -0.0141742
 0.0185989  -0.021703          0  0.0400406
-0.0304442  0.0141742 -0.0400406          0
Repeater8[0]<--->Repeater9[0]
REAL
   0.437262   0.0165601 -0.00414061    0.390632
  0.0165601   0.0608365  0.00325313   0.0167305
-0.00414061  0.00325313   0.0798479 -0.00936584
   0.390632   0.0167305 -0.00936584    0.422053
IMAGINARY
          0   0.0188048  -0.0437058  0.00572397
 -0.0188048           0 -0.00826204 -0.00969223
  0.0437058  0.00826204           0   0.0268262
-0.00572397  0.00969223  -0.0268262           0
Repeater9[0]<--->Repeater8[0]
REAL
   0.437262 -0.00414061   0.0165601    0.390632
-0.00414061   0.0798479  0.00325313 -0.00936584
  0.0165601  0.00325313   0.0608365   0.0167305
   0.390632 -0.00936584   0.0167305    0.422053
IMAGINARY
          0  -0.0437058   0.0188048  0.00572397
  0.0437058           0  0.00826204   0.0268262
 -0.0188048 -0.00826204           0 -0.00969223
-0.00572397  -0.0268262  0.00969223           0
Repeater9[0]<--->HoM5[0]
REAL
   0.420394  -0.0186704 -0.00820321    0.397576
 -0.0186704   0.0608229  0.00683551  -0.0156938
-0.00820321  0.00683551   0.0429338   0.0205087
   0.397576  -0.0156938   0.0205087     0.47585
IMAGINARY
          0  0.00716175  -0.0121066  -0.0173657
-0.00716175           0 -0.00350245   0.0102548
  0.0121066  0.00350245           0   0.0224679
  0.0173657  -0.0102548  -0.0224679           0
Repeater10[0]<--->HoM5[0]
REAL
   0.420394 -0.00820321  -0.0186704    0.397576
-0.00820321   0.0429338  0.00683551   0.0205087
 -0.0186704  0.00683551   0.0608229  -0.0156938
   0.397576   0.0205087  -0.0156938     0.47585
IMAGINARY
          0  -0.0121066  0.00716175  -0.0173657
  0.0121066           0  0.00350245   0.0224679
-0.00716175 -0.00350245           0   0.0102548
  0.0173657  -0.0224679  -0.0102548           0
Repeater10[0]<--->Repeater11[0]
REAL
  0.512681  0.0194442  0.0136771   0.479883
 0.0194442 0.00543478 0.00190171 -0.0073019
 0.0136771 0.00190171 0.00543478  -0.013069
  0.479883 -0.0073019  -0.013069   0.476449
IMAGINARY
          0 -0.00537611  0.00272177  0.00542831
 0.00537611           0 -0.00813101  0.00370025
-0.00272177  0.00813101           0  0.00629355
-0.00542831 -0.00370025 -0.00629355           0
Repeater11[0]<--->Repeater10[0]
REAL
  0.512681  0.0136771  0.0194442   0.479883
 0.0136771 0.00543478 0.00190171  -0.013069
 0.0194442 0.00190171 0.00543478 -0.0073019
  0.479883  -0.013069 -0.0073019   0.476449
IMAGINARY
          0  0.00272177 -0.00537611  0.00542831
-0.00272177           0  0.00813101  0.00629355
 0.00537611 -0.00813101           0  0.00370025
-0.00542831 -0.00629355 -0.00370025           0
Repeater11[0]<--->HoM6[0]
REAL
   0.506542   0.0196256   0.0156865    0.482622
  0.0196256  0.00560748  0.00156109  0.00100943
  0.0156865  0.00156109  0.00560748 -0.00820205
   0.482622  0.00100943 -0.00820205    0.482243
IMAGINARY
          0   0.0110393 -0.00971349  -0.0031977
 -0.0110393           0   0.0179291   0.0191832
 0.00971349  -0.0179291           0  -0.0129333
  0.0031977  -0.0191832   0.0129333           0
EndNode1[0]<--->Repeater1[0]
REAL
   0.483709  0.00434444 -0.00261976     0.47643
 0.00434444   0.0116653  0.00028199  0.00593235
-0.00261976  0.00028199   0.0116653 -0.00263795
    0.47643  0.00593235 -0.00263795    0.492961
IMAGINARY
          0 -0.00591013  0.00891193  0.00246568
 0.00591013           0 -0.00295732  0.00341519
-0.00891193  0.00295732           0  -0.0050139
-0.00246568 -0.00341519   0.0050139           0
EndNode2[0]<--->HoM6[0]
REAL
    0.493409 -0.000125667 -0.000535846     0.486742
-0.000125667   0.00588116 -0.000156672   0.00703991
-0.000535846 -0.000156672   0.00648956    0.0111013
    0.486742   0.00703991    0.0111013      0.49422
IMAGINARY
           0  -0.00622721   0.00550507 -0.000432094
  0.00622721            0  -0.00530578  -0.00354965
 -0.00550507   0.00530578            0  0.000556506
 0.000432094   0.00354965 -0.000556506            0
Repeater1[0]<--->EndNode1[0]
REAL
   0.483709 -0.00261976  0.00434444     0.47643
-0.00261976   0.0116653  0.00028199 -0.00263795
 0.00434444  0.00028199   0.0116653  0.00593235
    0.47643 -0.00263795  0.00593235    0.492961
IMAGINARY
          0  0.00891193 -0.00591013  0.00246568
-0.00891193           0  0.00295732  -0.0050139
 0.00591013 -0.00295732           0  0.00341519
-0.00246568   0.0050139 -0.00341519           0
Repeater1[0]<--->HoM1[0]
REAL
    0.475779   0.00115687   0.00649421     0.474618
  0.00115687    0.0136683  -0.00232213 -0.000688549
  0.00649421  -0.00232213    0.0104523   0.00383397
    0.474618 -0.000688549   0.00383397     0.500101
IMAGINARY
          0  -0.0049676  0.00227325  0.00430654
  0.0049676           0 -0.00341845  0.00825412
-0.00227325  0.00341845           0  -0.0085676
-0.00430654 -0.00825412   0.0085676           0
Repeater2[0]<--->HoM1[0]
REAL
    0.475779   0.00649421   0.00115687     0.474618
  0.00649421    0.0104523  -0.00232213   0.00383397
  0.00115687  -0.00232213    0.0136683 -0.000688549
    0.474618   0.00383397 -0.000688549     0.500101
IMAGINARY
          0  0.00227325  -0.0049676  0.00430654
-0.00227325           0  0.00341845  -0.0085676
  0.0049676 -0.00341845           0  0.00825412
-0.00430654   0.0085676 -0.00825412           0
Repeater2[0]<--->Repeater3[0]
REAL
   0.477832 -0.00507578 0.000228751    0.452787
-0.00507578   0.0247884 0.000502877 -0.00410472
0.000228751 0.000502877   0.0266022 -0.00178171
   0.452787 -0.00410472 -0.00178171    0.470778
IMAGINARY
           0  -0.00722716  0.000649335 -0.000437297
  0.00722716            0   0.00102669   0.00465246
-0.000649335  -0.00102669            0   0.00437235
 0.000437297  -0.00465246  -0.00437235            0
Repeater3[0]<--->Repeater2[0]
REAL
   0.477832 0.000228751 -0.00507578    0.452787
0.000228751   0.0266022 0.000502877 -0.00178171
-0.00507578 0.000502877   0.0247884 -0.00410472
   0.452787 -0.00178171 -0.00410472    0.470778
IMAGINARY
           0  0.000649335  -0.00722716 -0.000437297
-0.000649335            0  -0.00102669   0.00437235
  0.00722716   0.00102669            0   0.00465246
 0.000437297  -0.00437235  -0.00465246            0
Repeater3[0]<--->HoM2[0]
REAL
   0.494806   0.0021248   0.0050285    0.451888
  0.0021248   0.0219736 -0.00287388  0.00483009
  0.0050285 -0.00287388   0.0243708  0.00574216
   0.451888  0.00483009  0.00574216    0.458849
IMAGINARY
          0 -0.00174507   0.0030333 -0.00234652
 0.00174507           0  -0.0071446  0.00748258
 -0.0030333   0.0071446           0 -0.00480255
 0.00234652 -0.00748258  0.00480255           0
Repeater4[0]<--->HoM2[0]
REAL
   0.494806   0.0050285   0.0021248    0.451888
  0.0050285   0.0243708 -0.00287388  0.00574216
  0.0021248 -0.00287388   0.0219736  0.00483009
   0.451888  0.00574216  0.00483009    0.458849
IMAGINARY
          0   0.0030333 -0.00174507 -0.00234652
 -0.0030333           0   0.0071446 -0.00480255
 0.00174507  -0.0071446           0  0.00748258
 0.00234652  0.00480255 -0.00748258           0
Repeater4[0]<--->Repeater5[0]
REAL
    0.480217   0.00932714   0.00506083     0.433157
  0.00932714    0.0329383   -0.0038025 -0.000168458
  0.00506083   -0.0038025    0.0383611   0.00163176
    0.433157 -0.000168458   0.00163176     0.448484
IMAGINARY
           0   0.00861175   0.00466431  -0.00363294
 -0.00861175            0 -0.000602638  -0.00651845
 -0.00466431  0.000602638            0  -0.00387339
  0.00363294   0.00651845   0.00387339            0
Repeater5[0]<--->Repeater4[0]
REAL
    0.480217   0.00506083   0.00932714     0.433157
  0.00506083    0.0383611   -0.0038025   0.00163176
  0.00932714   -0.0038025    0.0329383 -0.000168458
    0.433157   0.00163176 -0.000168458     0.448484
IMAGINARY
           0   0.00466431   0.00861175  -0.00363294
 -0.00466431            0  0.000602638  -0.00387339
 -0.00861175 -0.000602638            0  -0.00651845
  0.00363294   0.00387339   0.00651845            0
Repeater5[0]<--->HoM3[0]
REAL
    0.457005   0.00109693   0.00350316     0.431094
  0.00109693    0.0352776  -0.00149705 -0.000312098
  0.00350316  -0.00149705    0.0318701   0.00109693
    0.431094 -0.000312098   0.00109693     0.475847
IMAGINARY
          0  0.00926605 -0.00175146  0.00712851
-0.00926605           0 -0.00712851  0.00309139
 0.00175146  0.00712851           0 -0.00421555
-0.00712851 -0.00309139  0.00421555           0
Repeater6[0]<--->HoM3[0]
REAL
    0.457005   0.00350316   0.00109693     0.431094
  0.00350316    0.0318701  -0.00149705   0.00109693
  0.00109693  -0.00149705    0.0352776 -0.000312098
    0.431094   0.00109693 -0.000312098     0.475847
IMAGINARY
          0 -0.00175146  0.00926605  0.00712851
 0.00175146           0  0.00712851 -0.00421555
-0.00926605 -0.00712851           0  0.00309139
-0.00712851  0.00421555 -0.00309139           0
Repeater6[0]<--->Repeater7[0]
REAL
   0.457273  0.00941587  0.00750512     0.40539
 0.00941587   0.0486884 -0.00202464  0.00538605
 0.00750512 -0.00202464   0.0437202  0.00249123
    0.40539  0.00538605  0.00249123    0.450318
IMAGINARY
           0  -0.00803533   0.00333209   0.00584486
  0.00803533            0  0.000770238   0.00598591
 -0.00333209 -0.000770238            0  -0.00187744
 -0.00584486  -0.00598591   0.00187744            0
Repeater7[0]<--->Repeater6[0]
REAL
   0.457273  0.00750512  0.00941587     0.40539
 0.00750512   0.0437202 -0.00202464  0.00249123
 0.00941587 -0.00202464   0.0486884  0.00538605
    0.40539  0.00249123  0.00538605    0.450318
IMAGINARY
           0   0.00333209  -0.00803533   0.00584486
 -0.00333209            0 -0.000770238  -0.00187744
  0.00803533  0.000770238            0   0.00598591
 -0.00584486   0.00187744  -0.00598591            0
Repeater7[0]<--->HoM4[0]
REAL
   0.438832 -0.00691284 -0.00706413    0.406754
-0.00691284   0.0481452 -0.00106401 -0.00726137
-0.00706413 -0.00106401   0.0451855 -0.00661681
   0.406754 -0.00726137 -0.00661681    0.467837
IMAGINARY
          0  0.00330975 -0.00958949   0.0108615
-0.00330975           0  0.00390727  0.00469047
 0.00958949 -0.00390727           0  0.00858787
 -0.0108615 -0.00469047 -0.00858787           0
Repeater8[0]<--->HoM4[0]
REAL
   0.438832 -0.00706413 -0.00691284    0.406754
-0.00706413   0.0451855 -0.00106401 -0.00661681
-0.00691284 -0.00106401   0.0481452 -0.00726137
   0.406754 -0.00661681 -0.00726137    0.467837
IMAGINARY
          0 -0.00958949  0.00330975   0.0108615
 0.00958949           0 -0.00390727  0.00858787
-0.00330975  0.00390727           0  0.00469047
 -0.0108615 -0.00858787 -0.00469047           0
Repeater8[0]<--->Repeater9[0]
REAL
   0.447411  0.00749748  0.00447903    0.389533
 0.00749748   0.0493274 -0.00436509  0.00309673
 0.00447903 -0.00436509   0.0629841 -0.00231406
   0.389533  0.00309673 -0.00231406    0.440277
IMAGINARY
          0  0.00201207 -0.00909142 -0.00384478
-0.00201207           0  0.00355437 -0.00547551
 0.00909142 -0.00355437           0   0.0048777
 0.00384478  0.00547551  -0.0048777           0
Repeater9[0]<--->Repeater8[0]
REAL
   0.447411  0.00447903  0.00749748    0.389533
 0.00447903   0.0629841 -0.00436509 -0.00231406
 0.00749748 -0.00436509   0.0493274  0.00309673
   0.389533 -0.00231406  0.00309673    0.440277
IMAGINARY
          0 -0.00909142  0.00201207 -0.00384478
 0.00909142           0 -0.00355437   0.0048777
-0.00201207  0.00355437           0 -0.00547551
 0.00384478  -0.0048777  0.00547551           0
Repeater9[0]<--->HoM5[0]
REAL
   0.439573 -0.00346368 -0.00216258    0.395601
-0.00346368   0.0554897 0.000523177 -0.00324761
-0.00216258 0.000523177   0.0521327 -0.00470079
   0.395601 -0.00324761 -0.00470079    0.452804
IMAGINARY
           0  -0.00548382   -0.0016139   0.00250033
  0.00548382            0  -0.00644052   0.00131007
   0.0016139   0.00644052            0  0.000116184
 -0.00250033  -0.00131007 -0.000116184            0
Repeater10[0]<--->HoM5[0]
REAL
   0.439573 -0.00216258 -0.00346368    0.395601
-0.00216258   0.0521327 0.000523177 -0.00470079
-0.00346368 0.000523177   0.0554897 -0.00324761
   0.395601 -0.00470079 -0.00324761    0.452804
IMAGINARY
           0   -0.0016139  -0.00548382   0.00250033
   0.0016139            0   0.00644052  0.000116184
  0.00548382  -0.00644052            0   0.00131007
 -0.00250033 -0.000116184  -0.00131007            0
Repeater10[0]<--->Repeater11[0]
REAL
   0.499899  0.00114718  0.00268756    0.487527
 0.00114718  0.00645812  0.00209539 -0.00139042
 0.00268756  0.00209539  0.00645812 0.000149969
   0.487527 -0.00139042 0.000149969    0.487185
IMAGINARY
           0   0.00348892   0.00679416    0.0071821
 -0.00348892            0  -0.00628729  0.000290256
 -0.00679416   0.00628729            0  -0.00837817
  -0.0071821 -0.000290256   0.00837817            0
Repeater11[0]<--->Repeater10[0]
REAL
   0.499899  0.00268756  0.00114718    0.487527
 0.00268756  0.00645812  0.00209539 0.000149969
 0.00114718  0.00209539  0.00645812 -0.00139042
   0.487527 0.000149969 -0.00139042    0.487185
IMAGINARY
           0   0.00679416   0.00348892    0.0071821
 -0.00679416            0   0.00628729  -0.00837817
 -0.00348892  -0.00628729            0  0.000290256
  -0.0071821   0.00837817 -0.000290256            0
Repeater11[0]<--->HoM6[0]
REAL
    0.493409 -0.000535846 -0.000125667     0.486742
-0.000535846   0.00648956 -0.000156672    0.0111013
-0.000125667 -0.000156672   0.00588116   0.00703991
    0.486742    0.0111013   0.00703991      0.49422
IMAGINARY
           0   0.00550507  -0.00622721 -0.000432094
 -0.00550507            0   0.00530578  0.000556506
  0.00622721  -0.00530578            0  -0.00354965
 0.000432094 -0.000556506   0.00354965            0
EndNode1[0]<--->Repeater1[0]
REAL
   0.484074 -0.00298533  0.00273788    0.472864
-0.00298533   0.0100275  -0.0016618 -0.00101409
 0.00273788  -0.0016618   0.0125836  0.00308673
   0.472864 -0.00101409  0.00308673    0.493315
IMAGINARY
          0 -0.00224915  0.00260834  0.00366258
 0.00224915           0  0.00895094  0.00421864
-0.00260834 -0.00895094           0 -0.00274371
-0.00366258 -0.00421864  0.00274371           0
EndNode2[0]<--->HoM6[0]
REAL
   0.490004  0.00619277  0.00232721    0.488867
 0.00619277  0.00579768 0.000627283 -0.00381383
 0.00232721 0.000627283  0.00639744 -0.00391329
   0.488867 -0.00381383 -0.00391329    0.497801
IMAGINARY
           0  4.98902e-05 -0.000299577   0.00381536
-4.98902e-05            0   0.00908722 -0.000597373
 0.000299577  -0.00908722            0  0.000647738
 -0.00381536  0.000597373 -0.000647738            0
Repeater1[0]<--->EndNode1[0]
REAL
   0.484074  0.00273788 -0.00298533    0.472864
 0.00273788   0.0125836  -0.0016618  0.00308673
-0.00298533  -0.0016618   0.0100275 -0.00101409
   0.472864  0.00308673 -0.00101409    0.493315
IMAGINARY
          0  0.00260834 -0.00224915  0.00366258
-0.00260834           0 -0.00895094 -0.00274371
 0.00224915  0.00895094           0  0.00421864
-0.00366258  0.00274371 -0.00421864           0
Repeater1[0]<--->HoM1[0]
REAL
    0.49212  0.00218314 -0.00583064    0.476979
 0.00218314   0.0133653  0.00183328  0.00206826
-0.00583064  0.00183328   0.0109715 -0.00495541
   0.476979  0.00206826 -0.00495541    0.483543
IMAGINARY
          0  0.00710596 -0.00759269 -0.00478211
-0.00710596           0  0.00518599 -0.00393267
 0.00759269 -0.00518599           0  0.00441939
 0.00478211  0.00393267 -0.00441939           0
Repeater2[0]<--->HoM1[0]
REAL
    0.49212 -0.00583064  0.00218314    0.476979
-0.00583064   0.0109715  0.00183328 -0.00495541
 0.00218314  0.00183328   0.0133653  0.00206826
   0.476979 -0.00495541  0.00206826    0.483543
IMAGINARY
          0 -0.00759269  0.00710596 -0.00478211
 0.00759269           0 -0.00518599  0.00441939
-0.00710596  0.00518599           0 -0.00393267
 0.00478211 -0.00441939  0.00393267           0
Repeater2[0]<--->Repeater3[0]
REAL
    0.463971   0.00436275   0.00421361     0.453184
  0.00436275    0.0246197 -0.000646853  -0.00546771
  0.00421361 -0.000646853    0.0280224  -0.00214396
    0.453184  -0.00546771  -0.00214396     0.483387
IMAGINARY
           0 -5.96319e-05  -0.00311627  -0.00134451
 5.96319e-05            0 -0.000762659 -0.000167315
  0.00311627  0.000762659            0  0.000557144
  0.00134451  0.000167315 -0.000557144            0
Repeater3[0]<--->Repeater2[0]
REAL
    0.463971   0.00421361   0.00436275     0.453184
  0.00421361    0.0280224 -0.000646853  -0.00214396
  0.00436275 -0.000646853    0.0246197  -0.00546771
    0.453184  -0.00214396  -0.00546771     0.483387
IMAGINARY
           0  -0.00311627 -5.96319e-05  -0.00134451
  0.00311627            0  0.000762659  0.000557144
 5.96319e-05 -0.000762659            0 -0.000167315
  0.00134451 -0.000557144  0.000167315            0
Repeater3[0]<--->HoM2[0]
REAL
   0.481925 -0.00530911 -0.00612192    0.448621
-0.00530911    0.022169 -0.00101881 -0.00186918
-0.00612192 -0.00101881    0.022169 -0.00935809
   0.448621 -0.00186918 -0.00935809    0.473737
IMAGINARY
          0 -0.00510152 -0.00361853 -0.00548142
 0.00510152           0  0.00518256   0.0104131
 0.00361853 -0.00518256           0  0.00190408
 0.00548142  -0.0104131 -0.00190408           0
Repeater4[0]<--->HoM2[0]
REAL
   0.481925 -0.00612192 -0.00530911    0.448621
-0.00612192    0.022169 -0.00101881 -0.00935809
-0.00530911 -0.00101881    0.022169 -0.00186918
   0.448621 -0.00935809 -0.00186918    0.473737
IMAGINARY
          0 -0.00361853 -0.00510152 -0.00548142
 0.00361853           0 -0.00518256  0.00190408
 0.00510152  0.00518256           0   0.0104131
 0.00548142 -0.00190408  -0.0104131           0
Repeater4[0]<--->Repeater5[0]
REAL
    0.468547  -0.00181837  -0.00832699     0.429259
 -0.00181837    0.0376652   0.00402206   0.00725716
 -0.00832699   0.00402206     0.033524 -0.000613065
    0.429259   0.00725716 -0.000613065     0.460264
IMAGINARY
           0   0.00271948    0.0022846  -0.00217065
 -0.00271948            0   0.00408945  -0.00090011
  -0.0022846  -0.00408945            0  0.000247292
  0.00217065   0.00090011 -0.000247292            0
Repeater5[0]<--->Repeater4[0]
REAL
    0.468547  -0.00832699  -0.00181837     0.429259
 -0.00832699     0.033524   0.00402206 -0.000613065
 -0.00181837   0.00402206    0.0376652   0.00725716
    0.429259 -0.000613065   0.00725716     0.460264
IMAGINARY
           0    0.0022846   0.00271948  -0.00217065
  -0.0022846            0  -0.00408945  0.000247292
 -0.00271948   0.00408945            0  -0.00090011
  0.00217065 -0.000247292   0.00090011            0
Repeater5[0]<--->HoM3[0]
REAL
    0.459651 -0.000820072   0.00326666     0.423901
-0.000820072    0.0367171  -0.00450169  -0.00820542
  0.00326666  -0.00450169    0.0369134  -0.00253828
    0.423901  -0.00820542  -0.00253828     0.466719
IMAGINARY
           0 -0.000538449   0.00257122   0.00126435
 0.000538449            0   0.00466291  -0.00729191
 -0.00257122  -0.00466291            0   0.00447236
 -0.00126435   0.00729191  -0.00447236            0
Repeater6[0]<--->HoM3[0]
REAL
    0.459651   0.00326666 -0.000820072     0.423901
  0.00326666    0.0369134  -0.00450169  -0.00253828
-0.000820072  -0.00450169    0.0367171  -0.00820542
    0.423901  -0.00253828  -0.00820542     0.466719
IMAGINARY
           0   0.00257122 -0.000538449   0.00126435
 -0.00257122            0  -0.00466291   0.00447236
 0.000538449   0.00466291            0  -0.00729191
 -0.00126435  -0.00447236   0.00729191            0
Repeater6[0]<--->Repeater7[0]
REAL
   0.457275  -0.0035776 -0.00461477    0.405381
 -0.0035776   0.0407094    0.001922 -0.00461477
-0.00461477    0.001922    0.044337 -0.00484937
   0.405381 -0.00461477 -0.00484937    0.457678
IMAGINARY
           0  -0.00111513  -0.00610729   0.00284463
  0.00111513            0   0.00314101 -0.000932131
  0.00610729  -0.00314101            0 -0.000292758
 -0.00284463  0.000932131  0.000292758            0
Repeater7[0]<--->Repeater6[0]
REAL
   0.457275 -0.00461477  -0.0035776    0.405381
-0.00461477    0.044337    0.001922 -0.00484937
 -0.0035776    0.001922   0.0407094 -0.00461477
   0.405381 -0.00484937 -0.00461477    0.457678
IMAGINARY
           0  -0.00610729  -0.00111513   0.00284463
  0.00610729            0  -0.00314101 -0.000292758
  0.00111513   0.00314101            0 -0.000932131
 -0.00284463  0.000292758  0.000932131            0
Repeater7[0]<--->HoM4[0]
REAL
    0.452804  -0.00526652  0.000622119     0.407116
 -0.00526652    0.0413473 -0.000539139  -0.00249848
 0.000622119 -0.000539139    0.0447761  -0.00826301
    0.407116  -0.00249848  -0.00826301     0.461073
IMAGINARY
           0   -0.0015137     0.001862  0.000379307
   0.0015137            0  -0.00500335   0.00443422
   -0.001862   0.00500335            0  -0.00638157
-0.000379307  -0.00443422   0.00638157            0
Repeater8[0]<--->HoM4[0]
REAL
    0.452804  0.000622119  -0.00526652     0.407116
 0.000622119    0.0447761 -0.000539139  -0.00826301
 -0.00526652 -0.000539139    0.0413473  -0.00249848
    0.407116  -0.00826301  -0.00249848     0.461073
IMAGINARY
           0     0.001862   -0.0015137  0.000379307
   -0.001862            0   0.00500335  -0.00638157
   0.0015137  -0.00500335            0   0.00443422
-0.000379307   0.00638157  -0.00443422            0
Repeater8[0]<--->Repeater9[0]
REAL
    0.44159  -0.0029703 -0.00285306    0.388221
 -0.0029703   0.0553994 -0.00122222  0.00346059
-0.00285306 -0.00122222   0.0590124  0.00236277
   0.388221  0.00346059  0.00236277    0.443998
IMAGINARY
          0  0.00528332 -0.00474511  -0.0125867
-0.00528332           0  0.00549733 -0.00373623
 0.00474511 -0.00549733           0  0.00359714
  0.0125867  0.00373623 -0.00359714           0
Repeater9[0]<--->Repeater8[0]
REAL
    0.44159 -0.00285306  -0.0029703    0.388221
-0.00285306   0.0590124 -0.00122222  0.00236277
 -0.0029703 -0.00122222   0.0553994  0.00346059
   0.388221  0.00236277  0.00346059    0.443998
IMAGINARY
          0 -0.00474511  0.00528332  -0.0125867
 0.00474511           0 -0.00549733  0.00359714
-0.00528332  0.00549733           0 -0.00373623
  0.0125867 -0.00359714  0.00373623           0
Repeater9[0]<--->HoM5[0]
REAL
   0.443083 -0.00632433  0.00202599    0.390693
-0.00632433   0.0507905   8.401e-06 -0.00153454
 0.00202599   8.401e-06   0.0583004  0.00484999
   0.390693 -0.00153454  0.00484999    0.447826
IMAGINARY
          0  0.00399042 -0.00243945  -0.0040546
-0.00399042           0 -0.00315694 -0.00655226
 0.00243945  0.00315694           0  0.00358687
  0.0040546  0.00655226 -0.00358687           0
Repeater10[0]<--->HoM5[0]
REAL
   0.443083  0.00202599 -0.00632433    0.390693
 0.00202599   0.0583004   8.401e-06  0.00484999
-0.00632433   8.401e-06   0.0507905 -0.00153454
   0.390693  0.00484999 -0.00153454    0.447826
IMAGINARY
          0 -0.00243945  0.00399042  -0.0040546
 0.00243945           0  0.00315694  0.00358687
-0.00399042 -0.00315694           0 -0.00655226
  0.0040546 -0.00358687  0.00655226           0
Repeater10[0]<--->Repeater11[0]
REAL
   0.490959 -0.00198067 -0.00328648     0.48723
-0.00198067  0.00648585 3.50656e-05 -0.00368744
-0.00328648 3.50656e-05  0.00766509 -0.00842968
    0.48723 -0.00368744 -0.00842968     0.49489
IMAGINARY
           0   0.00229002 -0.000906552  -0.00757322
 -0.00229002            0   0.00119871   0.00390775
 0.000906552  -0.00119871            0  -0.00569139
  0.00757322  -0.00390775   0.00569139            0
Repeater11[0]<--->Repeater10[0]
REAL
   0.490959 -0.00328648 -0.00198067     0.48723
-0.00328648  0.00766509 3.50656e-05 -0.00842968
-0.00198067 3.50656e-05  0.00648585 -0.00368744
    0.48723 -0.00842968 -0.00368744     0.49489
IMAGINARY
           0 -0.000906552   0.00229002  -0.00757322
 0.000906552            0  -0.00119871  -0.00569139
 -0.00229002   0.00119871            0   0.00390775
  0.00757322   0.00569139  -0.00390775            0
Repeater11[0]<--->HoM6[0]
REAL
   0.490004  0.00232721  0.00619277    0.488867
 0.00232721  0.00639744 0.000627283 -0.00391329
 0.00619277 0.000627283  0.00579768 -0.00381383
   0.488867 -0.00391329 -0.00381383    0.497801
IMAGINARY
           0 -0.000299577  4.98902e-05   0.00381536
 0.000299577            0  -0.00908722  0.000647738
-4.98902e-05   0.00908722            0 -0.000597373
 -0.00381536 -0.000647738  0.000597373            0
EndNode1[0]<--->Repeater1[0]
REAL
   0.499696  0.00384364  0.00638954    0.478023
 0.00384364   0.0135765  0.00163759 -0.00449522
 0.00638954  0.00163759   0.0119554 -0.00354454
   0.478023 -0.00449522 -0.00354454    0.474772
IMAGINARY
          0 -0.00136787  0.00629517  0.00301335
 0.00136787           0 -0.00087964  0.00481149
-0.00629517  0.00087964           0   -0.013341
-0.00301335 -0.00481149    0.013341           0
EndNode2[0]<--->HoM6[0]
REAL
   0.495071  0.00682722  0.00805866    0.486159
 0.00682722   0.0054315 0.000580283  0.00208174
 0.00805866 0.000580283    0.007242  0.00214314
   0.486159  0.00208174  0.00214314    0.492255
IMAGINARY
           0  -0.00205515  -0.00211963  0.000770117
  0.00205515            0   0.00459768   0.00850611
  0.00211963  -0.00459768            0  -0.00185915
-0.000770117  -0.00850611   0.00185915            0
Repeater1[0]<--->EndNode1[0]
REAL
   0.499696  0.00638954  0.00384364    0.478023
 0.00638954   0.0119554  0.00163759 -0.00354454
 0.00384364  0.00163759   0.0135765 -0.00449522
   0.478023 -0.00354454 -0.00449522    0.474772
IMAGINARY
          0  0.00629517 -0.00136787  0.00301335
-0.00629517           0  0.00087964   -0.013341
 0.00136787 -0.00087964           0  0.00481149
-0.00301335    0.013341 -0.00481149           0
Repeater1[0]<--->HoM1[0]
REAL
   0.482598  0.00131731 -0.00522657     0.47488
 0.00131731  0.00971267  0.00207132  0.00482221
-0.00522657  0.00207132   0.0133549 -0.00253041
    0.47488  0.00482221 -0.00253041    0.494334
IMAGINARY
           0   0.00178031 -0.000911831  -0.00461242
 -0.00178031            0  -0.00656022  -0.00740797
 0.000911831   0.00656022            0   0.00897456
  0.00461242   0.00740797  -0.00897456            0
Repeater2[0]<--->HoM1[0]
REAL
   0.482598 -0.00522657  0.00131731     0.47488
-0.00522657   0.0133549  0.00207132 -0.00253041
 0.00131731  0.00207132  0.00971267  0.00482221
    0.47488 -0.00253041  0.00482221    0.494334
IMAGINARY
           0 -0.000911831   0.00178031  -0.00461242
 0.000911831            0   0.00656022   0.00897456
 -0.00178031  -0.00656022            0  -0.00740797
  0.00461242  -0.00897456   0.00740797            0
Repeater2[0]<--->Repeater3[0]
REAL
   0.479008  0.00675151    0.006994    0.452607
 0.00675151   0.0237905 -0.00199248  0.00358855
   0.006994 -0.00199248   0.0219912  0.00483889
   0.452607  0.00358855  0.00483889     0.47521
IMAGINARY
           0  -0.00458171   0.00375646   0.00161756
  0.00458171            0  -0.00401852  0.000425143
 -0.00375646   0.00401852            0 -0.000396387
 -0.00161756 -0.000425143  0.000396387            0
Repeater3[0]<--->Repeater2[0]
REAL
   0.479008    0.006994  0.00675151    0.452607
   0.006994   0.0219912 -0.00199248  0.00483889
 0.00675151 -0.00199248   0.0237905  0.00358855
   0.452607  0.00483889  0.00358855     0.47521
IMAGINARY
           0   0.00375646  -0.00458171   0.00161756
 -0.00375646            0   0.00401852 -0.000396387
  0.00458171  -0.00401852            0  0.000425143
 -0.00161756  0.000396387 -0.000425143            0
Repeater3[0]<--->HoM2[0]
REAL
   0.472649  0.00625804  0.00262809    0.448974
 0.00625804   0.0227759 0.000505549  0.00435048
 0.00262809 0.000505549   0.0286159 -0.00262132
   0.448974  0.00435048 -0.00262132    0.475959
IMAGINARY
           0  -0.00602156   0.00558758   0.00955995
  0.00602156            0  -0.00448277 -0.000812415
 -0.00558758   0.00448277            0 -0.000146362
 -0.00955995  0.000812415  0.000146362            0
Repeater4[0]<--->HoM2[0]
REAL
   0.472649  0.00262809  0.00625804    0.448974
 0.00262809   0.0286159 0.000505549 -0.00262132
 0.00625804 0.000505549   0.0227759  0.00435048
   0.448974 -0.00262132  0.00435048    0.475959
IMAGINARY
           0   0.00558758  -0.00602156   0.00955995
 -0.00558758            0   0.00448277 -0.000146362
  0.00602156  -0.00448277            0 -0.000812415
 -0.00955995  0.000146362  0.000812415            0
Repeater4[0]<--->Repeater5[0]
REAL
   0.469456 -0.00571347  0.00467427    0.425142
-0.00571347   0.0383029 -0.00287272  -0.0136587
 0.00467427 -0.00287272   0.0326066 -0.00266529
   0.425142  -0.0136587 -0.00266529    0.459635
IMAGINARY
          0  0.00438004 -0.00476097 -0.00172893
-0.00438004           0  0.00330497 -0.00221195
 0.00476097 -0.00330497           0   0.0068997
 0.00172893  0.00221195  -0.0068997           0
Repeater5[0]<--->Repeater4[0]
REAL
   0.469456  0.00467427 -0.00571347    0.425142
 0.00467427   0.0326066 -0.00287272 -0.00266529
-0.00571347 -0.00287272   0.0383029  -0.0136587
   0.425142 -0.00266529  -0.0136587    0.459635
IMAGINARY
          0 -0.00476097  0.00438004 -0.00172893
 0.00476097           0 -0.00330497   0.0068997
-0.00438004  0.00330497           0 -0.00221195
 0.00172893  -0.0068997  0.00221195           0
Repeater5[0]<--->HoM3[0]
REAL
  0.465958 0.00146623 0.00180568   0.430552
0.00146623  0.0338449 0.00101121  0.0109625
0.00180568 0.00101121  0.0395514 0.00864613
  0.430552  0.0109625 0.00864613   0.460645
IMAGINARY
           0   0.00399199   0.00286267   0.00245204
 -0.00399199            0  0.000355818  -0.00296391
 -0.00286267 -0.000355818            0  -0.00146111
 -0.00245204   0.00296391   0.00146111            0
Repeater6[0]<--->HoM3[0]
REAL
  0.465958 0.00180568 0.00146623   0.430552
0.00180568  0.0395514 0.00101121 0.00864613
0.00146623 0.00101121  0.0338449  0.0109625
  0.430552 0.00864613  0.0109625   0.460645
IMAGINARY
           0   0.00286267   0.00399199   0.00245204
 -0.00286267            0 -0.000355818  -0.00146111
 -0.00399199  0.000355818            0  -0.00296391
 -0.00245204   0.00146111   0.00296391            0
Repeater6[0]<--->Repeater7[0]
REAL
    0.451581  -0.00323142  -0.00519194     0.413217
 -0.00323142     0.045018  -0.00106921 -0.000111244
 -0.00519194  -0.00106921    0.0434174  -0.00427308
    0.413217 -0.000111244  -0.00427308     0.459984
IMAGINARY
           0    0.0120068   -0.0028271 -0.000408475
  -0.0120068            0   0.00127303   -0.0189033
   0.0028271  -0.00127303            0    0.0105284
 0.000408475    0.0189033   -0.0105284            0
Repeater7[0]<--->Repeater6[0]
REAL
    0.451581  -0.00519194  -0.00323142     0.413217
 -0.00519194    0.0434174  -0.00106921  -0.00427308
 -0.00323142  -0.00106921     0.045018 -0.000111244
    0.413217  -0.00427308 -0.000111244     0.459984
IMAGINARY
           0   -0.0028271    0.0120068 -0.000408475
   0.0028271            0  -0.00127303    0.0105284
  -0.0120068   0.00127303            0   -0.0189033
 0.000408475   -0.0105284    0.0189033            0
Repeater7[0]<--->HoM4[0]
REAL
    0.463567  0.000856886   -0.0010027     0.407676
 0.000856886    0.0476656   0.00193124   0.00384015
  -0.0010027   0.00193124    0.0462981 -4.61846e-05
    0.407676   0.00384015 -4.61846e-05     0.442469
IMAGINARY
           0  -0.00348991  -0.00586406   -0.0090535
  0.00348991            0   0.00103528   0.00161649
  0.00586406  -0.00103528            0 -0.000757666
   0.0090535  -0.00161649  0.000757666            0
Repeater8[0]<--->HoM4[0]
REAL
    0.463567   -0.0010027  0.000856886     0.407676
  -0.0010027    0.0462981   0.00193124 -4.61846e-05
 0.000856886   0.00193124    0.0476656   0.00384015
    0.407676 -4.61846e-05   0.00384015     0.442469
IMAGINARY
           0  -0.00586406  -0.00348991   -0.0090535
  0.00586406            0  -0.00103528 -0.000757666
  0.00348991   0.00103528            0   0.00161649
   0.0090535  0.000757666  -0.00161649            0
Repeater8[0]<--->Repeater9[0]
REAL
   0.451685  0.00799004 -0.00555309    0.391118
 0.00799004   0.0568413  0.00711523  0.00113719
-0.00555309  0.00711523   0.0556232  -0.0118038
   0.391118  0.00113719  -0.0118038    0.435851
IMAGINARY
           0   0.00070089  -0.00164334   0.00957811
 -0.00070089            0  -0.00167337 -0.000943205
  0.00164334   0.00167337            0   0.00168669
 -0.00957811  0.000943205  -0.00168669            0
Repeater9[0]<--->Repeater8[0]
REAL
   0.451685 -0.00555309  0.00799004    0.391118
-0.00555309   0.0556232  0.00711523  -0.0118038
 0.00799004  0.00711523   0.0568413  0.00113719
   0.391118  -0.0118038  0.00113719    0.435851
IMAGINARY
           0  -0.00164334   0.00070089   0.00957811
  0.00164334            0   0.00167337   0.00168669
 -0.00070089  -0.00167337            0 -0.000943205
 -0.00957811  -0.00168669  0.000943205            0
Repeater9[0]<--->HoM5[0]
REAL
   0.438688  0.00109618  0.00183673    0.388906
 0.00109618   0.0566113 -0.00144264 3.88872e-05
