EndNode1[0]<--->Repeater1[0]
REAL
    0.441528 -0.000152755   0.00143093     0.363405
-0.000152755    0.0630754  0.000802304  -0.00441877
  0.00143093  0.000802304    0.0695397  -0.00386538
    0.363405  -0.00441877  -0.00386538     0.425857
IMAGINARY
           0  -0.00769765   0.00438004  0.000140019
  0.00769765            0  -0.00153222   0.00598004
 -0.00438004   0.00153222            0  -0.00688694
-0.000140019  -0.00598004   0.00688694            0
EndNode2[0]<--->HoM6[0]
REAL
    0.456197  -0.00449386 -4.94169e-05     0.431439
 -0.00449386    0.0316916 -0.000424847 -4.94169e-05
-4.94169e-05 -0.000424847    0.0375454    -0.000942
    0.431439 -4.94169e-05    -0.000942     0.474566
IMAGINARY
          0 -0.00381793 -0.00282989  0.00567847
 0.00381793           0  0.00618732  0.00964352
 0.00282989 -0.00618732           0  0.00261552
-0.00567847 -0.00964352 -0.00261552           0
Repeater1[0]<--->EndNode1[0]
REAL
    0.441528   0.00143093 -0.000152755     0.363405
  0.00143093    0.0695397  0.000802304  -0.00386538
-0.000152755  0.000802304    0.0630754  -0.00441877
    0.363405  -0.00386538  -0.00441877     0.425857
IMAGINARY
           0   0.00438004  -0.00769765  0.000140019
 -0.00438004            0   0.00153222  -0.00688694
  0.00769765  -0.00153222            0   0.00598004
-0.000140019   0.00688694  -0.00598004            0
Repeater1[0]<--->HoM1[0]
REAL
   0.445312 -0.00371898 -0.00170679     0.36297
-0.00371898   0.0602385 -0.00540936  0.00755247
-0.00170679 -0.00540936      0.0625 0.000406432
    0.36297  0.00755247 0.000406432    0.431949
IMAGINARY
           0  -0.00113974  0.000719452 -0.000971662
  0.00113974            0   0.00252205  -0.00251157
-0.000719452  -0.00252205            0   0.00113974
 0.000971662   0.00251157  -0.00113974            0
Repeater2[0]<--->HoM1[0]
REAL
   0.445312 -0.00170679 -0.00371898     0.36297
-0.00170679      0.0625 -0.00540936 0.000406432
-0.00371898 -0.00540936   0.0602385  0.00755247
    0.36297 0.000406432  0.00755247    0.431949
IMAGINARY
           0  0.000719452  -0.00113974 -0.000971662
-0.000719452            0  -0.00252205   0.00113974
  0.00113974   0.00252205            0  -0.00251157
 0.000971662  -0.00113974   0.00251157            0
Repeater2[0]<--->Repeater3[0]
REAL
    0.375525 -0.000923712  -0.00991295     0.274668
-0.000923712     0.119976  -0.00844979  -0.00412977
 -0.00991295  -0.00844979     0.113577  -0.00481205
    0.274668  -0.00412977  -0.00481205     0.390922
IMAGINARY
          0 -0.00572019  0.00319093  -0.0064394
 0.00572019           0  -0.0067345  0.00730988
-0.00319093   0.0067345           0 -0.00356899
  0.0064394 -0.00730988  0.00356899           0
Repeater3[0]<--->Repeater2[0]
REAL
    0.375525  -0.00991295 -0.000923712     0.274668
 -0.00991295     0.113577  -0.00844979  -0.00481205
-0.000923712  -0.00844979     0.119976  -0.00412977
    0.274668  -0.00481205  -0.00412977     0.390922
IMAGINARY
          0  0.00319093 -0.00572019  -0.0064394
-0.00319093           0   0.0067345 -0.00356899
 0.00572019  -0.0067345           0  0.00730988
  0.0064394  0.00356899 -0.00730988           0
Repeater3[0]<--->HoM2[0]
REAL
   0.390996  0.00631614  0.00651582    0.263811
 0.00631614    0.113567   0.0027842 -0.00230592
 0.00651582   0.0027842    0.114987  0.00298482
   0.263811 -0.00230592  0.00298482     0.38045
IMAGINARY
           0   0.00325717   0.00315793  -0.00460718
 -0.00325717            0   0.00725591 -0.000351194
 -0.00315793  -0.00725591            0   0.00315822
  0.00460718  0.000351194  -0.00315822            0
Repeater4[0]<--->HoM2[0]
REAL
   0.390996  0.00651582  0.00631614    0.263811
 0.00651582    0.114987   0.0027842  0.00298482
 0.00631614   0.0027842    0.113567 -0.00230592
   0.263811  0.00298482 -0.00230592     0.38045
IMAGINARY
           0   0.00315793   0.00325717  -0.00460718
 -0.00315793            0  -0.00725591   0.00315822
 -0.00325717   0.00725591            0 -0.000351194
  0.00460718  -0.00315822  0.000351194            0
Repeater4[0]<--->Repeater5[0]
REAL
   0.353531 -0.00636876 0.000350359    0.193244
-0.00636876    0.152098 -0.00164755 5.17323e-05
0.000350359 -0.00164755    0.152508  0.00194576
   0.193244 5.17323e-05  0.00194576    0.341863
IMAGINARY
           0 -0.000707302   0.00588595   0.00137281
 0.000707302            0   0.00127581   0.00718726
 -0.00588595  -0.00127581            0  -0.00130396
 -0.00137281  -0.00718726   0.00130396            0
Repeater5[0]<--->Repeater4[0]
REAL
   0.353531 0.000350359 -0.00636876    0.193244
0.000350359    0.152508 -0.00164755  0.00194576
-0.00636876 -0.00164755    0.152098 5.17323e-05
   0.193244  0.00194576 5.17323e-05    0.341863
IMAGINARY
           0   0.00588595 -0.000707302   0.00137281
 -0.00588595            0  -0.00127581  -0.00130396
 0.000707302   0.00127581            0   0.00718726
 -0.00137281   0.00130396  -0.00718726            0
Repeater5[0]<--->HoM3[0]
REAL
   0.341105  0.00216502  0.00703048     0.20083
 0.00216502    0.153801  0.00516929 -0.00254573
 0.00703048  0.00516929    0.151842  -0.0050552
    0.20083 -0.00254573  -0.0050552    0.353252
IMAGINARY
           0  -0.00519872   0.00433803  -0.00132493
  0.00519872            0   0.00191525  0.000245392
 -0.00433803  -0.00191525            0  -0.00549592
  0.00132493 -0.000245392   0.00549592            0
Repeater6[0]<--->HoM3[0]
REAL
   0.341105  0.00703048  0.00216502     0.20083
 0.00703048    0.151842  0.00516929  -0.0050552
 0.00216502  0.00516929    0.153801 -0.00254573
    0.20083  -0.0050552 -0.00254573    0.353252
IMAGINARY
           0   0.00433803  -0.00519872  -0.00132493
 -0.00433803            0  -0.00191525  -0.00549592
  0.00519872   0.00191525            0  0.000245392
  0.00132493   0.00549592 -0.000245392            0
Repeater6[0]<--->Repeater7[0]
REAL
    0.324522 -0.000196684  -0.00679188     0.147799
-0.000196684     0.177715   0.00744941   -0.0104358
 -0.00679188   0.00744941     0.178121 -0.000500389
    0.147799   -0.0104358 -0.000500389     0.319642
IMAGINARY
           0   -0.0103778    0.0113959   0.00182789
   0.0103778            0  -0.00323464  -0.00217154
  -0.0113959   0.00323464            0 -0.000235187
 -0.00182789   0.00217154  0.000235187            0
Repeater7[0]<--->Repeater6[0]
REAL
    0.324522  -0.00679188 -0.000196684     0.147799
 -0.00679188     0.178121   0.00744941 -0.000500389
-0.000196684   0.00744941     0.177715   -0.0104358
    0.147799 -0.000500389   -0.0104358     0.319642
IMAGINARY
           0    0.0113959   -0.0103778   0.00182789
  -0.0113959            0   0.00323464 -0.000235187
   0.0103778  -0.00323464            0  -0.00217154
 -0.00182789  0.000235187   0.00217154            0
Repeater7[0]<--->HoM4[0]
REAL
   0.311004  0.00324572   0.0045132    0.151047
 0.00324572     0.19131  0.00187498 -0.00211128
  0.0045132  0.00187498    0.180245 -0.00404636
   0.151047 -0.00211128 -0.00404636    0.317441
IMAGINARY
          0   0.0103489 -0.00110391  0.00742655
 -0.0103489           0 -0.00593579 -0.00394252
 0.00110391  0.00593579           0  0.00317555
-0.00742655  0.00394252 -0.00317555           0
Repeater8[0]<--->HoM4[0]
REAL
   0.311004   0.0045132  0.00324572    0.151047
  0.0045132    0.180245  0.00187498 -0.00404636
 0.00324572  0.00187498     0.19131 -0.00211128
   0.151047 -0.00404636 -0.00211128    0.317441
IMAGINARY
          0 -0.00110391   0.0103489  0.00742655
 0.00110391           0  0.00593579  0.00317555
 -0.0103489 -0.00593579           0 -0.00394252
-0.00742655 -0.00317555  0.00394252           0
Repeater8[0]<--->Repeater9[0]
REAL
    0.300402  -0.00197858 -0.000292652     0.104758
 -0.00197858     0.200803  -0.00532269   -0.0105988
-0.000292652  -0.00532269     0.193976  -0.00689597
    0.104758   -0.0105988  -0.00689597     0.304819
IMAGINARY
           0   -0.0031448   0.00166644  0.000577637
   0.0031448            0  -0.00258567   0.00196259
 -0.00166644   0.00258567            0    0.0015319
-0.000577637  -0.00196259   -0.0015319            0
Repeater9[0]<--->Repeater8[0]
REAL
    0.300402 -0.000292652  -0.00197858     0.104758
-0.000292652     0.193976  -0.00532269  -0.00689597
 -0.00197858  -0.00532269     0.200803   -0.0105988
    0.104758  -0.00689597   -0.0105988     0.304819
IMAGINARY
           0   0.00166644   -0.0031448  0.000577637
 -0.00166644            0   0.00258567    0.0015319
   0.0031448  -0.00258567            0   0.00196259
-0.000577637   -0.0015319  -0.00196259            0
Repeater9[0]<--->HoM5[0]
REAL
   0.312252 -0.00232722  -0.0042077    0.116405
-0.00232722    0.189532  -0.0033274  0.00290796
 -0.0042077  -0.0033274    0.193299  0.00162736
   0.116405  0.00290796  0.00162736    0.304917
IMAGINARY
           0  -0.00919826   0.00237896  -0.00304896
  0.00919826            0  -0.00334593  0.000968811
 -0.00237896   0.00334593            0  0.000927292
  0.00304896 -0.000968811 -0.000927292            0
Repeater10[0]<--->HoM5[0]
REAL
   0.312252  -0.0042077 -0.00232722    0.116405
 -0.0042077    0.193299  -0.0033274  0.00162736
-0.00232722  -0.0033274    0.189532  0.00290796
   0.116405  0.00162736  0.00290796    0.304917
IMAGINARY
           0   0.00237896  -0.00919826  -0.00304896
 -0.00237896            0   0.00334593  0.000927292
  0.00919826  -0.00334593            0  0.000968811
  0.00304896 -0.000927292 -0.000968811            0
Repeater10[0]<--->Repeater11[0]
REAL
    0.466006   0.00324534  -0.00310514     0.431064
  0.00324534    0.0370664   0.00109452 -0.000945087
 -0.00310514   0.00109452    0.0319128  -0.00466292
    0.431064 -0.000945087  -0.00466292     0.465015
IMAGINARY
           0   0.00322543  -0.00181014  0.000233772
 -0.00322543            0   0.00685563  -0.00071256
  0.00181014  -0.00685563            0   0.00232452
-0.000233772   0.00071256  -0.00232452            0
Repeater11[0]<--->Repeater10[0]
REAL
    0.466006  -0.00310514   0.00324534     0.431064
 -0.00310514    0.0319128   0.00109452  -0.00466292
  0.00324534   0.00109452    0.0370664 -0.000945087
    0.431064  -0.00466292 -0.000945087     0.465015
IMAGINARY
           0  -0.00181014   0.00322543  0.000233772
  0.00181014            0  -0.00685563   0.00232452
 -0.00322543   0.00685563            0  -0.00071256
-0.000233772  -0.00232452   0.00071256            0
Repeater11[0]<--->HoM6[0]
REAL
    0.456197 -4.94169e-05  -0.00449386     0.431439
-4.94169e-05    0.0375454 -0.000424847    -0.000942
 -0.00449386 -0.000424847    0.0316916 -4.94169e-05
    0.431439    -0.000942 -4.94169e-05     0.474566
IMAGINARY
          0 -0.00282989 -0.00381793  0.00567847
 0.00282989           0 -0.00618732  0.00261552
 0.00381793  0.00618732           0  0.00964352
-0.00567847 -0.00261552 -0.00964352           0
EndNode1[0]<--->Repeater1[0]
REAL
    0.430004   0.00175947    0.0037826     0.375023
  0.00175947    0.0663859  -0.00135186  -0.00127608
   0.0037826  -0.00135186    0.0679904 -5.50423e-05
    0.375023  -0.00127608 -5.50423e-05      0.43562
IMAGINARY
           0   0.00155553  0.000258873   0.00784096
 -0.00155553            0  -0.00393079    0.0114435
-0.000258873   0.00393079            0  -0.00245571
 -0.00784096   -0.0114435   0.00245571            0
EndNode2[0]<--->HoM6[0]
REAL
    0.458915 -0.000648214   0.00230254     0.426429
-0.000648214    0.0371816  -0.00205768  -0.00596518
  0.00230254  -0.00205768    0.0336894 -0.000242699
    0.426429  -0.00596518 -0.000242699     0.470214
IMAGINARY
          0  0.00809533 -0.00476771 -0.00260656
-0.00809533           0 -0.00525414  0.00417506
 0.00476771  0.00525414           0  0.00118954
 0.00260656 -0.00417506 -0.00118954           0
Repeater1[0]<--->EndNode1[0]
REAL
    0.430004    0.0037826   0.00175947     0.375023
   0.0037826    0.0679904  -0.00135186 -5.50423e-05
  0.00175947  -0.00135186    0.0663859  -0.00127608
    0.375023 -5.50423e-05  -0.00127608      0.43562
IMAGINARY
           0  0.000258873   0.00155553   0.00784096
-0.000258873            0   0.00393079  -0.00245571
 -0.00155553  -0.00393079            0    0.0114435
 -0.00784096   0.00245571   -0.0114435            0
Repeater1[0]<--->HoM1[0]
REAL
   0.434984 -0.00546284 -0.00567247    0.367705
-0.00546284    0.060789 -0.00360578 0.000986245
-0.00567247 -0.00360578   0.0646135 -0.00105712
   0.367705 0.000986245 -0.00105712    0.439614
IMAGINARY
           0   0.00336151 -0.000114456 -0.000909956
 -0.00336151            0   0.00732908   0.00222247
 0.000114456  -0.00732908            0 -0.000851973
 0.000909956  -0.00222247  0.000851973            0
Repeater2[0]<--->HoM1[0]
REAL
   0.434984 -0.00567247 -0.00546284    0.367705
-0.00567247   0.0646135 -0.00360578 -0.00105712
-0.00546284 -0.00360578    0.060789 0.000986245
   0.367705 -0.00105712 0.000986245    0.439614
IMAGINARY
           0 -0.000114456   0.00336151 -0.000909956
 0.000114456            0  -0.00732908 -0.000851973
 -0.00336151   0.00732908            0   0.00222247
 0.000909956  0.000851973  -0.00222247            0
Repeater2[0]<--->Repeater3[0]
REAL
   0.390225  0.00373285  0.00476812    0.274993
 0.00373285    0.112855 -0.00602607  -0.0065841
 0.00476812 -0.00602607    0.118617 0.000302663
   0.274993  -0.0065841 0.000302663    0.378303
IMAGINARY
           0 -0.000478556  -0.00167684 -0.000622846
 0.000478556            0   0.00468458  -0.00454642
  0.00167684  -0.00468458            0   0.00475705
 0.000622846   0.00454642  -0.00475705            0
Repeater3[0]<--->Repeater2[0]
REAL
   0.390225  0.00476812  0.00373285    0.274993
 0.00476812    0.118617 -0.00602607 0.000302663
 0.00373285 -0.00602607    0.112855  -0.0065841
   0.274993 0.000302663  -0.0065841    0.378303
IMAGINARY
           0  -0.00167684 -0.000478556 -0.000622846
  0.00167684            0  -0.00468458   0.00475705
 0.000478556   0.00468458            0  -0.00454642
 0.000622846  -0.00475705   0.00454642            0
Repeater3[0]<--->HoM2[0]
REAL
   0.392243 -0.00470395  0.00459436    0.277094
-0.00470395    0.114954   -0.001466  0.00218665
 0.00459436   -0.001466    0.113954 0.000515673
   0.277094  0.00218665 0.000515673    0.378848
IMAGINARY
          0  0.00387331  0.00129545  0.00153106
-0.00387331           0  0.00441053 -0.00638152
-0.00129545 -0.00441053           0  0.00316894
-0.00153106  0.00638152 -0.00316894           0
Repeater4[0]<--->HoM2[0]
REAL
   0.392243  0.00459436 -0.00470395    0.277094
 0.00459436    0.113954   -0.001466 0.000515673
-0.00470395   -0.001466    0.114954  0.00218665
   0.277094 0.000515673  0.00218665    0.378848
IMAGINARY
          0  0.00129545  0.00387331  0.00153106
-0.00129545           0 -0.00441053  0.00316894
-0.00387331  0.00441053           0 -0.00638152
-0.00153106 -0.00316894  0.00638152           0
Repeater4[0]<--->Repeater5[0]
REAL
   0.351974 -0.00361721 0.000488887    0.202262
-0.00361721    0.149529  0.00618961 -0.00150473
0.000488887  0.00618961    0.142514 -0.00491591
   0.202262 -0.00150473 -0.00491591    0.355983
IMAGINARY
          0  0.00914202    0.001502 -0.00687039
-0.00914202           0  0.00460169  -0.0077187
  -0.001502 -0.00460169           0  0.00773187
 0.00687039   0.0077187 -0.00773187           0
Repeater5[0]<--->Repeater4[0]
REAL
   0.351974 0.000488887 -0.00361721    0.202262
0.000488887    0.142514  0.00618961 -0.00491591
-0.00361721  0.00618961    0.149529 -0.00150473
   0.202262 -0.00491591 -0.00150473    0.355983
IMAGINARY
          0    0.001502  0.00914202 -0.00687039
  -0.001502           0 -0.00460169  0.00773187
-0.00914202  0.00460169           0  -0.0077187
 0.00687039 -0.00773187   0.0077187           0
Repeater5[0]<--->HoM3[0]
REAL
   0.364609  0.00301088  0.00946043    0.192325
 0.00301088    0.150412  0.00238856 -0.00421426
 0.00946043  0.00238856    0.149588  0.00849033
   0.192325 -0.00421426  0.00849033    0.335391
IMAGINARY
           0  -0.00928152  -0.00878562 -0.000474454
  0.00928152            0   -0.0156923  -0.00155647
  0.00878562    0.0156923            0   0.00590046
 0.000474454   0.00155647  -0.00590046            0
Repeater6[0]<--->HoM3[0]
REAL
   0.364609  0.00946043  0.00301088    0.192325
 0.00946043    0.149588  0.00238856  0.00849033
 0.00301088  0.00238856    0.150412 -0.00421426
   0.192325  0.00849033 -0.00421426    0.335391
IMAGINARY
           0  -0.00878562  -0.00928152 -0.000474454
  0.00878562            0    0.0156923   0.00590046
  0.00928152   -0.0156923            0  -0.00155647
 0.000474454  -0.00590046   0.00155647            0
Repeater6[0]<--->Repeater7[0]
REAL
    0.325715  0.000977475  -0.00417406     0.146762
 0.000977475     0.177862   0.00259646 -0.000611115
 -0.00417406   0.00259646     0.177464   0.00197508
    0.146762 -0.000611115   0.00197508     0.318959
IMAGINARY
          0 -0.00520371  0.00317053 -0.00315386
 0.00520371           0 -0.00305303 -0.00416615
-0.00317053  0.00305303           0 -0.00077001
 0.00315386  0.00416615  0.00077001           0
Repeater7[0]<--->Repeater6[0]
REAL
    0.325715  -0.00417406  0.000977475     0.146762
 -0.00417406     0.177464   0.00259646   0.00197508
 0.000977475   0.00259646     0.177862 -0.000611115
    0.146762   0.00197508 -0.000611115     0.318959
IMAGINARY
          0  0.00317053 -0.00520371 -0.00315386
-0.00317053           0  0.00305303 -0.00077001
 0.00520371 -0.00305303           0 -0.00416615
 0.00315386  0.00077001  0.00416615           0
Repeater7[0]<--->HoM4[0]
REAL
   0.332812 -0.00904869 -0.00403343    0.136358
-0.00904869    0.180965  -0.0038637 0.000436303
-0.00403343  -0.0038637    0.169631  0.00285365
   0.136358 0.000436303  0.00285365    0.316592
IMAGINARY
          0 -0.00847753  0.00549575  0.00138099
 0.00847753           0  0.00802681 -0.00180571
-0.00549575 -0.00802681           0  0.00212247
-0.00138099  0.00180571 -0.00212247           0
Repeater8[0]<--->HoM4[0]
REAL
   0.332812 -0.00403343 -0.00904869    0.136358
-0.00403343    0.169631  -0.0038637  0.00285365
-0.00904869  -0.0038637    0.180965 0.000436303
   0.136358  0.00285365 0.000436303    0.316592
IMAGINARY
          0  0.00549575 -0.00847753  0.00138099
-0.00549575           0 -0.00802681  0.00212247
 0.00847753  0.00802681           0 -0.00180571
-0.00138099 -0.00212247  0.00180571           0
Repeater8[0]<--->Repeater9[0]
REAL
    0.300687 -0.000933653  -0.00745964     0.106556
-0.000933653      0.19843  -0.00144044  -0.00513029
 -0.00745964  -0.00144044     0.200589  -0.00566107
    0.106556  -0.00513029  -0.00566107     0.300294
IMAGINARY
          0 -0.00489885 -0.00275409 -0.00527643
 0.00489885           0 -0.00117326 -0.00618704
 0.00275409  0.00117326           0  0.00600394
 0.00527643  0.00618704 -0.00600394           0
Repeater9[0]<--->Repeater8[0]
REAL
    0.300687  -0.00745964 -0.000933653     0.106556
 -0.00745964     0.200589  -0.00144044  -0.00566107
-0.000933653  -0.00144044      0.19843  -0.00513029
    0.106556  -0.00566107  -0.00513029     0.300294
IMAGINARY
          0 -0.00275409 -0.00489885 -0.00527643
 0.00275409           0  0.00117326  0.00600394
 0.00489885 -0.00117326           0 -0.00618704
 0.00527643 -0.00600394  0.00618704           0
Repeater9[0]<--->HoM5[0]
REAL
    0.30683 -0.00126419 -0.00183946    0.104912
-0.00126419    0.194495  0.00318021  0.00600447
-0.00183946  0.00318021    0.188991  0.00146253
   0.104912  0.00600447  0.00146253    0.309684
IMAGINARY
          0  0.00280941 -0.00128064   0.0109457
-0.00280941           0 -0.00304724 -0.00108064
 0.00128064  0.00304724           0  0.00230669
 -0.0109457  0.00108064 -0.00230669           0
Repeater10[0]<--->HoM5[0]
REAL
    0.30683 -0.00183946 -0.00126419    0.104912
-0.00183946    0.188991  0.00318021  0.00146253
-0.00126419  0.00318021    0.194495  0.00600447
   0.104912  0.00146253  0.00600447    0.309684
IMAGINARY
          0 -0.00128064  0.00280941   0.0109457
 0.00128064           0  0.00304724  0.00230669
-0.00280941 -0.00304724           0 -0.00108064
 -0.0109457 -0.00230669  0.00108064           0
Repeater10[0]<--->Repeater11[0]
REAL
   0.462053 -0.00583973 0.000994178    0.428358
-0.00583973   0.0357845  0.00460999 -0.00861148
0.000994178  0.00460999   0.0383405  -0.0034026
   0.428358 -0.00861148  -0.0034026    0.463822
IMAGINARY
          0  -0.0025274  0.00722411  0.00698723
  0.0025274           0  0.00199603  0.00200323
-0.00722411 -0.00199603           0 -0.00142718
-0.00698723 -0.00200323  0.00142718           0
Repeater11[0]<--->Repeater10[0]
REAL
   0.462053 0.000994178 -0.00583973    0.428358
0.000994178   0.0383405  0.00460999  -0.0034026
-0.00583973  0.00460999   0.0357845 -0.00861148
   0.428358  -0.0034026 -0.00861148    0.463822
IMAGINARY
          0  0.00722411  -0.0025274  0.00698723
-0.00722411           0 -0.00199603 -0.00142718
  0.0025274  0.00199603           0  0.00200323
-0.00698723  0.00142718 -0.00200323           0
Repeater11[0]<--->HoM6[0]
REAL
    0.458915   0.00230254 -0.000648214     0.426429
  0.00230254    0.0336894  -0.00205768 -0.000242699
-0.000648214  -0.00205768    0.0371816  -0.00596518
    0.426429 -0.000242699  -0.00596518     0.470214
IMAGINARY
          0 -0.00476771  0.00809533 -0.00260656
 0.00476771           0  0.00525414  0.00118954
-0.00809533 -0.00525414           0  0.00417506
 0.00260656 -0.00118954 -0.00417506           0
EndNode1[0]<--->Repeater1[0]
REAL
     0.44573 -0.000835667   0.00551732     0.360104
-0.000835667    0.0670391   0.00097405   -0.0009265
  0.00551732   0.00097405    0.0642458   0.00422888
    0.360104   -0.0009265   0.00422888     0.422985
IMAGINARY
           0  0.000519397  -0.00359521   0.00409892
-0.000519397            0  0.000790321  0.000912909
  0.00359521 -0.000790321            0  -0.00240694
 -0.00409892 -0.000912909   0.00240694            0
EndNode2[0]<--->HoM6[0]
REAL
    0.463883   0.00879359 -0.000314657     0.423752
  0.00879359    0.0328518 -0.000427246   0.00222651
-0.000314657 -0.000427246    0.0372056  -0.00668049
    0.423752   0.00222651  -0.00668049      0.46606
IMAGINARY
          0   0.0097222  -0.0044751  0.00877225
 -0.0097222           0  0.00956906 -0.00517664
  0.0044751 -0.00956906           0 -0.00385155
-0.00877225  0.00517664  0.00385155           0
Repeater1[0]<--->EndNode1[0]
REAL
     0.44573   0.00551732 -0.000835667     0.360104
  0.00551732    0.0642458   0.00097405   0.00422888
-0.000835667   0.00097405    0.0670391   -0.0009265
    0.360104   0.00422888   -0.0009265     0.422985
IMAGINARY
           0  -0.00359521  0.000519397   0.00409892
  0.00359521            0 -0.000790321  -0.00240694
-0.000519397  0.000790321            0  0.000912909
 -0.00409892   0.00240694 -0.000912909            0
Repeater1[0]<--->HoM1[0]
REAL
    0.438579   0.00268079   0.00776649      0.37253
  0.00268079    0.0684464 -0.000495157  -0.00607225
  0.00776649 -0.000495157    0.0634283  -0.00457435
     0.37253  -0.00607225  -0.00457435     0.429546
IMAGINARY
           0  -0.00250523   0.00235063  0.000551937
  0.00250523            0 -0.000748323   0.00134863
 -0.00235063  0.000748323            0 -0.000594148
-0.000551937  -0.00134863  0.000594148            0
Repeater2[0]<--->HoM1[0]
REAL
    0.438579   0.00776649   0.00268079      0.37253
  0.00776649    0.0634283 -0.000495157  -0.00457435
  0.00268079 -0.000495157    0.0684464  -0.00607225
     0.37253  -0.00457435  -0.00607225     0.429546
IMAGINARY
           0   0.00235063  -0.00250523  0.000551937
 -0.00235063            0  0.000748323 -0.000594148
  0.00250523 -0.000748323            0   0.00134863
-0.000551937  0.000594148  -0.00134863            0
Repeater2[0]<--->Repeater3[0]
REAL
   0.379575  0.00450894 -0.00141962    0.271145
 0.00450894     0.11911  -0.0055679  -0.0052635
-0.00141962  -0.0055679    0.116279 -0.00420049
   0.271145  -0.0052635 -0.00420049    0.385035
IMAGINARY
          0 -0.00374446 -0.00338055  0.00028525
 0.00374446           0  -0.0046923 -0.00610617
 0.00338055   0.0046923           0 -0.00394478
-0.00028525  0.00610617  0.00394478           0
Repeater3[0]<--->Repeater2[0]
REAL
   0.379575 -0.00141962  0.00450894    0.271145
-0.00141962    0.116279  -0.0055679 -0.00420049
 0.00450894  -0.0055679     0.11911  -0.0052635
   0.271145 -0.00420049  -0.0052635    0.385035
IMAGINARY
          0 -0.00338055 -0.00374446  0.00028525
 0.00338055           0   0.0046923 -0.00394478
 0.00374446  -0.0046923           0 -0.00610617
-0.00028525  0.00394478  0.00610617           0
Repeater3[0]<--->HoM2[0]
REAL
    0.387763    0.0054532  -0.00347373     0.270221
   0.0054532     0.113857 -8.95787e-05   0.00498735
 -0.00347373 -8.95787e-05     0.121961  0.000298563
    0.270221   0.00498735  0.000298563     0.376418
IMAGINARY
           0   0.00539457   0.00502829    0.0020979
 -0.00539457            0    0.0003996  1.22352e-05
 -0.00502829   -0.0003996            0  -0.00292373
  -0.0020979 -1.22352e-05   0.00292373            0
Repeater4[0]<--->HoM2[0]
REAL
    0.387763  -0.00347373    0.0054532     0.270221
 -0.00347373     0.121961 -8.95787e-05  0.000298563
   0.0054532 -8.95787e-05     0.113857   0.00498735
    0.270221  0.000298563   0.00498735     0.376418
IMAGINARY
           0   0.00502829   0.00539457    0.0020979
 -0.00502829            0   -0.0003996  -0.00292373
 -0.00539457    0.0003996            0  1.22352e-05
  -0.0020979   0.00292373 -1.22352e-05            0
Repeater4[0]<--->Repeater5[0]
REAL
   0.347402 -0.00810909   0.0031879    0.196176
-0.00810909    0.154489 -0.00596896 -0.00279773
  0.0031879 -0.00596896    0.145531 -0.00437628
   0.196176 -0.00279773 -0.00437628    0.352578
IMAGINARY
          0   0.0120253 -0.00471147  0.00296502
 -0.0120253           0  0.00437461  0.00761786
 0.00471147 -0.00437461           0  0.00551329
-0.00296502 -0.00761786 -0.00551329           0
Repeater5[0]<--->Repeater4[0]
REAL
   0.347402   0.0031879 -0.00810909    0.196176
  0.0031879    0.145531 -0.00596896 -0.00437628
-0.00810909 -0.00596896    0.154489 -0.00279773
   0.196176 -0.00437628 -0.00279773    0.352578
IMAGINARY
          0 -0.00471147   0.0120253  0.00296502
 0.00471147           0 -0.00437461  0.00551329
 -0.0120253  0.00437461           0  0.00761786
-0.00296502 -0.00551329 -0.00761786           0
Repeater5[0]<--->HoM3[0]
REAL
    0.355805   0.00285869  -0.00178771     0.195265
  0.00285869      0.15395   0.00303408 -0.000364369
 -0.00178771   0.00303408     0.152791   0.00154795
    0.195265 -0.000364369   0.00154795     0.337454
IMAGINARY
          0  -0.0040663 -0.00878038  0.00411878
  0.0040663           0   0.0131843  -0.0050362
 0.00878038  -0.0131843           0  0.00566822
-0.00411878   0.0050362 -0.00566822           0
Repeater6[0]<--->HoM3[0]
REAL
    0.355805  -0.00178771   0.00285869     0.195265
 -0.00178771     0.152791   0.00303408   0.00154795
  0.00285869   0.00303408      0.15395 -0.000364369
    0.195265   0.00154795 -0.000364369     0.337454
IMAGINARY
          0 -0.00878038  -0.0040663  0.00411878
 0.00878038           0  -0.0131843  0.00566822
  0.0040663   0.0131843           0  -0.0050362
-0.00411878 -0.00566822   0.0050362           0
Repeater6[0]<--->Repeater7[0]
REAL
  0.319386 0.00451827 0.00633767    0.14097
0.00451827   0.176728 0.00428145 0.00583312
0.00633767 0.00428145   0.178721 0.00286401
   0.14097 0.00583312 0.00286401   0.325164
IMAGINARY
           0  -0.00587485  -0.00291189  0.000915195
  0.00587485            0  -0.00229805    0.0121436
  0.00291189   0.00229805            0  -0.00812158
-0.000915195   -0.0121436   0.00812158            0
Repeater7[0]<--->Repeater6[0]
REAL
  0.319386 0.00633767 0.00451827    0.14097
0.00633767   0.178721 0.00428145 0.00286401
0.00451827 0.00428145   0.176728 0.00583312
   0.14097 0.00286401 0.00583312   0.325164
IMAGINARY
           0  -0.00291189  -0.00587485  0.000915195
  0.00291189            0   0.00229805  -0.00812158
  0.00587485  -0.00229805            0    0.0121436
-0.000915195   0.00812158   -0.0121436            0
Repeater7[0]<--->HoM4[0]
REAL
     0.32278   0.00185272 -0.000963619     0.149807
  0.00185272      0.17866   0.00248862   0.00286857
-0.000963619   0.00248862     0.179687  0.000854318
    0.149807   0.00286857  0.000854318     0.318873
IMAGINARY
           0  -0.00480852  -0.00699946 -0.000112314
  0.00480852            0   0.00139462  -0.00374567
  0.00699946  -0.00139462            0  -0.00372733
 0.000112314   0.00374567   0.00372733            0
Repeater8[0]<--->HoM4[0]
REAL
     0.32278 -0.000963619   0.00185272     0.149807
-0.000963619     0.179688   0.00248862  0.000854318
  0.00185272   0.00248862      0.17866   0.00286857
    0.149807  0.000854318   0.00286857     0.318873
IMAGINARY
           0  -0.00699946  -0.00480852 -0.000112314
  0.00699946            0  -0.00139462  -0.00372733
  0.00480852   0.00139462            0  -0.00374567
 0.000112314   0.00372733   0.00374567            0
Repeater8[0]<--->Repeater9[0]
REAL
   0.310106  0.00740312  -0.0041927    0.112912
 0.00740312    0.190505  0.00104342 -0.00578951
 -0.0041927  0.00104342    0.196414 0.000602413
   0.112912 -0.00578951 0.000602413    0.302975
IMAGINARY
          0  0.00305807  0.00205551  0.00138863
-0.00305807           0  0.00523323  0.00195411
-0.00205551 -0.00523323           0 -0.00867155
-0.00138863 -0.00195411  0.00867155           0
Repeater9[0]<--->Repeater8[0]
REAL
   0.310106  -0.0041927  0.00740312    0.112912
 -0.0041927    0.196414  0.00104342 0.000602413
 0.00740312  0.00104342    0.190505 -0.00578951
   0.112912 0.000602413 -0.00578951    0.302975
IMAGINARY
          0  0.00205551  0.00305807  0.00138863
-0.00205551           0 -0.00523323 -0.00867155
-0.00305807  0.00523323           0  0.00195411
-0.00138863  0.00867155 -0.00195411           0
Repeater9[0]<--->HoM5[0]
REAL
    0.30533  0.00104696  0.00173823    0.104842
 0.00104696    0.203011 -0.00134203  -0.0110925
 0.00173823 -0.00134203    0.196908  0.00549096
   0.104842  -0.0110925  0.00549096    0.294752
IMAGINARY
           0   0.00568943   0.00614528   0.00266008
 -0.00568943            0  -0.00166446  -0.00283917
 -0.00614528   0.00166446            0  0.000144876
 -0.00266008   0.00283917 -0.000144876            0
Repeater10[0]<--->HoM5[0]
REAL
    0.30533  0.00173823  0.00104696    0.104842
 0.00173823    0.196908 -0.00134203  0.00549096
 0.00104696 -0.00134203    0.203011  -0.0110925
   0.104842  0.00549096  -0.0110925    0.294752
IMAGINARY
           0   0.00614528   0.00568943   0.00266008
 -0.00614528            0   0.00166446  0.000144876
 -0.00568943  -0.00166446            0  -0.00283917
 -0.00266008 -0.000144876   0.00283917            0
Repeater10[0]<--->Repeater11[0]
REAL
      0.4628   0.00179601   0.00691847     0.428081
  0.00179601    0.0348432  -0.00163879 -0.000143399
  0.00691847  -0.00163879    0.0377126   0.00149474
    0.428081 -0.000143399   0.00149474     0.464644
IMAGINARY
          0 -0.00688039  0.00731093  0.00168081
 0.00688039           0  0.00296565   0.0038185
-0.00731093 -0.00296565           0 -0.00404294
-0.00168081  -0.0038185  0.00404294           0
Repeater11[0]<--->Repeater10[0]
REAL
      0.4628   0.00691847   0.00179601     0.428081
  0.00691847    0.0377126  -0.00163879   0.00149474
  0.00179601  -0.00163879    0.0348432 -0.000143399
    0.428081   0.00149474 -0.000143399     0.464644
IMAGINARY
          0  0.00731093 -0.00688039  0.00168081
-0.00731093           0 -0.00296565 -0.00404294
 0.00688039  0.00296565           0   0.0038185
-0.00168081  0.00404294  -0.0038185           0
Repeater11[0]<--->HoM6[0]
REAL
    0.463883 -0.000314657   0.00879359     0.423752
-0.000314657    0.0372056 -0.000427246  -0.00668049
  0.00879359 -0.000427246    0.0328518   0.00222651
    0.423752  -0.00668049   0.00222651      0.46606
IMAGINARY
          0  -0.0044751   0.0097222  0.00877225
  0.0044751           0 -0.00956906 -0.00385155
 -0.0097222  0.00956906           0 -0.00517664
-0.00877225  0.00385155  0.00517664           0
EndNode1[0]<--->Repeater1[0]
REAL
   0.427211 -0.00111453 -0.00315059    0.367569
-0.00111453   0.0632685 -0.00546565  0.00850088
-0.00315059 -0.00546565   0.0636652  0.00141737
   0.367569  0.00850088  0.00141737    0.445855
IMAGINARY
          0  0.00374873  0.00195869    0.007652
-0.00374873           0  0.00444558  0.00428879
-0.00195869 -0.00444558           0 -0.00798089
  -0.007652 -0.00428879  0.00798089           0
EndNode2[0]<--->HoM6[0]
REAL
   0.461888  0.00619414  0.00698099    0.425945
 0.00619414     0.03594 -0.00228965  0.00646838
 0.00698099 -0.00228965   0.0383096  0.00488181
   0.425945  0.00646838  0.00488181    0.463863
IMAGINARY
           0  -0.00286864  0.000812934    0.0068544
  0.00286864            0   -0.0074487   0.00705179
-0.000812934    0.0074487            0  -0.00165358
  -0.0068544  -0.00705179   0.00165358            0
Repeater1[0]<--->EndNode1[0]
REAL
   0.427211 -0.00315059 -0.00111453    0.367569
-0.00315059   0.0636652 -0.00546565  0.00141737
-0.00111453 -0.00546565   0.0632685  0.00850088
   0.367569  0.00141737  0.00850088    0.445855
IMAGINARY
          0  0.00195869  0.00374873    0.007652
-0.00195869           0 -0.00444558 -0.00798089
-0.00374873  0.00444558           0  0.00428879
  -0.007652  0.00798089 -0.00428879           0
Repeater1[0]<--->HoM1[0]
REAL
   0.433294 -0.00433098 -0.00401436    0.368262
-0.00433098   0.0637544  0.00238867 -0.00512659
-0.00401436  0.00238867   0.0608028 -0.00323733
   0.368262 -0.00512659 -0.00323733    0.442149
IMAGINARY
          0 -0.00155421  0.00347034 -0.00691046
 0.00155421           0 -0.00347889 -0.00589067
-0.00347034  0.00347889           0  -0.0051017
 0.00691046  0.00589067   0.0051017           0
Repeater2[0]<--->HoM1[0]
REAL
   0.433294 -0.00401436 -0.00433098    0.368262
-0.00401436   0.0608028  0.00238867 -0.00323733
-0.00433098  0.00238867   0.0637544 -0.00512659
   0.368262 -0.00323733 -0.00512659    0.442149
IMAGINARY
          0  0.00347034 -0.00155421 -0.00691046
-0.00347034           0  0.00347889  -0.0051017
 0.00155421 -0.00347889           0 -0.00589067
 0.00691046   0.0051017  0.00589067           0
Repeater2[0]<--->Repeater3[0]
REAL
   0.383812  0.00553591 -0.00451508    0.270904
 0.00553591    0.120506 -0.00507702 -0.00431604
-0.00451508 -0.00507702    0.117493 -0.00523823
   0.270904 -0.00431604 -0.00523823    0.378188
IMAGINARY
           0    -0.012051 -0.000655579   0.00557437
    0.012051            0   0.00647383    0.0115735
 0.000655579  -0.00647383            0   0.00679423
 -0.00557437   -0.0115735  -0.00679423            0
Repeater3[0]<--->Repeater2[0]
REAL
   0.383812 -0.00451508  0.00553591    0.270904
-0.00451508    0.117493 -0.00507702 -0.00523823
 0.00553591 -0.00507702    0.120506 -0.00431604
   0.270904 -0.00523823 -0.00431604    0.378188
IMAGINARY
           0 -0.000655579    -0.012051   0.00557437
 0.000655579            0  -0.00647383   0.00679423
    0.012051   0.00647383            0    0.0115735
 -0.00557437  -0.00679423   -0.0115735            0
Repeater3[0]<--->HoM2[0]
REAL
    0.37684 -0.00705224 0.000833491    0.271633
-0.00705224    0.117788  0.00290697 -0.00478006
0.000833491  0.00290697     0.11918  0.00351045
   0.271633 -0.00478006  0.00351045    0.386192
IMAGINARY
          0 -0.00435409  0.00406415 -0.00442986
 0.00435409           0  0.00126982   -0.001499
-0.00406415 -0.00126982           0  -0.0021101
 0.00442986    0.001499   0.0021101           0
Repeater4[0]<--->HoM2[0]
REAL
    0.37684 0.000833491 -0.00705224    0.271633
0.000833491     0.11918  0.00290697  0.00351045
-0.00705224  0.00290697    0.117788 -0.00478006
   0.271633  0.00351045 -0.00478006    0.386192
IMAGINARY
          0  0.00406415 -0.00435409 -0.00442986
-0.00406415           0 -0.00126982  -0.0021101
 0.00435409  0.00126982           0   -0.001499
 0.00442986   0.0021101    0.001499           0
Repeater4[0]<--->Repeater5[0]
REAL
    0.36152 -0.00257083 0.000350539    0.196958
-0.00257083    0.149224  0.00152446 0.000647863
0.000350539  0.00152446    0.153402  0.00436795
   0.196958 0.000647863  0.00436795    0.335854
IMAGINARY
          0  0.00137078 -0.00510408  0.00624991
-0.00137078           0  0.00173093  0.00198599
 0.00510408 -0.00173093           0  0.00295431
-0.00624991 -0.00198599 -0.00295431           0
Repeater5[0]<--->Repeater4[0]
REAL
    0.36152 0.000350539 -0.00257083    0.196958
0.000350539    0.153402  0.00152446  0.00436795
-0.00257083  0.00152446    0.149224 0.000647863
   0.196958  0.00436795 0.000647863    0.335854
IMAGINARY
          0 -0.00510408  0.00137078  0.00624991
 0.00510408           0 -0.00173093  0.00295431
-0.00137078  0.00173093           0  0.00198599
-0.00624991 -0.00295431 -0.00198599           0
Repeater5[0]<--->HoM3[0]
REAL
   0.338093   0.0084247  0.00019956    0.195957
  0.0084247    0.151649 1.61861e-05 0.000398526
 0.00019956 1.61861e-05    0.157482  0.00792299
   0.195957 0.000398526  0.00792299    0.352776
IMAGINARY
           0  0.000952259 -0.000177466  -0.00364903
-0.000952259            0   0.00294833  -0.00484665
 0.000177466  -0.00294833            0 -0.000148401
  0.00364903   0.00484665  0.000148401            0
Repeater6[0]<--->HoM3[0]
REAL
   0.338093  0.00019956   0.0084247    0.195957
 0.00019956    0.157482 1.61861e-05  0.00792299
  0.0084247 1.61861e-05    0.151649 0.000398526
   0.195957  0.00792299 0.000398526    0.352776
IMAGINARY
           0 -0.000177466  0.000952259  -0.00364903
 0.000177466            0  -0.00294833 -0.000148401
-0.000952259   0.00294833            0  -0.00484665
  0.00364903  0.000148401   0.00484665            0
Repeater6[0]<--->Repeater7[0]
REAL
    0.334915   0.00110615   0.00102792     0.150414
  0.00110615     0.175959  -0.00156052  -0.00431805
  0.00102792  -0.00156052     0.178529 -0.000208841
    0.150414  -0.00431805 -0.000208841     0.310597
IMAGINARY
           0   0.00303213  0.000173863  -0.00240069
 -0.00303213            0   -0.0043087  -0.00396325
-0.000173863    0.0043087            0   0.00494553
  0.00240069   0.00396325  -0.00494553            0
Repeater7[0]<--->Repeater6[0]
REAL
    0.334915   0.00102792   0.00110615     0.150414
  0.00102792     0.178529  -0.00156052 -0.000208841
  0.00110615  -0.00156052     0.175959  -0.00431805
    0.150414 -0.000208841  -0.00431805     0.310597
IMAGINARY
           0  0.000173863   0.00303213  -0.00240069
-0.000173863            0    0.0043087   0.00494553
 -0.00303213   -0.0043087            0  -0.00396325
  0.00240069  -0.00494553   0.00396325            0
Repeater7[0]<--->HoM4[0]
REAL
   0.320182 0.000827447 -0.00663282    0.143469
0.000827447    0.173275  0.00116869  0.00146355
-0.00663282  0.00116869    0.181007  0.00231466
   0.143469  0.00146355  0.00231466    0.325535
IMAGINARY
           0  0.000838875  -0.00309565   0.00413206
-0.000838875            0   -0.0027638   0.00239662
  0.00309565    0.0027638            0  -0.00593174
 -0.00413206  -0.00239662   0.00593174            0
Repeater8[0]<--->HoM4[0]
REAL
   0.320182 -0.00663282 0.000827447    0.143469
-0.00663282    0.181007  0.00116869  0.00231466
0.000827447  0.00116869    0.173275  0.00146355
   0.143469  0.00231466  0.00146355    0.325535
IMAGINARY
           0  -0.00309565  0.000838875   0.00413206
  0.00309565            0    0.0027638  -0.00593174
-0.000838875   -0.0027638            0   0.00239662
 -0.00413206   0.00593174  -0.00239662            0
Repeater8[0]<--->Repeater9[0]
REAL
   0.305482 -0.00103888   0.0050361    0.110323
-0.00103888    0.193805  0.00410866 0.000665822
  0.0050361  0.00410866    0.195231  0.00379154
   0.110323 0.000665822  0.00379154    0.305482
IMAGINARY
          0  -0.0129887 -0.00798384 -0.00415407
  0.0129887           0  0.00395511 -0.00298286
 0.00798384 -0.00395511           0  0.00709921
 0.00415407  0.00298286 -0.00709921           0
Repeater9[0]<--->Repeater8[0]
REAL
   0.305482   0.0050361 -0.00103888    0.110323
  0.0050361    0.195231  0.00410866  0.00379154
-0.00103888  0.00410866    0.193805 0.000665822
   0.110323  0.00379154 0.000665822    0.305482
IMAGINARY
          0 -0.00798384  -0.0129887 -0.00415407
