EndNode1[0]<--->Repeater1[0]
REAL
    0.506529   0.00372476 -8.46213e-05     0.474727
  0.00372476  0.000779575 -0.000677716   0.00601904
-8.46213e-05 -0.000677716  0.000194894   0.00321549
    0.474727   0.00601904   0.00321549     0.492497
IMAGINARY
           0  0.000451007   0.00400601  -0.00280922
-0.000451007            0   0.00881403  -0.00450591
 -0.00400601  -0.00881403            0   0.00144861
  0.00280922   0.00450591  -0.00144861            0
EndNode2[0]<--->HoM6[0]
REAL
   0.508287 -0.00370114 0.000122506     0.48808
-0.00370114           0  0.00110356 -0.00216332
0.000122506  0.00110356 0.000197316  0.00227257
    0.48808 -0.00216332  0.00227257    0.491515
IMAGINARY
           0  -0.00128068  -0.00270578   0.00805895
  0.00128068            0 -0.000391472   0.00881678
  0.00270578  0.000391472            0  -0.00663357
 -0.00805895  -0.00881678   0.00663357            0
Repeater1[0]<--->EndNode1[0]
REAL
    0.506529 -8.46213e-05   0.00372476     0.474727
-8.46213e-05  0.000194894 -0.000677716   0.00321549
  0.00372476 -0.000677716  0.000779575   0.00601904
    0.474727   0.00321549   0.00601904     0.492497
IMAGINARY
           0   0.00400601  0.000451007  -0.00280922
 -0.00400601            0  -0.00881403   0.00144861
-0.000451007   0.00881403            0  -0.00450591
  0.00280922  -0.00144861   0.00450591            0
Repeater1[0]<--->HoM1[0]
REAL
     0.50743    0.0020283 -0.000739469     0.473169
   0.0020283            0  -0.00324467   0.00667536
-0.000739469  -0.00324467            0   0.00232469
    0.473169   0.00667536   0.00232469      0.49257
IMAGINARY
           0  0.000984193   0.00468226  -0.00665816
-0.000984193            0   0.00716168  1.49265e-05
 -0.00468226  -0.00716168            0  -0.00608114
  0.00665816 -1.49265e-05   0.00608114            0
Repeater2[0]<--->HoM1[0]
REAL
     0.50743 -0.000739469    0.0020283     0.473169
-0.000739469            0  -0.00324467   0.00232469
   0.0020283  -0.00324467            0   0.00667536
    0.473169   0.00232469   0.00667536      0.49257
IMAGINARY
           0   0.00468226  0.000984193  -0.00665816
 -0.00468226            0  -0.00716168  -0.00608114
-0.000984193   0.00716168            0  1.49265e-05
  0.00665816   0.00608114 -1.49265e-05            0
Repeater2[0]<--->Repeater3[0]
REAL
   0.488363 -0.00760227  0.00866349    0.444168
-0.00760227 0.000986193 0.000673199  -0.0146159
 0.00866349 0.000673199  0.00138067  0.00482449
   0.444168  -0.0146159  0.00482449     0.50927
IMAGINARY
          0  -0.0118172  0.00399059  0.00844166
  0.0118172           0  -0.0145343  0.00515882
-0.00399059   0.0145343           0  0.00487978
-0.00844166 -0.00515882 -0.00487978           0
Repeater3[0]<--->Repeater2[0]
REAL
   0.488363  0.00866349 -0.00760227    0.444168
 0.00866349  0.00138067 0.000673199  0.00482449
-0.00760227 0.000673199 0.000986193  -0.0146159
   0.444168  0.00482449  -0.0146159     0.50927
IMAGINARY
          0  0.00399059  -0.0118172  0.00844166
-0.00399059           0   0.0145343  0.00487978
  0.0118172  -0.0145343           0  0.00515882
-0.00844166 -0.00487978 -0.00515882           0
Repeater3[0]<--->HoM2[0]
REAL
     0.50765  -0.00579323  0.000962283     0.450187
 -0.00579323  0.000198689 -0.000993621 -0.000155831
 0.000962283 -0.000993621  0.000794755   0.00458356
    0.450187 -0.000155831   0.00458356     0.491357
IMAGINARY
           0  -0.00601671  -0.00207898   0.00300045
  0.00601671            0  -0.00151853  0.000590588
  0.00207898   0.00151853            0   0.00671129
 -0.00300045 -0.000590588  -0.00671129            0
Repeater4[0]<--->HoM2[0]
REAL
     0.50765  0.000962283  -0.00579323     0.450187
 0.000962283  0.000794755 -0.000993621   0.00458356
 -0.00579323 -0.000993621  0.000198689 -0.000155831
    0.450187   0.00458356 -0.000155831     0.491357
IMAGINARY
           0  -0.00207898  -0.00601671   0.00300045
  0.00207898            0   0.00151853   0.00671129
  0.00601671  -0.00151853            0  0.000590588
 -0.00300045  -0.00671129 -0.000590588            0
Repeater4[0]<--->Repeater5[0]
REAL
   0.509524 -0.00242304 0.000940108    0.427636
-0.00242304  0.00337302  0.00185342 -0.00347225
0.000940108  0.00185342   0.0031746 -0.00400469
   0.427636 -0.00347225 -0.00400469    0.483929
IMAGINARY
           0  -0.00173337   0.00241183   0.00700681
  0.00173337            0 -0.000193186   -0.0022085
 -0.00241183  0.000193186            0  0.000513362
 -0.00700681    0.0022085 -0.000513362            0
Repeater5[0]<--->Repeater4[0]
REAL
   0.509524 0.000940108 -0.00242304    0.427636
0.000940108   0.0031746  0.00185342 -0.00400469
-0.00242304  0.00185342  0.00337302 -0.00347225
   0.427636 -0.00400469 -0.00347225    0.483929
IMAGINARY
           0   0.00241183  -0.00173337   0.00700681
 -0.00241183            0  0.000193186  0.000513362
  0.00173337 -0.000193186            0   -0.0022085
 -0.00700681 -0.000513362    0.0022085            0
Repeater5[0]<--->HoM3[0]
REAL
    0.48809 -0.00458313 -0.00185176    0.421769
-0.00458313  0.00322971   -0.002714 -0.00460767
-0.00185176   -0.002714  0.00545014 -0.00248187
   0.421769 -0.00460767 -0.00248187     0.50323
IMAGINARY
          0  0.00165747 -0.00683658 -0.00179488
-0.00165747           0  0.00318986 -0.00111254
 0.00683658 -0.00318986           0  0.00629166
 0.00179488  0.00111254 -0.00629166           0
Repeater6[0]<--->HoM3[0]
REAL
    0.48809 -0.00185176 -0.00458313    0.421769
-0.00185176  0.00545014   -0.002714 -0.00248187
-0.00458313   -0.002714  0.00322971 -0.00460767
   0.421769 -0.00248187 -0.00460767     0.50323
IMAGINARY
          0 -0.00683658  0.00165747 -0.00179488
 0.00683658           0 -0.00318986  0.00629166
-0.00165747  0.00318986           0 -0.00111254
 0.00179488 -0.00629166  0.00111254           0
Repeater6[0]<--->Repeater7[0]
REAL
   0.496057  -0.0052687 -0.00446589    0.397851
 -0.0052687  0.00343782  0.00538167 -0.00466882
-0.00446589  0.00538167  0.00586451 -0.00547212
   0.397851 -0.00466882 -0.00547212    0.494641
IMAGINARY
          0 -0.00276364 -0.00325529 -0.00230282
 0.00276364           0 -0.00585756  0.00966057
 0.00325529  0.00585756           0   -0.010241
 0.00230282 -0.00966057    0.010241           0
Repeater7[0]<--->Repeater6[0]
REAL
   0.496057 -0.00446589  -0.0052687    0.397851
-0.00446589  0.00586451  0.00538167 -0.00547212
 -0.0052687  0.00538167  0.00343782 -0.00466882
   0.397851 -0.00547212 -0.00466882    0.494641
IMAGINARY
          0 -0.00325529 -0.00276364 -0.00230282
 0.00325529           0  0.00585756   -0.010241
 0.00276364 -0.00585756           0  0.00966057
 0.00230282    0.010241 -0.00966057           0
Repeater7[0]<--->HoM4[0]
REAL
    0.48797 -0.00183989  -0.0065421    0.401563
-0.00183989  0.00517001 -0.00315178 -0.00703666
 -0.0065421 -0.00315178  0.00417578  -0.0067097
   0.401563 -0.00703666  -0.0067097    0.502684
IMAGINARY
           0   -0.0103568  -0.00344065  0.000291477
   0.0103568            0  -0.00822484 -0.000954077
  0.00344065   0.00822484            0   0.00696092
-0.000291477  0.000954077  -0.00696092            0
Repeater8[0]<--->HoM4[0]
REAL
    0.48797  -0.0065421 -0.00183989    0.401563
 -0.0065421  0.00417578 -0.00315178  -0.0067097
-0.00183989 -0.00315178  0.00517001 -0.00703666
   0.401563  -0.0067097 -0.00703666    0.502684
IMAGINARY
           0  -0.00344065   -0.0103568  0.000291477
  0.00344065            0   0.00822484   0.00696092
   0.0103568  -0.00822484            0 -0.000954077
-0.000291477  -0.00696092  0.000954077            0
Repeater8[0]<--->Repeater9[0]
REAL
   0.485529 -0.00749937 -0.00451579    0.371441
-0.00749937  0.00789314 0.000759427 -0.00188421
-0.00451579 0.000759427   0.0111313  0.00729937
   0.371441 -0.00188421  0.00729937    0.495446
IMAGINARY
           0  0.000801702 -0.000289641   0.00559371
-0.000801702            0   0.00181589  -0.00138854
 0.000289641  -0.00181589            0  -0.00208502
 -0.00559371   0.00138854   0.00208502            0
Repeater9[0]<--->Repeater8[0]
REAL
   0.485529 -0.00451579 -0.00749937    0.371441
-0.00451579   0.0111313 0.000759427  0.00729937
-0.00749937 0.000759427  0.00789314 -0.00188421
   0.371441  0.00729937 -0.00188421    0.495446
IMAGINARY
           0 -0.000289641  0.000801702   0.00559371
 0.000289641            0  -0.00181589  -0.00208502
-0.000801702   0.00181589            0  -0.00138854
 -0.00559371   0.00208502   0.00138854            0
Repeater9[0]<--->HoM5[0]
REAL
   0.491633 -0.00798231 -0.00898532    0.376242
-0.00798231  0.00653061 -0.00148897 0.000885753
-0.00898532 -0.00148897  0.00857143  0.00146315
   0.376242 0.000885753  0.00146315    0.493265
IMAGINARY
          0 -0.00840751   0.0110173 -0.00165884
 0.00840751           0  -0.0072946  0.00992881
 -0.0110173   0.0072946           0  -0.0189527
 0.00165884 -0.00992881   0.0189527           0
Repeater10[0]<--->HoM5[0]
REAL
   0.491633 -0.00898532 -0.00798231    0.376242
-0.00898532  0.00857143 -0.00148897  0.00146315
-0.00798231 -0.00148897  0.00653061 0.000885753
   0.376242  0.00146315 0.000885753    0.493265
IMAGINARY
          0   0.0110173 -0.00840751 -0.00165884
 -0.0110173           0   0.0072946  -0.0189527
 0.00840751  -0.0072946           0  0.00992881
 0.00165884   0.0189527 -0.00992881           0
Repeater10[0]<--->Repeater11[0]
REAL
    0.480255   0.00386846   0.00699122      0.48676
  0.00386846            0 -0.000164229  -0.00117612
  0.00699122 -0.000164229            0   0.00115816
     0.48676  -0.00117612   0.00115816     0.519745
IMAGINARY
          0  0.00557864 -0.00367375  -0.0027083
-0.00557864           0  0.00552747 -0.00145601
 0.00367375 -0.00552747           0 -0.00185705
  0.0027083  0.00145601  0.00185705           0
Repeater11[0]<--->Repeater10[0]
REAL
    0.480255   0.00699122   0.00386846      0.48676
  0.00699122            0 -0.000164229   0.00115816
  0.00386846 -0.000164229            0  -0.00117612
     0.48676   0.00115816  -0.00117612     0.519745
IMAGINARY
          0 -0.00367375  0.00557864  -0.0027083
 0.00367375           0 -0.00552747 -0.00185705
-0.00557864  0.00552747           0 -0.00145601
  0.0027083  0.00185705  0.00145601           0
Repeater11[0]<--->HoM6[0]
REAL
   0.508287 0.000122506 -0.00370114     0.48808
0.000122506 0.000197316  0.00110356  0.00227257
-0.00370114  0.00110356           0 -0.00216332
    0.48808  0.00227257 -0.00216332    0.491515
IMAGINARY
           0  -0.00270578  -0.00128068   0.00805895
  0.00270578            0  0.000391472  -0.00663357
  0.00128068 -0.000391472            0   0.00881678
 -0.00805895   0.00663357  -0.00881678            0
EndNode1[0]<--->Repeater1[0]
REAL
   0.495297  0.00646586   0.0121155    0.474718
 0.00646586           0 -0.00125098 -0.00296981
  0.0121155 -0.00125098           0  0.00147384
   0.474718 -0.00296981  0.00147384    0.504703
IMAGINARY
          0  0.00702832 -0.00595524  -0.0093483
-0.00702832           0 -0.00262004 -0.00434363
 0.00595524  0.00262004           0  0.00226086
  0.0093483  0.00434363 -0.00226086           0
EndNode2[0]<--->HoM6[0]
REAL
   0.488391 -0.00358017 0.000729993    0.486987
-0.00358017           0 0.000281491 -0.00898541
0.000729993 0.000281491           0 -0.00109459
   0.486987 -0.00898541 -0.00109459    0.511609
IMAGINARY
          0 -0.00120166  0.00619739 -0.00563457
 0.00120166           0  0.00133371 -0.00140756
-0.00619739 -0.00133371           0 -0.00280616
 0.00563457  0.00140756  0.00280616           0
Repeater1[0]<--->EndNode1[0]
REAL
   0.495297   0.0121155  0.00646586    0.474718
  0.0121155           0 -0.00125098  0.00147384
 0.00646586 -0.00125098           0 -0.00296981
   0.474718  0.00147384 -0.00296981    0.504703
IMAGINARY
          0 -0.00595524  0.00702832  -0.0093483
 0.00595524           0  0.00262004  0.00226086
-0.00702832 -0.00262004           0 -0.00434363
  0.0093483 -0.00226086  0.00434363           0
Repeater1[0]<--->HoM1[0]
REAL
    0.507914  -0.00520245 -0.000447221     0.473123
 -0.00520245  0.000801443   0.00215866   0.00133708
-0.000447221   0.00215866  0.000601082   0.00431259
    0.473123   0.00133708   0.00431259     0.490683
IMAGINARY
           0  -0.00612054   0.00164483   0.00100464
  0.00612054            0 -4.23898e-06    0.0108425
 -0.00164483  4.23898e-06            0  -0.00413326
 -0.00100464   -0.0108425   0.00413326            0
Repeater2[0]<--->HoM1[0]
REAL
    0.507914 -0.000447221  -0.00520245     0.473123
-0.000447221  0.000601082   0.00215866   0.00431259
 -0.00520245   0.00215866  0.000801443   0.00133708
    0.473123   0.00431259   0.00133708     0.490683
IMAGINARY
           0   0.00164483  -0.00612054   0.00100464
 -0.00164483            0  4.23898e-06  -0.00413326
  0.00612054 -4.23898e-06            0    0.0108425
 -0.00100464   0.00413326   -0.0108425            0
Repeater2[0]<--->Repeater3[0]
REAL
   0.496611  0.00541266   0.0072309    0.449335
 0.00541266 0.000797448  0.00027316 -0.00672899
  0.0072309  0.00027316 0.000797448 -0.00551304
   0.449335 -0.00672899 -0.00551304    0.501794
IMAGINARY
           0  0.000252489   -0.0177438  -0.00309644
-0.000252489            0  -0.00610849   0.00145555
   0.0177438   0.00610849            0   0.00695383
  0.00309644  -0.00145555  -0.00695383            0
Repeater3[0]<--->Repeater2[0]
REAL
   0.496611   0.0072309  0.00541266    0.449335
  0.0072309 0.000797448  0.00027316 -0.00551304
 0.00541266  0.00027316 0.000797448 -0.00672899
   0.449335 -0.00551304 -0.00672899    0.501794
IMAGINARY
           0   -0.0177438  0.000252489  -0.00309644
   0.0177438            0   0.00610849   0.00695383
-0.000252489  -0.00610849            0   0.00145555
  0.00309644  -0.00695383  -0.00145555            0
Repeater3[0]<--->HoM2[0]
REAL
    0.49664 -0.00275695 -0.00497999    0.454143
-0.00275695  0.00118577 -0.00144411  0.00346392
-0.00497999 -0.00144411  0.00177866  0.00326231
   0.454143  0.00346392  0.00326231    0.500395
IMAGINARY
           0   -0.0129856   0.00970206   0.00370288
   0.0129856            0 -0.000843488   0.00295871
 -0.00970206  0.000843488            0 -0.000278021
 -0.00370288  -0.00295871  0.000278021            0
Repeater4[0]<--->HoM2[0]
REAL
    0.49664 -0.00497999 -0.00275695    0.454143
-0.00497999  0.00177866 -0.00144411  0.00326231
-0.00275695 -0.00144411  0.00118577  0.00346392
   0.454143  0.00326231  0.00346392    0.500395
IMAGINARY
           0   0.00970206   -0.0129856   0.00370288
 -0.00970206            0  0.000843488 -0.000278021
   0.0129856 -0.000843488            0   0.00295871
 -0.00370288  0.000278021  -0.00295871            0
Repeater4[0]<--->Repeater5[0]
REAL
    0.493339  0.000120712  0.000578765     0.424763
 0.000120712     0.004239 -0.000376665  -0.00635618
 0.000578765 -0.000376665   0.00222043  -0.00934431
    0.424763  -0.00635618  -0.00934431     0.500202
IMAGINARY
           0   -0.0055318    0.0136744  0.000851245
   0.0055318            0  -0.00124918   0.00213823
  -0.0136744   0.00124918            0   -0.0114818
-0.000851245  -0.00213823    0.0114818            0
Repeater5[0]<--->Repeater4[0]
REAL
    0.493339  0.000578765  0.000120712     0.424763
 0.000578765   0.00222043 -0.000376665  -0.00934431
 0.000120712 -0.000376665     0.004239  -0.00635618
    0.424763  -0.00934431  -0.00635618     0.500202
IMAGINARY
           0    0.0136744   -0.0055318  0.000851245
  -0.0136744            0   0.00124918   -0.0114818
   0.0055318  -0.00124918            0   0.00213823
-0.000851245    0.0114818  -0.00213823            0
Repeater5[0]<--->HoM3[0]
REAL
     0.4919  0.00907907  0.00333605    0.420356
 0.00907907  0.00222762 -0.00400182   0.0109666
 0.00333605 -0.00400182   0.0018226  0.00522355
   0.420356   0.0109666  0.00522355     0.50405
IMAGINARY
          0  0.00506266 -0.00644314  -0.0018781
-0.00506266           0 -0.00802889  0.00162773
 0.00644314  0.00802889           0  0.00436752
  0.0018781 -0.00162773 -0.00436752           0
Repeater6[0]<--->HoM3[0]
REAL
     0.4919  0.00333605  0.00907907    0.420356
 0.00333605   0.0018226 -0.00400182  0.00522355
 0.00907907 -0.00400182  0.00222762   0.0109666
   0.420356  0.00522355   0.0109666     0.50405
IMAGINARY
          0 -0.00644314  0.00506266  -0.0018781
 0.00644314           0  0.00802889  0.00436752
-0.00506266 -0.00802889           0  0.00162773
  0.0018781 -0.00436752 -0.00162773           0
Repeater6[0]<--->Repeater7[0]
REAL
   0.492774 -0.00761577 -0.00497013    0.399766
-0.00761577  0.00366375 -0.00279226  -0.0129693
-0.00497013 -0.00279226  0.00508854 -0.00270694
   0.399766  -0.0129693 -0.00270694    0.498473
IMAGINARY
          0  0.00181239  -0.0056235  0.00283431
-0.00181239           0    0.001731 -0.00391771
  0.0056235   -0.001731           0   0.0117889
-0.00283431  0.00391771  -0.0117889           0
Repeater7[0]<--->Repeater6[0]
REAL
   0.492774 -0.00497013 -0.00761577    0.399766
-0.00497013  0.00508854 -0.00279226 -0.00270694
-0.00761577 -0.00279226  0.00366375  -0.0129693
   0.399766 -0.00270694  -0.0129693    0.498473
IMAGINARY
          0  -0.0056235  0.00181239  0.00283431
  0.0056235           0   -0.001731   0.0117889
-0.00181239    0.001731           0 -0.00391771
-0.00283431  -0.0117889  0.00391771           0
Repeater7[0]<--->HoM4[0]
REAL
    0.486808 -0.000691506   0.00396741     0.400098
-0.000691506   0.00584089  -0.00203351  0.000773798
  0.00396741  -0.00203351   0.00483384   -0.0044448
    0.400098  0.000773798   -0.0044448     0.502518
IMAGINARY
           0  0.000835023  0.000852839   0.00338099
-0.000835023            0  0.000197541   0.00565861
-0.000852839 -0.000197541            0  -0.00221624
 -0.00338099  -0.00565861   0.00221624            0
Repeater8[0]<--->HoM4[0]
REAL
    0.486808   0.00396741 -0.000691506     0.400098
  0.00396741   0.00483384  -0.00203351   -0.0044448
-0.000691506  -0.00203351   0.00584089  0.000773798
    0.400098   -0.0044448  0.000773798     0.502518
IMAGINARY
           0  0.000852839  0.000835023   0.00338099
-0.000852839            0 -0.000197541  -0.00221624
-0.000835023  0.000197541            0   0.00565861
 -0.00338099   0.00221624  -0.00565861            0
Repeater8[0]<--->Repeater9[0]
REAL
    0.502855   0.00196092   0.00457287     0.375026
  0.00196092   0.00632137  -0.00293104 -0.000302756
  0.00457287  -0.00293104   0.00774878   0.00747304
    0.375026 -0.000302756   0.00747304     0.483075
IMAGINARY
           0  -0.00526393  0.000938223  -0.00679535
  0.00526393            0   0.00509023  0.000244742
-0.000938223  -0.00509023            0  -0.00636857
  0.00679535 -0.000244742   0.00636857            0
Repeater9[0]<--->Repeater8[0]
REAL
    0.502855   0.00457287   0.00196092     0.375026
  0.00457287   0.00774878  -0.00293104   0.00747304
  0.00196092  -0.00293104   0.00632137 -0.000302756
    0.375026   0.00747304 -0.000302756     0.483075
IMAGINARY
           0  0.000938223  -0.00526393  -0.00679535
-0.000938223            0  -0.00509023  -0.00636857
  0.00526393   0.00509023            0  0.000244742
  0.00679535   0.00636857 -0.000244742            0
Repeater9[0]<--->HoM5[0]
REAL
    0.496308 -0.000697192  -0.00182031     0.381603
-0.000697192   0.00898024    0.0038866  -0.00733646
 -0.00182031    0.0038866   0.00538815  0.000194073
    0.381603  -0.00733646  0.000194073     0.489323
IMAGINARY
          0  0.00439167 -0.00463441  0.00661905
-0.00439167           0  0.00204681 -0.00217038
 0.00463441 -0.00204681           0  0.00160061
-0.00661905  0.00217038 -0.00160061           0
Repeater10[0]<--->HoM5[0]
REAL
    0.496308  -0.00182031 -0.000697192     0.381603
 -0.00182031   0.00538815    0.0038866  0.000194073
-0.000697192    0.0038866   0.00898024  -0.00733646
    0.381603  0.000194073  -0.00733646     0.489323
IMAGINARY
          0 -0.00463441  0.00439167  0.00661905
 0.00463441           0 -0.00204681  0.00160061
-0.00439167  0.00204681           0 -0.00217038
-0.00661905 -0.00160061  0.00217038           0
Repeater10[0]<--->Repeater11[0]
REAL
    0.496874  -0.00147041 -0.000401597     0.487336
 -0.00147041  0.000201654   0.00119724  -0.00633749
-0.000401597   0.00119724  0.000201654  -0.00587217
    0.487336  -0.00633749  -0.00587217     0.502722
IMAGINARY
           0  -0.00342403    0.0066854   -0.0038164
  0.00342403            0   0.00142977  -0.00186419
  -0.0066854  -0.00142977            0  0.000410775
   0.0038164   0.00186419 -0.000410775            0
Repeater11[0]<--->Repeater10[0]
REAL
    0.496874 -0.000401597  -0.00147041     0.487336
-0.000401597  0.000201654   0.00119724  -0.00587217
 -0.00147041   0.00119724  0.000201654  -0.00633749
    0.487336  -0.00587217  -0.00633749     0.502722
IMAGINARY
           0    0.0066854  -0.00342403   -0.0038164
  -0.0066854            0  -0.00142977  0.000410775
  0.00342403   0.00142977            0  -0.00186419
   0.0038164 -0.000410775   0.00186419            0
Repeater11[0]<--->HoM6[0]
REAL
   0.488391 0.000729993 -0.00358017    0.486987
0.000729993           0 0.000281491 -0.00109459
-0.00358017 0.000281491           0 -0.00898541
   0.486987 -0.00109459 -0.00898541    0.511609
IMAGINARY
          0  0.00619739 -0.00120166 -0.00563457
-0.00619739           0 -0.00133371 -0.00280616
 0.00120166  0.00133371           0 -0.00140756
 0.00563457  0.00280616  0.00140756           0
EndNode1[0]<--->Repeater1[0]
REAL
    0.496693 -0.000698541    0.0014616     0.477348
-0.000698541  0.000200441 -0.000492926  -0.00254963
   0.0014616 -0.000492926  0.000400882   0.00455611
    0.477348  -0.00254963   0.00455611     0.502706
IMAGINARY
           0  0.000834167   0.00893755 -0.000126213
-0.000834167            0    0.0102172  -0.00470709
 -0.00893755   -0.0102172            0  -0.00546753
 0.000126213   0.00470709   0.00546753            0
EndNode2[0]<--->HoM6[0]
REAL
   0.507662 -0.00173758 0.000684316    0.488262
-0.00173758 0.000196464 -0.00203293   0.0102513
0.000684316 -0.00203293 0.000196464   0.0142933
   0.488262   0.0102513   0.0142933    0.491945
IMAGINARY
          0 -0.00446541  -0.0016746  0.00882713
 0.00446541           0  0.00173838  0.00355616
  0.0016746 -0.00173838           0  0.00317803
-0.00882713 -0.00355616 -0.00317803           0
Repeater1[0]<--->EndNode1[0]
REAL
    0.496693    0.0014616 -0.000698541     0.477348
   0.0014616  0.000400882 -0.000492926   0.00455611
-0.000698541 -0.000492926  0.000200441  -0.00254963
    0.477348   0.00455611  -0.00254963     0.502706
IMAGINARY
           0   0.00893755  0.000834167 -0.000126213
 -0.00893755            0   -0.0102172  -0.00546753
-0.000834167    0.0102172            0  -0.00470709
 0.000126213   0.00546753   0.00470709            0
Repeater1[0]<--->HoM1[0]
REAL
    0.494891  0.000187614 -0.000364509     0.475486
 0.000187614  0.000601082  -0.00285347  -0.00268727
-0.000364509  -0.00285347  0.000400721  -0.00383006
    0.475486  -0.00268727  -0.00383006     0.504107
IMAGINARY
          0   0.0100206 -0.00523898 -0.00320234
 -0.0100206           0  0.00661325  0.00102718
 0.00523898 -0.00661325           0 -0.00701222
 0.00320234 -0.00102718  0.00701222           0
Repeater2[0]<--->HoM1[0]
REAL
    0.494891 -0.000364509  0.000187614     0.475486
-0.000364509  0.000400721  -0.00285347  -0.00383006
 0.000187614  -0.00285347  0.000601082  -0.00268727
    0.475486  -0.00383006  -0.00268727     0.504107
IMAGINARY
          0 -0.00523898   0.0100206 -0.00320234
 0.00523898           0 -0.00661325 -0.00701222
 -0.0100206  0.00661325           0  0.00102718
 0.00320234  0.00701222 -0.00102718           0
Repeater2[0]<--->Repeater3[0]
REAL
    0.503734  -0.00414462   0.00111381     0.452985
 -0.00414462  0.000622407 -0.000373094   0.00111381
  0.00111381 -0.000373094   0.00124481    0.0055622
    0.452985   0.00111381    0.0055622     0.494398
IMAGINARY
           0    0.0011509  -0.00393823   -0.0108476
  -0.0011509            0 -0.000162118  -0.00433364
  0.00393823  0.000162118            0    0.0055264
   0.0108476   0.00433364   -0.0055264            0
Repeater3[0]<--->Repeater2[0]
REAL
    0.503734   0.00111381  -0.00414462     0.452985
  0.00111381   0.00124481 -0.000373094    0.0055622
 -0.00414462 -0.000373094  0.000622407   0.00111381
    0.452985    0.0055622   0.00111381     0.494398
IMAGINARY
           0  -0.00393823    0.0011509   -0.0108476
  0.00393823            0  0.000162118    0.0055264
  -0.0011509 -0.000162118            0  -0.00433364
   0.0108476   -0.0055264   0.00433364            0
Repeater3[0]<--->HoM2[0]
REAL
   0.486433  0.00547764  0.00329222    0.448781
 0.00547764  0.00139665  0.00419091   0.0129944
 0.00329222  0.00419091 0.000997606   0.0085696
   0.448781   0.0129944   0.0085696    0.511173
IMAGINARY
          0 -0.00145108 -0.00303096  0.00563169
 0.00145108           0  0.00573195  0.00292984
 0.00303096 -0.00573195           0  0.00478778
-0.00563169 -0.00292984 -0.00478778           0
Repeater4[0]<--->HoM2[0]
REAL
   0.486433  0.00329222  0.00547764    0.448781
 0.00329222 0.000997606  0.00419091   0.0085696
 0.00547764  0.00419091  0.00139665   0.0129944
   0.448781   0.0085696   0.0129944    0.511173
IMAGINARY
          0 -0.00303096 -0.00145108  0.00563169
 0.00303096           0 -0.00573195  0.00478778
 0.00145108  0.00573195           0  0.00292984
-0.00563169 -0.00478778 -0.00292984           0
Repeater4[0]<--->Repeater5[0]
REAL
   0.496968  -0.0076518  0.00494679     0.42473
 -0.0076518  0.00222312 0.000341296 -0.00717442
 0.00494679 0.000341296  0.00383994  0.00501916
    0.42473 -0.00717442  0.00501916    0.496968
IMAGINARY
           0  -0.00116021  -0.00430662  -0.00250085
  0.00116021            0 -0.000698686  -0.00371584
  0.00430662  0.000698686            0   0.00657537
  0.00250085   0.00371584  -0.00657537            0
Repeater5[0]<--->Repeater4[0]
REAL
   0.496968  0.00494679  -0.0076518     0.42473
 0.00494679  0.00383994 0.000341296  0.00501916
 -0.0076518 0.000341296  0.00222312 -0.00717442
    0.42473  0.00501916 -0.00717442    0.496968
IMAGINARY
           0  -0.00430662  -0.00116021  -0.00250085
  0.00430662            0  0.000698686   0.00657537
  0.00116021 -0.000698686            0  -0.00371584
  0.00250085  -0.00657537   0.00371584            0
Repeater5[0]<--->HoM3[0]
REAL
  0.499693 0.00322418 0.00390203   0.423661
0.00322418 0.00327131 0.00527784 0.00441151
0.00390203 0.00527784 0.00224903 0.00607907
  0.423661 0.00441151 0.00607907   0.494786
IMAGINARY
           0  -0.00274788    0.0077961   0.00628738
  0.00274788            0  -0.00569519   0.00525079
  -0.0077961   0.00569519            0  0.000687848
 -0.00628738  -0.00525079 -0.000687848            0
Repeater6[0]<--->HoM3[0]
REAL
  0.499693 0.00390203 0.00322418   0.423661
0.00390203 0.00224903 0.00527784 0.00607907
0.00322418 0.00527784 0.00327131 0.00441151
  0.423661 0.00607907 0.00441151   0.494786
IMAGINARY
           0    0.0077961  -0.00274788   0.00628738
  -0.0077961            0   0.00569519  0.000687848
  0.00274788  -0.00569519            0   0.00525079
 -0.00628738 -0.000687848  -0.00525079            0
Repeater6[0]<--->Repeater7[0]
REAL
   0.495128 -0.00352769 -0.00188385    0.397763
-0.00352769  0.00457347 -0.00278043  0.00503234
-0.00188385 -0.00278043  0.00616425  0.00769182
   0.397763  0.00503234  0.00769182    0.494134
IMAGINARY
           0    0.0120118  -0.00325602  -0.00162424
  -0.0120118            0   -0.0035571   -0.0107363
  0.00325602    0.0035571            0  0.000772535
  0.00162424    0.0107363 -0.000772535            0
Repeater7[0]<--->Repeater6[0]
REAL
   0.495128 -0.00188385 -0.00352769    0.397763
-0.00188385  0.00616425 -0.00278043  0.00769182
-0.00352769 -0.00278043  0.00457347  0.00503234
   0.397763  0.00769182  0.00503234    0.494134
IMAGINARY
           0  -0.00325602    0.0120118  -0.00162424
  0.00325602            0    0.0035571  0.000772535
  -0.0120118   -0.0035571            0   -0.0107363
  0.00162424 -0.000772535    0.0107363            0
Repeater7[0]<--->HoM4[0]
REAL
    0.480483   -0.0101377   -0.0106546     0.402016
  -0.0101377   0.00396275 -0.000160453  -0.00141398
  -0.0106546 -0.000160453   0.00653854  -0.00272883
    0.402016  -0.00141398  -0.00272883     0.509015
IMAGINARY
           0   -0.0139126    0.0129832   0.00828202
   0.0139126            0  0.000601988   0.00189002
  -0.0129832 -0.000601988            0  -0.00135989
 -0.00828202  -0.00189002   0.00135989            0
Repeater8[0]<--->HoM4[0]
REAL
    0.480483   -0.0106546   -0.0101377     0.402016
  -0.0106546   0.00653854 -0.000160453  -0.00272883
  -0.0101377 -0.000160453   0.00396275  -0.00141398
    0.402016  -0.00272883  -0.00141398     0.509015
IMAGINARY
           0    0.0129832   -0.0139126   0.00828202
  -0.0129832            0 -0.000601988  -0.00135989
   0.0139126  0.000601988            0   0.00189002
 -0.00828202   0.00135989  -0.00189002            0
Repeater8[0]<--->Repeater9[0]
REAL
   0.481579  0.00683619  0.00657709    0.377249
 0.00683619  0.00910931 -0.00250035  0.00528459
 0.00657709 -0.00250035  0.00910931  0.00844326
   0.377249  0.00528459  0.00844326    0.500202
IMAGINARY
          0 -0.00842213  0.00650505  0.00115989
 0.00842213           0  0.00385289   0.0143114
-0.00650505 -0.00385289           0  -0.0121923
-0.00115989  -0.0143114   0.0121923           0
Repeater9[0]<--->Repeater8[0]
REAL
   0.481579  0.00657709  0.00683619    0.377249
 0.00657709  0.00910931 -0.00250035  0.00844326
 0.00683619 -0.00250035  0.00910931  0.00528459
   0.377249  0.00844326  0.00528459    0.500202
IMAGINARY
          0  0.00650505 -0.00842213  0.00115989
-0.00650505           0 -0.00385289  -0.0121923
 0.00842213  0.00385289           0   0.0143114
-0.00115989   0.0121923  -0.0143114           0
Repeater9[0]<--->HoM5[0]
REAL
    0.497315 -5.11986e-05  -0.00259482     0.375869
-5.11986e-05   0.00855381   0.00977643   0.00119538
 -0.00259482   0.00977643   0.00835488 -0.000148721
    0.375869   0.00119538 -0.000148721     0.485777
IMAGINARY
           0   0.00543258  -0.00328679 -0.000610686
 -0.00543258            0   0.00141197  -0.00031609
  0.00328679  -0.00141197            0  0.000772385
 0.000610686   0.00031609 -0.000772385            0
Repeater10[0]<--->HoM5[0]
REAL
    0.497315  -0.00259482 -5.11986e-05     0.375869
 -0.00259482   0.00835488   0.00977643 -0.000148721
-5.11986e-05   0.00977643   0.00855381   0.00119538
    0.375869 -0.000148721   0.00119538     0.485777
IMAGINARY
           0  -0.00328679   0.00543258 -0.000610686
  0.00328679            0  -0.00141197  0.000772385
 -0.00543258   0.00141197            0  -0.00031609
 0.000610686 -0.000772385   0.00031609            0
Repeater10[0]<--->Repeater11[0]
REAL
    0.50071 -0.00314353   0.0019096    0.488377
-0.00314353           0 0.000859528 -0.00536207
  0.0019096 0.000859528           0  0.00111266
   0.488377 -0.00536207  0.00111266     0.49929
IMAGINARY
          0  0.00205953 -0.00922356  0.00263822
-0.00205953           0  0.00418941 -0.00316004
 0.00922356 -0.00418941           0  0.00774828
-0.00263822  0.00316004 -0.00774828           0
Repeater11[0]<--->Repeater10[0]
REAL
    0.50071   0.0019096 -0.00314353    0.488377
  0.0019096           0 0.000859528  0.00111266
-0.00314353 0.000859528           0 -0.00536207
   0.488377  0.00111266 -0.00536207     0.49929
IMAGINARY
          0 -0.00922356  0.00205953  0.00263822
 0.00922356           0 -0.00418941  0.00774828
-0.00205953  0.00418941           0 -0.00316004
-0.00263822 -0.00774828  0.00316004           0
Repeater11[0]<--->HoM6[0]
REAL
   0.507662 0.000684316 -0.00173758    0.488262
0.000684316 0.000196464 -0.00203293   0.0142933
-0.00173758 -0.00203293 0.000196464   0.0102513
   0.488262   0.0142933   0.0102513    0.491945
IMAGINARY
          0  -0.0016746 -0.00446541  0.00882713
  0.0016746           0 -0.00173838  0.00317803
 0.00446541  0.00173838           0  0.00355616
-0.00882713 -0.00317803 -0.00355616           0
EndNode1[0]<--->Repeater1[0]
REAL
     0.50959  -0.00274634 -0.000867303     0.474474
 -0.00274634  0.000201898    0.0019019    -0.004438
-0.000867303    0.0019019  0.000201898  -0.00215857
    0.474474    -0.004438  -0.00215857     0.490006
IMAGINARY
          0  0.00412912  0.00364955 -0.00789857
-0.00412912           0 -0.00387442 -0.00455045
-0.00364955  0.00387442           0 -0.00222722
 0.00789857  0.00455045  0.00222722           0
EndNode2[0]<--->HoM6[0]
REAL
        0.5 -0.00433276 -0.00149881    0.486732
-0.00433276  0.00020284 -0.00262107 -0.00674737
-0.00149881 -0.00262107           0  -0.0053213
   0.486732 -0.00674737  -0.0053213    0.499797
IMAGINARY
          0  0.00600056   0.0018521 -0.00796308
-0.00600056           0  0.00260668  -0.0056689
 -0.0018521 -0.00260668           0 -0.00198288
 0.00796308   0.0056689  0.00198288           0
Repeater1[0]<--->EndNode1[0]
REAL
     0.50959 -0.000867303  -0.00274634     0.474474
-0.000867303  0.000201898    0.0019019  -0.00215857
 -0.00274634    0.0019019  0.000201898    -0.004438
    0.474474  -0.00215857    -0.004438     0.490006
IMAGINARY
          0  0.00364955  0.00412912 -0.00789857
-0.00364955           0  0.00387442 -0.00222722
-0.00412912 -0.00387442           0 -0.00455045
 0.00789857  0.00222722  0.00455045           0
Repeater1[0]<--->HoM1[0]
REAL
    0.476603   0.00931782   0.00428178     0.473691
  0.00931782  0.000605083  -0.00197225     0.004581
  0.00428178  -0.00197225  0.000605083 -0.000853375
    0.473691     0.004581 -0.000853375     0.522186
IMAGINARY
          0 -0.00180143  0.00239863 -0.00567994
 0.00180143           0  0.00488344  0.00129177
-0.00239863 -0.00488344           0 -0.00109105
 0.00567994 -0.00129177  0.00109105           0
Repeater2[0]<--->HoM1[0]
REAL
    0.476603   0.00428178   0.00931782     0.473691
  0.00428178  0.000605083  -0.00197225 -0.000853375
  0.00931782  -0.00197225  0.000605083     0.004581
    0.473691 -0.000853375     0.004581     0.522186
IMAGINARY
          0  0.00239863 -0.00180143 -0.00567994
-0.00239863           0 -0.00488344 -0.00109105
 0.00180143  0.00488344           0  0.00129177
 0.00567994  0.00109105 -0.00129177           0
Repeater2[0]<--->Repeater3[0]
REAL
   0.496941 -0.00877784 -0.00592465    0.451338
-0.00877784  0.00138149 -0.00321712 -0.00543009
-0.00592465 -0.00321712  0.00118413 -0.00198959
   0.451338 -0.00543009 -0.00198959    0.500493
IMAGINARY
          0 -0.00065408   -0.003746 -0.00110341
 0.00065408           0 -0.00420528  0.00550184
   0.003746  0.00420528           0  0.00261648
 0.00110341 -0.00550184 -0.00261648           0
Repeater3[0]<--->Repeater2[0]
REAL
   0.496941 -0.00592465 -0.00877784    0.451338
-0.00592465  0.00118413 -0.00321712 -0.00198959
-0.00877784 -0.00321712  0.00138149 -0.00543009
   0.451338 -0.00198959 -0.00543009    0.500493
IMAGINARY
          0   -0.003746 -0.00065408 -0.00110341
   0.003746           0  0.00420528  0.00261648
 0.00065408 -0.00420528           0  0.00550184
 0.00110341 -0.00261648 -0.00550184           0
Repeater3[0]<--->HoM2[0]
REAL
   0.487532  0.00475967  0.00179502    0.446844
 0.00475967  0.00179533  0.00378748 0.000969595
 0.00179502  0.00378748  0.00159585 -0.00160011
   0.446844 0.000969595 -0.00160011    0.509076
IMAGINARY
          0  0.00444346  -0.0126204  0.00369456
-0.00444346           0  0.00518236   0.0013317
  0.0126204 -0.00518236           0  0.00145064
-0.00369456  -0.0013317 -0.00145064           0
Repeater4[0]<--->HoM2[0]
REAL
   0.487532  0.00179502  0.00475967    0.446844
 0.00179502  0.00159585  0.00378748 -0.00160011
 0.00475967  0.00378748  0.00179533 0.000969595
   0.446844 -0.00160011 0.000969595    0.509076
IMAGINARY
          0  -0.0126204  0.00444346  0.00369456
  0.0126204           0 -0.00518236  0.00145064
-0.00444346  0.00518236           0   0.0013317
-0.00369456 -0.00145064  -0.0013317           0
Repeater4[0]<--->Repeater5[0]
REAL
     0.49258  -0.00152001  -0.00193013     0.429053
 -0.00152001   0.00284611 -0.000298187 -0.000536815
 -0.00193013 -0.000298187   0.00203293  -0.00232842
    0.429053 -0.000536815  -0.00232842     0.502541
IMAGINARY
          0  0.00272854 -0.00351683  0.00325799
-0.00272854           0 -0.00104115 -0.00491739
 0.00351683  0.00104115           0  0.00213354
-0.00325799  0.00491739 -0.00213354           0
Repeater5[0]<--->Repeater4[0]
REAL
     0.49258  -0.00193013  -0.00152001     0.429053
 -0.00193013   0.00203293 -0.000298187  -0.00232842
 -0.00152001 -0.000298187   0.00284611 -0.000536815
    0.429053  -0.00232842 -0.000536815     0.502541
IMAGINARY
          0 -0.00351683  0.00272854  0.00325799
 0.00351683           0  0.00104115  0.00213354
-0.00272854 -0.00104115           0 -0.00491739
-0.00325799 -0.00213354  0.00491739           0
Repeater5[0]<--->HoM3[0]
REAL
   0.491918 -0.00170791  0.00459806    0.428025
-0.00170791  0.00299341 -0.00177098 -0.00328837
 0.00459806 -0.00177098  0.00259429 -0.00101222
   0.428025 -0.00328837 -0.00101222    0.502495
IMAGINARY
           0   0.00302523  -0.00234135  0.000911829
 -0.00302523            0   0.00825601   0.00405609
  0.00234135  -0.00825601            0   0.00171554
-0.000911829  -0.00405609  -0.00171554            0
Repeater6[0]<--->HoM3[0]
REAL
   0.491918  0.00459806 -0.00170791    0.428025
 0.00459806  0.00259429 -0.00177098 -0.00101222
-0.00170791 -0.00177098  0.00299341 -0.00328837
   0.428025 -0.00101222 -0.00328837    0.502495
IMAGINARY
           0  -0.00234135   0.00302523  0.000911829
  0.00234135            0  -0.00825601   0.00171554
 -0.00302523   0.00825601            0   0.00405609
-0.000911829  -0.00171554  -0.00405609            0
Repeater6[0]<--->Repeater7[0]
REAL
    0.491217   0.00642911  -0.00191697      0.40274
  0.00642911   0.00423985  0.000374605 -0.000510216
 -0.00191697  0.000374605   0.00464365   -0.0118903
     0.40274 -0.000510216   -0.0118903     0.499899
IMAGINARY
           0    0.0042621    0.0126983  0.000542557
  -0.0042621            0   0.00841657  -0.00708481
  -0.0126983  -0.00841657            0  -0.00526451
-0.000542557   0.00708481   0.00526451            0
Repeater7[0]<--->Repeater6[0]
REAL
    0.491217  -0.00191697   0.00642911      0.40274
 -0.00191697   0.00464365  0.000374605   -0.0118903
  0.00642911  0.000374605   0.00423985 -0.000510216
     0.40274   -0.0118903 -0.000510216     0.499899
IMAGINARY
           0    0.0126983    0.0042621  0.000542557
  -0.0126983            0  -0.00841657  -0.00526451
  -0.0042621   0.00841657            0  -0.00708481
-0.000542557   0.00526451   0.00708481            0
Repeater7[0]<--->HoM4[0]
REAL
    0.491981   -0.0026281   0.00121114     0.398225
  -0.0026281   0.00481155  -0.00472728  -0.00121114
  0.00121114  -0.00472728   0.00621492 -0.000164078
    0.398225  -0.00121114 -0.000164078     0.496993
IMAGINARY
           0  -0.00899105   0.00380719   0.00320259
  0.00899105            0  0.000896592   0.00879124
 -0.00380719 -0.000896592            0  -0.00459163
 -0.00320259  -0.00879124   0.00459163            0
Repeater8[0]<--->HoM4[0]
REAL
    0.491981   0.00121114   -0.0026281     0.398225
  0.00121114   0.00621492  -0.00472728 -0.000164078
  -0.0026281  -0.00472728   0.00481155  -0.00121114
    0.398225 -0.000164078  -0.00121114     0.496993
IMAGINARY
           0   0.00380719  -0.00899105   0.00320259
 -0.00380719            0 -0.000896592  -0.00459163
  0.00899105  0.000896592            0   0.00879124
 -0.00320259   0.00459163  -0.00879124            0
Repeater8[0]<--->Repeater9[0]
REAL
   0.490053 -0.00165136 -0.00335948    0.375234
-0.00165136  0.00965137   0.0039464  0.00714133
-0.00335948   0.0039464   0.0076817   0.0036418
   0.375234  0.00714133   0.0036418    0.492614
IMAGINARY
           0  -0.00172957   0.00013972  -0.00892356
  0.00172957            0   0.00135383  0.000850379
 -0.00013972  -0.00135383            0  -0.00322092
  0.00892356 -0.000850379   0.00322092            0
Repeater9[0]<--->Repeater8[0]
REAL
   0.490053 -0.00335948 -0.00165136    0.375234
-0.00335948   0.0076817   0.0039464   0.0036418
-0.00165136   0.0039464  0.00965137  0.00714133
