EndNode1[0]<--->Repeater1[0]
REAL
   0.399287   0.0100598 -0.00201483    0.285801
  0.0100598    0.112299   0.0149305   0.0120697
-0.00201483   0.0149305   0.0891266   0.0127921
   0.285801   0.0120697   0.0127921    0.399287
IMAGINARY
           0  0.000183745    0.0208906   -0.0213852
-0.000183745            0  -0.00576018   -0.0164501
  -0.0208906   0.00576018            0   -0.0170576
   0.0213852    0.0164501    0.0170576            0
EndNode2[0]<--->HoM6[0]
REAL
   0.440741  0.00359291 -0.00578887    0.389269
 0.00359291   0.0611111 -0.00290514  -0.0188323
-0.00578887 -0.00290514   0.0537037 -0.00927473
   0.389269  -0.0188323 -0.00927473    0.444444
IMAGINARY
          0   0.0210807   0.0139907   0.0150488
 -0.0210807           0  0.00624595   -0.025295
 -0.0139907 -0.00624595           0 -0.00281985
 -0.0150488    0.025295  0.00281985           0
Repeater1[0]<--->EndNode1[0]
REAL
   0.399287 -0.00201483   0.0100598    0.285801
-0.00201483   0.0891266   0.0149305   0.0127921
  0.0100598   0.0149305    0.112299   0.0120697
   0.285801   0.0127921   0.0120697    0.399287
IMAGINARY
           0    0.0208906  0.000183745   -0.0213852
  -0.0208906            0   0.00576018   -0.0170576
-0.000183745  -0.00576018            0   -0.0164501
   0.0213852    0.0170576    0.0164501            0
Repeater1[0]<--->HoM1[0]
REAL
   0.442882 -0.00466461   0.0166897    0.276247
-0.00466461    0.107206 -0.00563804   0.0281132
  0.0166897 -0.00563804   0.0913884   0.0207936
   0.276247   0.0281132   0.0207936    0.358524
IMAGINARY
           0    0.0128949   -0.0117512    0.0297206
  -0.0128949            0   0.00261775   -0.0058089
   0.0117512  -0.00261775            0  0.000968305
  -0.0297206    0.0058089 -0.000968305            0
Repeater2[0]<--->HoM1[0]
REAL
   0.442882   0.0166897 -0.00466461    0.276247
  0.0166897   0.0913884 -0.00563804   0.0207936
-0.00466461 -0.00563804    0.107206   0.0281132
   0.276247   0.0207936   0.0281132    0.358524
IMAGINARY
           0   -0.0117512    0.0128949    0.0297206
   0.0117512            0  -0.00261775  0.000968305
  -0.0128949   0.00261775            0   -0.0058089
  -0.0297206 -0.000968305    0.0058089            0
Repeater2[0]<--->Repeater3[0]
REAL
   0.330841 -0.00827313  -0.0333296    0.189409
-0.00827313    0.179439 -0.00711742  -0.0135454
 -0.0333296 -0.00711742    0.160748 -0.00214353
   0.189409  -0.0135454 -0.00214353    0.328972
IMAGINARY
          0   0.0193269   0.0058864 -0.00300976
 -0.0193269           0  -0.0369547   0.0023403
 -0.0058864   0.0369547           0  -0.0165847
 0.00300976  -0.0023403   0.0165847           0
Repeater3[0]<--->Repeater2[0]
REAL
   0.330841  -0.0333296 -0.00827313    0.189409
 -0.0333296    0.160748 -0.00711742 -0.00214353
-0.00827313 -0.00711742    0.179439  -0.0135454
   0.189409 -0.00214353  -0.0135454    0.328972
IMAGINARY
          0   0.0058864   0.0193269 -0.00300976
 -0.0058864           0   0.0369547  -0.0165847
 -0.0193269  -0.0369547           0   0.0023403
 0.00300976   0.0165847  -0.0023403           0
Repeater3[0]<--->HoM2[0]
REAL
    0.34876    -0.01256  -0.0320208    0.178504
   -0.01256    0.140496  0.00688958  -0.0222863
 -0.0320208  0.00688958    0.145455 -0.00803923
   0.178504  -0.0222863 -0.00803923    0.365289
IMAGINARY
          0  0.00194466   0.0536212  0.00419518
-0.00194466           0  -0.0185321  -0.0211536
 -0.0536212   0.0185321           0  -0.0028723
-0.00419518   0.0211536   0.0028723           0
Repeater4[0]<--->HoM2[0]
REAL
    0.34876  -0.0320208    -0.01256    0.178504
 -0.0320208    0.145455  0.00688958 -0.00803923
   -0.01256  0.00688958    0.140496  -0.0222863
   0.178504 -0.00803923  -0.0222863    0.365289
IMAGINARY
          0   0.0536212  0.00194466  0.00419518
 -0.0536212           0   0.0185321  -0.0028723
-0.00194466  -0.0185321           0  -0.0211536
-0.00419518   0.0028723   0.0211536           0
Repeater4[0]<--->Repeater5[0]
REAL
  0.321773  0.0134405  0.0236687  0.0846082
 0.0134405   0.188825 0.00537324 0.00879882
 0.0236687 0.00537324   0.196532 0.00232942
 0.0846082 0.00879882 0.00232942   0.292871
IMAGINARY
           0 -0.000211652    0.0128175   0.00854846
 0.000211652            0   0.00940025   -0.0173712
  -0.0128175  -0.00940025            0    0.0138729
 -0.00854846    0.0173712   -0.0138729            0
Repeater5[0]<--->Repeater4[0]
REAL
  0.321773  0.0236687  0.0134405  0.0846082
 0.0236687   0.196532 0.00537324 0.00232942
 0.0134405 0.00537324   0.188825 0.00879882
 0.0846082 0.00232942 0.00879882   0.292871
IMAGINARY
           0    0.0128175 -0.000211652   0.00854846
  -0.0128175            0  -0.00940025    0.0138729
 0.000211652   0.00940025            0   -0.0173712
 -0.00854846   -0.0138729    0.0173712            0
Repeater5[0]<--->HoM3[0]
REAL
   0.258755   0.0148747 -0.00574472   0.0898871
  0.0148747    0.196498  0.00504958  0.00122392
-0.00574472  0.00504958    0.223735 -0.00131233
  0.0898871  0.00122392 -0.00131233    0.321012
IMAGINARY
          0   0.0123101  -0.0152308 -0.00129093
 -0.0123101           0   0.0140244  0.00981561
  0.0152308  -0.0140244           0  -0.0177252
 0.00129093 -0.00981561   0.0177252           0
Repeater6[0]<--->HoM3[0]
REAL
   0.258755 -0.00574472   0.0148747   0.0898871
-0.00574472    0.223735  0.00504958 -0.00131233
  0.0148747  0.00504958    0.196498  0.00122392
  0.0898871 -0.00131233  0.00122392    0.321012
IMAGINARY
          0  -0.0152308   0.0123101 -0.00129093
  0.0152308           0  -0.0140244  -0.0177252
 -0.0123101   0.0140244           0  0.00981561
 0.00129093   0.0177252 -0.00981561           0
Repeater6[0]<--->Repeater7[0]
REAL
   0.274472   0.0254356 -0.00522543   0.0544915
  0.0254356    0.236084  -0.0114807  0.00880966
-0.00522543  -0.0114807    0.209213   0.0157831
  0.0544915  0.00880966   0.0157831     0.28023
IMAGINARY
           0    0.0109073 -0.000724179   -0.0120902
  -0.0109073            0   0.00610733   0.00940473
 0.000724179  -0.00610733            0   -0.0126434
   0.0120902  -0.00940473    0.0126434            0
Repeater7[0]<--->Repeater6[0]
REAL
   0.274472 -0.00522543   0.0254356   0.0544915
-0.00522543    0.209213  -0.0114807   0.0157831
  0.0254356  -0.0114807    0.236084  0.00880966
  0.0544915   0.0157831  0.00880966     0.28023
IMAGINARY
           0 -0.000724179    0.0109073   -0.0120902
 0.000724179            0  -0.00610733   -0.0126434
  -0.0109073   0.00610733            0   0.00940473
   0.0120902    0.0126434  -0.00940473            0
Repeater7[0]<--->HoM4[0]
REAL
  0.323268  0.0037839  0.0156743  0.0824603
 0.0037839   0.202487 0.00895759 0.00671374
 0.0156743 0.00895759   0.230906 0.00554446
 0.0824603 0.00671374 0.00554446   0.243339
IMAGINARY
          0  -0.0128112 -0.00678918  -0.0192664
  0.0128112           0 -0.00411489    0.016771
 0.00678918  0.00411489           0  -0.0352831
  0.0192664   -0.016771   0.0352831           0
Repeater8[0]<--->HoM4[0]
REAL
  0.323268  0.0156743  0.0037839  0.0824603
 0.0156743   0.230906 0.00895759 0.00554446
 0.0037839 0.00895759   0.202487 0.00671374
 0.0824603 0.00554446 0.00671374   0.243339
IMAGINARY
          0 -0.00678918  -0.0128112  -0.0192664
 0.00678918           0  0.00411489  -0.0352831
  0.0128112 -0.00411489           0    0.016771
  0.0192664   0.0352831   -0.016771           0
Repeater8[0]<--->Repeater9[0]
REAL
  0.257951  0.0222906 -0.0012464  0.0467114
 0.0222906    0.24735  0.0142205  0.0137912
-0.0012464  0.0142205   0.254417  0.0171359
 0.0467114  0.0137912  0.0171359   0.240283
IMAGINARY
          0   0.0275953 -0.00662772 -0.00776649
 -0.0275953           0   0.0130668  0.00482266
 0.00662772  -0.0130668           0  -0.0203751
 0.00776649 -0.00482266   0.0203751           0
Repeater9[0]<--->Repeater8[0]
REAL
  0.257951 -0.0012464  0.0222906  0.0467114
-0.0012464   0.254417  0.0142205  0.0171359
 0.0222906  0.0142205    0.24735  0.0137912
 0.0467114  0.0171359  0.0137912   0.240283
IMAGINARY
          0 -0.00662772   0.0275953 -0.00776649
 0.00662772           0  -0.0130668  -0.0203751
 -0.0275953   0.0130668           0  0.00482266
 0.00776649   0.0203751 -0.00482266           0
Repeater9[0]<--->HoM5[0]
REAL
    0.30212   0.0127558   0.0054218   0.0261215
  0.0127558     0.19788  -0.0243547   0.0157796
  0.0054218  -0.0243547    0.227915 -0.00922223
  0.0261215   0.0157796 -0.00922223    0.272085
IMAGINARY
          0   0.0020939  0.00929625   0.0193181
 -0.0020939           0   0.0219824  -0.0216772
-0.00929625  -0.0219824           0   0.0293347
 -0.0193181   0.0216772  -0.0293347           0
Repeater10[0]<--->HoM5[0]
REAL
    0.30212   0.0054218   0.0127558   0.0261215
  0.0054218    0.227915  -0.0243547 -0.00922223
  0.0127558  -0.0243547     0.19788   0.0157796
  0.0261215 -0.00922223   0.0157796    0.272085
IMAGINARY
          0  0.00929625   0.0020939   0.0193181
-0.00929625           0  -0.0219824   0.0293347
 -0.0020939   0.0219824           0  -0.0216772
 -0.0193181  -0.0293347   0.0216772           0
Repeater10[0]<--->Repeater11[0]
REAL
   0.434164 -0.00474221 -0.00232775    0.384621
-0.00474221   0.0569395 -0.00469233  0.00232775
-0.00232775 -0.00469233   0.0658363   0.0029501
   0.384621  0.00232775   0.0029501     0.44306
IMAGINARY
           0    0.0051312   0.00738745  6.87144e-05
  -0.0051312            0   -0.0135367    0.0250553
 -0.00738745    0.0135367            0  0.000593993
-6.87144e-05   -0.0250553 -0.000593993            0
Repeater11[0]<--->Repeater10[0]
REAL
   0.434164 -0.00232775 -0.00474221    0.384621
-0.00232775   0.0658363 -0.00469233   0.0029501
-0.00474221 -0.00469233   0.0569395  0.00232775
   0.384621   0.0029501  0.00232775     0.44306
IMAGINARY
           0   0.00738745    0.0051312  6.87144e-05
 -0.00738745            0    0.0135367  0.000593993
  -0.0051312   -0.0135367            0    0.0250553
-6.87144e-05 -0.000593993   -0.0250553            0
Repeater11[0]<--->HoM6[0]
REAL
   0.440741 -0.00578887  0.00359291    0.389269
-0.00578887   0.0537037 -0.00290514 -0.00927473
 0.00359291 -0.00290514   0.0611111  -0.0188323
   0.389269 -0.00927473  -0.0188323    0.444444
IMAGINARY
          0   0.0139907   0.0210807   0.0150488
 -0.0139907           0 -0.00624595 -0.00281985
 -0.0210807  0.00624595           0   -0.025295
 -0.0150488  0.00281985    0.025295           0
EndNode1[0]<--->Repeater1[0]
REAL
    0.403555 -0.000946026   0.00189926     0.291363
-0.000946026     0.101192 -0.000137039   0.00258728
  0.00189926 -0.000137039     0.103211    0.0104176
    0.291363   0.00258728    0.0104176     0.392042
IMAGINARY
           0  0.000426532   -0.0034249   0.00365042
-0.000426532            0  -0.00639377   0.00761484
   0.0034249   0.00639377            0  -0.00401791
 -0.00365042  -0.00761484   0.00401791            0
EndNode2[0]<--->HoM6[0]
REAL
   0.434946 -0.00503313 -0.00388161    0.390734
-0.00503313   0.0565252 0.000544315  0.00268686
-0.00388161 0.000544315   0.0539468  0.00264364
   0.390734  0.00268686  0.00264364    0.454582
IMAGINARY
           0   0.00350158   -0.0010144  -0.00341756
 -0.00350158            0    0.0067169 -0.000196741
   0.0010144   -0.0067169            0    0.0073987
  0.00341756  0.000196741   -0.0073987            0
Repeater1[0]<--->EndNode1[0]
REAL
    0.403555   0.00189926 -0.000946026     0.291363
  0.00189926     0.103211 -0.000137039    0.0104176
-0.000946026 -0.000137039     0.101192   0.00258728
    0.291363    0.0104176   0.00258728     0.392042
IMAGINARY
           0   -0.0034249  0.000426532   0.00365042
   0.0034249            0   0.00639377  -0.00401791
-0.000426532  -0.00639377            0   0.00761484
 -0.00365042   0.00401791  -0.00761484            0
Repeater1[0]<--->HoM1[0]
REAL
    0.409126  0.000621653   -0.0114826     0.291483
 0.000621653    0.0935922   -0.0033117 -8.45331e-05
  -0.0114826   -0.0033117     0.102524   -0.0015269
    0.291483 -8.45331e-05   -0.0015269     0.394757
IMAGINARY
           0 -7.53465e-05  -0.00525815  -0.00260552
 7.53465e-05            0  -0.00142349   0.00275565
  0.00525815   0.00142349            0   0.00317845
  0.00260552  -0.00275565  -0.00317845            0
Repeater2[0]<--->HoM1[0]
REAL
    0.409126   -0.0114826  0.000621653     0.291483
  -0.0114826     0.102524   -0.0033117   -0.0015269
 0.000621653   -0.0033117    0.0935922 -8.45331e-05
    0.291483   -0.0015269 -8.45331e-05     0.394757
IMAGINARY
           0  -0.00525815 -7.53465e-05  -0.00260552
  0.00525815            0   0.00142349   0.00317845
 7.53465e-05  -0.00142349            0   0.00275565
  0.00260552  -0.00317845  -0.00275565            0
Repeater2[0]<--->Repeater3[0]
REAL
   0.325657  0.00211156 -0.00180823    0.167731
 0.00211156    0.166465  0.00200442  0.00701239
-0.00180823  0.00200442    0.169293   0.0118997
   0.167731  0.00701239   0.0118997    0.338586
IMAGINARY
           0   0.00167643   0.00339721 -0.000523274
 -0.00167643            0   0.00399894 -0.000779405
 -0.00339721  -0.00399894            0   -0.0038915
 0.000523274  0.000779405    0.0038915            0
Repeater3[0]<--->Repeater2[0]
REAL
   0.325657 -0.00180823  0.00211156    0.167731
-0.00180823    0.169293  0.00200442   0.0118997
 0.00211156  0.00200442    0.166465  0.00701239
   0.167731   0.0118997  0.00701239    0.338586
IMAGINARY
           0   0.00339721   0.00167643 -0.000523274
 -0.00339721            0  -0.00399894   -0.0038915
 -0.00167643   0.00399894            0 -0.000779405
 0.000523274    0.0038915  0.000779405            0
Repeater3[0]<--->HoM2[0]
REAL
   0.346521 -0.00532733  -0.0174063    0.176705
-0.00532733    0.160682 -0.00144209  0.00143721
 -0.0174063 -0.00144209    0.158856 -0.00369866
   0.176705  0.00143721 -0.00369866    0.333942
IMAGINARY
          0  0.00273605   0.0018992  0.00193766
-0.00273605           0 -0.00679202 -0.00240272
 -0.0018992  0.00679202           0 -0.00867764
-0.00193766  0.00240272  0.00867764           0
Repeater4[0]<--->HoM2[0]
REAL
   0.346521  -0.0174063 -0.00532733    0.176705
 -0.0174063    0.158856 -0.00144209 -0.00369866
-0.00532733 -0.00144209    0.160682  0.00143721
   0.176705 -0.00369866  0.00143721    0.333942
IMAGINARY
          0   0.0018992  0.00273605  0.00193766
 -0.0018992           0  0.00679202 -0.00867764
-0.00273605 -0.00679202           0 -0.00240272
-0.00193766  0.00867764  0.00240272           0
Repeater4[0]<--->Repeater5[0]
REAL
   0.298871  0.00368193 1.19369e-05    0.103012
 0.00368193    0.199315 -0.00612079 -0.00647136
1.19369e-05 -0.00612079    0.195687  -0.0107469
   0.103012 -0.00647136  -0.0107469    0.306127
IMAGINARY
           0  0.000294238   0.00282191   -0.0102999
-0.000294238            0   0.00190998   0.00351484
 -0.00282191  -0.00190998            0  -0.00119949
   0.0102999  -0.00351484   0.00119949            0
Repeater5[0]<--->Repeater4[0]
REAL
   0.298871 1.19369e-05  0.00368193    0.103012
1.19369e-05    0.195687 -0.00612079  -0.0107469
 0.00368193 -0.00612079    0.199315 -0.00647136
   0.103012  -0.0107469 -0.00647136    0.306127
IMAGINARY
           0   0.00282191  0.000294238   -0.0102999
 -0.00282191            0  -0.00190998  -0.00119949
-0.000294238   0.00190998            0   0.00351484
   0.0102999   0.00119949  -0.00351484            0
Repeater5[0]<--->HoM3[0]
REAL
   0.297412  0.00417372  0.00465883   0.0978296
 0.00417372    0.212899 0.000893963 -0.00685268
 0.00465883 0.000893963     0.18985   0.0059978
  0.0978296 -0.00685268   0.0059978    0.299838
IMAGINARY
           0 -0.000841077   0.00407949   0.00406268
 0.000841077            0 -0.000780404    0.0033771
 -0.00407949  0.000780404            0  0.000943222
 -0.00406268   -0.0033771 -0.000943222            0
Repeater6[0]<--->HoM3[0]
REAL
   0.297412  0.00465883  0.00417372   0.0978296
 0.00465883     0.18985 0.000893963   0.0059978
 0.00417372 0.000893963    0.212899 -0.00685268
  0.0978296   0.0059978 -0.00685268    0.299838
IMAGINARY
           0   0.00407949 -0.000841077   0.00406268
 -0.00407949            0  0.000780404  0.000943222
 0.000841077 -0.000780404            0    0.0033771
 -0.00406268 -0.000943222   -0.0033771            0
Repeater6[0]<--->Repeater7[0]
REAL
   0.276398  0.00694062  0.00398823   0.0632706
 0.00694062    0.223991  0.00887064 -0.00348933
 0.00398823  0.00887064    0.220497 -0.00484523
  0.0632706 -0.00348933 -0.00484523    0.279115
IMAGINARY
           0   0.00800449  0.000928819   0.00990504
 -0.00800449            0    0.0147147  -0.00732882
-0.000928819   -0.0147147            0   0.00479551
 -0.00990504   0.00732882  -0.00479551            0
Repeater7[0]<--->Repeater6[0]
REAL
   0.276398  0.00398823  0.00694062   0.0632706
 0.00398823    0.220497  0.00887064 -0.00484523
 0.00694062  0.00887064    0.223991 -0.00348933
  0.0632706 -0.00484523 -0.00348933    0.279115
IMAGINARY
           0  0.000928819   0.00800449   0.00990504
-0.000928819            0   -0.0147147   0.00479551
 -0.00800449    0.0147147            0  -0.00732882
 -0.00990504  -0.00479551   0.00732882            0
Repeater7[0]<--->HoM4[0]
REAL
    0.29002 0.000196381 -0.00642502   0.0523244
0.000196381    0.216243   0.0088505  0.00788389
-0.00642502   0.0088505    0.224462 9.53912e-05
  0.0523244  0.00788389 9.53912e-05    0.269276
IMAGINARY
          0  0.00421862   0.0043867 -0.00409248
-0.00421862           0   0.0100341 -0.00670665
 -0.0043867  -0.0100341           0 -0.00452122
 0.00409248  0.00670665  0.00452122           0
Repeater8[0]<--->HoM4[0]
REAL
    0.29002 -0.00642502 0.000196381   0.0523244
-0.00642502    0.224462   0.0088505 9.53912e-05
0.000196381   0.0088505    0.216243  0.00788389
  0.0523244 9.53912e-05  0.00788389    0.269276
IMAGINARY
          0   0.0043867  0.00421862 -0.00409248
 -0.0043867           0  -0.0100341 -0.00452122
-0.00421862   0.0100341           0 -0.00670665
 0.00409248  0.00452122  0.00670665           0
Repeater8[0]<--->Repeater9[0]
REAL
   0.265793 -0.00451457 -0.00241662   0.0337636
-0.00451457    0.238803 -0.00201436 -0.00454774
-0.00241662 -0.00201436    0.230198 -0.00531746
  0.0337636 -0.00454774 -0.00531746    0.265206
IMAGINARY
           0  -0.00600916   0.00586369  -0.00960229
  0.00600916            0   0.00184655 -1.63172e-05
 -0.00586369  -0.00184655            0  -0.00261324
  0.00960229  1.63172e-05   0.00261324            0
Repeater9[0]<--->Repeater8[0]
REAL
   0.265793 -0.00241662 -0.00451457   0.0337636
-0.00241662    0.230198 -0.00201436 -0.00531746
-0.00451457 -0.00201436    0.238803 -0.00454774
  0.0337636 -0.00531746 -0.00454774    0.265206
IMAGINARY
           0   0.00586369  -0.00600916  -0.00960229
 -0.00586369            0  -0.00184655  -0.00261324
  0.00600916   0.00184655            0 -1.63172e-05
  0.00960229   0.00261324  1.63172e-05            0
Repeater9[0]<--->HoM5[0]
REAL
   0.260455  0.00219624  0.00857764   0.0349068
 0.00219624    0.231083 -0.00340438  0.00596194
 0.00857764 -0.00340438    0.241393 -0.00542726
  0.0349068  0.00596194 -0.00542726    0.267069
IMAGINARY
           0  -0.00184521  -0.00437455  -0.00363441
  0.00184521            0   0.00060288 -0.000903014
  0.00437455  -0.00060288            0   -0.0120328
  0.00363441  0.000903014    0.0120328            0
Repeater10[0]<--->HoM5[0]
REAL
   0.260455  0.00857764  0.00219624   0.0349068
 0.00857764    0.241393 -0.00340438 -0.00542726
 0.00219624 -0.00340438    0.231083  0.00596194
  0.0349068 -0.00542726  0.00596194    0.267069
IMAGINARY
           0  -0.00437455  -0.00184521  -0.00363441
  0.00437455            0  -0.00060288   -0.0120328
  0.00184521   0.00060288            0 -0.000903014
  0.00363441    0.0120328  0.000903014            0
Repeater10[0]<--->Repeater11[0]
REAL
   0.445822 -0.00710823  0.00309824    0.384862
-0.00710823   0.0543782 -0.00604347  0.00388133
 0.00309824 -0.00604347   0.0539784  0.00700708
   0.384862  0.00388133  0.00700708    0.445822
IMAGINARY
           0    0.0122127  -0.00897135   0.00368957
  -0.0122127            0  -0.00246157 -0.000202959
  0.00897135   0.00246157            0 -4.67182e-05
 -0.00368957  0.000202959  4.67182e-05            0
Repeater11[0]<--->Repeater10[0]
REAL
   0.445822  0.00309824 -0.00710823    0.384862
 0.00309824   0.0539784 -0.00604347  0.00700708
-0.00710823 -0.00604347   0.0543782  0.00388133
   0.384862  0.00700708  0.00388133    0.445822
IMAGINARY
           0  -0.00897135    0.0122127   0.00368957
  0.00897135            0   0.00246157 -4.67182e-05
  -0.0122127  -0.00246157            0 -0.000202959
 -0.00368957  4.67182e-05  0.000202959            0
Repeater11[0]<--->HoM6[0]
REAL
   0.434946 -0.00388161 -0.00503313    0.390734
-0.00388161   0.0539468 0.000544315  0.00264364
-0.00503313 0.000544315   0.0565252  0.00268686
   0.390734  0.00264364  0.00268686    0.454582
IMAGINARY
           0   -0.0010144   0.00350158  -0.00341756
   0.0010144            0   -0.0067169    0.0073987
 -0.00350158    0.0067169            0 -0.000196741
  0.00341756   -0.0073987  0.000196741            0
EndNode1[0]<--->Repeater1[0]
REAL
   0.401562 -0.00922488 -0.00832264     0.29889
-0.00922488   0.0979371 -0.00231399  -0.0102261
-0.00832264 -0.00231399   0.0977368 -0.00932383
    0.29889  -0.0102261 -0.00932383    0.402764
IMAGINARY
           0 -9.84528e-05 -0.000901868  -0.00298124
 9.84528e-05            0  -0.00457043 -0.000602646
 0.000901868   0.00457043            0   0.00220477
  0.00298124  0.000602646  -0.00220477            0
EndNode2[0]<--->HoM6[0]
REAL
    0.441112   0.00191128  0.000535372     0.382492
  0.00191128    0.0591857   0.00356618  -0.00379668
 0.000535372   0.00356618     0.052433 -7.67916e-05
    0.382492  -0.00379668 -7.67916e-05     0.447269
IMAGINARY
          0   -0.002507  0.00479444  0.00720943
   0.002507           0 -0.00569764 -0.00212803
-0.00479444  0.00569764           0  -0.0035171
-0.00720943  0.00212803   0.0035171           0
Repeater1[0]<--->EndNode1[0]
REAL
   0.401562 -0.00832264 -0.00922488     0.29889
-0.00832264   0.0977368 -0.00231399 -0.00932383
-0.00922488 -0.00231399   0.0979371  -0.0102261
    0.29889 -0.00932383  -0.0102261    0.402764
IMAGINARY
           0 -0.000901868 -9.84528e-05  -0.00298124
 0.000901868            0   0.00457043   0.00220477
 9.84528e-05  -0.00457043            0 -0.000602646
  0.00298124  -0.00220477  0.000602646            0
Repeater1[0]<--->HoM1[0]
REAL
   0.397788  1.3753e-05 -0.00409913    0.297541
 1.3753e-05    0.104879  0.00101881 -0.00360241
-0.00409913  0.00101881   0.0991507 -0.00151405
   0.297541 -0.00360241 -0.00151405    0.398183
IMAGINARY
           0  -0.00685369   0.00440189   0.00254005
  0.00685369            0   0.00184242   0.00629169
 -0.00440189  -0.00184242            0  0.000957226
 -0.00254005  -0.00629169 -0.000957226            0
Repeater2[0]<--->HoM1[0]
REAL
   0.397788 -0.00409913  1.3753e-05    0.297541
-0.00409913   0.0991507  0.00101881 -0.00151405
 1.3753e-05  0.00101881    0.104879 -0.00360241
   0.297541 -0.00151405 -0.00360241    0.398183
IMAGINARY
           0   0.00440189  -0.00685369   0.00254005
 -0.00440189            0  -0.00184242  0.000957226
  0.00685369   0.00184242            0   0.00629169
 -0.00254005 -0.000957226  -0.00629169            0
Repeater2[0]<--->Repeater3[0]
REAL
    0.34224  0.00714718   0.0024457     0.18154
 0.00714718    0.159136 -0.00223449  0.00603564
  0.0024457 -0.00223449    0.159136  0.00273109
    0.18154  0.00603564  0.00273109    0.339489
IMAGINARY
           0  -0.00216505   0.00210414    0.0011638
  0.00216505            0   0.00106202   0.00729169
 -0.00210414  -0.00106202            0  0.000649589
  -0.0011638  -0.00729169 -0.000649589            0
Repeater3[0]<--->Repeater2[0]
REAL
    0.34224   0.0024457  0.00714718     0.18154
  0.0024457    0.159136 -0.00223449  0.00273109
 0.00714718 -0.00223449    0.159136  0.00603564
    0.18154  0.00273109  0.00603564    0.339489
IMAGINARY
           0   0.00210414  -0.00216505    0.0011638
 -0.00210414            0  -0.00106202  0.000649589
  0.00216505   0.00106202            0   0.00729169
  -0.0011638 -0.000649589  -0.00729169            0
Repeater3[0]<--->HoM2[0]
REAL
   0.330395 -0.00630408 -0.00481655    0.170852
-0.00630408    0.160689 0.000124985 0.000141797
-0.00481655 0.000124985    0.160689 -0.00354274
   0.170852 0.000141797 -0.00354274    0.348227
IMAGINARY
           0  0.000598601 -0.000257072   0.00156037
-0.000598601            0    0.0104091  -0.00217898
 0.000257072   -0.0104091            0   0.00589754
 -0.00156037   0.00217898  -0.00589754            0
Repeater4[0]<--->HoM2[0]
REAL
   0.330395 -0.00481655 -0.00630408    0.170852
-0.00481655    0.160689 0.000124985 -0.00354274
-0.00630408 0.000124985    0.160689 0.000141797
   0.170852 -0.00354274 0.000141797    0.348227
IMAGINARY
           0 -0.000257072  0.000598601   0.00156037
 0.000257072            0   -0.0104091   0.00589754
-0.000598601    0.0104091            0  -0.00217898
 -0.00156037  -0.00589754   0.00217898            0
Repeater4[0]<--->Repeater5[0]
REAL
   0.309394 -0.00182785  0.00340823   0.0970528
-0.00182785    0.200764 -0.00105036  0.00638381
 0.00340823 -0.00105036    0.190505   0.0017269
  0.0970528  0.00638381   0.0017269    0.299336
IMAGINARY
           0  0.000391982  -0.00206719   0.00474318
-0.000391982            0   -0.0103063  -0.00297134
  0.00206719    0.0103063            0  -0.00365221
 -0.00474318   0.00297134   0.00365221            0
Repeater5[0]<--->Repeater4[0]
REAL
   0.309394  0.00340823 -0.00182785   0.0970528
 0.00340823    0.190505 -0.00105036   0.0017269
-0.00182785 -0.00105036    0.200764  0.00638381
  0.0970528   0.0017269  0.00638381    0.299336
IMAGINARY
           0  -0.00206719  0.000391982   0.00474318
  0.00206719            0    0.0103063  -0.00365221
-0.000391982   -0.0103063            0  -0.00297134
 -0.00474318   0.00365221   0.00297134            0
Repeater5[0]<--->HoM3[0]
REAL
    0.295275 -0.000418741  0.000765286     0.106186
-0.000418741     0.191442  0.000891515   0.00216697
 0.000765286  0.000891515     0.206449   -0.0150514
    0.106186   0.00216697   -0.0150514     0.306834
IMAGINARY
           0  -0.00833823  -0.00545005   0.00488445
  0.00833823            0    0.0082682   0.00625229
  0.00545005   -0.0082682            0  0.000716889
 -0.00488445  -0.00625229 -0.000716889            0
Repeater6[0]<--->HoM3[0]
REAL
    0.295275  0.000765286 -0.000418741     0.106186
 0.000765286     0.206449  0.000891515   -0.0150514
-0.000418741  0.000891515     0.191442   0.00216697
    0.106186   -0.0150514   0.00216697     0.306834
IMAGINARY
           0  -0.00545005  -0.00833823   0.00488445
  0.00545005            0   -0.0082682  0.000716889
  0.00833823    0.0082682            0   0.00625229
 -0.00488445 -0.000716889  -0.00625229            0
Repeater6[0]<--->Repeater7[0]
REAL
   0.275909 -0.00493741  -0.0091148   0.0698019
-0.00493741    0.219789 -0.00269258 -0.00671768
 -0.0091148 -0.00269258    0.219593 -0.00292776
  0.0698019 -0.00671768 -0.00292776    0.284709
IMAGINARY
           0  -0.00893495   0.00176165  0.000850791
  0.00893495            0  0.000650711   0.00297721
 -0.00176165 -0.000650711            0   -0.0127428
-0.000850791  -0.00297721    0.0127428            0
Repeater7[0]<--->Repeater6[0]
REAL
   0.275909  -0.0091148 -0.00493741   0.0698019
 -0.0091148    0.219593 -0.00269258 -0.00292776
-0.00493741 -0.00269258    0.219789 -0.00671768
  0.0698019 -0.00292776 -0.00671768    0.284709
IMAGINARY
           0   0.00176165  -0.00893495  0.000850791
 -0.00176165            0 -0.000650711   -0.0127428
  0.00893495  0.000650711            0   0.00297721
-0.000850791    0.0127428  -0.00297721            0
Repeater7[0]<--->HoM4[0]
REAL
   0.268312 -0.00182474 -0.00983524   0.0587066
-0.00182474    0.228376  0.00302055 -0.00526713
-0.00983524  0.00302055    0.213325 -0.00111465
  0.0587066 -0.00526713 -0.00111465    0.289986
IMAGINARY
           0   0.00534128 -1.91457e-05  -0.00201749
 -0.00534128            0  -0.00805097   0.00696767
 1.91457e-05   0.00805097            0  -0.00367755
  0.00201749  -0.00696767   0.00367755            0
Repeater8[0]<--->HoM4[0]
REAL
   0.268312 -0.00983524 -0.00182474   0.0587066
-0.00983524    0.213325  0.00302055 -0.00111465
-0.00182474  0.00302055    0.228376 -0.00526713
  0.0587066 -0.00111465 -0.00526713    0.289986
IMAGINARY
           0 -1.91457e-05   0.00534128  -0.00201749
 1.91457e-05            0   0.00805097  -0.00367755
 -0.00534128  -0.00805097            0   0.00696767
  0.00201749   0.00367755  -0.00696767            0
Repeater8[0]<--->Repeater9[0]
REAL
   0.269939 -0.00683933   0.0054138   0.0290308
-0.00683933    0.224949  0.00985024 -0.00652469
  0.0054138  0.00985024    0.229039  0.00189083
  0.0290308 -0.00652469  0.00189083    0.276074
IMAGINARY
          0 -0.00117778  -0.0061888 -0.00172402
 0.00117778           0 -0.00451731 -0.00214621
  0.0061888  0.00451731           0 -0.00374289
 0.00172402  0.00214621  0.00374289           0
Repeater9[0]<--->Repeater8[0]
REAL
   0.269939   0.0054138 -0.00683933   0.0290308
  0.0054138    0.229039  0.00985024  0.00189083
-0.00683933  0.00985024    0.224949 -0.00652469
  0.0290308  0.00189083 -0.00652469    0.276074
IMAGINARY
          0  -0.0061888 -0.00117778 -0.00172402
  0.0061888           0  0.00451731 -0.00374289
 0.00117778 -0.00451731           0 -0.00214621
 0.00172402  0.00374289  0.00214621           0
Repeater9[0]<--->HoM5[0]
REAL
   0.270249 -0.00235448 -0.00140751   0.0317248
-0.00235448    0.228749  0.00281562   0.0046549
-0.00140751  0.00281562    0.244587 -0.00325466
  0.0317248   0.0046549 -0.00325466    0.256415
IMAGINARY
           0  -0.00528966  0.000295571  -0.00646302
  0.00528966            0   0.00379799  -0.00218311
-0.000295571  -0.00379799            0   0.00181261
  0.00646302   0.00218311  -0.00181261            0
Repeater10[0]<--->HoM5[0]
REAL
   0.270249 -0.00140751 -0.00235448   0.0317248
-0.00140751    0.244587  0.00281562 -0.00325466
-0.00235448  0.00281562    0.228749   0.0046549
  0.0317248 -0.00325466   0.0046549    0.256415
IMAGINARY
           0  0.000295571  -0.00528966  -0.00646302
-0.000295571            0  -0.00379799   0.00181261
  0.00528966   0.00379799            0  -0.00218311
  0.00646302  -0.00181261   0.00218311            0
Repeater10[0]<--->Repeater11[0]
REAL
   0.450298 -0.00320409  0.00444384    0.387655
-0.00320409   0.0590457  0.00419977  0.00484837
 0.00444384  0.00419977   0.0512922  0.00913529
   0.387655  0.00484837  0.00913529    0.439364
IMAGINARY
           0 -0.000143648  -0.00269056  -0.00266972
 0.000143648            0   0.00137927   0.00081716
  0.00269056  -0.00137927            0   0.00260865
  0.00266972  -0.00081716  -0.00260865            0
Repeater11[0]<--->Repeater10[0]
REAL
   0.450298  0.00444384 -0.00320409    0.387655
 0.00444384   0.0512922  0.00419977  0.00913529
-0.00320409  0.00419977   0.0590457  0.00484837
   0.387655  0.00913529  0.00484837    0.439364
IMAGINARY
           0  -0.00269056 -0.000143648  -0.00266972
  0.00269056            0  -0.00137927   0.00260865
 0.000143648   0.00137927            0   0.00081716
  0.00266972  -0.00260865  -0.00081716            0
Repeater11[0]<--->HoM6[0]
REAL
    0.441112  0.000535372   0.00191128     0.382492
 0.000535372     0.052433   0.00356618 -7.67916e-05
  0.00191128   0.00356618    0.0591857  -0.00379668
    0.382492 -7.67916e-05  -0.00379668     0.447269
IMAGINARY
          0  0.00479444   -0.002507  0.00720943
-0.00479444           0  0.00569764  -0.0035171
   0.002507 -0.00569764           0 -0.00212803
-0.00720943   0.0035171  0.00212803           0
EndNode1[0]<--->Repeater1[0]
REAL
   0.398575  -0.0123625 -0.00909715    0.302498
 -0.0123625    0.100534  0.00665318 -0.00869715
-0.00909715  0.00665318    0.103701 -0.00112991
   0.302498 -0.00869715 -0.00112991     0.39719
IMAGINARY
          0 -0.00362228  0.00264697 -0.00908093
 0.00362228           0  0.00999538  0.00114847
-0.00264697 -0.00999538           0  0.00661868
 0.00908093 -0.00114847 -0.00661868           0
EndNode2[0]<--->HoM6[0]
REAL
   0.448019 -0.00473007  0.00685241    0.381915
-0.00473007   0.0510758 -0.00646202 -0.00121861
 0.00685241 -0.00646202   0.0589182  0.00171196
   0.381915 -0.00121861  0.00171196    0.441987
IMAGINARY
           0 -0.000465459  -0.00581162   0.00857175
 0.000465459            0  0.000843318   1.9082e-17
  0.00581162 -0.000843318            0   0.00808069
 -0.00857175  -1.9082e-17  -0.00808069            0
Repeater1[0]<--->EndNode1[0]
REAL
   0.398575 -0.00909715  -0.0123625    0.302498
-0.00909715    0.103701  0.00665318 -0.00112991
 -0.0123625  0.00665318    0.100534 -0.00869715
   0.302498 -0.00112991 -0.00869715     0.39719
IMAGINARY
          0  0.00264697 -0.00362228 -0.00908093
-0.00264697           0 -0.00999538  0.00661868
 0.00362228  0.00999538           0  0.00114847
 0.00908093 -0.00661868 -0.00114847           0
Repeater1[0]<--->HoM1[0]
REAL
    0.396212    -0.014809  -0.00519001     0.297148
   -0.014809    0.0986582  -0.00441669  -0.00579242
 -0.00519001  -0.00441669     0.101026 -0.000167085
    0.297148  -0.00579242 -0.000167085     0.404104
IMAGINARY
          0  -0.0139254  0.00471215  0.00593789
  0.0139254           0   0.0102233  0.00511931
-0.00471215  -0.0102233           0  0.00228813
-0.00593789 -0.00511931 -0.00228813           0
Repeater2[0]<--->HoM1[0]
REAL
    0.396212  -0.00519001    -0.014809     0.297148
 -0.00519001     0.101026  -0.00441669 -0.000167085
   -0.014809  -0.00441669    0.0986582  -0.00579242
    0.297148 -0.000167085  -0.00579242     0.404104
IMAGINARY
          0  0.00471215  -0.0139254  0.00593789
-0.00471215           0  -0.0102233  0.00228813
  0.0139254   0.0102233           0  0.00511931
-0.00593789 -0.00228813 -0.00511931           0
Repeater2[0]<--->Repeater3[0]
REAL
   0.328128 -0.00456832  -0.0134133    0.177557
-0.00456832    0.167029   0.0102282 -0.00118451
 -0.0134133   0.0102282    0.163076  -0.0040712
   0.177557 -0.00118451  -0.0040712    0.341767
IMAGINARY
          0 -0.00489257 -0.00913114 -0.00500815
 0.00489257           0 -0.00560863 -0.00338873
 0.00913114  0.00560863           0 -0.00166546
 0.00500815  0.00338873  0.00166546           0
Repeater3[0]<--->Repeater2[0]
REAL
   0.328128  -0.0134133 -0.00456832    0.177557
 -0.0134133    0.163076   0.0102282  -0.0040712
-0.00456832   0.0102282    0.167029 -0.00118451
   0.177557  -0.0040712 -0.00118451    0.341767
IMAGINARY
          0 -0.00913114 -0.00489257 -0.00500815
 0.00913114           0  0.00560863 -0.00166546
 0.00489257 -0.00560863           0 -0.00338873
 0.00500815  0.00166546  0.00338873           0
Repeater3[0]<--->HoM2[0]
REAL
   0.338146 1.92191e-05 -0.00942174    0.174889
1.92191e-05    0.162058  0.00196172 -0.00236829
-0.00942174  0.00196172    0.158194 0.000903479
   0.174889 -0.00236829 0.000903479    0.341602
IMAGINARY
           0   -0.0019443   0.00465627  -0.00373169
   0.0019443            0 -0.000565189  -0.00755338
 -0.00465627  0.000565189            0 -0.000153607
  0.00373169   0.00755338  0.000153607            0
Repeater4[0]<--->HoM2[0]
REAL
   0.338146 -0.00942174 1.92191e-05    0.174889
-0.00942174    0.158194  0.00196172 0.000903479
1.92191e-05  0.00196172    0.162058 -0.00236829
   0.174889 0.000903479 -0.00236829    0.341602
IMAGINARY
           0   0.00465627   -0.0019443  -0.00373169
 -0.00465627            0  0.000565189 -0.000153607
   0.0019443 -0.000565189            0  -0.00755338
  0.00373169  0.000153607   0.00755338            0
Repeater4[0]<--->Repeater5[0]
REAL
    0.301656  -0.00479967  -0.00969564       0.1042
 -0.00479967     0.192547 -0.000106861   0.00123441
 -0.00969564 -0.000106861     0.206418  -0.00130029
      0.1042   0.00123441  -0.00130029     0.299379
IMAGINARY
           0  -0.00153616   0.00523065  -0.00130487
  0.00153616            0   0.00242208   0.00148607
 -0.00523065  -0.00242208            0  0.000943508
  0.00130487  -0.00148607 -0.000943508            0
Repeater5[0]<--->Repeater4[0]
REAL
    0.301656  -0.00969564  -0.00479967       0.1042
 -0.00969564     0.206418 -0.000106861  -0.00130029
 -0.00479967 -0.000106861     0.192547   0.00123441
      0.1042  -0.00130029   0.00123441     0.299379
IMAGINARY
           0   0.00523065  -0.00153616  -0.00130487
 -0.00523065            0  -0.00242208  0.000943508
  0.00153616   0.00242208            0   0.00148607
  0.00130487 -0.000943508  -0.00148607            0
Repeater5[0]<--->HoM3[0]
REAL
   0.296866 -0.00107495 -0.00128717    0.106175
-0.00107495    0.201618 -0.00665074 -0.00237692
-0.00128717 -0.00665074     0.20182 -0.00298526
   0.106175 -0.00237692 -0.00298526    0.299697
IMAGINARY
           0 -0.000995284  -0.00012604   -0.0033704
 0.000995284            0  -0.00254735   -0.0045543
  0.00012604   0.00254735            0 -0.000697606
   0.0033704    0.0045543  0.000697606            0
Repeater6[0]<--->HoM3[0]
REAL
   0.296866 -0.00128717 -0.00107495    0.106175
-0.00128717     0.20182 -0.00665074 -0.00298526
-0.00107495 -0.00665074    0.201618 -0.00237692
   0.106175 -0.00298526 -0.00237692    0.299697
IMAGINARY
           0  -0.00012604 -0.000995284   -0.0033704
  0.00012604            0   0.00254735 -0.000697606
 0.000995284  -0.00254735            0   -0.0045543
   0.0033704  0.000697606    0.0045543            0
Repeater6[0]<--->Repeater7[0]
REAL
    0.289679  -0.00266922   0.00402526    0.0513943
 -0.00266922     0.222599 -0.000515018  -0.00116022
  0.00402526 -0.000515018     0.210421  -0.00335725
   0.0513943  -0.00116022  -0.00335725     0.277301
IMAGINARY
           0  -0.00215062  -0.00866646  -0.00460984
  0.00215062            0   0.00410934 -0.000681198
  0.00866646  -0.00410934            0   0.00970829
  0.00460984  0.000681198  -0.00970829            0
Repeater7[0]<--->Repeater6[0]
REAL
    0.289679   0.00402526  -0.00266922    0.0513943
  0.00402526     0.210421 -0.000515018  -0.00335725
 -0.00266922 -0.000515018     0.222599  -0.00116022
   0.0513943  -0.00335725  -0.00116022     0.277301
IMAGINARY
           0  -0.00866646  -0.00215062  -0.00460984
  0.00866646            0  -0.00410934   0.00970829
  0.00215062   0.00410934            0 -0.000681198
  0.00460984  -0.00970829  0.000681198            0
Repeater7[0]<--->HoM4[0]
REAL
    0.263467    0.0034672   0.00408114    0.0619454
   0.0034672     0.223572  -0.00554544 -0.000881143
  0.00408114  -0.00554544     0.218712   -0.0074672
   0.0619454 -0.000881143   -0.0074672     0.294249
IMAGINARY
          0  0.00562015 -0.00163952  0.00870081
-0.00562015           0 -0.00628827 -0.00342736
 0.00163952  0.00628827           0  0.00512164
-0.00870081  0.00342736 -0.00512164           0
Repeater8[0]<--->HoM4[0]
REAL
    0.263467   0.00408114    0.0034672    0.0619454
  0.00408114     0.218712  -0.00554544   -0.0074672
   0.0034672  -0.00554544     0.223572 -0.000881143
   0.0619454   -0.0074672 -0.000881143     0.294249
IMAGINARY
          0 -0.00163952  0.00562015  0.00870081
 0.00163952           0  0.00628827  0.00512164
-0.00562015 -0.00628827           0 -0.00342736
-0.00870081 -0.00512164  0.00342736           0
Repeater8[0]<--->Repeater9[0]
REAL
   0.267659 -0.00712432   0.0027759   0.0468014
-0.00712432    0.231349 -0.00410878 0.000202658
  0.0027759 -0.00410878    0.227778  0.00474148
  0.0468014 0.000202658  0.00474148    0.273214
IMAGINARY
           0 -0.000895306  0.000613016 -9.99791e-05
 0.000895306            0   0.00258445   0.00168744
-0.000613016  -0.00258445            0   0.00519617
 9.99791e-05  -0.00168744  -0.00519617            0
Repeater9[0]<--->Repeater8[0]
REAL
   0.267659   0.0027759 -0.00712432   0.0468014
  0.0027759    0.227778 -0.00410878  0.00474148
-0.00712432 -0.00410878    0.231349 0.000202658
  0.0468014  0.00474148 0.000202658    0.273214
IMAGINARY
           0  0.000613016 -0.000895306 -9.99791e-05
-0.000613016            0  -0.00258445   0.00519617
 0.000895306   0.00258445            0   0.00168744
 9.99791e-05  -0.00519617  -0.00168744            0
Repeater9[0]<--->HoM5[0]
REAL
