EndNode1[0]<--->Repeater1[0]
REAL
    0.293812   0.00403906  -0.00189646    0.0926576
  0.00403906     0.206387  -0.00106058 -0.000293899
 -0.00189646  -0.00106058     0.195609  -0.00364081
   0.0926576 -0.000293899  -0.00364081     0.304192
IMAGINARY
          0 -0.00204148  0.00464941 -0.00326099
 0.00204148           0  0.00296141 -0.00393556
-0.00464941 -0.00296141           0  0.00989381
 0.00326099  0.00393556 -0.00989381           0
EndNode2[0]<--->HoM6[0]
REAL
    0.353049  -0.00225315 -0.000952789     0.211405
 -0.00225315     0.146849    0.0101343  -0.00217032
-0.000952789    0.0101343      0.14073   0.00275687
    0.211405  -0.00217032   0.00275687     0.359372
IMAGINARY
          0   0.0058626  0.00664905  0.00727854
 -0.0058626           0   -0.012657 -0.00322774
-0.00664905    0.012657           0  0.00166428
-0.00727854  0.00322774 -0.00166428           0
Repeater1[0]<--->EndNode1[0]
REAL
    0.293812  -0.00189646   0.00403906    0.0926576
 -0.00189646     0.195609  -0.00106058  -0.00364081
  0.00403906  -0.00106058     0.206387 -0.000293899
   0.0926576  -0.00364081 -0.000293899     0.304192
IMAGINARY
          0  0.00464941 -0.00204148 -0.00326099
-0.00464941           0 -0.00296141  0.00989381
 0.00204148  0.00296141           0 -0.00393556
 0.00326099 -0.00989381  0.00393556           0
Repeater1[0]<--->HoM1[0]
REAL
    0.305623 -0.000271309    0.0045082    0.0875808
-0.000271309     0.195395   0.00101547   0.00331203
   0.0045082   0.00101547     0.193969  -0.00616306
   0.0875808   0.00331203  -0.00616306     0.305012
IMAGINARY
          0 -0.00820654 -0.00856934 -0.00454062
 0.00820654           0   0.0141879  0.00796958
 0.00856934  -0.0141879           0  -0.0011897
 0.00454062 -0.00796958   0.0011897           0
Repeater2[0]<--->HoM1[0]
REAL
    0.305623    0.0045082 -0.000271309    0.0875808
   0.0045082     0.193969   0.00101547  -0.00616306
-0.000271309   0.00101547     0.195395   0.00331203
   0.0875808  -0.00616306   0.00331203     0.305012
IMAGINARY
          0 -0.00856934 -0.00820654 -0.00454062
 0.00856934           0  -0.0141879  -0.0011897
 0.00820654   0.0141879           0  0.00796958
 0.00454062   0.0011897 -0.00796958           0
Repeater2[0]<--->Repeater3[0]
REAL
   0.259303 -0.00740629  -0.0045291  0.00662637
-0.00740629    0.237612  0.00354179 -0.00153269
 -0.0045291  0.00354179    0.248159  0.00154004
 0.00662637 -0.00153269  0.00154004    0.254925
IMAGINARY
          0  0.00724046  0.00399885  0.00566952
-0.00724046           0 -0.00206664 -0.00807845
-0.00399885  0.00206664           0  0.00460033
-0.00566952  0.00807845 -0.00460033           0
Repeater3[0]<--->Repeater2[0]
REAL
   0.259303  -0.0045291 -0.00740629  0.00662637
 -0.0045291    0.248159  0.00354179  0.00154004
-0.00740629  0.00354179    0.237612 -0.00153269
 0.00662637  0.00154004 -0.00153269    0.254925
IMAGINARY
          0  0.00399885  0.00724046  0.00566952
-0.00399885           0  0.00206664  0.00460033
-0.00724046 -0.00206664           0 -0.00807845
-0.00566952 -0.00460033  0.00807845           0
Repeater3[0]<--->HoM2[0]
REAL
   0.264242  0.00560351 -0.00525455   0.0251643
 0.00560351    0.238586 -0.00187876   0.0047633
-0.00525455 -0.00187876     0.24101 -0.00177172
  0.0251643   0.0047633 -0.00177172    0.256162
IMAGINARY
           0  0.000184404 -0.000751272  -0.00351652
-0.000184404            0   0.00522369  0.000356483
 0.000751272  -0.00522369            0   0.00178954
  0.00351652 -0.000356483  -0.00178954            0
Repeater4[0]<--->HoM2[0]
REAL
   0.264242 -0.00525455  0.00560351   0.0251643
-0.00525455     0.24101 -0.00187876 -0.00177172
 0.00560351 -0.00187876    0.238586   0.0047633
  0.0251643 -0.00177172   0.0047633    0.256162
IMAGINARY
           0 -0.000751272  0.000184404  -0.00351652
 0.000751272            0  -0.00522369   0.00178954
-0.000184404   0.00522369            0  0.000356483
  0.00351652  -0.00178954 -0.000356483            0
Repeater4[0]<--->Repeater5[0]
REAL
   0.249898  0.00210625  0.00273752  0.00439889
 0.00210625    0.247863 -0.00173669  0.00505187
 0.00273752 -0.00173669    0.243793 -0.00575445
 0.00439889  0.00505187 -0.00575445    0.258445
IMAGINARY
          0  0.00501511 -0.00608809 -0.00119238
-0.00501511           0  0.00229437  0.00417701
 0.00608809 -0.00229437           0  0.00232748
 0.00119238 -0.00417701 -0.00232748           0
Repeater5[0]<--->Repeater4[0]
REAL
   0.249898  0.00273752  0.00210625  0.00439889
 0.00273752    0.243793 -0.00173669 -0.00575445
 0.00210625 -0.00173669    0.247863  0.00505187
 0.00439889 -0.00575445  0.00505187    0.258445
IMAGINARY
          0 -0.00608809  0.00501511 -0.00119238
 0.00608809           0 -0.00229437  0.00232748
-0.00501511  0.00229437           0  0.00417701
 0.00119238 -0.00232748 -0.00417701           0
Repeater5[0]<--->HoM3[0]
REAL
    0.245115  0.000135162   0.00373447  -0.00681457
 0.000135162     0.250839 -0.000256546  -0.00260719
  0.00373447 -0.000256546     0.251036   -0.0014674
 -0.00681457  -0.00260719   -0.0014674      0.25301
IMAGINARY
           0 -0.000892005   0.00284288   0.00247532
 0.000892005            0   0.00585638   -0.0022467
 -0.00284288  -0.00585638            0   0.00446911
 -0.00247532    0.0022467  -0.00446911            0
Repeater6[0]<--->HoM3[0]
REAL
    0.245115   0.00373447  0.000135162  -0.00681457
  0.00373447     0.251036 -0.000256546   -0.0014674
 0.000135162 -0.000256546     0.250839  -0.00260719
 -0.00681457   -0.0014674  -0.00260719      0.25301
IMAGINARY
           0   0.00284288 -0.000892005   0.00247532
 -0.00284288            0  -0.00585638   0.00446911
 0.000892005   0.00585638            0   -0.0022467
 -0.00247532  -0.00446911    0.0022467            0
Repeater6[0]<--->Repeater7[0]
REAL
   0.249654 -0.00203679 0.000448118  0.00199852
-0.00203679     0.26269  0.00108851 0.000448118
0.000448118  0.00108851    0.241556  0.00313219
 0.00199852 0.000448118  0.00313219    0.246099
IMAGINARY
           0  0.000754386  -0.00528099 -0.000654233
-0.000754386            0  -0.00326887   -0.0021002
  0.00528099   0.00326887            0 -0.000248825
 0.000654233    0.0021002  0.000248825            0
Repeater7[0]<--->Repeater6[0]
REAL
   0.249654 0.000448118 -0.00203679  0.00199852
0.000448118    0.241556  0.00108851  0.00313219
-0.00203679  0.00108851     0.26269 0.000448118
 0.00199852  0.00313219 0.000448118    0.246099
IMAGINARY
           0  -0.00528099  0.000754386 -0.000654233
  0.00528099            0   0.00326887 -0.000248825
-0.000754386  -0.00326887            0   -0.0021002
 0.000654233  0.000248825    0.0021002            0
Repeater7[0]<--->HoM4[0]
REAL
   0.254167 -0.00778034  0.00887826  0.00749359
-0.00778034    0.252183 0.000462343  -0.0033703
 0.00887826 0.000462343    0.249603  0.00349638
 0.00749359  -0.0033703  0.00349638    0.244048
IMAGINARY
           0  0.000736484   0.00537777  0.000425674
-0.000736484            0   0.00427339   0.00145817
 -0.00537777  -0.00427339            0  -0.00640055
-0.000425674  -0.00145817   0.00640055            0
Repeater8[0]<--->HoM4[0]
REAL
   0.254167  0.00887826 -0.00778034  0.00749359
 0.00887826    0.249603 0.000462343  0.00349638
-0.00778034 0.000462343    0.252183  -0.0033703
 0.00749359  0.00349638  -0.0033703    0.244048
IMAGINARY
           0   0.00537777  0.000736484  0.000425674
 -0.00537777            0  -0.00427339  -0.00640055
-0.000736484   0.00427339            0   0.00145817
-0.000425674   0.00640055  -0.00145817            0
Repeater8[0]<--->Repeater9[0]
REAL
    0.25343 -0.00464342  -0.0022788 -0.00366832
-0.00464342    0.251211 -0.00517768 -0.00536093
 -0.0022788 -0.00517768    0.247982  0.00162774
-0.00366832 -0.00536093  0.00162774    0.247377
IMAGINARY
          0   0.0034418  0.00281959  0.00151407
 -0.0034418           0 -0.00181926  0.00633718
-0.00281959  0.00181926           0  0.00571497
-0.00151407 -0.00633718 -0.00571497           0
Repeater9[0]<--->Repeater8[0]
REAL
    0.25343  -0.0022788 -0.00464342 -0.00366832
 -0.0022788    0.247982 -0.00517768  0.00162774
-0.00464342 -0.00517768    0.251211 -0.00536093
-0.00366832  0.00162774 -0.00536093    0.247377
IMAGINARY
          0  0.00281959   0.0034418  0.00151407
-0.00281959           0  0.00181926  0.00571497
 -0.0034418 -0.00181926           0  0.00633718
-0.00151407 -0.00571497 -0.00633718           0
Repeater9[0]<--->HoM5[0]
REAL
   0.247692 -0.00520623 -0.00592676  0.00489899
-0.00520623     0.25291  0.00811725 -0.00141322
-0.00592676  0.00811725    0.252108 -0.00918015
 0.00489899 -0.00141322 -0.00918015     0.24729
IMAGINARY
          0 -0.00332247 -0.00120196 -0.00261386
 0.00332247           0 -0.00793301 -0.00201629
 0.00120196  0.00793301           0  0.00029926
 0.00261386  0.00201629 -0.00029926           0
Repeater10[0]<--->HoM5[0]
REAL
   0.247692 -0.00592676 -0.00520623  0.00489899
-0.00592676    0.252108  0.00811725 -0.00918015
-0.00520623  0.00811725     0.25291 -0.00141322
 0.00489899 -0.00918015 -0.00141322     0.24729
IMAGINARY
          0 -0.00120196 -0.00332247 -0.00261386
 0.00120196           0  0.00793301  0.00029926
 0.00332247 -0.00793301           0 -0.00201629
 0.00261386 -0.00029926  0.00201629           0
Repeater10[0]<--->Repeater11[0]
REAL
   0.362048  0.00972762  0.00341923    0.218104
 0.00972762    0.141723  0.00280789  0.00341923
 0.00341923  0.00280789    0.138746 0.000282287
   0.218104  0.00341923 0.000282287    0.357483
IMAGINARY
           0 -0.000734399  0.000302662  -0.00250998
 0.000734399            0   0.00319964  0.000606613
-0.000302662  -0.00319964            0    0.0020478
  0.00250998 -0.000606613   -0.0020478            0
Repeater11[0]<--->Repeater10[0]
REAL
   0.362048  0.00341923  0.00972762    0.218104
 0.00341923    0.138746  0.00280789 0.000282287
 0.00972762  0.00280789    0.141723  0.00341923
   0.218104 0.000282287  0.00341923    0.357483
IMAGINARY
           0  0.000302662 -0.000734399  -0.00250998
-0.000302662            0  -0.00319964    0.0020478
 0.000734399   0.00319964            0  0.000606613
  0.00250998   -0.0020478 -0.000606613            0
Repeater11[0]<--->HoM6[0]
REAL
    0.353049 -0.000952789  -0.00225315     0.211405
-0.000952789      0.14073    0.0101343   0.00275687
 -0.00225315    0.0101343     0.146849  -0.00217032
    0.211405   0.00275687  -0.00217032     0.359372
IMAGINARY
          0  0.00664905   0.0058626  0.00727854
-0.00664905           0    0.012657  0.00166428
 -0.0058626   -0.012657           0 -0.00322774
-0.00727854 -0.00166428  0.00322774           0
EndNode1[0]<--->Repeater1[0]
REAL
   0.295968  0.00300667  0.00292506    0.101032
 0.00300667    0.205444  -0.0078946 -0.00455905
 0.00292506  -0.0078946    0.202218 -0.00382366
   0.101032 -0.00455905 -0.00382366    0.296371
IMAGINARY
          0  -0.0147584 -0.00511211  0.00710139
  0.0147584           0 -0.00431144  0.00530873
 0.00511211  0.00431144           0  0.00964634
-0.00710139 -0.00530873 -0.00964634           0
EndNode2[0]<--->HoM6[0]
REAL
    0.350605  -0.00524702 -0.000409003     0.221931
 -0.00524702     0.145363   0.00331408   0.00654648
-0.000409003   0.00331408     0.150806   0.00258745
    0.221931   0.00654648   0.00258745     0.353226
IMAGINARY
          0 -0.00769562 -0.00227313 -0.00643331
 0.00769562           0  0.00345593  0.00742776
 0.00227313 -0.00345593           0  -0.0035233
 0.00643331 -0.00742776   0.0035233           0
Repeater1[0]<--->EndNode1[0]
REAL
   0.295968  0.00292506  0.00300667    0.101032
 0.00292506    0.202218  -0.0078946 -0.00382366
 0.00300667  -0.0078946    0.205444 -0.00455905
   0.101032 -0.00382366 -0.00455905    0.296371
IMAGINARY
          0 -0.00511211  -0.0147584  0.00710139
 0.00511211           0  0.00431144  0.00964634
  0.0147584 -0.00431144           0  0.00530873
-0.00710139 -0.00964634 -0.00530873           0
Repeater1[0]<--->HoM1[0]
REAL
   0.288742 0.000595622 -0.00280341   0.0947431
0.000595622     0.19836  0.00541499  0.00260586
-0.00280341  0.00541499    0.205759 -0.00316378
  0.0947431  0.00260586 -0.00316378    0.307139
IMAGINARY
           0 -0.000448833   0.00795807   -0.0018033
 0.000448833            0    0.0011101  -0.00479601
 -0.00795807   -0.0011101            0  0.000448833
   0.0018033   0.00479601 -0.000448833            0
Repeater2[0]<--->HoM1[0]
REAL
   0.288742 -0.00280341 0.000595622   0.0947431
-0.00280341    0.205759  0.00541499 -0.00316378
0.000595622  0.00541499     0.19836  0.00260586
  0.0947431 -0.00316378  0.00260586    0.307139
IMAGINARY
           0   0.00795807 -0.000448833   -0.0018033
 -0.00795807            0   -0.0011101  0.000448833
 0.000448833    0.0011101            0  -0.00479601
   0.0018033 -0.000448833   0.00479601            0
Repeater2[0]<--->Repeater3[0]
REAL
   0.260221 -0.00219363   0.0086747   0.0104453
-0.00219363     0.25184 -0.00443567  0.00434613
  0.0086747 -0.00443567    0.232011  0.00519844
  0.0104453  0.00434613  0.00519844    0.255928
IMAGINARY
          0   0.0141881  0.00799286  0.00135751
 -0.0141881           0  0.00176434 -0.00620714
-0.00799286 -0.00176434           0  0.00128805
-0.00135751  0.00620714 -0.00128805           0
Repeater3[0]<--->Repeater2[0]
REAL
   0.260221   0.0086747 -0.00219363   0.0104453
  0.0086747    0.232011 -0.00443567  0.00519844
-0.00219363 -0.00443567     0.25184  0.00434613
  0.0104453  0.00519844  0.00434613    0.255928
IMAGINARY
          0  0.00799286   0.0141881  0.00135751
-0.00799286           0 -0.00176434  0.00128805
 -0.0141881  0.00176434           0 -0.00620714
-0.00135751 -0.00128805  0.00620714           0
Repeater3[0]<--->HoM2[0]
REAL
   0.271298  0.00144975 -0.00683055   0.0191012
 0.00144975    0.240446 -0.00114737 -0.00550646
-0.00683055 -0.00114737     0.23547 -0.00435848
  0.0191012 -0.00550646 -0.00435848    0.252787
IMAGINARY
          0  0.00136486 -0.00869937  0.00239926
-0.00136486           0 -0.00036426  0.00629359
 0.00869937  0.00036426           0  0.00926064
-0.00239926 -0.00629359 -0.00926064           0
Repeater4[0]<--->HoM2[0]
REAL
   0.271298 -0.00683055  0.00144975   0.0191012
-0.00683055     0.23547 -0.00114737 -0.00435848
 0.00144975 -0.00114737    0.240446 -0.00550646
  0.0191012 -0.00435848 -0.00550646    0.252787
IMAGINARY
          0 -0.00869937  0.00136486  0.00239926
 0.00869937           0  0.00036426  0.00926064
-0.00136486 -0.00036426           0  0.00629359
-0.00239926 -0.00926064 -0.00629359           0
Repeater4[0]<--->Repeater5[0]
REAL
   0.251113 -0.00360889 -0.00771089  0.00674099
-0.00360889    0.242614 -0.00473053  0.00449416
-0.00771089 -0.00473053     0.24828 0.000191114
 0.00674099  0.00449416 0.000191114    0.257993
IMAGINARY
           0  -0.00428557  -0.00202615   0.00365781
  0.00428557            0  0.000843171  -0.00331404
  0.00202615 -0.000843171            0   0.00685677
 -0.00365781   0.00331404  -0.00685677            0
Repeater5[0]<--->Repeater4[0]
REAL
   0.251113 -0.00771089 -0.00360889  0.00674099
-0.00771089     0.24828 -0.00473053 0.000191114
-0.00360889 -0.00473053    0.242614  0.00449416
 0.00674099 0.000191114  0.00449416    0.257993
IMAGINARY
           0  -0.00202615  -0.00428557   0.00365781
  0.00202615            0 -0.000843171   0.00685677
  0.00428557  0.000843171            0  -0.00331404
 -0.00365781  -0.00685677   0.00331404            0
Repeater5[0]<--->HoM3[0]
REAL
    0.257228 -0.000344385    0.0103606   0.00761888
-0.000344385     0.249901   0.00632535 -0.000798819
   0.0103606   0.00632535     0.237228  -0.00881896
  0.00761888 -0.000798819  -0.00881896     0.255644
IMAGINARY
          0  0.00223922  0.00158463 -0.00665539
-0.00223922           0 -0.00655517 -0.00466921
-0.00158463  0.00655517           0 -0.00194071
 0.00665539  0.00466921  0.00194071           0
Repeater6[0]<--->HoM3[0]
REAL
    0.257228    0.0103606 -0.000344385   0.00761888
   0.0103606     0.237228   0.00632535  -0.00881896
-0.000344385   0.00632535     0.249901 -0.000798819
  0.00761888  -0.00881896 -0.000798819     0.255644
IMAGINARY
          0  0.00158463  0.00223922 -0.00665539
-0.00158463           0  0.00655517 -0.00194071
-0.00223922 -0.00655517           0 -0.00466921
 0.00665539  0.00194071  0.00466921           0
Repeater6[0]<--->Repeater7[0]
REAL
   0.253898  0.00190284   0.0101986  0.00912006
 0.00190284    0.256327 -0.00300661  0.00393246
  0.0101986 -0.00300661    0.241952  0.00180532
 0.00912006  0.00393246  0.00180532    0.247823
IMAGINARY
           0  -0.00797879   -0.0028647    0.0048889
  0.00797879            0   0.00186105  -0.00465183
   0.0028647  -0.00186105            0  0.000662692
  -0.0048889   0.00465183 -0.000662692            0
Repeater7[0]<--->Repeater6[0]
REAL
   0.253898   0.0101986  0.00190284  0.00912006
  0.0101986    0.241952 -0.00300661  0.00180532
 0.00190284 -0.00300661    0.256327  0.00393246
 0.00912006  0.00180532  0.00393246    0.247823
IMAGINARY
           0   -0.0028647  -0.00797879    0.0048889
   0.0028647            0  -0.00186105  0.000662692
  0.00797879   0.00186105            0  -0.00465183
  -0.0048889 -0.000662692   0.00465183            0
Repeater7[0]<--->HoM4[0]
REAL
   0.241872  0.00612159 1.74333e-05  0.00536447
 0.00612159    0.247423   0.0020952  0.00482128
1.74333e-05   0.0020952     0.25456 -0.00148449
 0.00536447  0.00482128 -0.00148449    0.256146
IMAGINARY
           0   0.00150832  -0.00375634  0.000611656
 -0.00150832            0   -0.0124992  -0.00506078
  0.00375634    0.0124992            0   0.00552556
-0.000611656   0.00506078  -0.00552556            0
Repeater8[0]<--->HoM4[0]
REAL
   0.241872 1.74333e-05  0.00612159  0.00536447
1.74333e-05     0.25456   0.0020952 -0.00148449
 0.00612159   0.0020952    0.247423  0.00482128
 0.00536447 -0.00148449  0.00482128    0.256146
IMAGINARY
           0  -0.00375634   0.00150832  0.000611656
  0.00375634            0    0.0124992   0.00552556
 -0.00150832   -0.0124992            0  -0.00506078
-0.000611656  -0.00552556   0.00506078            0
Repeater8[0]<--->Repeater9[0]
REAL
    0.256436  -0.00393711   0.00624874  -0.00425921
 -0.00393711     0.249747  -0.00828276 -0.000619666
  0.00624874  -0.00828276     0.249747  0.000283149
 -0.00425921 -0.000619666  0.000283149     0.244071
IMAGINARY
           0    0.0081353  0.000618222   0.00106562
  -0.0081353            0  -0.00056371   0.00379787
-0.000618222   0.00056371            0 -0.000186333
 -0.00106562  -0.00379787  0.000186333            0
Repeater9[0]<--->Repeater8[0]
REAL
    0.256436   0.00624874  -0.00393711  -0.00425921
  0.00624874     0.249747  -0.00828276  0.000283149
 -0.00393711  -0.00828276     0.249747 -0.000619666
 -0.00425921  0.000283149 -0.000619666     0.244071
IMAGINARY
           0  0.000618222    0.0081353   0.00106562
-0.000618222            0   0.00056371 -0.000186333
  -0.0081353  -0.00056371            0   0.00379787
 -0.00106562  0.000186333  -0.00379787            0
Repeater9[0]<--->HoM5[0]
REAL
   0.239992 -0.00768349 0.000319288  -0.0016557
-0.00768349    0.247234 -0.00479399 -0.00240303
0.000319288 -0.00479399    0.251861 0.000439988
 -0.0016557 -0.00240303 0.000439988    0.260913
IMAGINARY
           0   -0.0147085  -0.00130548   0.00258621
   0.0147085            0   0.00248639 -0.000617989
  0.00130548  -0.00248639            0   0.00205408
 -0.00258621  0.000617989  -0.00205408            0
Repeater10[0]<--->HoM5[0]
REAL
   0.239992 0.000319288 -0.00768349  -0.0016557
0.000319288    0.251861 -0.00479399 0.000439988
-0.00768349 -0.00479399    0.247234 -0.00240303
 -0.0016557 0.000439988 -0.00240303    0.260913
IMAGINARY
           0  -0.00130548   -0.0147085   0.00258621
  0.00130548            0  -0.00248639   0.00205408
   0.0147085   0.00248639            0 -0.000617989
 -0.00258621  -0.00205408  0.000617989            0
Repeater10[0]<--->Repeater11[0]
REAL
    0.368905  -0.00854548   0.00427995     0.223137
 -0.00854548     0.138689   0.00113747 -0.000902916
  0.00427995   0.00113747     0.140687  -0.00158563
    0.223137 -0.000902916  -0.00158563     0.351719
IMAGINARY
          0 -0.00654941  -0.0043866 -0.00660284
 0.00654941           0  0.00312635   0.0039866
  0.0043866 -0.00312635           0 -0.00065059
 0.00660284  -0.0039866  0.00065059           0
Repeater11[0]<--->Repeater10[0]
REAL
    0.368905   0.00427995  -0.00854548     0.223137
  0.00427995     0.140687   0.00113747  -0.00158563
 -0.00854548   0.00113747     0.138689 -0.000902916
    0.223137  -0.00158563 -0.000902916     0.351719
IMAGINARY
          0  -0.0043866 -0.00654941 -0.00660284
  0.0043866           0 -0.00312635 -0.00065059
 0.00654941  0.00312635           0   0.0039866
 0.00660284  0.00065059  -0.0039866           0
Repeater11[0]<--->HoM6[0]
REAL
    0.350605 -0.000409003  -0.00524702     0.221931
-0.000409003     0.150806   0.00331408   0.00258745
 -0.00524702   0.00331408     0.145363   0.00654648
    0.221931   0.00258745   0.00654648     0.353226
IMAGINARY
          0 -0.00227313 -0.00769562 -0.00643331
 0.00227313           0 -0.00345593  -0.0035233
 0.00769562  0.00345593           0  0.00742776
 0.00643331   0.0035233 -0.00742776           0
EndNode1[0]<--->Repeater1[0]
REAL
    0.30249 -0.00490928  0.00585775   0.0965213
-0.00490928     0.18859 -0.00680315 -0.00526227
 0.00585775 -0.00680315    0.208391  0.00371833
  0.0965213 -0.00526227  0.00371833    0.300529
IMAGINARY
           0  -0.00302207  -0.00268847  -0.00282669
  0.00302207            0   0.00610897  0.000738951
  0.00268847  -0.00610897            0  -0.00262127
  0.00282669 -0.000738951   0.00262127            0
EndNode2[0]<--->HoM6[0]
REAL
  0.363907 0.00581091 0.00630108   0.213797
0.00581091   0.136589 0.00160419 0.00120943
0.00630108 0.00160419   0.134604 -0.0113186
  0.213797 0.00120943 -0.0113186     0.3649
IMAGINARY
           0   0.00281456  -0.00207184 -0.000891386
 -0.00281456            0  -0.00565707   0.00504096
  0.00207184   0.00565707            0  0.000946323
 0.000891386  -0.00504096 -0.000946323            0
Repeater1[0]<--->EndNode1[0]
REAL
    0.30249  0.00585775 -0.00490928   0.0965213
 0.00585775    0.208391 -0.00680315  0.00371833
-0.00490928 -0.00680315     0.18859 -0.00526227
  0.0965213  0.00371833 -0.00526227    0.300529
IMAGINARY
           0  -0.00268847  -0.00302207  -0.00282669
  0.00268847            0  -0.00610897  -0.00262127
  0.00302207   0.00610897            0  0.000738951
  0.00282669   0.00262127 -0.000738951            0
Repeater1[0]<--->HoM1[0]
REAL
    0.298683  -0.00201728   -0.0023655    0.0845612
 -0.00201728     0.200718  -0.00614769  -0.00625694
  -0.0023655  -0.00614769      0.20411 -0.000924493
   0.0845612  -0.00625694 -0.000924493     0.296488
IMAGINARY
          0  0.00603487 -0.00450038  0.00323338
-0.00603487           0 -0.00744349 -0.00951644
 0.00450038  0.00744349           0  0.00357666
-0.00323338  0.00951644 -0.00357666           0
Repeater2[0]<--->HoM1[0]
REAL
    0.298683   -0.0023655  -0.00201728    0.0845612
  -0.0023655      0.20411  -0.00614769 -0.000924493
 -0.00201728  -0.00614769     0.200718  -0.00625694
   0.0845612 -0.000924493  -0.00625694     0.296488
IMAGINARY
          0 -0.00450038  0.00603487  0.00323338
 0.00450038           0  0.00744349  0.00357666
-0.00603487 -0.00744349           0 -0.00951644
-0.00323338 -0.00357666  0.00951644           0
Repeater2[0]<--->Repeater3[0]
REAL
    0.250098   0.00412962   0.00249837   0.00651171
  0.00412962     0.238338 -7.65725e-05  -0.00280481
  0.00249837 -7.65725e-05     0.253234  -0.00402748
  0.00651171  -0.00280481  -0.00402748      0.25833
IMAGINARY
           0  -0.00429108 -0.000175062  -0.00203012
  0.00429108            0  -0.00252253    0.0037226
 0.000175062   0.00252253            0 -0.000472754
  0.00203012   -0.0037226  0.000472754            0
Repeater3[0]<--->Repeater2[0]
REAL
    0.250098   0.00249837   0.00412962   0.00651171
  0.00249837     0.253234 -7.65725e-05  -0.00402748
  0.00412962 -7.65725e-05     0.238338  -0.00280481
  0.00651171  -0.00402748  -0.00280481      0.25833
IMAGINARY
           0 -0.000175062  -0.00429108  -0.00203012
 0.000175062            0   0.00252253 -0.000472754
  0.00429108  -0.00252253            0    0.0037226
  0.00203012  0.000472754   -0.0037226            0
Repeater3[0]<--->HoM2[0]
REAL
   0.268243  0.00225606 -0.00744356    0.014088
 0.00225606    0.240752 -0.00125191 -0.00134965
-0.00744356 -0.00125191    0.233071  0.00795214
   0.014088 -0.00134965  0.00795214    0.257934
IMAGINARY
           0 -0.000202063  -0.00642901  -0.00306575
 0.000202063            0 -0.000449007   0.00893552
  0.00642901  0.000449007            0 -0.000900805
  0.00306575  -0.00893552  0.000900805            0
Repeater4[0]<--->HoM2[0]
REAL
   0.268243 -0.00744356  0.00225606    0.014088
-0.00744356    0.233071 -0.00125191  0.00795214
 0.00225606 -0.00125191    0.240752 -0.00134965
   0.014088  0.00795214 -0.00134965    0.257934
IMAGINARY
           0  -0.00642901 -0.000202063  -0.00306575
  0.00642901            0  0.000449007 -0.000900805
 0.000202063 -0.000449007            0   0.00893552
  0.00306575  0.000900805  -0.00893552            0
Repeater4[0]<--->Repeater5[0]
REAL
   0.264753  0.00153375 -0.00670753 1.39422e-05
 0.00153375    0.251819  0.00324757   0.0066087
-0.00670753  0.00324757    0.241512 0.000937093
1.39422e-05   0.0066087 0.000937093    0.241916
IMAGINARY
           0  -0.00251536  0.000157553   0.00620324
  0.00251536            0  -0.00873105   0.00206557
-0.000157553   0.00873105            0 -0.000516164
 -0.00620324  -0.00206557  0.000516164            0
Repeater5[0]<--->Repeater4[0]
REAL
   0.264753 -0.00670753  0.00153375 1.39422e-05
-0.00670753    0.241512  0.00324757 0.000937093
 0.00153375  0.00324757    0.251819   0.0066087
1.39422e-05 0.000937093   0.0066087    0.241916
IMAGINARY
           0  0.000157553  -0.00251536   0.00620324
-0.000157553            0   0.00873105 -0.000516164
  0.00251536  -0.00873105            0   0.00206557
 -0.00620324  0.000516164  -0.00206557            0
Repeater5[0]<--->HoM3[0]
REAL
   0.245434 -0.00391816  0.00568654 -0.00384213
-0.00391816    0.262894  0.00885338  0.00709726
 0.00568654  0.00885338    0.243829   0.0113839
-0.00384213  0.00709726   0.0113839    0.247843
IMAGINARY
          0 -0.00647547 -0.00136134 -0.00455569
 0.00647547           0  0.00106894  0.00308793
 0.00136134 -0.00106894           0 -0.00825132
 0.00455569 -0.00308793  0.00825132           0
Repeater6[0]<--->HoM3[0]
REAL
   0.245434  0.00568654 -0.00391816 -0.00384213
 0.00568654    0.243829  0.00885338   0.0113839
-0.00391816  0.00885338    0.262894  0.00709726
-0.00384213   0.0113839  0.00709726    0.247843
IMAGINARY
          0 -0.00136134 -0.00647547 -0.00455569
 0.00136134           0 -0.00106894 -0.00825132
 0.00647547  0.00106894           0  0.00308793
 0.00455569  0.00825132 -0.00308793           0
Repeater6[0]<--->Repeater7[0]
REAL
    0.255884   5.0833e-05  -0.00020666 -0.000115619
  5.0833e-05     0.243009   0.00953068  -0.00119558
 -0.00020666   0.00953068     0.243814  -0.00245468
-0.000115619  -0.00119558  -0.00245468     0.257292
IMAGINARY
          0  0.00792845  0.00287529  0.00344363
-0.00792845           0  0.00206187 -0.00388011
-0.00287529 -0.00206187           0  0.00312461
-0.00344363  0.00388011 -0.00312461           0
Repeater7[0]<--->Repeater6[0]
REAL
    0.255884  -0.00020666   5.0833e-05 -0.000115619
 -0.00020666     0.243814   0.00953068  -0.00245468
  5.0833e-05   0.00953068     0.243009  -0.00119558
-0.000115619  -0.00245468  -0.00119558     0.257292
IMAGINARY
          0  0.00287529  0.00792845  0.00344363
-0.00287529           0 -0.00206187  0.00312461
-0.00792845  0.00206187           0 -0.00388011
-0.00344363 -0.00312461  0.00388011           0
Repeater7[0]<--->HoM4[0]
REAL
    0.255886  -0.00789935  -0.00523662   0.00257534
 -0.00789935     0.247714  -0.00168124   -0.0024129
 -0.00523662  -0.00168124     0.250049 -0.000544923
  0.00257534   -0.0024129 -0.000544923     0.246351
IMAGINARY
           0  -0.00523589   0.00436357 -0.000410946
  0.00523589            0   -0.0134334   0.00147685
 -0.00436357    0.0134334            0   0.00375104
 0.000410946  -0.00147685  -0.00375104            0
Repeater8[0]<--->HoM4[0]
REAL
    0.255886  -0.00523662  -0.00789935   0.00257534
 -0.00523662     0.250049  -0.00168124 -0.000544923
 -0.00789935  -0.00168124     0.247714   -0.0024129
  0.00257534 -0.000544923   -0.0024129     0.246351
IMAGINARY
           0   0.00436357  -0.00523589 -0.000410946
 -0.00436357            0    0.0134334   0.00375104
  0.00523589   -0.0134334            0   0.00147685
 0.000410946  -0.00375104  -0.00147685            0
Repeater8[0]<--->Repeater9[0]
REAL
     0.25127 -0.000778885    0.0029632 -0.000698523
-0.000778885     0.252691  -0.00319603   -0.0034625
   0.0029632  -0.00319603     0.242129  -0.00830839
-0.000698523   -0.0034625  -0.00830839      0.25391
IMAGINARY
          0 -0.00574921  0.00999957  0.00599567
 0.00574921           0  0.00270686  0.00468575
-0.00999957 -0.00270686           0  -0.0109341
-0.00599567 -0.00468575   0.0109341           0
Repeater9[0]<--->Repeater8[0]
REAL
     0.25127    0.0029632 -0.000778885 -0.000698523
   0.0029632     0.242129  -0.00319603  -0.00830839
-0.000778885  -0.00319603     0.252691   -0.0034625
-0.000698523  -0.00830839   -0.0034625      0.25391
IMAGINARY
          0  0.00999957 -0.00574921  0.00599567
-0.00999957           0 -0.00270686  -0.0109341
 0.00574921  0.00270686           0  0.00468575
-0.00599567   0.0109341 -0.00468575           0
Repeater9[0]<--->HoM5[0]
REAL
   0.247989  0.00283575  0.00714123 -0.00364986
 0.00283575    0.256033  0.00849052  0.00496042
 0.00714123  0.00849052    0.242692  0.00825743
-0.00364986  0.00496042  0.00825743    0.253286
IMAGINARY
          0  0.00625517  0.00344847  0.00171655
-0.00625517           0 -0.00892175  0.00889595
-0.00344847  0.00892175           0 -0.00186831
-0.00171655 -0.00889595  0.00186831           0
Repeater10[0]<--->HoM5[0]
REAL
   0.247989  0.00714123  0.00283575 -0.00364986
 0.00714123    0.242692  0.00849052  0.00825743
 0.00283575  0.00849052    0.256033  0.00496042
-0.00364986  0.00825743  0.00496042    0.253286
IMAGINARY
          0  0.00344847  0.00625517  0.00171655
-0.00344847           0  0.00892175 -0.00186831
-0.00625517 -0.00892175           0  0.00889595
-0.00171655  0.00186831 -0.00889595           0
Repeater10[0]<--->Repeater11[0]
REAL
   0.350474 -0.00481029  -0.0016855    0.214578
-0.00481029    0.140754  0.00146446 -0.00317271
 -0.0016855  0.00146446    0.140553 -0.00560018
   0.214578 -0.00317271 -0.00560018    0.368219
IMAGINARY
           0 -0.000836752  8.36603e-05  -0.00690246
 0.000836752            0  0.000254597    0.0106271
-8.36603e-05 -0.000254597            0  -0.00647056
  0.00690246   -0.0106271   0.00647056            0
Repeater11[0]<--->Repeater10[0]
REAL
   0.350474  -0.0016855 -0.00481029    0.214578
 -0.0016855    0.140553  0.00146446 -0.00560018
-0.00481029  0.00146446    0.140754 -0.00317271
   0.214578 -0.00560018 -0.00317271    0.368219
IMAGINARY
           0  8.36603e-05 -0.000836752  -0.00690246
-8.36603e-05            0 -0.000254597  -0.00647056
 0.000836752  0.000254597            0    0.0106271
  0.00690246   0.00647056   -0.0106271            0
Repeater11[0]<--->HoM6[0]
REAL
  0.363907 0.00630108 0.00581091   0.213797
0.00630108   0.134604 0.00160419 -0.0113186
0.00581091 0.00160419   0.136589 0.00120943
  0.213797 -0.0113186 0.00120943     0.3649
IMAGINARY
           0  -0.00207184   0.00281456 -0.000891386
  0.00207184            0   0.00565707  0.000946323
 -0.00281456  -0.00565707            0   0.00504096
 0.000891386 -0.000946323  -0.00504096            0
EndNode1[0]<--->Repeater1[0]
REAL
   0.295859  0.00214069  0.00284473   0.0972816
 0.00214069    0.204241  0.00244001 -0.00672224
 0.00284473  0.00244001    0.190638 -0.00820551
  0.0972816 -0.00672224 -0.00820551    0.309262
IMAGINARY
          0 -0.00683336   0.0026902 -0.00213353
 0.00683336           0  0.00891184  0.00259006
 -0.0026902 -0.00891184           0   0.0062241
 0.00213353 -0.00259006  -0.0062241           0
EndNode2[0]<--->HoM6[0]
REAL
    0.374728  -0.00748105   -0.0011222     0.218921
 -0.00748105      0.13506 -0.000720538    0.0039222
  -0.0011222 -0.000720538     0.135654  0.000481052
    0.218921    0.0039222  0.000481052     0.354558
IMAGINARY
           0  0.000220377  -0.00173778   0.00288481
-0.000220377            0  -0.00697091  -0.00952843
  0.00173778   0.00697091            0   0.00426616
 -0.00288481   0.00952843  -0.00426616            0
Repeater1[0]<--->EndNode1[0]
REAL
   0.295859  0.00284473  0.00214069   0.0972816
 0.00284473    0.190638  0.00244001 -0.00820551
 0.00214069  0.00244001    0.204241 -0.00672224
  0.0972816 -0.00820551 -0.00672224    0.309262
IMAGINARY
          0   0.0026902 -0.00683336 -0.00213353
 -0.0026902           0 -0.00891184   0.0062241
 0.00683336  0.00891184           0  0.00259006
 0.00213353  -0.0062241 -0.00259006           0
Repeater1[0]<--->HoM1[0]
REAL
   0.293196 -0.00859904 -0.00111916   0.0969136
-0.00859904    0.197778 -0.00348323  0.00446298
-0.00111916 -0.00348323    0.210077  0.00112461
  0.0969136  0.00446298  0.00112461    0.298949
IMAGINARY
           0   0.00997762   0.00108844   0.00282946
 -0.00997762            0   0.00716852 -0.000691619
 -0.00108844  -0.00716852            0   0.00153032
 -0.00282946  0.000691619  -0.00153032            0
Repeater2[0]<--->HoM1[0]
REAL
   0.293196 -0.00111916 -0.00859904   0.0969136
-0.00111916    0.210077 -0.00348323  0.00112461
-0.00859904 -0.00348323    0.197778  0.00446298
  0.0969136  0.00112461  0.00446298    0.298949
IMAGINARY
           0   0.00108844   0.00997762   0.00282946
 -0.00108844            0  -0.00716852   0.00153032
 -0.00997762   0.00716852            0 -0.000691619
 -0.00282946  -0.00153032  0.000691619            0
Repeater2[0]<--->Repeater3[0]
REAL
   0.253684 -0.00982472 0.000810173   0.0265568
-0.00982472    0.239745  -0.0065241  0.00797969
0.000810173  -0.0065241    0.254879 -0.00468877
  0.0265568  0.00797969 -0.00468877    0.251693
IMAGINARY
           0  0.000400229 -0.000949487   0.00785936
-0.000400229            0  -0.00395792   -0.0014419
 0.000949487   0.00395792            0   0.00179188
 -0.00785936    0.0014419  -0.00179188            0
Repeater3[0]<--->Repeater2[0]
REAL
   0.253684 0.000810173 -0.00982472   0.0265568
0.000810173    0.254879  -0.0065241 -0.00468877
-0.00982472  -0.0065241    0.239745  0.00797969
  0.0265568 -0.00468877  0.00797969    0.251693
IMAGINARY
           0 -0.000949487  0.000400229   0.00785936
 0.000949487            0   0.00395792   0.00179188
-0.000400229  -0.00395792            0   -0.0014419
 -0.00785936  -0.00179188    0.0014419            0
Repeater3[0]<--->HoM2[0]
REAL
    0.257492  -0.00571793 -0.000827068    0.0149338
 -0.00571793     0.235804  -0.00481878  -0.00353628
-0.000827068  -0.00481878     0.244874  -0.00340544
   0.0149338  -0.00353628  -0.00340544      0.26183
IMAGINARY
           0  -0.00386752  -0.00151171  0.000879784
  0.00386752            0  -0.00128026  -0.00307727
  0.00151171   0.00128026            0  0.000675182
-0.000879784   0.00307727 -0.000675182            0
Repeater4[0]<--->HoM2[0]
REAL
    0.257492 -0.000827068  -0.00571793    0.0149338
-0.000827068     0.244874  -0.00481878  -0.00340544
 -0.00571793  -0.00481878     0.235804  -0.00353628
   0.0149338  -0.00340544  -0.00353628      0.26183
IMAGINARY
           0  -0.00151171  -0.00386752  0.000879784
  0.00151171            0   0.00128026  0.000675182
  0.00386752  -0.00128026            0  -0.00307727
-0.000879784 -0.000675182   0.00307727            0
Repeater4[0]<--->Repeater5[0]
REAL
    0.252625 -3.78244e-05  -0.00441126    0.0152681
-3.78244e-05     0.241331   0.00759129   0.00925434
 -0.00441126   0.00759129     0.258371   0.00197506
   0.0152681   0.00925434   0.00197506     0.247672
IMAGINARY
           0  -0.00299038 -0.000321003  -0.00426353
  0.00299038            0  0.000382934   0.00436141
 0.000321003 -0.000382934            0   0.00359644
  0.00426353  -0.00436141  -0.00359644            0
Repeater5[0]<--->Repeater4[0]
REAL
    0.252625  -0.00441126 -3.78244e-05    0.0152681
 -0.00441126     0.258371   0.00759129   0.00197506
-3.78244e-05   0.00759129     0.241331   0.00925434
   0.0152681   0.00197506   0.00925434     0.247672
IMAGINARY
           0 -0.000321003  -0.00299038  -0.00426353
 0.000321003            0 -0.000382934   0.00359644
  0.00299038  0.000382934            0   0.00436141
  0.00426353  -0.00359644  -0.00436141            0
Repeater5[0]<--->HoM3[0]
REAL
   0.244292  0.00721796 -0.00193328 -0.00172431
 0.00721796    0.254799 -0.00132447  0.00294954
-0.00193328 -0.00132447    0.251364  -0.0011204
-0.00172431  0.00294954  -0.0011204    0.249545
IMAGINARY
          0  -0.0047445 -0.00381761  0.00365801
  0.0047445           0 -0.00112097 -0.00797767
 0.00381761  0.00112097           0 -0.00365214
-0.00365801  0.00797767  0.00365214           0
Repeater6[0]<--->HoM3[0]
REAL
   0.244292 -0.00193328  0.00721796 -0.00172431
-0.00193328    0.251364 -0.00132447  -0.0011204
 0.00721796 -0.00132447    0.254799  0.00294954
-0.00172431  -0.0011204  0.00294954    0.249545
IMAGINARY
          0 -0.00381761  -0.0047445  0.00365801
 0.00381761           0  0.00112097 -0.00365214
  0.0047445 -0.00112097           0 -0.00797767
-0.00365801  0.00365214  0.00797767           0
Repeater6[0]<--->Repeater7[0]
REAL
   0.254493  0.00710898 0.000382891  0.00457955
 0.00710898    0.253676   0.0108906 -0.00553961
0.000382891   0.0108906    0.245098 -0.00296338
 0.00457955 -0.00553961 -0.00296338    0.246732
IMAGINARY
           0  -0.00342288  -0.00334574    0.0018995
  0.00342288            0 -0.000594017    -0.002151
  0.00334574  0.000594017            0  -0.00838494
  -0.0018995     0.002151   0.00838494            0
Repeater7[0]<--->Repeater6[0]
REAL
   0.254493 0.000382891  0.00710898  0.00457955
0.000382891    0.245098   0.0108906 -0.00296338
 0.00710898   0.0108906    0.253676 -0.00553961
 0.00457955 -0.00296338 -0.00553961    0.246732
IMAGINARY
           0  -0.00334574  -0.00342288    0.0018995
  0.00334574            0  0.000594017  -0.00838494
  0.00342288 -0.000594017            0    -0.002151
  -0.0018995   0.00838494     0.002151            0
Repeater7[0]<--->HoM4[0]
REAL
    0.24498  0.00482381  0.00339727 -0.00303384
 0.00482381    0.250402 -0.00323233 -0.00289996
 0.00339727 -0.00323233    0.248996  0.00462516
-0.00303384 -0.00289996  0.00462516    0.255622
IMAGINARY
          0  -0.0067366  0.00928634 -0.00206141
  0.0067366           0  0.00266601   0.0038141
-0.00928634 -0.00266601           0  0.00276677
 0.00206141  -0.0038141 -0.00276677           0
Repeater8[0]<--->HoM4[0]
REAL
    0.24498  0.00339727  0.00482381 -0.00303384
 0.00339727    0.248996 -0.00323233  0.00462516
 0.00482381 -0.00323233    0.250402 -0.00289996
-0.00303384  0.00462516 -0.00289996    0.255622
IMAGINARY
          0  0.00928634  -0.0067366 -0.00206141
-0.00928634           0 -0.00266601  0.00276677
  0.0067366  0.00266601           0   0.0038141
 0.00206141 -0.00276677  -0.0038141           0
Repeater8[0]<--->Repeater9[0]
REAL
   0.247499  0.00217049  0.00241894  0.00365772
 0.00217049    0.260304  0.00064083  0.00989055
 0.00241894  0.00064083    0.252101 -0.00490593
 0.00365772  0.00989055 -0.00490593    0.240096
IMAGINARY
          0  0.00316512  0.00550837 -0.00241934
-0.00316512           0 -0.00331415   0.0019333
-0.00550837  0.00331415           0   0.0068912
 0.00241934  -0.0019333  -0.0068912           0
Repeater9[0]<--->Repeater8[0]
REAL
   0.247499  0.00241894  0.00217049  0.00365772
 0.00241894    0.252101  0.00064083 -0.00490593
 0.00217049  0.00064083    0.260304  0.00989055
 0.00365772 -0.00490593  0.00989055    0.240096
IMAGINARY
          0  0.00550837  0.00316512 -0.00241934
-0.00550837           0  0.00331415   0.0068912
-0.00316512 -0.00331415           0   0.0019333
