EndNode1[0]<--->Repeater1[0]
REAL
    0.412678   -0.0230358   0.00799986     0.319689
  -0.0230358    0.0815006  -0.00452959  -0.00667007
  0.00799986  -0.00452959     0.080207 -0.000900377
    0.319689  -0.00667007 -0.000900377     0.425614
IMAGINARY
          0   0.0246141  -0.0206367  0.00319335
 -0.0246141           0 -0.00444024 -0.00540494
  0.0206367  0.00444024           0  0.00533386
-0.00319335  0.00540494 -0.00533386           0
EndNode2[0]<--->HoM1[0]
REAL
        0.4 -0.00119402  -0.0182579    0.326966
-0.00119402   0.0910256   0.0107995  0.00628986
 -0.0182579   0.0107995   0.0769231   0.0158217
   0.326966  0.00628986   0.0158217    0.432051
IMAGINARY
           0   -0.0093421   0.00924477 -3.58445e-05
   0.0093421            0    0.0264842   0.00183737
 -0.00924477   -0.0264842            0 -0.000436252
 3.58445e-05  -0.00183737  0.000436252            0
Repeater1[0]<--->EndNode1[0]
REAL
    0.412678   0.00799986   -0.0230358     0.319689
  0.00799986     0.080207  -0.00452959 -0.000900377
  -0.0230358  -0.00452959    0.0815006  -0.00667007
    0.319689 -0.000900377  -0.00667007     0.425614
IMAGINARY
          0  -0.0206367   0.0246141  0.00319335
  0.0206367           0  0.00444024  0.00533386
 -0.0246141 -0.00444024           0 -0.00540494
-0.00319335 -0.00533386  0.00540494           0
Repeater1[0]<--->HoM1[0]
REAL
        0.4  -0.0182579 -0.00119402    0.326966
 -0.0182579   0.0769231   0.0107995   0.0158217
-0.00119402   0.0107995   0.0910256  0.00628986
   0.326966   0.0158217  0.00628986    0.432051
IMAGINARY
           0   0.00924477   -0.0093421 -3.58445e-05
 -0.00924477            0   -0.0264842 -0.000436252
   0.0093421    0.0264842            0   0.00183737
 3.58445e-05  0.000436252  -0.00183737            0
EndNode1[0]<--->Repeater1[0]
REAL
    0.384428    0.0104581 -0.000480716     0.324725
   0.0104581    0.0839416  -0.00839805   0.00430725
-0.000480716  -0.00839805    0.0766423   -0.0040805
    0.324725   0.00430725   -0.0040805     0.454988
IMAGINARY
          0 -0.00459936  0.00803531  0.00948111
 0.00459936           0 -0.00571226   0.0140886
-0.00803531  0.00571226           0  -0.0175245
-0.00948111  -0.0140886   0.0175245           0
EndNode2[0]<--->HoM1[0]
REAL
  0.426043 -0.0157241 -0.0106629   0.330382
-0.0157241  0.0884956  0.0143043  0.0133877
-0.0106629  0.0143043  0.0745891  0.0238985
  0.330382  0.0133877  0.0238985   0.410872
IMAGINARY
          0  0.00639505  0.00085645   -0.014432
-0.00639505           0 -0.00499804  -0.0233899
-0.00085645  0.00499804           0   0.0124844
   0.014432   0.0233899  -0.0124844           0
Repeater1[0]<--->EndNode1[0]
REAL
    0.384428 -0.000480716    0.0104581     0.324725
-0.000480716    0.0766423  -0.00839805   -0.0040805
   0.0104581  -0.00839805    0.0839416   0.00430725
    0.324725   -0.0040805   0.00430725     0.454988
IMAGINARY
          0  0.00803531 -0.00459936  0.00948111
-0.00803531           0  0.00571226  -0.0175245
 0.00459936 -0.00571226           0   0.0140886
-0.00948111   0.0175245  -0.0140886           0
Repeater1[0]<--->HoM1[0]
REAL
  0.426043 -0.0106629 -0.0157241   0.330382
-0.0106629  0.0745891  0.0143043  0.0238985
-0.0157241  0.0143043  0.0884956  0.0133877
  0.330382  0.0238985  0.0133877   0.410872
IMAGINARY
          0  0.00085645  0.00639505   -0.014432
-0.00085645           0  0.00499804   0.0124844
-0.00639505 -0.00499804           0  -0.0233899
   0.014432  -0.0124844   0.0233899           0
EndNode1[0]<--->Repeater1[0]
REAL
    0.42268   0.0187993  -0.0024625    0.343001
  0.0187993   0.0940722 -0.00381227  -0.0178078
 -0.0024625 -0.00381227   0.0837629  0.00552499
   0.343001  -0.0178078  0.00552499    0.399485
IMAGINARY
           0   0.00641026 -0.000430557  -0.00938436
 -0.00641026            0   -0.0113099   0.00655801
 0.000430557    0.0113099            0  -0.00641026
  0.00938436  -0.00655801   0.00641026            0
EndNode2[0]<--->HoM1[0]
REAL
  0.420499 0.00398773 0.00580799   0.329154
0.00398773  0.0840999 0.00274799  0.0132104
0.00580799 0.00274799  0.0959264 0.00398773
  0.329154  0.0132104 0.00398773   0.399474
IMAGINARY
          0  -0.0108277  0.00459395  -0.0204211
  0.0108277           0  0.00891219   0.0320809
-0.00459395 -0.00891219           0  -0.0282921
  0.0204211  -0.0320809   0.0282921           0
Repeater1[0]<--->EndNode1[0]
REAL
    0.42268  -0.0024625   0.0187993    0.343001
 -0.0024625   0.0837629 -0.00381227  0.00552499
  0.0187993 -0.00381227   0.0940722  -0.0178078
   0.343001  0.00552499  -0.0178078    0.399485
IMAGINARY
           0 -0.000430557   0.00641026  -0.00938436
 0.000430557            0    0.0113099  -0.00641026
 -0.00641026   -0.0113099            0   0.00655801
  0.00938436   0.00641026  -0.00655801            0
Repeater1[0]<--->HoM1[0]
REAL
  0.420499 0.00580799 0.00398773   0.329154
0.00580799  0.0959264 0.00274799 0.00398773
0.00398773 0.00274799  0.0840999  0.0132104
  0.329154 0.00398773  0.0132104   0.399474
IMAGINARY
          0  0.00459395  -0.0108277  -0.0204211
-0.00459395           0 -0.00891219  -0.0282921
  0.0108277  0.00891219           0   0.0320809
  0.0204211   0.0282921  -0.0320809           0
EndNode1[0]<--->Repeater1[0]
REAL
   0.428212    0.011622  -0.0105992    0.320572
   0.011622   0.0768262 -0.00311195 -0.00130554
 -0.0105992 -0.00311195   0.0843829  -0.0261723
   0.320572 -0.00130554  -0.0261723    0.410579
IMAGINARY
          0   -0.012188  0.00216165 -0.00481116
   0.012188           0   0.0127899  -0.0166353
-0.00216165  -0.0127899           0   0.0135037
 0.00481116   0.0166353  -0.0135037           0
EndNode2[0]<--->HoM1[0]
REAL
   0.429355  0.00945241  -0.0125345    0.311162
 0.00945241   0.0891632 -0.00133816    0.011275
 -0.0125345 -0.00133816   0.0727023 -0.00945241
   0.311162    0.011275 -0.00945241    0.408779
IMAGINARY
          0   0.0190105  -0.0247445   0.0122615
 -0.0190105           0  -0.0198373  -0.0124896
  0.0247445   0.0198373           0  0.00625543
 -0.0122615   0.0124896 -0.00625543           0
Repeater1[0]<--->EndNode1[0]
REAL
   0.428212  -0.0105992    0.011622    0.320572
 -0.0105992   0.0843829 -0.00311195  -0.0261723
   0.011622 -0.00311195   0.0768262 -0.00130554
   0.320572  -0.0261723 -0.00130554    0.410579
IMAGINARY
          0  0.00216165   -0.012188 -0.00481116
-0.00216165           0  -0.0127899   0.0135037
   0.012188   0.0127899           0  -0.0166353
 0.00481116  -0.0135037   0.0166353           0
Repeater1[0]<--->HoM1[0]
REAL
   0.429355  -0.0125345  0.00945241    0.311162
 -0.0125345   0.0727023 -0.00133816 -0.00945241
 0.00945241 -0.00133816   0.0891632    0.011275
   0.311162 -0.00945241    0.011275    0.408779
IMAGINARY
          0  -0.0247445   0.0190105   0.0122615
  0.0247445           0   0.0198373  0.00625543
 -0.0190105  -0.0198373           0  -0.0124896
 -0.0122615 -0.00625543   0.0124896           0
EndNode1[0]<--->Repeater1[0]
REAL
    0.40709  0.00716219   0.0208936    0.314176
 0.00716219   0.0843521  0.00643518 -0.00562644
  0.0208936  0.00643518   0.0867971   0.0144663
   0.314176 -0.00562644   0.0144663     0.42176
IMAGINARY
          0   0.0149718  0.00283603  -0.0117352
 -0.0149718           0   0.0178245  0.00902415
-0.00283603  -0.0178245           0  -0.0118507
  0.0117352 -0.00902415   0.0118507           0
EndNode2[0]<--->HoM1[0]
REAL
   0.398172 -0.00951367  -0.0145958    0.314429
-0.00951367   0.0770235  0.00408459  -0.0103738
 -0.0145958  0.00408459   0.0861619 -0.00692969
   0.314429  -0.0103738 -0.00692969    0.438642
IMAGINARY
          0   0.0018511  0.00574681  0.00566279
 -0.0018511           0   0.0038223  0.00221075
-0.00574681  -0.0038223           0   0.0206953
-0.00566279 -0.00221075  -0.0206953           0
Repeater1[0]<--->EndNode1[0]
REAL
    0.40709   0.0208936  0.00716219    0.314176
  0.0208936   0.0867971  0.00643518   0.0144663
 0.00716219  0.00643518   0.0843521 -0.00562644
   0.314176   0.0144663 -0.00562644     0.42176
IMAGINARY
          0  0.00283603   0.0149718  -0.0117352
-0.00283603           0  -0.0178245  -0.0118507
 -0.0149718   0.0178245           0  0.00902415
  0.0117352   0.0118507 -0.00902415           0
Repeater1[0]<--->HoM1[0]
REAL
   0.398172  -0.0145958 -0.00951367    0.314429
 -0.0145958   0.0861619  0.00408459 -0.00692969
-0.00951367  0.00408459   0.0770235  -0.0103738
   0.314429 -0.00692969  -0.0103738    0.438642
IMAGINARY
          0  0.00574681   0.0018511  0.00566279
-0.00574681           0  -0.0038223   0.0206953
 -0.0018511   0.0038223           0  0.00221075
-0.00566279  -0.0206953 -0.00221075           0
EndNode1[0]<--->Repeater1[0]
REAL
   0.410156 -0.00424837 6.76133e-05    0.327225
-0.00424837   0.0898438  0.00414781  0.00581474
6.76133e-05  0.00414781   0.0898438 -0.00424837
   0.327225  0.00581474 -0.00424837    0.410156
IMAGINARY
          0  -0.0160207   0.0125163  0.00343163
  0.0160207           0  0.00600233   0.0105606
 -0.0125163 -0.00600233           0  -0.0198767
-0.00343163  -0.0105606   0.0198767           0
EndNode2[0]<--->HoM1[0]
REAL
   0.395225 -0.00653888  0.00872994    0.340302
-0.00653888    0.100796   0.0128975 -0.00182906
 0.00872994   0.0128975   0.0769231 -0.00789023
   0.340302 -0.00182906 -0.00789023    0.427056
IMAGINARY
          0  -0.0267414  0.00638346   0.0209269
  0.0267414           0  0.00471416 -0.00177213
-0.00638346 -0.00471416           0   0.0102724
 -0.0209269  0.00177213  -0.0102724           0
Repeater1[0]<--->EndNode1[0]
REAL
   0.410156 6.76133e-05 -0.00424837    0.327225
6.76133e-05   0.0898438  0.00414781 -0.00424837
-0.00424837  0.00414781   0.0898438  0.00581474
   0.327225 -0.00424837  0.00581474    0.410156
IMAGINARY
          0   0.0125163  -0.0160207  0.00343163
 -0.0125163           0 -0.00600233  -0.0198767
  0.0160207  0.00600233           0   0.0105606
-0.00343163   0.0198767  -0.0105606           0
Repeater1[0]<--->HoM1[0]
REAL
   0.395225  0.00872994 -0.00653888    0.340302
 0.00872994   0.0769231   0.0128975 -0.00789023
-0.00653888   0.0128975    0.100796 -0.00182906
   0.340302 -0.00789023 -0.00182906    0.427056
IMAGINARY
          0  0.00638346  -0.0267414   0.0209269
-0.00638346           0 -0.00471416   0.0102724
  0.0267414  0.00471416           0 -0.00177213
 -0.0209269  -0.0102724  0.00177213           0
EndNode1[0]<--->Repeater1[0]
REAL
   0.410221  -0.0145672   0.0100904    0.322536
 -0.0145672   0.0801105 0.000142051  0.00619429
  0.0100904 0.000142051   0.0939227  0.00793275
   0.322536  0.00619429  0.00793275    0.415746
IMAGINARY
           0    0.0140934   -0.0125935  -0.00950898
  -0.0140934            0   0.00129153  0.000366962
   0.0125935  -0.00129153            0   0.00585512
  0.00950898 -0.000366962  -0.00585512            0
EndNode2[0]<--->HoM1[0]
REAL
   0.418514  -0.0174425  -0.0146413    0.336015
 -0.0174425    0.083442  0.00842912 -0.00758094
 -0.0146413  0.00842912   0.0977836 0.000158546
   0.336015 -0.00758094 0.000158546    0.400261
IMAGINARY
          0   0.0098359  0.00539103   0.0150422
 -0.0098359           0  -0.0125169  -0.0200781
-0.00539103   0.0125169           0  0.00101978
 -0.0150422   0.0200781 -0.00101978           0
Repeater1[0]<--->EndNode1[0]
REAL
   0.410221   0.0100904  -0.0145672    0.322536
  0.0100904   0.0939227 0.000142051  0.00793275
 -0.0145672 0.000142051   0.0801105  0.00619429
   0.322536  0.00793275  0.00619429    0.415746
IMAGINARY
           0   -0.0125935    0.0140934  -0.00950898
   0.0125935            0  -0.00129153   0.00585512
  -0.0140934   0.00129153            0  0.000366962
  0.00950898  -0.00585512 -0.000366962            0
Repeater1[0]<--->HoM1[0]
REAL
   0.418514  -0.0146413  -0.0174425    0.336015
 -0.0146413   0.0977836  0.00842912 0.000158546
 -0.0174425  0.00842912    0.083442 -0.00758094
   0.336015 0.000158546 -0.00758094    0.400261
IMAGINARY
          0  0.00539103   0.0098359   0.0150422
-0.00539103           0   0.0125169  0.00101978
 -0.0098359  -0.0125169           0  -0.0200781
 -0.0150422 -0.00101978   0.0200781           0
EndNode1[0]<--->Repeater1[0]
REAL
    0.421053 -0.000898038   -0.0312249     0.310715
-0.000898038        0.075   0.00843378   0.00462912
  -0.0312249   0.00843378    0.0907895   -0.0203786
    0.310715   0.00462912   -0.0203786     0.413158
IMAGINARY
          0  -0.0103777  0.00199469  -0.0107257
  0.0103777           0 -0.00769537  -0.0127678
-0.00199469  0.00769537           0  0.00340681
  0.0107257   0.0127678 -0.00340681           0
EndNode2[0]<--->HoM1[0]
REAL
   0.418011 -0.00270655  0.00465209    0.325909
-0.00270655    0.100806 -0.00977159 -0.00729759
 0.00465209 -0.00977159   0.0766129 -0.00655271
   0.325909 -0.00729759 -0.00655271     0.40457
IMAGINARY
          0 -0.00434909    0.013756  -0.0153673
 0.00434909           0 -0.00730275    0.014413
  -0.013756  0.00730275           0   0.0137388
  0.0153673   -0.014413  -0.0137388           0
Repeater1[0]<--->EndNode1[0]
REAL
    0.421053   -0.0312249 -0.000898038     0.310715
  -0.0312249    0.0907895   0.00843378   -0.0203786
-0.000898038   0.00843378        0.075   0.00462912
    0.310715   -0.0203786   0.00462912     0.413158
IMAGINARY
          0  0.00199469  -0.0103777  -0.0107257
-0.00199469           0  0.00769537  0.00340681
  0.0103777 -0.00769537           0  -0.0127678
  0.0107257 -0.00340681   0.0127678           0
Repeater1[0]<--->HoM1[0]
REAL
   0.418011  0.00465209 -0.00270655    0.325909
 0.00465209   0.0766129 -0.00977159 -0.00655271
-0.00270655 -0.00977159    0.100806 -0.00729759
   0.325909 -0.00655271 -0.00729759     0.40457
IMAGINARY
          0    0.013756 -0.00434909  -0.0153673
  -0.013756           0  0.00730275   0.0137388
 0.00434909 -0.00730275           0    0.014413
  0.0153673  -0.0137388   -0.014413           0
EndNode1[0]<--->Repeater1[0]
REAL
    0.39782  0.00644875 -0.00276536    0.330822
 0.00644875   0.0967302 -0.00377392  0.00471594
-0.00276536 -0.00377392   0.0844687  -0.0110001
   0.330822  0.00471594  -0.0110001    0.420981
IMAGINARY
          0   0.0090368 -0.00604449  0.00832299
 -0.0090368           0  -0.0145265  -0.0166828
 0.00604449   0.0145265           0 -0.00524892
-0.00832299   0.0166828  0.00524892           0
EndNode2[0]<--->HoM1[0]
REAL
   0.430052   0.0078849  0.00173341    0.330459
  0.0078849   0.0841969  0.00141033   0.0214786
 0.00173341  0.00141033   0.0880829 0.000270685
   0.330459   0.0214786 0.000270685    0.397668
IMAGINARY
          0  -0.0073823  0.00707778  -0.0145128
  0.0073823           0   0.0269311  0.00577569
-0.00707778  -0.0269311           0 -0.00675652
  0.0145128 -0.00577569  0.00675652           0
Repeater1[0]<--->EndNode1[0]
REAL
    0.39782 -0.00276536  0.00644875    0.330822
-0.00276536   0.0844687 -0.00377392  -0.0110001
 0.00644875 -0.00377392   0.0967302  0.00471594
   0.330822  -0.0110001  0.00471594    0.420981
IMAGINARY
          0 -0.00604449   0.0090368  0.00832299
 0.00604449           0   0.0145265 -0.00524892
 -0.0090368  -0.0145265           0  -0.0166828
-0.00832299  0.00524892   0.0166828           0
Repeater1[0]<--->HoM1[0]
REAL
   0.430052  0.00173341   0.0078849    0.330459
 0.00173341   0.0880829  0.00141033 0.000270685
  0.0078849  0.00141033   0.0841969   0.0214786
   0.330459 0.000270685   0.0214786    0.397668
IMAGINARY
          0  0.00707778  -0.0073823  -0.0145128
-0.00707778           0  -0.0269311 -0.00675652
  0.0073823   0.0269311           0  0.00577569
  0.0145128  0.00675652 -0.00577569           0
EndNode1[0]<--->Repeater1[0]
REAL
    0.42595   0.0130506 -0.00363293    0.316599
  0.0130506   0.0996068   0.0147736   -0.006171
-0.00363293   0.0147736   0.0969856  0.00459648
   0.316599   -0.006171  0.00459648    0.377457
IMAGINARY
           0 -0.000166511   -0.0105186   0.00655357
 0.000166511            0 -0.000561563    0.0137781
   0.0105186  0.000561563            0   -0.0161308
 -0.00655357   -0.0137781    0.0161308            0
EndNode2[0]<--->HoM1[0]
REAL
   0.421409   0.0112499 -0.00105137    0.335828
  0.0112499   0.0650407 -0.00906528  -0.0210514
-0.00105137 -0.00906528   0.0745257  -0.0106525
   0.335828  -0.0210514  -0.0106525    0.439024
IMAGINARY
          0  -0.0100963  0.00212986  -0.0032263
  0.0100963           0  0.00716331  0.00606686
-0.00212986 -0.00716331           0  -0.0069277
  0.0032263 -0.00606686   0.0069277           0
Repeater1[0]<--->EndNode1[0]
REAL
    0.42595 -0.00363293   0.0130506    0.316599
-0.00363293   0.0969856   0.0147736  0.00459648
  0.0130506   0.0147736   0.0996068   -0.006171
   0.316599  0.00459648   -0.006171    0.377457
IMAGINARY
           0   -0.0105186 -0.000166511   0.00655357
   0.0105186            0  0.000561563   -0.0161308
 0.000166511 -0.000561563            0    0.0137781
 -0.00655357    0.0161308   -0.0137781            0
Repeater1[0]<--->HoM1[0]
REAL
   0.421409 -0.00105137   0.0112499    0.335828
-0.00105137   0.0745257 -0.00906528  -0.0106525
  0.0112499 -0.00906528   0.0650407  -0.0210514
   0.335828  -0.0106525  -0.0210514    0.439024
IMAGINARY
          0  0.00212986  -0.0100963  -0.0032263
-0.00212986           0 -0.00716331  -0.0069277
  0.0100963  0.00716331           0  0.00606686
  0.0032263   0.0069277 -0.00606686           0
EndNode1[0]<--->Repeater1[0]
REAL
   0.393901 -0.00346881 -0.00223229    0.319881
-0.00346881   0.0787802 -0.00395365 -0.00951706
-0.00223229 -0.00395365   0.0914867   -0.012197
   0.319881 -0.00951706   -0.012197    0.435832
IMAGINARY
          0 -0.00612993 -0.00291074   0.0132836
 0.00612993           0   0.0107063  0.00291074
 0.00291074  -0.0107063           0  0.00094858
 -0.0132836 -0.00291074 -0.00094858           0
EndNode2[0]<--->HoM1[0]
REAL
   0.422104   0.0166106   0.0403867    0.315909
  0.0166106   0.0892144  0.00644346  -0.0203867
  0.0403867  0.00644346   0.0758988 -0.00719888
   0.315909  -0.0203867 -0.00719888    0.412783
IMAGINARY
           0    -0.018402   0.00766222    0.0105959
    0.018402            0   -0.0030582 -0.000380671
 -0.00766222    0.0030582            0    0.0147612
  -0.0105959  0.000380671   -0.0147612            0
Repeater1[0]<--->EndNode1[0]
REAL
   0.393901 -0.00223229 -0.00346881    0.319881
-0.00223229   0.0914867 -0.00395365   -0.012197
-0.00346881 -0.00395365   0.0787802 -0.00951706
   0.319881   -0.012197 -0.00951706    0.435832
IMAGINARY
          0 -0.00291074 -0.00612993   0.0132836
 0.00291074           0  -0.0107063  0.00094858
 0.00612993   0.0107063           0  0.00291074
 -0.0132836 -0.00094858 -0.00291074           0
Repeater1[0]<--->HoM1[0]
REAL
   0.422104   0.0403867   0.0166106    0.315909
  0.0403867   0.0758988  0.00644346 -0.00719888
  0.0166106  0.00644346   0.0892144  -0.0203867
   0.315909 -0.00719888  -0.0203867    0.412783
IMAGINARY
           0   0.00766222    -0.018402    0.0105959
 -0.00766222            0    0.0030582    0.0147612
    0.018402   -0.0030582            0 -0.000380671
  -0.0105959   -0.0147612  0.000380671            0
EndNode1[0]<--->Repeater1[0]
REAL
    0.430968   0.00242931   0.00159084     0.337512
  0.00242931    0.0851613   0.00696051 -0.000305493
  0.00159084   0.00696051    0.0670968  -0.00757069
    0.337512 -0.000305493  -0.00757069     0.416774
IMAGINARY
           0   -0.0230379    0.0049059   -0.0147624
   0.0230379            0    0.0180562    0.0111403
  -0.0049059   -0.0180562            0 -0.000710463
   0.0147624   -0.0111403  0.000710463            0
EndNode2[0]<--->HoM1[0]
REAL
   0.391791  0.00527449  -0.0105619     0.30084
 0.00527449   0.0995025 -0.00505644  0.00595061
 -0.0105619 -0.00505644   0.0895522  0.00460693
    0.30084  0.00595061  0.00460693    0.419154
IMAGINARY
          0  -0.0068136   0.0326519  -0.0123477
  0.0068136           0  -0.0162237 -0.00193933
 -0.0326519   0.0162237           0 -0.00424291
  0.0123477  0.00193933  0.00424291           0
Repeater1[0]<--->EndNode1[0]
REAL
    0.430968   0.00159084   0.00242931     0.337512
  0.00159084    0.0670968   0.00696051  -0.00757069
  0.00242931   0.00696051    0.0851613 -0.000305493
    0.337512  -0.00757069 -0.000305493     0.416774
IMAGINARY
           0    0.0049059   -0.0230379   -0.0147624
  -0.0049059            0   -0.0180562 -0.000710463
   0.0230379    0.0180562            0    0.0111403
   0.0147624  0.000710463   -0.0111403            0
Repeater1[0]<--->HoM1[0]
REAL
   0.391791  -0.0105619  0.00527449     0.30084
 -0.0105619   0.0895522 -0.00505644  0.00460693
 0.00527449 -0.00505644   0.0995025  0.00595061
    0.30084  0.00460693  0.00595061    0.419154
IMAGINARY
          0   0.0326519  -0.0068136  -0.0123477
 -0.0326519           0   0.0162237 -0.00424291
  0.0068136  -0.0162237           0 -0.00193933
  0.0123477  0.00424291  0.00193933           0
EndNode1[0]<--->Repeater1[0]
REAL
    0.414322    0.0128557    0.0114277     0.311313
   0.0128557    0.0677749 -0.000607784   0.00423813
   0.0114277 -0.000607784      0.07289  -0.00893921
    0.311313   0.00423813  -0.00893921     0.445013
IMAGINARY
          0  -0.0151012   0.0126648   0.0175781
  0.0151012           0  0.00641182  -0.0186251
 -0.0126648 -0.00641182           0 -0.00277957
 -0.0175781   0.0186251  0.00277957           0
EndNode2[0]<--->HoM1[0]
REAL
   0.416667   0.0221762   0.0145195    0.323547
  0.0221762   0.0833333 -0.00211864   0.0119355
  0.0145195 -0.00211864   0.0952381   0.0056016
   0.323547   0.0119355   0.0056016    0.404762
IMAGINARY
          0  0.00838864 -0.00632629 -0.00402151
-0.00838864           0  0.00466336  0.00269433
 0.00632629 -0.00466336           0 -0.00717799
 0.00402151 -0.00269433  0.00717799           0
Repeater1[0]<--->EndNode1[0]
REAL
    0.414322    0.0114277    0.0128557     0.311313
   0.0114277      0.07289 -0.000607784  -0.00893921
   0.0128557 -0.000607784    0.0677749   0.00423813
    0.311313  -0.00893921   0.00423813     0.445013
IMAGINARY
          0   0.0126648  -0.0151012   0.0175781
 -0.0126648           0 -0.00641182 -0.00277957
  0.0151012  0.00641182           0  -0.0186251
 -0.0175781  0.00277957   0.0186251           0
Repeater1[0]<--->HoM1[0]
REAL
   0.416667   0.0145195   0.0221762    0.323547
  0.0145195   0.0952381 -0.00211864   0.0056016
  0.0221762 -0.00211864   0.0833333   0.0119355
   0.323547   0.0056016   0.0119355    0.404762
IMAGINARY
          0 -0.00632629  0.00838864 -0.00402151
 0.00632629           0 -0.00466336 -0.00717799
-0.00838864  0.00466336           0  0.00269433
 0.00402151  0.00717799 -0.00269433           0
EndNode1[0]<--->Repeater1[0]
REAL
   0.427249  0.00940337  0.00864808    0.326248
 0.00940337   0.0793651   0.0103277 -0.00281151
 0.00864808   0.0103277   0.0806878  0.00940337
   0.326248 -0.00281151  0.00940337    0.412698
IMAGINARY
          0 -0.00215449   0.0148428  0.00537027
 0.00215449           0  -0.0100809  0.00630144
 -0.0148428   0.0100809           0  -0.0140147
-0.00537027 -0.00630144   0.0140147           0
EndNode2[0]<--->HoM1[0]
REAL
    0.41769   0.0171142  0.00274389    0.327604
  0.0171142   0.0933661   0.0101653  -0.0122496
 0.00274389   0.0101653   0.0958231 -0.00887591
   0.327604  -0.0122496 -0.00887591     0.39312
IMAGINARY
           0 -0.000463284   -0.0198691   0.00417217
 0.000463284            0   0.00287009    0.0103323
   0.0198691  -0.00287009            0   -0.0117983
 -0.00417217   -0.0103323    0.0117983            0
Repeater1[0]<--->EndNode1[0]
REAL
   0.427249  0.00864808  0.00940337    0.326248
 0.00864808   0.0806878   0.0103277  0.00940337
 0.00940337   0.0103277   0.0793651 -0.00281151
   0.326248  0.00940337 -0.00281151    0.412698
IMAGINARY
          0   0.0148428 -0.00215449  0.00537027
 -0.0148428           0   0.0100809  -0.0140147
 0.00215449  -0.0100809           0  0.00630144
-0.00537027   0.0140147 -0.00630144           0
Repeater1[0]<--->HoM1[0]
REAL
    0.41769  0.00274389   0.0171142    0.327604
 0.00274389   0.0958231   0.0101653 -0.00887591
  0.0171142   0.0101653   0.0933661  -0.0122496
   0.327604 -0.00887591  -0.0122496     0.39312
IMAGINARY
           0   -0.0198691 -0.000463284   0.00417217
   0.0198691            0  -0.00287009   -0.0117983
 0.000463284   0.00287009            0    0.0103323
 -0.00417217    0.0117983   -0.0103323            0
EndNode1[0]<--->Repeater1[0]
REAL
   0.403622   0.0012458  0.00212775    0.338175
  0.0012458   0.0957309  0.00440551 -0.00535355
 0.00212775  0.00440551   0.0996119 -0.00189096
   0.338175 -0.00535355 -0.00189096    0.401035
IMAGINARY
          0  -0.0121268  0.00626686   0.0347752
  0.0121268           0  0.00901564 -0.00888466
-0.00626686 -0.00901564           0   0.0212891
 -0.0347752  0.00888466  -0.0212891           0
EndNode2[0]<--->HoM1[0]
REAL
   0.402062  0.00640461   0.0401974    0.327427
 0.00640461   0.0811856  0.00701888 -0.00882222
  0.0401974  0.00701888   0.0979381   0.0249706
   0.327427 -0.00882222   0.0249706    0.418814
IMAGINARY
          0   0.0305945 -0.00876351 -0.00411016
 -0.0305945           0  -0.0143142  -0.0381753
 0.00876351   0.0143142           0   0.0163442
 0.00411016   0.0381753  -0.0163442           0
Repeater1[0]<--->EndNode1[0]
REAL
   0.403622  0.00212775   0.0012458    0.338175
 0.00212775   0.0996119  0.00440551 -0.00189096
  0.0012458  0.00440551   0.0957309 -0.00535355
   0.338175 -0.00189096 -0.00535355    0.401035
IMAGINARY
          0  0.00626686  -0.0121268   0.0347752
-0.00626686           0 -0.00901564   0.0212891
  0.0121268  0.00901564           0 -0.00888466
 -0.0347752  -0.0212891  0.00888466           0
Repeater1[0]<--->HoM1[0]
REAL
   0.402062   0.0401974  0.00640461    0.327427
  0.0401974   0.0979381  0.00701888   0.0249706
 0.00640461  0.00701888   0.0811856 -0.00882222
   0.327427   0.0249706 -0.00882222    0.418814
IMAGINARY
          0 -0.00876351   0.0305945 -0.00411016
 0.00876351           0   0.0143142   0.0163442
 -0.0305945  -0.0143142           0  -0.0381753
 0.00411016  -0.0163442   0.0381753           0
EndNode1[0]<--->Repeater1[0]
REAL
   0.395437  -0.0110426  -0.0207352    0.336012
 -0.0110426   0.0988593 -0.00916601   0.0120104
 -0.0207352 -0.00916601    0.100127 -0.00439365
   0.336012   0.0120104 -0.00439365    0.405577
IMAGINARY
           0  0.000561491  -0.00340981  -0.00144532
-0.000561491            0    0.0129838   -0.0118186
  0.00340981   -0.0129838            0    0.0197431
  0.00144532    0.0118186   -0.0197431            0
EndNode2[0]<--->HoM1[0]
REAL
    0.391909   0.00253489   0.00432219     0.320258
  0.00253489     0.079646   -0.0098255 -0.000505396
  0.00432219   -0.0098255    0.0897598  9.63837e-06
    0.320258 -0.000505396  9.63837e-06     0.438685
IMAGINARY
           0    0.0183863   -0.0090384   0.00438008
  -0.0183863            0 -0.000533926   -0.0188168
   0.0090384  0.000533926            0   -0.0100297
 -0.00438008    0.0188168    0.0100297            0
Repeater1[0]<--->EndNode1[0]
REAL
   0.395437  -0.0207352  -0.0110426    0.336012
 -0.0207352    0.100127 -0.00916601 -0.00439365
 -0.0110426 -0.00916601   0.0988593   0.0120104
   0.336012 -0.00439365   0.0120104    0.405577
IMAGINARY
           0  -0.00340981  0.000561491  -0.00144532
  0.00340981            0   -0.0129838    0.0197431
-0.000561491    0.0129838            0   -0.0118186
  0.00144532   -0.0197431    0.0118186            0
Repeater1[0]<--->HoM1[0]
REAL
    0.391909   0.00432219   0.00253489     0.320258
  0.00432219    0.0897598   -0.0098255  9.63837e-06
  0.00253489   -0.0098255     0.079646 -0.000505396
    0.320258  9.63837e-06 -0.000505396     0.438685
IMAGINARY
           0   -0.0090384    0.0183863   0.00438008
   0.0090384            0  0.000533926   -0.0100297
  -0.0183863 -0.000533926            0   -0.0188168
 -0.00438008    0.0100297    0.0188168            0
EndNode1[0]<--->Repeater1[0]
REAL
  0.422136  0.0138053 0.00608425   0.321244
 0.0138053  0.0952381 0.00129534  0.0159365
0.00608425 0.00129534  0.0862291 0.00951079
  0.321244  0.0159365 0.00951079   0.396396
IMAGINARY
          0  0.00490702 -0.00455904   0.0100552
-0.00490702           0 -0.00111433  0.00196837
 0.00455904  0.00111433           0  -0.0113837
 -0.0100552 -0.00196837   0.0113837           0
EndNode2[0]<--->HoM1[0]
REAL
   0.437751   0.0133435  0.00971894    0.337518
  0.0133435   0.0722892 -0.00232584  0.00329221
 0.00971894 -0.00232584   0.0749665 -0.00900644
   0.337518  0.00329221 -0.00900644    0.414993
IMAGINARY
          0  0.00132407 -0.00371875  -0.0118163
-0.00132407           0   0.0105908  -0.0197187
 0.00371875  -0.0105908           0   0.0182072
  0.0118163   0.0197187  -0.0182072           0
Repeater1[0]<--->EndNode1[0]
REAL
  0.422136 0.00608425  0.0138053   0.321244
0.00608425  0.0862291 0.00129534 0.00951079
 0.0138053 0.00129534  0.0952381  0.0159365
  0.321244 0.00951079  0.0159365   0.396396
IMAGINARY
          0 -0.00455904  0.00490702   0.0100552
 0.00455904           0  0.00111433  -0.0113837
-0.00490702 -0.00111433           0  0.00196837
 -0.0100552   0.0113837 -0.00196837           0
Repeater1[0]<--->HoM1[0]
REAL
   0.437751  0.00971894   0.0133435    0.337518
 0.00971894   0.0749665 -0.00232584 -0.00900644
  0.0133435 -0.00232584   0.0722892  0.00329221
   0.337518 -0.00900644  0.00329221    0.414993
IMAGINARY
          0 -0.00371875  0.00132407  -0.0118163
 0.00371875           0  -0.0105908   0.0182072
-0.00132407   0.0105908           0  -0.0197187
  0.0118163  -0.0182072   0.0197187           0
EndNode1[0]<--->Repeater1[0]
REAL
   0.389031 -0.00149625  0.00713089    0.328683
-0.00149625   0.0905612 -0.00552026  0.00345442
 0.00713089 -0.00552026    0.103316  0.00460958
   0.328683  0.00345442  0.00460958    0.417092
IMAGINARY
           0    0.0148126    -0.017889  -0.00202056
  -0.0148126            0    0.0151785  0.000917733
    0.017889   -0.0151785            0   0.00346415
  0.00202056 -0.000917733  -0.00346415            0
EndNode2[0]<--->HoM1[0]
REAL
   0.439181  0.00300064  0.00733912    0.307542
 0.00300064    0.104994   0.0101733  0.00228861
 0.00733912   0.0101733   0.0909091 -0.00620988
   0.307542  0.00228861 -0.00620988    0.364917
IMAGINARY
           0  -0.00684125  -0.00918641  -0.00952078
  0.00684125            0    0.0257273 -2.41113e-05
  0.00918641   -0.0257273            0    0.0134202
  0.00952078  2.41113e-05   -0.0134202            0
Repeater1[0]<--->EndNode1[0]
REAL
   0.389031  0.00713089 -0.00149625    0.328683
 0.00713089    0.103316 -0.00552026  0.00460958
-0.00149625 -0.00552026   0.0905612  0.00345442
   0.328683  0.00460958  0.00345442    0.417092
IMAGINARY
           0    -0.017889    0.0148126  -0.00202056
    0.017889            0   -0.0151785   0.00346415
  -0.0148126    0.0151785            0  0.000917733
  0.00202056  -0.00346415 -0.000917733            0
Repeater1[0]<--->HoM1[0]
REAL
   0.439181  0.00733912  0.00300064    0.307542
 0.00733912   0.0909091   0.0101733 -0.00620988
 0.00300064   0.0101733    0.104994  0.00228861
   0.307542 -0.00620988  0.00228861    0.364917
IMAGINARY
           0  -0.00918641  -0.00684125  -0.00952078
  0.00918641            0   -0.0257273    0.0134202
  0.00684125    0.0257273            0 -2.41113e-05
  0.00952078   -0.0134202  2.41113e-05            0
EndNode1[0]<--->Repeater1[0]
REAL
   0.437741  0.00744325  -0.0157626    0.327281
 0.00744325   0.0937099  0.00605214 -0.00507075
 -0.0157626  0.00605214   0.0988447  -0.0360891
   0.327281 -0.00507075  -0.0360891    0.369705
IMAGINARY
          0   0.0121853  -0.0244863  -0.0117124
 -0.0121853           0  -0.0123382 -0.00344668
  0.0244863   0.0123382           0    0.010161
  0.0117124  0.00344668   -0.010161           0
EndNode2[0]<--->HoM1[0]
REAL
     0.43375  0.000981601   0.00970849     0.336152
 0.000981601      0.08625 -0.000608579   -0.0163398
  0.00970849 -0.000608579      0.07625  0.000344659
    0.336152   -0.0163398  0.000344659      0.40375
IMAGINARY
          0  -0.0264094   0.0158257  0.00919009
  0.0264094           0 -0.00261115  0.00988121
 -0.0158257  0.00261115           0 -0.00315358
-0.00919009 -0.00988121  0.00315358           0
Repeater1[0]<--->EndNode1[0]
REAL
   0.437741  -0.0157626  0.00744325    0.327281
 -0.0157626   0.0988447  0.00605214  -0.0360891
 0.00744325  0.00605214   0.0937099 -0.00507075
   0.327281  -0.0360891 -0.00507075    0.369705
IMAGINARY
          0  -0.0244863   0.0121853  -0.0117124
  0.0244863           0   0.0123382    0.010161
 -0.0121853  -0.0123382           0 -0.00344668
  0.0117124   -0.010161  0.00344668           0
Repeater1[0]<--->HoM1[0]
REAL
     0.43375   0.00970849  0.000981601     0.336152
  0.00970849      0.07625 -0.000608579  0.000344659
 0.000981601 -0.000608579      0.08625   -0.0163398
    0.336152  0.000344659   -0.0163398      0.40375
IMAGINARY
          0   0.0158257  -0.0264094  0.00919009
 -0.0158257           0  0.00261115 -0.00315358
  0.0264094 -0.00261115           0  0.00988121
-0.00919009  0.00315358 -0.00988121           0
EndNode1[0]<--->Repeater1[0]
REAL
     0.4214   0.0251369  0.00433565    0.320206
  0.0251369   0.0805812  0.00729414  0.00191435
 0.00433565  0.00729414   0.0713342 -0.00388687
   0.320206  0.00191435 -0.00388687    0.426684
IMAGINARY
          0   0.0166734 -0.00501653   0.0135172
 -0.0166734           0  0.00426936  0.00567529
 0.00501653 -0.00426936           0  0.00374822
 -0.0135172 -0.00567529 -0.00374822           0
EndNode2[0]<--->HoM1[0]
REAL
    0.401515 -0.000811513   0.00522523      0.31773
-0.000811513     0.102273  -0.00224573    0.0134844
  0.00522523  -0.00224573    0.0820707   0.00532764
     0.31773    0.0134844   0.00532764     0.414141
IMAGINARY
           0    -0.011671    0.0232207  -0.00987286
    0.011671            0 -0.000140496   0.00205671
  -0.0232207  0.000140496            0   -0.0136065
  0.00987286  -0.00205671    0.0136065            0
Repeater1[0]<--->EndNode1[0]
REAL
     0.4214  0.00433565   0.0251369    0.320206
 0.00433565   0.0713342  0.00729414 -0.00388687
  0.0251369  0.00729414   0.0805812  0.00191435
   0.320206 -0.00388687  0.00191435    0.426684
IMAGINARY
          0 -0.00501653   0.0166734   0.0135172
 0.00501653           0 -0.00426936  0.00374822
 -0.0166734  0.00426936           0  0.00567529
 -0.0135172 -0.00374822 -0.00567529           0
Repeater1[0]<--->HoM1[0]
REAL
    0.401515   0.00522523 -0.000811513      0.31773
  0.00522523    0.0820707  -0.00224573   0.00532764
-0.000811513  -0.00224573     0.102273    0.0134844
     0.31773   0.00532764    0.0134844     0.414141
IMAGINARY
           0    0.0232207    -0.011671  -0.00987286
  -0.0232207            0  0.000140496   -0.0136065
    0.011671 -0.000140496            0   0.00205671
  0.00987286    0.0136065  -0.00205671            0
EndNode1[0]<--->Repeater1[0]
REAL
   0.396947   0.0234586 -0.00181036    0.328897
  0.0234586   0.0928753  0.00607829    0.007968
-0.00181036  0.00607829    0.100509  0.00732957
   0.328897    0.007968  0.00732957    0.409669
IMAGINARY
          0  0.00436242  0.00491976    0.012142
-0.00436242           0   0.0146995  -0.0136446
-0.00491976  -0.0146995           0  0.00436242
  -0.012142   0.0136446 -0.00436242           0
EndNode2[0]<--->HoM1[0]
REAL
   0.419023  0.00789483 -0.00204184    0.330281
 0.00789483    0.106684  0.00153113  0.00530129
-0.00204184  0.00153113   0.0976864 -0.00593916
   0.330281  0.00530129 -0.00593916    0.376607
IMAGINARY
           0  -0.00382557   0.00490166  -0.00631394
  0.00382557            0 -0.000639285  -0.00615166
 -0.00490166  0.000639285            0    0.0163256
  0.00631394   0.00615166   -0.0163256            0
Repeater1[0]<--->EndNode1[0]
REAL
   0.396947 -0.00181036   0.0234586    0.328897
-0.00181036    0.100509  0.00607829  0.00732957
  0.0234586  0.00607829   0.0928753    0.007968
   0.328897  0.00732957    0.007968    0.409669
IMAGINARY
          0  0.00491976  0.00436242    0.012142
-0.00491976           0  -0.0146995  0.00436242
-0.00436242   0.0146995           0  -0.0136446
  -0.012142 -0.00436242   0.0136446           0
Repeater1[0]<--->HoM1[0]
REAL
   0.419023 -0.00204184  0.00789483    0.330281
-0.00204184   0.0976864  0.00153113 -0.00593916
 0.00789483  0.00153113    0.106684  0.00530129
   0.330281 -0.00593916  0.00530129    0.376607
IMAGINARY
           0   0.00490166  -0.00382557  -0.00631394
 -0.00490166            0  0.000639285    0.0163256
  0.00382557 -0.000639285            0  -0.00615166
  0.00631394   -0.0163256   0.00615166            0
EndNode1[0]<--->Repeater1[0]
REAL
   0.422425  0.00719512 -0.00171836    0.330382
 0.00719512   0.0938722   0.0118637   0.0124135
-0.00171836   0.0118637   0.0873533   0.0115215
   0.330382   0.0124135   0.0115215    0.396349
IMAGINARY
          0 -0.00775701  0.00933465  0.00985595
 0.00775701           0  0.00683297  0.00424559
-0.00933465 -0.00683297           0  -0.0268109
-0.00985595 -0.00424559   0.0268109           0
EndNode2[0]<--->HoM1[0]
REAL
   0.393822 -0.00300984  -0.0103203    0.340577
-0.00300984   0.0797941   0.0101133   0.0147118
 -0.0103203   0.0101133   0.0707851   0.0111654
   0.340577   0.0147118   0.0111654    0.455598
IMAGINARY
          0  0.00787485  0.00448552   0.0168592
-0.00787485           0 -0.00532076  -0.0144193
-0.00448552  0.00532076           0  -0.0164841
 -0.0168592   0.0144193   0.0164841           0
Repeater1[0]<--->EndNode1[0]
REAL
   0.422425 -0.00171836  0.00719512    0.330382
-0.00171836   0.0873533   0.0118637   0.0115215
 0.00719512   0.0118637   0.0938722   0.0124135
   0.330382   0.0115215   0.0124135    0.396349
IMAGINARY
          0  0.00933465 -0.00775701  0.00985595
-0.00933465           0 -0.00683297  -0.0268109
 0.00775701  0.00683297           0  0.00424559
-0.00985595   0.0268109 -0.00424559           0
Repeater1[0]<--->HoM1[0]
REAL
   0.393822  -0.0103203 -0.00300984    0.340577
 -0.0103203   0.0707851   0.0101133   0.0111654
-0.00300984   0.0101133   0.0797941   0.0147118
   0.340577   0.0111654   0.0147118    0.455598
IMAGINARY
          0  0.00448552  0.00787485   0.0168592
-0.00448552           0  0.00532076  -0.0164841
-0.00787485 -0.00532076           0  -0.0144193
 -0.0168592   0.0164841   0.0144193           0
EndNode1[0]<--->Repeater1[0]
REAL
    0.381323 -0.000940259  -0.00212704     0.330037
-0.000940259     0.077821   0.00263242   0.00810314
 -0.00212704   0.00263242     0.075227   0.00160427
    0.330037   0.00810314   0.00160427     0.465629
IMAGINARY
          0    -0.01252   0.0102604  0.00219563
    0.01252           0  0.00405437 -0.00301398
 -0.0102604 -0.00405437           0  -0.0118542
-0.00219563  0.00301398   0.0118542           0
EndNode2[0]<--->HoM1[0]
REAL
    0.390244     0.012114    0.0138405     0.314385
    0.012114    0.0924262   0.00535229   -0.0217352
   0.0138405   0.00535229    0.0911425 -0.000271907
    0.314385   -0.0217352 -0.000271907     0.426187
IMAGINARY
          0 -0.00205584 -0.00836927   0.0056489
 0.00205584           0  0.00630079   0.0167564
 0.00836927 -0.00630079           0   0.0220558
 -0.0056489  -0.0167564  -0.0220558           0
Repeater1[0]<--->EndNode1[0]
REAL
    0.381323  -0.00212704 -0.000940259     0.330037
 -0.00212704     0.075227   0.00263242   0.00160427
-0.000940259   0.00263242     0.077821   0.00810314
    0.330037   0.00160427   0.00810314     0.465629
IMAGINARY
          0   0.0102604    -0.01252  0.00219563
 -0.0102604           0 -0.00405437  -0.0118542
    0.01252  0.00405437           0 -0.00301398
-0.00219563   0.0118542  0.00301398           0
Repeater1[0]<--->HoM1[0]
REAL
    0.390244    0.0138405     0.012114     0.314385
   0.0138405    0.0911425   0.00535229 -0.000271907
    0.012114   0.00535229    0.0924262   -0.0217352
    0.314385 -0.000271907   -0.0217352     0.426187
IMAGINARY
          0 -0.00836927 -0.00205584   0.0056489
 0.00836927           0 -0.00630079   0.0220558
 0.00205584  0.00630079           0   0.0167564
 -0.0056489  -0.0220558  -0.0167564           0
EndNode1[0]<--->Repeater1[0]
REAL
   0.419395   0.0048085 -0.00236207    0.322512
  0.0048085   0.0919395 -0.00503135  0.00107672
-0.00236207 -0.00503135   0.0856423  0.00418893
