EndNode1[0]<--->Repeater1[0]
REAL
    0.45655  -0.0130336 -0.00197009    0.133998
 -0.0130336   0.0881971  -0.0101574 -0.00134116
-0.00197009  -0.0101574    0.080415 -0.00352271
   0.133998 -0.00134116 -0.00352271    0.374838
IMAGINARY
          0  0.00548514   -0.020847  -0.0238329
-0.00548514           0 -0.00737725  0.00526262
   0.020847  0.00737725           0   0.0126967
  0.0238329 -0.00526262  -0.0126967           0
EndNode2[0]<--->HoM1[0]
REAL
   0.417355 -0.00363243   0.0106208    0.157545
-0.00363243   0.0922865  0.00208257   0.0235407
  0.0106208  0.00208257   0.0785124   0.0129492
   0.157545   0.0235407   0.0129492    0.411846
IMAGINARY
          0  0.00135327 -0.00103986  0.00177279
-0.00135327           0   0.0145245  0.00524154
 0.00103986  -0.0145245           0  0.00524937
-0.00177279 -0.00524154 -0.00524937           0
Repeater1[0]<--->EndNode1[0]
REAL
    0.45655 -0.00197009  -0.0130336    0.133998
-0.00197009    0.080415  -0.0101574 -0.00352271
 -0.0130336  -0.0101574   0.0881971 -0.00134116
   0.133998 -0.00352271 -0.00134116    0.374838
IMAGINARY
          0   -0.020847  0.00548514  -0.0238329
   0.020847           0  0.00737725   0.0126967
-0.00548514 -0.00737725           0  0.00526262
  0.0238329  -0.0126967 -0.00526262           0
Repeater1[0]<--->HoM1[0]
REAL
   0.417355   0.0106208 -0.00363243    0.157545
  0.0106208   0.0785124  0.00208257   0.0129492
-0.00363243  0.00208257   0.0922865   0.0235407
   0.157545   0.0129492   0.0235407    0.411846
IMAGINARY
          0 -0.00103986  0.00135327  0.00177279
 0.00103986           0  -0.0145245  0.00524937
-0.00135327   0.0145245           0  0.00524154
-0.00177279 -0.00524937 -0.00524154           0
EndNode1[0]<--->Repeater1[0]
REAL
    0.42487   0.0116435 -0.00334583    0.137254
  0.0116435   0.0958549  0.00263876 -0.00267827
-0.00334583  0.00263876   0.0945596   0.0077675
   0.137254 -0.00267827   0.0077675    0.384715
IMAGINARY
          0   0.0127045  -0.0108649    0.017728
 -0.0127045           0  -0.0049698 -0.00451972
  0.0108649   0.0049698           0  0.00139802
  -0.017728  0.00451972 -0.00139802           0
EndNode2[0]<--->HoM1[0]
REAL
   0.419312  -0.0209677 -0.00869094    0.120508
 -0.0209677    0.100529  -0.0147864   0.0211288
-0.00869094  -0.0147864   0.0767196  -0.0126144
   0.120508   0.0211288  -0.0126144    0.403439
IMAGINARY
          0  0.00228758  -0.0112949 -0.00671472
-0.00228758           0  -0.0123894 -0.00504493
  0.0112949   0.0123894           0  0.00228758
 0.00671472  0.00504493 -0.00228758           0
Repeater1[0]<--->EndNode1[0]
REAL
    0.42487 -0.00334583   0.0116435    0.137254
-0.00334583   0.0945596  0.00263876   0.0077675
  0.0116435  0.00263876   0.0958549 -0.00267827
   0.137254   0.0077675 -0.00267827    0.384715
IMAGINARY
          0  -0.0108649   0.0127045    0.017728
  0.0108649           0   0.0049698  0.00139802
 -0.0127045  -0.0049698           0 -0.00451972
  -0.017728 -0.00139802  0.00451972           0
Repeater1[0]<--->HoM1[0]
REAL
   0.419312 -0.00869094  -0.0209677    0.120508
-0.00869094   0.0767196  -0.0147864  -0.0126144
 -0.0209677  -0.0147864    0.100529   0.0211288
   0.120508  -0.0126144   0.0211288    0.403439
IMAGINARY
          0  -0.0112949  0.00228758 -0.00671472
  0.0112949           0   0.0123894  0.00228758
-0.00228758  -0.0123894           0 -0.00504493
 0.00671472 -0.00228758  0.00504493           0
EndNode1[0]<--->Repeater1[0]
REAL
    0.43303 -6.4753e-05  0.00601369    0.126727
-6.4753e-05   0.0949285 0.000477015  -0.0123109
 0.00601369 0.000477015    0.083225  0.00636198
   0.126727  -0.0123109  0.00636198    0.388817
IMAGINARY
          0 -0.00659198 -0.00420337  0.00191204
 0.00659198           0  0.00784089   0.0217034
 0.00420337 -0.00784089           0  0.00284198
-0.00191204  -0.0217034 -0.00284198           0
EndNode2[0]<--->HoM1[0]
REAL
   0.421185   0.0141977    0.014584    0.138791
  0.0141977   0.0807062  0.00950318 -0.00802235
   0.014584  0.00950318   0.0807062  0.00286268
   0.138791 -0.00802235  0.00286268    0.417402
IMAGINARY
          0  -0.0121937 -0.00136914    0.029122
  0.0121937           0   -0.010701 -0.00258865
 0.00136914    0.010701           0   0.0306634
  -0.029122  0.00258865  -0.0306634           0
Repeater1[0]<--->EndNode1[0]
REAL
    0.43303  0.00601369 -6.4753e-05    0.126727
 0.00601369    0.083225 0.000477015  0.00636198
-6.4753e-05 0.000477015   0.0949285  -0.0123109
   0.126727  0.00636198  -0.0123109    0.388817
IMAGINARY
          0 -0.00420337 -0.00659198  0.00191204
 0.00420337           0 -0.00784089  0.00284198
 0.00659198  0.00784089           0   0.0217034
-0.00191204 -0.00284198  -0.0217034           0
Repeater1[0]<--->HoM1[0]
REAL
   0.421185    0.014584   0.0141977    0.138791
   0.014584   0.0807062  0.00950318  0.00286268
  0.0141977  0.00950318   0.0807062 -0.00802235
   0.138791  0.00286268 -0.00802235    0.417402
IMAGINARY
          0 -0.00136914  -0.0121937    0.029122
 0.00136914           0    0.010701   0.0306634
  0.0121937   -0.010701           0 -0.00258865
  -0.029122  -0.0306634  0.00258865           0
EndNode1[0]<--->Repeater1[0]
REAL
   0.409262 -0.00708308   0.0159691    0.146918
-0.00708308   0.0951189  0.00433715 -0.00738256
  0.0159691  0.00433715   0.0926158  -0.0160345
   0.146918 -0.00738256  -0.0160345    0.403004
IMAGINARY
          0  0.00858194 -0.00446768  0.00270457
-0.00858194           0   0.0188737 -0.00133877
 0.00446768  -0.0188737           0 -0.00148517
-0.00270457  0.00133877  0.00148517           0
EndNode2[0]<--->HoM1[0]
REAL
   0.410156  0.00390447  -0.0196942    0.126658
 0.00390447   0.0794271  0.00947077  -0.0144994
 -0.0196942  0.00947077   0.0872396 -0.00454963
   0.126658  -0.0144994 -0.00454963    0.423177
IMAGINARY
         0   0.011633 -0.0162492 -0.0182734
 -0.011633          0 -0.0109887 -0.0110946
 0.0162492  0.0109887          0 -0.0103309
 0.0182734  0.0110946  0.0103309          0
Repeater1[0]<--->EndNode1[0]
REAL
   0.409262   0.0159691 -0.00708308    0.146918
  0.0159691   0.0926158  0.00433715  -0.0160345
-0.00708308  0.00433715   0.0951189 -0.00738256
   0.146918  -0.0160345 -0.00738256    0.403004
IMAGINARY
          0 -0.00446768  0.00858194  0.00270457
 0.00446768           0  -0.0188737 -0.00148517
-0.00858194   0.0188737           0 -0.00133877
-0.00270457  0.00148517  0.00133877           0
Repeater1[0]<--->HoM1[0]
REAL
   0.410156  -0.0196942  0.00390447    0.126658
 -0.0196942   0.0872396  0.00947077 -0.00454963
 0.00390447  0.00947077   0.0794271  -0.0144994
   0.126658 -0.00454963  -0.0144994    0.423177
IMAGINARY
         0 -0.0162492   0.011633 -0.0182734
 0.0162492          0  0.0109887 -0.0103309
 -0.011633 -0.0109887          0 -0.0110946
 0.0182734  0.0103309  0.0110946          0
EndNode1[0]<--->Repeater1[0]
REAL
    0.43364 0.000358285  0.00276973    0.146122
0.000358285    0.088042   0.0152323 -0.00343374
 0.00276973   0.0152323   0.0959264  0.00827385
   0.146122 -0.00343374  0.00827385    0.382392
IMAGINARY
           0    0.0235057   0.00900445  0.000617121
  -0.0235057            0   0.00815481   0.00146676
 -0.00900445  -0.00815481            0   0.00267234
-0.000617121  -0.00146676  -0.00267234            0
EndNode2[0]<--->HoM1[0]
REAL
   0.420986  -0.0129027  0.00400813    0.127603
 -0.0129027    0.102402   0.0113236  0.00337442
 0.00400813   0.0113236   0.0733249 -0.00790268
   0.127603  0.00337442 -0.00790268    0.403287
IMAGINARY
          0   0.0298014  -0.0128599 -0.00402709
 -0.0298014           0 -0.00593307  0.00510792
  0.0128599  0.00593307           0   0.0231701
 0.00402709 -0.00510792  -0.0231701           0
Repeater1[0]<--->EndNode1[0]
REAL
    0.43364  0.00276973 0.000358285    0.146122
 0.00276973   0.0959264   0.0152323  0.00827385
0.000358285   0.0152323    0.088042 -0.00343374
   0.146122  0.00827385 -0.00343374    0.382392
IMAGINARY
           0   0.00900445    0.0235057  0.000617121
 -0.00900445            0  -0.00815481   0.00267234
  -0.0235057   0.00815481            0   0.00146676
-0.000617121  -0.00267234  -0.00146676            0
Repeater1[0]<--->HoM1[0]
REAL
   0.420986  0.00400813  -0.0129027    0.127603
 0.00400813   0.0733249   0.0113236 -0.00790268
 -0.0129027   0.0113236    0.102402  0.00337442
   0.127603 -0.00790268  0.00337442    0.403287
IMAGINARY
          0  -0.0128599   0.0298014 -0.00402709
  0.0128599           0  0.00593307   0.0231701
 -0.0298014 -0.00593307           0  0.00510792
 0.00402709  -0.0231701 -0.00510792           0
EndNode1[0]<--->Repeater1[0]
REAL
   0.433584   0.0247998 -0.00732848    0.140818
  0.0247998   0.0726817 -0.00703449 -0.00348233
-0.00732848 -0.00703449   0.0977444  0.00628128
   0.140818 -0.00348233  0.00628128     0.39599
IMAGINARY
          0   0.0180985  -0.0198607 -0.00381403
 -0.0180985           0  -0.0101916   0.0118853
  0.0198607   0.0101916           0    -0.02362
 0.00381403  -0.0118853     0.02362           0
EndNode2[0]<--->HoM1[0]
REAL
    0.440154   -0.0140351  -0.00311626     0.143359
  -0.0140351    0.0823681   0.00881537   -0.0235918
 -0.00311626   0.00881537    0.0759331 -0.000250627
    0.143359   -0.0235918 -0.000250627     0.401544
IMAGINARY
          0   0.0127503  -0.0275296 -0.00806765
 -0.0127503           0  -0.0119841   0.0106334
  0.0275296   0.0119841           0 -0.00586671
 0.00806765  -0.0106334  0.00586671           0
Repeater1[0]<--->EndNode1[0]
REAL
   0.433584 -0.00732848   0.0247998    0.140818
-0.00732848   0.0977444 -0.00703449  0.00628128
  0.0247998 -0.00703449   0.0726817 -0.00348233
   0.140818  0.00628128 -0.00348233     0.39599
IMAGINARY
          0  -0.0198607   0.0180985 -0.00381403
  0.0198607           0   0.0101916    -0.02362
 -0.0180985  -0.0101916           0   0.0118853
 0.00381403     0.02362  -0.0118853           0
Repeater1[0]<--->HoM1[0]
REAL
    0.440154  -0.00311626   -0.0140351     0.143359
 -0.00311626    0.0759331   0.00881537 -0.000250627
  -0.0140351   0.00881537    0.0823681   -0.0235918
    0.143359 -0.000250627   -0.0235918     0.401544
IMAGINARY
          0  -0.0275296   0.0127503 -0.00806765
  0.0275296           0   0.0119841 -0.00586671
 -0.0127503  -0.0119841           0   0.0106334
 0.00806765  0.00586671  -0.0106334           0
EndNode1[0]<--->Repeater1[0]
REAL
   0.397094  -0.0143931    0.018347    0.113136
 -0.0143931    0.098063 -0.00699806  -0.0157895
   0.018347 -0.00699806   0.0811138 -0.00350967
   0.113136  -0.0157895 -0.00350967    0.423729
IMAGINARY
          0 -0.00605722   0.0101328  0.00579791
 0.00605722           0  0.00646016   0.0120149
 -0.0101328 -0.00646016           0  0.00404379
-0.00579791  -0.0120149 -0.00404379           0
EndNode2[0]<--->HoM1[0]
REAL
   0.412129  0.00660249   0.0141482    0.137861
 0.00660249   0.0767327 -0.00319813 -0.00541999
  0.0141482 -0.00319813   0.0878713 -0.00161496
   0.137861 -0.00541999 -0.00161496    0.423267
IMAGINARY
          0  0.00502674   0.0235905   0.0115609
-0.00502674           0 -0.00972941   0.0154824
 -0.0235905  0.00972941           0   -0.024232
 -0.0115609  -0.0154824    0.024232           0
Repeater1[0]<--->EndNode1[0]
REAL
   0.397094    0.018347  -0.0143931    0.113136
   0.018347   0.0811138 -0.00699806 -0.00350967
 -0.0143931 -0.00699806    0.098063  -0.0157895
   0.113136 -0.00350967  -0.0157895    0.423729
IMAGINARY
          0   0.0101328 -0.00605722  0.00579791
 -0.0101328           0 -0.00646016  0.00404379
 0.00605722  0.00646016           0   0.0120149
-0.00579791 -0.00404379  -0.0120149           0
Repeater1[0]<--->HoM1[0]
REAL
   0.412129   0.0141482  0.00660249    0.137861
  0.0141482   0.0878713 -0.00319813 -0.00161496
 0.00660249 -0.00319813   0.0767327 -0.00541999
   0.137861 -0.00161496 -0.00541999    0.423267
IMAGINARY
          0   0.0235905  0.00502674   0.0115609
 -0.0235905           0  0.00972941   -0.024232
-0.00502674 -0.00972941           0   0.0154824
 -0.0115609    0.024232  -0.0154824           0
EndNode1[0]<--->Repeater1[0]
REAL
  0.398726 0.00872821 0.00512246   0.124902
0.00872821  0.0917197  0.0180423 0.00776098
0.00512246  0.0180423  0.0866242 -0.0191577
  0.124902 0.00776098 -0.0191577    0.42293
IMAGINARY
          0 -0.00689903  0.00989446  -0.0111804
 0.00689903           0  -0.0118157  0.00989446
-0.00989446   0.0118157           0  -0.0023358
  0.0111804 -0.00989446   0.0023358           0
EndNode2[0]<--->HoM1[0]
REAL
  0.395473  0.0114287 -0.0293967   0.146957
 0.0114287  0.0905459  0.0188783  0.0244091
-0.0293967  0.0188783  0.0798935 0.00353393
  0.146957  0.0244091 0.00353393   0.434088
IMAGINARY
           0 -0.000425264  0.000447683    0.0209433
 0.000425264            0   0.00770249  -0.00537379
-0.000447683  -0.00770249            0   0.00535137
  -0.0209433   0.00537379  -0.00535137            0
Repeater1[0]<--->EndNode1[0]
REAL
  0.398726 0.00512246 0.00872821   0.124902
0.00512246  0.0866242  0.0180423 -0.0191577
0.00872821  0.0180423  0.0917197 0.00776098
  0.124902 -0.0191577 0.00776098    0.42293
IMAGINARY
          0  0.00989446 -0.00689903  -0.0111804
-0.00989446           0   0.0118157  -0.0023358
 0.00689903  -0.0118157           0  0.00989446
  0.0111804   0.0023358 -0.00989446           0
Repeater1[0]<--->HoM1[0]
REAL
  0.395473 -0.0293967  0.0114287   0.146957
-0.0293967  0.0798935  0.0188783 0.00353393
 0.0114287  0.0188783  0.0905459  0.0244091
  0.146957 0.00353393  0.0244091   0.434088
IMAGINARY
           0  0.000447683 -0.000425264    0.0209433
-0.000447683            0  -0.00770249   0.00535137
 0.000425264   0.00770249            0  -0.00537379
  -0.0209433  -0.00535137   0.00537379            0
EndNode1[0]<--->Repeater1[0]
REAL
   0.417112  0.00731823  0.00718085    0.115139
 0.00731823    0.092246 0.000650235   0.0178191
 0.00718085 0.000650235   0.0668449   0.0150502
   0.115139   0.0178191   0.0150502    0.423797
IMAGINARY
          0  0.00301032  -0.0126432   0.0234059
-0.00301032           0  0.00430186 -0.00482126
  0.0126432 -0.00430186           0 -0.00883179
 -0.0234059  0.00482126  0.00883179           0
EndNode2[0]<--->HoM1[0]
REAL
   0.392082   0.0128458 -0.00508238    0.141066
  0.0128458   0.0817369  0.00214349   0.0137244
-0.00508238  0.00214349   0.0983397  -0.0128458
   0.141066   0.0137244  -0.0128458    0.427842
IMAGINARY
          0  -0.0182412   0.0175305  0.00909575
  0.0182412           0  -0.0136003  0.00144137
 -0.0175305   0.0136003           0   0.0151812
-0.00909575 -0.00144137  -0.0151812           0
Repeater1[0]<--->EndNode1[0]
REAL
   0.417112  0.00718085  0.00731823    0.115139
 0.00718085   0.0668449 0.000650235   0.0150502
 0.00731823 0.000650235    0.092246   0.0178191
   0.115139   0.0150502   0.0178191    0.423797
IMAGINARY
          0  -0.0126432  0.00301032   0.0234059
  0.0126432           0 -0.00430186 -0.00883179
-0.00301032  0.00430186           0 -0.00482126
 -0.0234059  0.00883179  0.00482126           0
Repeater1[0]<--->HoM1[0]
REAL
   0.392082 -0.00508238   0.0128458    0.141066
-0.00508238   0.0983397  0.00214349  -0.0128458
  0.0128458  0.00214349   0.0817369   0.0137244
   0.141066  -0.0128458   0.0137244    0.427842
IMAGINARY
          0   0.0175305  -0.0182412  0.00909575
 -0.0175305           0   0.0136003   0.0151812
  0.0182412  -0.0136003           0  0.00144137
-0.00909575  -0.0151812 -0.00144137           0
EndNode1[0]<--->Repeater1[0]
REAL
   0.428947    0.020665  -0.0152343    0.134658
   0.020665       0.075 -0.00829726 0.000119466
 -0.0152343 -0.00829726   0.0763158  -0.0103869
   0.134658 0.000119466  -0.0103869    0.419737
IMAGINARY
          0  -0.0120129  0.00327824  0.00843035
  0.0120129           0  -0.0172911 -0.00122626
-0.00327824   0.0172911           0  -0.0132949
-0.00843035  0.00122626   0.0132949           0
EndNode2[0]<--->HoM1[0]
REAL
   0.440268    0.031666 0.000959281    0.114859
   0.031666   0.0872483   0.0209436 0.000275287
0.000959281   0.0209436   0.0912752   0.0103093
   0.114859 0.000275287   0.0103093    0.381208
IMAGINARY
          0 -0.00801216   0.0202822  0.00356437
 0.00801216           0  0.00160359 -0.00440917
 -0.0202822 -0.00160359           0  -0.0012471
-0.00356437  0.00440917   0.0012471           0
Repeater1[0]<--->EndNode1[0]
REAL
   0.428947  -0.0152343    0.020665    0.134658
 -0.0152343   0.0763158 -0.00829726  -0.0103869
   0.020665 -0.00829726       0.075 0.000119466
   0.134658  -0.0103869 0.000119466    0.419737
IMAGINARY
          0  0.00327824  -0.0120129  0.00843035
-0.00327824           0   0.0172911  -0.0132949
  0.0120129  -0.0172911           0 -0.00122626
-0.00843035   0.0132949  0.00122626           0
Repeater1[0]<--->HoM1[0]
REAL
   0.440268 0.000959281    0.031666    0.114859
0.000959281   0.0912752   0.0209436   0.0103093
   0.031666   0.0209436   0.0872483 0.000275287
   0.114859   0.0103093 0.000275287    0.381208
IMAGINARY
          0   0.0202822 -0.00801216  0.00356437
 -0.0202822           0 -0.00160359  -0.0012471
 0.00801216  0.00160359           0 -0.00440917
-0.00356437   0.0012471  0.00440917           0
EndNode1[0]<--->Repeater1[0]
REAL
   0.404309   0.0111832 0.000959461    0.139355
  0.0111832    0.100127 -0.00567851  0.00803797
0.000959461 -0.00567851    0.102662 -0.00861248
   0.139355  0.00803797 -0.00861248    0.392902
IMAGINARY
           0    0.0186219    0.0127364   0.00309997
  -0.0186219            0   0.00250402 -0.000153657
  -0.0127364  -0.00250402            0    0.0111794
 -0.00309997  0.000153657   -0.0111794            0
EndNode2[0]<--->HoM1[0]
REAL
   0.412067  -0.0144269 -0.00885537    0.153876
 -0.0144269    0.107831  0.00515757  -0.0115009
-0.00885537  0.00515757   0.0795892  0.00679329
   0.153876  -0.0115009  0.00679329    0.400513
IMAGINARY
           0    0.0170856  0.000957882   -0.0142189
  -0.0170856            0 -0.000774589  0.000324169
-0.000957882  0.000774589            0   0.00470932
   0.0142189 -0.000324169  -0.00470932            0
Repeater1[0]<--->EndNode1[0]
REAL
   0.404309 0.000959461   0.0111832    0.139355
0.000959461    0.102662 -0.00567851 -0.00861248
  0.0111832 -0.00567851    0.100127  0.00803797
   0.139355 -0.00861248  0.00803797    0.392902
IMAGINARY
           0    0.0127364    0.0186219   0.00309997
  -0.0127364            0  -0.00250402    0.0111794
  -0.0186219   0.00250402            0 -0.000153657
 -0.00309997   -0.0111794  0.000153657            0
Repeater1[0]<--->HoM1[0]
REAL
   0.412067 -0.00885537  -0.0144269    0.153876
-0.00885537   0.0795892  0.00515757  0.00679329
 -0.0144269  0.00515757    0.107831  -0.0115009
   0.153876  0.00679329  -0.0115009    0.400513
IMAGINARY
           0  0.000957882    0.0170856   -0.0142189
-0.000957882            0  0.000774589   0.00470932
  -0.0170856 -0.000774589            0  0.000324169
   0.0142189  -0.00470932 -0.000324169            0
EndNode1[0]<--->Repeater1[0]
REAL
    0.43299  -0.0029666   0.0245729    0.114382
 -0.0029666    0.101804   0.0103002 -0.00167209
  0.0245729   0.0103002   0.0837629 -0.00593925
   0.114382 -0.00167209 -0.00593925    0.381443
IMAGINARY
          0 -0.00650223  0.00509299  -0.0022961
 0.00650223           0  0.00428285 -0.00441272
-0.00509299 -0.00428285           0 -0.00098076
  0.0022961  0.00441272  0.00098076           0
EndNode2[0]<--->HoM1[0]
REAL
   0.409972 -0.00162725   0.0019561    0.152619
-0.00162725   0.0858726  -0.0127195 -0.00258346
  0.0019561  -0.0127195   0.0817175   0.0198205
   0.152619 -0.00258346   0.0198205    0.422438
IMAGINARY
          0 -0.00452279  0.00838652  0.00232757
 0.00452279           0  -0.0035966  -0.0196747
-0.00838652   0.0035966           0   0.0237791
-0.00232757   0.0196747  -0.0237791           0
Repeater1[0]<--->EndNode1[0]
REAL
    0.43299   0.0245729  -0.0029666    0.114382
  0.0245729   0.0837629   0.0103002 -0.00593925
 -0.0029666   0.0103002    0.101804 -0.00167209
   0.114382 -0.00593925 -0.00167209    0.381443
IMAGINARY
          0  0.00509299 -0.00650223  -0.0022961
-0.00509299           0 -0.00428285 -0.00098076
 0.00650223  0.00428285           0 -0.00441272
  0.0022961  0.00098076  0.00441272           0
Repeater1[0]<--->HoM1[0]
REAL
   0.409972   0.0019561 -0.00162725    0.152619
  0.0019561   0.0817175  -0.0127195   0.0198205
-0.00162725  -0.0127195   0.0858726 -0.00258346
   0.152619   0.0198205 -0.00258346    0.422438
IMAGINARY
          0  0.00838652 -0.00452279  0.00232757
-0.00838652           0   0.0035966   0.0237791
 0.00452279  -0.0035966           0  -0.0196747
-0.00232757  -0.0237791   0.0196747           0
EndNode1[0]<--->Repeater1[0]
REAL
    0.40824   -0.016272  -0.0147337    0.154868
  -0.016272    0.102372  0.00392463 -0.00232671
 -0.0147337  0.00392463   0.0911361  0.00971029
   0.154868 -0.00232671  0.00971029    0.398252
IMAGINARY
          0  0.00466885  -0.0190373   0.0062234
-0.00466885           0   0.0137234   0.0149941
  0.0190373  -0.0137234           0  -0.0208414
 -0.0062234  -0.0149941   0.0208414           0
EndNode2[0]<--->HoM1[0]
REAL
   0.399752 -0.00641411  -0.0150833    0.124639
-0.00641411    0.095297   0.0134559  -0.0170596
 -0.0150833   0.0134559   0.0965347  0.00760458
   0.124639  -0.0170596  0.00760458    0.408416
IMAGINARY
         0  0.0016314  0.0244342 -0.0172424
-0.0016314          0 -0.0127838  0.0139274
-0.0244342  0.0127838          0  0.0107223
 0.0172424 -0.0139274 -0.0107223          0
Repeater1[0]<--->EndNode1[0]
REAL
    0.40824  -0.0147337   -0.016272    0.154868
 -0.0147337   0.0911361  0.00392463  0.00971029
  -0.016272  0.00392463    0.102372 -0.00232671
   0.154868  0.00971029 -0.00232671    0.398252
IMAGINARY
          0  -0.0190373  0.00466885   0.0062234
  0.0190373           0  -0.0137234  -0.0208414
-0.00466885   0.0137234           0   0.0149941
 -0.0062234   0.0208414  -0.0149941           0
Repeater1[0]<--->HoM1[0]
REAL
   0.399752  -0.0150833 -0.00641411    0.124639
 -0.0150833   0.0965347   0.0134559  0.00760458
-0.00641411   0.0134559    0.095297  -0.0170596
   0.124639  0.00760458  -0.0170596    0.408416
IMAGINARY
         0  0.0244342  0.0016314 -0.0172424
-0.0244342          0  0.0127838  0.0107223
-0.0016314 -0.0127838          0  0.0139274
 0.0172424 -0.0107223 -0.0139274          0
EndNode1[0]<--->Repeater1[0]
REAL
   0.395729 -0.00151925   0.0162847    0.111024
-0.00151925   0.0904523  0.00406538  0.00161807
  0.0162847  0.00406538   0.0967337   0.0232584
   0.111024  0.00161807   0.0232584    0.417085
IMAGINARY
           0  -0.00783906   -0.0162548  -0.00638298
  0.00783906            0  0.000500626   0.00852284
   0.0162548 -0.000500626            0   0.00139576
  0.00638298  -0.00852284  -0.00139576            0
EndNode2[0]<--->HoM1[0]
REAL
   0.428922 -0.00765422  0.00425539    0.128687
-0.00765422   0.0772059  -0.0225046 -0.00694356
 0.00425539  -0.0225046   0.0759804   0.0305037
   0.128687 -0.00694356   0.0305037    0.417892
IMAGINARY
          0    -0.01172 -0.00471458  -0.0145974
    0.01172           0   0.0020029  -0.0197522
 0.00471458  -0.0020029           0   0.0261491
  0.0145974   0.0197522  -0.0261491           0
Repeater1[0]<--->EndNode1[0]
REAL
   0.395729   0.0162847 -0.00151925    0.111024
  0.0162847   0.0967337  0.00406538   0.0232584
-0.00151925  0.00406538   0.0904523  0.00161807
   0.111024   0.0232584  0.00161807    0.417085
IMAGINARY
           0   -0.0162548  -0.00783906  -0.00638298
   0.0162548            0 -0.000500626   0.00139576
  0.00783906  0.000500626            0   0.00852284
  0.00638298  -0.00139576  -0.00852284            0
Repeater1[0]<--->HoM1[0]
REAL
   0.428922  0.00425539 -0.00765422    0.128687
 0.00425539   0.0759804  -0.0225046   0.0305037
-0.00765422  -0.0225046   0.0772059 -0.00694356
   0.128687   0.0305037 -0.00694356    0.417892
IMAGINARY
          0 -0.00471458    -0.01172  -0.0145974
 0.00471458           0  -0.0020029   0.0261491
    0.01172   0.0020029           0  -0.0197522
  0.0145974  -0.0261491   0.0197522           0
EndNode1[0]<--->Repeater1[0]
REAL
  0.451861  0.0108881 0.00587534   0.128659
 0.0108881  0.0949936  0.0289285 0.00774334
0.00587534  0.0289285  0.0821566 -0.0154277
  0.128659 0.00774334 -0.0154277   0.370988
IMAGINARY
           0  0.000883842  -0.00554816    0.0298744
-0.000883842            0   -0.0062473     -0.03084
  0.00554816    0.0062473            0    0.0206795
  -0.0298744      0.03084   -0.0206795            0
EndNode2[0]<--->HoM1[0]
REAL
   0.418803   0.0102696 -0.00243869    0.116329
  0.0102696   0.0805861 -0.00932528   0.0108693
-0.00243869 -0.00932528   0.0695971  0.00205211
   0.116329   0.0108693  0.00205211    0.431013
IMAGINARY
          0 -0.00238687 -0.00848393 -0.00829056
 0.00238687           0  -0.0286051  0.00979283
 0.00848393   0.0286051           0  0.00893137
 0.00829056 -0.00979283 -0.00893137           0
Repeater1[0]<--->EndNode1[0]
REAL
  0.451861 0.00587534  0.0108881   0.128659
0.00587534  0.0821566  0.0289285 -0.0154277
 0.0108881  0.0289285  0.0949936 0.00774334
  0.128659 -0.0154277 0.00774334   0.370988
IMAGINARY
           0  -0.00554816  0.000883842    0.0298744
  0.00554816            0    0.0062473    0.0206795
-0.000883842   -0.0062473            0     -0.03084
  -0.0298744   -0.0206795      0.03084            0
Repeater1[0]<--->HoM1[0]
REAL
   0.418803 -0.00243869   0.0102696    0.116329
-0.00243869   0.0695971 -0.00932528  0.00205211
  0.0102696 -0.00932528   0.0805861   0.0108693
   0.116329  0.00205211   0.0108693    0.431013
IMAGINARY
          0 -0.00848393 -0.00238687 -0.00829056
 0.00848393           0   0.0286051  0.00893137
 0.00238687  -0.0286051           0  0.00979283
 0.00829056 -0.00893137 -0.00979283           0
EndNode1[0]<--->Repeater1[0]
REAL
    0.420485 -0.000849337  -0.00402345      0.12884
-0.000849337    0.0876011  -0.00241026    0.0237185
 -0.00402345  -0.00241026    0.0902965    0.0103792
     0.12884    0.0237185    0.0103792     0.401617
IMAGINARY
           0   -0.0082257     0.010267   0.00407484
   0.0082257            0  -0.00724341   0.00598302
   -0.010267   0.00724341            0  0.000725703
 -0.00407484  -0.00598302 -0.000725703            0
EndNode2[0]<--->HoM1[0]
REAL
   0.435583   0.0093514   0.0248964    0.136294
  0.0093514   0.0895706 -0.00443278 -0.00280807
  0.0248964 -0.00443278   0.0785276  0.00872089
   0.136294 -0.00280807  0.00872089    0.396319
IMAGINARY
          0  -0.0354182  -0.0201873  -0.0107648
  0.0354182           0  -0.0101229 -0.00251051
  0.0201873   0.0101229           0   0.0127204
  0.0107648  0.00251051  -0.0127204           0
Repeater1[0]<--->EndNode1[0]
REAL
    0.420485  -0.00402345 -0.000849337      0.12884
 -0.00402345    0.0902965  -0.00241026    0.0103792
-0.000849337  -0.00241026    0.0876011    0.0237185
     0.12884    0.0103792    0.0237185     0.401617
IMAGINARY
           0     0.010267   -0.0082257   0.00407484
   -0.010267            0   0.00724341  0.000725703
   0.0082257  -0.00724341            0   0.00598302
 -0.00407484 -0.000725703  -0.00598302            0
Repeater1[0]<--->HoM1[0]
REAL
   0.435583   0.0248964   0.0093514    0.136294
  0.0248964   0.0785276 -0.00443278  0.00872089
  0.0093514 -0.00443278   0.0895706 -0.00280807
   0.136294  0.00872089 -0.00280807    0.396319
IMAGINARY
          0  -0.0201873  -0.0354182  -0.0107648
  0.0201873           0   0.0101229   0.0127204
  0.0354182  -0.0101229           0 -0.00251051
  0.0107648  -0.0127204  0.00251051           0
EndNode1[0]<--->Repeater1[0]
REAL
   0.397622   0.0117198  0.00525886    0.135185
  0.0117198   0.0977543   0.0150104  0.00709485
 0.00525886   0.0150104   0.0990753 -0.00586809
   0.135185  0.00709485 -0.00586809    0.405548
IMAGINARY
           0   -0.0022327     0.024894  -0.00438532
   0.0022327            0   -0.0122387  0.000635253
   -0.024894    0.0122387            0  0.000364704
  0.00438532 -0.000635253 -0.000364704            0
EndNode2[0]<--->HoM1[0]
REAL
   0.468354  -0.0310545   0.0123138     0.13404
 -0.0310545   0.0759494 -0.00791972   0.0164954
  0.0123138 -0.00791972   0.0848101   0.0112082
    0.13404   0.0164954   0.0112082    0.370886
IMAGINARY
           0   0.00423822   0.00637067    0.0100721
 -0.00423822            0  0.000981203    0.0024233
 -0.00637067 -0.000981203            0  -0.00675079
  -0.0100721   -0.0024233   0.00675079            0
Repeater1[0]<--->EndNode1[0]
REAL
   0.397622  0.00525886   0.0117198    0.135185
 0.00525886   0.0990753   0.0150104 -0.00586809
  0.0117198   0.0150104   0.0977543  0.00709485
   0.135185 -0.00586809  0.00709485    0.405548
IMAGINARY
           0     0.024894   -0.0022327  -0.00438532
   -0.024894            0    0.0122387  0.000364704
   0.0022327   -0.0122387            0  0.000635253
  0.00438532 -0.000364704 -0.000635253            0
Repeater1[0]<--->HoM1[0]
REAL
   0.468354   0.0123138  -0.0310545     0.13404
  0.0123138   0.0848101 -0.00791972   0.0112082
 -0.0310545 -0.00791972   0.0759494   0.0164954
    0.13404   0.0112082   0.0164954    0.370886
IMAGINARY
           0   0.00637067   0.00423822    0.0100721
 -0.00637067            0 -0.000981203  -0.00675079
 -0.00423822  0.000981203            0    0.0024233
  -0.0100721   0.00675079   -0.0024233            0
EndNode1[0]<--->Repeater1[0]
REAL
   0.432778  0.00994077    0.010011    0.126784
 0.00994077   0.0921895  -0.0037893  0.00870555
   0.010011  -0.0037893   0.0973111 0.000754418
   0.126784  0.00870555 0.000754418    0.377721
IMAGINARY
          0   0.0122484  -0.0126984   0.0143097
 -0.0122484           0 -0.00458203  -0.0172379
  0.0126984  0.00458203           0  0.00494909
 -0.0143097   0.0172379 -0.00494909           0
EndNode2[0]<--->HoM1[0]
REAL
   0.421466   0.0136744   0.0145073    0.150907
  0.0136744   0.0732984   0.0144319  -0.0138433
  0.0145073   0.0144319   0.0994764 -0.00504222
   0.150907  -0.0138433 -0.00504222    0.405759
IMAGINARY
          0   0.0184099  -0.0141048   0.0171756
 -0.0184099           0  -0.0171756  0.00247686
  0.0141048   0.0171756           0   0.0017859
 -0.0171756 -0.00247686  -0.0017859           0
Repeater1[0]<--->EndNode1[0]
REAL
   0.432778    0.010011  0.00994077    0.126784
   0.010011   0.0973111  -0.0037893 0.000754418
 0.00994077  -0.0037893   0.0921895  0.00870555
   0.126784 0.000754418  0.00870555    0.377721
IMAGINARY
          0  -0.0126984   0.0122484   0.0143097
  0.0126984           0  0.00458203  0.00494909
 -0.0122484 -0.00458203           0  -0.0172379
 -0.0143097 -0.00494909   0.0172379           0
Repeater1[0]<--->HoM1[0]
REAL
   0.421466   0.0145073   0.0136744    0.150907
  0.0145073   0.0994764   0.0144319 -0.00504222
  0.0136744   0.0144319   0.0732984  -0.0138433
   0.150907 -0.00504222  -0.0138433    0.405759
IMAGINARY
          0  -0.0141048   0.0184099   0.0171756
  0.0141048           0   0.0171756   0.0017859
 -0.0184099  -0.0171756           0  0.00247686
 -0.0171756  -0.0017859 -0.00247686           0
EndNode1[0]<--->Repeater1[0]
REAL
   0.437811  -0.0128674   0.0107558    0.117744
 -0.0128674   0.0895522   0.0118854 -0.00657415
  0.0107558   0.0118854    0.104478 -0.00206689
   0.117744 -0.00657415 -0.00206689    0.368159
IMAGINARY
          0   0.0143335 -0.00584655  -0.0105075
 -0.0143335           0 -0.00579686 -0.00147702
 0.00584655  0.00579686           0   0.0169581
  0.0105075  0.00147702  -0.0169581           0
EndNode2[0]<--->HoM1[0]
REAL
   0.458438 -0.00283576  0.00859072    0.152633
-0.00283576   0.0831234 -0.00694182 -0.00517075
 0.00859072 -0.00694182   0.0894207  0.00215177
   0.152633 -0.00517075  0.00215177    0.369018
IMAGINARY
           0   0.00688947   -0.0181516  0.000306036
 -0.00688947            0   0.00803799   -0.0187696
   0.0181516  -0.00803799            0   -0.0125215
-0.000306036    0.0187696    0.0125215            0
Repeater1[0]<--->EndNode1[0]
REAL
   0.437811   0.0107558  -0.0128674    0.117744
  0.0107558    0.104478   0.0118854 -0.00206689
 -0.0128674   0.0118854   0.0895522 -0.00657415
   0.117744 -0.00206689 -0.00657415    0.368159
IMAGINARY
          0 -0.00584655   0.0143335  -0.0105075
 0.00584655           0  0.00579686   0.0169581
 -0.0143335 -0.00579686           0 -0.00147702
  0.0105075  -0.0169581  0.00147702           0
Repeater1[0]<--->HoM1[0]
REAL
   0.458438  0.00859072 -0.00283576    0.152633
 0.00859072   0.0894207 -0.00694182  0.00215177
-0.00283576 -0.00694182   0.0831234 -0.00517075
   0.152633  0.00215177 -0.00517075    0.369018
IMAGINARY
           0   -0.0181516   0.00688947  0.000306036
   0.0181516            0  -0.00803799   -0.0125215
 -0.00688947   0.00803799            0   -0.0187696
-0.000306036    0.0125215    0.0187696            0
EndNode1[0]<--->Repeater1[0]
REAL
    0.41307 -0.00814323  0.00823784     0.11775
-0.00814323   0.0838471  0.00946106 -0.00211539
 0.00823784  0.00946106   0.0924784 -0.00750303
    0.11775 -0.00211539 -0.00750303    0.410604
IMAGINARY
          0  -0.0231278   0.0145652  0.00621177
  0.0231278           0  0.00292662  -0.0105545
 -0.0145652 -0.00292662           0 -0.00895776
-0.00621177   0.0105545  0.00895776           0
EndNode2[0]<--->HoM1[0]
REAL
   0.442257 -0.00489088  -0.0186419    0.151709
-0.00489088   0.0826772 -0.00242621   -0.023731
 -0.0186419 -0.00242621   0.0971129 -0.00749504
   0.151709   -0.023731 -0.00749504    0.377953
IMAGINARY
          0  -0.0143222  0.00845904   -0.016234
  0.0143222           0   0.0129489  0.00783169
-0.00845904  -0.0129489           0  -0.0320437
   0.016234 -0.00783169   0.0320437           0
Repeater1[0]<--->EndNode1[0]
REAL
    0.41307  0.00823784 -0.00814323     0.11775
 0.00823784   0.0924784  0.00946106 -0.00750303
-0.00814323  0.00946106   0.0838471 -0.00211539
    0.11775 -0.00750303 -0.00211539    0.410604
IMAGINARY
          0   0.0145652  -0.0231278  0.00621177
 -0.0145652           0 -0.00292662 -0.00895776
  0.0231278  0.00292662           0  -0.0105545
-0.00621177  0.00895776   0.0105545           0
Repeater1[0]<--->HoM1[0]
REAL
   0.442257  -0.0186419 -0.00489088    0.151709
 -0.0186419   0.0971129 -0.00242621 -0.00749504
-0.00489088 -0.00242621   0.0826772   -0.023731
   0.151709 -0.00749504   -0.023731    0.377953
IMAGINARY
          0  0.00845904  -0.0143222   -0.016234
-0.00845904           0  -0.0129489  -0.0320437
  0.0143222   0.0129489           0  0.00783169
   0.016234   0.0320437 -0.00783169           0
EndNode1[0]<--->Repeater1[0]
REAL
  0.404494  -0.022569 -0.0225821   0.140676
 -0.022569   0.109863 0.00227196 -0.0199847
-0.0225821 0.00227196  0.0923845  0.0219336
  0.140676 -0.0199847  0.0219336   0.393258
IMAGINARY
          0  0.00311721  0.00927586  -0.0038142
-0.00311721           0  -0.0154421   0.0194024
-0.00927586   0.0154421           0 -0.00935162
  0.0038142  -0.0194024  0.00935162           0
EndNode2[0]<--->HoM1[0]
REAL
   0.421245  0.00716657 -0.00257809    0.142552
 0.00716657   0.0805861    0.011245 -0.00321341
-0.00257809    0.011245   0.0842491  0.00892095
   0.142552 -0.00321341  0.00892095    0.413919
IMAGINARY
         0 -0.0194515  0.0101399 -0.0197841
 0.0194515          0 -0.0132737 -0.0185487
-0.0101399  0.0132737          0 -0.0122432
 0.0197841  0.0185487  0.0122432          0
Repeater1[0]<--->EndNode1[0]
REAL
  0.404494 -0.0225821  -0.022569   0.140676
-0.0225821  0.0923845 0.00227196  0.0219336
 -0.022569 0.00227196   0.109863 -0.0199847
  0.140676  0.0219336 -0.0199847   0.393258
IMAGINARY
          0  0.00927586  0.00311721  -0.0038142
-0.00927586           0   0.0154421 -0.00935162
-0.00311721  -0.0154421           0   0.0194024
  0.0038142  0.00935162  -0.0194024           0
Repeater1[0]<--->HoM1[0]
REAL
   0.421245 -0.00257809  0.00716657    0.142552
-0.00257809   0.0842491    0.011245  0.00892095
 0.00716657    0.011245   0.0805861 -0.00321341
   0.142552  0.00892095 -0.00321341    0.413919
IMAGINARY
         0  0.0101399 -0.0194515 -0.0197841
-0.0101399          0  0.0132737 -0.0122432
 0.0194515 -0.0132737          0 -0.0185487
 0.0197841  0.0122432  0.0185487          0
EndNode1[0]<--->Repeater1[0]
REAL
   0.416887 0.000191026 -0.00983969    0.137033
0.000191026   0.0936675  0.00657061  0.00592324
-0.00983969  0.00657061   0.0791557 -0.00541296
   0.137033  0.00592324 -0.00541296     0.41029
IMAGINARY
          0   0.0159176 -0.00772805  -0.0144548
 -0.0159176           0   0.0196361  0.00585539
 0.00772805  -0.0196361           0   0.0159176
  0.0144548 -0.00585539  -0.0159176           0
EndNode2[0]<--->HoM1[0]
REAL
   0.418726 0.000178021  0.00203587    0.136799
0.000178021     0.10143  0.00868987 -0.00648314
 0.00203587  0.00868987   0.0923277   0.0245996
   0.136799 -0.00648314   0.0245996    0.387516
IMAGINARY
          0  -0.0190258  -0.0161599   0.0182346
  0.0190258           0 -0.00296238 -0.00871573
  0.0161599  0.00296238           0   0.0202696
 -0.0182346  0.00871573  -0.0202696           0
Repeater1[0]<--->EndNode1[0]
REAL
   0.416887 -0.00983969 0.000191026    0.137033
-0.00983969   0.0791557  0.00657061 -0.00541296
0.000191026  0.00657061   0.0936675  0.00592324
   0.137033 -0.00541296  0.00592324     0.41029
IMAGINARY
          0 -0.00772805   0.0159176  -0.0144548
 0.00772805           0  -0.0196361   0.0159176
 -0.0159176   0.0196361           0  0.00585539
  0.0144548  -0.0159176 -0.00585539           0
Repeater1[0]<--->HoM1[0]
REAL
   0.418726  0.00203587 0.000178021    0.136799
 0.00203587   0.0923277  0.00868987   0.0245996
0.000178021  0.00868987     0.10143 -0.00648314
   0.136799   0.0245996 -0.00648314    0.387516
IMAGINARY
          0  -0.0161599  -0.0190258   0.0182346
  0.0161599           0  0.00296238   0.0202696
  0.0190258 -0.00296238           0 -0.00871573
 -0.0182346  -0.0202696  0.00871573           0
EndNode1[0]<--->Repeater1[0]
REAL
   0.423231 -0.00260108    -0.02693    0.136641
-0.00260108   0.0907877  0.00818228 6.23301e-05
   -0.02693  0.00818228   0.0894526 -0.00198607
   0.136641 6.23301e-05 -0.00198607    0.396529
IMAGINARY
           0   0.00791771   0.00939364  0.000622263
 -0.00791771            0  -0.00638411  0.000487785
 -0.00939364   0.00638411            0  -0.00989399
-0.000622263 -0.000487785   0.00989399            0
EndNode2[0]<--->HoM1[0]
REAL
    0.417513   -0.0172822   0.00452866     0.128534
  -0.0172822     0.102792   -0.0121314 -0.000560402
  0.00452866   -0.0121314    0.0862944  -0.00255903
    0.128534 -0.000560402  -0.00255903     0.393401
IMAGINARY
          0 -0.00231004 -0.00802785  0.00264046
 0.00231004           0  -0.0019953 -0.00475987
 0.00802785   0.0019953           0    0.013819
-0.00264046  0.00475987   -0.013819           0
Repeater1[0]<--->EndNode1[0]
REAL
   0.423231    -0.02693 -0.00260108    0.136641
   -0.02693   0.0894526  0.00818228 -0.00198607
-0.00260108  0.00818228   0.0907877 6.23301e-05
   0.136641 -0.00198607 6.23301e-05    0.396529
IMAGINARY
           0   0.00939364   0.00791771  0.000622263
 -0.00939364            0   0.00638411  -0.00989399
 -0.00791771  -0.00638411            0  0.000487785
-0.000622263   0.00989399 -0.000487785            0
Repeater1[0]<--->HoM1[0]
REAL
    0.417513   0.00452866   -0.0172822     0.128534
  0.00452866    0.0862944   -0.0121314  -0.00255903
  -0.0172822   -0.0121314     0.102792 -0.000560402
    0.128534  -0.00255903 -0.000560402     0.393401
IMAGINARY
          0 -0.00802785 -0.00231004  0.00264046
 0.00802785           0   0.0019953    0.013819
 0.00231004  -0.0019953           0 -0.00475987
-0.00264046   -0.013819  0.00475987           0
EndNode1[0]<--->Repeater1[0]
REAL
    0.39895  -0.0116081  -0.0167076    0.139926
 -0.0116081   0.0879265   0.0140663 -0.00167005
 -0.0167076   0.0140663   0.0853018 -0.00550222
   0.139926 -0.00167005 -0.00550222    0.427822
IMAGINARY
           0   0.00318629 -0.000293876   0.00976714
 -0.00318629            0  -0.00345401  0.000981634
 0.000293876   0.00345401            0  -0.00387405
 -0.00976714 -0.000981634   0.00387405            0
EndNode2[0]<--->HoM1[0]
REAL
   0.419632 -0.00972033 -0.00693203    0.124791
-0.00972033   0.0920245  -0.0033079  -0.0135283
