EndNode1[0]<--->Repeater1[0]
REAL
  0.297262 -0.0102126 0.00944328  0.0697804
-0.0102126   0.211213  0.0434646  -0.014079
0.00944328  0.0434646   0.219035 0.00557686
 0.0697804  -0.014079 0.00557686    0.27249
IMAGINARY
          0  0.00791535 -0.00524249  0.00154697
-0.00791535           0  0.00091003  0.00261091
 0.00524249 -0.00091003           0   0.0131373
-0.00154697 -0.00261091  -0.0131373           0
EndNode2[0]<--->HoM1[0]
REAL
  0.253927  0.0179414 0.00291489  0.0908552
 0.0179414   0.234293  0.0339831 0.00420024
0.00291489  0.0339831    0.21466 0.00211031
 0.0908552 0.00420024 0.00211031    0.29712
IMAGINARY
           0  0.000731416  -0.00499028  -0.00334194
-0.000731416            0  -0.00271459   -0.0210761
  0.00499028   0.00271459            0   0.00637759
  0.00334194    0.0210761  -0.00637759            0
Repeater1[0]<--->EndNode1[0]
REAL
  0.297262 0.00944328 -0.0102126  0.0697804
0.00944328   0.219035  0.0434646 0.00557686
-0.0102126  0.0434646   0.211213  -0.014079
 0.0697804 0.00557686  -0.014079    0.27249
IMAGINARY
          0 -0.00524249  0.00791535  0.00154697
 0.00524249           0 -0.00091003   0.0131373
-0.00791535  0.00091003           0  0.00261091
-0.00154697  -0.0131373 -0.00261091           0
Repeater1[0]<--->HoM1[0]
REAL
  0.253927 0.00291489  0.0179414  0.0908552
0.00291489    0.21466  0.0339831 0.00211031
 0.0179414  0.0339831   0.234293 0.00420024
 0.0908552 0.00211031 0.00420024    0.29712
IMAGINARY
           0  -0.00499028  0.000731416  -0.00334194
  0.00499028            0   0.00271459   0.00637759
-0.000731416  -0.00271459            0   -0.0210761
  0.00334194  -0.00637759    0.0210761            0
EndNode1[0]<--->Repeater1[0]
REAL
   0.335467 -0.00497862   0.0104244   0.0944778
-0.00497862    0.239437     0.05469  0.00173951
  0.0104244     0.05469    0.198464  -0.0161481
  0.0944778  0.00173951  -0.0161481    0.226633
IMAGINARY
          0 -0.00303098  0.00430288 -0.00416243
 0.00303098           0  -0.0129107  -0.0069554
-0.00430288   0.0129107           0   0.0176198
 0.00416243   0.0069554  -0.0176198           0
EndNode2[0]<--->HoM1[0]
REAL
   0.277926  -0.0154402  -0.0108449   0.0806593
 -0.0154402    0.238032   0.0422915 -0.00828079
 -0.0108449   0.0422915     0.18484   0.0154402
  0.0806593 -0.00828079   0.0154402    0.299202
IMAGINARY
           0   -0.0151278  0.000193313    0.0146067
   0.0151278            0   -0.0196572     0.015032
-0.000193313    0.0196572            0    0.0230449
  -0.0146067    -0.015032   -0.0230449            0
Repeater1[0]<--->EndNode1[0]
REAL
   0.335467   0.0104244 -0.00497862   0.0944778
  0.0104244    0.198464     0.05469  -0.0161481
-0.00497862     0.05469    0.239437  0.00173951
  0.0944778  -0.0161481  0.00173951    0.226633
IMAGINARY
          0  0.00430288 -0.00303098 -0.00416243
-0.00430288           0   0.0129107   0.0176198
 0.00303098  -0.0129107           0  -0.0069554
 0.00416243  -0.0176198   0.0069554           0
Repeater1[0]<--->HoM1[0]
REAL
   0.277926  -0.0108449  -0.0154402   0.0806593
 -0.0108449     0.18484   0.0422915   0.0154402
 -0.0154402   0.0422915    0.238032 -0.00828079
  0.0806593   0.0154402 -0.00828079    0.299202
IMAGINARY
           0  0.000193313   -0.0151278    0.0146067
-0.000193313            0    0.0196572    0.0230449
   0.0151278   -0.0196572            0     0.015032
  -0.0146067   -0.0230449    -0.015032            0
EndNode1[0]<--->Repeater1[0]
REAL
   0.278055  -0.0112027 -0.00430845   0.0923794
 -0.0112027    0.240648    0.029104 -0.00975804
-0.00430845    0.029104    0.208229  -0.0182091
  0.0923794 -0.00975804  -0.0182091    0.273067
IMAGINARY
          0  -0.0109998 -0.00982041   0.0127675
  0.0109998           0  -0.0192275 -0.00134584
 0.00982041   0.0192275           0   0.0122405
 -0.0127675  0.00134584  -0.0122405           0
EndNode2[0]<--->HoM1[0]
REAL
    0.279221  -0.00411034   0.00217103     0.113308
 -0.00411034      0.22987    0.0327881 -0.000911584
  0.00217103    0.0327881     0.218182  -0.00344633
    0.113308 -0.000911584  -0.00344633     0.272727
IMAGINARY
          0 -0.00713453  0.00371412  0.00481725
 0.00713453           0  -0.0191776   0.0183638
-0.00371412   0.0191776           0 -0.00585248
-0.00481725  -0.0183638  0.00585248           0
Repeater1[0]<--->EndNode1[0]
REAL
   0.278055 -0.00430845  -0.0112027   0.0923794
-0.00430845    0.208229    0.029104  -0.0182091
 -0.0112027    0.029104    0.240648 -0.00975804
  0.0923794  -0.0182091 -0.00975804    0.273067
IMAGINARY
          0 -0.00982041  -0.0109998   0.0127675
 0.00982041           0   0.0192275   0.0122405
  0.0109998  -0.0192275           0 -0.00134584
 -0.0127675  -0.0122405  0.00134584           0
Repeater1[0]<--->HoM1[0]
REAL
    0.279221   0.00217103  -0.00411034     0.113308
  0.00217103     0.218182    0.0327881  -0.00344633
 -0.00411034    0.0327881      0.22987 -0.000911584
    0.113308  -0.00344633 -0.000911584     0.272727
IMAGINARY
          0  0.00371412 -0.00713453  0.00481725
-0.00371412           0   0.0191776 -0.00585248
 0.00713453  -0.0191776           0   0.0183638
-0.00481725  0.00585248  -0.0183638           0
EndNode1[0]<--->Repeater1[0]
REAL
  0.306176 -0.0247622 0.00466742   0.100529
-0.0247622   0.212878  0.0316976 -0.0126625
0.00466742  0.0316976   0.235217 0.00815704
  0.100529 -0.0126625 0.00815704   0.245729
IMAGINARY
          0  -0.0193171  0.00990158  -0.0184604
  0.0193171           0 -0.00117314  0.00178673
-0.00990158  0.00117314           0 -0.00276082
  0.0184604 -0.00178673  0.00276082           0
EndNode2[0]<--->HoM1[0]
REAL
   0.256774  0.00272618 -0.00192719   0.0906071
 0.00272618    0.221935   0.0638431 -0.00330841
-0.00192719   0.0638431    0.220645  -0.0131974
  0.0906071 -0.00330841  -0.0131974    0.300645
IMAGINARY
          0   0.0212724   0.0182551  -0.0129182
 -0.0212724           0   0.0147862  0.00364268
 -0.0182551  -0.0147862           0 -0.00302425
  0.0129182 -0.00364268  0.00302425           0
Repeater1[0]<--->EndNode1[0]
REAL
  0.306176 0.00466742 -0.0247622   0.100529
0.00466742   0.235217  0.0316976 0.00815704
-0.0247622  0.0316976   0.212878 -0.0126625
  0.100529 0.00815704 -0.0126625   0.245729
IMAGINARY
          0  0.00990158  -0.0193171  -0.0184604
-0.00990158           0  0.00117314 -0.00276082
  0.0193171 -0.00117314           0  0.00178673
  0.0184604  0.00276082 -0.00178673           0
Repeater1[0]<--->HoM1[0]
REAL
   0.256774 -0.00192719  0.00272618   0.0906071
-0.00192719    0.220645   0.0638431  -0.0131974
 0.00272618   0.0638431    0.221935 -0.00330841
  0.0906071  -0.0131974 -0.00330841    0.300645
IMAGINARY
          0   0.0182551   0.0212724  -0.0129182
 -0.0182551           0  -0.0147862 -0.00302425
 -0.0212724   0.0147862           0  0.00364268
  0.0129182  0.00302425 -0.00364268           0
EndNode1[0]<--->Repeater1[0]
REAL
  0.296978 0.00776614  0.0044852   0.103358
0.00776614   0.226018  0.0392223 0.00648254
 0.0044852  0.0392223   0.226018 -0.0109919
  0.103358 0.00648254 -0.0109919   0.250986
IMAGINARY
           0    0.0063788    0.0121951   0.00126588
  -0.0063788            0 -0.000625673   -0.0121951
  -0.0121951  0.000625673            0   -0.0076877
 -0.00126588    0.0121951    0.0076877            0
EndNode2[0]<--->HoM1[0]
REAL
    0.272977  -0.00775134    0.0129188    0.0908526
 -0.00775134     0.257888    0.0428372   0.00847155
   0.0129188    0.0428372     0.207133 -0.000270047
   0.0908526   0.00847155 -0.000270047     0.262003
IMAGINARY
          0  0.00611669   0.0102011   0.0125448
-0.00611669           0  -0.0229075  0.00196281
 -0.0102011   0.0229075           0 -0.00163525
 -0.0125448 -0.00196281  0.00163525           0
Repeater1[0]<--->EndNode1[0]
REAL
  0.296978  0.0044852 0.00776614   0.103358
 0.0044852   0.226018  0.0392223 -0.0109919
0.00776614  0.0392223   0.226018 0.00648254
  0.103358 -0.0109919 0.00648254   0.250986
IMAGINARY
           0    0.0121951    0.0063788   0.00126588
  -0.0121951            0  0.000625673   -0.0076877
  -0.0063788 -0.000625673            0   -0.0121951
 -0.00126588    0.0076877    0.0121951            0
Repeater1[0]<--->HoM1[0]
REAL
    0.272977    0.0129188  -0.00775134    0.0908526
   0.0129188     0.207133    0.0428372 -0.000270047
 -0.00775134    0.0428372     0.257888   0.00847155
   0.0908526 -0.000270047   0.00847155     0.262003
IMAGINARY
          0   0.0102011  0.00611669   0.0125448
 -0.0102011           0   0.0229075 -0.00163525
-0.00611669  -0.0229075           0  0.00196281
 -0.0125448  0.00163525 -0.00196281           0
EndNode1[0]<--->Repeater1[0]
REAL
   0.298246  0.00916142  0.00335956    0.109172
 0.00916142    0.245614   0.0510601  -0.0104381
 0.00335956   0.0510601    0.211876 -0.00336991
   0.109172  -0.0104381 -0.00336991    0.244265
IMAGINARY
         0 -0.0100172  0.0115771 -0.0125621
 0.0100172          0  -0.017464 -0.0139984
-0.0115771   0.017464          0 -0.0202491
 0.0125621  0.0139984  0.0202491          0
EndNode2[0]<--->HoM1[0]
REAL
       0.28   0.0152899   0.0158582   0.0927454
  0.0152899    0.257333   0.0497416 0.000981138
  0.0158582   0.0497416    0.209333 -0.00622251
  0.0927454 0.000981138 -0.00622251    0.253333
IMAGINARY
          0   0.0106722  -0.0199304  -0.0171428
 -0.0106722           0   0.0183835  0.00645155
  0.0199304  -0.0183835           0  -0.0100304
  0.0171428 -0.00645155   0.0100304           0
Repeater1[0]<--->EndNode1[0]
REAL
   0.298246  0.00335956  0.00916142    0.109172
 0.00335956    0.211876   0.0510601 -0.00336991
 0.00916142   0.0510601    0.245614  -0.0104381
   0.109172 -0.00336991  -0.0104381    0.244265
IMAGINARY
         0  0.0115771 -0.0100172 -0.0125621
-0.0115771          0   0.017464 -0.0202491
 0.0100172  -0.017464          0 -0.0139984
 0.0125621  0.0202491  0.0139984          0
Repeater1[0]<--->HoM1[0]
REAL
       0.28   0.0158582   0.0152899   0.0927454
  0.0158582    0.209333   0.0497416 -0.00622251
  0.0152899   0.0497416    0.257333 0.000981138
  0.0927454 -0.00622251 0.000981138    0.253333
IMAGINARY
          0  -0.0199304   0.0106722  -0.0171428
  0.0199304           0  -0.0183835  -0.0100304
 -0.0106722   0.0183835           0  0.00645155
  0.0171428   0.0100304 -0.00645155           0
EndNode1[0]<--->Repeater1[0]
REAL
  0.295511 -0.0179929 -0.0124332  0.0891017
-0.0179929   0.226933  0.0578118  0.0111986
-0.0124332  0.0578118   0.236908 -0.0153404
 0.0891017  0.0111986 -0.0153404   0.240648
IMAGINARY
          0   -0.022215  -0.0118886   0.0085639
   0.022215           0  0.00131752  0.00869574
  0.0118886 -0.00131752           0   0.0190221
 -0.0085639 -0.00869574  -0.0190221           0
EndNode2[0]<--->HoM1[0]
REAL
   0.284672 -0.00915143  0.00374816    0.106077
-0.00915143    0.211679   0.0217473 -0.00790987
 0.00374816   0.0217473     0.22871  -0.0152243
   0.106077 -0.00790987  -0.0152243    0.274939
IMAGINARY
          0   0.0056869  -0.0112794 -0.00778707
 -0.0056869           0 -0.00842564  -0.0079769
  0.0112794  0.00842564           0   0.0148974
 0.00778707   0.0079769  -0.0148974           0
Repeater1[0]<--->EndNode1[0]
REAL
  0.295511 -0.0124332 -0.0179929  0.0891017
-0.0124332   0.236908  0.0578118 -0.0153404
-0.0179929  0.0578118   0.226933  0.0111986
 0.0891017 -0.0153404  0.0111986   0.240648
IMAGINARY
          0  -0.0118886   -0.022215   0.0085639
  0.0118886           0 -0.00131752   0.0190221
   0.022215  0.00131752           0  0.00869574
 -0.0085639  -0.0190221 -0.00869574           0
Repeater1[0]<--->HoM1[0]
REAL
   0.284672  0.00374816 -0.00915143    0.106077
 0.00374816     0.22871   0.0217473  -0.0152243
-0.00915143   0.0217473    0.211679 -0.00790987
   0.106077  -0.0152243 -0.00790987    0.274939
IMAGINARY
          0  -0.0112794   0.0056869 -0.00778707
  0.0112794           0  0.00842564   0.0148974
 -0.0056869 -0.00842564           0  -0.0079769
 0.00778707  -0.0148974   0.0079769           0
EndNode1[0]<--->Repeater1[0]
REAL
   0.302597   0.0142872 -0.00727596   0.0958392
  0.0142872    0.206494   0.0247638   0.0135574
-0.00727596   0.0247638    0.190909 -0.00800579
  0.0958392   0.0135574 -0.00800579         0.3
IMAGINARY
          0  0.00225712    0.012357 -0.00216565
-0.00225712           0  -0.0207351   0.0364687
  -0.012357   0.0207351           0  -0.0325414
 0.00216565  -0.0364687   0.0325414           0
EndNode2[0]<--->HoM1[0]
REAL
   0.307692  0.00444038   0.0288792    0.102105
 0.00444038    0.182382   0.0450326   0.0223857
  0.0288792   0.0450326    0.234491 -0.00510616
   0.102105   0.0223857 -0.00510616    0.275434
IMAGINARY
          0 -0.00671647 -0.00509571  0.00130541
 0.00671647           0 -0.00388939 -0.00234846
 0.00509571  0.00388939           0   0.0203641
-0.00130541  0.00234846  -0.0203641           0
Repeater1[0]<--->EndNode1[0]
REAL
   0.302597 -0.00727596   0.0142872   0.0958392
-0.00727596    0.190909   0.0247638 -0.00800579
  0.0142872   0.0247638    0.206494   0.0135574
  0.0958392 -0.00800579   0.0135574         0.3
IMAGINARY
          0    0.012357  0.00225712 -0.00216565
  -0.012357           0   0.0207351  -0.0325414
-0.00225712  -0.0207351           0   0.0364687
 0.00216565   0.0325414  -0.0364687           0
Repeater1[0]<--->HoM1[0]
REAL
   0.307692   0.0288792  0.00444038    0.102105
  0.0288792    0.234491   0.0450326 -0.00510616
 0.00444038   0.0450326    0.182382   0.0223857
   0.102105 -0.00510616   0.0223857    0.275434
IMAGINARY
          0 -0.00509571 -0.00671647  0.00130541
 0.00509571           0  0.00388939   0.0203641
 0.00671647 -0.00388939           0 -0.00234846
-0.00130541  -0.0203641  0.00234846           0
EndNode1[0]<--->Repeater1[0]
REAL
  0.303909 -0.0125058 -0.0240975  0.0924906
-0.0125058   0.228247  0.0395494 0.00469828
-0.0240975  0.0395494   0.204288  0.0081253
 0.0924906 0.00469828  0.0081253   0.263556
IMAGINARY
          0  0.00851472  -0.0126206   0.0122536
-0.00851472           0  0.00749166   0.0145814
  0.0126206 -0.00749166           0 -0.00524675
 -0.0122536  -0.0145814  0.00524675           0
EndNode2[0]<--->HoM1[0]
REAL
   0.267457 -0.00740026  0.00153482     0.10623
-0.00740026    0.227931   0.0462795   0.0119787
 0.00153482   0.0462795    0.222661 -0.00740026
    0.10623   0.0119787 -0.00740026     0.28195
IMAGINARY
          0  -0.0126063  -0.0197997    0.012233
  0.0126063           0 -0.00689966 -0.00183193
  0.0197997  0.00689966           0  0.00209954
  -0.012233  0.00183193 -0.00209954           0
Repeater1[0]<--->EndNode1[0]
REAL
  0.303909 -0.0240975 -0.0125058  0.0924906
-0.0240975   0.204288  0.0395494  0.0081253
-0.0125058  0.0395494   0.228247 0.00469828
 0.0924906  0.0081253 0.00469828   0.263556
IMAGINARY
          0  -0.0126206  0.00851472   0.0122536
  0.0126206           0 -0.00749166 -0.00524675
-0.00851472  0.00749166           0   0.0145814
 -0.0122536  0.00524675  -0.0145814           0
Repeater1[0]<--->HoM1[0]
REAL
   0.267457  0.00153482 -0.00740026     0.10623
 0.00153482    0.222661   0.0462795 -0.00740026
-0.00740026   0.0462795    0.227931   0.0119787
    0.10623 -0.00740026   0.0119787     0.28195
IMAGINARY
          0  -0.0197997  -0.0126063    0.012233
  0.0197997           0  0.00689966  0.00209954
  0.0126063 -0.00689966           0 -0.00183193
  -0.012233 -0.00209954  0.00183193           0
EndNode1[0]<--->Repeater1[0]
REAL
   0.298292 -0.00997811 -0.00575654    0.112749
-0.00997811    0.219448   0.0580131   -0.042155
-0.00575654   0.0580131    0.220762  -0.0305624
   0.112749   -0.042155  -0.0305624    0.261498
IMAGINARY
          0   0.0136877  0.00114583    0.019118
 -0.0136877           0    0.011386  0.00684925
-0.00114583   -0.011386           0  -0.0266029
  -0.019118 -0.00684925   0.0266029           0
EndNode2[0]<--->HoM1[0]
REAL
    0.297789   -0.0116423 -0.000969843    0.0840029
  -0.0116423     0.205462    0.0310764    0.0102291
-0.000969843    0.0310764      0.23277   0.00899682
   0.0840029    0.0102291   0.00899682     0.263979
IMAGINARY
          0  -0.0114938  0.00436579 -0.00398239
  0.0114938           0  0.00594317  0.00372885
-0.00436579 -0.00594317           0  0.00215383
 0.00398239 -0.00372885 -0.00215383           0
Repeater1[0]<--->EndNode1[0]
REAL
   0.298292 -0.00575654 -0.00997811    0.112749
-0.00575654    0.220762   0.0580131  -0.0305624
-0.00997811   0.0580131    0.219448   -0.042155
   0.112749  -0.0305624   -0.042155    0.261498
IMAGINARY
          0  0.00114583   0.0136877    0.019118
-0.00114583           0   -0.011386  -0.0266029
 -0.0136877    0.011386           0  0.00684925
  -0.019118   0.0266029 -0.00684925           0
Repeater1[0]<--->HoM1[0]
REAL
    0.297789 -0.000969843   -0.0116423    0.0840029
-0.000969843      0.23277    0.0310764   0.00899682
  -0.0116423    0.0310764     0.205462    0.0102291
   0.0840029   0.00899682    0.0102291     0.263979
IMAGINARY
          0  0.00436579  -0.0114938 -0.00398239
-0.00436579           0 -0.00594317  0.00215383
  0.0114938  0.00594317           0  0.00372885
 0.00398239 -0.00215383 -0.00372885           0
EndNode1[0]<--->Repeater1[0]
REAL
    0.27446   0.0145646   0.0104635    0.099982
  0.0145646    0.247776   0.0336555   0.0136564
  0.0104635   0.0336555    0.223634 -0.00478623
   0.099982   0.0136564 -0.00478623     0.25413
IMAGINARY
          0 -0.00872557  -0.0266708 -0.00224803
 0.00872557           0  -0.0222998   0.0190177
  0.0266708   0.0222998           0  -0.0193357
 0.00224803  -0.0190177   0.0193357           0
EndNode2[0]<--->HoM1[0]
REAL
   0.328105  -0.0333531  0.00619234   0.0949225
 -0.0333531    0.198693   0.0488947  -0.0156009
 0.00619234   0.0488947     0.20915 -0.00696953
  0.0949225  -0.0156009 -0.00696953    0.264052
IMAGINARY
           0   -0.0137547  -0.00773854  -0.00663588
   0.0137547            0   -0.0366712  0.000802853
  0.00773854    0.0366712            0  -0.00705232
  0.00663588 -0.000802853   0.00705232            0
Repeater1[0]<--->EndNode1[0]
REAL
    0.27446   0.0104635   0.0145646    0.099982
  0.0104635    0.223634   0.0336555 -0.00478623
  0.0145646   0.0336555    0.247776   0.0136564
   0.099982 -0.00478623   0.0136564     0.25413
IMAGINARY
          0  -0.0266708 -0.00872557 -0.00224803
  0.0266708           0   0.0222998  -0.0193357
 0.00872557  -0.0222998           0   0.0190177
 0.00224803   0.0193357  -0.0190177           0
Repeater1[0]<--->HoM1[0]
REAL
   0.328105  0.00619234  -0.0333531   0.0949225
 0.00619234     0.20915   0.0488947 -0.00696953
 -0.0333531   0.0488947    0.198693  -0.0156009
  0.0949225 -0.00696953  -0.0156009    0.264052
IMAGINARY
           0  -0.00773854   -0.0137547  -0.00663588
  0.00773854            0    0.0366712  -0.00705232
   0.0137547   -0.0366712            0  0.000802853
  0.00663588   0.00705232 -0.000802853            0
EndNode1[0]<--->Repeater1[0]
REAL
   0.292465   0.0230409 -0.00799647    0.111861
  0.0230409    0.238825   0.0406113 -0.00161892
-0.00799647   0.0406113    0.215837  -0.0010629
   0.111861 -0.00161892  -0.0010629    0.252874
IMAGINARY
           0   0.00784574   0.00516447  0.000985453
 -0.00784574            0  -0.00824938   -0.0264145
 -0.00516447   0.00824938            0    0.0171543
-0.000985453    0.0264145   -0.0171543            0
EndNode2[0]<--->HoM1[0]
REAL
  0.261577   0.022812 0.00433703  0.0939091
  0.022812   0.236546   0.053773  0.0214908
0.00433703   0.053773   0.231539  0.0215589
 0.0939091  0.0214908  0.0215589   0.270338
IMAGINARY
          0  -0.0035018 -0.00209348 -0.00628567
  0.0035018           0  -0.0254402 -0.00402897
 0.00209348   0.0254402           0  0.00146098
 0.00628567  0.00402897 -0.00146098           0
Repeater1[0]<--->EndNode1[0]
REAL
   0.292465 -0.00799647   0.0230409    0.111861
-0.00799647    0.215837   0.0406113  -0.0010629
  0.0230409   0.0406113    0.238825 -0.00161892
   0.111861  -0.0010629 -0.00161892    0.252874
IMAGINARY
           0   0.00516447   0.00784574  0.000985453
 -0.00516447            0   0.00824938    0.0171543
 -0.00784574  -0.00824938            0   -0.0264145
-0.000985453   -0.0171543    0.0264145            0
Repeater1[0]<--->HoM1[0]
REAL
  0.261577 0.00433703   0.022812  0.0939091
0.00433703   0.231539   0.053773  0.0215589
  0.022812   0.053773   0.236546  0.0214908
 0.0939091  0.0215589  0.0214908   0.270338
IMAGINARY
          0 -0.00209348  -0.0035018 -0.00628567
 0.00209348           0   0.0254402  0.00146098
  0.0035018  -0.0254402           0 -0.00402897
 0.00628567 -0.00146098  0.00402897           0
