EndNode1[0]<--->Repeater1[0]
REAL
   0.312665   0.0198221   0.0208429    0.074204
  0.0198221    0.226913   0.0285187 -0.00351612
  0.0208429   0.0285187    0.197889    0.006168
   0.074204 -0.00351612    0.006168    0.262533
IMAGINARY
          0  -0.0101719  0.00682782   0.0160933
  0.0101719           0  0.00489435   0.0134768
-0.00682782 -0.00489435           0 -0.00759459
 -0.0160933  -0.0134768  0.00759459           0
EndNode2[0]<--->HoM1[0]
REAL
   0.288114  0.00321212  0.00700561   0.0910001
 0.00321212     0.20801   0.0465838   0.0111152
 0.00700561   0.0465838     0.19509 -0.00656783
  0.0910001   0.0111152 -0.00656783    0.308786
IMAGINARY
          0  -0.0108802   0.0034311   0.0058724
  0.0108802           0  -0.0196569   0.0219496
 -0.0034311   0.0196569           0 -0.00815537
 -0.0058724  -0.0219496  0.00815537           0
Repeater1[0]<--->EndNode1[0]
REAL
   0.312665   0.0208429   0.0198221    0.074204
  0.0208429    0.197889   0.0285187    0.006168
  0.0198221   0.0285187    0.226913 -0.00351612
   0.074204    0.006168 -0.00351612    0.262533
IMAGINARY
          0  0.00682782  -0.0101719   0.0160933
-0.00682782           0 -0.00489435 -0.00759459
  0.0101719  0.00489435           0   0.0134768
 -0.0160933  0.00759459  -0.0134768           0
Repeater1[0]<--->HoM1[0]
REAL
   0.288114  0.00700561  0.00321212   0.0910001
 0.00700561     0.19509   0.0465838 -0.00656783
 0.00321212   0.0465838     0.20801   0.0111152
  0.0910001 -0.00656783   0.0111152    0.308786
IMAGINARY
          0   0.0034311  -0.0108802   0.0058724
 -0.0034311           0   0.0196569 -0.00815537
  0.0108802  -0.0196569           0   0.0219496
 -0.0058724  0.00815537  -0.0219496           0
EndNode1[0]<--->Repeater1[0]
REAL
   0.313625 -0.00158909  -0.0239881   0.0699145
-0.00158909    0.209512   0.0328774  0.00622156
 -0.0239881   0.0328774    0.195373 -0.00221802
  0.0699145  0.00622156 -0.00221802    0.281491
IMAGINARY
          0 -0.00683507  -0.0239383 -0.00046936
 0.00683507           0  -0.0145633   0.0133563
  0.0239383   0.0145633           0  0.00418957
 0.00046936  -0.0133563 -0.00418957           0
EndNode2[0]<--->HoM1[0]
REAL
  0.318182  0.0110293 -0.0157323  0.0867489
 0.0110293   0.187013  0.0379362  0.0321051
-0.0157323  0.0379362   0.185714  0.0254947
 0.0867489  0.0321051  0.0254947   0.309091
IMAGINARY
          0  -0.0145875 -0.00256816 -0.00675338
  0.0145875           0  0.00167723  -0.0159015
 0.00256816 -0.00167723           0   0.0304186
 0.00675338   0.0159015  -0.0304186           0
Repeater1[0]<--->EndNode1[0]
REAL
   0.313625  -0.0239881 -0.00158909   0.0699145
 -0.0239881    0.195373   0.0328774 -0.00221802
-0.00158909   0.0328774    0.209512  0.00622156
  0.0699145 -0.00221802  0.00622156    0.281491
IMAGINARY
          0  -0.0239383 -0.00683507 -0.00046936
  0.0239383           0   0.0145633  0.00418957
 0.00683507  -0.0145633           0   0.0133563
 0.00046936 -0.00418957  -0.0133563           0
Repeater1[0]<--->HoM1[0]
REAL
  0.318182 -0.0157323  0.0110293  0.0867489
-0.0157323   0.185714  0.0379362  0.0254947
 0.0110293  0.0379362   0.187013  0.0321051
 0.0867489  0.0254947  0.0321051   0.309091
IMAGINARY
          0 -0.00256816  -0.0145875 -0.00675338
 0.00256816           0 -0.00167723   0.0304186
  0.0145875  0.00167723           0  -0.0159015
 0.00675338  -0.0304186   0.0159015           0
EndNode1[0]<--->Repeater1[0]
REAL
    0.323907  -0.00984017   -0.0122066    0.0725361
 -0.00984017     0.197943    0.0238181 -0.000814214
  -0.0122066    0.0238181     0.200514   -0.0162015
   0.0725361 -0.000814214   -0.0162015     0.277635
IMAGINARY
          0   0.0134814  0.00956859  -0.0114201
 -0.0134814           0  0.00246874  -0.0159789
-0.00956859 -0.00246874           0  0.00831346
  0.0114201   0.0159789 -0.00831346           0
EndNode2[0]<--->HoM1[0]
REAL
    0.31406  -0.0156422  -0.0147038   0.0641829
 -0.0156422    0.193167   0.0232207 -0.00714711
 -0.0147038   0.0232207    0.201051 -0.00492338
  0.0641829 -0.00714711 -0.00492338    0.291721
IMAGINARY
          0   0.0111835  -0.0203972  0.00684791
 -0.0111835           0  -0.0049322  -0.0296679
  0.0203972   0.0049322           0  0.00117018
-0.00684791   0.0296679 -0.00117018           0
Repeater1[0]<--->EndNode1[0]
REAL
    0.323907   -0.0122066  -0.00984017    0.0725361
  -0.0122066     0.200514    0.0238181   -0.0162015
 -0.00984017    0.0238181     0.197943 -0.000814214
   0.0725361   -0.0162015 -0.000814214     0.277635
IMAGINARY
          0  0.00956859   0.0134814  -0.0114201
-0.00956859           0 -0.00246874  0.00831346
 -0.0134814  0.00246874           0  -0.0159789
  0.0114201 -0.00831346   0.0159789           0
Repeater1[0]<--->HoM1[0]
REAL
    0.31406  -0.0147038  -0.0156422   0.0641829
 -0.0147038    0.201051   0.0232207 -0.00492338
 -0.0156422   0.0232207    0.193167 -0.00714711
  0.0641829 -0.00492338 -0.00714711    0.291721
IMAGINARY
          0  -0.0203972   0.0111835  0.00684791
  0.0203972           0   0.0049322  0.00117018
 -0.0111835  -0.0049322           0  -0.0296679
-0.00684791 -0.00117018   0.0296679           0
EndNode1[0]<--->Repeater1[0]
REAL
  0.282667 0.00160537  0.0100001  0.0905314
0.00160537   0.202667  0.0379673 -0.0214505
 0.0100001  0.0379673      0.212 0.00221143
 0.0905314 -0.0214505 0.00221143   0.302667
IMAGINARY
          0  -0.0113935   0.0016536  0.00286957
  0.0113935           0    0.017445   0.0175772
 -0.0016536   -0.017445           0  -0.0039911
-0.00286957  -0.0175772   0.0039911           0
EndNode2[0]<--->HoM1[0]
REAL
    0.298684 -0.000578456   -0.0177126    0.0788921
-0.000578456     0.196053    0.0342271    0.0197206
  -0.0177126    0.0342271     0.194737   -0.0094617
   0.0788921    0.0197206   -0.0094617     0.310526
IMAGINARY
          0  0.00395482   0.0128367  0.00761586
-0.00395482           0  0.00201187 -0.00911457
 -0.0128367 -0.00201187           0   -0.011399
-0.00761586  0.00911457    0.011399           0
Repeater1[0]<--->EndNode1[0]
REAL
  0.282667  0.0100001 0.00160537  0.0905314
 0.0100001      0.212  0.0379673 0.00221143
0.00160537  0.0379673   0.202667 -0.0214505
 0.0905314 0.00221143 -0.0214505   0.302667
IMAGINARY
          0   0.0016536  -0.0113935  0.00286957
 -0.0016536           0   -0.017445  -0.0039911
  0.0113935    0.017445           0   0.0175772
-0.00286957   0.0039911  -0.0175772           0
Repeater1[0]<--->HoM1[0]
REAL
    0.298684   -0.0177126 -0.000578456    0.0788921
  -0.0177126     0.194737    0.0342271   -0.0094617
-0.000578456    0.0342271     0.196053    0.0197206
   0.0788921   -0.0094617    0.0197206     0.310526
IMAGINARY
          0   0.0128367  0.00395482  0.00761586
 -0.0128367           0 -0.00201187   -0.011399
-0.00395482  0.00201187           0 -0.00911457
-0.00761586    0.011399  0.00911457           0
EndNode1[0]<--->Repeater1[0]
REAL
   0.278884   0.0186898  0.00391811   0.0755835
  0.0186898    0.184595   0.0215294  -0.0104798
 0.00391811   0.0215294    0.217795 -0.00294181
  0.0755835  -0.0104798 -0.00294181    0.318725
IMAGINARY
           0   0.00626536   0.00311292    0.0127762
 -0.00626536            0   -0.0217506 -0.000655921
 -0.00311292    0.0217506            0  -0.00995086
  -0.0127762  0.000655921   0.00995086            0
EndNode2[0]<--->HoM1[0]
REAL
   0.286624  0.00878307 0.000627731   0.0818623
 0.00878307    0.207643   0.0197002 -0.00192981
0.000627731   0.0197002    0.194904  -0.0126893
  0.0818623 -0.00192981  -0.0126893    0.310828
IMAGINARY
          0  -0.0237907   0.0204758   0.0122849
  0.0237907           0   0.0162322  0.00114586
 -0.0204758  -0.0162322           0  0.00487175
 -0.0122849 -0.00114586 -0.00487175           0
Repeater1[0]<--->EndNode1[0]
REAL
   0.278884  0.00391811   0.0186898   0.0755835
 0.00391811    0.217795   0.0215294 -0.00294181
  0.0186898   0.0215294    0.184595  -0.0104798
  0.0755835 -0.00294181  -0.0104798    0.318725
IMAGINARY
           0   0.00311292   0.00626536    0.0127762
 -0.00311292            0    0.0217506  -0.00995086
 -0.00626536   -0.0217506            0 -0.000655921
  -0.0127762   0.00995086  0.000655921            0
Repeater1[0]<--->HoM1[0]
REAL
   0.286624 0.000627731  0.00878307   0.0818623
0.000627731    0.194904   0.0197002  -0.0126893
 0.00878307   0.0197002    0.207643 -0.00192981
  0.0818623  -0.0126893 -0.00192981    0.310828
IMAGINARY
          0   0.0204758  -0.0237907   0.0122849
 -0.0204758           0  -0.0162322  0.00487175
  0.0237907   0.0162322           0  0.00114586
 -0.0122849 -0.00487175 -0.00114586           0
EndNode1[0]<--->Repeater1[0]
REAL
   0.318653 -0.00484727 -0.00555347   0.0666575
-0.00484727    0.173575   0.0596866   0.0189943
-0.00555347   0.0596866    0.203368   0.0021591
  0.0666575   0.0189943   0.0021591    0.304404
IMAGINARY
          0 -0.00575794  -0.0187053   0.0093263
 0.00575794           0  0.00527224    0.010467
  0.0187053 -0.00527224           0 -0.00755005
 -0.0093263   -0.010467  0.00755005           0
EndNode2[0]<--->HoM1[0]
REAL
   0.300645   0.0115579   0.0127301   0.0731077
  0.0115579    0.209032   0.0293346 -0.00933798
  0.0127301   0.0293346     0.19871   0.0176144
  0.0731077 -0.00933798   0.0176144    0.291613
IMAGINARY
          0  -0.0165344   0.0149493  0.00760854
  0.0165344           0 -0.00963284 -0.00570149
 -0.0149493  0.00963284           0  -0.0247727
-0.00760854  0.00570149   0.0247727           0
Repeater1[0]<--->EndNode1[0]
REAL
   0.318653 -0.00555347 -0.00484727   0.0666575
-0.00555347    0.203368   0.0596866   0.0021591
-0.00484727   0.0596866    0.173575   0.0189943
  0.0666575   0.0021591   0.0189943    0.304404
IMAGINARY
          0  -0.0187053 -0.00575794   0.0093263
  0.0187053           0 -0.00527224 -0.00755005
 0.00575794  0.00527224           0    0.010467
 -0.0093263  0.00755005   -0.010467           0
Repeater1[0]<--->HoM1[0]
REAL
   0.300645   0.0127301   0.0115579   0.0731077
  0.0127301     0.19871   0.0293346   0.0176144
  0.0115579   0.0293346    0.209032 -0.00933798
  0.0731077   0.0176144 -0.00933798    0.291613
IMAGINARY
          0   0.0149493  -0.0165344  0.00760854
 -0.0149493           0  0.00963284  -0.0247727
  0.0165344 -0.00963284           0 -0.00570149
-0.00760854   0.0247727  0.00570149           0
EndNode1[0]<--->Repeater1[0]
REAL
   0.280303   0.0067306 -0.00841579   0.0769805
  0.0067306    0.210859   0.0220355 -0.00449934
-0.00841579   0.0220355    0.212121   0.0123346
  0.0769805 -0.00449934   0.0123346    0.296717
IMAGINARY
           0   0.00137742   0.00712949   -0.0116294
 -0.00137742            0   0.00185102   0.00523315
 -0.00712949  -0.00185102            0 -3.79455e-06
   0.0116294  -0.00523315  3.79455e-06            0
EndNode2[0]<--->HoM1[0]
REAL
  0.326371 -0.0106136  0.0121267  0.0697109
-0.0106136   0.184073  0.0133007 0.00138683
 0.0121267  0.0133007   0.194517 -0.0170569
 0.0697109 0.00138683 -0.0170569   0.295039
IMAGINARY
          0   0.0083147  -0.0222186 -0.00602767
 -0.0083147           0    0.010639 -0.00983268
  0.0222186   -0.010639           0  -0.0121609
 0.00602767  0.00983268   0.0121609           0
Repeater1[0]<--->EndNode1[0]
REAL
   0.280303 -0.00841579   0.0067306   0.0769805
-0.00841579    0.212121   0.0220355   0.0123346
  0.0067306   0.0220355    0.210859 -0.00449934
  0.0769805   0.0123346 -0.00449934    0.296717
IMAGINARY
           0   0.00712949   0.00137742   -0.0116294
 -0.00712949            0  -0.00185102 -3.79455e-06
 -0.00137742   0.00185102            0   0.00523315
   0.0116294  3.79455e-06  -0.00523315            0
Repeater1[0]<--->HoM1[0]
REAL
  0.326371  0.0121267 -0.0106136  0.0697109
 0.0121267   0.194517  0.0133007 -0.0170569
-0.0106136  0.0133007   0.184073 0.00138683
 0.0697109 -0.0170569 0.00138683   0.295039
IMAGINARY
          0  -0.0222186   0.0083147 -0.00602767
  0.0222186           0   -0.010639  -0.0121609
 -0.0083147    0.010639           0 -0.00983268
 0.00602767   0.0121609  0.00983268           0
EndNode1[0]<--->Repeater1[0]
REAL
  0.304799 0.00641226  0.0101693  0.0662462
0.00641226   0.193256  0.0177433 0.00951572
 0.0101693  0.0177433   0.193256 0.00146176
 0.0662462 0.00951572 0.00146176    0.30869
IMAGINARY
          0   0.0203231  -0.0148275  -0.0142185
 -0.0203231           0   0.0220719 -0.00253774
  0.0148275  -0.0220719           0    0.012611
  0.0142185  0.00253774   -0.012611           0
EndNode2[0]<--->HoM1[0]
REAL
   0.332919   -0.021873  0.00831991   0.0710289
  -0.021873    0.193789   0.0376099 -0.00962881
 0.00831991   0.0376099    0.183851  -0.0147762
  0.0710289 -0.00962881  -0.0147762    0.289441
IMAGINARY
          0 -0.00712798 -0.00227176   0.0174477
 0.00712798           0 -0.00102195 -0.00544033
 0.00227176  0.00102195           0  -0.0147229
 -0.0174477  0.00544033   0.0147229           0
Repeater1[0]<--->EndNode1[0]
REAL
  0.304799  0.0101693 0.00641226  0.0662462
 0.0101693   0.193256  0.0177433 0.00146176
0.00641226  0.0177433   0.193256 0.00951572
 0.0662462 0.00146176 0.00951572    0.30869
IMAGINARY
          0  -0.0148275   0.0203231  -0.0142185
  0.0148275           0  -0.0220719    0.012611
 -0.0203231   0.0220719           0 -0.00253774
  0.0142185   -0.012611  0.00253774           0
Repeater1[0]<--->HoM1[0]
REAL
   0.332919  0.00831991   -0.021873   0.0710289
 0.00831991    0.183851   0.0376099  -0.0147762
  -0.021873   0.0376099    0.193789 -0.00962881
  0.0710289  -0.0147762 -0.00962881    0.289441
IMAGINARY
          0 -0.00227176 -0.00712798   0.0174477
 0.00227176           0  0.00102195  -0.0147229
 0.00712798 -0.00102195           0 -0.00544033
 -0.0174477   0.0147229  0.00544033           0
EndNode1[0]<--->Repeater1[0]
REAL
  0.310914  0.0199643 0.00765074  0.0718821
 0.0199643   0.190355  0.0255035 -0.0109187
0.00765074  0.0255035   0.192893   0.026441
 0.0718821 -0.0109187   0.026441   0.305838
IMAGINARY
          0   0.0134057  -0.0102682  0.00781159
 -0.0134057           0 -0.00418841  0.00582092
  0.0102682  0.00418841           0  0.00501865
-0.00781159 -0.00582092 -0.00501865           0
EndNode2[0]<--->HoM1[0]
REAL
     0.28382   -0.0121861  -0.00637018    0.0838716
  -0.0121861     0.190981    0.0102605 -0.000964779
 -0.00637018    0.0102605     0.204244     0.017076
   0.0838716 -0.000964779     0.017076     0.320955
IMAGINARY
          0   0.0321363  0.00680195   0.0150802
 -0.0321363           0   -0.018686  -0.0123575
-0.00680195    0.018686           0  0.00814148
 -0.0150802   0.0123575 -0.00814148           0
Repeater1[0]<--->EndNode1[0]
REAL
  0.310914 0.00765074  0.0199643  0.0718821
0.00765074   0.192893  0.0255035   0.026441
 0.0199643  0.0255035   0.190355 -0.0109187
 0.0718821   0.026441 -0.0109187   0.305838
IMAGINARY
          0  -0.0102682   0.0134057  0.00781159
  0.0102682           0  0.00418841  0.00501865
 -0.0134057 -0.00418841           0  0.00582092
-0.00781159 -0.00501865 -0.00582092           0
Repeater1[0]<--->HoM1[0]
REAL
     0.28382  -0.00637018   -0.0121861    0.0838716
 -0.00637018     0.204244    0.0102605     0.017076
  -0.0121861    0.0102605     0.190981 -0.000964779
   0.0838716     0.017076 -0.000964779     0.320955
IMAGINARY
          0  0.00680195   0.0321363   0.0150802
-0.00680195           0    0.018686  0.00814148
 -0.0321363   -0.018686           0  -0.0123575
 -0.0150802 -0.00814148   0.0123575           0
EndNode1[0]<--->Repeater1[0]
REAL
    0.285893  -0.00216322   -0.0145865     0.081572
 -0.00216322     0.198502    0.0352505 -0.000767355
  -0.0145865    0.0352505     0.203496   0.00416589
    0.081572 -0.000767355   0.00416589      0.31211
IMAGINARY
          0 -0.00533446  0.00464324  0.00437122
 0.00533446           0 -0.00740889 -0.00191844
-0.00464324  0.00740889           0  -0.0123767
-0.00437122  0.00191844   0.0123767           0
EndNode2[0]<--->HoM1[0]
REAL
   0.289203 -0.00417366 -0.00457505   0.0674238
-0.00417366    0.218509   0.0418307   0.0161432
-0.00457505   0.0418307    0.188946 -0.00996516
  0.0674238   0.0161432 -0.00996516    0.303342
IMAGINARY
          0  0.00110854 -0.00978704   0.0105449
-0.00110854           0  -0.0180076  -0.0183029
 0.00978704   0.0180076           0  0.00700631
 -0.0105449   0.0183029 -0.00700631           0
Repeater1[0]<--->EndNode1[0]
REAL
    0.285893   -0.0145865  -0.00216322     0.081572
  -0.0145865     0.203496    0.0352505   0.00416589
 -0.00216322    0.0352505     0.198502 -0.000767355
    0.081572   0.00416589 -0.000767355      0.31211
IMAGINARY
          0  0.00464324 -0.00533446  0.00437122
-0.00464324           0  0.00740889  -0.0123767
 0.00533446 -0.00740889           0 -0.00191844
-0.00437122   0.0123767  0.00191844           0
Repeater1[0]<--->HoM1[0]
REAL
   0.289203 -0.00457505 -0.00417366   0.0674238
-0.00457505    0.188946   0.0418307 -0.00996516
-0.00417366   0.0418307    0.218509   0.0161432
  0.0674238 -0.00996516   0.0161432    0.303342
IMAGINARY
          0 -0.00978704  0.00110854   0.0105449
 0.00978704           0   0.0180076  0.00700631
-0.00110854  -0.0180076           0  -0.0183029
 -0.0105449 -0.00700631   0.0183029           0
EndNode1[0]<--->Repeater1[0]
REAL
   0.31768  0.0165743  0.0137692  0.0788361
 0.0165743   0.191989  0.0171739  0.0198966
 0.0137692  0.0171739   0.207182 0.00711651
 0.0788361  0.0198966 0.00711651   0.283149
IMAGINARY
          0  -0.0101318   0.0129534 -0.00301266
  0.0101318           0   0.0190554  -0.0129534
 -0.0129534  -0.0190554           0  -0.0287422
 0.00301266   0.0129534   0.0287422           0
EndNode2[0]<--->HoM1[0]
REAL
  0.293252  0.0037713 0.00103245  0.0642299
 0.0037713   0.190184  0.0459818 -0.0203351
0.00103245  0.0459818   0.213497 -0.0168473
 0.0642299 -0.0203351 -0.0168473   0.303067
IMAGINARY
           0  -0.00934979   -0.0186813    0.0138709
  0.00934979            0  -0.00825296    0.0106521
   0.0186813   0.00825296            0 -0.000139262
  -0.0138709   -0.0106521  0.000139262            0
Repeater1[0]<--->EndNode1[0]
REAL
   0.31768  0.0137692  0.0165743  0.0788361
 0.0137692   0.207182  0.0171739 0.00711651
 0.0165743  0.0171739   0.191989  0.0198966
 0.0788361 0.00711651  0.0198966   0.283149
IMAGINARY
          0   0.0129534  -0.0101318 -0.00301266
 -0.0129534           0  -0.0190554  -0.0287422
  0.0101318   0.0190554           0  -0.0129534
 0.00301266   0.0287422   0.0129534           0
Repeater1[0]<--->HoM1[0]
REAL
  0.293252 0.00103245  0.0037713  0.0642299
0.00103245   0.213497  0.0459818 -0.0168473
 0.0037713  0.0459818   0.190184 -0.0203351
 0.0642299 -0.0168473 -0.0203351   0.303067
IMAGINARY
           0   -0.0186813  -0.00934979    0.0138709
   0.0186813            0   0.00825296 -0.000139262
  0.00934979  -0.00825296            0    0.0106521
  -0.0138709  0.000139262   -0.0106521            0
EndNode1[0]<--->Repeater1[0]
REAL
  0.310391 0.00984965 -0.0132211  0.0689463
0.00984965   0.184885  0.0508255  0.0049828
-0.0132211  0.0508255   0.209177 -0.0155531
 0.0689463  0.0049828 -0.0155531   0.295547
IMAGINARY
          0 -0.00979144  0.00853236   0.0149729
 0.00979144           0  0.00123661    0.012273
-0.00853236 -0.00123661           0  -0.0150408
 -0.0149729   -0.012273   0.0150408           0
EndNode2[0]<--->HoM1[0]
REAL
   0.277922 -0.00277208 -0.00556445    0.064831
-0.00277208    0.190909   0.0219355  -0.0162832
-0.00556445   0.0219355    0.201299 -0.00534278
   0.064831  -0.0162832 -0.00534278     0.32987
IMAGINARY
          0   0.0162099   0.0221197  0.00412001
 -0.0162099           0  0.00156899  -0.0194387
 -0.0221197 -0.00156899           0   0.0012164
-0.00412001   0.0194387  -0.0012164           0
Repeater1[0]<--->EndNode1[0]
REAL
  0.310391 -0.0132211 0.00984965  0.0689463
-0.0132211   0.209177  0.0508255 -0.0155531
0.00984965  0.0508255   0.184885  0.0049828
 0.0689463 -0.0155531  0.0049828   0.295547
IMAGINARY
          0  0.00853236 -0.00979144   0.0149729
-0.00853236           0 -0.00123661  -0.0150408
 0.00979144  0.00123661           0    0.012273
 -0.0149729   0.0150408   -0.012273           0
Repeater1[0]<--->HoM1[0]
REAL
   0.277922 -0.00556445 -0.00277208    0.064831
-0.00556445    0.201299   0.0219355 -0.00534278
-0.00277208   0.0219355    0.190909  -0.0162832
   0.064831 -0.00534278  -0.0162832     0.32987
IMAGINARY
          0   0.0221197   0.0162099  0.00412001
 -0.0221197           0 -0.00156899   0.0012164
 -0.0162099  0.00156899           0  -0.0194387
-0.00412001  -0.0012164   0.0194387           0
EndNode1[0]<--->Repeater1[0]
REAL
   0.31456  0.0199085  0.0177915  0.0780829
 0.0199085   0.201923  0.0268699  0.0152274
 0.0177915  0.0268699   0.211538 0.00957261
 0.0780829  0.0152274 0.00957261   0.271978
IMAGINARY
           0     0.041884 -0.000162625    0.0270195
   -0.041884            0    0.0197154    0.0338553
 0.000162625   -0.0197154            0   -0.0176252
  -0.0270195   -0.0338553    0.0176252            0
EndNode2[0]<--->HoM1[0]
REAL
   0.288608   0.0309752 -0.00332022    0.069365
  0.0309752    0.193671   0.0129134   0.0197759
-0.00332022   0.0129134    0.201266   0.0158603
   0.069365   0.0197759   0.0158603    0.316456
IMAGINARY
          0   -0.012778   0.0242071 -0.00865588
   0.012778           0 -0.00290875  0.00536284
 -0.0242071  0.00290875           0  -0.0114156
 0.00865588 -0.00536284   0.0114156           0
Repeater1[0]<--->EndNode1[0]
REAL
   0.31456  0.0177915  0.0199085  0.0780829
 0.0177915   0.211538  0.0268699 0.00957261
 0.0199085  0.0268699   0.201923  0.0152274
 0.0780829 0.00957261  0.0152274   0.271978
IMAGINARY
           0 -0.000162625     0.041884    0.0270195
 0.000162625            0   -0.0197154   -0.0176252
   -0.041884    0.0197154            0    0.0338553
  -0.0270195    0.0176252   -0.0338553            0
Repeater1[0]<--->HoM1[0]
REAL
   0.288608 -0.00332022   0.0309752    0.069365
-0.00332022    0.201266   0.0129134   0.0158603
  0.0309752   0.0129134    0.193671   0.0197759
   0.069365   0.0158603   0.0197759    0.316456
IMAGINARY
          0   0.0242071   -0.012778 -0.00865588
 -0.0242071           0  0.00290875  -0.0114156
   0.012778 -0.00290875           0  0.00536284
 0.00865588   0.0114156 -0.00536284           0
EndNode1[0]<--->Repeater1[0]
REAL
   0.317757  -0.0189211 -0.00151551   0.0813585
 -0.0189211    0.221629   0.0327651 -0.00794225
-0.00151551   0.0327651    0.176235  -0.0233236
  0.0813585 -0.00794225  -0.0233236    0.284379
IMAGINARY
           0   0.00845448   0.00614259   0.00814536
 -0.00845448            0   0.00814536  -0.00358504
 -0.00614259  -0.00814536            0  0.000496923
 -0.00814536   0.00358504 -0.000496923            0
EndNode2[0]<--->HoM1[0]
REAL
   0.274847   0.0158649 -0.00672867    0.082801
  0.0158649    0.215951   0.0428272   0.0155226
-0.00672867   0.0428272     0.18773  -0.0070709
   0.082801   0.0155226  -0.0070709    0.321472
IMAGINARY
          0 -0.00330409  0.00755876 -0.00288586
 0.00330409           0   0.0122258  0.00489209
-0.00755876  -0.0122258           0 -0.00521492
 0.00288586 -0.00489209  0.00521492           0
Repeater1[0]<--->EndNode1[0]
REAL
   0.317757 -0.00151551  -0.0189211   0.0813585
-0.00151551    0.176235   0.0327651  -0.0233236
 -0.0189211   0.0327651    0.221629 -0.00794225
  0.0813585  -0.0233236 -0.00794225    0.284379
IMAGINARY
           0   0.00614259   0.00845448   0.00814536
 -0.00614259            0  -0.00814536  0.000496923
 -0.00845448   0.00814536            0  -0.00358504
 -0.00814536 -0.000496923   0.00358504            0
Repeater1[0]<--->HoM1[0]
REAL
   0.274847 -0.00672867   0.0158649    0.082801
-0.00672867     0.18773   0.0428272  -0.0070709
  0.0158649   0.0428272    0.215951   0.0155226
   0.082801  -0.0070709   0.0155226    0.321472
IMAGINARY
          0  0.00755876 -0.00330409 -0.00288586
-0.00755876           0  -0.0122258 -0.00521492
 0.00330409   0.0122258           0  0.00489209
 0.00288586  0.00521492 -0.00489209           0
EndNode1[0]<--->Repeater1[0]
REAL
   0.290698  0.00241531   0.0127595   0.0740389
 0.00241531     0.21447 0.000774093  0.00968443
  0.0127595 0.000774093    0.196382   0.0137942
  0.0740389  0.00968443   0.0137942     0.29845
IMAGINARY
           0    0.0236681  -0.00354341   -0.0090613
  -0.0236681            0  -0.00192771  0.000972717
  0.00354341   0.00192771            0   -0.0108146
   0.0090613 -0.000972717    0.0108146            0
EndNode2[0]<--->HoM1[0]
REAL
  0.280048  0.0143433 0.00938127  0.0759651
 0.0143433   0.204327  0.0431466  0.0235932
0.00938127  0.0431466   0.201923  -0.017708
 0.0759651  0.0235932  -0.017708   0.313702
IMAGINARY
           0    0.0278876  -0.00257649 -0.000213859
  -0.0278876            0    0.0289639  -0.00064101
  0.00257649   -0.0289639            0 -0.000217024
 0.000213859   0.00064101  0.000217024            0
Repeater1[0]<--->EndNode1[0]
REAL
   0.290698   0.0127595  0.00241531   0.0740389
  0.0127595    0.196382 0.000774093   0.0137942
 0.00241531 0.000774093     0.21447  0.00968443
  0.0740389   0.0137942  0.00968443     0.29845
IMAGINARY
           0  -0.00354341    0.0236681   -0.0090613
  0.00354341            0   0.00192771   -0.0108146
  -0.0236681  -0.00192771            0  0.000972717
   0.0090613    0.0108146 -0.000972717            0
Repeater1[0]<--->HoM1[0]
REAL
  0.280048 0.00938127  0.0143433  0.0759651
0.00938127   0.201923  0.0431466  -0.017708
 0.0143433  0.0431466   0.204327  0.0235932
 0.0759651  -0.017708  0.0235932   0.313702
IMAGINARY
           0  -0.00257649    0.0278876 -0.000213859
  0.00257649            0   -0.0289639 -0.000217024
  -0.0278876    0.0289639            0  -0.00064101
 0.000213859  0.000217024   0.00064101            0
EndNode1[0]<--->Repeater1[0]
REAL
   0.292683   0.0138577   0.0057358   0.0652875
  0.0138577    0.195122   0.0218093   0.0194255
  0.0057358   0.0218093    0.225931 -0.00676089
  0.0652875   0.0194255 -0.00676089    0.286264
IMAGINARY
          0 -0.00386886  0.00319693  0.00198459
 0.00386886           0 -0.00733218   0.0159847
-0.00319693  0.00733218           0  -0.0165915
-0.00198459  -0.0159847   0.0165915           0
EndNode2[0]<--->HoM1[0]
REAL
   0.284472 -0.00580332  -0.0163861   0.0764687
-0.00580332    0.232298     0.03053  -0.0112048
 -0.0163861     0.03053    0.185093 -0.00832858
  0.0764687  -0.0112048 -0.00832858    0.298137
IMAGINARY
           0    0.0119203  0.000167265   0.00645249
  -0.0119203            0    0.0085101    0.0124825
-0.000167265   -0.0085101            0  -0.00193361
 -0.00645249   -0.0124825   0.00193361            0
Repeater1[0]<--->EndNode1[0]
REAL
   0.292683   0.0057358   0.0138577   0.0652875
  0.0057358    0.225931   0.0218093 -0.00676089
  0.0138577   0.0218093    0.195122   0.0194255
  0.0652875 -0.00676089   0.0194255    0.286264
IMAGINARY
          0  0.00319693 -0.00386886  0.00198459
-0.00319693           0  0.00733218  -0.0165915
 0.00386886 -0.00733218           0   0.0159847
-0.00198459   0.0165915  -0.0159847           0
Repeater1[0]<--->HoM1[0]
REAL
   0.284472  -0.0163861 -0.00580332   0.0764687
 -0.0163861    0.185093     0.03053 -0.00832858
-0.00580332     0.03053    0.232298  -0.0112048
  0.0764687 -0.00832858  -0.0112048    0.298137
IMAGINARY
           0  0.000167265    0.0119203   0.00645249
-0.000167265            0   -0.0085101  -0.00193361
  -0.0119203    0.0085101            0    0.0124825
 -0.00645249   0.00193361   -0.0124825            0
EndNode1[0]<--->Repeater1[0]
REAL
   0.320375 -0.00825818   0.0082949   0.0919946
-0.00825818    0.203753    0.024427 -0.00584392
  0.0082949    0.024427    0.209115   0.0143856
  0.0919946 -0.00584392   0.0143856    0.266756
IMAGINARY
           0  -0.00853349   0.00256417    0.0112719
  0.00853349            0  -0.00808722  0.000653338
 -0.00256417   0.00808722            0  0.000167982
  -0.0112719 -0.000653338 -0.000167982            0
EndNode2[0]<--->HoM1[0]
REAL
   0.333333  0.00541464  0.00769399    0.104608
 0.00541464     0.19359   0.0517626 -0.00318949
 0.00769399   0.0517626    0.189744 0.000376861
   0.104608 -0.00318949 0.000376861    0.283333
IMAGINARY
          0  -0.0186389 -0.00474255   -0.029964
  0.0186389           0   0.0261857 -0.00474255
 0.00474255  -0.0261857           0  -0.0125264
   0.029964  0.00474255   0.0125264           0
Repeater1[0]<--->EndNode1[0]
REAL
   0.320375   0.0082949 -0.00825818   0.0919946
  0.0082949    0.209115    0.024427   0.0143856
-0.00825818    0.024427    0.203753 -0.00584392
  0.0919946   0.0143856 -0.00584392    0.266756
IMAGINARY
           0   0.00256417  -0.00853349    0.0112719
 -0.00256417            0   0.00808722  0.000167982
  0.00853349  -0.00808722            0  0.000653338
  -0.0112719 -0.000167982 -0.000653338            0
Repeater1[0]<--->HoM1[0]
REAL
   0.333333  0.00769399  0.00541464    0.104608
 0.00769399    0.189744   0.0517626 0.000376861
 0.00541464   0.0517626     0.19359 -0.00318949
   0.104608 0.000376861 -0.00318949    0.283333
IMAGINARY
          0 -0.00474255  -0.0186389   -0.029964
 0.00474255           0  -0.0261857  -0.0125264
  0.0186389   0.0261857           0 -0.00474255
   0.029964   0.0125264  0.00474255           0
EndNode1[0]<--->Repeater1[0]
REAL
   0.283582  0.00953994 -0.00469647   0.0941483
 0.00953994    0.216418   0.0202134  -0.0205695
-0.00469647   0.0202134    0.190299   -0.002891
  0.0941483  -0.0205695   -0.002891    0.309701
IMAGINARY
          0 -0.00729573    0.022167  -0.0134395
 0.00729573           0  -0.0103105  -0.0021169
  -0.022167   0.0103105           0  -0.0177669
  0.0134395   0.0021169   0.0177669           0
EndNode2[0]<--->HoM1[0]
REAL
   0.278796 0.000974103 -0.00182198   0.0452447
0.000974103     0.21466   0.0364286   0.0144382
-0.00182198   0.0364286    0.187173   0.0103141
  0.0452447   0.0144382   0.0103141    0.319372
IMAGINARY
          0   0.0131842 -0.00286268  0.00668035
 -0.0131842           0  0.00607133   0.0141977
 0.00286268 -0.00607133           0   0.0107452
-0.00668035  -0.0141977  -0.0107452           0
Repeater1[0]<--->EndNode1[0]
REAL
   0.283582 -0.00469647  0.00953994   0.0941483
-0.00469647    0.190299   0.0202134   -0.002891
 0.00953994   0.0202134    0.216418  -0.0205695
  0.0941483   -0.002891  -0.0205695    0.309701
IMAGINARY
          0    0.022167 -0.00729573  -0.0134395
  -0.022167           0   0.0103105  -0.0177669
 0.00729573  -0.0103105           0  -0.0021169
  0.0134395   0.0177669   0.0021169           0
Repeater1[0]<--->HoM1[0]
REAL
   0.278796 -0.00182198 0.000974103   0.0452447
-0.00182198    0.187173   0.0364286   0.0103141
0.000974103   0.0364286     0.21466   0.0144382
  0.0452447   0.0103141   0.0144382    0.319372
IMAGINARY
          0 -0.00286268   0.0131842  0.00668035
 0.00286268           0 -0.00607133   0.0107452
 -0.0131842  0.00607133           0   0.0141977
-0.00668035  -0.0107452  -0.0141977           0
EndNode1[0]<--->Repeater1[0]
REAL
   0.293059 -0.00892758   0.0160154   0.0856315
-0.00892758    0.200514    0.053437 -0.00760663
  0.0160154    0.053437    0.188946   0.0108681
  0.0856315 -0.00760663   0.0108681    0.317481
IMAGINARY
          0 -0.00531905  0.00830127  0.00355999
 0.00531905           0   0.0208455   0.0344057
-0.00830127  -0.0208455           0   0.0020339
-0.00355999  -0.0344057  -0.0020339           0
EndNode2[0]<--->HoM1[0]
REAL
   0.328553 -0.00743013   0.0196267     0.07159
-0.00743013    0.195567    0.016176   0.0202669
  0.0196267    0.016176    0.170795 -0.00320817
    0.07159   0.0202669 -0.00320817    0.305085
IMAGINARY
           0    0.0106203 -0.000368257  -0.00935819
  -0.0106203            0   0.00152529  -0.00409034
 0.000368257  -0.00152529            0  -0.00234009
  0.00935819   0.00409034   0.00234009            0
Repeater1[0]<--->EndNode1[0]
REAL
   0.293059   0.0160154 -0.00892758   0.0856315
  0.0160154    0.188946    0.053437   0.0108681
-0.00892758    0.053437    0.200514 -0.00760663
  0.0856315   0.0108681 -0.00760663    0.317481
IMAGINARY
          0  0.00830127 -0.00531905  0.00355999
-0.00830127           0  -0.0208455   0.0020339
 0.00531905   0.0208455           0   0.0344057
-0.00355999  -0.0020339  -0.0344057           0
Repeater1[0]<--->HoM1[0]
REAL
   0.328553   0.0196267 -0.00743013     0.07159
  0.0196267    0.170795    0.016176 -0.00320817
-0.00743013    0.016176    0.195567   0.0202669
    0.07159 -0.00320817   0.0202669    0.305085
IMAGINARY
           0 -0.000368257    0.0106203  -0.00935819
 0.000368257            0  -0.00152529  -0.00234009
  -0.0106203   0.00152529            0  -0.00409034
  0.00935819   0.00234009   0.00409034            0
EndNode1[0]<--->Repeater1[0]
REAL
   0.268421  -0.0011924  0.00769089    0.049974
 -0.0011924    0.221053   0.0270495 -0.00899638
 0.00769089   0.0270495    0.205263  -0.0183898
   0.049974 -0.00899638  -0.0183898    0.305263
IMAGINARY
          0   0.0108556   0.0023391   0.0130036
 -0.0108556           0   0.0213476 -0.00667615
 -0.0023391  -0.0213476           0  -0.0151927
 -0.0130036  0.00667615   0.0151927           0
EndNode2[0]<--->HoM1[0]
REAL
   0.323684 -0.00316727   0.0134059    0.108698
-0.00316727        0.15   0.0370819 -0.00317573
  0.0134059   0.0370819         0.2  -0.0108992
   0.108698 -0.00317573  -0.0108992    0.326316
IMAGINARY
           0   -0.0275408  -0.00244589   -0.0055018
   0.0275408            0   0.00284223   -0.0113517
  0.00244589  -0.00284223            0 -0.000711516
   0.0055018    0.0113517  0.000711516            0
Repeater1[0]<--->EndNode1[0]
REAL
   0.268421  0.00769089  -0.0011924    0.049974
 0.00769089    0.205263   0.0270495  -0.0183898
 -0.0011924   0.0270495    0.221053 -0.00899638
   0.049974  -0.0183898 -0.00899638    0.305263
IMAGINARY
          0   0.0023391   0.0108556   0.0130036
 -0.0023391           0  -0.0213476  -0.0151927
 -0.0108556   0.0213476           0 -0.00667615
 -0.0130036   0.0151927  0.00667615           0
Repeater1[0]<--->HoM1[0]
REAL
   0.323684   0.0134059 -0.00316727    0.108698
  0.0134059         0.2   0.0370819  -0.0108992
-0.00316727   0.0370819        0.15 -0.00317573
   0.108698  -0.0108992 -0.00317573    0.326316
IMAGINARY
           0  -0.00244589   -0.0275408   -0.0055018
  0.00244589            0  -0.00284223 -0.000711516
   0.0275408   0.00284223            0   -0.0113517
   0.0055018  0.000711516    0.0113517            0
EndNode1[0]<--->Repeater1[0]
REAL
   0.290789 -0.00666058   0.0141176   0.0846023
-0.00666058    0.184211   0.0391477  -0.0116176
  0.0141176   0.0391477    0.207895  0.00541058
  0.0846023  -0.0116176  0.00541058    0.317105
IMAGINARY
          0  -0.0174274  -0.0126814  0.00301758
  0.0174274           0  0.00102555  -0.0263711
  0.0126814 -0.00102555           0  0.00398314
-0.00301758   0.0263711 -0.00398314           0
EndNode2[0]<--->HoM1[0]
REAL
   0.30303 0.00821082 -0.0188959  0.0776926
0.00821082   0.225296  0.0209916 0.00573796
-0.0188959  0.0209916   0.196311 -0.0226845
 0.0776926 0.00573796 -0.0226845   0.275362
IMAGINARY
          0   -0.027755   0.0012721  -0.0129563
   0.027755           0  0.00971374  -0.0115814
 -0.0012721 -0.00971374           0 -0.00575013
  0.0129563   0.0115814  0.00575013           0
Repeater1[0]<--->EndNode1[0]
REAL
   0.290789   0.0141176 -0.00666058   0.0846023
  0.0141176    0.207895   0.0391477  0.00541058
-0.00666058   0.0391477    0.184211  -0.0116176
  0.0846023  0.00541058  -0.0116176    0.317105
IMAGINARY
          0  -0.0126814  -0.0174274  0.00301758
  0.0126814           0 -0.00102555  0.00398314
  0.0174274  0.00102555           0  -0.0263711
-0.00301758 -0.00398314   0.0263711           0
Repeater1[0]<--->HoM1[0]
REAL
   0.30303 -0.0188959 0.00821082  0.0776926
-0.0188959   0.196311  0.0209916 -0.0226845
0.00821082  0.0209916   0.225296 0.00573796
 0.0776926 -0.0226845 0.00573796   0.275362
IMAGINARY
          0   0.0012721   -0.027755  -0.0129563
 -0.0012721           0 -0.00971374 -0.00575013
   0.027755  0.00971374           0  -0.0115814
  0.0129563  0.00575013   0.0115814           0
EndNode1[0]<--->Repeater1[0]
REAL
   0.274585   0.0135912 -0.00943529    0.091119
  0.0135912    0.200511   0.0474949 -0.00170333
-0.00943529   0.0474949    0.245211  0.00992368
   0.091119 -0.00170333  0.00992368    0.279693
IMAGINARY
          0 -0.00376671    0.014291   0.0265641
 0.00376671           0  0.00476751  -0.0109353
  -0.014291 -0.00476751           0 -0.00764268
 -0.0265641   0.0109353  0.00764268           0
EndNode2[0]<--->HoM1[0]
REAL
   0.289544 -0.00490991  -0.0083017   0.0619547
-0.00490991    0.206434   0.0291982  0.00159929
 -0.0083017   0.0291982    0.206434  -0.0165378
  0.0619547  0.00159929  -0.0165378    0.297587
IMAGINARY
          0   0.0190437  0.00889447 -0.00791846
 -0.0190437           0  0.00855057 -0.00333204
-0.00889447 -0.00855057           0  0.00258797
 0.00791846  0.00333204 -0.00258797           0
Repeater1[0]<--->EndNode1[0]
REAL
   0.274585 -0.00943529   0.0135912    0.091119
-0.00943529    0.245211   0.0474949  0.00992368
  0.0135912   0.0474949    0.200511 -0.00170333
   0.091119  0.00992368 -0.00170333    0.279693
IMAGINARY
          0    0.014291 -0.00376671   0.0265641
  -0.014291           0 -0.00476751 -0.00764268
 0.00376671  0.00476751           0  -0.0109353
 -0.0265641  0.00764268   0.0109353           0
Repeater1[0]<--->HoM1[0]
REAL
   0.289544  -0.0083017 -0.00490991   0.0619547
 -0.0083017    0.206434   0.0291982  -0.0165378
-0.00490991   0.0291982    0.206434  0.00159929
  0.0619547  -0.0165378  0.00159929    0.297587
IMAGINARY
          0  0.00889447   0.0190437 -0.00791846
-0.00889447           0 -0.00855057  0.00258797
 -0.0190437  0.00855057           0 -0.00333204
 0.00791846 -0.00258797  0.00333204           0
EndNode1[0]<--->Repeater1[0]
REAL
   0.286414 0.000259355 -0.00770616    0.105747
0.000259355    0.214198     0.03584  -0.0134977
-0.00770616     0.03584     0.21175 -0.00231134
   0.105747  -0.0134977 -0.00231134    0.287638
IMAGINARY
          0  0.00903074   0.0299993  -0.0029577
-0.00903074           0  0.00657216 -0.00137077
 -0.0299993 -0.00657216           0  -0.0123596
  0.0029577  0.00137077   0.0123596           0
EndNode2[0]<--->HoM1[0]
REAL
   0.300401  -0.0188331   0.0083871   0.0657757
 -0.0188331    0.192256   0.0419662 -0.00903226
  0.0083871   0.0419662    0.233645  -0.0127798
  0.0657757 -0.00903226  -0.0127798    0.273698
IMAGINARY
           0 -0.000814001   -0.0127113   -0.0148105
 0.000814001            0   0.00178972 -0.000516196
   0.0127113  -0.00178972            0   -0.0124135
   0.0148105  0.000516196    0.0124135            0
Repeater1[0]<--->EndNode1[0]
REAL
   0.286414 -0.00770616 0.000259355    0.105747
-0.00770616     0.21175     0.03584 -0.00231134
0.000259355     0.03584    0.214198  -0.0134977
   0.105747 -0.00231134  -0.0134977    0.287638
IMAGINARY
          0   0.0299993  0.00903074  -0.0029577
 -0.0299993           0 -0.00657216  -0.0123596
-0.00903074  0.00657216           0 -0.00137077
  0.0029577   0.0123596  0.00137077           0
Repeater1[0]<--->HoM1[0]
REAL
   0.300401   0.0083871  -0.0188331   0.0657757
  0.0083871    0.233645   0.0419662  -0.0127798
 -0.0188331   0.0419662    0.192256 -0.00903226
  0.0657757  -0.0127798 -0.00903226    0.273698
IMAGINARY
           0   -0.0127113 -0.000814001   -0.0148105
   0.0127113            0  -0.00178972   -0.0124135
 0.000814001   0.00178972            0 -0.000516196
   0.0148105    0.0124135  0.000516196            0
EndNode1[0]<--->Repeater1[0]
REAL
   0.330391   0.0186696  0.00737412   0.0798925
  0.0186696    0.189155  0.00534239 -0.00267613
 0.00737412  0.00534239    0.204288  0.00347805
  0.0798925 -0.00267613  0.00347805    0.276166
IMAGINARY
          0  0.00547955   0.0115291  0.00197196
-0.00547955           0  0.00131319  0.00646578
 -0.0115291 -0.00131319           0  0.00608857
-0.00197196 -0.00646578 -0.00608857           0
EndNode2[0]<--->HoM1[0]
REAL
  0.302789 -0.0280995  -0.018804  0.0679172
-0.0280995   0.167331 0.00517464 -0.0128907
 -0.018804 0.00517464   0.217795    0.03004
 0.0679172 -0.0128907    0.03004   0.312085
IMAGINARY
