EndNode1[0]<--->Repeater1[0]
REAL
   0.300487 -0.00456041 0.000383782  0.00217771
-0.00456041    0.180049 -0.00280982  -0.0149223
0.000383782 -0.00280982    0.190998  0.00519252
 0.00217771  -0.0149223  0.00519252    0.328467
IMAGINARY
          0  0.00973802  -0.0198426  0.00682874
-0.00973802           0  0.00942614 -0.00260126
  0.0198426 -0.00942614           0 -0.00849114
-0.00682874  0.00260126  0.00849114           0
EndNode2[0]<--->HoM1[0]
REAL
   0.317949   0.0194229   0.0133589   0.0176019
  0.0194229     0.19359 -0.00067484   -0.014661
  0.0133589 -0.00067484    0.178205  0.00141046
  0.0176019   -0.014661  0.00141046    0.310256
IMAGINARY
          0  0.00819406 -0.00859386  0.00641661
-0.00819406           0  -0.0182587   0.0190377
 0.00859386   0.0182587           0  -0.0121105
-0.00641661  -0.0190377   0.0121105           0
Repeater1[0]<--->EndNode1[0]
REAL
   0.300487 0.000383782 -0.00456041  0.00217771
0.000383782    0.190998 -0.00280982  0.00519252
-0.00456041 -0.00280982    0.180049  -0.0149223
 0.00217771  0.00519252  -0.0149223    0.328467
IMAGINARY
          0  -0.0198426  0.00973802  0.00682874
  0.0198426           0 -0.00942614 -0.00849114
-0.00973802  0.00942614           0 -0.00260126
-0.00682874  0.00849114  0.00260126           0
Repeater1[0]<--->HoM1[0]
REAL
   0.317949   0.0133589   0.0194229   0.0176019
  0.0133589    0.178205 -0.00067484  0.00141046
  0.0194229 -0.00067484     0.19359   -0.014661
  0.0176019  0.00141046   -0.014661    0.310256
IMAGINARY
          0 -0.00859386  0.00819406  0.00641661
 0.00859386           0   0.0182587  -0.0121105
-0.00819406  -0.0182587           0   0.0190377
-0.00641661   0.0121105  -0.0190377           0
EndNode1[0]<--->Repeater1[0]
REAL
   0.306748 -0.00202268 -0.00271607    0.036056
-0.00202268    0.201227   0.0170841  -0.0311004
-0.00271607   0.0170841    0.169325  -0.0052237
   0.036056  -0.0311004  -0.0052237    0.322699
IMAGINARY
           0    0.0135874    0.0156761 -0.000959123
  -0.0135874            0  -0.00364009   -0.0150641
  -0.0156761   0.00364009            0  -0.00073551
 0.000959123    0.0150641   0.00073551            0
EndNode2[0]<--->HoM1[0]
REAL
       0.35    0.010233  0.00194796    0.026388
   0.010233    0.190789  0.00762994 -0.00387351
 0.00194796  0.00762994    0.157895  0.00452955
   0.026388 -0.00387351  0.00452955    0.301316
IMAGINARY
          0    0.018272   0.0106183   0.0157442
  -0.018272           0  0.00643573  0.00296519
 -0.0106183 -0.00643573           0  -0.0085695
 -0.0157442 -0.00296519   0.0085695           0
Repeater1[0]<--->EndNode1[0]
REAL
   0.306748 -0.00271607 -0.00202268    0.036056
-0.00271607    0.169325   0.0170841  -0.0052237
-0.00202268   0.0170841    0.201227  -0.0311004
   0.036056  -0.0052237  -0.0311004    0.322699
IMAGINARY
           0    0.0156761    0.0135874 -0.000959123
  -0.0156761            0   0.00364009  -0.00073551
  -0.0135874  -0.00364009            0   -0.0150641
 0.000959123   0.00073551    0.0150641            0
Repeater1[0]<--->HoM1[0]
REAL
       0.35  0.00194796    0.010233    0.026388
 0.00194796    0.157895  0.00762994  0.00452955
   0.010233  0.00762994    0.190789 -0.00387351
   0.026388  0.00452955 -0.00387351    0.301316
IMAGINARY
          0   0.0106183    0.018272   0.0157442
 -0.0106183           0 -0.00643573  -0.0085695
  -0.018272  0.00643573           0  0.00296519
 -0.0157442   0.0085695 -0.00296519           0
EndNode1[0]<--->Repeater1[0]
REAL
   0.344221  -0.0076299  -0.0255262   0.0290565
 -0.0076299    0.184673 -0.00316004  -0.0202906
 -0.0255262 -0.00316004    0.173367  0.00298183
  0.0290565  -0.0202906  0.00298183    0.297739
IMAGINARY
          0  0.00825098  0.00528495   0.0181004
-0.00825098           0 -0.00971331   0.0333748
-0.00528495  0.00971331           0   -0.012117
 -0.0181004  -0.0333748    0.012117           0
EndNode2[0]<--->HoM1[0]
REAL
   0.337922   0.0194246 -0.00445488   0.0201159
  0.0194246     0.20025  0.00193412  0.00505083
-0.00445488  0.00193412    0.155194 -0.00333402
  0.0201159  0.00505083 -0.00333402    0.306633
IMAGINARY
          0   0.0125431  -0.0149949  0.00361324
 -0.0125431           0  0.00167776 -0.00578435
  0.0149949 -0.00167776           0   0.0017426
-0.00361324  0.00578435  -0.0017426           0
Repeater1[0]<--->EndNode1[0]
REAL
   0.344221  -0.0255262  -0.0076299   0.0290565
 -0.0255262    0.173367 -0.00316004  0.00298183
 -0.0076299 -0.00316004    0.184673  -0.0202906
  0.0290565  0.00298183  -0.0202906    0.297739
IMAGINARY
          0  0.00528495  0.00825098   0.0181004
-0.00528495           0  0.00971331   -0.012117
-0.00825098 -0.00971331           0   0.0333748
 -0.0181004    0.012117  -0.0333748           0
Repeater1[0]<--->HoM1[0]
REAL
   0.337922 -0.00445488   0.0194246   0.0201159
-0.00445488    0.155194  0.00193412 -0.00333402
  0.0194246  0.00193412     0.20025  0.00505083
  0.0201159 -0.00333402  0.00505083    0.306633
IMAGINARY
          0  -0.0149949   0.0125431  0.00361324
  0.0149949           0 -0.00167776   0.0017426
 -0.0125431  0.00167776           0 -0.00578435
-0.00361324  -0.0017426  0.00578435           0
EndNode1[0]<--->Repeater1[0]
REAL
  0.328185 0.00414814 0.00545515  0.0271189
0.00414814   0.159588  0.0141655 0.00044262
0.00545515  0.0141655   0.186615 -0.0087353
 0.0271189 0.00044262 -0.0087353   0.325611
IMAGINARY
          0   0.0256688  0.00179047 -0.00804896
 -0.0256688           0  -0.0302096  0.00857222
-0.00179047   0.0302096           0 -0.00494343
 0.00804896 -0.00857222  0.00494343           0
EndNode2[0]<--->HoM1[0]
REAL
  0.308168 -0.0137312 -0.0163506 0.00793734
-0.0137312    0.19802  0.0255678 0.00733002
-0.0163506  0.0255678   0.174505  0.0072879
0.00793734 0.00733002  0.0072879   0.319307
IMAGINARY
           0   0.00478838   -0.0138465   0.00560132
 -0.00478838            0    0.0134342 -0.000963078
   0.0138465   -0.0134342            0    0.0170734
 -0.00560132  0.000963078   -0.0170734            0
Repeater1[0]<--->EndNode1[0]
REAL
  0.328185 0.00545515 0.00414814  0.0271189
0.00545515   0.186615  0.0141655 -0.0087353
0.00414814  0.0141655   0.159588 0.00044262
 0.0271189 -0.0087353 0.00044262   0.325611
IMAGINARY
          0  0.00179047   0.0256688 -0.00804896
-0.00179047           0   0.0302096 -0.00494343
 -0.0256688  -0.0302096           0  0.00857222
 0.00804896  0.00494343 -0.00857222           0
Repeater1[0]<--->HoM1[0]
REAL
  0.308168 -0.0163506 -0.0137312 0.00793734
-0.0163506   0.174505  0.0255678  0.0072879
-0.0137312  0.0255678    0.19802 0.00733002
0.00793734  0.0072879 0.00733002   0.319307
IMAGINARY
           0   -0.0138465   0.00478838   0.00560132
   0.0138465            0   -0.0134342    0.0170734
 -0.00478838    0.0134342            0 -0.000963078
 -0.00560132   -0.0170734  0.000963078            0
EndNode1[0]<--->Repeater1[0]
REAL
    0.321615    0.0116507    0.0105524    0.0244048
   0.0116507     0.178385 -0.000595238  -0.00604788
   0.0105524 -0.000595238     0.186198  -0.00714624
   0.0244048  -0.00604788  -0.00714624     0.313802
IMAGINARY
          0 -0.00108255  0.00556494  0.00736891
 0.00108255           0  -0.0175991 -0.00819652
-0.00556494   0.0175991           0  0.00502992
-0.00736891  0.00819652 -0.00502992           0
EndNode2[0]<--->HoM1[0]
REAL
     0.335  0.0189578  0.0234303  0.0243826
 0.0189578    0.17375 0.00448875 -0.0208056
 0.0234303 0.00448875       0.16  0.0112259
 0.0243826 -0.0208056  0.0112259    0.33125
IMAGINARY
           0    -0.019883 -0.000885887    0.0172357
    0.019883            0 -0.000821572   -0.0176818
 0.000885887  0.000821572            0  -0.00664217
  -0.0172357    0.0176818   0.00664217            0
Repeater1[0]<--->EndNode1[0]
REAL
    0.321615    0.0105524    0.0116507    0.0244048
   0.0105524     0.186198 -0.000595238  -0.00714624
   0.0116507 -0.000595238     0.178385  -0.00604788
   0.0244048  -0.00714624  -0.00604788     0.313802
IMAGINARY
          0  0.00556494 -0.00108255  0.00736891
-0.00556494           0   0.0175991  0.00502992
 0.00108255  -0.0175991           0 -0.00819652
-0.00736891 -0.00502992  0.00819652           0
Repeater1[0]<--->HoM1[0]
REAL
     0.335  0.0234303  0.0189578  0.0243826
 0.0234303       0.16 0.00448875  0.0112259
 0.0189578 0.00448875    0.17375 -0.0208056
 0.0243826  0.0112259 -0.0208056    0.33125
IMAGINARY
           0 -0.000885887    -0.019883    0.0172357
 0.000885887            0  0.000821572  -0.00664217
    0.019883 -0.000821572            0   -0.0176818
  -0.0172357   0.00664217    0.0176818            0
EndNode1[0]<--->Repeater1[0]
REAL
  0.318008 0.00986886 -0.0119359  0.0263453
0.00986886   0.157088 0.00732688 -0.0026766
-0.0119359 0.00732688   0.185185 0.00728488
 0.0263453 -0.0026766 0.00728488   0.339719
IMAGINARY
           0    -0.017703   0.00293387  2.81436e-05
    0.017703            0    0.0106102  -0.00968233
 -0.00293387   -0.0106102            0   0.00481954
-2.81436e-05   0.00968233  -0.00481954            0
EndNode2[0]<--->HoM1[0]
REAL
   0.328398  0.00526845   0.0088266   0.0274186
 0.00526845    0.184388   0.0087571 0.000217328
  0.0088266   0.0087571     0.18035  -0.0181883
  0.0274186 0.000217328  -0.0181883    0.306864
IMAGINARY
           0   -0.0147147   0.00664871  -0.00191002
   0.0147147            0  -0.00127469  0.000429801
 -0.00664871   0.00127469            0   -0.0258258
  0.00191002 -0.000429801    0.0258258            0
Repeater1[0]<--->EndNode1[0]
REAL
  0.318008 -0.0119359 0.00986886  0.0263453
-0.0119359   0.185185 0.00732688 0.00728488
0.00986886 0.00732688   0.157088 -0.0026766
 0.0263453 0.00728488 -0.0026766   0.339719
IMAGINARY
           0   0.00293387    -0.017703  2.81436e-05
 -0.00293387            0   -0.0106102   0.00481954
    0.017703    0.0106102            0  -0.00968233
-2.81436e-05  -0.00481954   0.00968233            0
Repeater1[0]<--->HoM1[0]
REAL
   0.328398   0.0088266  0.00526845   0.0274186
  0.0088266     0.18035   0.0087571  -0.0181883
 0.00526845   0.0087571    0.184388 0.000217328
  0.0274186  -0.0181883 0.000217328    0.306864
IMAGINARY
           0   0.00664871   -0.0147147  -0.00191002
 -0.00664871            0   0.00127469   -0.0258258
   0.0147147  -0.00127469            0  0.000429801
  0.00191002    0.0258258 -0.000429801            0
EndNode1[0]<--->Repeater1[0]
REAL
  0.309278  0.0165679 -0.0175044  0.0219479
 0.0165679   0.189433 0.00423668 0.00752938
-0.0175044 0.00423668   0.164948 0.00587603
 0.0219479 0.00752938 0.00587603    0.33634
IMAGINARY
          0 -0.00844479  -0.0100925  0.00671015
 0.00844479           0  0.00993596 -0.00625623
  0.0100925 -0.00993596           0  -0.0160784
-0.00671015  0.00625623   0.0160784           0
EndNode2[0]<--->HoM1[0]
REAL
   0.306273 0.000808795  -0.0192514   0.0343109
0.000808795    0.169742   0.0433783 -0.00398893
 -0.0192514   0.0433783    0.178352 -0.00545687
  0.0343109 -0.00398893 -0.00545687    0.345633
IMAGINARY
          0   0.0100655   0.0251417  0.00824496
 -0.0100655           0  -0.0109331 -0.00959771
 -0.0251417   0.0109331           0  0.00418318
-0.00824496  0.00959771 -0.00418318           0
Repeater1[0]<--->EndNode1[0]
REAL
  0.309278 -0.0175044  0.0165679  0.0219479
-0.0175044   0.164948 0.00423668 0.00587603
 0.0165679 0.00423668   0.189433 0.00752938
 0.0219479 0.00587603 0.00752938    0.33634
IMAGINARY
          0  -0.0100925 -0.00844479  0.00671015
  0.0100925           0 -0.00993596  -0.0160784
 0.00844479  0.00993596           0 -0.00625623
-0.00671015   0.0160784  0.00625623           0
Repeater1[0]<--->HoM1[0]
REAL
   0.306273  -0.0192514 0.000808795   0.0343109
 -0.0192514    0.178352   0.0433783 -0.00545687
0.000808795   0.0433783    0.169742 -0.00398893
  0.0343109 -0.00545687 -0.00398893    0.345633
IMAGINARY
          0   0.0251417   0.0100655  0.00824496
 -0.0251417           0   0.0109331  0.00418318
 -0.0100655  -0.0109331           0 -0.00959771
-0.00824496 -0.00418318  0.00959771           0
EndNode1[0]<--->Repeater1[0]
REAL
   0.345523 -0.00253794 -0.00488092   0.0252749
-0.00253794    0.151324  0.00183737 -0.00079373
-0.00488092  0.00183737    0.179067 -0.00187568
  0.0252749 -0.00079373 -0.00187568    0.324086
IMAGINARY
          0    0.010077   -0.034405  0.00174754
  -0.010077           0    0.013404  -0.0215845
   0.034405   -0.013404           0  0.00945429
-0.00174754   0.0215845 -0.00945429           0
EndNode2[0]<--->HoM1[0]
REAL
    0.317897 -0.000651042  -0.00162374    0.0303678
-0.000651042     0.185232  0.000882215  -0.00228251
 -0.00162374  0.000882215       0.1602 -0.000651042
   0.0303678  -0.00228251 -0.000651042     0.336671
IMAGINARY
          0  0.00304654  0.00276163   0.0322858
-0.00304654           0  -0.0138583   0.0116675
-0.00276163   0.0138583           0 -0.00367389
 -0.0322858  -0.0116675  0.00367389           0
Repeater1[0]<--->EndNode1[0]
REAL
   0.345523 -0.00488092 -0.00253794   0.0252749
-0.00488092    0.179067  0.00183737 -0.00187568
-0.00253794  0.00183737    0.151324 -0.00079373
  0.0252749 -0.00187568 -0.00079373    0.324086
IMAGINARY
          0   -0.034405    0.010077  0.00174754
   0.034405           0   -0.013404  0.00945429
  -0.010077    0.013404           0  -0.0215845
-0.00174754 -0.00945429   0.0215845           0
Repeater1[0]<--->HoM1[0]
REAL
    0.317897  -0.00162374 -0.000651042    0.0303678
 -0.00162374       0.1602  0.000882215 -0.000651042
-0.000651042  0.000882215     0.185232  -0.00228251
   0.0303678 -0.000651042  -0.00228251     0.336671
IMAGINARY
          0  0.00276163  0.00304654   0.0322858
-0.00276163           0   0.0138583 -0.00367389
-0.00304654  -0.0138583           0   0.0116675
 -0.0322858  0.00367389  -0.0116675           0
EndNode1[0]<--->Repeater1[0]
REAL
   0.344221   0.0113168  0.00339904   0.0133843
  0.0113168     0.16206  -0.0077239 -0.00528583
 0.00339904  -0.0077239    0.158291  0.00818005
  0.0133843 -0.00528583  0.00818005    0.335427
IMAGINARY
          0   -0.023387  0.00593668  0.00805221
   0.023387           0   0.0206684  0.00593668
-0.00593668  -0.0206684           0 -0.00827529
-0.00805221 -0.00593668  0.00827529           0
EndNode2[0]<--->HoM1[0]
REAL
   0.297542   0.0105102 -0.00263212   0.0388693
  0.0105102    0.195343   0.0149365   0.0131308
-0.00263212   0.0149365    0.174644  -0.0183842
  0.0388693   0.0131308  -0.0183842    0.332471
IMAGINARY
          0 -0.00522616  0.00749751   0.0388178
 0.00522616           0  0.00148447  -0.0107317
-0.00749751 -0.00148447           0 -0.00965094
 -0.0388178   0.0107317  0.00965094           0
Repeater1[0]<--->EndNode1[0]
REAL
   0.344221  0.00339904   0.0113168   0.0133843
 0.00339904    0.158291  -0.0077239  0.00818005
  0.0113168  -0.0077239     0.16206 -0.00528583
  0.0133843  0.00818005 -0.00528583    0.335427
IMAGINARY
          0  0.00593668   -0.023387  0.00805221
-0.00593668           0  -0.0206684 -0.00827529
   0.023387   0.0206684           0  0.00593668
-0.00805221  0.00827529 -0.00593668           0
Repeater1[0]<--->HoM1[0]
REAL
   0.297542 -0.00263212   0.0105102   0.0388693
-0.00263212    0.174644   0.0149365  -0.0183842
  0.0105102   0.0149365    0.195343   0.0131308
  0.0388693  -0.0183842   0.0131308    0.332471
IMAGINARY
          0  0.00749751 -0.00522616   0.0388178
-0.00749751           0 -0.00148447 -0.00965094
 0.00522616  0.00148447           0  -0.0107317
 -0.0388178  0.00965094   0.0107317           0
EndNode1[0]<--->Repeater1[0]
REAL
    0.361568 -0.000834385  0.000476301    0.0320029
-0.000834385     0.164349  -0.00470596    0.0148366
 0.000476301  -0.00470596      0.14665    0.0121526
   0.0320029    0.0148366    0.0121526     0.327434
IMAGINARY
          0  -0.0112291  0.00660535 -0.00119687
  0.0112291           0  0.00695871    0.012382
-0.00660535 -0.00695871           0  0.00489996
 0.00119687   -0.012382 -0.00489996           0
EndNode2[0]<--->HoM1[0]
REAL
    0.289267   0.00527353   0.00216908 -0.000677836
  0.00527353     0.197644      0.01176  -0.00933987
  0.00216908      0.01176     0.179319  -0.00592542
-0.000677836  -0.00933987  -0.00592542      0.33377
IMAGINARY
          0  -0.0074019 -0.00222261  0.00437416
  0.0074019           0  0.00437416  0.00346639
 0.00222261 -0.00437416           0  -0.0236926
-0.00437416 -0.00346639   0.0236926           0
Repeater1[0]<--->EndNode1[0]
REAL
    0.361568  0.000476301 -0.000834385    0.0320029
 0.000476301      0.14665  -0.00470596    0.0121526
-0.000834385  -0.00470596     0.164349    0.0148366
   0.0320029    0.0121526    0.0148366     0.327434
IMAGINARY
          0  0.00660535  -0.0112291 -0.00119687
-0.00660535           0 -0.00695871  0.00489996
  0.0112291  0.00695871           0    0.012382
 0.00119687 -0.00489996   -0.012382           0
Repeater1[0]<--->HoM1[0]
REAL
    0.289267   0.00216908   0.00527353 -0.000677836
  0.00216908     0.179319      0.01176  -0.00592542
  0.00527353      0.01176     0.197644  -0.00933987
-0.000677836  -0.00592542  -0.00933987      0.33377
IMAGINARY
          0 -0.00222261  -0.0074019  0.00437416
 0.00222261           0 -0.00437416  -0.0236926
  0.0074019  0.00437416           0  0.00346639
-0.00437416   0.0236926 -0.00346639           0
EndNode1[0]<--->Repeater1[0]
REAL
   0.329457 -0.00411982   0.0127545   0.0314173
-0.00411982    0.192506   0.0132477   0.0232257
  0.0127545   0.0132477    0.164083    0.011564
  0.0314173   0.0232257    0.011564    0.313953
IMAGINARY
          0 -0.00206949  -0.0141713  0.00781408
 0.00206949           0  0.00972978  -0.0214949
  0.0141713 -0.00972978           0  -0.0161001
-0.00781408   0.0214949   0.0161001           0
EndNode2[0]<--->HoM1[0]
REAL
    0.318182    0.0111327     0.011509    0.0162278
   0.0111327     0.171717 -0.000882499    0.0127877
    0.011509 -0.000882499     0.181818  -0.00601765
   0.0162278    0.0127877  -0.00601765     0.328283
IMAGINARY
           0  0.000631973    0.0246589  -0.00184966
-0.000631973            0  -0.00249817   0.00259079
  -0.0246589   0.00249817            0   0.00887373
  0.00184966  -0.00259079  -0.00887373            0
Repeater1[0]<--->EndNode1[0]
REAL
   0.329457   0.0127545 -0.00411982   0.0314173
  0.0127545    0.164083   0.0132477    0.011564
-0.00411982   0.0132477    0.192506   0.0232257
  0.0314173    0.011564   0.0232257    0.313953
IMAGINARY
          0  -0.0141713 -0.00206949  0.00781408
  0.0141713           0 -0.00972978  -0.0161001
 0.00206949  0.00972978           0  -0.0214949
-0.00781408   0.0161001   0.0214949           0
Repeater1[0]<--->HoM1[0]
REAL
    0.318182     0.011509    0.0111327    0.0162278
    0.011509     0.181818 -0.000882499  -0.00601765
   0.0111327 -0.000882499     0.171717    0.0127877
   0.0162278  -0.00601765    0.0127877     0.328283
IMAGINARY
           0    0.0246589  0.000631973  -0.00184966
  -0.0246589            0   0.00249817   0.00887373
-0.000631973  -0.00249817            0   0.00259079
  0.00184966  -0.00887373  -0.00259079            0
EndNode1[0]<--->Repeater1[0]
REAL
   0.339877  0.00993924 0.000244093   0.0200362
 0.00993924    0.170552  -0.0169536  -0.0181233
0.000244093  -0.0169536    0.157055 -0.00685663
  0.0200362  -0.0181233 -0.00685663    0.332515
IMAGINARY
          0   0.0144362  -0.0124047 -0.00352195
 -0.0144362           0   0.0022399   -0.014381
  0.0124047  -0.0022399           0  0.00852296
 0.00352195    0.014381 -0.00852296           0
EndNode2[0]<--->HoM1[0]
REAL
   0.337165 -0.00365132   -0.016322   0.0250363
-0.00365132     0.16092  -0.0198007   0.0137042
  -0.016322  -0.0198007    0.176245 -0.00681989
  0.0250363   0.0137042 -0.00681989     0.32567
IMAGINARY
           0   -0.0222926   -0.0196213    0.0106518
   0.0222926            0 -4.00443e-05    0.0141865
   0.0196213  4.00443e-05            0   0.00191213
  -0.0106518   -0.0141865  -0.00191213            0
Repeater1[0]<--->EndNode1[0]
REAL
   0.339877 0.000244093  0.00993924   0.0200362
0.000244093    0.157055  -0.0169536 -0.00685663
 0.00993924  -0.0169536    0.170552  -0.0181233
  0.0200362 -0.00685663  -0.0181233    0.332515
IMAGINARY
          0  -0.0124047   0.0144362 -0.00352195
  0.0124047           0  -0.0022399  0.00852296
 -0.0144362   0.0022399           0   -0.014381
 0.00352195 -0.00852296    0.014381           0
Repeater1[0]<--->HoM1[0]
REAL
   0.337165   -0.016322 -0.00365132   0.0250363
  -0.016322    0.176245  -0.0198007 -0.00681989
-0.00365132  -0.0198007     0.16092   0.0137042
  0.0250363 -0.00681989   0.0137042     0.32567
IMAGINARY
           0   -0.0196213   -0.0222926    0.0106518
   0.0196213            0  4.00443e-05   0.00191213
   0.0222926 -4.00443e-05            0    0.0141865
  -0.0106518  -0.00191213   -0.0141865            0
EndNode1[0]<--->Repeater1[0]
REAL
   0.30798  0.0239032  -0.024314  0.0292044
 0.0239032    0.15586 -0.0209241  0.0185815
 -0.024314 -0.0209241   0.183292  -0.004158
 0.0292044  0.0185815  -0.004158   0.352868
IMAGINARY
           0   0.00345912  -0.00121542    0.0130039
 -0.00345912            0 -1.69102e-05   -0.0193501
  0.00121542  1.69102e-05            0  -0.00345912
  -0.0130039    0.0193501   0.00345912            0
EndNode2[0]<--->HoM1[0]
REAL
   0.304079 -0.00923502    0.022696   0.0147077
-0.00923502     0.15822 -0.00244608  -0.0267832
   0.022696 -0.00244608    0.182942  -0.0112009
  0.0147077  -0.0267832  -0.0112009    0.354759
IMAGINARY
          0   0.0128496   0.0308016  0.00717356
 -0.0128496           0   0.0136335  -0.0339782
 -0.0308016  -0.0136335           0 -0.00967295
-0.00717356   0.0339782  0.00967295           0
Repeater1[0]<--->EndNode1[0]
REAL
   0.30798  -0.024314  0.0239032  0.0292044
 -0.024314   0.183292 -0.0209241  -0.004158
 0.0239032 -0.0209241    0.15586  0.0185815
 0.0292044  -0.004158  0.0185815   0.352868
IMAGINARY
           0  -0.00121542   0.00345912    0.0130039
  0.00121542            0  1.69102e-05  -0.00345912
 -0.00345912 -1.69102e-05            0   -0.0193501
  -0.0130039   0.00345912    0.0193501            0
Repeater1[0]<--->HoM1[0]
REAL
   0.304079    0.022696 -0.00923502   0.0147077
   0.022696    0.182942 -0.00244608  -0.0112009
-0.00923502 -0.00244608     0.15822  -0.0267832
  0.0147077  -0.0112009  -0.0267832    0.354759
IMAGINARY
          0   0.0308016   0.0128496  0.00717356
 -0.0308016           0  -0.0136335 -0.00967295
 -0.0128496   0.0136335           0  -0.0339782
-0.00717356  0.00967295   0.0339782           0
EndNode1[0]<--->Repeater1[0]
REAL
   0.337714 0.000919333  0.00240692   0.0135725
0.000919333    0.169514   0.0148513 -0.00369891
 0.00240692   0.0148513    0.160315   0.0068326
  0.0135725 -0.00369891   0.0068326    0.332457
IMAGINARY
          0   0.0139956  -0.0062364 -0.00541244
 -0.0139956           0 -0.00157612  0.00495763
  0.0062364  0.00157612           0    0.010301
 0.00541244 -0.00495763   -0.010301           0
EndNode2[0]<--->HoM1[0]
REAL
   0.337179 -0.00199082  -0.0201455    0.034382
-0.00199082    0.167949 -0.00293143  -0.0125888
 -0.0201455 -0.00293143     0.19359  0.00648376
   0.034382  -0.0125888  0.00648376    0.301282
IMAGINARY
          0   0.0239189 -0.00112074  0.00997512
 -0.0239189           0  0.00287835  -0.0125608
 0.00112074 -0.00287835           0   0.0046881
-0.00997512   0.0125608  -0.0046881           0
Repeater1[0]<--->EndNode1[0]
REAL
   0.337714  0.00240692 0.000919333   0.0135725
 0.00240692    0.160315   0.0148513   0.0068326
0.000919333   0.0148513    0.169514 -0.00369891
  0.0135725   0.0068326 -0.00369891    0.332457
IMAGINARY
          0  -0.0062364   0.0139956 -0.00541244
  0.0062364           0  0.00157612    0.010301
 -0.0139956 -0.00157612           0  0.00495763
 0.00541244   -0.010301 -0.00495763           0
Repeater1[0]<--->HoM1[0]
REAL
   0.337179  -0.0201455 -0.00199082    0.034382
 -0.0201455     0.19359 -0.00293143  0.00648376
-0.00199082 -0.00293143    0.167949  -0.0125888
   0.034382  0.00648376  -0.0125888    0.301282
IMAGINARY
          0 -0.00112074   0.0239189  0.00997512
 0.00112074           0 -0.00287835   0.0046881
 -0.0239189  0.00287835           0  -0.0125608
-0.00997512  -0.0046881   0.0125608           0
EndNode1[0]<--->Repeater1[0]
REAL
    0.343669 -0.000304816   -0.0146384    0.0356998
-0.000304816     0.160207    0.0369819  -0.00791798
  -0.0146384    0.0369819     0.170543 -0.000948317
   0.0356998  -0.00791798 -0.000948317     0.325581
IMAGINARY
          0  -0.0179487   -0.011234  0.00810087
  0.0179487           0  -0.0113101   -0.011843
   0.011234   0.0113101           0  -0.0115385
-0.00810087    0.011843   0.0115385           0
EndNode2[0]<--->HoM1[0]
REAL
   0.332895  -0.0174282   0.0193497  0.00599713
 -0.0174282    0.160526 0.000145375  -0.0119787
  0.0193497 0.000145375    0.205263   0.0198852
 0.00599713  -0.0119787   0.0198852    0.301316
IMAGINARY
           0  0.000310705   0.00874984   -0.0168669
-0.000310705            0   0.00254403  -0.00549886
 -0.00874984  -0.00254403            0    0.0224461
   0.0168669   0.00549886   -0.0224461            0
Repeater1[0]<--->EndNode1[0]
REAL
    0.343669   -0.0146384 -0.000304816    0.0356998
  -0.0146384     0.170543    0.0369819 -0.000948317
-0.000304816    0.0369819     0.160207  -0.00791798
   0.0356998 -0.000948317  -0.00791798     0.325581
IMAGINARY
          0   -0.011234  -0.0179487  0.00810087
   0.011234           0   0.0113101  -0.0115385
  0.0179487  -0.0113101           0   -0.011843
-0.00810087   0.0115385    0.011843           0
Repeater1[0]<--->HoM1[0]
REAL
   0.332895   0.0193497  -0.0174282  0.00599713
  0.0193497    0.205263 0.000145375   0.0198852
 -0.0174282 0.000145375    0.160526  -0.0119787
 0.00599713   0.0198852  -0.0119787    0.301316
IMAGINARY
           0   0.00874984  0.000310705   -0.0168669
 -0.00874984            0  -0.00254403    0.0224461
-0.000310705   0.00254403            0  -0.00549886
   0.0168669   -0.0224461   0.00549886            0
EndNode1[0]<--->Repeater1[0]
REAL
   0.286269  0.00254098  -0.0143484   0.0324592
 0.00254098    0.163212   0.0106643 -0.00546514
 -0.0143484   0.0106643    0.183938 -0.00137547
  0.0324592 -0.00546514 -0.00137547     0.36658
IMAGINARY
           0   0.00933482 -0.000140674    0.0138889
 -0.00933482            0  1.83716e-05   -0.0101157
 0.000140674 -1.83716e-05            0 -0.000360466
  -0.0138889    0.0101157  0.000360466            0
EndNode2[0]<--->HoM1[0]
REAL
    0.358268    0.0149762 -7.64105e-05    0.0385448
   0.0149762     0.166667    0.0121613    0.0199737
-7.64105e-05    0.0121613     0.169291 -0.000213679
   0.0385448    0.0199737 -0.000213679     0.305774
IMAGINARY
          0  -0.0109255  -0.0016617 -0.00627542
  0.0109255           0  0.00368474 -0.00799081
  0.0016617 -0.00368474           0 -1.4043e-05
 0.00627542  0.00799081  1.4043e-05           0
Repeater1[0]<--->EndNode1[0]
REAL
   0.286269  -0.0143484  0.00254098   0.0324592
 -0.0143484    0.183938   0.0106643 -0.00137547
 0.00254098   0.0106643    0.163212 -0.00546514
  0.0324592 -0.00137547 -0.00546514     0.36658
IMAGINARY
           0 -0.000140674   0.00933482    0.0138889
 0.000140674            0 -1.83716e-05 -0.000360466
 -0.00933482  1.83716e-05            0   -0.0101157
  -0.0138889  0.000360466    0.0101157            0
Repeater1[0]<--->HoM1[0]
REAL
    0.358268 -7.64105e-05    0.0149762    0.0385448
-7.64105e-05     0.169291    0.0121613 -0.000213679
   0.0149762    0.0121613     0.166667    0.0199737
   0.0385448 -0.000213679    0.0199737     0.305774
IMAGINARY
          0  -0.0016617  -0.0109255 -0.00627542
  0.0016617           0 -0.00368474 -1.4043e-05
  0.0109255  0.00368474           0 -0.00799081
 0.00627542  1.4043e-05  0.00799081           0
EndNode1[0]<--->Repeater1[0]
REAL
   0.342747   0.0125321  -0.0151512   0.0342126
  0.0125321     0.16303 -0.00857157 -0.00279751
 -0.0151512 -0.00857157    0.173299 -0.00996795
  0.0342126 -0.00279751 -0.00996795    0.320924
IMAGINARY
          0   0.0103956 -0.00737085 -0.00735338
 -0.0103956           0 -0.00344713 -0.00348484
 0.00737085  0.00344713           0   0.0208943
 0.00735338  0.00348484  -0.0208943           0
EndNode2[0]<--->HoM1[0]
REAL
   0.340849 -0.00740106  0.00429415   0.0317744
-0.00740106     0.16313  0.00421533   0.0175567
 0.00429415  0.00421533    0.168435  -0.0234473
  0.0317744   0.0175567  -0.0234473    0.327586
IMAGINARY
          0  0.00229788   -0.027529  -0.0161094
-0.00229788           0 -0.00134692   0.0104686
   0.027529  0.00134692           0   0.0042638
  0.0161094  -0.0104686  -0.0042638           0
Repeater1[0]<--->EndNode1[0]
REAL
   0.342747  -0.0151512   0.0125321   0.0342126
 -0.0151512    0.173299 -0.00857157 -0.00996795
  0.0125321 -0.00857157     0.16303 -0.00279751
  0.0342126 -0.00996795 -0.00279751    0.320924
IMAGINARY
          0 -0.00737085   0.0103956 -0.00735338
 0.00737085           0  0.00344713   0.0208943
 -0.0103956 -0.00344713           0 -0.00348484
 0.00735338  -0.0208943  0.00348484           0
Repeater1[0]<--->HoM1[0]
REAL
   0.340849  0.00429415 -0.00740106   0.0317744
 0.00429415    0.168435  0.00421533  -0.0234473
-0.00740106  0.00421533     0.16313   0.0175567
  0.0317744  -0.0234473   0.0175567    0.327586
IMAGINARY
          0   -0.027529  0.00229788  -0.0161094
   0.027529           0  0.00134692   0.0042638
-0.00229788 -0.00134692           0   0.0104686
  0.0161094  -0.0042638  -0.0104686           0
EndNode1[0]<--->Repeater1[0]
REAL
   0.317343 0.000221727  -0.0132754   0.0426114
0.000221727    0.158672 -0.00911269  0.00210918
 -0.0132754 -0.00911269    0.190652  -0.0188321
  0.0426114  0.00210918  -0.0188321    0.333333
IMAGINARY
          0  0.00986388  -0.0143337  0.00848023
-0.00986388           0   -0.011845  0.00347801
  0.0143337    0.011845           0  0.00226894
-0.00848023 -0.00347801 -0.00226894           0
EndNode2[0]<--->HoM1[0]
REAL
   0.316602  -0.0124023   0.0134047  0.00976578
 -0.0124023    0.177606  0.00778949  0.00154977
  0.0134047  0.00778949    0.177606 4.85729e-05
 0.00976578  0.00154977 4.85729e-05    0.328185
IMAGINARY
           0    0.0305988   0.00510985  0.000691192
  -0.0305988            0    0.0110808  -0.00840366
 -0.00510985   -0.0110808            0 -0.000954565
-0.000691192   0.00840366  0.000954565            0
Repeater1[0]<--->EndNode1[0]
REAL
   0.317343  -0.0132754 0.000221727   0.0426114
 -0.0132754    0.190652 -0.00911269  -0.0188321
0.000221727 -0.00911269    0.158672  0.00210918
  0.0426114  -0.0188321  0.00210918    0.333333
IMAGINARY
          0  -0.0143337  0.00986388  0.00848023
  0.0143337           0    0.011845  0.00226894
-0.00986388   -0.011845           0  0.00347801
-0.00848023 -0.00226894 -0.00347801           0
Repeater1[0]<--->HoM1[0]
REAL
   0.316602   0.0134047  -0.0124023  0.00976578
  0.0134047    0.177606  0.00778949 4.85729e-05
 -0.0124023  0.00778949    0.177606  0.00154977
 0.00976578 4.85729e-05  0.00154977    0.328185
IMAGINARY
           0   0.00510985    0.0305988  0.000691192
 -0.00510985            0   -0.0110808 -0.000954565
  -0.0305988    0.0110808            0  -0.00840366
-0.000691192  0.000954565   0.00840366            0
EndNode1[0]<--->Repeater1[0]
REAL
   0.321429   0.0250474 -0.00419706 -0.00295006
  0.0250474    0.188776   0.0274732  -0.0203261
-0.00419706   0.0274732    0.197704   0.0144621
-0.00295006  -0.0203261   0.0144621    0.292092
IMAGINARY
          0    0.014481 -0.00904501   0.0259642
  -0.014481           0 -0.00921165  -0.0160873
 0.00904501  0.00921165           0  0.00139201
 -0.0259642   0.0160873 -0.00139201           0
EndNode2[0]<--->HoM1[0]
REAL
   0.313673   0.0140451 -0.00957148   0.0156631
  0.0140451    0.174263  -0.0105869 -0.00692598
-0.00957148  -0.0105869    0.172922 -0.00516185
  0.0156631 -0.00692598 -0.00516185    0.339142
IMAGINARY
          0   0.0192493   0.0112214   0.0158123
 -0.0192493           0   0.0022289   0.0150286
 -0.0112214  -0.0022289           0 -0.00424935
 -0.0158123  -0.0150286  0.00424935           0
Repeater1[0]<--->EndNode1[0]
REAL
   0.321429 -0.00419706   0.0250474 -0.00295006
-0.00419706    0.197704   0.0274732   0.0144621
  0.0250474   0.0274732    0.188776  -0.0203261
-0.00295006   0.0144621  -0.0203261    0.292092
IMAGINARY
          0 -0.00904501    0.014481   0.0259642
 0.00904501           0  0.00921165  0.00139201
  -0.014481 -0.00921165           0  -0.0160873
 -0.0259642 -0.00139201   0.0160873           0
Repeater1[0]<--->HoM1[0]
REAL
   0.313673 -0.00957148   0.0140451   0.0156631
-0.00957148    0.172922  -0.0105869 -0.00516185
  0.0140451  -0.0105869    0.174263 -0.00692598
  0.0156631 -0.00516185 -0.00692598    0.339142
IMAGINARY
          0   0.0112214   0.0192493   0.0158123
 -0.0112214           0  -0.0022289 -0.00424935
 -0.0192493   0.0022289           0   0.0150286
 -0.0158123  0.00424935  -0.0150286           0
EndNode1[0]<--->Repeater1[0]
REAL
   0.302356 -0.00104533  0.00579706   0.0436878
-0.00104533    0.175393  0.00223054 -0.00834808
 0.00579706  0.00223054    0.191099  -0.0193628
  0.0436878 -0.00834808  -0.0193628    0.331152
IMAGINARY
          0  0.00533244   0.0135467 -0.00478894
-0.00533244           0 -0.00843857  -0.0336472
 -0.0135467  0.00843857           0 -0.00407616
 0.00478894   0.0336472  0.00407616           0
EndNode2[0]<--->HoM1[0]
REAL
    0.317041    0.0059924 -0.000509228    0.0287545
   0.0059924     0.192867    0.0065472   -0.0091185
-0.000509228    0.0065472     0.182299   0.00235163
   0.0287545   -0.0091185   0.00235163     0.307794
IMAGINARY
          0  -0.0103696    0.014604  0.00862474
  0.0103696           0  0.00989378  -0.0206605
  -0.014604 -0.00989378           0  0.00700489
-0.00862474   0.0206605 -0.00700489           0
Repeater1[0]<--->EndNode1[0]
REAL
   0.302356  0.00579706 -0.00104533   0.0436878
 0.00579706    0.191099  0.00223054  -0.0193628
-0.00104533  0.00223054    0.175393 -0.00834808
  0.0436878  -0.0193628 -0.00834808    0.331152
IMAGINARY
          0   0.0135467  0.00533244 -0.00478894
 -0.0135467           0  0.00843857 -0.00407616
-0.00533244 -0.00843857           0  -0.0336472
 0.00478894  0.00407616   0.0336472           0
Repeater1[0]<--->HoM1[0]
REAL
    0.317041 -0.000509228    0.0059924    0.0287545
-0.000509228     0.182299    0.0065472   0.00235163
   0.0059924    0.0065472     0.192867   -0.0091185
   0.0287545   0.00235163   -0.0091185     0.307794
IMAGINARY
          0    0.014604  -0.0103696  0.00862474
  -0.014604           0 -0.00989378  0.00700489
  0.0103696  0.00989378           0  -0.0206605
-0.00862474 -0.00700489   0.0206605           0
EndNode1[0]<--->Repeater1[0]
REAL
   0.288158  -0.0224693 -0.00111461   0.0200561
 -0.0224693    0.196053  0.00105212    0.012988
-0.00111461  0.00105212    0.185526  0.00663812
  0.0200561    0.012988  0.00663812    0.330263
IMAGINARY
           0   -0.0153103   0.00129822  -0.00876723
   0.0153103            0  -0.00942599  0.000667703
 -0.00129822   0.00942599            0   -0.0220423
  0.00876723 -0.000667703    0.0220423            0
EndNode2[0]<--->HoM1[0]
REAL
  0.313602 0.00712307   0.010897   0.035675
0.00712307   0.162469  0.0183416  0.0140338
  0.010897  0.0183416    0.18262 -0.0154333
  0.035675  0.0140338 -0.0154333    0.34131
IMAGINARY
          0 -0.00373039  -0.0114061   -0.010978
 0.00373039           0  0.00312458  0.00207274
  0.0114061 -0.00312458           0  0.00239706
   0.010978 -0.00207274 -0.00239706           0
Repeater1[0]<--->EndNode1[0]
REAL
   0.288158 -0.00111461  -0.0224693   0.0200561
-0.00111461    0.185526  0.00105212  0.00663812
 -0.0224693  0.00105212    0.196053    0.012988
  0.0200561  0.00663812    0.012988    0.330263
IMAGINARY
           0   0.00129822   -0.0153103  -0.00876723
 -0.00129822            0   0.00942599   -0.0220423
   0.0153103  -0.00942599            0  0.000667703
  0.00876723    0.0220423 -0.000667703            0
Repeater1[0]<--->HoM1[0]
REAL
  0.313602   0.010897 0.00712307   0.035675
  0.010897    0.18262  0.0183416 -0.0154333
0.00712307  0.0183416   0.162469  0.0140338
  0.035675 -0.0154333  0.0140338    0.34131
IMAGINARY
          0  -0.0114061 -0.00373039   -0.010978
  0.0114061           0 -0.00312458  0.00239706
 0.00373039  0.00312458           0  0.00207274
   0.010978 -0.00239706 -0.00207274           0
EndNode1[0]<--->Repeater1[0]
REAL
   0.308354  0.00365527  -0.0103337   0.0395594
 0.00365527     0.19656 -0.00525857 -0.00153969
 -0.0103337 -0.00525857    0.175676   0.0174529
  0.0395594 -0.00153969   0.0174529     0.31941
IMAGINARY
           0  -0.00680598    0.0200313  0.000844648
  0.00680598            0    0.0223093    -0.014429
  -0.0200313   -0.0223093            0    0.0026043
-0.000844648     0.014429   -0.0026043            0
EndNode2[0]<--->HoM1[0]
REAL
   0.296732   0.0102075 -0.00146259   0.0163232
  0.0102075    0.180392   -0.015643  -0.0114626
-0.00146259   -0.015643    0.177778  -0.0380987
  0.0163232  -0.0114626  -0.0380987    0.345098
IMAGINARY
           0    0.0122869   -0.0037091  -0.00942771
  -0.0122869            0   -0.0127655  0.000693417
   0.0037091    0.0127655            0   -0.0165089
  0.00942771 -0.000693417    0.0165089            0
Repeater1[0]<--->EndNode1[0]
REAL
   0.308354  -0.0103337  0.00365527   0.0395594
 -0.0103337    0.175676 -0.00525857   0.0174529
 0.00365527 -0.00525857     0.19656 -0.00153969
  0.0395594   0.0174529 -0.00153969     0.31941
IMAGINARY
           0    0.0200313  -0.00680598  0.000844648
  -0.0200313            0   -0.0223093    0.0026043
  0.00680598    0.0223093            0    -0.014429
-0.000844648   -0.0026043     0.014429            0
Repeater1[0]<--->HoM1[0]
REAL
   0.296732 -0.00146259   0.0102075   0.0163232
-0.00146259    0.177778   -0.015643  -0.0380987
  0.0102075   -0.015643    0.180392  -0.0114626
  0.0163232  -0.0380987  -0.0114626    0.345098
IMAGINARY
           0   -0.0037091    0.0122869  -0.00942771
   0.0037091            0    0.0127655   -0.0165089
  -0.0122869   -0.0127655            0  0.000693417
  0.00942771    0.0165089 -0.000693417            0
EndNode1[0]<--->Repeater1[0]
REAL
   0.328191   0.0111166  -0.0251566   0.0127623
  0.0111166    0.148668 -0.00369339   0.0197152
 -0.0251566 -0.00369339    0.193548 0.000370706
  0.0127623   0.0197152 0.000370706    0.329593
IMAGINARY
          0  -0.0035435    0.010774  -0.0158629
  0.0035435           0  0.00397299  0.00694749
  -0.010774 -0.00397299           0   0.0162017
  0.0158629 -0.00694749  -0.0162017           0
EndNode2[0]<--->HoM1[0]
REAL
   0.355102  -0.0275224  0.00466387    0.023199
 -0.0275224    0.176871 -0.00972022   0.0100986
 0.00466387 -0.00972022     0.17415  0.00249034
   0.023199   0.0100986  0.00249034    0.293878
IMAGINARY
           0   0.00580575   -0.0233509 -0.000883476
 -0.00580575            0   -0.0149594   -0.0170218
   0.0233509    0.0149594            0    0.0097222
 0.000883476    0.0170218   -0.0097222            0
Repeater1[0]<--->EndNode1[0]
REAL
   0.328191  -0.0251566   0.0111166   0.0127623
 -0.0251566    0.193548 -0.00369339 0.000370706
  0.0111166 -0.00369339    0.148668   0.0197152
  0.0127623 0.000370706   0.0197152    0.329593
IMAGINARY
          0    0.010774  -0.0035435  -0.0158629
  -0.010774           0 -0.00397299   0.0162017
  0.0035435  0.00397299           0  0.00694749
  0.0158629  -0.0162017 -0.00694749           0
Repeater1[0]<--->HoM1[0]
REAL
   0.355102  0.00466387  -0.0275224    0.023199
 0.00466387     0.17415 -0.00972022  0.00249034
 -0.0275224 -0.00972022    0.176871   0.0100986
   0.023199  0.00249034   0.0100986    0.293878
IMAGINARY
           0   -0.0233509   0.00580575 -0.000883476
   0.0233509            0    0.0149594    0.0097222
 -0.00580575   -0.0149594            0   -0.0170218
 0.000883476   -0.0097222    0.0170218            0
EndNode1[0]<--->Repeater1[0]
REAL
   0.348958   0.0168857   0.0133843   0.0234277
  0.0168857    0.167969   0.0134144 -0.00812111
  0.0133843   0.0134144    0.167969  -0.0142541
  0.0234277 -0.00812111  -0.0142541    0.315104
IMAGINARY
           0   -0.0109659    0.0242232   -0.0204621
