EndNode1[0]<--->Repeater1[0]
REAL
   0.327296 -0.00838695  0.00834076    0.123569
-0.00838695      0.1837   0.0193747  0.00311883
 0.00834076   0.0193747    0.168176  0.00778381
   0.123569  0.00311883  0.00778381    0.320828
IMAGINARY
           0  -0.00864894    0.0125944    0.0238357
  0.00864894            0 -0.000839633  -0.00931791
  -0.0125944  0.000839633            0   -0.0024913
  -0.0238357   0.00931791    0.0024913            0
EndNode2[0]<--->HoM1[0]
REAL
   0.291933 -0.00868011 -0.00772537    0.128819
-0.00868011    0.167734 -0.00836094 -0.00102295
-0.00772537 -0.00836094    0.198464  0.00800716
   0.128819 -0.00102295  0.00800716    0.341869
IMAGINARY
          0  0.00478081  0.00577812  0.00364907
-0.00478081           0  -0.0143634  -0.0198807
-0.00577812   0.0143634           0   0.0131679
-0.00364907   0.0198807  -0.0131679           0
Repeater1[0]<--->EndNode1[0]
REAL
   0.327296  0.00834076 -0.00838695    0.123569
 0.00834076    0.168176   0.0193747  0.00778381
-0.00838695   0.0193747      0.1837  0.00311883
   0.123569  0.00778381  0.00311883    0.320828
IMAGINARY
           0    0.0125944  -0.00864894    0.0238357
  -0.0125944            0  0.000839633   -0.0024913
  0.00864894 -0.000839633            0  -0.00931791
  -0.0238357    0.0024913   0.00931791            0
Repeater1[0]<--->HoM1[0]
REAL
   0.291933 -0.00772537 -0.00868011    0.128819
-0.00772537    0.198464 -0.00836094  0.00800716
-0.00868011 -0.00836094    0.167734 -0.00102295
   0.128819  0.00800716 -0.00102295    0.341869
IMAGINARY
          0  0.00577812  0.00478081  0.00364907
-0.00577812           0   0.0143634   0.0131679
-0.00478081  -0.0143634           0  -0.0198807
-0.00364907  -0.0131679   0.0198807           0
EndNode1[0]<--->Repeater1[0]
REAL
   0.334635   0.0070526 -0.00245619    0.128421
  0.0070526    0.179688 0.000761913   0.0111577
-0.00245619 0.000761913    0.177083  0.00298756
   0.128421   0.0111577  0.00298756    0.308594
IMAGINARY
          0  -0.0196583  -0.0183057   0.0134879
  0.0196583           0  0.00734541  -0.0189284
  0.0183057 -0.00734541           0     0.00902
 -0.0134879   0.0189284    -0.00902           0
EndNode2[0]<--->HoM1[0]
REAL
  0.307407 -0.0118593 -0.0145149   0.124592
-0.0118593   0.198765  0.0144453  0.0211994
-0.0145149  0.0144453   0.191358 0.00250101
  0.124592  0.0211994 0.00250101   0.302469
IMAGINARY
          0  0.00227176  -0.0171728  0.00591299
-0.00227176           0  0.00218165 -0.00218638
  0.0171728 -0.00218165           0 -0.00160421
-0.00591299  0.00218638  0.00160421           0
Repeater1[0]<--->EndNode1[0]
REAL
   0.334635 -0.00245619   0.0070526    0.128421
-0.00245619    0.177083 0.000761913  0.00298756
  0.0070526 0.000761913    0.179688   0.0111577
   0.128421  0.00298756   0.0111577    0.308594
IMAGINARY
          0  -0.0183057  -0.0196583   0.0134879
  0.0183057           0 -0.00734541     0.00902
  0.0196583  0.00734541           0  -0.0189284
 -0.0134879    -0.00902   0.0189284           0
Repeater1[0]<--->HoM1[0]
REAL
  0.307407 -0.0145149 -0.0118593   0.124592
-0.0145149   0.191358  0.0144453 0.00250101
-0.0118593  0.0144453   0.198765  0.0211994
  0.124592 0.00250101  0.0211994   0.302469
IMAGINARY
          0  -0.0171728  0.00227176  0.00591299
  0.0171728           0 -0.00218165 -0.00160421
-0.00227176  0.00218165           0 -0.00218638
-0.00591299  0.00160421  0.00218638           0
EndNode1[0]<--->Repeater1[0]
REAL
    0.318528 -4.31861e-05    0.0145774     0.124751
-4.31861e-05     0.189086  -0.00955774  -0.00399208
   0.0145774  -0.00955774     0.201777    0.0068925
    0.124751  -0.00399208    0.0068925     0.290609
IMAGINARY
          0   0.0113023 -0.00957069    0.011328
 -0.0113023           0 -0.00488471 -0.00771655
 0.00957069  0.00488471           0 -0.00598319
  -0.011328  0.00771655  0.00598319           0
EndNode2[0]<--->HoM1[0]
REAL
    0.297043   -0.0112201  -0.00227089     0.143014
  -0.0112201      0.19086  -0.00419697 -0.000299802
 -0.00227089  -0.00419697     0.186828  -0.00291871
    0.143014 -0.000299802  -0.00291871     0.325269
IMAGINARY
          0 -0.00874814  -0.0141822 -0.00765554
 0.00874814           0  -0.0107689 -0.00981264
  0.0141822   0.0107689           0  0.00161455
 0.00765554  0.00981264 -0.00161455           0
Repeater1[0]<--->EndNode1[0]
REAL
    0.318528    0.0145774 -4.31861e-05     0.124751
   0.0145774     0.201777  -0.00955774    0.0068925
-4.31861e-05  -0.00955774     0.189086  -0.00399208
    0.124751    0.0068925  -0.00399208     0.290609
IMAGINARY
          0 -0.00957069   0.0113023    0.011328
 0.00957069           0  0.00488471 -0.00598319
 -0.0113023 -0.00488471           0 -0.00771655
  -0.011328  0.00598319  0.00771655           0
Repeater1[0]<--->HoM1[0]
REAL
    0.297043  -0.00227089   -0.0112201     0.143014
 -0.00227089     0.186828  -0.00419697  -0.00291871
  -0.0112201  -0.00419697      0.19086 -0.000299802
    0.143014  -0.00291871 -0.000299802     0.325269
IMAGINARY
          0  -0.0141822 -0.00874814 -0.00765554
  0.0141822           0   0.0107689  0.00161455
 0.00874814  -0.0107689           0 -0.00981264
 0.00765554 -0.00161455  0.00981264           0
EndNode1[0]<--->Repeater1[0]
REAL
   0.293194  0.00595295  -0.0118227    0.145493
 0.00595295    0.195026  -0.0105918 -0.00302876
 -0.0118227  -0.0105918    0.185864  0.00271041
   0.145493 -0.00302876  0.00271041    0.325916
IMAGINARY
          0 -0.00897006 -0.00391463 -0.00887587
 0.00897006           0  0.00695526   0.0237559
 0.00391463 -0.00695526           0  -0.0108712
 0.00887587  -0.0237559   0.0108712           0
EndNode2[0]<--->HoM1[0]
REAL
    0.33377   -0.010793   0.0130814    0.129882
  -0.010793    0.170157 -0.00785416   0.0150788
  0.0130814 -0.00785416    0.172775   0.0139219
   0.129882   0.0150788   0.0139219    0.323298
IMAGINARY
           0 -0.000696059  -0.00550989   -0.0103093
 0.000696059            0    0.0103093    0.0237489
  0.00550989   -0.0103093            0    0.0126457
   0.0103093   -0.0237489   -0.0126457            0
Repeater1[0]<--->EndNode1[0]
REAL
   0.293194  -0.0118227  0.00595295    0.145493
 -0.0118227    0.185864  -0.0105918  0.00271041
 0.00595295  -0.0105918    0.195026 -0.00302876
   0.145493  0.00271041 -0.00302876    0.325916
IMAGINARY
          0 -0.00391463 -0.00897006 -0.00887587
 0.00391463           0 -0.00695526  -0.0108712
 0.00897006  0.00695526           0   0.0237559
 0.00887587   0.0108712  -0.0237559           0
Repeater1[0]<--->HoM1[0]
REAL
    0.33377   0.0130814   -0.010793    0.129882
  0.0130814    0.172775 -0.00785416   0.0139219
  -0.010793 -0.00785416    0.170157   0.0150788
   0.129882   0.0139219   0.0150788    0.323298
IMAGINARY
           0  -0.00550989 -0.000696059   -0.0103093
  0.00550989            0   -0.0103093    0.0126457
 0.000696059    0.0103093            0    0.0237489
   0.0103093   -0.0126457   -0.0237489            0
EndNode1[0]<--->Repeater1[0]
REAL
    0.326425   -0.0149124  -0.00496296     0.122922
  -0.0149124     0.180052 -0.000206924  -0.00809187
 -0.00496296 -0.000206924     0.169689   -0.0020589
    0.122922  -0.00809187   -0.0020589     0.323834
IMAGINARY
           0    0.0096301  2.69082e-05   0.00851472
  -0.0096301            0    0.0212698   -0.0129521
-2.69082e-05   -0.0212698            0 -0.000786565
 -0.00851472    0.0129521  0.000786565            0
EndNode2[0]<--->HoM1[0]
REAL
   0.322835 -0.00161139  0.00862911     0.14717
-0.00161139    0.191601 0.000111549  -0.0105254
 0.00862911 0.000111549    0.186352 0.000979281
    0.14717  -0.0105254 0.000979281    0.299213
IMAGINARY
          0 -0.00684487  -0.0219027  -0.0154852
 0.00684487           0 -0.00597947   0.0290923
  0.0219027  0.00597947           0  0.00226971
  0.0154852  -0.0290923 -0.00226971           0
Repeater1[0]<--->EndNode1[0]
REAL
    0.326425  -0.00496296   -0.0149124     0.122922
 -0.00496296     0.169689 -0.000206924   -0.0020589
  -0.0149124 -0.000206924     0.180052  -0.00809187
    0.122922   -0.0020589  -0.00809187     0.323834
IMAGINARY
           0  2.69082e-05    0.0096301   0.00851472
-2.69082e-05            0   -0.0212698 -0.000786565
  -0.0096301    0.0212698            0   -0.0129521
 -0.00851472  0.000786565    0.0129521            0
Repeater1[0]<--->HoM1[0]
REAL
   0.322835  0.00862911 -0.00161139     0.14717
 0.00862911    0.186352 0.000111549 0.000979281
-0.00161139 0.000111549    0.191601  -0.0105254
    0.14717 0.000979281  -0.0105254    0.299213
IMAGINARY
          0  -0.0219027 -0.00684487  -0.0154852
  0.0219027           0  0.00597947  0.00226971
 0.00684487 -0.00597947           0   0.0290923
  0.0154852 -0.00226971  -0.0290923           0
EndNode1[0]<--->Repeater1[0]
REAL
   0.299346  -0.0111289 -0.00416238    0.117231
 -0.0111289    0.198693  0.00837904  -0.0165693
-0.00416238  0.00837904    0.176471  0.00625082
   0.117231  -0.0165693  0.00625082     0.32549
IMAGINARY
           0   0.00457148  -0.00227676   0.00237344
 -0.00457148            0  0.000467469     0.017827
  0.00227676 -0.000467469            0   0.00260555
 -0.00237344    -0.017827  -0.00260555            0
EndNode2[0]<--->HoM1[0]
REAL
    0.322454    0.0125348   0.00684457     0.142194
   0.0125348     0.193211 -0.000132726   -0.0026663
  0.00684457 -0.000132726     0.160574    0.0125348
    0.142194   -0.0026663    0.0125348      0.32376
IMAGINARY
          0  0.00929607   0.0117881   0.0197789
-0.00929607           0  -0.0140464  -0.0130258
 -0.0117881   0.0140464           0  0.00555542
 -0.0197789   0.0130258 -0.00555542           0
Repeater1[0]<--->EndNode1[0]
REAL
   0.299346 -0.00416238  -0.0111289    0.117231
-0.00416238    0.176471  0.00837904  0.00625082
 -0.0111289  0.00837904    0.198693  -0.0165693
   0.117231  0.00625082  -0.0165693     0.32549
IMAGINARY
           0  -0.00227676   0.00457148   0.00237344
  0.00227676            0 -0.000467469   0.00260555
 -0.00457148  0.000467469            0     0.017827
 -0.00237344  -0.00260555    -0.017827            0
Repeater1[0]<--->HoM1[0]
REAL
    0.322454   0.00684457    0.0125348     0.142194
  0.00684457     0.160574 -0.000132726    0.0125348
   0.0125348 -0.000132726     0.193211   -0.0026663
    0.142194    0.0125348   -0.0026663      0.32376
IMAGINARY
          0   0.0117881  0.00929607   0.0197789
 -0.0117881           0   0.0140464  0.00555542
-0.00929607  -0.0140464           0  -0.0130258
 -0.0197789 -0.00555542   0.0130258           0
EndNode1[0]<--->Repeater1[0]
REAL
    0.302139   0.00963736   -0.0183592     0.143286
  0.00963736     0.187166 -0.000616141    0.0222859
  -0.0183592 -0.000616141     0.177807  -0.00178396
    0.143286    0.0222859  -0.00178396     0.332888
IMAGINARY
           0    0.0116423 -0.000792295    0.0114425
  -0.0116423            0   0.00176506  -0.00652478
 0.000792295  -0.00176506            0    0.0103089
  -0.0114425   0.00652478   -0.0103089            0
EndNode2[0]<--->HoM1[0]
REAL
   0.320323  0.00264093  -0.0291646    0.131246
 0.00264093    0.187079  0.00123285 -0.00685491
 -0.0291646  0.00123285    0.174966  -0.0154614
   0.131246 -0.00685491  -0.0154614    0.317631
IMAGINARY
          0 -0.00945616   0.0365426   0.0086555
 0.00945616           0  0.00146596   0.0313746
 -0.0365426 -0.00146596           0  -0.0118892
 -0.0086555  -0.0313746   0.0118892           0
Repeater1[0]<--->EndNode1[0]
REAL
    0.302139   -0.0183592   0.00963736     0.143286
  -0.0183592     0.177807 -0.000616141  -0.00178396
  0.00963736 -0.000616141     0.187166    0.0222859
    0.143286  -0.00178396    0.0222859     0.332888
IMAGINARY
           0 -0.000792295    0.0116423    0.0114425
 0.000792295            0  -0.00176506    0.0103089
  -0.0116423   0.00176506            0  -0.00652478
  -0.0114425   -0.0103089   0.00652478            0
Repeater1[0]<--->HoM1[0]
REAL
   0.320323  -0.0291646  0.00264093    0.131246
 -0.0291646    0.174966  0.00123285  -0.0154614
 0.00264093  0.00123285    0.187079 -0.00685491
   0.131246  -0.0154614 -0.00685491    0.317631
IMAGINARY
          0   0.0365426 -0.00945616   0.0086555
 -0.0365426           0 -0.00146596  -0.0118892
 0.00945616  0.00146596           0   0.0313746
 -0.0086555   0.0118892  -0.0313746           0
EndNode1[0]<--->Repeater1[0]
REAL
   0.315924 -0.00162797   0.0132068    0.148671
-0.00162797    0.196178  -0.0106264  0.00330578
  0.0132068  -0.0106264    0.169427  0.00228848
   0.148671  0.00330578  0.00228848    0.318471
IMAGINARY
          0 -0.00907367  0.00210693    0.011779
 0.00907367           0   0.0164519  -0.0131602
-0.00210693  -0.0164519           0 -0.00588082
  -0.011779   0.0131602  0.00588082           0
EndNode2[0]<--->HoM1[0]
REAL
   0.313776 -0.00588287   0.0113485    0.120857
-0.00588287    0.179847   -0.014162   0.0060853
  0.0113485   -0.014162    0.177296 -0.00457738
   0.120857   0.0060853 -0.00457738    0.329082
IMAGINARY
          0  0.00988979   -0.013687  0.00251256
-0.00988979           0 -0.00251256   0.0093713
   0.013687  0.00251256           0 -0.00557413
-0.00251256  -0.0093713  0.00557413           0
Repeater1[0]<--->EndNode1[0]
REAL
   0.315924   0.0132068 -0.00162797    0.148671
  0.0132068    0.169427  -0.0106264  0.00228848
-0.00162797  -0.0106264    0.196178  0.00330578
   0.148671  0.00228848  0.00330578    0.318471
IMAGINARY
          0  0.00210693 -0.00907367    0.011779
-0.00210693           0  -0.0164519 -0.00588082
 0.00907367   0.0164519           0  -0.0131602
  -0.011779  0.00588082   0.0131602           0
Repeater1[0]<--->HoM1[0]
REAL
   0.313776   0.0113485 -0.00588287    0.120857
  0.0113485    0.177296   -0.014162 -0.00457738
-0.00588287   -0.014162    0.179847   0.0060853
   0.120857 -0.00457738   0.0060853    0.329082
IMAGINARY
          0   -0.013687  0.00988979  0.00251256
   0.013687           0  0.00251256 -0.00557413
-0.00988979 -0.00251256           0   0.0093713
-0.00251256  0.00557413  -0.0093713           0
EndNode1[0]<--->Repeater1[0]
REAL
   0.33945 -0.0181019  0.0163321   0.127702
-0.0181019   0.178244 0.00629256 0.00724115
 0.0163321 0.00629256   0.195282 0.00321357
  0.127702 0.00724115 0.00321357   0.287025
IMAGINARY
          0  0.00229971  -0.0121142   0.0109087
-0.00229971           0  -0.0138955   -0.010079
  0.0121142   0.0138955           0  -0.0140491
 -0.0109087    0.010079   0.0140491           0
EndNode2[0]<--->HoM1[0]
REAL
   0.329487 0.000563871 -0.00766504     0.14794
0.000563871    0.188462  0.00248588  0.00461997
-0.00766504  0.00248588    0.198718 -0.00482696
    0.14794  0.00461997 -0.00482696    0.283333
IMAGINARY
          0  -0.0170573 -0.00649167   0.0133276
  0.0170573           0 -0.00693379  0.00908907
 0.00649167  0.00693379           0 -0.00242319
 -0.0133276 -0.00908907  0.00242319           0
Repeater1[0]<--->EndNode1[0]
REAL
   0.33945  0.0163321 -0.0181019   0.127702
 0.0163321   0.195282 0.00629256 0.00321357
-0.0181019 0.00629256   0.178244 0.00724115
  0.127702 0.00321357 0.00724115   0.287025
IMAGINARY
          0  -0.0121142  0.00229971   0.0109087
  0.0121142           0   0.0138955  -0.0140491
-0.00229971  -0.0138955           0   -0.010079
 -0.0109087   0.0140491    0.010079           0
Repeater1[0]<--->HoM1[0]
REAL
   0.329487 -0.00766504 0.000563871     0.14794
-0.00766504    0.198718  0.00248588 -0.00482696
0.000563871  0.00248588    0.188462  0.00461997
    0.14794 -0.00482696  0.00461997    0.283333
IMAGINARY
          0 -0.00649167  -0.0170573   0.0133276
 0.00649167           0  0.00693379 -0.00242319
  0.0170573 -0.00693379           0  0.00908907
 -0.0133276  0.00242319 -0.00908907           0
EndNode1[0]<--->Repeater1[0]
REAL
   0.304063  -0.0159466   0.0338526    0.127791
 -0.0159466    0.180865  0.00107469 0.000941211
  0.0338526  0.00107469    0.200524  0.00434863
   0.127791 0.000941211  0.00434863    0.314548
IMAGINARY
          0  0.00893127 -0.00647649    0.020642
-0.00893127           0    0.016172 -0.00912901
 0.00647649   -0.016172           0 -0.00206485
  -0.020642  0.00912901  0.00206485           0
EndNode2[0]<--->HoM1[0]
REAL
   0.318519 -0.00349934  0.00085478    0.134304
-0.00349934    0.171605   0.0037557   -0.010805
 0.00085478   0.0037557    0.164198  -0.0151574
   0.134304   -0.010805  -0.0151574    0.345679
IMAGINARY
           0 -0.000864862   0.00430273   0.00184779
 0.000864862            0   0.00494569    0.0113631
 -0.00430273  -0.00494569            0   0.00478131
 -0.00184779   -0.0113631  -0.00478131            0
Repeater1[0]<--->EndNode1[0]
REAL
   0.304063   0.0338526  -0.0159466    0.127791
  0.0338526    0.200524  0.00107469  0.00434863
 -0.0159466  0.00107469    0.180865 0.000941211
   0.127791  0.00434863 0.000941211    0.314548
IMAGINARY
          0 -0.00647649  0.00893127    0.020642
 0.00647649           0   -0.016172 -0.00206485
-0.00893127    0.016172           0 -0.00912901
  -0.020642  0.00206485  0.00912901           0
Repeater1[0]<--->HoM1[0]
REAL
   0.318519  0.00085478 -0.00349934    0.134304
 0.00085478    0.164198   0.0037557  -0.0151574
-0.00349934   0.0037557    0.171605   -0.010805
   0.134304  -0.0151574   -0.010805    0.345679
IMAGINARY
           0   0.00430273 -0.000864862   0.00184779
 -0.00430273            0  -0.00494569   0.00478131
 0.000864862   0.00494569            0    0.0113631
 -0.00184779  -0.00478131   -0.0113631            0
EndNode1[0]<--->Repeater1[0]
REAL
   0.337784  -0.0101345  -0.0175749    0.136563
 -0.0101345    0.164219     0.01108 -0.00723899
 -0.0175749     0.01108    0.189586  0.00517167
   0.136563 -0.00723899  0.00517167    0.308411
IMAGINARY
           0   0.00225557    0.0168572   0.00370898
 -0.00225557            0    0.0245687  0.000517324
  -0.0168572   -0.0245687            0  -0.00289907
 -0.00370898 -0.000517324   0.00289907            0
EndNode2[0]<--->HoM1[0]
REAL
   0.29198 0.00211378 0.00387247   0.133097
0.00211378   0.214286  -0.011941 -0.0155576
0.00387247  -0.011941   0.201754 -0.0162589
  0.133097 -0.0155576 -0.0162589    0.29198
IMAGINARY
           0  -0.00127871  0.000576495   -0.0062765
  0.00127871            0   -0.0162103   0.00578483
-0.000576495    0.0162103            0  -0.00381035
   0.0062765  -0.00578483   0.00381035            0
Repeater1[0]<--->EndNode1[0]
REAL
   0.337784  -0.0175749  -0.0101345    0.136563
 -0.0175749    0.189586     0.01108  0.00517167
 -0.0101345     0.01108    0.164219 -0.00723899
   0.136563  0.00517167 -0.00723899    0.308411
IMAGINARY
           0    0.0168572   0.00225557   0.00370898
  -0.0168572            0   -0.0245687  -0.00289907
 -0.00225557    0.0245687            0  0.000517324
 -0.00370898   0.00289907 -0.000517324            0
Repeater1[0]<--->HoM1[0]
REAL
   0.29198 0.00387247 0.00211378   0.133097
0.00387247   0.201754  -0.011941 -0.0162589
0.00211378  -0.011941   0.214286 -0.0155576
  0.133097 -0.0162589 -0.0155576    0.29198
IMAGINARY
           0  0.000576495  -0.00127871   -0.0062765
-0.000576495            0    0.0162103  -0.00381035
  0.00127871   -0.0162103            0   0.00578483
   0.0062765   0.00381035  -0.00578483            0
EndNode1[0]<--->Repeater1[0]
REAL
   0.321883  0.00745086 -0.00774151    0.161686
 0.00745086    0.171756   0.0131107 -0.00038857
-0.00774151   0.0131107    0.169211 -0.00203081
   0.161686 -0.00038857 -0.00203081     0.33715
IMAGINARY
           0    0.0211334   -0.0104223   -0.0126468
  -0.0211334            0   -0.0139355   -0.0173932
   0.0104223    0.0139355            0 -0.000102157
   0.0126468    0.0173932  0.000102157            0
EndNode2[0]<--->HoM1[0]
REAL
   0.29572  0.0184674  0.0149698   0.131889
 0.0184674    0.18677 0.00688911 0.00827061
 0.0149698 0.00688911   0.207523 -0.0164754
  0.131889 0.00827061 -0.0164754   0.309987
IMAGINARY
          0 -0.00364469  -0.0113269 -0.00932291
 0.00364469           0  -0.0055158 -0.00929164
  0.0113269   0.0055158           0     0.01782
 0.00932291  0.00929164    -0.01782           0
Repeater1[0]<--->EndNode1[0]
REAL
   0.321883 -0.00774151  0.00745086    0.161686
-0.00774151    0.169211   0.0131107 -0.00203081
 0.00745086   0.0131107    0.171756 -0.00038857
   0.161686 -0.00203081 -0.00038857     0.33715
IMAGINARY
           0   -0.0104223    0.0211334   -0.0126468
   0.0104223            0    0.0139355 -0.000102157
  -0.0211334   -0.0139355            0   -0.0173932
   0.0126468  0.000102157    0.0173932            0
Repeater1[0]<--->HoM1[0]
REAL
   0.29572  0.0149698  0.0184674   0.131889
 0.0149698   0.207523 0.00688911 -0.0164754
 0.0184674 0.00688911    0.18677 0.00827061
  0.131889 -0.0164754 0.00827061   0.309987
IMAGINARY
          0  -0.0113269 -0.00364469 -0.00932291
  0.0113269           0   0.0055158     0.01782
 0.00364469  -0.0055158           0 -0.00929164
 0.00932291    -0.01782  0.00929164           0
EndNode1[0]<--->Repeater1[0]
REAL
     0.34018   -0.0157046   0.00373034     0.131148
  -0.0157046     0.184852 -2.06901e-05   -0.0086323
  0.00373034 -2.06901e-05     0.178434  -0.00022679
    0.131148   -0.0086323  -0.00022679     0.296534
IMAGINARY
           0  0.000261555  -0.00586111   0.00226163
-0.000261555            0  -0.00531413  0.000666305
  0.00586111   0.00531413            0  -0.00545636
 -0.00226163 -0.000666305   0.00545636            0
EndNode2[0]<--->HoM1[0]
REAL
   0.300251 -0.00475581 4.21935e-05    0.119858
-0.00475581     0.18593  -0.0103832  0.00828047
4.21935e-05  -0.0103832    0.189698  -0.0112493
   0.119858  0.00828047  -0.0112493    0.324121
IMAGINARY
          0  -0.0178403   0.0240343  -0.0139375
  0.0178403           0 -0.00190538 -0.00560994
 -0.0240343  0.00190538           0 -0.00439602
  0.0139375  0.00560994  0.00439602           0
Repeater1[0]<--->EndNode1[0]
REAL
     0.34018   0.00373034   -0.0157046     0.131148
  0.00373034     0.178434 -2.06901e-05  -0.00022679
  -0.0157046 -2.06901e-05     0.184852   -0.0086323
    0.131148  -0.00022679   -0.0086323     0.296534
IMAGINARY
           0  -0.00586111  0.000261555   0.00226163
  0.00586111            0   0.00531413  -0.00545636
-0.000261555  -0.00531413            0  0.000666305
 -0.00226163   0.00545636 -0.000666305            0
Repeater1[0]<--->HoM1[0]
REAL
   0.300251 4.21935e-05 -0.00475581    0.119858
4.21935e-05    0.189698  -0.0103832  -0.0112493
-0.00475581  -0.0103832     0.18593  0.00828047
   0.119858  -0.0112493  0.00828047    0.324121
IMAGINARY
          0   0.0240343  -0.0178403  -0.0139375
 -0.0240343           0  0.00190538 -0.00439602
  0.0178403 -0.00190538           0 -0.00560994
  0.0139375  0.00439602  0.00560994           0
EndNode1[0]<--->Repeater1[0]
REAL
   0.325815  0.00504898  -0.0218863    0.137548
 0.00504898    0.172932 0.000268324 -0.00274753
 -0.0218863 0.000268324    0.201754  -0.0190303
   0.137548 -0.00274753  -0.0190303    0.299499
IMAGINARY
          0  0.00294895  0.00183771  -0.0087616
-0.00294895           0 -0.00444594   0.0271295
-0.00183771  0.00444594           0 -0.00924618
  0.0087616  -0.0271295  0.00924618           0
EndNode2[0]<--->HoM1[0]
REAL
   0.319317  0.00561762  0.00443863    0.125152
 0.00561762    0.204993   0.0089641 -0.00382058
 0.00443863   0.0089641    0.191853 -0.00994395
   0.125152 -0.00382058 -0.00994395    0.283837
IMAGINARY
          0 -0.00595481  -0.0124407 -0.00398805
 0.00595481           0  -0.0204022 -0.00975252
  0.0124407   0.0204022           0  -0.0136274
 0.00398805  0.00975252   0.0136274           0
Repeater1[0]<--->EndNode1[0]
REAL
   0.325815  -0.0218863  0.00504898    0.137548
 -0.0218863    0.201754 0.000268324  -0.0190303
 0.00504898 0.000268324    0.172932 -0.00274753
   0.137548  -0.0190303 -0.00274753    0.299499
IMAGINARY
          0  0.00183771  0.00294895  -0.0087616
-0.00183771           0  0.00444594 -0.00924618
-0.00294895 -0.00444594           0   0.0271295
  0.0087616  0.00924618  -0.0271295           0
Repeater1[0]<--->HoM1[0]
REAL
   0.319317  0.00443863  0.00561762    0.125152
 0.00443863    0.191853   0.0089641 -0.00994395
 0.00561762   0.0089641    0.204993 -0.00382058
   0.125152 -0.00994395 -0.00382058    0.283837
IMAGINARY
          0  -0.0124407 -0.00595481 -0.00398805
  0.0124407           0   0.0204022  -0.0136274
 0.00595481  -0.0204022           0 -0.00975252
 0.00398805   0.0136274  0.00975252           0
EndNode1[0]<--->Repeater1[0]
REAL
   0.353151 -0.00370573   0.0125133    0.134089
-0.00370573    0.165279  -0.0226075  -0.0118457
  0.0125133  -0.0226075    0.162901 -0.00764274
   0.134089  -0.0118457 -0.00764274    0.318668
IMAGINARY
          0   0.0214564  -0.0038108   0.0048863
 -0.0214564           0 -0.00680201   0.0135637
  0.0038108  0.00680201           0  -0.0364109
 -0.0048863  -0.0135637   0.0364109           0
EndNode2[0]<--->HoM1[0]
REAL
    0.315461  -0.00479664   0.00184324     0.155273
 -0.00479664     0.183292  -0.00265473   0.00518102
  0.00184324  -0.00265473     0.198254 -0.000950486
    0.155273   0.00518102 -0.000950486     0.302993
IMAGINARY
          0 -0.00257121 -0.00183802 -0.00346775
 0.00257121           0  -0.0103513 -0.00877371
 0.00183802   0.0103513           0  0.00818919
 0.00346775  0.00877371 -0.00818919           0
Repeater1[0]<--->EndNode1[0]
REAL
   0.353151   0.0125133 -0.00370573    0.134089
  0.0125133    0.162901  -0.0226075 -0.00764274
-0.00370573  -0.0226075    0.165279  -0.0118457
   0.134089 -0.00764274  -0.0118457    0.318668
IMAGINARY
          0  -0.0038108   0.0214564   0.0048863
  0.0038108           0  0.00680201  -0.0364109
 -0.0214564 -0.00680201           0   0.0135637
 -0.0048863   0.0364109  -0.0135637           0
Repeater1[0]<--->HoM1[0]
REAL
    0.315461   0.00184324  -0.00479664     0.155273
  0.00184324     0.198254  -0.00265473 -0.000950486
 -0.00479664  -0.00265473     0.183292   0.00518102
    0.155273 -0.000950486   0.00518102     0.302993
IMAGINARY
          0 -0.00183802 -0.00257121 -0.00346775
 0.00183802           0   0.0103513  0.00818919
 0.00257121  -0.0103513           0 -0.00877371
 0.00346775 -0.00818919  0.00877371           0
EndNode1[0]<--->Repeater1[0]
REAL
   0.326288 -0.00801582 -0.00477689    0.151379
-0.00801582    0.177015 -0.00641577  0.00231989
-0.00477689 -0.00641577    0.199472 -0.00304069
   0.151379  0.00231989 -0.00304069    0.297226
IMAGINARY
           0  -0.00260129    0.0144838   0.00548315
  0.00260129            0  0.000943588  -0.00244326
  -0.0144838 -0.000943588            0    0.0108396
 -0.00548315   0.00244326   -0.0108396            0
EndNode2[0]<--->HoM1[0]
REAL
    0.335142     0.027337    -0.013861     0.126879
    0.027337      0.17232 -0.000281014   0.00107328
   -0.013861 -0.000281014     0.199457  -0.00687666
    0.126879   0.00107328  -0.00687666      0.29308
IMAGINARY
          0   0.0154157  0.00801013  -0.0166051
 -0.0154157           0 -0.00596676   0.0191504
-0.00801013  0.00596676           0  0.00680648
  0.0166051  -0.0191504 -0.00680648           0
Repeater1[0]<--->EndNode1[0]
REAL
   0.326288 -0.00477689 -0.00801582    0.151379
-0.00477689    0.199472 -0.00641577 -0.00304069
-0.00801582 -0.00641577    0.177015  0.00231989
   0.151379 -0.00304069  0.00231989    0.297226
IMAGINARY
           0    0.0144838  -0.00260129   0.00548315
  -0.0144838            0 -0.000943588    0.0108396
  0.00260129  0.000943588            0  -0.00244326
 -0.00548315   -0.0108396   0.00244326            0
Repeater1[0]<--->HoM1[0]
REAL
    0.335142    -0.013861     0.027337     0.126879
   -0.013861     0.199457 -0.000281014  -0.00687666
    0.027337 -0.000281014      0.17232   0.00107328
    0.126879  -0.00687666   0.00107328      0.29308
IMAGINARY
          0  0.00801013   0.0154157  -0.0166051
-0.00801013           0  0.00596676  0.00680648
 -0.0154157 -0.00596676           0   0.0191504
  0.0166051 -0.00680648  -0.0191504           0
EndNode1[0]<--->Repeater1[0]
REAL
   0.299878  -0.0126632  -0.0155993    0.131061
 -0.0126632    0.181151   -0.015297  0.00821018
 -0.0155993   -0.015297    0.188494 0.000347941
   0.131061  0.00821018 0.000347941    0.330477
IMAGINARY
          0  -0.0129694 -0.00216193 -0.00309087
  0.0129694           0  -0.0297763   0.0346123
 0.00216193   0.0297763           0  -0.0155074
 0.00309087  -0.0346123   0.0155074           0
EndNode2[0]<--->HoM1[0]
REAL
  0.312916 0.00180141 -0.0090312   0.142065
0.00180141   0.181092   0.010553  0.0147783
-0.0090312   0.010553   0.181092  0.0167171
  0.142065  0.0147783  0.0167171     0.3249
IMAGINARY
          0  -0.0154772  -0.0170648  0.00704573
  0.0154772           0  -0.0118337   0.0100763
  0.0170648   0.0118337           0   0.0123006
-0.00704573  -0.0100763  -0.0123006           0
Repeater1[0]<--->EndNode1[0]
REAL
   0.299878  -0.0155993  -0.0126632    0.131061
 -0.0155993    0.188494   -0.015297 0.000347941
 -0.0126632   -0.015297    0.181151  0.00821018
   0.131061 0.000347941  0.00821018    0.330477
IMAGINARY
          0 -0.00216193  -0.0129694 -0.00309087
 0.00216193           0   0.0297763  -0.0155074
  0.0129694  -0.0297763           0   0.0346123
 0.00309087   0.0155074  -0.0346123           0
Repeater1[0]<--->HoM1[0]
REAL
  0.312916 -0.0090312 0.00180141   0.142065
-0.0090312   0.181092   0.010553  0.0167171
0.00180141   0.010553   0.181092  0.0147783
  0.142065  0.0167171  0.0147783     0.3249
IMAGINARY
          0  -0.0170648  -0.0154772  0.00704573
  0.0170648           0   0.0118337   0.0123006
  0.0154772  -0.0118337           0   0.0100763
-0.00704573  -0.0123006  -0.0100763           0
EndNode1[0]<--->Repeater1[0]
REAL
    0.368283   -0.0187683   -0.0088866     0.126268
  -0.0187683     0.171691 -0.000191442   -0.0101786
  -0.0088866 -0.000191442     0.178244 -0.000296927
    0.126268   -0.0101786 -0.000296927     0.281782
IMAGINARY
          0 -0.00915126  0.00827363   0.0160443
 0.00915126           0  0.00616292 -0.00892214
-0.00827363 -0.00616292           0  -0.0031704
 -0.0160443  0.00892214   0.0031704           0
EndNode2[0]<--->HoM1[0]
REAL
   0.309343    0.018583 -0.00517136    0.146848
   0.018583    0.189394  0.00493795   0.0179265
-0.00517136  0.00493795    0.195707 -0.00200135
   0.146848   0.0179265 -0.00200135    0.305556
IMAGINARY
          0  -0.0139792 -0.00217737   0.0191037
  0.0139792           0  0.00562488   0.0273763
 0.00217737 -0.00562488           0 -0.00591469
 -0.0191037  -0.0273763  0.00591469           0
Repeater1[0]<--->EndNode1[0]
REAL
    0.368283   -0.0088866   -0.0187683     0.126268
  -0.0088866     0.178244 -0.000191442 -0.000296927
  -0.0187683 -0.000191442     0.171691   -0.0101786
    0.126268 -0.000296927   -0.0101786     0.281782
IMAGINARY
          0  0.00827363 -0.00915126   0.0160443
-0.00827363           0 -0.00616292  -0.0031704
 0.00915126  0.00616292           0 -0.00892214
 -0.0160443   0.0031704  0.00892214           0
Repeater1[0]<--->HoM1[0]
REAL
   0.309343 -0.00517136    0.018583    0.146848
-0.00517136    0.195707  0.00493795 -0.00200135
   0.018583  0.00493795    0.189394   0.0179265
   0.146848 -0.00200135   0.0179265    0.305556
IMAGINARY
          0 -0.00217737  -0.0139792   0.0191037
 0.00217737           0 -0.00562488 -0.00591469
  0.0139792  0.00562488           0   0.0273763
 -0.0191037  0.00591469  -0.0273763           0
EndNode1[0]<--->Repeater1[0]
REAL
    0.33419   0.0100303 -0.00505702    0.123327
  0.0100303    0.178663  -0.0117565 -0.00320745
-0.00505702  -0.0117565    0.182519  -0.0182948
   0.123327 -0.00320745  -0.0182948    0.304627
IMAGINARY
          0  0.00486754 -0.00297388   0.0233473
-0.00486754           0 -0.00628697  -0.0207137
 0.00297388  0.00628697           0   -0.015751
 -0.0233473   0.0207137    0.015751           0
EndNode2[0]<--->HoM1[0]
REAL
  0.311622 0.00423131 -0.0123624   0.139231
0.00423131   0.190294 0.00676365  0.0394942
-0.0123624 0.00676365    0.16092 0.00222864
  0.139231  0.0394942 0.00222864   0.337165
IMAGINARY
           0  -0.00930238   -0.0045556    0.0113109
  0.00930238            0  0.000699189    0.0032569
   0.0045556 -0.000699189            0   0.00410758
  -0.0113109   -0.0032569  -0.00410758            0
Repeater1[0]<--->EndNode1[0]
REAL
    0.33419 -0.00505702   0.0100303    0.123327
-0.00505702    0.182519  -0.0117565  -0.0182948
  0.0100303  -0.0117565    0.178663 -0.00320745
   0.123327  -0.0182948 -0.00320745    0.304627
IMAGINARY
          0 -0.00297388  0.00486754   0.0233473
 0.00297388           0  0.00628697   -0.015751
-0.00486754 -0.00628697           0  -0.0207137
 -0.0233473    0.015751   0.0207137           0
Repeater1[0]<--->HoM1[0]
REAL
  0.311622 -0.0123624 0.00423131   0.139231
-0.0123624    0.16092 0.00676365 0.00222864
0.00423131 0.00676365   0.190294  0.0394942
  0.139231 0.00222864  0.0394942   0.337165
IMAGINARY
           0   -0.0045556  -0.00930238    0.0113109
   0.0045556            0 -0.000699189   0.00410758
  0.00930238  0.000699189            0    0.0032569
  -0.0113109  -0.00410758   -0.0032569            0
EndNode1[0]<--->Repeater1[0]
REAL
     0.3075 -0.00783432 -0.00957457    0.128148
-0.00783432      0.1825 -0.00442308 -0.00828258
-0.00957457 -0.00442308     0.20625  0.00400779
   0.128148 -0.00828258  0.00400779     0.30375
IMAGINARY
           0  0.000952237  -0.00246431    0.0219332
-0.000952237            0  -0.00351212     0.032747
  0.00246431   0.00351212            0  -0.00027929
  -0.0219332    -0.032747   0.00027929            0
EndNode2[0]<--->HoM1[0]
REAL
   0.312736 -0.00165898  -0.0130938    0.134043
-0.00165898    0.203026  0.00176743  -0.0130938
 -0.0130938  0.00176743    0.175284 -0.00625819
   0.134043  -0.0130938 -0.00625819    0.308953
IMAGINARY
          0  0.00444925 -0.00133671 -0.00417343
-0.00444925           0   0.0224026  -0.0118908
 0.00133671  -0.0224026           0  -0.0150313
 0.00417343   0.0118908   0.0150313           0
Repeater1[0]<--->EndNode1[0]
REAL
     0.3075 -0.00957457 -0.00783432    0.128148
-0.00957457     0.20625 -0.00442308  0.00400779
-0.00783432 -0.00442308      0.1825 -0.00828258
   0.128148  0.00400779 -0.00828258     0.30375
IMAGINARY
           0  -0.00246431  0.000952237    0.0219332
  0.00246431            0   0.00351212  -0.00027929
-0.000952237  -0.00351212            0     0.032747
  -0.0219332   0.00027929    -0.032747            0
Repeater1[0]<--->HoM1[0]
REAL
   0.312736  -0.0130938 -0.00165898    0.134043
 -0.0130938    0.175284  0.00176743 -0.00625819
-0.00165898  0.00176743    0.203026  -0.0130938
   0.134043 -0.00625819  -0.0130938    0.308953
IMAGINARY
          0 -0.00133671  0.00444925 -0.00417343
 0.00133671           0  -0.0224026  -0.0150313
-0.00444925   0.0224026           0  -0.0118908
 0.00417343   0.0150313   0.0118908           0
EndNode1[0]<--->Repeater1[0]
REAL
    0.308537  0.000631313   0.00719457     0.130723
 0.000631313     0.190244   -0.0130762    0.0171021
  0.00719457   -0.0130762     0.189024 -0.000631313
    0.130723    0.0171021 -0.000631313     0.312195
IMAGINARY
          0 -0.00725594  0.00744671 -0.00629563
 0.00725594           0  -0.0168219 -0.00480819
-0.00744671   0.0168219           0 -0.00593668
 0.00629563  0.00480819  0.00593668           0
EndNode2[0]<--->HoM1[0]
REAL
   0.327609 -0.00447571  0.00994666    0.125874
-0.00447571    0.184941  0.00120172  -0.0220795
 0.00994666  0.00120172    0.199472 5.72342e-06
   0.125874  -0.0220795 5.72342e-06    0.287979
IMAGINARY
           0   -0.0243917   0.00809834   -0.0183612
   0.0243917            0   0.00400718 -0.000224324
 -0.00809834  -0.00400718            0  0.000769622
   0.0183612  0.000224324 -0.000769622            0
Repeater1[0]<--->EndNode1[0]
REAL
    0.308537   0.00719457  0.000631313     0.130723
  0.00719457     0.189024   -0.0130762 -0.000631313
 0.000631313   -0.0130762     0.190244    0.0171021
    0.130723 -0.000631313    0.0171021     0.312195
IMAGINARY
          0  0.00744671 -0.00725594 -0.00629563
-0.00744671           0   0.0168219 -0.00593668
 0.00725594  -0.0168219           0 -0.00480819
 0.00629563  0.00593668  0.00480819           0
Repeater1[0]<--->HoM1[0]
REAL
   0.327609  0.00994666 -0.00447571    0.125874
 0.00994666    0.199472  0.00120172 5.72342e-06
-0.00447571  0.00120172    0.184941  -0.0220795
   0.125874 5.72342e-06  -0.0220795    0.287979
IMAGINARY
           0   0.00809834   -0.0243917   -0.0183612
 -0.00809834            0  -0.00400718  0.000769622
   0.0243917   0.00400718            0 -0.000224324
   0.0183612 -0.000769622  0.000224324            0
EndNode1[0]<--->Repeater1[0]
REAL
    0.30291  -0.0162682 -0.00708078    0.145204
 -0.0162682    0.185185   0.0134866   0.0234536
-0.00708078   0.0134866    0.179894   0.0187871
   0.145204   0.0234536   0.0187871    0.332011
IMAGINARY
           0  -0.00657461  -0.00712532  -0.00440779
  0.00657461            0   -0.0115973 -8.30672e-05
  0.00712532    0.0115973            0   0.00985115
  0.00440779  8.30672e-05  -0.00985115            0
EndNode2[0]<--->HoM1[0]
REAL
   0.319338   0.0162948  -0.0019293    0.113123
  0.0162948    0.188295  -0.0211545 -0.00325205
 -0.0019293  -0.0211545    0.188295 -0.00722748
   0.113123 -0.00325205 -0.00722748    0.304071
IMAGINARY
          0  0.00161635  0.00207995  0.00623254
-0.00161635           0 -0.00367499  -0.0068033
-0.00207995  0.00367499           0  0.00985463
-0.00623254   0.0068033 -0.00985463           0
Repeater1[0]<--->EndNode1[0]
REAL
    0.30291 -0.00708078  -0.0162682    0.145204
-0.00708078    0.179894   0.0134866   0.0187871
 -0.0162682   0.0134866    0.185185   0.0234536
   0.145204   0.0187871   0.0234536    0.332011
IMAGINARY
           0  -0.00712532  -0.00657461  -0.00440779
  0.00712532            0    0.0115973   0.00985115
  0.00657461   -0.0115973            0 -8.30672e-05
  0.00440779  -0.00985115  8.30672e-05            0
Repeater1[0]<--->HoM1[0]
REAL
   0.319338  -0.0019293   0.0162948    0.113123
 -0.0019293    0.188295  -0.0211545 -0.00722748
  0.0162948  -0.0211545    0.188295 -0.00325205
   0.113123 -0.00722748 -0.00325205    0.304071
IMAGINARY
          0  0.00207995  0.00161635  0.00623254
-0.00207995           0  0.00367499  0.00985463
-0.00161635 -0.00367499           0  -0.0068033
-0.00623254 -0.00985463   0.0068033           0
EndNode1[0]<--->Repeater1[0]
REAL
   0.313492  -0.0110804  0.00526582    0.130776
 -0.0110804    0.174603  0.00593285 -0.00273418
 0.00526582  0.00593285    0.189153  -0.0180336
   0.130776 -0.00273418  -0.0180336    0.322751
IMAGINARY
          0  -0.0137101  -0.0141154   0.0148541
  0.0137101           0  0.00560626  -0.0141154
  0.0141154 -0.00560626           0  -0.0170302
 -0.0148541   0.0141154   0.0170302           0
EndNode2[0]<--->HoM1[0]
REAL
   0.306226  -0.0127384   0.0243639    0.128831
 -0.0127384    0.189327 0.000982782   0.0110399
  0.0243639 0.000982782    0.163914  -0.0114852
   0.128831   0.0110399  -0.0114852    0.340534
IMAGINARY
           0   0.00284893   0.00578685  -0.00910257
 -0.00284893            0  -0.00586003 -0.000723563
 -0.00578685   0.00586003            0   -0.0180388
  0.00910257  0.000723563    0.0180388            0
Repeater1[0]<--->EndNode1[0]
REAL
   0.313492  0.00526582  -0.0110804    0.130776
 0.00526582    0.189153  0.00593285  -0.0180336
 -0.0110804  0.00593285    0.174603 -0.00273418
   0.130776  -0.0180336 -0.00273418    0.322751
IMAGINARY
          0  -0.0141154  -0.0137101   0.0148541
  0.0141154           0 -0.00560626  -0.0170302
  0.0137101  0.00560626           0  -0.0141154
 -0.0148541   0.0170302   0.0141154           0
Repeater1[0]<--->HoM1[0]
REAL
   0.306226   0.0243639  -0.0127384    0.128831
  0.0243639    0.163914 0.000982782  -0.0114852
 -0.0127384 0.000982782    0.189327   0.0110399
   0.128831  -0.0114852   0.0110399    0.340534
IMAGINARY
           0   0.00578685   0.00284893  -0.00910257
 -0.00578685            0   0.00586003   -0.0180388
 -0.00284893  -0.00586003            0 -0.000723563
  0.00910257    0.0180388  0.000723563            0
EndNode1[0]<--->Repeater1[0]
REAL
   0.310388 -0.00182144  -0.0322375    0.129244
-0.00182144    0.198999  0.00392142  0.00334303
 -0.0322375  0.00392142    0.209011 -0.00445996
