EndNode1[0]<--->Repeater1[0]
REAL
   0.464194   0.0197442   0.0192907    0.247295
  0.0197442   0.0677749 -0.00889303 -0.00382683
  0.0192907 -0.00889303   0.0396419  -0.0261875
   0.247295 -0.00382683  -0.0261875    0.428389
IMAGINARY
          0 -0.00611409  -0.0083874   0.0130349
 0.00611409           0  -0.0167023  0.00962502
  0.0083874   0.0167023           0  0.00363884
 -0.0130349 -0.00962502 -0.00363884           0
EndNode2[0]<--->HoM1[0]
REAL
  0.452163  0.0188433 0.00315653   0.245221
 0.0188433  0.0524246  0.0034833  0.0136828
0.00315653  0.0034833  0.0655308 0.00317746
  0.245221  0.0136828 0.00317746   0.429882
IMAGINARY
           0     0.016114  0.000292364   -0.0153181
   -0.016114            0  -0.00117932   0.00276761
-0.000292364   0.00117932            0   0.00408188
   0.0153181  -0.00276761  -0.00408188            0
Repeater1[0]<--->EndNode1[0]
REAL
   0.464194   0.0192907   0.0197442    0.247295
  0.0192907   0.0396419 -0.00889303  -0.0261875
  0.0197442 -0.00889303   0.0677749 -0.00382683
   0.247295  -0.0261875 -0.00382683    0.428389
IMAGINARY
          0  -0.0083874 -0.00611409   0.0130349
  0.0083874           0   0.0167023  0.00363884
 0.00611409  -0.0167023           0  0.00962502
 -0.0130349 -0.00363884 -0.00962502           0
Repeater1[0]<--->HoM1[0]
REAL
  0.452163 0.00315653  0.0188433   0.245221
0.00315653  0.0655308  0.0034833 0.00317746
 0.0188433  0.0034833  0.0524246  0.0136828
  0.245221 0.00317746  0.0136828   0.429882
IMAGINARY
           0  0.000292364     0.016114   -0.0153181
-0.000292364            0   0.00117932   0.00408188
   -0.016114  -0.00117932            0   0.00276761
   0.0153181  -0.00408188  -0.00276761            0
EndNode1[0]<--->Repeater1[0]
REAL
   0.419737  -0.0128458  0.00381701    0.238396
 -0.0128458   0.0526316  -0.0158308 -0.00813267
 0.00381701  -0.0158308        0.05 -0.00503333
   0.238396 -0.00813267 -0.00503333    0.477632
IMAGINARY
           0   -0.0324407  0.000646022  0.000955061
   0.0324407            0   -0.0136726  4.17327e-06
-0.000646022    0.0136726            0   0.00968386
-0.000955061 -4.17327e-06  -0.00968386            0
EndNode2[0]<--->HoM1[0]
REAL
     0.4379 -0.00355625  -0.0124234    0.246298
-0.00355625   0.0588988   0.0136504  0.00536311
 -0.0124234   0.0136504   0.0435339 -0.00478778
   0.246298  0.00536311 -0.00478778    0.459667
IMAGINARY
           0    0.0179168  -0.00554733   -0.0143991
  -0.0179168            0 -0.000954751    0.0132594
  0.00554733  0.000954751            0   0.00779018
   0.0143991   -0.0132594  -0.00779018            0
Repeater1[0]<--->EndNode1[0]
REAL
   0.419737  0.00381701  -0.0128458    0.238396
 0.00381701        0.05  -0.0158308 -0.00503333
 -0.0128458  -0.0158308   0.0526316 -0.00813267
   0.238396 -0.00503333 -0.00813267    0.477632
IMAGINARY
           0  0.000646022   -0.0324407  0.000955061
-0.000646022            0    0.0136726   0.00968386
   0.0324407   -0.0136726            0  4.17327e-06
-0.000955061  -0.00968386 -4.17327e-06            0
Repeater1[0]<--->HoM1[0]
REAL
     0.4379  -0.0124234 -0.00355625    0.246298
 -0.0124234   0.0435339   0.0136504 -0.00478778
-0.00355625   0.0136504   0.0588988  0.00536311
   0.246298 -0.00478778  0.00536311    0.459667
IMAGINARY
           0  -0.00554733    0.0179168   -0.0143991
  0.00554733            0  0.000954751   0.00779018
  -0.0179168 -0.000954751            0    0.0132594
   0.0143991  -0.00779018   -0.0132594            0
EndNode1[0]<--->Repeater1[0]
REAL
   0.462988 -0.00236508  0.00454565     0.24211
-0.00236508    0.064603 -0.00354774 2.95172e-05
 0.00454565 -0.00354774   0.0659489  0.00955462
    0.24211 2.95172e-05  0.00955462     0.40646
IMAGINARY
           0  0.000614128  -0.00247676   -0.0131774
-0.000614128            0  -0.00236662   -0.0062081
  0.00247676   0.00236662            0   0.00186726
   0.0131774    0.0062081  -0.00186726            0
EndNode2[0]<--->HoM1[0]
REAL
   0.452855  -0.0073614 0.000875891    0.255164
 -0.0073614   0.0531208  0.00449758   0.0124091
0.000875891  0.00449758    0.059761  -0.0047159
   0.255164   0.0124091  -0.0047159    0.434263
IMAGINARY
          0 -0.00598496   0.0115564 -0.00792233
 0.00598496           0 -0.00600172 -0.00888971
 -0.0115564  0.00600172           0   0.0153183
 0.00792233  0.00888971  -0.0153183           0
Repeater1[0]<--->EndNode1[0]
REAL
   0.462988  0.00454565 -0.00236508     0.24211
 0.00454565   0.0659489 -0.00354774  0.00955462
-0.00236508 -0.00354774    0.064603 2.95172e-05
    0.24211  0.00955462 2.95172e-05     0.40646
IMAGINARY
           0  -0.00247676  0.000614128   -0.0131774
  0.00247676            0   0.00236662   0.00186726
-0.000614128  -0.00236662            0   -0.0062081
   0.0131774  -0.00186726    0.0062081            0
Repeater1[0]<--->HoM1[0]
REAL
   0.452855 0.000875891  -0.0073614    0.255164
0.000875891    0.059761  0.00449758  -0.0047159
 -0.0073614  0.00449758   0.0531208   0.0124091
   0.255164  -0.0047159   0.0124091    0.434263
IMAGINARY
          0   0.0115564 -0.00598496 -0.00792233
 -0.0115564           0  0.00600172   0.0153183
 0.00598496 -0.00600172           0 -0.00888971
 0.00792233  -0.0153183  0.00888971           0
EndNode1[0]<--->Repeater1[0]
REAL
      0.428  0.00769723   0.0167629    0.247223
 0.00769723   0.0626667 -0.00146075   0.0135034
  0.0167629 -0.00146075       0.056  -0.0137505
   0.247223   0.0135034  -0.0137505    0.453333
IMAGINARY
          0 -0.00574971  -0.0109317   0.0170455
 0.00574971           0  -0.0170455  0.00566855
  0.0109317   0.0170455           0   0.0175918
 -0.0170455 -0.00566855  -0.0175918           0
EndNode2[0]<--->HoM1[0]
REAL
   0.451282  0.00958177   0.0116045    0.239728
 0.00958177   0.0564103  -0.0102718 0.000405584
  0.0116045  -0.0102718   0.0730769  -0.0102139
   0.239728 0.000405584  -0.0102139    0.419231
IMAGINARY
          0 -0.00849254   0.0042153 -0.00717245
 0.00849254           0   -0.001045  -0.0042153
 -0.0042153    0.001045           0  -0.0253616
 0.00717245   0.0042153   0.0253616           0
Repeater1[0]<--->EndNode1[0]
REAL
      0.428   0.0167629  0.00769723    0.247223
  0.0167629       0.056 -0.00146075  -0.0137505
 0.00769723 -0.00146075   0.0626667   0.0135034
   0.247223  -0.0137505   0.0135034    0.453333
IMAGINARY
          0  -0.0109317 -0.00574971   0.0170455
  0.0109317           0   0.0170455   0.0175918
 0.00574971  -0.0170455           0  0.00566855
 -0.0170455  -0.0175918 -0.00566855           0
Repeater1[0]<--->HoM1[0]
REAL
   0.451282   0.0116045  0.00958177    0.239728
  0.0116045   0.0730769  -0.0102718  -0.0102139
 0.00958177  -0.0102718   0.0564103 0.000405584
   0.239728  -0.0102139 0.000405584    0.419231
IMAGINARY
          0   0.0042153 -0.00849254 -0.00717245
 -0.0042153           0    0.001045  -0.0253616
 0.00849254   -0.001045           0  -0.0042153
 0.00717245   0.0253616   0.0042153           0
EndNode1[0]<--->Repeater1[0]
REAL
   0.437046 -0.00900032  0.00534448    0.233976
-0.00900032   0.0714286 -0.00194939  -0.0033837
 0.00534448 -0.00194939   0.0799031  -0.0008036
   0.233976  -0.0033837  -0.0008036    0.411622
IMAGINARY
          0 -0.00450116  0.00906302  -0.0106661
 0.00450116           0  0.00943763   0.0164061
-0.00906302 -0.00943763           0 -0.00890367
  0.0106661  -0.0164061  0.00890367           0
EndNode2[0]<--->HoM1[0]
REAL
  0.44201 0.0234614 0.0118604  0.239812
0.0234614 0.0541237 0.0101876 0.0185628
0.0118604 0.0101876 0.0592784 0.0109301
 0.239812 0.0185628 0.0109301  0.444588
IMAGINARY
          0  -0.0122898   0.0103019  -0.0101978
  0.0122898           0  0.00386869 -0.00706779
 -0.0103019 -0.00386869           0 -0.00776197
  0.0101978  0.00706779  0.00776197           0
Repeater1[0]<--->EndNode1[0]
REAL
   0.437046  0.00534448 -0.00900032    0.233976
 0.00534448   0.0799031 -0.00194939  -0.0008036
-0.00900032 -0.00194939   0.0714286  -0.0033837
   0.233976  -0.0008036  -0.0033837    0.411622
IMAGINARY
          0  0.00906302 -0.00450116  -0.0106661
-0.00906302           0 -0.00943763 -0.00890367
 0.00450116  0.00943763           0   0.0164061
  0.0106661  0.00890367  -0.0164061           0
Repeater1[0]<--->HoM1[0]
REAL
  0.44201 0.0118604 0.0234614  0.239812
0.0118604 0.0592784 0.0101876 0.0109301
0.0234614 0.0101876 0.0541237 0.0185628
 0.239812 0.0109301 0.0185628  0.444588
IMAGINARY
          0   0.0103019  -0.0122898  -0.0101978
 -0.0103019           0 -0.00386869 -0.00776197
  0.0122898  0.00386869           0 -0.00706779
  0.0101978  0.00776197  0.00706779           0
EndNode1[0]<--->Repeater1[0]
REAL
    0.420984 -0.000852909   -0.0238186     0.235125
-0.000852909    0.0647668  -0.00515094    0.0406144
  -0.0238186  -0.00515094    0.0647668   0.00860485
    0.235125    0.0406144   0.00860485     0.449482
IMAGINARY
          0  0.00282309  0.00439465 -0.00189805
-0.00282309           0  0.00758705  0.00376093
-0.00439465 -0.00758705           0  0.00282309
 0.00189805 -0.00376093 -0.00282309           0
EndNode2[0]<--->HoM1[0]
REAL
   0.449367  0.00531551 -0.00923317    0.235224
 0.00531551   0.0658228  -0.0028116  -0.0171487
-0.00923317  -0.0028116   0.0506329  -0.0153658
   0.235224  -0.0171487  -0.0153658    0.434177
IMAGINARY
           0   0.00502516 -0.000973532  0.000982962
 -0.00502516            0 -0.000982962    0.0110491
 0.000973532  0.000982962            0   1.2626e-05
-0.000982962   -0.0110491  -1.2626e-05            0
Repeater1[0]<--->EndNode1[0]
REAL
    0.420984   -0.0238186 -0.000852909     0.235125
  -0.0238186    0.0647668  -0.00515094   0.00860485
-0.000852909  -0.00515094    0.0647668    0.0406144
    0.235125   0.00860485    0.0406144     0.449482
IMAGINARY
          0  0.00439465  0.00282309 -0.00189805
-0.00439465           0 -0.00758705  0.00282309
-0.00282309  0.00758705           0  0.00376093
 0.00189805 -0.00282309 -0.00376093           0
Repeater1[0]<--->HoM1[0]
REAL
   0.449367 -0.00923317  0.00531551    0.235224
-0.00923317   0.0506329  -0.0028116  -0.0153658
 0.00531551  -0.0028116   0.0658228  -0.0171487
   0.235224  -0.0153658  -0.0171487    0.434177
IMAGINARY
           0 -0.000973532   0.00502516  0.000982962
 0.000973532            0  0.000982962   1.2626e-05
 -0.00502516 -0.000982962            0    0.0110491
-0.000982962  -1.2626e-05   -0.0110491            0
EndNode1[0]<--->Repeater1[0]
REAL
  0.444882  0.0134157   0.017181   0.249192
 0.0134157  0.0577428  0.0164332 0.00495445
  0.017181  0.0164332  0.0656168 -0.0121136
  0.249192 0.00495445 -0.0121136   0.431759
IMAGINARY
          0  -0.0145656  -0.0124341   0.0121365
  0.0145656           0  -0.0169641  0.00135036
  0.0124341   0.0169641           0 -0.00267576
 -0.0121365 -0.00135036  0.00267576           0
EndNode2[0]<--->HoM1[0]
REAL
    0.442739  -0.00856496   -0.0266446     0.248591
 -0.00856496    0.0519481  -0.00707657 -0.000770509
  -0.0266446  -0.00707657    0.0495868   -0.0136283
    0.248591 -0.000770509   -0.0136283     0.455726
IMAGINARY
          0   0.0109732 -0.00319824   0.0194699
 -0.0109732           0  0.00926578 -0.00183954
 0.00319824 -0.00926578           0   0.0192535
 -0.0194699  0.00183954  -0.0192535           0
Repeater1[0]<--->EndNode1[0]
REAL
  0.444882   0.017181  0.0134157   0.249192
  0.017181  0.0656168  0.0164332 -0.0121136
 0.0134157  0.0164332  0.0577428 0.00495445
  0.249192 -0.0121136 0.00495445   0.431759
IMAGINARY
          0  -0.0124341  -0.0145656   0.0121365
  0.0124341           0   0.0169641 -0.00267576
  0.0145656  -0.0169641           0  0.00135036
 -0.0121365  0.00267576 -0.00135036           0
Repeater1[0]<--->HoM1[0]
REAL
    0.442739   -0.0266446  -0.00856496     0.248591
  -0.0266446    0.0495868  -0.00707657   -0.0136283
 -0.00856496  -0.00707657    0.0519481 -0.000770509
    0.248591   -0.0136283 -0.000770509     0.455726
IMAGINARY
          0 -0.00319824   0.0109732   0.0194699
 0.00319824           0 -0.00926578   0.0192535
 -0.0109732  0.00926578           0 -0.00183954
 -0.0194699  -0.0192535  0.00183954           0
EndNode1[0]<--->Repeater1[0]
REAL
    0.441379   -0.0106473   0.00811734     0.240901
  -0.0106473    0.0606897   -0.0145207 -0.000141876
  0.00811734   -0.0145207    0.0565517    0.0272117
    0.240901 -0.000141876    0.0272117     0.441379
IMAGINARY
          0  0.00570068 -0.00186127  -0.0238234
-0.00570068           0  0.00603683   0.0271625
 0.00186127 -0.00603683           0  0.00634751
  0.0238234  -0.0271625 -0.00634751           0
EndNode2[0]<--->HoM1[0]
REAL
   0.462121  -0.0110668 -0.00100087    0.255142
 -0.0110668   0.0542929   0.0158001  -0.0107792
-0.00100087   0.0158001   0.0732323 -0.00464004
   0.255142  -0.0107792 -0.00464004    0.410354
IMAGINARY
          0   0.0145977 -0.00301474 -0.00236213
 -0.0145977           0  -0.0101543    0.013368
 0.00301474   0.0101543           0   -0.027387
 0.00236213   -0.013368    0.027387           0
Repeater1[0]<--->EndNode1[0]
REAL
    0.441379   0.00811734   -0.0106473     0.240901
  0.00811734    0.0565517   -0.0145207    0.0272117
  -0.0106473   -0.0145207    0.0606897 -0.000141876
    0.240901    0.0272117 -0.000141876     0.441379
IMAGINARY
          0 -0.00186127  0.00570068  -0.0238234
 0.00186127           0 -0.00603683  0.00634751
-0.00570068  0.00603683           0   0.0271625
  0.0238234 -0.00634751  -0.0271625           0
Repeater1[0]<--->HoM1[0]
REAL
   0.462121 -0.00100087  -0.0110668    0.255142
-0.00100087   0.0732323   0.0158001 -0.00464004
 -0.0110668   0.0158001   0.0542929  -0.0107792
   0.255142 -0.00464004  -0.0107792    0.410354
IMAGINARY
          0 -0.00301474   0.0145977 -0.00236213
 0.00301474           0   0.0101543   -0.027387
 -0.0145977  -0.0101543           0    0.013368
 0.00236213    0.027387   -0.013368           0
EndNode1[0]<--->Repeater1[0]
REAL
    0.454545  0.000329381    0.0189739     0.237244
 0.000329381    0.0448143    -0.013383    0.0051548
   0.0189739    -0.013383    0.0832266 -0.000329381
    0.237244    0.0051548 -0.000329381     0.417414
IMAGINARY
          0  0.00995733  0.00151293  0.00402145
-0.00995733           0  0.00402145  0.00600587
-0.00151293 -0.00402145           0 -0.00870419
-0.00402145 -0.00600587  0.00870419           0
EndNode2[0]<--->HoM1[0]
REAL
    0.458869 -9.66618e-05  -0.00410225     0.239739
-9.66618e-05    0.0681234   -0.0258244  -0.00955184
 -0.00410225   -0.0258244    0.0604113  -0.00835587
    0.239739  -0.00955184  -0.00835587     0.412596
IMAGINARY
           0   -0.0143703   -0.0177565   -0.0216966
   0.0143703            0  0.000836912 -0.000124276
   0.0177565 -0.000836912            0   0.00443648
   0.0216966  0.000124276  -0.00443648            0
Repeater1[0]<--->EndNode1[0]
REAL
    0.454545    0.0189739  0.000329381     0.237244
   0.0189739    0.0832266    -0.013383 -0.000329381
 0.000329381    -0.013383    0.0448143    0.0051548
    0.237244 -0.000329381    0.0051548     0.417414
IMAGINARY
          0  0.00151293  0.00995733  0.00402145
-0.00151293           0 -0.00402145 -0.00870419
-0.00995733  0.00402145           0  0.00600587
-0.00402145  0.00870419 -0.00600587           0
Repeater1[0]<--->HoM1[0]
REAL
    0.458869  -0.00410225 -9.66618e-05     0.239739
 -0.00410225    0.0604113   -0.0258244  -0.00835587
-9.66618e-05   -0.0258244    0.0681234  -0.00955184
    0.239739  -0.00835587  -0.00955184     0.412596
IMAGINARY
           0   -0.0177565   -0.0143703   -0.0216966
   0.0177565            0 -0.000836912   0.00443648
   0.0143703  0.000836912            0 -0.000124276
   0.0216966  -0.00443648  0.000124276            0
EndNode1[0]<--->Repeater1[0]
REAL
   0.451157   0.0109261  0.00278687    0.254681
  0.0109261   0.0552699  -0.0158755  0.00343203
 0.00278687  -0.0158755    0.066838 -0.00719473
   0.254681  0.00343203 -0.00719473    0.426735
IMAGINARY
          0   0.0122405  -0.0125298  0.00796144
 -0.0122405           0  -0.0086202   0.0125298
  0.0125298   0.0086202           0  0.00765337
-0.00796144  -0.0125298 -0.00765337           0
EndNode2[0]<--->HoM1[0]
REAL
   0.457921 -0.00880765  0.00401421    0.241142
-0.00880765   0.0618812  0.00218664 -0.00210824
 0.00401421  0.00218664    0.049505 -0.00453415
   0.241142 -0.00210824 -0.00453415    0.430693
IMAGINARY
          0    0.020768  -0.0314221 -0.00183356
  -0.020768           0   0.0110199  -0.0268108
  0.0314221  -0.0110199           0  0.00399777
 0.00183356   0.0268108 -0.00399777           0
Repeater1[0]<--->EndNode1[0]
REAL
   0.451157  0.00278687   0.0109261    0.254681
 0.00278687    0.066838  -0.0158755 -0.00719473
  0.0109261  -0.0158755   0.0552699  0.00343203
   0.254681 -0.00719473  0.00343203    0.426735
IMAGINARY
          0  -0.0125298   0.0122405  0.00796144
  0.0125298           0   0.0086202  0.00765337
 -0.0122405  -0.0086202           0   0.0125298
-0.00796144 -0.00765337  -0.0125298           0
Repeater1[0]<--->HoM1[0]
REAL
   0.457921  0.00401421 -0.00880765    0.241142
 0.00401421    0.049505  0.00218664 -0.00453415
-0.00880765  0.00218664   0.0618812 -0.00210824
   0.241142 -0.00453415 -0.00210824    0.430693
IMAGINARY
          0  -0.0314221    0.020768 -0.00183356
  0.0314221           0  -0.0110199  0.00399777
  -0.020768   0.0110199           0  -0.0268108
 0.00183356 -0.00399777   0.0268108           0
EndNode1[0]<--->Repeater1[0]
REAL
   0.438575   0.0112246  0.00234802    0.237398
  0.0112246    0.046683 -0.00703169   0.0199033
 0.00234802 -0.00703169   0.0565111   0.0162623
   0.237398   0.0199033   0.0162623    0.458231
IMAGINARY
          0   0.0137385  -0.0171061  0.00794679
 -0.0137385           0  -0.0297417 -0.00845094
  0.0171061   0.0297417           0   0.0078867
-0.00794679  0.00845094  -0.0078867           0
EndNode2[0]<--->HoM1[0]
REAL
   0.452381  0.00646517 -0.00208096    0.236845
 0.00646517   0.0614035 -0.00147271 -0.00589776
-0.00208096 -0.00147271   0.0501253 0.000183765
   0.236845 -0.00589776 0.000183765     0.43609
IMAGINARY
          0  0.00296776 -0.00390998  0.00490018
-0.00296776           0  0.00554368  -0.0141141
 0.00390998 -0.00554368           0  0.00170514
-0.00490018   0.0141141 -0.00170514           0
Repeater1[0]<--->EndNode1[0]
REAL
   0.438575  0.00234802   0.0112246    0.237398
 0.00234802   0.0565111 -0.00703169   0.0162623
  0.0112246 -0.00703169    0.046683   0.0199033
   0.237398   0.0162623   0.0199033    0.458231
IMAGINARY
          0  -0.0171061   0.0137385  0.00794679
  0.0171061           0   0.0297417   0.0078867
 -0.0137385  -0.0297417           0 -0.00845094
-0.00794679  -0.0078867  0.00845094           0
Repeater1[0]<--->HoM1[0]
REAL
   0.452381 -0.00208096  0.00646517    0.236845
-0.00208096   0.0501253 -0.00147271 0.000183765
 0.00646517 -0.00147271   0.0614035 -0.00589776
   0.236845 0.000183765 -0.00589776     0.43609
IMAGINARY
          0 -0.00390998  0.00296776  0.00490018
 0.00390998           0 -0.00554368  0.00170514
-0.00296776  0.00554368           0  -0.0141141
-0.00490018 -0.00170514   0.0141141           0
EndNode1[0]<--->Repeater1[0]
REAL
  0.449312  0.0115179 -0.0106102   0.246638
 0.0115179  0.0675845 0.00685613  0.0163281
-0.0106102 0.00685613  0.0525657 0.00690653
  0.246638  0.0163281 0.00690653   0.430538
IMAGINARY
           0   0.00748303   -0.0214127  2.51036e-05
 -0.00748303            0  -0.00970252  -0.00719764
   0.0214127   0.00970252            0    0.0143153
-2.51036e-05   0.00719764   -0.0143153            0
EndNode2[0]<--->HoM1[0]
REAL
   0.420854  0.00233479  0.00549076    0.251814
 0.00233479   0.0577889  0.00910838 -0.00670436
 0.00549076  0.00910838   0.0703518 -0.00476198
   0.251814 -0.00670436 -0.00476198    0.451005
IMAGINARY
          0   0.0281776  -0.0156304 -0.00148431
 -0.0281776           0   0.0172738  0.00502037
  0.0156304  -0.0172738           0 -0.00695749
 0.00148431 -0.00502037  0.00695749           0
Repeater1[0]<--->EndNode1[0]
REAL
  0.449312 -0.0106102  0.0115179   0.246638
-0.0106102  0.0525657 0.00685613 0.00690653
 0.0115179 0.00685613  0.0675845  0.0163281
  0.246638 0.00690653  0.0163281   0.430538
IMAGINARY
           0   -0.0214127   0.00748303  2.51036e-05
   0.0214127            0   0.00970252    0.0143153
 -0.00748303  -0.00970252            0  -0.00719764
-2.51036e-05   -0.0143153   0.00719764            0
Repeater1[0]<--->HoM1[0]
REAL
   0.420854  0.00549076  0.00233479    0.251814
 0.00549076   0.0703518  0.00910838 -0.00476198
 0.00233479  0.00910838   0.0577889 -0.00670436
   0.251814 -0.00476198 -0.00670436    0.451005
IMAGINARY
          0  -0.0156304   0.0281776 -0.00148431
  0.0156304           0  -0.0172738 -0.00695749
 -0.0281776   0.0172738           0  0.00502037
 0.00148431  0.00695749 -0.00502037           0
EndNode1[0]<--->Repeater1[0]
REAL
   0.446134  0.00529041 -0.00375469    0.245725
 0.00529041   0.0570342 -0.00104459 -0.00563204
-0.00375469 -0.00104459   0.0380228   -0.012174
   0.245725 -0.00563204   -0.012174    0.458809
IMAGINARY
          0  0.00814266  0.00255988   0.0096451
-0.00814266           0  0.00896851  0.00131609
-0.00255988 -0.00896851           0  -0.0120186
 -0.0096451 -0.00131609   0.0120186           0
EndNode2[0]<--->HoM1[0]
REAL
   0.434128 -0.00718168 -0.00287743    0.230192
-0.00718168   0.0740276   0.0027987 -0.00418291
-0.00287743   0.0027987    0.055207  0.00525613
   0.230192 -0.00418291  0.00525613    0.436637
IMAGINARY
          0   0.0170385   0.0107855 -0.00451446
 -0.0170385           0  0.00516296  -0.0121153
 -0.0107855 -0.00516296           0 -0.00374067
 0.00451446   0.0121153  0.00374067           0
Repeater1[0]<--->EndNode1[0]
REAL
   0.446134 -0.00375469  0.00529041    0.245725
-0.00375469   0.0380228 -0.00104459   -0.012174
 0.00529041 -0.00104459   0.0570342 -0.00563204
   0.245725   -0.012174 -0.00563204    0.458809
IMAGINARY
          0  0.00255988  0.00814266   0.0096451
-0.00255988           0 -0.00896851  -0.0120186
-0.00814266  0.00896851           0  0.00131609
 -0.0096451   0.0120186 -0.00131609           0
Repeater1[0]<--->HoM1[0]
REAL
   0.434128 -0.00287743 -0.00718168    0.230192
-0.00287743    0.055207   0.0027987  0.00525613
-0.00718168   0.0027987   0.0740276 -0.00418291
   0.230192  0.00525613 -0.00418291    0.436637
IMAGINARY
          0   0.0107855   0.0170385 -0.00451446
 -0.0107855           0 -0.00516296 -0.00374067
 -0.0170385  0.00516296           0  -0.0121153
 0.00451446  0.00374067   0.0121153           0
EndNode1[0]<--->Repeater1[0]
REAL
   0.399729  0.00243605   0.0176988    0.241483
 0.00243605   0.0704607   0.0039498 -0.00125544
  0.0176988   0.0039498   0.0731707   0.0200974
   0.241483 -0.00125544   0.0200974     0.45664
IMAGINARY
          0  -0.0059792  0.00121884  0.00862703
  0.0059792           0  -0.0152408  -0.0130299
-0.00121884   0.0152408           0  0.00204219
-0.00862703   0.0130299 -0.00204219           0
EndNode2[0]<--->HoM1[0]
REAL
   0.441802  0.00778674  -0.0274074    0.252005
 0.00778674    0.068836  0.00385696   0.0115453
 -0.0274074  0.00385696   0.0400501 -0.00295915
   0.252005   0.0115453 -0.00295915    0.449312
IMAGINARY
           0     -0.01436   0.00542912  0.000862212
     0.01436            0   -0.0148216  0.000743716
 -0.00542912    0.0148216            0  -0.00909682
-0.000862212 -0.000743716   0.00909682            0
Repeater1[0]<--->EndNode1[0]
REAL
   0.399729   0.0176988  0.00243605    0.241483
  0.0176988   0.0731707   0.0039498   0.0200974
 0.00243605   0.0039498   0.0704607 -0.00125544
   0.241483   0.0200974 -0.00125544     0.45664
IMAGINARY
          0  0.00121884  -0.0059792  0.00862703
-0.00121884           0   0.0152408  0.00204219
  0.0059792  -0.0152408           0  -0.0130299
-0.00862703 -0.00204219   0.0130299           0
Repeater1[0]<--->HoM1[0]
REAL
   0.441802  -0.0274074  0.00778674    0.252005
 -0.0274074   0.0400501  0.00385696 -0.00295915
 0.00778674  0.00385696    0.068836   0.0115453
   0.252005 -0.00295915   0.0115453    0.449312
IMAGINARY
           0   0.00542912     -0.01436  0.000862212
 -0.00542912            0    0.0148216  -0.00909682
     0.01436   -0.0148216            0  0.000743716
-0.000862212   0.00909682 -0.000743716            0
EndNode1[0]<--->Repeater1[0]
REAL
  0.455758 -0.0177332  -0.031539   0.260788
-0.0177332  0.0618182 0.00291916  0.0328445
 -0.031539 0.00291916  0.0642424  0.0203442
  0.260788  0.0328445  0.0203442   0.418182
IMAGINARY
           0   -0.0091522 -0.000354375   0.00900538
   0.0091522            0   0.00475609   -0.0141735
 0.000354375  -0.00475609            0    0.0067309
 -0.00900538    0.0141735   -0.0067309            0
EndNode2[0]<--->HoM1[0]
REAL
   0.435696 -0.00784948   0.0158048    0.248528
-0.00784948   0.0524934 -0.00646493   0.0106502
  0.0158048 -0.00646493   0.0643045   0.0250453
   0.248528   0.0106502   0.0250453    0.447507
IMAGINARY
           0  -0.00334611 -0.000553969   0.00521309
  0.00334611            0   -0.0102764      0.01853
 0.000553969    0.0102764            0   -0.0119668
 -0.00521309     -0.01853    0.0119668            0
Repeater1[0]<--->EndNode1[0]
REAL
  0.455758  -0.031539 -0.0177332   0.260788
 -0.031539  0.0642424 0.00291916  0.0203442
-0.0177332 0.00291916  0.0618182  0.0328445
  0.260788  0.0203442  0.0328445   0.418182
IMAGINARY
           0 -0.000354375   -0.0091522   0.00900538
 0.000354375            0  -0.00475609    0.0067309
   0.0091522   0.00475609            0   -0.0141735
 -0.00900538   -0.0067309    0.0141735            0
Repeater1[0]<--->HoM1[0]
REAL
   0.435696   0.0158048 -0.00784948    0.248528
  0.0158048   0.0643045 -0.00646493   0.0250453
-0.00784948 -0.00646493   0.0524934   0.0106502
   0.248528   0.0250453   0.0106502    0.447507
IMAGINARY
           0 -0.000553969  -0.00334611   0.00521309
 0.000553969            0    0.0102764   -0.0119668
  0.00334611   -0.0102764            0      0.01853
 -0.00521309    0.0119668     -0.01853            0
EndNode1[0]<--->Repeater1[0]
REAL
  0.444145 0.00380098 -0.0133213   0.249003
0.00380098  0.0632571  0.0102071  0.0146371
-0.0133213  0.0102071  0.0726783  0.0251464
  0.249003  0.0146371  0.0251464   0.419919
IMAGINARY
          0 -0.00849895  -0.0111026  0.00978647
 0.00849895           0  -0.0156827  0.00534076
  0.0111026   0.0156827           0  0.00401752
-0.00978647 -0.00534076 -0.00401752           0
EndNode2[0]<--->HoM1[0]
REAL
    0.43949  -0.0159149   0.0135698     0.24761
 -0.0159149   0.0535032 -0.00571501  0.00638029
  0.0135698 -0.00571501   0.0636943   0.0196556
    0.24761  0.00638029   0.0196556    0.443312
IMAGINARY
          0    0.017947  -0.0268299  0.00716976
  -0.017947           0   0.0116859   0.0020415
  0.0268299  -0.0116859           0 -0.00283217
-0.00716976  -0.0020415  0.00283217           0
Repeater1[0]<--->EndNode1[0]
REAL
  0.444145 -0.0133213 0.00380098   0.249003
-0.0133213  0.0726783  0.0102071  0.0251464
0.00380098  0.0102071  0.0632571  0.0146371
  0.249003  0.0251464  0.0146371   0.419919
IMAGINARY
          0  -0.0111026 -0.00849895  0.00978647
  0.0111026           0   0.0156827  0.00401752
 0.00849895  -0.0156827           0  0.00534076
-0.00978647 -0.00401752 -0.00534076           0
Repeater1[0]<--->HoM1[0]
REAL
    0.43949   0.0135698  -0.0159149     0.24761
  0.0135698   0.0636943 -0.00571501   0.0196556
 -0.0159149 -0.00571501   0.0535032  0.00638029
    0.24761   0.0196556  0.00638029    0.443312
IMAGINARY
          0  -0.0268299    0.017947  0.00716976
  0.0268299           0  -0.0116859 -0.00283217
  -0.017947   0.0116859           0   0.0020415
-0.00716976  0.00283217  -0.0020415           0
EndNode1[0]<--->Repeater1[0]
REAL
   0.451264  -0.0116617  -0.0228531    0.258433
 -0.0116617   0.0493381  0.00411741 -0.00224868
 -0.0228531  0.00411741   0.0697954  -0.0310792
   0.258433 -0.00224868  -0.0310792    0.429603
IMAGINARY
          0   0.0233926   0.0136933  0.00538373
 -0.0233926           0   0.0157622 -0.00771724
 -0.0136933  -0.0157622           0 -0.00413625
-0.00538373  0.00771724  0.00413625           0
EndNode2[0]<--->HoM1[0]
REAL
   0.448928   0.0213386 -0.00500725    0.239508
  0.0213386   0.0529634  0.00685971 -0.00886329
-0.00500725  0.00685971   0.0529634  -0.0219991
   0.239508 -0.00886329  -0.0219991    0.445145
IMAGINARY
          0  0.00736434   0.0147947   -0.020159
-0.00736434           0   0.0334569  0.00448546
 -0.0147947  -0.0334569           0  0.00420378
   0.020159 -0.00448546 -0.00420378           0
Repeater1[0]<--->EndNode1[0]
REAL
   0.451264  -0.0228531  -0.0116617    0.258433
 -0.0228531   0.0697954  0.00411741  -0.0310792
 -0.0116617  0.00411741   0.0493381 -0.00224868
   0.258433  -0.0310792 -0.00224868    0.429603
IMAGINARY
          0   0.0136933   0.0233926  0.00538373
 -0.0136933           0  -0.0157622 -0.00413625
 -0.0233926   0.0157622           0 -0.00771724
-0.00538373  0.00413625  0.00771724           0
Repeater1[0]<--->HoM1[0]
REAL
   0.448928 -0.00500725   0.0213386    0.239508
-0.00500725   0.0529634  0.00685971  -0.0219991
  0.0213386  0.00685971   0.0529634 -0.00886329
   0.239508  -0.0219991 -0.00886329    0.445145
IMAGINARY
          0   0.0147947  0.00736434   -0.020159
 -0.0147947           0  -0.0334569  0.00420378
-0.00736434   0.0334569           0  0.00448546
   0.020159 -0.00420378 -0.00448546           0
EndNode1[0]<--->Repeater1[0]
REAL
    0.401351   0.00262817    0.0125883     0.244879
  0.00262817    0.0635135    0.0239777 -0.000422851
   0.0125883    0.0239777    0.0675676    0.0168366
    0.244879 -0.000422851    0.0168366     0.467568
IMAGINARY
          0  -0.0201338  0.00310973  -0.0129608
  0.0201338           0 -0.00855824  0.00502544
-0.00310973  0.00855824           0 -0.00427172
  0.0129608 -0.00502544  0.00427172           0
EndNode2[0]<--->HoM1[0]
REAL
   0.410323  0.00159475  -0.0207751    0.261298
 0.00159475   0.0632258 -0.00745192   0.0284674
 -0.0207751 -0.00745192   0.0735484   0.0137899
   0.261298   0.0284674   0.0137899    0.452903
IMAGINARY
          0  -0.0107168 -0.00373395  -0.0172627
  0.0107168           0  -0.0115593   -0.028766
 0.00373395   0.0115593           0  0.00196679
  0.0172627    0.028766 -0.00196679           0
Repeater1[0]<--->EndNode1[0]
REAL
    0.401351    0.0125883   0.00262817     0.244879
   0.0125883    0.0675676    0.0239777    0.0168366
  0.00262817    0.0239777    0.0635135 -0.000422851
    0.244879    0.0168366 -0.000422851     0.467568
IMAGINARY
          0  0.00310973  -0.0201338  -0.0129608
-0.00310973           0  0.00855824 -0.00427172
  0.0201338 -0.00855824           0  0.00502544
  0.0129608  0.00427172 -0.00502544           0
Repeater1[0]<--->HoM1[0]
REAL
   0.410323  -0.0207751  0.00159475    0.261298
 -0.0207751   0.0735484 -0.00745192   0.0137899
 0.00159475 -0.00745192   0.0632258   0.0284674
   0.261298   0.0137899   0.0284674    0.452903
IMAGINARY
          0 -0.00373395  -0.0107168  -0.0172627
 0.00373395           0   0.0115593  0.00196679
  0.0107168  -0.0115593           0   -0.028766
  0.0172627 -0.00196679    0.028766           0
EndNode1[0]<--->Repeater1[0]
REAL
   0.441065 -0.00215705  -0.0211382    0.270321
-0.00215705   0.0697085 -0.00186084   0.0029905
 -0.0211382 -0.00186084   0.0506971 -0.00973281
   0.270321   0.0029905 -0.00973281     0.43853
IMAGINARY
          0  -0.0133877   0.0016883   0.0121806
  0.0133877           0  0.00415924   0.0150983
 -0.0016883 -0.00415924           0  0.00139727
 -0.0121806  -0.0150983 -0.00139727           0
EndNode2[0]<--->HoM1[0]
REAL
   0.421409  0.00248139  -0.0120259    0.231836
 0.00248139   0.0569106  0.00832163  -0.0194701
 -0.0120259  0.00832163   0.0731707 -0.00248139
   0.231836  -0.0194701 -0.00248139    0.448509
IMAGINARY
         0  0.0196067 -0.0304203 -0.0199683
-0.0196067          0  -0.015936 -0.0109234
 0.0304203   0.015936          0   0.016569
 0.0199683  0.0109234  -0.016569          0
Repeater1[0]<--->EndNode1[0]
REAL
   0.441065  -0.0211382 -0.00215705    0.270321
 -0.0211382   0.0506971 -0.00186084 -0.00973281
-0.00215705 -0.00186084   0.0697085   0.0029905
   0.270321 -0.00973281   0.0029905     0.43853
IMAGINARY
          0   0.0016883  -0.0133877   0.0121806
 -0.0016883           0 -0.00415924  0.00139727
  0.0133877  0.00415924           0   0.0150983
 -0.0121806 -0.00139727  -0.0150983           0
Repeater1[0]<--->HoM1[0]
REAL
   0.421409  -0.0120259  0.00248139    0.231836
 -0.0120259   0.0731707  0.00832163 -0.00248139
 0.00248139  0.00832163   0.0569106  -0.0194701
   0.231836 -0.00248139  -0.0194701    0.448509
IMAGINARY
         0 -0.0304203  0.0196067 -0.0199683
 0.0304203          0   0.015936   0.016569
-0.0196067  -0.015936          0 -0.0109234
 0.0199683  -0.016569  0.0109234          0
EndNode1[0]<--->Repeater1[0]
REAL
   0.427136  -0.0140067  -0.0251953    0.216887
 -0.0140067   0.0565327  -0.0293056  0.00362671
 -0.0251953  -0.0293056   0.0565327 -0.00625475
   0.216887  0.00362671 -0.00625475    0.459799
IMAGINARY
           0  0.000323415   0.00730623 -0.000151717
-0.000323415            0    0.0128353  -0.00730623
 -0.00730623   -0.0128353            0 -0.000323415
 0.000151717   0.00730623  0.000323415            0
EndNode2[0]<--->HoM1[0]
REAL
   0.403162 -0.00430706 -0.00206458    0.242129
-0.00430706    0.055336 -0.00230125  -0.0158146
-0.00206458 -0.00230125   0.0540184 -0.00494078
   0.242129  -0.0158146 -0.00494078    0.487484
IMAGINARY
          0 -0.00512369  -0.0124793  0.00849077
 0.00512369           0 -0.00118665  0.00920273
  0.0124793  0.00118665           0  0.00184715
-0.00849077 -0.00920273 -0.00184715           0
Repeater1[0]<--->EndNode1[0]
REAL
   0.427136  -0.0251953  -0.0140067    0.216887
 -0.0251953   0.0565327  -0.0293056 -0.00625475
 -0.0140067  -0.0293056   0.0565327  0.00362671
   0.216887 -0.00625475  0.00362671    0.459799
IMAGINARY
           0   0.00730623  0.000323415 -0.000151717
 -0.00730623            0   -0.0128353 -0.000323415
-0.000323415    0.0128353            0  -0.00730623
 0.000151717  0.000323415   0.00730623            0
Repeater1[0]<--->HoM1[0]
REAL
   0.403162 -0.00206458 -0.00430706    0.242129
-0.00206458   0.0540184 -0.00230125 -0.00494078
-0.00430706 -0.00230125    0.055336  -0.0158146
   0.242129 -0.00494078  -0.0158146    0.487484
IMAGINARY
          0  -0.0124793 -0.00512369  0.00849077
  0.0124793           0  0.00118665  0.00184715
 0.00512369 -0.00118665           0  0.00920273
-0.00849077 -0.00184715 -0.00920273           0
EndNode1[0]<--->Repeater1[0]
REAL
    0.453046   0.00297092    0.0172749     0.234944
  0.00297092    0.0621827 -0.000277504   0.00139178
   0.0172749 -0.000277504    0.0609137    0.0116957
    0.234944   0.00139178    0.0116957     0.423858
IMAGINARY
          0 -0.00459331   0.0140904  0.00274552
 0.00459331           0  -0.0117199  0.00315093
 -0.0140904   0.0117199           0  -0.0163427
-0.00274552 -0.00315093   0.0163427           0
EndNode2[0]<--->HoM1[0]
REAL
   0.463508 -0.00671861 -0.00521776    0.255742
-0.00671861   0.0601793   0.0202581 -0.00144891
-0.00521776   0.0202581   0.0614597  -0.0106147
   0.255742 -0.00144891  -0.0106147    0.414853
IMAGINARY
          0   0.0146251  -0.0199798  -0.0170877
 -0.0146251           0  -0.0114837  0.00127016
  0.0199798   0.0114837           0   0.0311814
  0.0170877 -0.00127016  -0.0311814           0
Repeater1[0]<--->EndNode1[0]
REAL
    0.453046    0.0172749   0.00297092     0.234944
   0.0172749    0.0609137 -0.000277504    0.0116957
  0.00297092 -0.000277504    0.0621827   0.00139178
    0.234944    0.0116957   0.00139178     0.423858
IMAGINARY
          0   0.0140904 -0.00459331  0.00274552
 -0.0140904           0   0.0117199  -0.0163427
 0.00459331  -0.0117199           0  0.00315093
-0.00274552   0.0163427 -0.00315093           0
Repeater1[0]<--->HoM1[0]
REAL
   0.463508 -0.00521776 -0.00671861    0.255742
-0.00521776   0.0614597   0.0202581  -0.0106147
-0.00671861   0.0202581   0.0601793 -0.00144891
   0.255742  -0.0106147 -0.00144891    0.414853
IMAGINARY
          0  -0.0199798   0.0146251  -0.0170877
  0.0199798           0   0.0114837   0.0311814
 -0.0146251  -0.0114837           0  0.00127016
  0.0170877  -0.0311814 -0.00127016           0
EndNode1[0]<--->Repeater1[0]
REAL
   0.437166   0.0273526   0.0116106    0.234518
  0.0273526   0.0548128  0.00933676  0.00326654
  0.0116106  0.00933676   0.0574866 -0.00730086
   0.234518  0.00326654 -0.00730086    0.450535
IMAGINARY
          0   -0.012661   0.0128375   -0.024403
   0.012661           0  0.00979055   0.0222715
 -0.0128375 -0.00979055           0  -0.0139734
   0.024403  -0.0222715   0.0139734           0
EndNode2[0]<--->HoM1[0]
REAL
  0.478655 0.00420537 0.00761276    0.23943
0.00420537  0.0633894 0.00174669  0.0296421
0.00761276 0.00174669  0.0659767  0.0173633
   0.23943  0.0296421  0.0173633   0.391979
IMAGINARY
          0  -0.0189638   0.0101337   0.0196186
  0.0189638           0  0.00299451 -0.00680481
 -0.0101337 -0.00299451           0   0.0009878
 -0.0196186  0.00680481  -0.0009878           0
Repeater1[0]<--->EndNode1[0]
REAL
   0.437166   0.0116106   0.0273526    0.234518
  0.0116106   0.0574866  0.00933676 -0.00730086
  0.0273526  0.00933676   0.0548128  0.00326654
   0.234518 -0.00730086  0.00326654    0.450535
IMAGINARY
          0   0.0128375   -0.012661   -0.024403
 -0.0128375           0 -0.00979055  -0.0139734
   0.012661  0.00979055           0   0.0222715
   0.024403   0.0139734  -0.0222715           0
Repeater1[0]<--->HoM1[0]
REAL
  0.478655 0.00761276 0.00420537    0.23943
0.00761276  0.0659767 0.00174669  0.0173633
0.00420537 0.00174669  0.0633894  0.0296421
   0.23943  0.0173633  0.0296421   0.391979
IMAGINARY
          0   0.0101337  -0.0189638   0.0196186
 -0.0101337           0 -0.00299451   0.0009878
  0.0189638  0.00299451           0 -0.00680481
 -0.0196186  -0.0009878  0.00680481           0
EndNode1[0]<--->Repeater1[0]
REAL
   0.411765  0.00122677  -0.0181773     0.26178
 0.00122677   0.0638298  0.00043095   0.0014678
 -0.0181773  0.00043095   0.0650814 -0.00636816
    0.26178   0.0014678 -0.00636816    0.459324
IMAGINARY
           0   0.00922313  -0.00282319   -0.0250975
 -0.00922313            0   0.00478297 -0.000419348
  0.00282319  -0.00478297            0   0.00439555
   0.0250975  0.000419348  -0.00439555            0
EndNode2[0]<--->HoM1[0]
REAL
   0.425033 0.000399613  0.00128611    0.252255
0.000399613    0.041721   0.0019492  0.00712269
 0.00128611   0.0019492   0.0573664  -0.0126894
   0.252255  0.00712269  -0.0126894     0.47588
IMAGINARY
          0  0.00734394   0.0116279 -0.00203022
-0.00734394           0  0.00268041  0.00734394
 -0.0116279 -0.00268041           0  -0.0189718
 0.00203022 -0.00734394   0.0189718           0
Repeater1[0]<--->EndNode1[0]
REAL
   0.411765  -0.0181773  0.00122677     0.26178
 -0.0181773   0.0650814  0.00043095 -0.00636816
 0.00122677  0.00043095   0.0638298   0.0014678
    0.26178 -0.00636816   0.0014678    0.459324
IMAGINARY
           0  -0.00282319   0.00922313   -0.0250975
  0.00282319            0  -0.00478297   0.00439555
 -0.00922313   0.00478297            0 -0.000419348
   0.0250975  -0.00439555  0.000419348            0
Repeater1[0]<--->HoM1[0]
REAL
   0.425033  0.00128611 0.000399613    0.252255
 0.00128611   0.0573664   0.0019492  -0.0126894
0.000399613   0.0019492    0.041721  0.00712269
   0.252255  -0.0126894  0.00712269     0.47588
IMAGINARY
          0   0.0116279  0.00734394 -0.00203022
 -0.0116279           0 -0.00268041  -0.0189718
-0.00734394  0.00268041           0  0.00734394
 0.00203022   0.0189718 -0.00734394           0
EndNode1[0]<--->Repeater1[0]
REAL
       0.45 -0.00973198  0.00824035    0.242449
-0.00973198        0.05 -0.00525181  -0.0405854
 0.00824035 -0.00525181       0.065  -0.0158745
   0.242449  -0.0405854  -0.0158745       0.435
IMAGINARY
          0  0.00694189  0.00250851  -0.0229257
-0.00694189           0 -0.00863997  -0.0202483
-0.00250851  0.00863997           0   0.0107979
  0.0229257   0.0202483  -0.0107979           0
EndNode2[0]<--->HoM1[0]
REAL
   0.438802 -0.00616316  0.00821239    0.231353
