EndNode1[0]<--->Repeater1[0]
REAL
     0.41133   -0.0222334  -0.00469724     0.391808
  -0.0222334    0.0418719    0.0140604 -0.000192736
 -0.00469724    0.0140604    0.0455665    0.0161209
    0.391808 -0.000192736    0.0161209     0.501232
IMAGINARY
          0  0.00666802  -0.0223402   0.0119847
-0.00666802           0 -0.00611768   0.0127248
  0.0223402  0.00611768           0     0.01531
 -0.0119847  -0.0127248    -0.01531           0
EndNode2[0]<--->HoM1[0]
REAL
   0.422136 -0.00630964  0.00371732    0.398872
-0.00630964   0.0553411   0.0137107 -0.00702857
 0.00371732   0.0137107   0.0669241  -0.0102466
   0.398872 -0.00702857  -0.0102466    0.455598
IMAGINARY
          0   0.0106811 -0.00864792  0.00775787
 -0.0106811           0  -0.0180407 -0.00361014
 0.00864792   0.0180407           0  0.00802858
-0.00775787  0.00361014 -0.00802858           0
Repeater1[0]<--->EndNode1[0]
REAL
     0.41133  -0.00469724   -0.0222334     0.391808
 -0.00469724    0.0455665    0.0140604    0.0161209
  -0.0222334    0.0140604    0.0418719 -0.000192736
    0.391808    0.0161209 -0.000192736     0.501232
IMAGINARY
          0  -0.0223402  0.00666802   0.0119847
  0.0223402           0  0.00611768     0.01531
-0.00666802 -0.00611768           0   0.0127248
 -0.0119847    -0.01531  -0.0127248           0
Repeater1[0]<--->HoM1[0]
REAL
   0.422136  0.00371732 -0.00630964    0.398872
 0.00371732   0.0669241   0.0137107  -0.0102466
-0.00630964   0.0137107   0.0553411 -0.00702857
   0.398872  -0.0102466 -0.00702857    0.455598
IMAGINARY
          0 -0.00864792   0.0106811  0.00775787
 0.00864792           0   0.0180407  0.00802858
 -0.0106811  -0.0180407           0 -0.00361014
-0.00775787 -0.00802858  0.00361014           0
EndNode1[0]<--->Repeater1[0]
REAL
   0.453595  -0.0194871 -0.00750424    0.382924
 -0.0194871    0.048366   0.0287282 -0.00209883
-0.00750424   0.0287282    0.048366 0.000921111
   0.382924 -0.00209883 0.000921111    0.449673
IMAGINARY
          0  -0.0162219   0.0264464    -0.01037
  0.0162219           0 -0.00285118   0.0155069
 -0.0264464  0.00285118           0  -0.0174782
    0.01037  -0.0155069   0.0174782           0
EndNode2[0]<--->HoM1[0]
REAL
  0.456468  0.0219745 0.00770563   0.400022
 0.0219745   0.068408  0.0186446 -0.0143723
0.00770563  0.0186446  0.0435323 -0.0246411
  0.400022 -0.0143723 -0.0246411   0.431592
IMAGINARY
           0 -0.000674581   -0.0143753    0.0115227
 0.000674581            0   0.00647218  -0.00858384
   0.0143753  -0.00647218            0   0.00195009
  -0.0115227   0.00858384  -0.00195009            0
Repeater1[0]<--->EndNode1[0]
REAL
   0.453595 -0.00750424  -0.0194871    0.382924
-0.00750424    0.048366   0.0287282 0.000921111
 -0.0194871   0.0287282    0.048366 -0.00209883
   0.382924 0.000921111 -0.00209883    0.449673
IMAGINARY
          0   0.0264464  -0.0162219    -0.01037
 -0.0264464           0  0.00285118  -0.0174782
  0.0162219 -0.00285118           0   0.0155069
    0.01037   0.0174782  -0.0155069           0
Repeater1[0]<--->HoM1[0]
REAL
  0.456468 0.00770563  0.0219745   0.400022
0.00770563  0.0435323  0.0186446 -0.0246411
 0.0219745  0.0186446   0.068408 -0.0143723
  0.400022 -0.0246411 -0.0143723   0.431592
IMAGINARY
           0   -0.0143753 -0.000674581    0.0115227
   0.0143753            0  -0.00647218   0.00195009
 0.000674581   0.00647218            0  -0.00858384
  -0.0115227  -0.00195009   0.00858384            0
EndNode1[0]<--->Repeater1[0]
REAL
   0.452903  0.00779098 -0.00671006     0.40033
 0.00779098   0.0516129   0.0171958  0.00284408
-0.00671006   0.0171958   0.0503226   -0.011657
    0.40033  0.00284408   -0.011657    0.445161
IMAGINARY
          0  -0.0165954 -0.00223447  0.00214184
  0.0165954           0  -0.0173736   0.0121946
 0.00223447   0.0173736           0 -0.00133289
-0.00214184  -0.0121946  0.00133289           0
EndNode2[0]<--->HoM1[0]
REAL
     0.44591  0.000963241  -0.00357729     0.401329
 0.000963241     0.060686   0.00834014 -0.000239505
 -0.00357729   0.00834014    0.0540897   0.00158129
    0.401329 -0.000239505   0.00158129     0.439314
IMAGINARY
         0    0.03445 -0.0318213 -0.0097318
  -0.03445          0 -0.0162422  0.0225962
 0.0318213  0.0162422          0 -0.0190748
 0.0097318 -0.0225962  0.0190748          0
Repeater1[0]<--->EndNode1[0]
REAL
   0.452903 -0.00671006  0.00779098     0.40033
-0.00671006   0.0503226   0.0171958   -0.011657
 0.00779098   0.0171958   0.0516129  0.00284408
    0.40033   -0.011657  0.00284408    0.445161
IMAGINARY
          0 -0.00223447  -0.0165954  0.00214184
 0.00223447           0   0.0173736 -0.00133289
  0.0165954  -0.0173736           0   0.0121946
-0.00214184  0.00133289  -0.0121946           0
Repeater1[0]<--->HoM1[0]
REAL
     0.44591  -0.00357729  0.000963241     0.401329
 -0.00357729    0.0540897   0.00834014   0.00158129
 0.000963241   0.00834014     0.060686 -0.000239505
    0.401329   0.00158129 -0.000239505     0.439314
IMAGINARY
         0 -0.0318213    0.03445 -0.0097318
 0.0318213          0  0.0162422 -0.0190748
  -0.03445 -0.0162422          0  0.0225962
 0.0097318  0.0190748 -0.0225962          0
EndNode1[0]<--->Repeater1[0]
REAL
   0.437262  -0.0120275  -0.0107114    0.397133
 -0.0120275   0.0608365  0.00348825   0.0138169
 -0.0107114  0.00348825    0.035488 -0.00474271
   0.397133   0.0138169 -0.00474271    0.466413
IMAGINARY
          0 -0.00686311   0.0204337  -0.0237853
 0.00686311           0 -0.00287272  0.00226411
 -0.0204337  0.00287272           0  -0.0132407
  0.0237853 -0.00226411   0.0132407           0
EndNode2[0]<--->HoM1[0]
REAL
    0.413835 -0.000897058  -0.00497523     0.391908
-0.000897058    0.0691748    0.0242038  -0.00367989
 -0.00497523    0.0242038    0.0449029   -0.0117527
    0.391908  -0.00367989   -0.0117527     0.472087
IMAGINARY
          0   0.0129548  -0.0090184  0.00509121
 -0.0129548           0  0.00447163  -0.0058973
  0.0090184 -0.00447163           0   0.0149311
-0.00509121   0.0058973  -0.0149311           0
Repeater1[0]<--->EndNode1[0]
REAL
   0.437262  -0.0107114  -0.0120275    0.397133
 -0.0107114    0.035488  0.00348825 -0.00474271
 -0.0120275  0.00348825   0.0608365   0.0138169
   0.397133 -0.00474271   0.0138169    0.466413
IMAGINARY
          0   0.0204337 -0.00686311  -0.0237853
 -0.0204337           0  0.00287272  -0.0132407
 0.00686311 -0.00287272           0  0.00226411
  0.0237853   0.0132407 -0.00226411           0
Repeater1[0]<--->HoM1[0]
REAL
    0.413835  -0.00497523 -0.000897058     0.391908
 -0.00497523    0.0449029    0.0242038   -0.0117527
-0.000897058    0.0242038    0.0691748  -0.00367989
    0.391908   -0.0117527  -0.00367989     0.472087
IMAGINARY
          0  -0.0090184   0.0129548  0.00509121
  0.0090184           0 -0.00447163   0.0149311
 -0.0129548  0.00447163           0  -0.0058973
-0.00509121  -0.0149311   0.0058973           0
EndNode1[0]<--->Repeater1[0]
REAL
   0.497389  0.00845223  -0.0156922    0.389637
 0.00845223   0.0417755   0.0175145  0.00377251
 -0.0156922   0.0175145     0.04047 -0.00280605
   0.389637  0.00377251 -0.00280605    0.420366
IMAGINARY
           0   -0.0160971  -0.00323658  0.000325674
   0.0160971            0    0.0144196   0.00451536
  0.00323658   -0.0144196            0  -0.00564201
-0.000325674  -0.00451536   0.00564201            0
EndNode2[0]<--->HoM1[0]
REAL
   0.443709  -0.0267735  -0.0087502    0.390761
 -0.0267735   0.0476821  0.00242984  -0.0106089
 -0.0087502  0.00242984   0.0410596 -0.00326653
   0.390761  -0.0106089 -0.00326653     0.46755
IMAGINARY
           0    0.0100196   0.00161916   -0.0158308
  -0.0100196            0    0.0126461 -0.000991807
 -0.00161916   -0.0126461            0  -0.00437341
   0.0158308  0.000991807   0.00437341            0
Repeater1[0]<--->EndNode1[0]
REAL
   0.497389  -0.0156922  0.00845223    0.389637
 -0.0156922     0.04047   0.0175145 -0.00280605
 0.00845223   0.0175145   0.0417755  0.00377251
   0.389637 -0.00280605  0.00377251    0.420366
IMAGINARY
           0  -0.00323658   -0.0160971  0.000325674
  0.00323658            0   -0.0144196  -0.00564201
   0.0160971    0.0144196            0   0.00451536
-0.000325674   0.00564201  -0.00451536            0
Repeater1[0]<--->HoM1[0]
REAL
   0.443709  -0.0087502  -0.0267735    0.390761
 -0.0087502   0.0410596  0.00242984 -0.00326653
 -0.0267735  0.00242984   0.0476821  -0.0106089
   0.390761 -0.00326653  -0.0106089     0.46755
IMAGINARY
           0   0.00161916    0.0100196   -0.0158308
 -0.00161916            0   -0.0126461  -0.00437341
  -0.0100196    0.0126461            0 -0.000991807
   0.0158308   0.00437341  0.000991807            0
EndNode1[0]<--->Repeater1[0]
REAL
    0.449495 -0.000483146   -0.0151552     0.403204
-0.000483146    0.0656566    0.0272548  0.000551595
  -0.0151552    0.0272548    0.0568182   -0.0113388
    0.403204  0.000551595   -0.0113388      0.42803
IMAGINARY
          0   0.0123084  -0.0121672 -0.00251889
 -0.0123084           0  0.00251889 -0.00428845
  0.0121672 -0.00251889           0  0.00921055
 0.00251889  0.00428845 -0.00921055           0
EndNode2[0]<--->HoM1[0]
REAL
     0.44335   0.00515315 -4.59528e-05     0.390847
  0.00515315    0.0492611    0.0172137    0.0013054
-4.59528e-05    0.0172137    0.0431034   -0.0177476
    0.390847    0.0013054   -0.0177476     0.464286
IMAGINARY
          0  0.00764173  0.00849675  0.00745812
-0.00764173           0  0.00413806 -0.00910429
-0.00849675 -0.00413806           0  0.00511647
-0.00745812  0.00910429 -0.00511647           0
Repeater1[0]<--->EndNode1[0]
REAL
    0.449495   -0.0151552 -0.000483146     0.403204
  -0.0151552    0.0568182    0.0272548   -0.0113388
-0.000483146    0.0272548    0.0656566  0.000551595
    0.403204   -0.0113388  0.000551595      0.42803
IMAGINARY
          0  -0.0121672   0.0123084 -0.00251889
  0.0121672           0 -0.00251889  0.00921055
 -0.0123084  0.00251889           0 -0.00428845
 0.00251889 -0.00921055  0.00428845           0
Repeater1[0]<--->HoM1[0]
REAL
     0.44335 -4.59528e-05   0.00515315     0.390847
-4.59528e-05    0.0431034    0.0172137   -0.0177476
  0.00515315    0.0172137    0.0492611    0.0013054
    0.390847   -0.0177476    0.0013054     0.464286
IMAGINARY
          0  0.00849675  0.00764173  0.00745812
-0.00849675           0 -0.00413806  0.00511647
-0.00764173  0.00413806           0 -0.00910429
-0.00745812 -0.00511647  0.00910429           0
EndNode1[0]<--->Repeater1[0]
REAL
  0.476071 -0.0189594 0.00151534   0.387471
-0.0189594  0.0403023 0.00679653 -0.0174389
0.00151534 0.00679653  0.0617128 -0.0135246
  0.387471 -0.0174389 -0.0135246   0.421914
IMAGINARY
           0    0.0020849   0.00233328    0.0182219
  -0.0020849            0  0.000765491    -0.017249
 -0.00233328 -0.000765491            0    0.0128308
  -0.0182219     0.017249   -0.0128308            0
EndNode2[0]<--->HoM1[0]
REAL
   0.461942 0.000920583   0.0127961    0.392139
0.000920583   0.0341207   0.0229676  0.00780319
  0.0127961   0.0229676   0.0498688   0.0196787
   0.392139  0.00780319   0.0196787    0.454068
IMAGINARY
          0  -0.0272249  0.00834238   0.0107622
  0.0272249           0   0.0205661   0.0149737
-0.00834238  -0.0205661           0  -0.0181119
 -0.0107622  -0.0149737   0.0181119           0
Repeater1[0]<--->EndNode1[0]
REAL
  0.476071 0.00151534 -0.0189594   0.387471
0.00151534  0.0617128 0.00679653 -0.0135246
-0.0189594 0.00679653  0.0403023 -0.0174389
  0.387471 -0.0135246 -0.0174389   0.421914
IMAGINARY
           0   0.00233328    0.0020849    0.0182219
 -0.00233328            0 -0.000765491    0.0128308
  -0.0020849  0.000765491            0    -0.017249
  -0.0182219   -0.0128308     0.017249            0
Repeater1[0]<--->HoM1[0]
REAL
   0.461942   0.0127961 0.000920583    0.392139
  0.0127961   0.0498688   0.0229676   0.0196787
0.000920583   0.0229676   0.0341207  0.00780319
   0.392139   0.0196787  0.00780319    0.454068
IMAGINARY
          0  0.00834238  -0.0272249   0.0107622
-0.00834238           0  -0.0205661  -0.0181119
  0.0272249   0.0205661           0   0.0149737
 -0.0107622   0.0181119  -0.0149737           0
EndNode1[0]<--->Repeater1[0]
REAL
   0.45746  0.0232026 0.00826066   0.395757
 0.0232026  0.0616523  0.0171755 0.00134242
0.00826066  0.0171755  0.0406905 -0.0135995
  0.395757 0.00134242 -0.0135995   0.440197
IMAGINARY
           0    0.0024584   0.00979511  -0.00703556
  -0.0024584            0   0.00768915  0.000436817
 -0.00979511  -0.00768915            0   -0.0113261
  0.00703556 -0.000436817    0.0113261            0
EndNode2[0]<--->HoM1[0]
REAL
  0.455346  0.0164269  0.0103907   0.409829
 0.0164269  0.0553459  0.0256977  0.0198724
 0.0103907  0.0256977  0.0415094 0.00462569
  0.409829  0.0198724 0.00462569   0.447799
IMAGINARY
           0    0.0202181  -0.00934877   0.00510275
  -0.0202181            0   0.00985173  0.000532651
  0.00934877  -0.00985173            0  -0.00636419
 -0.00510275 -0.000532651   0.00636419            0
Repeater1[0]<--->EndNode1[0]
REAL
   0.45746 0.00826066  0.0232026   0.395757
0.00826066  0.0406905  0.0171755 -0.0135995
 0.0232026  0.0171755  0.0616523 0.00134242
  0.395757 -0.0135995 0.00134242   0.440197
IMAGINARY
           0   0.00979511    0.0024584  -0.00703556
 -0.00979511            0  -0.00768915   -0.0113261
  -0.0024584   0.00768915            0  0.000436817
  0.00703556    0.0113261 -0.000436817            0
Repeater1[0]<--->HoM1[0]
REAL
  0.455346  0.0103907  0.0164269   0.409829
 0.0103907  0.0415094  0.0256977 0.00462569
 0.0164269  0.0256977  0.0553459  0.0198724
  0.409829 0.00462569  0.0198724   0.447799
IMAGINARY
           0  -0.00934877    0.0202181   0.00510275
  0.00934877            0  -0.00985173  -0.00636419
  -0.0202181   0.00985173            0  0.000532651
 -0.00510275   0.00636419 -0.000532651            0
EndNode1[0]<--->Repeater1[0]
REAL
   0.441362  -0.0148221 -0.00909975    0.381371
 -0.0148221   0.0403531    0.017025  0.00375215
-0.00909975    0.017025   0.0643127  0.00947454
   0.381371  0.00375215  0.00947454    0.453972
IMAGINARY
           0  2.55916e-05  -0.00226398   -0.0157823
-2.55916e-05            0   -0.0280774   0.00286422
  0.00226398    0.0280774            0   0.00777753
   0.0157823  -0.00286422  -0.00777753            0
EndNode2[0]<--->HoM1[0]
REAL
   0.421446 -0.00690608   -0.014462    0.383401
-0.00690608   0.0448878   0.0188444 -0.00865556
  -0.014462   0.0188444   0.0673317 -0.00564346
   0.383401 -0.00865556 -0.00564346    0.466334
IMAGINARY
          0  -0.0188668  0.00631633    0.011408
  0.0188668           0   0.0223758 -0.00378468
-0.00631633  -0.0223758           0  0.00494274
  -0.011408  0.00378468 -0.00494274           0
Repeater1[0]<--->EndNode1[0]
REAL
   0.441362 -0.00909975  -0.0148221    0.381371
-0.00909975   0.0643127    0.017025  0.00947454
 -0.0148221    0.017025   0.0403531  0.00375215
   0.381371  0.00947454  0.00375215    0.453972
IMAGINARY
           0  -0.00226398  2.55916e-05   -0.0157823
  0.00226398            0    0.0280774   0.00777753
-2.55916e-05   -0.0280774            0   0.00286422
   0.0157823  -0.00777753  -0.00286422            0
Repeater1[0]<--->HoM1[0]
REAL
   0.421446   -0.014462 -0.00690608    0.383401
  -0.014462   0.0673317   0.0188444 -0.00564346
-0.00690608   0.0188444   0.0448878 -0.00865556
   0.383401 -0.00564346 -0.00865556    0.466334
IMAGINARY
          0  0.00631633  -0.0188668    0.011408
-0.00631633           0  -0.0223758  0.00494274
  0.0188668   0.0223758           0 -0.00378468
  -0.011408 -0.00494274  0.00378468           0
EndNode1[0]<--->Repeater1[0]
REAL
   0.445964 -0.00937696  -0.0155382    0.389281
-0.00937696   0.0519836   0.0219465 -0.00665498
 -0.0155382   0.0219465   0.0519836  0.00284955
   0.389281 -0.00665498  0.00284955    0.450068
IMAGINARY
          0  0.00185636  -0.0173478  -0.0105818
-0.00185636           0 -0.00550569  0.00670946
  0.0173478  0.00550569           0  -0.0037337
  0.0105818 -0.00670946   0.0037337           0
EndNode2[0]<--->HoM1[0]
REAL
    0.459184  -0.00686383  -0.00829779     0.392712
 -0.00686383    0.0408163 -0.000959154   0.00185449
 -0.00829779 -0.000959154     0.059949   -0.0124661
    0.392712   0.00185449   -0.0124661     0.440051
IMAGINARY
          0  0.00762985   -0.013916  -0.0188953
-0.00762985           0   0.0055263  -0.0202612
   0.013916  -0.0055263           0   0.0316107
  0.0188953   0.0202612  -0.0316107           0
Repeater1[0]<--->EndNode1[0]
REAL
   0.445964  -0.0155382 -0.00937696    0.389281
 -0.0155382   0.0519836   0.0219465  0.00284955
-0.00937696   0.0219465   0.0519836 -0.00665498
   0.389281  0.00284955 -0.00665498    0.450068
IMAGINARY
          0  -0.0173478  0.00185636  -0.0105818
  0.0173478           0  0.00550569  -0.0037337
-0.00185636 -0.00550569           0  0.00670946
  0.0105818   0.0037337 -0.00670946           0
Repeater1[0]<--->HoM1[0]
REAL
    0.459184  -0.00829779  -0.00686383     0.392712
 -0.00829779     0.059949 -0.000959154   -0.0124661
 -0.00686383 -0.000959154    0.0408163   0.00185449
    0.392712   -0.0124661   0.00185449     0.440051
IMAGINARY
          0   -0.013916  0.00762985  -0.0188953
   0.013916           0  -0.0055263   0.0316107
-0.00762985   0.0055263           0  -0.0202612
  0.0188953  -0.0316107   0.0202612           0
EndNode1[0]<--->Repeater1[0]
REAL
   0.448143  0.00330992  0.00548982    0.393706
 0.00330992   0.0422535   0.0159713 -0.00742531
 0.00548982   0.0159713   0.0576184  -0.0129873
   0.393706 -0.00742531  -0.0129873    0.451985
IMAGINARY
          0 -0.00739114  0.00925558 -0.00274709
 0.00739114           0  -0.0236348    0.031285
-0.00925558   0.0236348           0  -0.0215664
 0.00274709   -0.031285   0.0215664           0
EndNode2[0]<--->HoM1[0]
REAL
   0.439689 -0.00378506  0.00701381    0.395851
-0.00378506   0.0544747   0.0187014 0.000329316
 0.00701381   0.0187014   0.0453956  -0.0075634
   0.395851 0.000329316  -0.0075634    0.460441
IMAGINARY
         0  0.0114715 -0.0203513  0.0116027
-0.0114715          0 -0.0172917 -0.0152752
 0.0203513  0.0172917          0  0.0241551
-0.0116027  0.0152752 -0.0241551          0
Repeater1[0]<--->EndNode1[0]
REAL
   0.448143  0.00548982  0.00330992    0.393706
 0.00548982   0.0576184   0.0159713  -0.0129873
 0.00330992   0.0159713   0.0422535 -0.00742531
   0.393706  -0.0129873 -0.00742531    0.451985
IMAGINARY
          0  0.00925558 -0.00739114 -0.00274709
-0.00925558           0   0.0236348  -0.0215664
 0.00739114  -0.0236348           0    0.031285
 0.00274709   0.0215664   -0.031285           0
Repeater1[0]<--->HoM1[0]
REAL
   0.439689  0.00701381 -0.00378506    0.395851
 0.00701381   0.0453956   0.0187014  -0.0075634
-0.00378506   0.0187014   0.0544747 0.000329316
   0.395851  -0.0075634 0.000329316    0.460441
IMAGINARY
         0 -0.0203513  0.0114715  0.0116027
 0.0203513          0  0.0172917  0.0241551
-0.0114715 -0.0172917          0 -0.0152752
-0.0116027 -0.0241551  0.0152752          0
EndNode1[0]<--->Repeater1[0]
REAL
   0.466102  -0.0146869  -0.0229293    0.391371
 -0.0146869   0.0423729   0.0168612 -0.00473605
 -0.0229293   0.0168612   0.0375303  0.00321591
   0.391371 -0.00473605  0.00321591    0.453995
IMAGINARY
          0   0.0155725  -0.0137464  0.00544419
 -0.0155725           0   0.0125045  -0.0117438
  0.0137464  -0.0125045           0  0.00468898
-0.00544419   0.0117438 -0.00468898           0
EndNode2[0]<--->HoM1[0]
REAL
   0.450428   0.0201039  0.00547286    0.390493
  0.0201039   0.0416157   0.0196486  0.00928965
 0.00547286   0.0196486   0.0477356 -0.00534139
   0.390493  0.00928965 -0.00534139     0.46022
IMAGINARY
          0  -0.0182229   0.0136629  0.00255585
  0.0182229           0  -0.0131099   0.0170276
 -0.0136629   0.0131099           0  -0.0188615
-0.00255585  -0.0170276   0.0188615           0
Repeater1[0]<--->EndNode1[0]
REAL
   0.466102  -0.0229293  -0.0146869    0.391371
 -0.0229293   0.0375303   0.0168612  0.00321591
 -0.0146869   0.0168612   0.0423729 -0.00473605
   0.391371  0.00321591 -0.00473605    0.453995
IMAGINARY
          0  -0.0137464   0.0155725  0.00544419
  0.0137464           0  -0.0125045  0.00468898
 -0.0155725   0.0125045           0  -0.0117438
-0.00544419 -0.00468898   0.0117438           0
Repeater1[0]<--->HoM1[0]
REAL
   0.450428  0.00547286   0.0201039    0.390493
 0.00547286   0.0477356   0.0196486 -0.00534139
  0.0201039   0.0196486   0.0416157  0.00928965
   0.390493 -0.00534139  0.00928965     0.46022
IMAGINARY
          0   0.0136629  -0.0182229  0.00255585
 -0.0136629           0   0.0131099  -0.0188615
  0.0182229  -0.0131099           0   0.0170276
-0.00255585   0.0188615  -0.0170276           0
EndNode1[0]<--->Repeater1[0]
REAL
   0.493655 -0.00176101  -0.0202576    0.389378
-0.00176101   0.0431472    0.012738   0.0083528
 -0.0202576    0.012738   0.0444162   0.0163113
   0.389378   0.0083528   0.0163113    0.418782
IMAGINARY
          0   0.0260558  0.00126848  -0.0110116
 -0.0260558           0   0.0116584  -0.0170165
-0.00126848  -0.0116584           0  -0.0103078
  0.0110116   0.0170165   0.0103078           0
EndNode2[0]<--->HoM1[0]
REAL
   0.475472  -0.0198146  -0.0203607    0.374885
 -0.0198146   0.0427673   0.0117133 -0.00927852
 -0.0203607   0.0117133   0.0427673  0.00821668
   0.374885 -0.00927852  0.00821668    0.438994
IMAGINARY
          0  0.00879889   0.0096129 -0.00524295
-0.00879889           0  -0.0123581   0.0108475
 -0.0096129   0.0123581           0 -0.00496258
 0.00524295  -0.0108475  0.00496258           0
Repeater1[0]<--->EndNode1[0]
REAL
   0.493655  -0.0202576 -0.00176101    0.389378
 -0.0202576   0.0444162    0.012738   0.0163113
-0.00176101    0.012738   0.0431472   0.0083528
   0.389378   0.0163113   0.0083528    0.418782
IMAGINARY
          0  0.00126848   0.0260558  -0.0110116
-0.00126848           0  -0.0116584  -0.0103078
 -0.0260558   0.0116584           0  -0.0170165
  0.0110116   0.0103078   0.0170165           0
Repeater1[0]<--->HoM1[0]
REAL
   0.475472  -0.0203607  -0.0198146    0.374885
 -0.0203607   0.0427673   0.0117133  0.00821668
 -0.0198146   0.0117133   0.0427673 -0.00927852
   0.374885  0.00821668 -0.00927852    0.438994
IMAGINARY
          0   0.0096129  0.00879889 -0.00524295
 -0.0096129           0   0.0123581 -0.00496258
-0.00879889  -0.0123581           0   0.0108475
 0.00524295  0.00496258  -0.0108475           0
EndNode1[0]<--->Repeater1[0]
REAL
    0.463672 -0.000364145   0.00824663     0.391812
-0.000364145    0.0488771     0.013451   0.00885863
  0.00824663     0.013451    0.0515192    0.0174694
    0.391812   0.00885863    0.0174694     0.435931
IMAGINARY
          0  0.00676765  -0.0172545 -0.00468165
-0.00676765           0  0.00468165 -0.00515263
  0.0172545 -0.00468165           0   0.0169199
 0.00468165  0.00515263  -0.0169199           0
EndNode2[0]<--->HoM1[0]
REAL
  0.416149 0.00321184 0.00534264     0.3944
0.00321184  0.0534161  0.0115281  0.0165646
0.00534264  0.0115281  0.0608696  0.0019428
    0.3944  0.0165646  0.0019428   0.469565
IMAGINARY
          0   -0.014297   0.0141638  -0.0134887
   0.014297           0  0.00492485 -0.00030989
 -0.0141638 -0.00492485           0  0.00422148
  0.0134887  0.00030989 -0.00422148           0
Repeater1[0]<--->EndNode1[0]
REAL
    0.463672   0.00824663 -0.000364145     0.391812
  0.00824663    0.0515192     0.013451    0.0174694
-0.000364145     0.013451    0.0488771   0.00885863
    0.391812    0.0174694   0.00885863     0.435931
IMAGINARY
          0  -0.0172545  0.00676765 -0.00468165
  0.0172545           0 -0.00468165   0.0169199
-0.00676765  0.00468165           0 -0.00515263
 0.00468165  -0.0169199  0.00515263           0
Repeater1[0]<--->HoM1[0]
REAL
  0.416149 0.00534264 0.00321184     0.3944
0.00534264  0.0608696  0.0115281  0.0019428
0.00321184  0.0115281  0.0534161  0.0165646
    0.3944  0.0019428  0.0165646   0.469565
IMAGINARY
          0   0.0141638   -0.014297  -0.0134887
 -0.0141638           0 -0.00492485  0.00422148
   0.014297  0.00492485           0 -0.00030989
  0.0134887 -0.00422148  0.00030989           0
EndNode1[0]<--->Repeater1[0]
REAL
   0.399471 -0.00480539  0.00538657    0.390894
-0.00480539   0.0595238   0.0216536  0.00538657
 0.00538657   0.0216536   0.0555556   0.0117762
   0.390894  0.00538657   0.0117762     0.48545
IMAGINARY
           0   -0.0231243 -3.97615e-05  -0.00982773
   0.0231243            0   0.00400626   0.00315309
 3.97615e-05  -0.00400626            0    0.0112937
  0.00982773  -0.00315309   -0.0112937            0
EndNode2[0]<--->HoM1[0]
REAL
   0.443456  -0.0144362  -0.0127847    0.394979
 -0.0144362   0.0622618  0.00840832 -0.00164444
 -0.0127847  0.00840832   0.0508259 -0.00877583
   0.394979 -0.00164444 -0.00877583    0.443456
IMAGINARY
          0  -0.0181565   0.0178018 -0.00614502
  0.0181565           0  0.00994249  0.00240685
 -0.0178018 -0.00994249           0 -0.00335594
 0.00614502 -0.00240685  0.00335594           0
Repeater1[0]<--->EndNode1[0]
REAL
   0.399471  0.00538657 -0.00480539    0.390894
 0.00538657   0.0555556   0.0216536   0.0117762
-0.00480539   0.0216536   0.0595238  0.00538657
   0.390894   0.0117762  0.00538657     0.48545
IMAGINARY
           0 -3.97615e-05   -0.0231243  -0.00982773
 3.97615e-05            0  -0.00400626    0.0112937
   0.0231243   0.00400626            0   0.00315309
  0.00982773   -0.0112937  -0.00315309            0
Repeater1[0]<--->HoM1[0]
REAL
   0.443456  -0.0127847  -0.0144362    0.394979
 -0.0127847   0.0508259  0.00840832 -0.00877583
 -0.0144362  0.00840832   0.0622618 -0.00164444
   0.394979 -0.00877583 -0.00164444    0.443456
IMAGINARY
          0   0.0178018  -0.0181565 -0.00614502
 -0.0178018           0 -0.00994249 -0.00335594
  0.0181565  0.00994249           0  0.00240685
 0.00614502  0.00335594 -0.00240685           0
EndNode1[0]<--->Repeater1[0]
REAL
     0.47995   0.00432491 -0.000316002      0.38319
  0.00432491    0.0488722    0.0134477     0.002184
-0.000316002    0.0134477    0.0726817   0.00626039
     0.38319     0.002184   0.00626039     0.398496
IMAGINARY
          0  -0.0051841   0.0110153  0.00987548
  0.0051841           0  -0.0180056  0.00458853
 -0.0110153   0.0180056           0  -0.0104197
-0.00987548 -0.00458853   0.0104197           0
EndNode2[0]<--->HoM1[0]
REAL
   0.463087   0.0130577 -0.00448753    0.403264
  0.0130577   0.0469799   0.0165885   0.0223667
-0.00448753   0.0165885   0.0671141   0.0282493
   0.403264   0.0223667   0.0282493    0.422819
IMAGINARY
           0  -0.00757749    0.0123881    -0.017151
  0.00757749            0   0.00458816  -0.00304813
  -0.0123881  -0.00458816            0 -0.000517156
    0.017151   0.00304813  0.000517156            0
Repeater1[0]<--->EndNode1[0]
REAL
     0.47995 -0.000316002   0.00432491      0.38319
-0.000316002    0.0726817    0.0134477   0.00626039
  0.00432491    0.0134477    0.0488722     0.002184
     0.38319   0.00626039     0.002184     0.398496
IMAGINARY
          0   0.0110153  -0.0051841  0.00987548
 -0.0110153           0   0.0180056  -0.0104197
  0.0051841  -0.0180056           0  0.00458853
-0.00987548   0.0104197 -0.00458853           0
Repeater1[0]<--->HoM1[0]
REAL
   0.463087 -0.00448753   0.0130577    0.403264
-0.00448753   0.0671141   0.0165885   0.0282493
  0.0130577   0.0165885   0.0469799   0.0223667
   0.403264   0.0282493   0.0223667    0.422819
IMAGINARY
           0    0.0123881  -0.00757749    -0.017151
  -0.0123881            0  -0.00458816 -0.000517156
  0.00757749   0.00458816            0  -0.00304813
    0.017151  0.000517156   0.00304813            0
EndNode1[0]<--->Repeater1[0]
REAL
   0.412081 -0.00631546  -0.0149181    0.403509
-0.00631546   0.0496644   0.0175439   0.0201812
 -0.0149181   0.0175439   0.0590604   0.0247365
   0.403509   0.0201812   0.0247365    0.479195
IMAGINARY
          0 -0.00172688  -0.0152385  0.00986809
 0.00172688           0  -0.0369299   0.0114791
  0.0152385   0.0369299           0   0.0117519
-0.00986809  -0.0114791  -0.0117519           0
EndNode2[0]<--->HoM1[0]
REAL
   0.452323 -0.00593107   0.0176841    0.388991
-0.00593107   0.0488998   0.0190833  -0.0108518
  0.0176841   0.0190833   0.0611247  0.00779442
   0.388991  -0.0108518  0.00779442    0.437653
IMAGINARY
          0  -0.0093505 -0.00535378  0.00394404
  0.0093505           0   0.0250708  0.00206863
 0.00535378  -0.0250708           0  0.00343723
-0.00394404 -0.00206863 -0.00343723           0
Repeater1[0]<--->EndNode1[0]
REAL
   0.412081  -0.0149181 -0.00631546    0.403509
 -0.0149181   0.0590604   0.0175439   0.0247365
-0.00631546   0.0175439   0.0496644   0.0201812
   0.403509   0.0247365   0.0201812    0.479195
IMAGINARY
          0  -0.0152385 -0.00172688  0.00986809
  0.0152385           0   0.0369299   0.0117519
 0.00172688  -0.0369299           0   0.0114791
-0.00986809  -0.0117519  -0.0114791           0
Repeater1[0]<--->HoM1[0]
REAL
   0.452323   0.0176841 -0.00593107    0.388991
  0.0176841   0.0611247   0.0190833  0.00779442
-0.00593107   0.0190833   0.0488998  -0.0108518
   0.388991  0.00779442  -0.0108518    0.437653
IMAGINARY
          0 -0.00535378  -0.0093505  0.00394404
 0.00535378           0  -0.0250708  0.00343723
  0.0093505   0.0250708           0  0.00206863
-0.00394404 -0.00343723 -0.00206863           0
EndNode1[0]<--->Repeater1[0]
REAL
   0.405648 -0.00302612  0.00966158    0.389502
-0.00302612   0.0410783  0.00700509  0.00780284
 0.00966158  0.00700509    0.071887  0.00237929
   0.389502  0.00780284  0.00237929    0.481386
IMAGINARY
          0  -0.0198986 -0.00301696   -0.018406
  0.0198986           0   0.0064262  -0.0147309
 0.00301696  -0.0064262           0   0.0229586
   0.018406   0.0147309  -0.0229586           0
EndNode2[0]<--->HoM1[0]
REAL
   0.447535 0.000668533 0.000332901    0.399767
0.000668533   0.0543616  0.00288781 -0.00855035
0.000332901  0.00288781   0.0594185 -0.00509331
   0.399767 -0.00855035 -0.00509331    0.438685
IMAGINARY
         0 -0.0183175  0.0259943  0.0100982
 0.0183175          0 -0.0219531  0.0167465
-0.0259943  0.0219531          0 -0.0108548
-0.0100982 -0.0167465  0.0108548          0
Repeater1[0]<--->EndNode1[0]
REAL
   0.405648  0.00966158 -0.00302612    0.389502
 0.00966158    0.071887  0.00700509  0.00237929
-0.00302612  0.00700509   0.0410783  0.00780284
   0.389502  0.00237929  0.00780284    0.481386
IMAGINARY
          0 -0.00301696  -0.0198986   -0.018406
 0.00301696           0  -0.0064262   0.0229586
  0.0198986   0.0064262           0  -0.0147309
   0.018406  -0.0229586   0.0147309           0
Repeater1[0]<--->HoM1[0]
REAL
   0.447535 0.000332901 0.000668533    0.399767
0.000332901   0.0594185  0.00288781 -0.00509331
0.000668533  0.00288781   0.0543616 -0.00855035
   0.399767 -0.00509331 -0.00855035    0.438685
IMAGINARY
         0  0.0259943 -0.0183175  0.0100982
-0.0259943          0  0.0219531 -0.0108548
 0.0183175 -0.0219531          0  0.0167465
-0.0100982  0.0108548 -0.0167465          0
EndNode1[0]<--->Repeater1[0]
REAL
    0.45375 -0.00590011   0.0112882     0.38808
-0.00590011      0.0675 0.000365776  -0.0132802
  0.0112882 0.000365776       0.045  0.00125204
    0.38808  -0.0132802  0.00125204     0.43375
IMAGINARY
          0   -0.010461 -0.00521351  0.00377972
   0.010461           0  -0.0155907 -0.00337302
 0.00521351   0.0155907           0  0.00980047
-0.00377972  0.00337302 -0.00980047           0
EndNode2[0]<--->HoM1[0]
REAL
   0.442211 -0.00461807  0.00228162    0.383594
-0.00461807   0.0577889   0.0238377  0.00228162
 0.00228162   0.0238377   0.0389447 5.48319e-05
   0.383594  0.00228162 5.48319e-05    0.461055
IMAGINARY
          0  0.00701406    -0.01037  0.00585076
-0.00701406           0  0.00141476 -0.00426416
    0.01037 -0.00141476           0  0.00396155
-0.00585076  0.00426416 -0.00396155           0
Repeater1[0]<--->EndNode1[0]
REAL
    0.45375   0.0112882 -0.00590011     0.38808
  0.0112882       0.045 0.000365776  0.00125204
-0.00590011 0.000365776      0.0675  -0.0132802
    0.38808  0.00125204  -0.0132802     0.43375
IMAGINARY
          0 -0.00521351   -0.010461  0.00377972
 0.00521351           0   0.0155907  0.00980047
   0.010461  -0.0155907           0 -0.00337302
-0.00377972 -0.00980047  0.00337302           0
Repeater1[0]<--->HoM1[0]
REAL
   0.442211  0.00228162 -0.00461807    0.383594
 0.00228162   0.0389447   0.0238377 5.48319e-05
-0.00461807   0.0238377   0.0577889  0.00228162
   0.383594 5.48319e-05  0.00228162    0.461055
IMAGINARY
          0    -0.01037  0.00701406  0.00585076
    0.01037           0 -0.00141476  0.00396155
-0.00701406  0.00141476           0 -0.00426416
-0.00585076 -0.00396155  0.00426416           0
EndNode1[0]<--->Repeater1[0]
REAL
    0.46133 -0.00373713  -0.0219541    0.379243
-0.00373713   0.0556309   0.0137076 -0.00285005
 -0.0219541   0.0137076   0.0529172   -0.021067
   0.379243 -0.00285005   -0.021067    0.430122
IMAGINARY
           0   -0.0286948    0.0232369  0.000498688
   0.0286948            0    0.0204987    0.0107056
  -0.0232369   -0.0204987            0   -0.0039423
-0.000498688   -0.0107056    0.0039423            0
EndNode2[0]<--->HoM1[0]
REAL
     0.46863  -0.00399368  -0.00095422      0.38771
 -0.00399368    0.0332907    0.0107866 -0.000298912
 -0.00095422    0.0107866     0.049936    0.0140187
     0.38771 -0.000298912    0.0140187     0.448143
IMAGINARY
          0   0.0116166  -0.0163361   0.0125575
 -0.0116166           0 -0.00744246  -0.0081394
  0.0163361  0.00744246           0    0.026845
 -0.0125575   0.0081394   -0.026845           0
Repeater1[0]<--->EndNode1[0]
REAL
    0.46133  -0.0219541 -0.00373713    0.379243
 -0.0219541   0.0529172   0.0137076   -0.021067
-0.00373713   0.0137076   0.0556309 -0.00285005
   0.379243   -0.021067 -0.00285005    0.430122
IMAGINARY
           0    0.0232369   -0.0286948  0.000498688
  -0.0232369            0   -0.0204987   -0.0039423
   0.0286948    0.0204987            0    0.0107056
-0.000498688    0.0039423   -0.0107056            0
Repeater1[0]<--->HoM1[0]
REAL
     0.46863  -0.00095422  -0.00399368      0.38771
 -0.00095422     0.049936    0.0107866    0.0140187
 -0.00399368    0.0107866    0.0332907 -0.000298912
     0.38771    0.0140187 -0.000298912     0.448143
IMAGINARY
          0  -0.0163361   0.0116166   0.0125575
  0.0163361           0  0.00744246    0.026845
 -0.0116166 -0.00744246           0  -0.0081394
 -0.0125575   -0.026845   0.0081394           0
EndNode1[0]<--->Repeater1[0]
REAL
   0.439216  -0.0123378 -0.00893067    0.396246
 -0.0123378   0.0562092  0.00325193  -0.0149387
-0.00893067  0.00325193   0.0588235  0.00103123
   0.396246  -0.0149387  0.00103123    0.445752
IMAGINARY
          0 -0.00696467   0.0127149 -0.00645592
 0.00696467           0 -0.00514359  0.00957812
 -0.0127149  0.00514359           0  -0.0178761
 0.00645592 -0.00957812   0.0178761           0
EndNode2[0]<--->HoM1[0]
REAL
   0.440945 -0.00781741 -0.00931447     0.38558
-0.00781741   0.0590551    0.023511  0.00385993
-0.00931447    0.023511   0.0485564  0.00357499
    0.38558  0.00385993  0.00357499    0.451444
IMAGINARY
          0   0.0171778  -0.0106329   0.0119319
 -0.0171778           0 -0.00500666 -0.00936709
  0.0106329  0.00500666           0  0.00833943
 -0.0119319  0.00936709 -0.00833943           0
Repeater1[0]<--->EndNode1[0]
REAL
   0.439216 -0.00893067  -0.0123378    0.396246
-0.00893067   0.0588235  0.00325193  0.00103123
 -0.0123378  0.00325193   0.0562092  -0.0149387
   0.396246  0.00103123  -0.0149387    0.445752
IMAGINARY
          0   0.0127149 -0.00696467 -0.00645592
 -0.0127149           0  0.00514359  -0.0178761
 0.00696467 -0.00514359           0  0.00957812
 0.00645592   0.0178761 -0.00957812           0
Repeater1[0]<--->HoM1[0]
REAL
   0.440945 -0.00931447 -0.00781741     0.38558
-0.00931447   0.0485564    0.023511  0.00357499
-0.00781741    0.023511   0.0590551  0.00385993
    0.38558  0.00357499  0.00385993    0.451444
IMAGINARY
          0  -0.0106329   0.0171778   0.0119319
  0.0106329           0  0.00500666  0.00833943
 -0.0171778 -0.00500666           0 -0.00936709
 -0.0119319 -0.00833943  0.00936709           0
EndNode1[0]<--->Repeater1[0]
REAL
   0.451985  -0.0127155  -0.0164446    0.389976
 -0.0127155   0.0627401   0.0121131 -0.00183216
 -0.0164446   0.0121131   0.0601793 0.000966122
   0.389976 -0.00183216 0.000966122    0.425096
IMAGINARY
          0   0.0205948  -0.0125271 -0.00351695
 -0.0205948           0 -0.00687266 -0.00782912
  0.0125271  0.00687266           0 -0.00023855
 0.00351695  0.00782912  0.00023855           0
EndNode2[0]<--->HoM1[0]
REAL
  0.472042 0.00130447  0.0153876   0.381343
0.00130447  0.0520156 0.00368358 -0.0073662
 0.0153876 0.00368358   0.046814 0.00939072
  0.381343 -0.0073662 0.00939072   0.429129
IMAGINARY
          0  -0.0181466   -0.018052    0.016909
  0.0181466           0   0.0425847  0.00209454
   0.018052  -0.0425847           0   0.0208062
  -0.016909 -0.00209454  -0.0208062           0
Repeater1[0]<--->EndNode1[0]
REAL
   0.451985  -0.0164446  -0.0127155    0.389976
 -0.0164446   0.0601793   0.0121131 0.000966122
 -0.0127155   0.0121131   0.0627401 -0.00183216
   0.389976 0.000966122 -0.00183216    0.425096
IMAGINARY
          0  -0.0125271   0.0205948 -0.00351695
  0.0125271           0  0.00687266 -0.00023855
 -0.0205948 -0.00687266           0 -0.00782912
 0.00351695  0.00023855  0.00782912           0
Repeater1[0]<--->HoM1[0]
REAL
  0.472042  0.0153876 0.00130447   0.381343
 0.0153876   0.046814 0.00368358 0.00939072
0.00130447 0.00368358  0.0520156 -0.0073662
  0.381343 0.00939072 -0.0073662   0.429129
IMAGINARY
          0   -0.018052  -0.0181466    0.016909
   0.018052           0  -0.0425847   0.0208062
  0.0181466   0.0425847           0  0.00209454
  -0.016909  -0.0208062 -0.00209454           0
EndNode1[0]<--->Repeater1[0]
REAL
   0.440986 -0.00821221 -0.00467372    0.393054
-0.00821221   0.0583658  0.00818087  0.00590829
-0.00467372  0.00818087   0.0505837  -0.0127754
   0.393054  0.00590829  -0.0127754    0.450065
IMAGINARY
          0 -0.00124961  -0.0205445  0.00935743
 0.00124961           0   0.0055309   0.0145204
  0.0205445  -0.0055309           0  0.00191896
-0.00935743  -0.0145204 -0.00191896           0
EndNode2[0]<--->HoM1[0]
REAL
   0.45367 0.00542802  0.0118016   0.405546
0.00542802  0.0481348 0.00502277 0.00445852
 0.0118016 0.00502277  0.0481348  0.0243823
  0.405546 0.00445852  0.0243823    0.45006
IMAGINARY
          0 -0.00159202 -0.00668403  0.00741939
 0.00159202           0   0.0061274  -0.0155673
 0.00668403  -0.0061274           0  0.00290092
-0.00741939   0.0155673 -0.00290092           0
Repeater1[0]<--->EndNode1[0]
REAL
   0.440986 -0.00467372 -0.00821221    0.393054
-0.00467372   0.0505837  0.00818087  -0.0127754
-0.00821221  0.00818087   0.0583658  0.00590829
   0.393054  -0.0127754  0.00590829    0.450065
IMAGINARY
          0  -0.0205445 -0.00124961  0.00935743
  0.0205445           0  -0.0055309  0.00191896
 0.00124961   0.0055309           0   0.0145204
-0.00935743 -0.00191896  -0.0145204           0
Repeater1[0]<--->HoM1[0]
REAL
   0.45367  0.0118016 0.00542802   0.405546
 0.0118016  0.0481348 0.00502277  0.0243823
0.00542802 0.00502277  0.0481348 0.00445852
  0.405546  0.0243823 0.00445852    0.45006
IMAGINARY
          0 -0.00668403 -0.00159202  0.00741939
 0.00668403           0  -0.0061274  0.00290092
 0.00159202   0.0061274           0  -0.0155673
-0.00741939 -0.00290092   0.0155673           0
EndNode1[0]<--->Repeater1[0]
REAL
   0.472611  0.00266148   0.0013002    0.380828
 0.00266148   0.0433121   0.0248074  0.00328696
  0.0013002   0.0248074    0.044586 -0.00593802
   0.380828  0.00328696 -0.00593802     0.43949
IMAGINARY
          0  -0.0148982   0.0157068   0.0214556
  0.0148982           0  0.00720686  -0.0196335
 -0.0157068 -0.00720686           0   0.0214427
 -0.0214556   0.0196335  -0.0214427           0
EndNode2[0]<--->HoM1[0]
REAL
  0.458616 0.00485437 0.00782643   0.397458
