EndNode1[0]<--->Repeater1[0]
REAL
   0.382632 -0.00379053 -0.00697854     0.28105
-0.00379053    0.134328   0.0451529   0.0109892
-0.00697854   0.0451529    0.143826  0.00512743
    0.28105   0.0109892  0.00512743    0.339213
IMAGINARY
          0   -0.011083  -0.0165961  -0.0122325
   0.011083           0   0.0109634  0.00633968
  0.0165961  -0.0109634           0  0.00339069
  0.0122325 -0.00633968 -0.00339069           0
EndNode2[0]<--->HoM1[0]
REAL
   0.386684 -0.00505936 -0.00156447    0.271665
-0.00505936    0.144686   0.0457958  -0.0129858
-0.00156447   0.0457958    0.135723  -0.0253639
   0.271665  -0.0129858  -0.0253639    0.332907
IMAGINARY
          0   0.0128651   0.0038043   0.0121726
 -0.0128651           0 -0.00823558  -0.0108828
 -0.0038043  0.00823558           0   0.0109445
 -0.0121726   0.0108828  -0.0109445           0
Repeater1[0]<--->EndNode1[0]
REAL
   0.382632 -0.00697854 -0.00379053     0.28105
-0.00697854    0.143826   0.0451529  0.00512743
-0.00379053   0.0451529    0.134328   0.0109892
    0.28105  0.00512743   0.0109892    0.339213
IMAGINARY
          0  -0.0165961   -0.011083  -0.0122325
  0.0165961           0  -0.0109634  0.00339069
   0.011083   0.0109634           0  0.00633968
  0.0122325 -0.00339069 -0.00633968           0
Repeater1[0]<--->HoM1[0]
REAL
   0.386684 -0.00156447 -0.00505936    0.271665
-0.00156447    0.135723   0.0457958  -0.0253639
-0.00505936   0.0457958    0.144686  -0.0129858
   0.271665  -0.0253639  -0.0129858    0.332907
IMAGINARY
          0   0.0038043   0.0128651   0.0121726
 -0.0038043           0  0.00823558   0.0109445
 -0.0128651 -0.00823558           0  -0.0108828
 -0.0121726  -0.0109445   0.0108828           0
EndNode1[0]<--->Repeater1[0]
REAL
    0.359894   0.00598474 -0.000369811     0.244355
  0.00598474     0.150066    0.0630074    0.0034373
-0.000369811    0.0630074     0.160691   -0.0115062
    0.244355    0.0034373   -0.0115062     0.329349
IMAGINARY
          0 -0.00325832 -0.00396972 -0.00819521
 0.00325832           0   0.0088718   0.0130371
 0.00396972  -0.0088718           0 -0.00839971
 0.00819521  -0.0130371  0.00839971           0
EndNode2[0]<--->HoM1[0]
REAL
   0.351425  -0.0151977  -0.0191456    0.269182
 -0.0151977    0.143826   0.0401657 -0.00606964
 -0.0191456   0.0401657    0.154681 -0.00878749
   0.269182 -0.00606964 -0.00878749    0.350068
IMAGINARY
          0   0.0051953  0.00652057  -0.0248843
 -0.0051953           0  0.00616769 -0.00532153
-0.00652057 -0.00616769           0 -0.00159818
  0.0248843  0.00532153  0.00159818           0
Repeater1[0]<--->EndNode1[0]
REAL
    0.359894 -0.000369811   0.00598474     0.244355
-0.000369811     0.160691    0.0630074   -0.0115062
  0.00598474    0.0630074     0.150066    0.0034373
    0.244355   -0.0115062    0.0034373     0.329349
IMAGINARY
          0 -0.00396972 -0.00325832 -0.00819521
 0.00396972           0  -0.0088718 -0.00839971
 0.00325832   0.0088718           0   0.0130371
 0.00819521  0.00839971  -0.0130371           0
Repeater1[0]<--->HoM1[0]
REAL
   0.351425  -0.0191456  -0.0151977    0.269182
 -0.0191456    0.154681   0.0401657 -0.00878749
 -0.0151977   0.0401657    0.143826 -0.00606964
   0.269182 -0.00878749 -0.00606964    0.350068
IMAGINARY
          0  0.00652057   0.0051953  -0.0248843
-0.00652057           0 -0.00616769 -0.00159818
 -0.0051953  0.00616769           0 -0.00532153
  0.0248843  0.00159818  0.00532153           0
EndNode1[0]<--->Repeater1[0]
REAL
   0.388265 -0.00694388  -0.0138741    0.253423
-0.00694388     0.13608   0.0636824  -0.0282312
 -0.0138741   0.0636824    0.137328  -0.0101614
   0.253423  -0.0282312  -0.0101614    0.338327
IMAGINARY
          0  0.00584838 -0.00798954  0.00634179
-0.00584838           0 -0.00634179  0.00242712
 0.00798954  0.00634179           0   0.0133111
-0.00634179 -0.00242712  -0.0133111           0
EndNode2[0]<--->HoM1[0]
REAL
  0.362821 -0.0278661 0.00301766   0.277387
-0.0278661   0.152564  0.0423874 -0.0211653
0.00301766  0.0423874   0.173077 0.00220906
  0.277387 -0.0211653 0.00220906   0.311538
IMAGINARY
          0   0.0246023  0.00205016  -0.0053455
 -0.0246023           0  -0.0177314   0.0166998
-0.00205016   0.0177314           0  -0.0208523
  0.0053455  -0.0166998   0.0208523           0
Repeater1[0]<--->EndNode1[0]
REAL
   0.388265  -0.0138741 -0.00694388    0.253423
 -0.0138741    0.137328   0.0636824  -0.0101614
-0.00694388   0.0636824     0.13608  -0.0282312
   0.253423  -0.0101614  -0.0282312    0.338327
IMAGINARY
          0 -0.00798954  0.00584838  0.00634179
 0.00798954           0  0.00634179   0.0133111
-0.00584838 -0.00634179           0  0.00242712
-0.00634179  -0.0133111 -0.00242712           0
Repeater1[0]<--->HoM1[0]
REAL
  0.362821 0.00301766 -0.0278661   0.277387
0.00301766   0.173077  0.0423874 0.00220906
-0.0278661  0.0423874   0.152564 -0.0211653
  0.277387 0.00220906 -0.0211653   0.311538
IMAGINARY
          0  0.00205016   0.0246023  -0.0053455
-0.00205016           0   0.0177314  -0.0208523
 -0.0246023  -0.0177314           0   0.0166998
  0.0053455   0.0208523  -0.0166998           0
EndNode1[0]<--->Repeater1[0]
REAL
     0.39267   0.00479678  -0.00519921     0.243166
  0.00479678     0.126963    0.0457661    0.0199997
 -0.00519921    0.0457661     0.151832 -0.000292277
    0.243166    0.0199997 -0.000292277     0.328534
IMAGINARY
          0 -0.00735781 -0.00653559 -0.00414006
 0.00735781           0 -0.00611635   0.0148098
 0.00653559  0.00611635           0  0.00381171
 0.00414006  -0.0148098 -0.00381171           0
EndNode2[0]<--->HoM1[0]
REAL
   0.353768   0.0132532   0.0303155    0.253332
  0.0132532    0.141762     0.05308 -0.00503805
  0.0303155     0.05308      0.1341   0.0206556
   0.253332 -0.00503805   0.0206556     0.37037
IMAGINARY
           0   0.00761998 -0.000374541   -0.0208168
 -0.00761998            0   -0.0195478   0.00289343
 0.000374541    0.0195478            0   0.00497448
   0.0208168  -0.00289343  -0.00497448            0
Repeater1[0]<--->EndNode1[0]
REAL
     0.39267  -0.00519921   0.00479678     0.243166
 -0.00519921     0.151832    0.0457661 -0.000292277
  0.00479678    0.0457661     0.126963    0.0199997
    0.243166 -0.000292277    0.0199997     0.328534
IMAGINARY
          0 -0.00653559 -0.00735781 -0.00414006
 0.00653559           0  0.00611635  0.00381171
 0.00735781 -0.00611635           0   0.0148098
 0.00414006 -0.00381171  -0.0148098           0
Repeater1[0]<--->HoM1[0]
REAL
   0.353768   0.0303155   0.0132532    0.253332
  0.0303155      0.1341     0.05308   0.0206556
  0.0132532     0.05308    0.141762 -0.00503805
   0.253332   0.0206556 -0.00503805     0.37037
IMAGINARY
           0 -0.000374541   0.00761998   -0.0208168
 0.000374541            0    0.0195478   0.00497448
 -0.00761998   -0.0195478            0   0.00289343
   0.0208168  -0.00497448  -0.00289343            0
EndNode1[0]<--->Repeater1[0]
REAL
   0.363636  0.00503791  0.00437661    0.264231
 0.00503791    0.158442   0.0404955 -0.00188905
 0.00437661   0.0404955    0.137662  0.00864368
   0.264231 -0.00188905  0.00864368     0.34026
IMAGINARY
         0 -0.0132549 -0.0136311 -0.0204353
 0.0132549          0 -0.0164775  0.0233587
 0.0136311  0.0164775          0  0.0152004
 0.0204353 -0.0233587 -0.0152004          0
EndNode2[0]<--->HoM1[0]
REAL
   0.312336  0.00420433  0.00968907    0.253899
 0.00420433    0.145669    0.045566 -0.00835217
 0.00968907    0.045566     0.15748   0.0105016
   0.253899 -0.00835217   0.0105016    0.384514
IMAGINARY
          0   0.0144653 -0.00615021   0.0212584
 -0.0144653           0  -0.0097494  -0.0115266
 0.00615021   0.0097494           0   0.0120498
 -0.0212584   0.0115266  -0.0120498           0
Repeater1[0]<--->EndNode1[0]
REAL
   0.363636  0.00437661  0.00503791    0.264231
 0.00437661    0.137662   0.0404955  0.00864368
 0.00503791   0.0404955    0.158442 -0.00188905
   0.264231  0.00864368 -0.00188905     0.34026
IMAGINARY
         0 -0.0136311 -0.0132549 -0.0204353
 0.0136311          0  0.0164775  0.0152004
 0.0132549 -0.0164775          0  0.0233587
 0.0204353 -0.0152004 -0.0233587          0
Repeater1[0]<--->HoM1[0]
REAL
   0.312336  0.00968907  0.00420433    0.253899
 0.00968907     0.15748    0.045566   0.0105016
 0.00420433    0.045566    0.145669 -0.00835217
   0.253899   0.0105016 -0.00835217    0.384514
IMAGINARY
          0 -0.00615021   0.0144653   0.0212584
 0.00615021           0   0.0097494   0.0120498
 -0.0144653  -0.0097494           0  -0.0115266
 -0.0212584  -0.0120498   0.0115266           0
EndNode1[0]<--->Repeater1[0]
REAL
   0.38089 -0.0171095 -0.0218388   0.247049
-0.0171095   0.137435   0.055532 0.00312916
-0.0218388   0.055532    0.13089 -0.0157937
  0.247049 0.00312916 -0.0157937   0.350785
IMAGINARY
          0   0.0283108  0.00874522  0.00283841
 -0.0283108           0   0.0241539 -0.00103314
-0.00874522  -0.0241539           0  0.00253757
-0.00283841  0.00103314 -0.00253757           0
EndNode2[0]<--->HoM1[0]
REAL
    0.385482  -0.00831551   -0.0022439     0.257536
 -0.00831551      0.12015    0.0612298  -0.00289749
  -0.0022439    0.0612298     0.118899 -0.000681921
    0.257536  -0.00289749 -0.000681921     0.375469
IMAGINARY
          0  -0.0179569  0.00284308  0.00676507
  0.0179569           0  -0.0233702 -0.00899903
-0.00284308   0.0233702           0   0.0131689
-0.00676507  0.00899903  -0.0131689           0
Repeater1[0]<--->EndNode1[0]
REAL
   0.38089 -0.0218388 -0.0171095   0.247049
-0.0218388    0.13089   0.055532 -0.0157937
-0.0171095   0.055532   0.137435 0.00312916
  0.247049 -0.0157937 0.00312916   0.350785
IMAGINARY
          0  0.00874522   0.0283108  0.00283841
-0.00874522           0  -0.0241539  0.00253757
 -0.0283108   0.0241539           0 -0.00103314
-0.00283841 -0.00253757  0.00103314           0
Repeater1[0]<--->HoM1[0]
REAL
    0.385482   -0.0022439  -0.00831551     0.257536
  -0.0022439     0.118899    0.0612298 -0.000681921
 -0.00831551    0.0612298      0.12015  -0.00289749
    0.257536 -0.000681921  -0.00289749     0.375469
IMAGINARY
          0  0.00284308  -0.0179569  0.00676507
-0.00284308           0   0.0233702   0.0131689
  0.0179569  -0.0233702           0 -0.00899903
-0.00676507  -0.0131689  0.00899903           0
EndNode1[0]<--->Repeater1[0]
REAL
  0.377382 0.00143623 0.00519014   0.266534
0.00143623   0.135959  0.0667989 -0.0014588
0.00519014  0.0667989   0.146125 -0.0126303
  0.266534 -0.0014588 -0.0126303   0.340534
IMAGINARY
           0   0.00719909   -0.0190367 -0.000139147
 -0.00719909            0    0.0154453    0.0111002
   0.0190367   -0.0154453            0 -0.000585337
 0.000139147   -0.0111002  0.000585337            0
EndNode2[0]<--->HoM1[0]
REAL
   0.365633   0.0287401 -0.00714204    0.291257
  0.0287401    0.152455   0.0468861   0.0203164
-0.00714204   0.0468861    0.126615 -0.00176391
   0.291257   0.0203164 -0.00176391    0.355297
IMAGINARY
          0  -0.0143343   0.0181795 -0.00854693
  0.0143343           0 -0.00726816  0.00102577
 -0.0181795  0.00726816           0   0.0017515
 0.00854693 -0.00102577  -0.0017515           0
Repeater1[0]<--->EndNode1[0]
REAL
  0.377382 0.00519014 0.00143623   0.266534
0.00519014   0.146125  0.0667989 -0.0126303
0.00143623  0.0667989   0.135959 -0.0014588
  0.266534 -0.0126303 -0.0014588   0.340534
IMAGINARY
           0   -0.0190367   0.00719909 -0.000139147
   0.0190367            0   -0.0154453 -0.000585337
 -0.00719909    0.0154453            0    0.0111002
 0.000139147  0.000585337   -0.0111002            0
Repeater1[0]<--->HoM1[0]
REAL
   0.365633 -0.00714204   0.0287401    0.291257
-0.00714204    0.126615   0.0468861 -0.00176391
  0.0287401   0.0468861    0.152455   0.0203164
   0.291257 -0.00176391   0.0203164    0.355297
IMAGINARY
          0   0.0181795  -0.0143343 -0.00854693
 -0.0181795           0  0.00726816   0.0017515
  0.0143343 -0.00726816           0  0.00102577
 0.00854693  -0.0017515 -0.00102577           0
EndNode1[0]<--->Repeater1[0]
REAL
   0.360107  -0.0113485  0.00723841    0.247473
 -0.0113485    0.145917   0.0535953 -0.00256551
 0.00723841   0.0535953    0.153949 -0.00667557
   0.247473 -0.00256551 -0.00667557    0.340027
IMAGINARY
           0   -0.0241717 -0.000507504   -0.0192016
   0.0241717            0 -0.000443518   -0.0160741
 0.000507504  0.000443518            0  -0.00771603
   0.0192016    0.0160741   0.00771603            0
EndNode2[0]<--->HoM1[0]
REAL
   0.373315  0.00864038 -0.00149238    0.243508
 0.00864038    0.168464   0.0672302   0.0102172
-0.00149238   0.0672302    0.145553  -0.0039424
   0.243508   0.0102172  -0.0039424    0.312668
IMAGINARY
          0   0.0129819 -0.00189957   0.0154842
 -0.0129819           0    0.008501   0.0143504
 0.00189957   -0.008501           0  -0.0215009
 -0.0154842  -0.0143504   0.0215009           0
Repeater1[0]<--->EndNode1[0]
REAL
   0.360107  0.00723841  -0.0113485    0.247473
 0.00723841    0.153949   0.0535953 -0.00667557
 -0.0113485   0.0535953    0.145917 -0.00256551
   0.247473 -0.00667557 -0.00256551    0.340027
IMAGINARY
           0 -0.000507504   -0.0241717   -0.0192016
 0.000507504            0  0.000443518  -0.00771603
   0.0241717 -0.000443518            0   -0.0160741
   0.0192016   0.00771603    0.0160741            0
Repeater1[0]<--->HoM1[0]
REAL
   0.373315 -0.00149238  0.00864038    0.243508
-0.00149238    0.145553   0.0672302  -0.0039424
 0.00864038   0.0672302    0.168464   0.0102172
   0.243508  -0.0039424   0.0102172    0.312668
IMAGINARY
          0 -0.00189957   0.0129819   0.0154842
 0.00189957           0   -0.008501  -0.0215009
 -0.0129819    0.008501           0   0.0143504
 -0.0154842   0.0215009  -0.0143504           0
EndNode1[0]<--->Repeater1[0]
REAL
   0.363065 0.000936523 0.000608895    0.243612
0.000936523    0.136935   0.0581899  -0.0128354
0.000608895   0.0581899    0.149497 -0.00544103
   0.243612  -0.0128354 -0.00544103    0.350503
IMAGINARY
          0    0.010334  0.00118529   0.0272101
  -0.010334           0  0.00301658   0.0103237
-0.00118529 -0.00301658           0  -0.0167279
 -0.0272101  -0.0103237   0.0167279           0
EndNode2[0]<--->HoM1[0]
REAL
   0.400261  0.00159064 -0.00725539    0.262559
 0.00159064    0.129074   0.0620246 -0.00106727
-0.00725539   0.0620246    0.146023  0.00673203
   0.262559 -0.00106727  0.00673203    0.324641
IMAGINARY
          0   0.0257465 -0.00749006 -0.00988651
 -0.0257465           0 -0.00620101  -0.0139003
 0.00749006  0.00620101           0  0.00901288
 0.00988651   0.0139003 -0.00901288           0
Repeater1[0]<--->EndNode1[0]
REAL
   0.363065 0.000608895 0.000936523    0.243612
0.000608895    0.149497   0.0581899 -0.00544103
0.000936523   0.0581899    0.136935  -0.0128354
   0.243612 -0.00544103  -0.0128354    0.350503
IMAGINARY
          0  0.00118529    0.010334   0.0272101
-0.00118529           0 -0.00301658  -0.0167279
  -0.010334  0.00301658           0   0.0103237
 -0.0272101   0.0167279  -0.0103237           0
Repeater1[0]<--->HoM1[0]
REAL
   0.400261 -0.00725539  0.00159064    0.262559
-0.00725539    0.146023   0.0620246  0.00673203
 0.00159064   0.0620246    0.129074 -0.00106727
   0.262559  0.00673203 -0.00106727    0.324641
IMAGINARY
          0 -0.00749006   0.0257465 -0.00988651
 0.00749006           0  0.00620101  0.00901288
 -0.0257465 -0.00620101           0  -0.0139003
 0.00988651 -0.00901288   0.0139003           0
EndNode1[0]<--->Repeater1[0]
REAL
   0.370038 -0.00174942   0.0100639    0.257394
-0.00174942    0.134443   0.0519489   0.0114008
  0.0100639   0.0519489    0.142125  0.00427467
   0.257394   0.0114008  0.00427467    0.353393
IMAGINARY
          0  -0.0208626  0.00793838 -0.00976431
  0.0208626           0 -0.00711881 -0.00422551
-0.00793838  0.00711881           0   0.0022982
 0.00976431  0.00422551  -0.0022982           0
EndNode2[0]<--->HoM1[0]
REAL
   0.344072 -0.00859858  0.00120105    0.262524
-0.00859858    0.140464   0.0607014 -0.00571718
 0.00120105   0.0607014    0.161082   0.0105341
   0.262524 -0.00571718   0.0105341    0.354381
IMAGINARY
          0   0.0198126 -0.00265516  0.00293101
 -0.0198126           0 -0.00096509   0.0365093
 0.00265516  0.00096509           0   -0.010698
-0.00293101  -0.0365093    0.010698           0
Repeater1[0]<--->EndNode1[0]
REAL
   0.370038   0.0100639 -0.00174942    0.257394
  0.0100639    0.142125   0.0519489  0.00427467
-0.00174942   0.0519489    0.134443   0.0114008
   0.257394  0.00427467   0.0114008    0.353393
IMAGINARY
          0  0.00793838  -0.0208626 -0.00976431
-0.00793838           0  0.00711881   0.0022982
  0.0208626 -0.00711881           0 -0.00422551
 0.00976431  -0.0022982  0.00422551           0
Repeater1[0]<--->HoM1[0]
REAL
   0.344072  0.00120105 -0.00859858    0.262524
 0.00120105    0.161082   0.0607014   0.0105341
-0.00859858   0.0607014    0.140464 -0.00571718
   0.262524   0.0105341 -0.00571718    0.354381
IMAGINARY
          0 -0.00265516   0.0198126  0.00293101
 0.00265516           0  0.00096509   -0.010698
 -0.0198126 -0.00096509           0   0.0365093
-0.00293101    0.010698  -0.0365093           0
EndNode1[0]<--->Repeater1[0]
REAL
   0.363753  0.00493267  -0.0108302    0.254505
 0.00493267    0.120823   0.0512961  0.00389451
 -0.0108302   0.0512961    0.160668 -0.00430216
   0.254505  0.00389451 -0.00430216    0.354756
IMAGINARY
          0 -0.00938532   0.0125805  -0.0136727
 0.00938532           0  -0.0180532  0.00212539
 -0.0125805   0.0180532           0 -0.00264677
  0.0136727 -0.00212539  0.00264677           0
EndNode2[0]<--->HoM1[0]
REAL
   0.391473  -0.0189291 -0.00192872    0.254967
 -0.0189291    0.147287   0.0639103   0.0108573
-0.00192872   0.0639103    0.148579  0.00234748
   0.254967   0.0108573  0.00234748    0.312661
IMAGINARY
           0   -0.0141523   -0.0285127   0.00389363
   0.0141523            0  0.000634181   0.00141246
   0.0285127 -0.000634181            0   0.00331216
 -0.00389363  -0.00141246  -0.00331216            0
Repeater1[0]<--->EndNode1[0]
REAL
   0.363753  -0.0108302  0.00493267    0.254505
 -0.0108302    0.160668   0.0512961 -0.00430216
 0.00493267   0.0512961    0.120823  0.00389451
   0.254505 -0.00430216  0.00389451    0.354756
IMAGINARY
          0   0.0125805 -0.00938532  -0.0136727
 -0.0125805           0   0.0180532 -0.00264677
 0.00938532  -0.0180532           0  0.00212539
  0.0136727  0.00264677 -0.00212539           0
Repeater1[0]<--->HoM1[0]
REAL
   0.391473 -0.00192872  -0.0189291    0.254967
-0.00192872    0.148579   0.0639103  0.00234748
 -0.0189291   0.0639103    0.147287   0.0108573
   0.254967  0.00234748   0.0108573    0.312661
IMAGINARY
           0   -0.0285127   -0.0141523   0.00389363
   0.0285127            0 -0.000634181   0.00331216
   0.0141523  0.000634181            0   0.00141246
 -0.00389363  -0.00331216  -0.00141246            0
EndNode1[0]<--->Repeater1[0]
REAL
   0.356771   0.0098215 0.000131435    0.250827
  0.0098215    0.161458    0.045537   0.0101716
0.000131435    0.045537    0.143229 0.000481528
   0.250827   0.0101716 0.000481528    0.338542
IMAGINARY
           0 -0.000169351    0.0197728   0.00123479
 0.000169351            0    0.0038803   -0.0059189
  -0.0197728   -0.0038803            0    -0.026279
 -0.00123479    0.0059189     0.026279            0
EndNode2[0]<--->HoM1[0]
REAL
   0.365729  0.00964617  0.00680424    0.261909
 0.00964617    0.154731   0.0545616 -0.00798071
 0.00680424   0.0545616    0.164962 -0.00611676
   0.261909 -0.00798071 -0.00611676    0.314578
IMAGINARY
           0    0.0150945    0.0137196  0.000354727
  -0.0150945            0   -0.0149991  -0.00313431
  -0.0137196    0.0149991            0   -0.0144718
-0.000354727   0.00313431    0.0144718            0
Repeater1[0]<--->EndNode1[0]
REAL
   0.356771 0.000131435   0.0098215    0.250827
0.000131435    0.143229    0.045537 0.000481528
  0.0098215    0.045537    0.161458   0.0101716
   0.250827 0.000481528   0.0101716    0.338542
IMAGINARY
           0    0.0197728 -0.000169351   0.00123479
  -0.0197728            0   -0.0038803    -0.026279
 0.000169351    0.0038803            0   -0.0059189
 -0.00123479     0.026279    0.0059189            0
Repeater1[0]<--->HoM1[0]
REAL
   0.365729  0.00680424  0.00964617    0.261909
 0.00680424    0.164962   0.0545616 -0.00611676
 0.00964617   0.0545616    0.154731 -0.00798071
   0.261909 -0.00611676 -0.00798071    0.314578
IMAGINARY
           0    0.0137196    0.0150945  0.000354727
  -0.0137196            0    0.0149991   -0.0144718
  -0.0150945   -0.0149991            0  -0.00313431
-0.000354727    0.0144718   0.00313431            0
EndNode1[0]<--->Repeater1[0]
REAL
    0.352217     0.013726  -0.00387351     0.252774
    0.013726     0.150246    0.0572392   0.00194796
 -0.00387351    0.0572392     0.141626 -0.000247225
    0.252774   0.00194796 -0.000247225     0.355911
IMAGINARY
          0  -0.0188779  0.00407104  0.00686356
  0.0188779           0  0.00418976  0.00472463
-0.00407104 -0.00418976           0  -0.0264536
-0.00686356 -0.00472463   0.0264536           0
EndNode2[0]<--->HoM1[0]
REAL
    0.381389  8.71878e-05 -0.000127591     0.241277
 8.71878e-05     0.123198    0.0382797   -0.0084931
-0.000127591    0.0382797      0.14941    0.0171542
    0.241277   -0.0084931    0.0171542     0.346003
IMAGINARY
           0 -0.000662536   0.00886574  -0.00814845
 0.000662536            0   -0.0100448   0.00203344
 -0.00886574    0.0100448            0  -0.00751185
  0.00814845  -0.00203344   0.00751185            0
Repeater1[0]<--->EndNode1[0]
REAL
    0.352217  -0.00387351     0.013726     0.252774
 -0.00387351     0.141626    0.0572392 -0.000247225
    0.013726    0.0572392     0.150246   0.00194796
    0.252774 -0.000247225   0.00194796     0.355911
IMAGINARY
          0  0.00407104  -0.0188779  0.00686356
-0.00407104           0 -0.00418976  -0.0264536
  0.0188779  0.00418976           0  0.00472463
-0.00686356   0.0264536 -0.00472463           0
Repeater1[0]<--->HoM1[0]
REAL
    0.381389 -0.000127591  8.71878e-05     0.241277
-0.000127591      0.14941    0.0382797    0.0171542
 8.71878e-05    0.0382797     0.123198   -0.0084931
    0.241277    0.0171542   -0.0084931     0.346003
IMAGINARY
           0   0.00886574 -0.000662536  -0.00814845
 -0.00886574            0    0.0100448  -0.00751185
 0.000662536   -0.0100448            0   0.00203344
  0.00814845   0.00751185  -0.00203344            0
EndNode1[0]<--->Repeater1[0]
REAL
   0.345578  -0.0025987  -0.0101142    0.248265
 -0.0025987    0.155102    0.024775 -0.00157765
 -0.0101142    0.024775    0.134694  -0.0242239
   0.248265 -0.00157765  -0.0242239    0.364626
IMAGINARY
          0  0.00701585 -0.00933287 -0.00503078
-0.00701585           0 -0.00699671   0.0167154
 0.00933287  0.00699671           0   0.0178164
 0.00503078  -0.0167154  -0.0178164           0
EndNode2[0]<--->HoM1[0]
REAL
  0.363514  0.0243702 0.00517661   0.253023
 0.0243702   0.148649  0.0350398 0.00517661
0.00517661  0.0350398   0.139189 -0.0213251
  0.253023 0.00517661 -0.0213251   0.348649
IMAGINARY
          0   0.0101844  0.00388514  -0.0342096
 -0.0101844           0  -0.0114823  0.00701405
-0.00388514   0.0114823           0  -0.0169964
  0.0342096 -0.00701405   0.0169964           0
Repeater1[0]<--->EndNode1[0]
REAL
   0.345578  -0.0101142  -0.0025987    0.248265
 -0.0101142    0.134694    0.024775  -0.0242239
 -0.0025987    0.024775    0.155102 -0.00157765
   0.248265  -0.0242239 -0.00157765    0.364626
IMAGINARY
          0 -0.00933287  0.00701585 -0.00503078
 0.00933287           0  0.00699671   0.0178164
-0.00701585 -0.00699671           0   0.0167154
 0.00503078  -0.0178164  -0.0167154           0
Repeater1[0]<--->HoM1[0]
REAL
  0.363514 0.00517661  0.0243702   0.253023
0.00517661   0.139189  0.0350398 -0.0213251
 0.0243702  0.0350398   0.148649 0.00517661
  0.253023 -0.0213251 0.00517661   0.348649
IMAGINARY
          0  0.00388514   0.0101844  -0.0342096
-0.00388514           0   0.0114823  -0.0169964
 -0.0101844  -0.0114823           0  0.00701405
  0.0342096   0.0169964 -0.00701405           0
EndNode1[0]<--->Repeater1[0]
REAL
  0.352113   0.021074 0.00106282   0.262514
  0.021074   0.138284  0.0554171 -0.0058904
0.00106282  0.0554171   0.140845 -0.0259016
  0.262514 -0.0058904 -0.0259016   0.368758
IMAGINARY
          0  0.00417851  -0.0116204  0.00648462
-0.00417851           0   0.0154132 -0.00579894
  0.0116204  -0.0154132           0   0.0119505
-0.00648462  0.00579894  -0.0119505           0
EndNode2[0]<--->HoM1[0]
REAL
    0.34912 -0.00294118  -0.0110333    0.256764
-0.00294118    0.143437   0.0641514  0.00384378
 -0.0110333   0.0641514    0.150203 -0.00294118
   0.256764  0.00384378 -0.00294118     0.35724
IMAGINARY
          0    0.011283 -0.00544411   0.0062527
  -0.011283           0  -0.0192131 -0.00247146
 0.00544411   0.0192131           0    0.013783
 -0.0062527  0.00247146   -0.013783           0
Repeater1[0]<--->EndNode1[0]
REAL
  0.352113 0.00106282   0.021074   0.262514
0.00106282   0.140845  0.0554171 -0.0259016
  0.021074  0.0554171   0.138284 -0.0058904
  0.262514 -0.0259016 -0.0058904   0.368758
IMAGINARY
          0  -0.0116204  0.00417851  0.00648462
  0.0116204           0  -0.0154132   0.0119505
-0.00417851   0.0154132           0 -0.00579894
-0.00648462  -0.0119505  0.00579894           0
Repeater1[0]<--->HoM1[0]
REAL
    0.34912  -0.0110333 -0.00294118    0.256764
 -0.0110333    0.150203   0.0641514 -0.00294118
-0.00294118   0.0641514    0.143437  0.00384378
   0.256764 -0.00294118  0.00384378     0.35724
IMAGINARY
          0 -0.00544411    0.011283   0.0062527
 0.00544411           0   0.0192131    0.013783
  -0.011283  -0.0192131           0 -0.00247146
 -0.0062527   -0.013783  0.00247146           0
EndNode1[0]<--->Repeater1[0]
REAL
   0.342649 -0.00854743  -0.0121084    0.235604
-0.00854743    0.145808   0.0490912  0.00886587
 -0.0121084   0.0490912    0.139733  0.00271085
   0.235604  0.00886587  0.00271085     0.37181
IMAGINARY
          0 -0.00593901  0.00576777  0.00989422
 0.00593901           0 -0.00867172   0.0106356
-0.00576777  0.00867172           0  0.00897668
-0.00989422  -0.0106356 -0.00897668           0
EndNode2[0]<--->HoM1[0]
REAL
  0.339975 -0.0153932 -0.0112219   0.274697
-0.0153932   0.144458  0.0482455 -0.0112219
-0.0112219  0.0482455   0.150685 0.00292434
  0.274697 -0.0112219 0.00292434   0.364882
IMAGINARY
           0   0.00320652   -0.0114591  0.000223105
 -0.00320652            0    0.0295614   0.00178172
   0.0114591   -0.0295614            0    0.0167935
-0.000223105  -0.00178172   -0.0167935            0
Repeater1[0]<--->EndNode1[0]
REAL
   0.342649  -0.0121084 -0.00854743    0.235604
 -0.0121084    0.139733   0.0490912  0.00271085
-0.00854743   0.0490912    0.145808  0.00886587
   0.235604  0.00271085  0.00886587     0.37181
IMAGINARY
          0  0.00576777 -0.00593901  0.00989422
-0.00576777           0  0.00867172  0.00897668
 0.00593901 -0.00867172           0   0.0106356
-0.00989422 -0.00897668  -0.0106356           0
Repeater1[0]<--->HoM1[0]
REAL
  0.339975 -0.0112219 -0.0153932   0.274697
-0.0112219   0.150685  0.0482455 0.00292434
-0.0153932  0.0482455   0.144458 -0.0112219
  0.274697 0.00292434 -0.0112219   0.364882
IMAGINARY
           0   -0.0114591   0.00320652  0.000223105
   0.0114591            0   -0.0295614    0.0167935
 -0.00320652    0.0295614            0   0.00178172
-0.000223105   -0.0167935  -0.00178172            0
EndNode1[0]<--->Repeater1[0]
REAL
   0.380319 -0.00619296   0.0177823    0.258657
-0.00619296    0.132979   0.0601176  -0.0080039
  0.0177823   0.0601176    0.132979 -0.00619296
   0.258657  -0.0080039 -0.00619296    0.353723
IMAGINARY
          0 -0.00352132 -0.00533501   -0.016199
 0.00352132           0 -0.00482013   0.0113111
 0.00533501  0.00482013           0  0.00684137
   0.016199  -0.0113111 -0.00684137           0
EndNode2[0]<--->HoM1[0]
REAL
   0.362003  0.00725144  -0.0168276    0.243586
 0.00725144    0.150193   0.0621137   0.0129416
 -0.0168276   0.0621137    0.119384 -0.00595611
   0.243586   0.0129416 -0.00595611    0.368421
IMAGINARY
          0 -0.00250841  -0.0133116   0.0188718
 0.00250841           0   0.0123782  0.00950453
  0.0133116  -0.0123782           0 -0.00510581
 -0.0188718 -0.00950453  0.00510581           0
Repeater1[0]<--->EndNode1[0]
REAL
   0.380319   0.0177823 -0.00619296    0.258657
  0.0177823    0.132979   0.0601176 -0.00619296
-0.00619296   0.0601176    0.132979  -0.0080039
   0.258657 -0.00619296  -0.0080039    0.353723
IMAGINARY
          0 -0.00533501 -0.00352132   -0.016199
 0.00533501           0  0.00482013  0.00684137
 0.00352132 -0.00482013           0   0.0113111
   0.016199 -0.00684137  -0.0113111           0
Repeater1[0]<--->HoM1[0]
REAL
   0.362003  -0.0168276  0.00725144    0.243586
 -0.0168276    0.119384   0.0621137 -0.00595611
 0.00725144   0.0621137    0.150193   0.0129416
   0.243586 -0.00595611   0.0129416    0.368421
IMAGINARY
          0  -0.0133116 -0.00250841   0.0188718
  0.0133116           0  -0.0123782 -0.00510581
 0.00250841   0.0123782           0  0.00950453
 -0.0188718  0.00510581 -0.00950453           0
EndNode1[0]<--->Repeater1[0]
REAL
   0.351531  -0.0134605 -0.00283499     0.24972
 -0.0134605    0.133156   0.0652353 0.000933852
-0.00283499   0.0652353    0.155792 -0.00111487
    0.24972 0.000933852 -0.00111487    0.359521
IMAGINARY
          0 -0.00425787   0.0088433  -0.0185342
 0.00425787           0 -0.00669214 -0.00428006
 -0.0088433  0.00669214           0 -0.00552049
  0.0185342  0.00428006  0.00552049           0
EndNode2[0]<--->HoM1[0]
REAL
   0.383413 -0.00518811 -0.00542427    0.262902
-0.00518811    0.122596   0.0686766  -0.0156284
-0.00542427   0.0686766    0.141827  -0.0184961
   0.262902  -0.0156284  -0.0184961    0.352163
IMAGINARY
           0  -0.00258785  -0.00110439  -0.00485211
  0.00258785            0   -0.0122149    0.0155401
  0.00110439    0.0122149            0 -3.68258e-05
  0.00485211   -0.0155401  3.68258e-05            0
Repeater1[0]<--->EndNode1[0]
REAL
   0.351531 -0.00283499  -0.0134605     0.24972
-0.00283499    0.155792   0.0652353 -0.00111487
 -0.0134605   0.0652353    0.133156 0.000933852
    0.24972 -0.00111487 0.000933852    0.359521
IMAGINARY
          0   0.0088433 -0.00425787  -0.0185342
 -0.0088433           0  0.00669214 -0.00552049
 0.00425787 -0.00669214           0 -0.00428006
  0.0185342  0.00552049  0.00428006           0
Repeater1[0]<--->HoM1[0]
REAL
   0.383413 -0.00542427 -0.00518811    0.262902
-0.00542427    0.141827   0.0686766  -0.0184961
-0.00518811   0.0686766    0.122596  -0.0156284
   0.262902  -0.0184961  -0.0156284    0.352163
IMAGINARY
           0  -0.00110439  -0.00258785  -0.00485211
  0.00110439            0    0.0122149 -3.68258e-05
  0.00258785   -0.0122149            0    0.0155401
  0.00485211  3.68258e-05   -0.0155401            0
EndNode1[0]<--->Repeater1[0]
REAL
   0.386454 -0.00127115  0.00553559    0.255245
-0.00127115     0.12749   0.0668483  0.00492953
 0.00553559   0.0668483    0.123506  0.00359673
   0.255245  0.00492953  0.00359673     0.36255
IMAGINARY
          0    0.010143 -0.00710687  0.00872723
  -0.010143           0 -0.00677665   0.0051512
 0.00710687  0.00677665           0   0.0035467
-0.00872723  -0.0051512  -0.0035467           0
EndNode2[0]<--->HoM1[0]
REAL
    0.366999   -0.0134687 -4.97338e-05     0.252021
  -0.0134687     0.153627    0.0467444   -0.0024194
-4.97338e-05    0.0467444     0.123755   -0.0173954
    0.252021   -0.0024194   -0.0173954     0.355619
IMAGINARY
          0 -0.00290405  0.00853366   0.0385253
 0.00290405           0  0.00563055 -0.00402915
-0.00853366 -0.00563055           0  0.00998255
 -0.0385253  0.00402915 -0.00998255           0
Repeater1[0]<--->EndNode1[0]
REAL
   0.386454  0.00553559 -0.00127115    0.255245
 0.00553559    0.123506   0.0668483  0.00359673
-0.00127115   0.0668483     0.12749  0.00492953
   0.255245  0.00359673  0.00492953     0.36255
IMAGINARY
          0 -0.00710687    0.010143  0.00872723
 0.00710687           0  0.00677665   0.0035467
  -0.010143 -0.00677665           0   0.0051512
-0.00872723  -0.0035467  -0.0051512           0
Repeater1[0]<--->HoM1[0]
REAL
    0.366999 -4.97338e-05   -0.0134687     0.252021
-4.97338e-05     0.123755    0.0467444   -0.0173954
  -0.0134687    0.0467444     0.153627   -0.0024194
    0.252021   -0.0173954   -0.0024194     0.355619
IMAGINARY
          0  0.00853366 -0.00290405   0.0385253
-0.00853366           0 -0.00563055  0.00998255
 0.00290405  0.00563055           0 -0.00402915
 -0.0385253 -0.00998255  0.00402915           0
EndNode1[0]<--->Repeater1[0]
REAL
   0.371912  0.00414617 -0.00998893    0.255357
 0.00414617    0.135241    0.067185   0.0207803
-0.00998893    0.067185    0.143043   0.0258298
   0.255357   0.0207803   0.0258298    0.349805
IMAGINARY
           0   0.00132932 -0.000104767 -0.000562155
 -0.00132932            0  -0.00252808   -0.0146802
 0.000104767   0.00252808            0   0.00270294
 0.000562155    0.0146802  -0.00270294            0
EndNode2[0]<--->HoM1[0]
REAL
   0.359249   0.0197987 -0.00836774     0.25753
  0.0197987    0.135389   0.0585773      0.0332
-0.00836774   0.0585773    0.134048   0.0197987
    0.25753      0.0332   0.0197987    0.371314
IMAGINARY
           0  0.000967523 -7.15681e-05  -0.00169596
-0.000967523            0   0.00484854   -0.0103996
 7.15681e-05  -0.00484854            0    0.0225927
  0.00169596    0.0103996   -0.0225927            0
Repeater1[0]<--->EndNode1[0]
REAL
   0.371912 -0.00998893  0.00414617    0.255357
-0.00998893    0.143043    0.067185   0.0258298
 0.00414617    0.067185    0.135241   0.0207803
   0.255357   0.0258298   0.0207803    0.349805
IMAGINARY
           0 -0.000104767   0.00132932 -0.000562155
 0.000104767            0   0.00252808   0.00270294
 -0.00132932  -0.00252808            0   -0.0146802
 0.000562155  -0.00270294    0.0146802            0
Repeater1[0]<--->HoM1[0]
REAL
   0.359249 -0.00836774   0.0197987     0.25753
-0.00836774    0.134048   0.0585773   0.0197987
  0.0197987   0.0585773    0.135389      0.0332
    0.25753   0.0197987      0.0332    0.371314
IMAGINARY
           0 -7.15681e-05  0.000967523  -0.00169596
 7.15681e-05            0  -0.00484854    0.0225927
-0.000967523   0.00484854            0   -0.0103996
  0.00169596   -0.0225927    0.0103996            0
EndNode1[0]<--->Repeater1[0]
REAL
   0.383648  0.00158101  0.00556921    0.245616
 0.00158101    0.159748   0.0407415  -0.0165087
 0.00556921   0.0407415    0.142138 0.000349487
   0.245616  -0.0165087 0.000349487    0.314465
IMAGINARY
          0   0.0143422  -0.0100111 -0.00125093
 -0.0143422           0  0.00793542   0.0133049
  0.0100111 -0.00793542           0  -0.0123659
 0.00125093  -0.0133049   0.0123659           0
EndNode2[0]<--->HoM1[0]
REAL
   0.387399 -0.00646147 -0.00749826    0.253028
-0.00646147    0.127346   0.0506615 -0.00238317
-0.00749826   0.0506615    0.140751  -0.0100076
   0.253028 -0.00238317  -0.0100076    0.344504
IMAGINARY
          0   0.0075773  0.00712606   0.0273637
 -0.0075773           0  -0.0220586   0.0121766
-0.00712606   0.0220586           0  -0.0106906
 -0.0273637  -0.0121766   0.0106906           0
Repeater1[0]<--->EndNode1[0]
REAL
   0.383648  0.00556921  0.00158101    0.245616
 0.00556921    0.142138   0.0407415 0.000349487
 0.00158101   0.0407415    0.159748  -0.0165087
   0.245616 0.000349487  -0.0165087    0.314465
IMAGINARY
          0  -0.0100111   0.0143422 -0.00125093
  0.0100111           0 -0.00793542  -0.0123659
 -0.0143422  0.00793542           0   0.0133049
 0.00125093   0.0123659  -0.0133049           0
Repeater1[0]<--->HoM1[0]
REAL
   0.387399 -0.00749826 -0.00646147    0.253028
-0.00749826    0.140751   0.0506615  -0.0100076
-0.00646147   0.0506615    0.127346 -0.00238317
   0.253028  -0.0100076 -0.00238317    0.344504
IMAGINARY
          0  0.00712606   0.0075773   0.0273637
-0.00712606           0   0.0220586  -0.0106906
 -0.0075773  -0.0220586           0   0.0121766
 -0.0273637   0.0106906  -0.0121766           0
EndNode1[0]<--->Repeater1[0]
REAL
    0.377171   -0.0119179  0.000621891     0.232108
  -0.0119179     0.135236    0.0697536 -0.000621891
 0.000621891    0.0697536     0.150124   0.00792849
    0.232108 -0.000621891   0.00792849     0.337469
IMAGINARY
          0   0.0312144   0.0078425   0.0175973
 -0.0312144           0  -0.0124427 -0.00460835
 -0.0078425   0.0124427           0  -0.0228057
 -0.0175973  0.00460835   0.0228057           0
EndNode2[0]<--->HoM1[0]
REAL
   0.361001 -0.00808182   -0.026965     0.24844
-0.00808182    0.152833   0.0752375 -0.00452113
  -0.026965   0.0752375    0.162055  -0.0158477
    0.24844 -0.00452113  -0.0158477    0.324111
IMAGINARY
          0  0.00751634   0.0179038  -0.0132656
-0.00751634           0 -0.00286341  -0.0120214
 -0.0179038  0.00286341           0  0.00751634
  0.0132656   0.0120214 -0.00751634           0
Repeater1[0]<--->EndNode1[0]
REAL
    0.377171  0.000621891   -0.0119179     0.232108
 0.000621891     0.150124    0.0697536   0.00792849
  -0.0119179    0.0697536     0.135236 -0.000621891
    0.232108   0.00792849 -0.000621891     0.337469
IMAGINARY
          0   0.0078425   0.0312144   0.0175973
 -0.0078425           0   0.0124427  -0.0228057
 -0.0312144  -0.0124427           0 -0.00460835
 -0.0175973   0.0228057  0.00460835           0
Repeater1[0]<--->HoM1[0]
REAL
   0.361001   -0.026965 -0.00808182     0.24844
  -0.026965    0.162055   0.0752375  -0.0158477
-0.00808182   0.0752375    0.152833 -0.00452113
    0.24844  -0.0158477 -0.00452113    0.324111
IMAGINARY
          0   0.0179038  0.00751634  -0.0132656
 -0.0179038           0  0.00286341  0.00751634
-0.00751634 -0.00286341           0  -0.0120214
  0.0132656 -0.00751634   0.0120214           0
EndNode1[0]<--->Repeater1[0]
REAL
    0.373541  -0.00253286  -0.00833633     0.229472
 -0.00253286     0.130999    0.0554744 -0.000624246
 -0.00833633    0.0554744     0.153048    0.0174671
    0.229472 -0.000624246    0.0174671     0.342412
IMAGINARY
           0   0.00129282    0.0187073 -0.000279731
 -0.00129282            0    -0.012508  -0.00124285
  -0.0187073     0.012508            0   0.00194133
 0.000279731   0.00124285  -0.00194133            0
EndNode2[0]<--->HoM1[0]
REAL
   0.372152  -0.0164378 -0.00436409    0.265157
 -0.0164378    0.141772   0.0741751  0.00436409
-0.00436409   0.0741751    0.139241 -0.00541313
   0.265157  0.00436409 -0.00541313    0.346835
IMAGINARY
          0  -0.0110758  0.00240119   0.0167999
  0.0110758           0  0.00669884  0.00688263
-0.00240119 -0.00669884           0   0.0137283
 -0.0167999 -0.00688263  -0.0137283           0
Repeater1[0]<--->EndNode1[0]
REAL
    0.373541  -0.00833633  -0.00253286     0.229472
 -0.00833633     0.153048    0.0554744    0.0174671
 -0.00253286    0.0554744     0.130999 -0.000624246
    0.229472    0.0174671 -0.000624246     0.342412
IMAGINARY
           0    0.0187073   0.00129282 -0.000279731
  -0.0187073            0     0.012508   0.00194133
 -0.00129282    -0.012508            0  -0.00124285
 0.000279731  -0.00194133   0.00124285            0
Repeater1[0]<--->HoM1[0]
REAL
   0.372152 -0.00436409  -0.0164378    0.265157
-0.00436409    0.139241   0.0741751 -0.00541313
 -0.0164378   0.0741751    0.141772  0.00436409
   0.265157 -0.00541313  0.00436409    0.346835
IMAGINARY
          0  0.00240119  -0.0110758   0.0167999
-0.00240119           0 -0.00669884   0.0137283
  0.0110758  0.00669884           0  0.00688263
 -0.0167999  -0.0137283 -0.00688263           0
EndNode1[0]<--->Repeater1[0]
REAL
  0.362162 -0.0051756  -0.008589    0.25968
-0.0051756   0.186486  0.0560756   0.010495
 -0.008589  0.0560756   0.139189  0.0134348
   0.25968   0.010495  0.0134348   0.312162
IMAGINARY
           0    0.0130449   -0.0086605   -0.0152808
  -0.0130449            0    0.0212728    0.0106632
   0.0086605   -0.0212728            0  0.000973768
