EndNode1[0]<--->Repeater1[0]
REAL
  0.469388  0.0192904  0.0114985   0.365692
 0.0192904  0.0598639   0.013795 0.00132206
 0.0114985   0.013795  0.0489796 0.00378652
  0.365692 0.00132206 0.00378652   0.421769
IMAGINARY
           0 -0.000644635  -0.00581395   -0.0148596
 0.000644635            0   0.00540184    0.0174419
  0.00581395  -0.00540184            0   -0.0073113
   0.0148596   -0.0174419    0.0073113            0
EndNode2[0]<--->HoM1[0]
REAL
   0.429487   0.0122368 -0.00165913     0.36678
  0.0122368   0.0679487   0.0246103 -0.00695014
-0.00165913   0.0246103   0.0538462    -0.01025
    0.36678 -0.00695014    -0.01025    0.448718
IMAGINARY
          0   0.0268581 -0.00797182  -0.0102968
 -0.0268581           0   0.0057923  -0.0111404
 0.00797182  -0.0057923           0  0.00211849
  0.0102968   0.0111404 -0.00211849           0
Repeater1[0]<--->EndNode1[0]
REAL
  0.469388  0.0114985  0.0192904   0.365692
 0.0114985  0.0489796   0.013795 0.00378652
 0.0192904   0.013795  0.0598639 0.00132206
  0.365692 0.00378652 0.00132206   0.421769
IMAGINARY
           0  -0.00581395 -0.000644635   -0.0148596
  0.00581395            0  -0.00540184   -0.0073113
 0.000644635   0.00540184            0    0.0174419
   0.0148596    0.0073113   -0.0174419            0
Repeater1[0]<--->HoM1[0]
REAL
   0.429487 -0.00165913   0.0122368     0.36678
-0.00165913   0.0538462   0.0246103    -0.01025
  0.0122368   0.0246103   0.0679487 -0.00695014
    0.36678    -0.01025 -0.00695014    0.448718
IMAGINARY
          0 -0.00797182   0.0268581  -0.0102968
 0.00797182           0  -0.0057923  0.00211849
 -0.0268581   0.0057923           0  -0.0111404
  0.0102968 -0.00211849   0.0111404           0
EndNode1[0]<--->Repeater1[0]
REAL
   0.443312 -0.00113246 -0.00631936    0.360076
-0.00113246   0.0624204   0.0278101   0.0050307
-0.00631936   0.0278101   0.0585987   0.0140191
   0.360076   0.0050307   0.0140191    0.435669
IMAGINARY
          0  -0.0012135  0.00133536  0.00730664
  0.0012135           0 -0.00412193 -0.00581679
-0.00133536  0.00412193           0  -0.0186329
-0.00730664  0.00581679   0.0186329           0
EndNode2[0]<--->HoM1[0]
REAL
  0.425033 -0.0079104 -0.0276823   0.373358
-0.0079104  0.0638853  0.0211731 -0.0126823
-0.0276823  0.0211731  0.0586701 -0.0129229
  0.373358 -0.0126823 -0.0129229   0.452412
IMAGINARY
          0   0.0266794 -0.00545585  -0.0055567
 -0.0266794           0   0.0155701 -0.00482692
 0.00545585  -0.0155701           0 -0.00996985
  0.0055567  0.00482692  0.00996985           0
Repeater1[0]<--->EndNode1[0]
REAL
   0.443312 -0.00631936 -0.00113246    0.360076
-0.00631936   0.0585987   0.0278101   0.0140191
-0.00113246   0.0278101   0.0624204   0.0050307
   0.360076   0.0140191   0.0050307    0.435669
IMAGINARY
          0  0.00133536  -0.0012135  0.00730664
-0.00133536           0  0.00412193  -0.0186329
  0.0012135 -0.00412193           0 -0.00581679
-0.00730664   0.0186329  0.00581679           0
Repeater1[0]<--->HoM1[0]
REAL
  0.425033 -0.0276823 -0.0079104   0.373358
-0.0276823  0.0586701  0.0211731 -0.0129229
-0.0079104  0.0211731  0.0638853 -0.0126823
  0.373358 -0.0129229 -0.0126823   0.452412
IMAGINARY
          0 -0.00545585   0.0266794  -0.0055567
 0.00545585           0  -0.0155701 -0.00996985
 -0.0266794   0.0155701           0 -0.00482692
  0.0055567  0.00996985  0.00482692           0
EndNode1[0]<--->Repeater1[0]
REAL
   0.412621 -0.00229463  0.00418626    0.364634
-0.00229463   0.0533981   0.0232638 -0.00354932
 0.00418626   0.0232638   0.0667476   0.0182182
   0.364634 -0.00354932   0.0182182    0.467233
IMAGINARY
          0   0.0182221  0.00164468  -0.0049083
 -0.0182221           0  0.00804507 -0.00672083
-0.00164468 -0.00804507           0   -0.014415
  0.0049083  0.00672083    0.014415           0
EndNode2[0]<--->HoM1[0]
REAL
    0.46397   0.0134776 -0.00736211    0.378674
  0.0134776   0.0644753   0.0234426   0.0100076
-0.00736211   0.0234426   0.0429836  0.00239544
   0.378674   0.0100076  0.00239544    0.428571
IMAGINARY
          0   0.0214346 -0.00299859  -0.0101174
 -0.0214346           0   0.0173257 -0.00430068
 0.00299859  -0.0173257           0 -0.00805259
  0.0101174  0.00430068  0.00805259           0
Repeater1[0]<--->EndNode1[0]
REAL
   0.412621  0.00418626 -0.00229463    0.364634
 0.00418626   0.0667476   0.0232638   0.0182182
-0.00229463   0.0232638   0.0533981 -0.00354932
   0.364634   0.0182182 -0.00354932    0.467233
IMAGINARY
          0  0.00164468   0.0182221  -0.0049083
-0.00164468           0 -0.00804507   -0.014415
 -0.0182221  0.00804507           0 -0.00672083
  0.0049083    0.014415  0.00672083           0
Repeater1[0]<--->HoM1[0]
REAL
    0.46397 -0.00736211   0.0134776    0.378674
-0.00736211   0.0429836   0.0234426  0.00239544
  0.0134776   0.0234426   0.0644753   0.0100076
   0.378674  0.00239544   0.0100076    0.428571
IMAGINARY
          0 -0.00299859   0.0214346  -0.0101174
 0.00299859           0  -0.0173257 -0.00805259
 -0.0214346   0.0173257           0 -0.00430068
  0.0101174  0.00805259  0.00430068           0
EndNode1[0]<--->Repeater1[0]
REAL
    0.431034   -0.0101097    0.0171168     0.371122
  -0.0101097    0.0795756    0.0141648 -0.000907278
   0.0171168    0.0141648    0.0530504  -0.00111226
    0.371122 -0.000907278  -0.00111226      0.43634
IMAGINARY
          0 -0.00635663 -0.00833484  0.00656288
 0.00635663           0   0.0184676  -0.0235247
 0.00833484  -0.0184676           0  0.00960761
-0.00656288   0.0235247 -0.00960761           0
EndNode2[0]<--->HoM1[0]
REAL
   0.419876 -0.00943277 -0.00755483    0.364116
-0.00943277   0.0720497   0.0259364   0.0127904
-0.00755483   0.0259364   0.0695652    0.019904
   0.364116   0.0127904    0.019904    0.438509
IMAGINARY
          0  -0.0113567   0.0157465  -0.0245386
  0.0113567           0  0.00635676 -0.00247214
 -0.0157465 -0.00635676           0  -0.0120314
  0.0245386  0.00247214   0.0120314           0
Repeater1[0]<--->EndNode1[0]
REAL
    0.431034    0.0171168   -0.0101097     0.371122
   0.0171168    0.0530504    0.0141648  -0.00111226
  -0.0101097    0.0141648    0.0795756 -0.000907278
    0.371122  -0.00111226 -0.000907278      0.43634
IMAGINARY
          0 -0.00833484 -0.00635663  0.00656288
 0.00833484           0  -0.0184676  0.00960761
 0.00635663   0.0184676           0  -0.0235247
-0.00656288 -0.00960761   0.0235247           0
Repeater1[0]<--->HoM1[0]
REAL
   0.419876 -0.00755483 -0.00943277    0.364116
-0.00755483   0.0695652   0.0259364    0.019904
-0.00943277   0.0259364   0.0720497   0.0127904
   0.364116    0.019904   0.0127904    0.438509
IMAGINARY
          0   0.0157465  -0.0113567  -0.0245386
 -0.0157465           0 -0.00635676  -0.0120314
  0.0113567  0.00635676           0 -0.00247214
  0.0245386   0.0120314  0.00247214           0
EndNode1[0]<--->Repeater1[0]
REAL
   0.446565 -0.00913125 0.000575728    0.355244
-0.00913125   0.0572519   0.0275681  -0.0109924
0.000575728   0.0275681   0.0648855   0.0143396
   0.355244  -0.0109924   0.0143396    0.431298
IMAGINARY
          0   0.0321965  -0.0216371   0.0181904
 -0.0321965           0  -0.0097769  -0.0162219
  0.0216371   0.0097769           0  0.00044058
 -0.0181904   0.0162219 -0.00044058           0
EndNode2[0]<--->HoM1[0]
REAL
   0.416562 -0.00584657  -0.0061429    0.365198
-0.00584657   0.0727729   0.0119307   -0.004806
 -0.0061429   0.0119307   0.0614806 -0.00388579
   0.365198   -0.004806 -0.00388579    0.449184
IMAGINARY
          0   0.0126464 -0.00952837   0.0143748
 -0.0126464           0    0.029781  -0.0219143
 0.00952837   -0.029781           0    0.010165
 -0.0143748   0.0219143   -0.010165           0
Repeater1[0]<--->EndNode1[0]
REAL
   0.446565 0.000575728 -0.00913125    0.355244
0.000575728   0.0648855   0.0275681   0.0143396
-0.00913125   0.0275681   0.0572519  -0.0109924
   0.355244   0.0143396  -0.0109924    0.431298
IMAGINARY
          0  -0.0216371   0.0321965   0.0181904
  0.0216371           0   0.0097769  0.00044058
 -0.0321965  -0.0097769           0  -0.0162219
 -0.0181904 -0.00044058   0.0162219           0
Repeater1[0]<--->HoM1[0]
REAL
   0.416562  -0.0061429 -0.00584657    0.365198
 -0.0061429   0.0614806   0.0119307 -0.00388579
-0.00584657   0.0119307   0.0727729   -0.004806
   0.365198 -0.00388579   -0.004806    0.449184
IMAGINARY
          0 -0.00952837   0.0126464   0.0143748
 0.00952837           0   -0.029781    0.010165
 -0.0126464    0.029781           0  -0.0219143
 -0.0143748   -0.010165   0.0219143           0
EndNode1[0]<--->Repeater1[0]
REAL
   0.44542 0.00427585  -0.013004   0.360303
0.00427585  0.0564617  0.0274259 0.00647655
 -0.013004  0.0274259    0.06399 0.00225156
  0.360303 0.00647655 0.00225156   0.434128
IMAGINARY
          0 -0.00526883  -0.0123355  0.00296721
 0.00526883           0  -0.0164807   0.0191849
  0.0123355   0.0164807           0   0.0285565
-0.00296721  -0.0191849  -0.0285565           0
EndNode2[0]<--->HoM1[0]
REAL
   0.440945  0.00528447  0.00622687    0.363005
 0.00528447   0.0629921   0.0164701 -0.00384024
 0.00622687   0.0164701   0.0669291  0.00784202
   0.363005 -0.00384024  0.00784202    0.429134
IMAGINARY
          0  -0.0269662  0.00335495   0.0129738
  0.0269662           0  0.00449927   0.0226352
-0.00335495 -0.00449927           0 -0.00892493
 -0.0129738  -0.0226352  0.00892493           0
Repeater1[0]<--->EndNode1[0]
REAL
   0.44542  -0.013004 0.00427585   0.360303
 -0.013004    0.06399  0.0274259 0.00225156
0.00427585  0.0274259  0.0564617 0.00647655
  0.360303 0.00225156 0.00647655   0.434128
IMAGINARY
          0  -0.0123355 -0.00526883  0.00296721
  0.0123355           0   0.0164807   0.0285565
 0.00526883  -0.0164807           0   0.0191849
-0.00296721  -0.0285565  -0.0191849           0
Repeater1[0]<--->HoM1[0]
REAL
   0.440945  0.00622687  0.00528447    0.363005
 0.00622687   0.0669291   0.0164701  0.00784202
 0.00528447   0.0164701   0.0629921 -0.00384024
   0.363005  0.00784202 -0.00384024    0.429134
IMAGINARY
          0  0.00335495  -0.0269662   0.0129738
-0.00335495           0 -0.00449927 -0.00892493
  0.0269662  0.00449927           0   0.0226352
 -0.0129738  0.00892493  -0.0226352           0
EndNode1[0]<--->Repeater1[0]
REAL
   0.425587  -0.0231956 -0.00164833    0.347167
 -0.0231956   0.0704961   0.0170758  -0.0086547
-0.00164833   0.0170758    0.073107   0.0250138
   0.347167  -0.0086547   0.0250138    0.430809
IMAGINARY
          0   0.0117734  -0.0177316  -0.0153944
 -0.0117734           0  0.00549337  0.00670696
  0.0177316 -0.00549337           0 -0.00204573
  0.0153944 -0.00670696  0.00204573           0
EndNode2[0]<--->HoM1[0]
REAL
    0.429688 -0.000494122   -0.0064478     0.364485
-0.000494122    0.0638021     0.020588    0.0084293
  -0.0064478     0.020588    0.0533854    0.0222907
    0.364485    0.0084293    0.0222907     0.453125
IMAGINARY
          0  0.00871429  -0.0215342 -0.00823252
-0.00871429           0  0.00039962   0.0121445
  0.0215342 -0.00039962           0 -0.00754058
 0.00823252  -0.0121445  0.00754058           0
Repeater1[0]<--->EndNode1[0]
REAL
   0.425587 -0.00164833  -0.0231956    0.347167
-0.00164833    0.073107   0.0170758   0.0250138
 -0.0231956   0.0170758   0.0704961  -0.0086547
   0.347167   0.0250138  -0.0086547    0.430809
IMAGINARY
          0  -0.0177316   0.0117734  -0.0153944
  0.0177316           0 -0.00549337 -0.00204573
 -0.0117734  0.00549337           0  0.00670696
  0.0153944  0.00204573 -0.00670696           0
Repeater1[0]<--->HoM1[0]
REAL
    0.429688   -0.0064478 -0.000494122     0.364485
  -0.0064478    0.0533854     0.020588    0.0222907
-0.000494122     0.020588    0.0638021    0.0084293
    0.364485    0.0222907    0.0084293     0.453125
IMAGINARY
          0  -0.0215342  0.00871429 -0.00823252
  0.0215342           0 -0.00039962 -0.00754058
-0.00871429  0.00039962           0   0.0121445
 0.00823252  0.00754058  -0.0121445           0
EndNode1[0]<--->Repeater1[0]
REAL
   0.42764 0.00355319 0.00496445   0.360819
0.00355319  0.0730117  0.0279278  0.0180535
0.00496445  0.0279278  0.0756193 0.00539821
  0.360819  0.0180535 0.00539821   0.423729
IMAGINARY
          0  0.00705503   0.0104151  0.00722634
-0.00705503           0  -0.0162007  -0.0263303
 -0.0104151   0.0162007           0  0.00886009
-0.00722634   0.0263303 -0.00886009           0
EndNode2[0]<--->HoM1[0]
REAL
   0.464474  -0.0144916 -0.00778955    0.368925
 -0.0144916   0.0381579 -0.00300288  -0.0103669
-0.00778955 -0.00300288   0.0552632   0.0242681
   0.368925  -0.0103669   0.0242681    0.442105
IMAGINARY
          0  0.00160127   0.0139986 -0.00208221
-0.00160127           0  -0.0211298  0.00346579
 -0.0139986   0.0211298           0  -0.0281213
 0.00208221 -0.00346579   0.0281213           0
Repeater1[0]<--->EndNode1[0]
REAL
   0.42764 0.00496445 0.00355319   0.360819
0.00496445  0.0756193  0.0279278 0.00539821
0.00355319  0.0279278  0.0730117  0.0180535
  0.360819 0.00539821  0.0180535   0.423729
IMAGINARY
          0   0.0104151  0.00705503  0.00722634
 -0.0104151           0   0.0162007  0.00886009
-0.00705503  -0.0162007           0  -0.0263303
-0.00722634 -0.00886009   0.0263303           0
Repeater1[0]<--->HoM1[0]
REAL
   0.464474 -0.00778955  -0.0144916    0.368925
-0.00778955   0.0552632 -0.00300288   0.0242681
 -0.0144916 -0.00300288   0.0381579  -0.0103669
   0.368925   0.0242681  -0.0103669    0.442105
IMAGINARY
          0   0.0139986  0.00160127 -0.00208221
 -0.0139986           0   0.0211298  -0.0281213
-0.00160127  -0.0211298           0  0.00346579
 0.00208221   0.0281213 -0.00346579           0
EndNode1[0]<--->Repeater1[0]
REAL
   0.441454  -0.0117858 -0.00696432    0.352945
 -0.0117858   0.0659489   0.0246867  -0.0101409
-0.00696432   0.0246867   0.0565276 -0.00926687
   0.352945  -0.0101409 -0.00926687     0.43607
IMAGINARY
          0 -0.00124991 -0.00526749  -0.0229079
 0.00124991           0   0.0172475 -0.00264969
 0.00526749  -0.0172475           0 -0.00910332
  0.0229079  0.00264969  0.00910332           0
EndNode2[0]<--->HoM1[0]
REAL
   0.435162 -0.00122524  -0.0172555    0.348991
-0.00122524   0.0523691   0.0145882 -0.00214378
 -0.0172555   0.0145882   0.0610973 -0.00190367
   0.348991 -0.00214378 -0.00190367    0.451372
IMAGINARY
           0   0.00478029 -0.000542005  -0.00332484
 -0.00478029            0   -0.0113248   -0.0116531
 0.000542005    0.0113248            0   0.00356374
  0.00332484    0.0116531  -0.00356374            0
Repeater1[0]<--->EndNode1[0]
REAL
   0.441454 -0.00696432  -0.0117858    0.352945
-0.00696432   0.0565276   0.0246867 -0.00926687
 -0.0117858   0.0246867   0.0659489  -0.0101409
   0.352945 -0.00926687  -0.0101409     0.43607
IMAGINARY
          0 -0.00526749 -0.00124991  -0.0229079
 0.00526749           0  -0.0172475 -0.00910332
 0.00124991   0.0172475           0 -0.00264969
  0.0229079  0.00910332  0.00264969           0
Repeater1[0]<--->HoM1[0]
REAL
   0.435162  -0.0172555 -0.00122524    0.348991
 -0.0172555   0.0610973   0.0145882 -0.00190367
-0.00122524   0.0145882   0.0523691 -0.00214378
   0.348991 -0.00190367 -0.00214378    0.451372
IMAGINARY
           0 -0.000542005   0.00478029  -0.00332484
 0.000542005            0    0.0113248   0.00356374
 -0.00478029   -0.0113248            0   -0.0116531
  0.00332484  -0.00356374    0.0116531            0
EndNode1[0]<--->Repeater1[0]
REAL
   0.457541  -0.0199486    -0.02411    0.366291
 -0.0199486   0.0494297   0.0149754 -0.00095601
   -0.02411   0.0149754   0.0532319  -0.0103944
   0.366291 -0.00095601  -0.0103944    0.439797
IMAGINARY
          0 -0.00361205 -0.00161559   0.0063945
 0.00361205           0  0.00704981  -0.0168055
 0.00161559 -0.00704981           0 -0.00296689
 -0.0063945   0.0168055  0.00296689           0
EndNode2[0]<--->HoM1[0]
REAL
 0.447134 0.0126704 0.0323482  0.361985
0.0126704 0.0649682 0.0168411 0.0122947
0.0323482 0.0168411 0.0700637 0.0230439
 0.361985 0.0122947 0.0230439  0.417834
IMAGINARY
          0  -0.0162856   0.0192428   0.0106514
  0.0162856           0  -0.0126329 -0.00611948
 -0.0192428   0.0126329           0  0.00316229
 -0.0106514  0.00611948 -0.00316229           0
Repeater1[0]<--->EndNode1[0]
REAL
   0.457541    -0.02411  -0.0199486    0.366291
   -0.02411   0.0532319   0.0149754  -0.0103944
 -0.0199486   0.0149754   0.0494297 -0.00095601
   0.366291  -0.0103944 -0.00095601    0.439797
IMAGINARY
          0 -0.00161559 -0.00361205   0.0063945
 0.00161559           0 -0.00704981 -0.00296689
 0.00361205  0.00704981           0  -0.0168055
 -0.0063945  0.00296689   0.0168055           0
Repeater1[0]<--->HoM1[0]
REAL
 0.447134 0.0323482 0.0126704  0.361985
0.0323482 0.0700637 0.0168411 0.0230439
0.0126704 0.0168411 0.0649682 0.0122947
 0.361985 0.0230439 0.0122947  0.417834
IMAGINARY
          0   0.0192428  -0.0162856   0.0106514
 -0.0192428           0   0.0126329  0.00316229
  0.0162856  -0.0126329           0 -0.00611948
 -0.0106514 -0.00316229  0.00611948           0
EndNode1[0]<--->Repeater1[0]
REAL
   0.454178   0.0204712   0.0154493    0.348165
  0.0204712   0.0687332   0.0335957 -0.00601534
  0.0154493   0.0335957   0.0633423  0.00405708
   0.348165 -0.00601534  0.00405708    0.413747
IMAGINARY
           0 -0.000596623    0.0064927  -0.00899979
 0.000596623            0   -0.0147469  -0.00715495
  -0.0064927    0.0147469            0   0.00390788
  0.00899979   0.00715495  -0.00390788            0
EndNode2[0]<--->HoM1[0]
REAL
   0.448143  -0.0140501 -0.00892738    0.352733
 -0.0140501   0.0512164    0.023373  -0.0068754
-0.00892738    0.023373   0.0550576  -0.0270371
   0.352733  -0.0068754  -0.0270371    0.445583
IMAGINARY
          0 -0.00580467  0.00752823  -0.0120997
 0.00580467           0  -0.0127818  0.00941029
-0.00752823   0.0127818           0   -0.036228
  0.0120997 -0.00941029    0.036228           0
Repeater1[0]<--->EndNode1[0]
REAL
   0.454178   0.0154493   0.0204712    0.348165
  0.0154493   0.0633423   0.0335957  0.00405708
  0.0204712   0.0335957   0.0687332 -0.00601534
   0.348165  0.00405708 -0.00601534    0.413747
IMAGINARY
           0    0.0064927 -0.000596623  -0.00899979
  -0.0064927            0    0.0147469   0.00390788
 0.000596623   -0.0147469            0  -0.00715495
  0.00899979  -0.00390788   0.00715495            0
Repeater1[0]<--->HoM1[0]
REAL
   0.448143 -0.00892738  -0.0140501    0.352733
-0.00892738   0.0550576    0.023373  -0.0270371
 -0.0140501    0.023373   0.0512164  -0.0068754
   0.352733  -0.0270371  -0.0068754    0.445583
IMAGINARY
          0  0.00752823 -0.00580467  -0.0120997
-0.00752823           0   0.0127818   -0.036228
 0.00580467  -0.0127818           0  0.00941029
  0.0120997    0.036228 -0.00941029           0
EndNode1[0]<--->Repeater1[0]
REAL
    0.453739   0.00151982 -0.000734087     0.363981
  0.00151982    0.0760456    0.0315414   0.00570921
-0.000734087    0.0315414    0.0659062    0.0034553
    0.363981   0.00570921    0.0034553     0.404309
IMAGINARY
          0   0.0161406  -0.0119847  -0.0127828
 -0.0161406           0  -0.0089563  0.00662276
  0.0119847   0.0089563           0  0.00932859
  0.0127828 -0.00662276 -0.00932859           0
EndNode2[0]<--->HoM1[0]
REAL
   0.443196  0.00872837  0.00651806    0.373418
 0.00872837    0.051186   0.0265823   0.0112035
 0.00651806   0.0265823    0.051186 0.000132385
   0.373418   0.0112035 0.000132385    0.454432
IMAGINARY
          0  -0.0181126    0.010899    -0.01753
  0.0181126           0  0.00710055  0.00302502
  -0.010899 -0.00710055           0  0.00545433
    0.01753 -0.00302502 -0.00545433           0
Repeater1[0]<--->EndNode1[0]
REAL
    0.453739 -0.000734087   0.00151982     0.363981
-0.000734087    0.0659062    0.0315414    0.0034553
  0.00151982    0.0315414    0.0760456   0.00570921
    0.363981    0.0034553   0.00570921     0.404309
IMAGINARY
          0  -0.0119847   0.0161406  -0.0127828
  0.0119847           0   0.0089563  0.00932859
 -0.0161406  -0.0089563           0  0.00662276
  0.0127828 -0.00932859 -0.00662276           0
Repeater1[0]<--->HoM1[0]
REAL
   0.443196  0.00651806  0.00872837    0.373418
 0.00651806    0.051186   0.0265823 0.000132385
 0.00872837   0.0265823    0.051186   0.0112035
   0.373418 0.000132385   0.0112035    0.454432
IMAGINARY
          0    0.010899  -0.0181126    -0.01753
  -0.010899           0 -0.00710055  0.00545433
  0.0181126  0.00710055           0  0.00302502
    0.01753 -0.00545433 -0.00302502           0
EndNode1[0]<--->Repeater1[0]
REAL
  0.439286 -0.0067074 0.00143787    0.36901
-0.0067074  0.0547619  0.0175884 -0.0130358
0.00143787  0.0175884  0.0452381 -0.0100452
   0.36901 -0.0130358 -0.0100452   0.460714
IMAGINARY
          0   0.0110547  0.00265858   0.0133072
 -0.0110547           0  -0.0170572  -0.0194544
-0.00265858   0.0170572           0   0.0070332
 -0.0133072   0.0194544  -0.0070332           0
EndNode2[0]<--->HoM1[0]
REAL
   0.430025 -0.00151225  0.00385958    0.366856
-0.00151225   0.0661578   0.0175228  -0.0204647
 0.00385958   0.0175228     0.06743   0.0193474
   0.366856  -0.0204647   0.0193474    0.436387
IMAGINARY
           0    0.0133619   0.00422363    0.0105758
  -0.0133619            0   -0.0218258 -0.000223634
 -0.00422363    0.0218258            0   0.00263807
  -0.0105758  0.000223634  -0.00263807            0
Repeater1[0]<--->EndNode1[0]
REAL
  0.439286 0.00143787 -0.0067074    0.36901
0.00143787  0.0452381  0.0175884 -0.0100452
-0.0067074  0.0175884  0.0547619 -0.0130358
   0.36901 -0.0100452 -0.0130358   0.460714
IMAGINARY
          0  0.00265858   0.0110547   0.0133072
-0.00265858           0   0.0170572   0.0070332
 -0.0110547  -0.0170572           0  -0.0194544
 -0.0133072  -0.0070332   0.0194544           0
Repeater1[0]<--->HoM1[0]
REAL
   0.430025  0.00385958 -0.00151225    0.366856
 0.00385958     0.06743   0.0175228   0.0193474
-0.00151225   0.0175228   0.0661578  -0.0204647
   0.366856   0.0193474  -0.0204647    0.436387
IMAGINARY
           0   0.00422363    0.0133619    0.0105758
 -0.00422363            0    0.0218258   0.00263807
  -0.0133619   -0.0218258            0 -0.000223634
  -0.0105758  -0.00263807  0.000223634            0
EndNode1[0]<--->Repeater1[0]
REAL
   0.473418 0.000603103  0.00202981    0.381561
0.000603103   0.0506329   0.0208168  -0.0026556
 0.00202981   0.0208168   0.0696203  0.00127424
   0.381561  -0.0026556  0.00127424    0.406329
IMAGINARY
          0  -0.0193005   0.0206331  0.00759577
  0.0193005           0 -0.00759577  0.00757823
 -0.0206331  0.00759577           0 -0.00410891
-0.00759577 -0.00757823  0.00410891           0
EndNode2[0]<--->HoM1[0]
REAL
   0.439516  0.00984815 -0.00334695    0.360134
 0.00984815   0.0524194   0.0207559   0.0177449
-0.00334695   0.0207559   0.0456989 0.000623056
   0.360134   0.0177449 0.000623056    0.462366
IMAGINARY
          0  0.00240525 -0.00269397   0.0143738
-0.00240525           0   0.0446005  -0.0115547
 0.00269397  -0.0446005           0 -0.00370059
 -0.0143738   0.0115547  0.00370059           0
Repeater1[0]<--->EndNode1[0]
REAL
   0.473418  0.00202981 0.000603103    0.381561
 0.00202981   0.0696203   0.0208168  0.00127424
0.000603103   0.0208168   0.0506329  -0.0026556
   0.381561  0.00127424  -0.0026556    0.406329
IMAGINARY
          0   0.0206331  -0.0193005  0.00759577
 -0.0206331           0  0.00759577 -0.00410891
  0.0193005 -0.00759577           0  0.00757823
-0.00759577  0.00410891 -0.00757823           0
Repeater1[0]<--->HoM1[0]
REAL
   0.439516 -0.00334695  0.00984815    0.360134
-0.00334695   0.0456989   0.0207559 0.000623056
 0.00984815   0.0207559   0.0524194   0.0177449
   0.360134 0.000623056   0.0177449    0.462366
IMAGINARY
          0 -0.00269397  0.00240525   0.0143738
 0.00269397           0  -0.0446005 -0.00370059
-0.00240525   0.0446005           0  -0.0115547
 -0.0143738  0.00370059   0.0115547           0
EndNode1[0]<--->Repeater1[0]
REAL
  0.459827  0.0157076  0.0117863   0.366241
 0.0157076  0.0642769  0.0106402 0.00394555
 0.0117863  0.0106402  0.0556242 -0.0109196
  0.366241 0.00394555 -0.0109196   0.420272
IMAGINARY
          0  0.00917025  -0.0222672   0.0123091
-0.00917025           0    0.011007 -0.00674764
  0.0222672   -0.011007           0    0.013097
 -0.0123091  0.00674764   -0.013097           0
EndNode2[0]<--->HoM1[0]
REAL
   0.469496 -0.00315338  0.00221961    0.349086
-0.00315338   0.0636605    0.020699  -0.0015875
 0.00221961    0.020699   0.0543767  0.00252127
   0.349086  -0.0015875  0.00252127    0.412467
IMAGINARY
          0  -0.0100209  -0.0113289  0.00360301
  0.0100209           0   0.0202697   0.0106837
  0.0113289  -0.0202697           0 -0.00352744
-0.00360301  -0.0106837  0.00352744           0
Repeater1[0]<--->EndNode1[0]
REAL
  0.459827  0.0117863  0.0157076   0.366241
 0.0117863  0.0556242  0.0106402 -0.0109196
 0.0157076  0.0106402  0.0642769 0.00394555
  0.366241 -0.0109196 0.00394555   0.420272
IMAGINARY
          0  -0.0222672  0.00917025   0.0123091
  0.0222672           0   -0.011007    0.013097
-0.00917025    0.011007           0 -0.00674764
 -0.0123091   -0.013097  0.00674764           0
Repeater1[0]<--->HoM1[0]
REAL
   0.469496  0.00221961 -0.00315338    0.349086
 0.00221961   0.0543767    0.020699  0.00252127
-0.00315338    0.020699   0.0636605  -0.0015875
   0.349086  0.00252127  -0.0015875    0.412467
IMAGINARY
          0  -0.0113289  -0.0100209  0.00360301
  0.0113289           0  -0.0202697 -0.00352744
  0.0100209   0.0202697           0   0.0106837
-0.00360301  0.00352744  -0.0106837           0
EndNode1[0]<--->Repeater1[0]
REAL
   0.42362  0.0291458  0.0206543   0.319135
 0.0291458  0.0526316 0.00393185  0.0180088
 0.0206543 0.00393185  0.0744544 0.00558556
  0.319135  0.0180088 0.00558556   0.449294
IMAGINARY
           0     0.017923  0.000781771   -0.0143846
   -0.017923            0   -0.0163557  -0.00799016
-0.000781771    0.0163557            0   0.00632344
   0.0143846   0.00799016  -0.00632344            0
EndNode2[0]<--->HoM1[0]
REAL
    0.432466 -0.000595014  -0.00187351     0.379763
-0.000595014    0.0780669    0.0158889   -0.0086855
 -0.00187351    0.0158889    0.0520446   0.00991178
    0.379763   -0.0086855   0.00991178     0.437423
IMAGINARY
          0  -0.0131782  0.00936998 -0.00430184
  0.0131782           0  -0.0193345  -0.0132967
-0.00936998   0.0193345           0   0.0144871
 0.00430184   0.0132967  -0.0144871           0
Repeater1[0]<--->EndNode1[0]
REAL
   0.42362  0.0206543  0.0291458   0.319135
 0.0206543  0.0744544 0.00393185 0.00558556
 0.0291458 0.00393185  0.0526316  0.0180088
  0.319135 0.00558556  0.0180088   0.449294
IMAGINARY
           0  0.000781771     0.017923   -0.0143846
-0.000781771            0    0.0163557   0.00632344
   -0.017923   -0.0163557            0  -0.00799016
   0.0143846  -0.00632344   0.00799016            0
Repeater1[0]<--->HoM1[0]
REAL
    0.432466  -0.00187351 -0.000595014     0.379763
 -0.00187351    0.0520446    0.0158889   0.00991178
-0.000595014    0.0158889    0.0780669   -0.0086855
    0.379763   0.00991178   -0.0086855     0.437423
IMAGINARY
          0  0.00936998  -0.0131782 -0.00430184
-0.00936998           0   0.0193345   0.0144871
  0.0131782  -0.0193345           0  -0.0132967
 0.00430184  -0.0144871   0.0132967           0
EndNode1[0]<--->Repeater1[0]
REAL
   0.419397 -0.00855402  -0.0137214    0.339525
-0.00855402   0.0747051   0.0297562  0.00653181
 -0.0137214   0.0297562   0.0642202  -0.0012499
   0.339525  0.00653181  -0.0012499    0.441678
IMAGINARY
          0  -0.0175118 -0.00875127   0.0193899
  0.0175118           0   0.0138548   0.0100366
 0.00875127  -0.0138548           0   0.0265092
 -0.0193899  -0.0100366  -0.0265092           0
EndNode2[0]<--->HoM1[0]
REAL
    0.43871  0.00503651  0.00157227     0.37221
 0.00503651   0.0658065   0.0350325 -0.00347824
 0.00157227   0.0350325   0.0632258  -0.0234609
    0.37221 -0.00347824  -0.0234609    0.432258
IMAGINARY
          0   0.0161383  0.00680742    0.011097
 -0.0161383           0 -0.00223629  0.00743953
-0.00680742  0.00223629           0  -0.0086756
  -0.011097 -0.00743953   0.0086756           0
Repeater1[0]<--->EndNode1[0]
REAL
   0.419397  -0.0137214 -0.00855402    0.339525
 -0.0137214   0.0642202   0.0297562  -0.0012499
-0.00855402   0.0297562   0.0747051  0.00653181
   0.339525  -0.0012499  0.00653181    0.441678
IMAGINARY
          0 -0.00875127  -0.0175118   0.0193899
 0.00875127           0  -0.0138548   0.0265092
  0.0175118   0.0138548           0   0.0100366
 -0.0193899  -0.0265092  -0.0100366           0
Repeater1[0]<--->HoM1[0]
REAL
    0.43871  0.00157227  0.00503651     0.37221
 0.00157227   0.0632258   0.0350325  -0.0234609
 0.00503651   0.0350325   0.0658065 -0.00347824
    0.37221  -0.0234609 -0.00347824    0.432258
IMAGINARY
          0  0.00680742   0.0161383    0.011097
-0.00680742           0  0.00223629  -0.0086756
 -0.0161383 -0.00223629           0  0.00743953
  -0.011097   0.0086756 -0.00743953           0
EndNode1[0]<--->Repeater1[0]
REAL
   0.446259 -0.00214505 -0.00190838    0.353793
-0.00214505   0.0653061   0.0407436 -0.00253889
-0.00190838   0.0407436   0.0816327 -0.00865546
   0.353793 -0.00253889 -0.00865546    0.406803
IMAGINARY
           0   0.00287758  -0.00216939 -0.000904435
 -0.00287758            0    0.0071701  -0.00598619
  0.00216939   -0.0071701            0  -0.00601435
 0.000904435   0.00598619   0.00601435            0
EndNode2[0]<--->HoM1[0]
REAL
  0.426844 -0.0140601  0.0124486   0.354356
-0.0140601  0.0580411  0.0126386 -0.0247639
 0.0124486  0.0126386  0.0556227   0.011597
  0.354356 -0.0247639   0.011597   0.459492
IMAGINARY
          0  0.00671572 -0.00651382  -0.0235474
-0.00671572           0  0.00978593  0.00344634
 0.00651382 -0.00978593           0 -0.00732922
  0.0235474 -0.00344634  0.00732922           0
Repeater1[0]<--->EndNode1[0]
REAL
   0.446259 -0.00190838 -0.00214505    0.353793
-0.00190838   0.0816327   0.0407436 -0.00865546
-0.00214505   0.0407436   0.0653061 -0.00253889
   0.353793 -0.00865546 -0.00253889    0.406803
IMAGINARY
           0  -0.00216939   0.00287758 -0.000904435
  0.00216939            0   -0.0071701  -0.00601435
 -0.00287758    0.0071701            0  -0.00598619
 0.000904435   0.00601435   0.00598619            0
Repeater1[0]<--->HoM1[0]
REAL
  0.426844  0.0124486 -0.0140601   0.354356
 0.0124486  0.0556227  0.0126386   0.011597
-0.0140601  0.0126386  0.0580411 -0.0247639
  0.354356   0.011597 -0.0247639   0.459492
IMAGINARY
          0 -0.00651382  0.00671572  -0.0235474
 0.00651382           0 -0.00978593 -0.00732922
-0.00671572  0.00978593           0  0.00344634
  0.0235474  0.00732922 -0.00344634           0
EndNode1[0]<--->Repeater1[0]
REAL
    0.444867 -0.000554485  -0.00295492     0.359804
-0.000554485    0.0684411    0.0292312   0.00229442
 -0.00295492    0.0292312    0.0608365     0.005178
    0.359804   0.00229442     0.005178     0.425856
IMAGINARY
           0    0.0247979  0.000321721    -0.003089
  -0.0247979            0    0.0171196  -0.00478032
-0.000321721   -0.0171196            0   -0.0088743
    0.003089   0.00478032    0.0088743            0
EndNode2[0]<--->HoM1[0]
REAL
   0.437111   0.0169965  -0.0017076     0.36902
  0.0169965   0.0547945  0.00812712   -0.018768
 -0.0017076  0.00812712   0.0560399 -0.00973099
    0.36902   -0.018768 -0.00973099    0.452055
IMAGINARY
          0  0.00630188   -0.011535  -0.0110911
-0.00630188           0   0.0104341  -0.0147117
   0.011535  -0.0104341           0 -0.00892655
  0.0110911   0.0147117  0.00892655           0
Repeater1[0]<--->EndNode1[0]
REAL
    0.444867  -0.00295492 -0.000554485     0.359804
 -0.00295492    0.0608365    0.0292312     0.005178
-0.000554485    0.0292312    0.0684411   0.00229442
    0.359804     0.005178   0.00229442     0.425856
IMAGINARY
           0  0.000321721    0.0247979    -0.003089
-0.000321721            0   -0.0171196   -0.0088743
  -0.0247979    0.0171196            0  -0.00478032
    0.003089    0.0088743   0.00478032            0
Repeater1[0]<--->HoM1[0]
REAL
   0.437111  -0.0017076   0.0169965     0.36902
 -0.0017076   0.0560399  0.00812712 -0.00973099
  0.0169965  0.00812712   0.0547945   -0.018768
    0.36902 -0.00973099   -0.018768    0.452055
IMAGINARY
          0   -0.011535  0.00630188  -0.0110911
   0.011535           0  -0.0104341 -0.00892655
-0.00630188   0.0104341           0  -0.0147117
  0.0110911  0.00892655   0.0147117           0
EndNode1[0]<--->Repeater1[0]
REAL
   0.450852 -0.00352113 -0.00831665    0.353096
-0.00352113   0.0563565   0.0316673   0.0192001
-0.00831665   0.0316673   0.0707733 -0.00352113
   0.353096   0.0192001 -0.00352113    0.422018
IMAGINARY
           0  -0.00964605    0.0172194  -0.00775807
  0.00964605            0  -0.00407257 -0.000637755
  -0.0172194   0.00407257            0  -0.00183355
  0.00775807  0.000637755   0.00183355            0
EndNode2[0]<--->HoM1[0]
REAL
   0.419799   0.0147765 0.000840937    0.359715
  0.0147765   0.0588972   0.0208823   0.0190596
0.000840937   0.0208823    0.066416  0.00512399
   0.359715   0.0190596  0.00512399    0.454887
IMAGINARY
          0 -0.00414996  0.00308673 -0.00514099
 0.00414996           0   0.0102043 -0.00435576
-0.00308673  -0.0102043           0  0.00161189
 0.00514099  0.00435576 -0.00161189           0
Repeater1[0]<--->EndNode1[0]
REAL
   0.450852 -0.00831665 -0.00352113    0.353096
-0.00831665   0.0707733   0.0316673 -0.00352113
-0.00352113   0.0316673   0.0563565   0.0192001
   0.353096 -0.00352113   0.0192001    0.422018
IMAGINARY
           0    0.0172194  -0.00964605  -0.00775807
  -0.0172194            0   0.00407257  -0.00183355
  0.00964605  -0.00407257            0 -0.000637755
  0.00775807   0.00183355  0.000637755            0
Repeater1[0]<--->HoM1[0]
REAL
   0.419799 0.000840937   0.0147765    0.359715
0.000840937    0.066416   0.0208823  0.00512399
  0.0147765   0.0208823   0.0588972   0.0190596
   0.359715  0.00512399   0.0190596    0.454887
IMAGINARY
          0  0.00308673 -0.00414996 -0.00514099
-0.00308673           0  -0.0102043  0.00161189
 0.00414996   0.0102043           0 -0.00435576
 0.00514099 -0.00161189  0.00435576           0
EndNode1[0]<--->Repeater1[0]
REAL
    0.46123  -0.0036162 -0.00574386     0.35762
 -0.0036162   0.0588235   0.0343752 -0.00632729
-0.00574386   0.0343752   0.0695187  0.00552218
    0.35762 -0.00632729  0.00552218    0.410428
IMAGINARY
           0   -0.0184306   0.00130781 -0.000614233
   0.0184306            0   -0.0189388   0.00958807
 -0.00130781    0.0189388            0   0.00753475
 0.000614233  -0.00958807  -0.00753475            0
EndNode2[0]<--->HoM1[0]
REAL
  0.447368  0.0237183  0.0107698   0.369134
 0.0237183  0.0720222  0.0303434  0.0114234
 0.0107698  0.0303434  0.0803324 0.00239132
  0.369134  0.0114234 0.00239132   0.400277
IMAGINARY
           0   -0.0170217    0.0100367 -0.000887088
   0.0170217            0    0.0262447    0.0138928
  -0.0100367   -0.0262447            0   -0.0119456
 0.000887088   -0.0138928    0.0119456            0
Repeater1[0]<--->EndNode1[0]
REAL
    0.46123 -0.00574386  -0.0036162     0.35762
-0.00574386   0.0695187   0.0343752  0.00552218
 -0.0036162   0.0343752   0.0588235 -0.00632729
    0.35762  0.00552218 -0.00632729    0.410428
IMAGINARY
           0   0.00130781   -0.0184306 -0.000614233
 -0.00130781            0    0.0189388   0.00753475
   0.0184306   -0.0189388            0   0.00958807
 0.000614233  -0.00753475  -0.00958807            0
Repeater1[0]<--->HoM1[0]
REAL
  0.447368  0.0107698  0.0237183   0.369134
 0.0107698  0.0803324  0.0303434 0.00239132
 0.0237183  0.0303434  0.0720222  0.0114234
  0.369134 0.00239132  0.0114234   0.400277
IMAGINARY
           0    0.0100367   -0.0170217 -0.000887088
  -0.0100367            0   -0.0262447   -0.0119456
   0.0170217    0.0262447            0    0.0138928
 0.000887088    0.0119456   -0.0138928            0
EndNode1[0]<--->Repeater1[0]
REAL
   0.468057  -0.0137485  -0.0124928    0.366693
 -0.0137485   0.0612777   0.0264864  -0.0100297
 -0.0124928   0.0264864   0.0573664 -0.00233906
   0.366693  -0.0100297 -0.00233906    0.413299
IMAGINARY
           0  -0.00719962   -0.0205161     0.018427
  0.00719962            0   0.00157303    0.0192275
   0.0205161  -0.00157303            0  0.000756319
   -0.018427   -0.0192275 -0.000756319            0
EndNode2[0]<--->HoM1[0]
REAL
   0.459527   0.0180059  0.00760866    0.358124
  0.0180059   0.0647572   0.0300586  0.00827444
 0.00760866   0.0300586   0.0572852 -0.00466411
   0.358124  0.00827444 -0.00466411    0.418431
IMAGINARY
          0  0.00702208  -0.0209693   0.0533486
-0.00702208           0   0.0254628   0.0279225
  0.0209693  -0.0254628           0  -0.0139753
 -0.0533486  -0.0279225   0.0139753           0
Repeater1[0]<--->EndNode1[0]
REAL
   0.468057  -0.0124928  -0.0137485    0.366693
 -0.0124928   0.0573664   0.0264864 -0.00233906
 -0.0137485   0.0264864   0.0612777  -0.0100297
   0.366693 -0.00233906  -0.0100297    0.413299
IMAGINARY
           0   -0.0205161  -0.00719962     0.018427
   0.0205161            0  -0.00157303  0.000756319
  0.00719962   0.00157303            0    0.0192275
   -0.018427 -0.000756319   -0.0192275            0
Repeater1[0]<--->HoM1[0]
REAL
   0.459527  0.00760866   0.0180059    0.358124
 0.00760866   0.0572852   0.0300586 -0.00466411
  0.0180059   0.0300586   0.0647572  0.00827444
   0.358124 -0.00466411  0.00827444    0.418431
IMAGINARY
          0  -0.0209693  0.00702208   0.0533486
  0.0209693           0  -0.0254628  -0.0139753
-0.00702208   0.0254628           0   0.0279225
 -0.0533486   0.0139753  -0.0279225           0
EndNode1[0]<--->Repeater1[0]
REAL
   0.408451  -0.0147138 -0.00341634    0.341187
 -0.0147138   0.0755442    0.031916 -0.00279056
-0.00341634    0.031916   0.0742638      0.0223
   0.341187 -0.00279056      0.0223    0.441741
IMAGINARY
           0   -0.0140049   0.00342581  -0.00323351
   0.0140049            0    0.0156713  -0.00541257
 -0.00342581   -0.0156713            0  9.76397e-05
  0.00323351   0.00541257 -9.76397e-05            0
EndNode2[0]<--->HoM1[0]
REAL
   0.446384  -0.0130055   0.0017848    0.370398
 -0.0130055   0.0548628  0.00112547 -0.00774506
  0.0017848  0.00112547   0.0498753 -0.00752434
   0.370398 -0.00774506 -0.00752434    0.448878
IMAGINARY
          0  0.00703651   0.0102012  0.00696783
-0.00703651           0  0.00504228  -0.0128966
 -0.0102012 -0.00504228           0  -0.0164705
-0.00696783   0.0128966   0.0164705           0
Repeater1[0]<--->EndNode1[0]
REAL
   0.408451 -0.00341634  -0.0147138    0.341187
-0.00341634   0.0742638    0.031916      0.0223
 -0.0147138    0.031916   0.0755442 -0.00279056
   0.341187      0.0223 -0.00279056    0.441741
IMAGINARY
           0   0.00342581   -0.0140049  -0.00323351
 -0.00342581            0   -0.0156713  9.76397e-05
   0.0140049    0.0156713            0  -0.00541257
  0.00323351 -9.76397e-05   0.00541257            0
Repeater1[0]<--->HoM1[0]
REAL
   0.446384   0.0017848  -0.0130055    0.370398
  0.0017848   0.0498753  0.00112547 -0.00752434
 -0.0130055  0.00112547   0.0548628 -0.00774506
   0.370398 -0.00752434 -0.00774506    0.448878
IMAGINARY
          0   0.0102012  0.00703651  0.00696783
 -0.0102012           0 -0.00504228  -0.0164705
-0.00703651  0.00504228           0  -0.0128966
-0.00696783   0.0164705   0.0128966           0
EndNode1[0]<--->Repeater1[0]
REAL
   0.492268   0.0156862 -0.00979601    0.370852
  0.0156862   0.0592784   0.0123502 -0.00726436
-0.00979601   0.0123502   0.0476804  -0.0314342
   0.370852 -0.00726436  -0.0314342    0.400773
IMAGINARY
          0 -0.00817873  0.00795675 -0.00386813
 0.00817873           0 -0.00663056  -0.0275762
-0.00795675  0.00663056           0   0.0075842
 0.00386813   0.0275762  -0.0075842           0
EndNode2[0]<--->HoM1[0]
REAL
   0.423816 -0.00307686 -0.00249583    0.357798
-0.00307686   0.0601793   0.0102758 -0.00805826
-0.00249583   0.0102758   0.0524968  -0.0127543
