EndNode1[0]<--->Repeater1[0]
REAL
   0.398363  0.00222017 -0.00499701    0.300188
 0.00222017    0.103683   0.0476107 -0.00695268
-0.00499701   0.0476107    0.110505   0.0122452
   0.300188 -0.00695268   0.0122452    0.387449
IMAGINARY
          0  -0.0148196   0.0181802  0.00388746
  0.0148196           0   0.0171853 -0.00142763
 -0.0181802  -0.0171853           0  -0.0148196
-0.00388746  0.00142763   0.0148196           0
EndNode2[0]<--->HoM1[0]
REAL
   0.421777  -0.0165381 -0.00498539    0.334315
 -0.0165381    0.107635   0.0403517  0.00231873
-0.00498539   0.0403517   0.0938673 -0.00479522
   0.334315  0.00231873 -0.00479522    0.376721
IMAGINARY
          0   0.0137135  0.00128507  -0.0215924
 -0.0137135           0 -0.00945957 -0.00390974
-0.00128507  0.00945957           0  -0.0124012
  0.0215924  0.00390974   0.0124012           0
Repeater1[0]<--->EndNode1[0]
REAL
   0.398363 -0.00499701  0.00222017    0.300188
-0.00499701    0.110505   0.0476107   0.0122452
 0.00222017   0.0476107    0.103683 -0.00695268
   0.300188   0.0122452 -0.00695268    0.387449
IMAGINARY
          0   0.0181802  -0.0148196  0.00388746
 -0.0181802           0  -0.0171853  -0.0148196
  0.0148196   0.0171853           0 -0.00142763
-0.00388746   0.0148196  0.00142763           0
Repeater1[0]<--->HoM1[0]
REAL
   0.421777 -0.00498539  -0.0165381    0.334315
-0.00498539   0.0938673   0.0403517 -0.00479522
 -0.0165381   0.0403517    0.107635  0.00231873
   0.334315 -0.00479522  0.00231873    0.376721
IMAGINARY
          0  0.00128507   0.0137135  -0.0215924
-0.00128507           0  0.00945957  -0.0124012
 -0.0137135 -0.00945957           0 -0.00390974
  0.0215924   0.0124012  0.00390974           0
EndNode1[0]<--->Repeater1[0]
REAL
   0.41375  0.0303208 0.00562765   0.321222
 0.0303208    0.09625  0.0386682  0.0136031
0.00562765  0.0386682     0.1075 0.00814078
  0.321222  0.0136031 0.00814078     0.3825
IMAGINARY
          0 -0.00278318 -0.00362806   0.0151016
 0.00278318           0  -0.0144581  0.00678861
 0.00362806   0.0144581           0  0.00467951
 -0.0151016 -0.00678861 -0.00467951           0
EndNode2[0]<--->HoM1[0]
REAL
   0.399445 -0.00657813   0.0041439    0.326017
-0.00657813    0.108183   0.0403956  0.00476195
  0.0041439   0.0403956   0.0915395   0.0040336
   0.326017  0.00476195   0.0040336    0.400832
IMAGINARY
          0  0.00821111    -0.01284   0.0129687
-0.00821111           0   0.0102733   0.0226439
    0.01284  -0.0102733           0  -0.0127863
 -0.0129687  -0.0226439   0.0127863           0
Repeater1[0]<--->EndNode1[0]
REAL
   0.41375 0.00562765  0.0303208   0.321222
0.00562765     0.1075  0.0386682 0.00814078
 0.0303208  0.0386682    0.09625  0.0136031
  0.321222 0.00814078  0.0136031     0.3825
IMAGINARY
          0 -0.00362806 -0.00278318   0.0151016
 0.00362806           0   0.0144581  0.00467951
 0.00278318  -0.0144581           0  0.00678861
 -0.0151016 -0.00467951 -0.00678861           0
Repeater1[0]<--->HoM1[0]
REAL
   0.399445   0.0041439 -0.00657813    0.326017
  0.0041439   0.0915395   0.0403956   0.0040336
-0.00657813   0.0403956    0.108183  0.00476195
   0.326017   0.0040336  0.00476195    0.400832
IMAGINARY
          0    -0.01284  0.00821111   0.0129687
    0.01284           0  -0.0102733  -0.0127863
-0.00821111   0.0102733           0   0.0226439
 -0.0129687   0.0127863  -0.0226439           0
EndNode1[0]<--->Repeater1[0]
REAL
   0.390585   -0.016044 -0.00982439    0.306384
  -0.016044    0.108142   0.0633381 -0.00404775
-0.00982439   0.0633381   0.0839695  -0.0123034
   0.306384 -0.00404775  -0.0123034    0.417303
IMAGINARY
           0  -0.00435377   -0.0254308   -0.0146523
  0.00435377            0  -0.00878524 -0.000396993
   0.0254308   0.00878524            0    0.0169366
   0.0146523  0.000396993   -0.0169366            0
EndNode2[0]<--->HoM1[0]
REAL
  0.408978  0.0115538 0.00285896   0.322912
 0.0115538   0.120948  0.0360466 0.00285896
0.00285896  0.0360466   0.108479 -0.0121892
  0.322912 0.00285896 -0.0121892   0.361596
IMAGINARY
          0  -0.0219373   0.0131774  0.00571875
  0.0219373           0   0.0178481  0.00479034
 -0.0131774  -0.0178481           0  0.00396948
-0.00571875 -0.00479034 -0.00396948           0
Repeater1[0]<--->EndNode1[0]
REAL
   0.390585 -0.00982439   -0.016044    0.306384
-0.00982439   0.0839695   0.0633381  -0.0123034
  -0.016044   0.0633381    0.108142 -0.00404775
   0.306384  -0.0123034 -0.00404775    0.417303
IMAGINARY
           0   -0.0254308  -0.00435377   -0.0146523
   0.0254308            0   0.00878524    0.0169366
  0.00435377  -0.00878524            0 -0.000396993
   0.0146523   -0.0169366  0.000396993            0
Repeater1[0]<--->HoM1[0]
REAL
  0.408978 0.00285896  0.0115538   0.322912
0.00285896   0.108479  0.0360466 -0.0121892
 0.0115538  0.0360466   0.120948 0.00285896
  0.322912 -0.0121892 0.00285896   0.361596
IMAGINARY
          0   0.0131774  -0.0219373  0.00571875
 -0.0131774           0  -0.0178481  0.00396948
  0.0219373   0.0178481           0  0.00479034
-0.00571875 -0.00396948 -0.00479034           0
EndNode1[0]<--->Repeater1[0]
REAL
   0.406758 -0.00771333  -0.0122871    0.301337
-0.00771333     0.10388   0.0424986 -0.00278139
 -0.0122871   0.0424986    0.113892 -0.00461544
   0.301337 -0.00278139 -0.00461544    0.375469
IMAGINARY
           0  -0.00598404   -0.0125977    0.0192174
  0.00598404            0 -0.000263136  -0.00129118
   0.0125977  0.000263136            0   0.00598404
  -0.0192174   0.00129118  -0.00598404            0
EndNode2[0]<--->HoM1[0]
REAL
   0.43433  0.0117632 0.00750194   0.311841
 0.0117632  0.0988296  0.0570727 0.00685511
0.00750194  0.0570727   0.113134  0.0188236
  0.311841 0.00685511  0.0188236   0.353706
IMAGINARY
          0   0.0124013  -0.0146908   0.0295466
 -0.0124013           0  0.00597972  -0.0289059
  0.0146908 -0.00597972           0   0.0339203
 -0.0295466   0.0289059  -0.0339203           0
Repeater1[0]<--->EndNode1[0]
REAL
   0.406758  -0.0122871 -0.00771333    0.301337
 -0.0122871    0.113892   0.0424986 -0.00461544
-0.00771333   0.0424986     0.10388 -0.00278139
   0.301337 -0.00461544 -0.00278139    0.375469
IMAGINARY
           0   -0.0125977  -0.00598404    0.0192174
   0.0125977            0  0.000263136   0.00598404
  0.00598404 -0.000263136            0  -0.00129118
  -0.0192174  -0.00598404   0.00129118            0
Repeater1[0]<--->HoM1[0]
REAL
   0.43433 0.00750194  0.0117632   0.311841
0.00750194   0.113134  0.0570727  0.0188236
 0.0117632  0.0570727  0.0988296 0.00685511
  0.311841  0.0188236 0.00685511   0.353706
IMAGINARY
          0  -0.0146908   0.0124013   0.0295466
  0.0146908           0 -0.00597972   0.0339203
 -0.0124013  0.00597972           0  -0.0289059
 -0.0295466  -0.0339203   0.0289059           0
EndNode1[0]<--->Repeater1[0]
REAL
  0.447197  0.0179688 0.00356306   0.321168
 0.0179688  0.0782269  0.0529061  0.0149555
0.00356306  0.0529061   0.109518  0.0153646
  0.321168  0.0149555  0.0153646   0.365059
IMAGINARY
          0  0.00133363  0.00763672  -0.0001628
-0.00133363           0  -0.0104192   0.0238494
-0.00763672   0.0104192           0 -0.00259307
  0.0001628  -0.0238494  0.00259307           0
EndNode2[0]<--->HoM1[0]
REAL
   0.411043  -0.0146336   0.0127198     0.30738
 -0.0146336   0.0895706   0.0573797  -0.0224727
  0.0127198   0.0573797   0.0932515 -0.00812321
    0.30738  -0.0224727 -0.00812321    0.406135
IMAGINARY
          0  0.00263825  -0.0057362 -0.00571656
-0.00263825           0  0.00822283   -0.012493
  0.0057362 -0.00822283           0  -0.0104508
 0.00571656    0.012493   0.0104508           0
Repeater1[0]<--->EndNode1[0]
REAL
  0.447197 0.00356306  0.0179687   0.321168
0.00356306   0.109518  0.0529061  0.0153646
 0.0179687  0.0529061  0.0782269  0.0149555
  0.321168  0.0153646  0.0149555   0.365059
IMAGINARY
          0  0.00763672  0.00133363  -0.0001628
-0.00763672           0   0.0104192 -0.00259307
-0.00133363  -0.0104192           0   0.0238494
  0.0001628  0.00259307  -0.0238494           0
Repeater1[0]<--->HoM1[0]
REAL
   0.411043   0.0127198  -0.0146336     0.30738
  0.0127198   0.0932515   0.0573797 -0.00812321
 -0.0146336   0.0573797   0.0895706  -0.0224727
    0.30738 -0.00812321  -0.0224727    0.406135
IMAGINARY
          0  -0.0057362  0.00263825 -0.00571656
  0.0057362           0 -0.00822283  -0.0104508
-0.00263825  0.00822283           0   -0.012493
 0.00571656   0.0104508    0.012493           0
EndNode1[0]<--->Repeater1[0]
REAL
    0.41319  0.00073812 -0.00993552    0.313916
 0.00073812    0.113055   0.0369835  0.00350878
-0.00993552   0.0369835   0.0955585  0.00568862
   0.313916  0.00350878  0.00568862    0.378197
IMAGINARY
          0  -0.0162915   0.0139662  -0.0100138
  0.0162915           0 -0.00476449   0.0107487
 -0.0139662  0.00476449           0  -0.0109582
  0.0100138  -0.0107487   0.0109582           0
EndNode2[0]<--->HoM1[0]
REAL
    0.408468 -0.000495493   0.00721226     0.321825
-0.000495493     0.119552    0.0546686   -0.0158444
  0.00721226    0.0546686     0.103362  -0.00680862
    0.321825   -0.0158444  -0.00680862     0.368618
IMAGINARY
           0   0.00678497  -0.00622701   0.00288788
 -0.00678497            0  -0.00226676   0.00500152
  0.00622701   0.00226676            0 -0.000657519
 -0.00288788  -0.00500152  0.000657519            0
Repeater1[0]<--->EndNode1[0]
REAL
    0.41319 -0.00993552  0.00073812    0.313916
-0.00993552   0.0955585   0.0369835  0.00568862
 0.00073812   0.0369835    0.113055  0.00350878
   0.313916  0.00568862  0.00350878    0.378197
IMAGINARY
          0   0.0139662  -0.0162915  -0.0100138
 -0.0139662           0  0.00476449  -0.0109582
  0.0162915 -0.00476449           0   0.0107487
  0.0100138   0.0109582  -0.0107487           0
Repeater1[0]<--->HoM1[0]
REAL
    0.408468   0.00721226 -0.000495493     0.321825
  0.00721226     0.103362    0.0546686  -0.00680862
-0.000495493    0.0546686     0.119552   -0.0158444
    0.321825  -0.00680862   -0.0158444     0.368618
IMAGINARY
           0  -0.00622701   0.00678497   0.00288788
  0.00622701            0   0.00226676 -0.000657519
 -0.00678497  -0.00226676            0   0.00500152
 -0.00288788  0.000657519  -0.00500152            0
EndNode1[0]<--->Repeater1[0]
REAL
   0.380952  -0.0186613 -0.00339466    0.319486
 -0.0186613    0.100251   0.0433078 -0.00587605
-0.00339466   0.0433078    0.121554 -0.00173423
   0.319486 -0.00587605 -0.00173423    0.397243
IMAGINARY
          0  0.00210467 -0.00385408   0.0161708
-0.00210467           0   0.0124395   0.0117075
 0.00385408  -0.0124395           0   0.0175288
 -0.0161708  -0.0117075  -0.0175288           0
EndNode2[0]<--->HoM1[0]
REAL
  0.418355 -0.0239611 -0.0412702   0.340972
-0.0239611   0.101311  0.0246993 0.00531364
-0.0412702  0.0246993  0.0965435 -0.0187797
  0.340972 0.00531364 -0.0187797    0.38379
IMAGINARY
           0    0.0248626   -0.0188513  -0.00580494
  -0.0248626            0    0.0153591  0.000478597
   0.0188513   -0.0153591            0   0.00663345
  0.00580494 -0.000478597  -0.00663345            0
Repeater1[0]<--->EndNode1[0]
REAL
   0.380952 -0.00339466  -0.0186613    0.319486
-0.00339466    0.121554   0.0433078 -0.00173423
 -0.0186613   0.0433078    0.100251 -0.00587605
   0.319486 -0.00173423 -0.00587605    0.397243
IMAGINARY
          0 -0.00385408  0.00210467   0.0161708
 0.00385408           0  -0.0124395   0.0175288
-0.00210467   0.0124395           0   0.0117075
 -0.0161708  -0.0175288  -0.0117075           0
Repeater1[0]<--->HoM1[0]
REAL
  0.418355 -0.0412702 -0.0239611   0.340972
-0.0412702  0.0965435  0.0246993 -0.0187797
-0.0239611  0.0246993   0.101311 0.00531364
  0.340972 -0.0187797 0.00531364    0.38379
IMAGINARY
           0   -0.0188513    0.0248626  -0.00580494
   0.0188513            0   -0.0153591   0.00663345
  -0.0248626    0.0153591            0  0.000478597
  0.00580494  -0.00663345 -0.000478597            0
EndNode1[0]<--->Repeater1[0]
REAL
   0.391688   0.0259341 -0.00427861    0.323553
  0.0259341    0.100756   0.0323029   0.0255141
-0.00427861   0.0323029    0.115869  0.00559746
   0.323553   0.0255141  0.00559746    0.391688
IMAGINARY
          0 -0.00417743  0.00808301  0.00636159
 0.00417743           0 -0.00838043    0.010667
-0.00808301  0.00838043           0  -0.0183226
-0.00636159   -0.010667   0.0183226           0
EndNode2[0]<--->HoM1[0]
REAL
   0.404172  0.00215031 -0.00315487    0.328088
 0.00215031    0.114733   0.0532893  0.00570589
-0.00315487   0.0532893   0.0873533  -0.0161809
   0.328088  0.00570589  -0.0161809    0.393742
IMAGINARY
           0  0.000951812   0.00774037   -0.0232019
-0.000951812            0  -0.00613487    0.0096859
 -0.00774037   0.00613487            0   -0.0183781
   0.0232019   -0.0096859    0.0183781            0
Repeater1[0]<--->EndNode1[0]
REAL
   0.391688 -0.00427861   0.0259341    0.323553
-0.00427861    0.115869   0.0323029  0.00559746
  0.0259341   0.0323029    0.100756   0.0255141
   0.323553  0.00559746   0.0255141    0.391688
IMAGINARY
          0  0.00808301 -0.00417743  0.00636159
-0.00808301           0  0.00838043  -0.0183226
 0.00417743 -0.00838043           0    0.010667
-0.00636159   0.0183226   -0.010667           0
Repeater1[0]<--->HoM1[0]
REAL
   0.404172 -0.00315487  0.00215031    0.328088
-0.00315487   0.0873533   0.0532893  -0.0161809
 0.00215031   0.0532893    0.114733  0.00570589
   0.328088  -0.0161809  0.00570589    0.393742
IMAGINARY
           0   0.00774037  0.000951812   -0.0232019
 -0.00774037            0   0.00613487   -0.0183781
-0.000951812  -0.00613487            0    0.0096859
   0.0232019    0.0183781   -0.0096859            0
EndNode1[0]<--->Repeater1[0]
REAL
   0.393484  0.00722978   0.0210293    0.321097
 0.00722978    0.093985   0.0398466 -0.00228681
  0.0210293   0.0398466   0.0989975  0.00788509
   0.321097 -0.00228681  0.00788509    0.413534
IMAGINARY
          0 -0.00863355   -0.011429  -0.0281018
 0.00863355           0  0.00835656  0.00327685
   0.011429 -0.00835656           0  -0.0117469
  0.0281018 -0.00327685   0.0117469           0
EndNode2[0]<--->HoM1[0]
REAL
    0.394279  -0.00894006 -0.000660502     0.318806
 -0.00894006     0.120647    0.0411677  -0.00792602
-0.000660502    0.0411677     0.118159   -0.0128565
    0.318806  -0.00792602   -0.0128565     0.366915
IMAGINARY
          0  -0.0220841    0.015167   0.0168967
  0.0220841           0  -0.0149099  0.00995865
  -0.015167   0.0149099           0  0.00072728
 -0.0168967 -0.00995865 -0.00072728           0
Repeater1[0]<--->EndNode1[0]
REAL
   0.393484   0.0210293  0.00722978    0.321097
  0.0210293   0.0989975   0.0398466  0.00788509
 0.00722978   0.0398466    0.093985 -0.00228681
   0.321097  0.00788509 -0.00228681    0.413534
IMAGINARY
          0   -0.011429 -0.00863355  -0.0281018
   0.011429           0 -0.00835656  -0.0117469
 0.00863355  0.00835656           0  0.00327685
  0.0281018   0.0117469 -0.00327685           0
Repeater1[0]<--->HoM1[0]
REAL
    0.394279 -0.000660502  -0.00894006     0.318806
-0.000660502     0.118159    0.0411677   -0.0128565
 -0.00894006    0.0411677     0.120647  -0.00792602
    0.318806   -0.0128565  -0.00792602     0.366915
IMAGINARY
          0    0.015167  -0.0220841   0.0168967
  -0.015167           0   0.0149099  0.00072728
  0.0220841  -0.0149099           0  0.00995865
 -0.0168967 -0.00072728 -0.00995865           0
EndNode1[0]<--->Repeater1[0]
REAL
    0.385638 -0.000591947    -0.015915     0.333915
-0.000591947     0.113032    0.0485886    0.0050593
   -0.015915    0.0485886     0.114362  -0.00515518
    0.333915    0.0050593  -0.00515518     0.386968
IMAGINARY
          0  0.00747283   0.0170216  0.00744061
-0.00747283           0  0.00057419  -0.0102281
 -0.0170216 -0.00057419           0  0.00747283
-0.00744061   0.0102281 -0.00747283           0
EndNode2[0]<--->HoM1[0]
REAL
   0.374352  -0.0158157 0.000813237    0.332402
 -0.0158157    0.107513   0.0446035  -0.0115084
0.000813237   0.0446035   0.0984456   0.0131419
   0.332402  -0.0115084   0.0131419    0.419689
IMAGINARY
          0   0.0119355 -0.00683878   -0.011051
 -0.0119355           0  0.00848028  -0.0037713
 0.00683878 -0.00848028           0  0.00397959
   0.011051   0.0037713 -0.00397959           0
Repeater1[0]<--->EndNode1[0]
REAL
    0.385638    -0.015915 -0.000591947     0.333915
   -0.015915     0.114362    0.0485886  -0.00515518
-0.000591947    0.0485886     0.113032    0.0050593
    0.333915  -0.00515518    0.0050593     0.386968
IMAGINARY
          0   0.0170216  0.00747283  0.00744061
 -0.0170216           0 -0.00057419  0.00747283
-0.00747283  0.00057419           0  -0.0102281
-0.00744061 -0.00747283   0.0102281           0
Repeater1[0]<--->HoM1[0]
REAL
   0.374352 0.000813237  -0.0158157    0.332402
0.000813237   0.0984456   0.0446035   0.0131419
 -0.0158157   0.0446035    0.107513  -0.0115084
   0.332402   0.0131419  -0.0115084    0.419689
IMAGINARY
          0 -0.00683878   0.0119355   -0.011051
 0.00683878           0 -0.00848028  0.00397959
 -0.0119355  0.00848028           0  -0.0037713
   0.011051 -0.00397959   0.0037713           0
EndNode1[0]<--->Repeater1[0]
REAL
  0.407742 -0.0202707  0.0116157   0.327301
-0.0202707   0.110968  0.0301993 0.00713428
 0.0116157  0.0301993  0.0903226  0.0265207
  0.327301 0.00713428  0.0265207   0.390968
IMAGINARY
          0  0.00871592  -0.0194699 -0.00591557
-0.00871592           0   0.0118758 -0.00358678
  0.0194699  -0.0118758           0 -0.00410459
 0.00591557  0.00358678  0.00410459           0
EndNode2[0]<--->HoM1[0]
REAL
   0.381304  0.00938882   0.0105551    0.319275
 0.00938882    0.125461    0.052693 -0.00651194
  0.0105551    0.052693    0.111931   0.0148699
   0.319275 -0.00651194   0.0148699    0.381304
IMAGINARY
           0    0.0054478  0.000957483   -0.0087331
  -0.0054478            0    0.0132376    0.0156241
-0.000957483   -0.0132376            0   0.00220526
   0.0087331   -0.0156241  -0.00220526            0
Repeater1[0]<--->EndNode1[0]
REAL
  0.407742  0.0116157 -0.0202707   0.327301
 0.0116157  0.0903226  0.0301993  0.0265207
-0.0202707  0.0301993   0.110968 0.00713428
  0.327301  0.0265207 0.00713428   0.390968
IMAGINARY
          0  -0.0194699  0.00871592 -0.00591557
  0.0194699           0  -0.0118758 -0.00410459
-0.00871592   0.0118758           0 -0.00358678
 0.00591557  0.00410459  0.00358678           0
Repeater1[0]<--->HoM1[0]
REAL
   0.381304   0.0105551  0.00938882    0.319275
  0.0105551    0.111931    0.052693   0.0148699
 0.00938882    0.052693    0.125461 -0.00651194
   0.319275   0.0148699 -0.00651194    0.381304
IMAGINARY
           0  0.000957483    0.0054478   -0.0087331
-0.000957483            0   -0.0132376   0.00220526
  -0.0054478    0.0132376            0    0.0156241
   0.0087331  -0.00220526   -0.0156241            0
EndNode1[0]<--->Repeater1[0]
REAL
   0.409731  -0.0159847 -0.00306813    0.319391
 -0.0159847   0.0947503   0.0386419  -0.0212158
-0.00306813   0.0386419     0.12548  -0.0107899
   0.319391  -0.0212158  -0.0107899    0.370038
IMAGINARY
           0   0.00553327   0.00546883   -0.0161704
 -0.00553327            0   0.00899964 -0.000121234
 -0.00546883  -0.00899964            0   -0.0108809
   0.0161704  0.000121234    0.0108809            0
EndNode2[0]<--->HoM1[0]
REAL
   0.382534  0.00841182   0.0107502    0.328185
 0.00841182   0.0897909   0.0551077 0.000306323
  0.0107502   0.0551077    0.115621  -0.0231538
   0.328185 0.000306323  -0.0231538    0.412054
IMAGINARY
         0 -0.0315429 -0.0225627  0.0255915
 0.0315429          0 -0.0100249  0.0148704
 0.0225627  0.0100249          0  0.0148762
-0.0255915 -0.0148704 -0.0148762          0
Repeater1[0]<--->EndNode1[0]
REAL
   0.409731 -0.00306813  -0.0159847    0.319391
-0.00306813     0.12548   0.0386419  -0.0107899
 -0.0159847   0.0386419   0.0947503  -0.0212158
   0.319391  -0.0107899  -0.0212158    0.370038
IMAGINARY
           0   0.00546883   0.00553327   -0.0161704
 -0.00546883            0  -0.00899964   -0.0108809
 -0.00553327   0.00899964            0 -0.000121234
   0.0161704    0.0108809  0.000121234            0
Repeater1[0]<--->HoM1[0]
REAL
   0.382534   0.0107502  0.00841182    0.328185
  0.0107502    0.115621   0.0551077  -0.0231538
 0.00841182   0.0551077   0.0897909 0.000306323
   0.328185  -0.0231538 0.000306323    0.412054
IMAGINARY
         0 -0.0225627 -0.0315429  0.0255915
 0.0225627          0  0.0100249  0.0148762
 0.0315429 -0.0100249          0  0.0148704
-0.0255915 -0.0148762 -0.0148704          0
EndNode1[0]<--->Repeater1[0]
REAL
  0.408031  0.0251532 -0.0052536   0.312214
 0.0251532   0.111399  0.0361521  0.0137503
-0.0052536  0.0361521  0.0971503 0.00948736
  0.312214  0.0137503 0.00948736    0.38342
IMAGINARY
          0 -0.00182978  -0.0121815 -0.00215154
 0.00182978           0   -0.017003 -0.00519298
  0.0121815    0.017003           0  0.00376028
 0.00215154  0.00519298 -0.00376028           0
EndNode2[0]<--->HoM1[0]
REAL
   0.371359  0.00510525  -0.0198368    0.334783
 0.00510525    0.115291   0.0527321   0.0241632
 -0.0198368   0.0527321     0.11165 0.000457174
   0.334783   0.0241632 0.000457174    0.401699
IMAGINARY
           0  0.000909843   -0.0122179  -0.00162971
-0.000909843            0   0.00228674   0.00708969
   0.0122179  -0.00228674            0   -0.0214227
  0.00162971  -0.00708969    0.0214227            0
Repeater1[0]<--->EndNode1[0]
REAL
  0.408031 -0.0052536  0.0251532   0.312214
-0.0052536  0.0971503  0.0361521 0.00948736
 0.0251532  0.0361521   0.111399  0.0137503
  0.312214 0.00948736  0.0137503    0.38342
IMAGINARY
          0  -0.0121815 -0.00182978 -0.00215154
  0.0121815           0    0.017003  0.00376028
 0.00182978   -0.017003           0 -0.00519298
 0.00215154 -0.00376028  0.00519298           0
Repeater1[0]<--->HoM1[0]
REAL
   0.371359  -0.0198368  0.00510525    0.334783
 -0.0198368     0.11165   0.0527321 0.000457174
 0.00510525   0.0527321    0.115291   0.0241632
   0.334783 0.000457174   0.0241632    0.401699
IMAGINARY
           0   -0.0122179  0.000909843  -0.00162971
   0.0122179            0  -0.00228674   -0.0214227
-0.000909843   0.00228674            0   0.00708969
  0.00162971    0.0214227  -0.00708969            0
EndNode1[0]<--->Repeater1[0]
REAL
  0.405195 0.00159472 -0.0162414   0.315416
0.00159472   0.105195  0.0373372 -0.0061658
-0.0162414  0.0373372   0.119481 0.00288671
  0.315416 -0.0061658 0.00288671    0.37013
IMAGINARY
           0   -0.0193769    0.0124392   -0.0203191
   0.0193769            0   0.00886872   0.00988822
  -0.0124392  -0.00886872            0 -0.000244228
   0.0203191  -0.00988822  0.000244228            0
EndNode2[0]<--->HoM1[0]
REAL
    0.392157 -0.000302798  -0.00516191     0.327764
-0.000302798     0.108497    0.0333474  -0.00115122
 -0.00516191    0.0333474     0.109804 -0.000959828
    0.327764  -0.00115122 -0.000959828     0.389542
IMAGINARY
           0   0.00817788  0.000731075   -0.0093743
 -0.00817788            0   0.00139884    0.0170354
-0.000731075  -0.00139884            0   0.00197441
   0.0093743   -0.0170354  -0.00197441            0
Repeater1[0]<--->EndNode1[0]
REAL
  0.405195 -0.0162414 0.00159472   0.315416
-0.0162414   0.119481  0.0373372 0.00288671
0.00159472  0.0373372   0.105195 -0.0061658
  0.315416 0.00288671 -0.0061658    0.37013
IMAGINARY
           0    0.0124392   -0.0193769   -0.0203191
  -0.0124392            0  -0.00886872 -0.000244228
   0.0193769   0.00886872            0   0.00988822
   0.0203191  0.000244228  -0.00988822            0
Repeater1[0]<--->HoM1[0]
REAL
    0.392157  -0.00516191 -0.000302798     0.327764
 -0.00516191     0.109804    0.0333474 -0.000959828
-0.000302798    0.0333474     0.108497  -0.00115122
    0.327764 -0.000959828  -0.00115122     0.389542
IMAGINARY
           0  0.000731075   0.00817788   -0.0093743
-0.000731075            0  -0.00139884   0.00197441
 -0.00817788   0.00139884            0    0.0170354
   0.0093743  -0.00197441   -0.0170354            0
EndNode1[0]<--->Repeater1[0]
REAL
   0.400494  0.00342479 -0.00392117    0.317789
 0.00342479    0.106304   0.0346092  0.00330616
-0.00392117   0.0346092     0.10754 0.000880257
   0.317789  0.00330616 0.000880257    0.385661
IMAGINARY
           0   -0.0220657    0.0125007 -0.000992326
   0.0220657            0 -0.000355383    0.0157516
  -0.0125007  0.000355383            0   -0.0285256
 0.000992326   -0.0157516    0.0285256            0
EndNode2[0]<--->HoM1[0]
REAL
   0.373724 -0.00123475  -0.0185208     0.32366
-0.00123475    0.109694   0.0355891  -0.0257151
 -0.0185208   0.0355891       0.125   -0.017532
    0.32366  -0.0257151   -0.017532    0.391582
IMAGINARY
          0 -0.00259416  0.00126904   0.0205499
 0.00259416           0  0.00569846  0.00126904
-0.00126904 -0.00569846           0 -0.00121295
 -0.0205499 -0.00126904  0.00121295           0
Repeater1[0]<--->EndNode1[0]
REAL
   0.400494 -0.00392117  0.00342479    0.317789
-0.00392117     0.10754   0.0346092 0.000880257
 0.00342479   0.0346092    0.106304  0.00330616
   0.317789 0.000880257  0.00330616    0.385661
IMAGINARY
           0    0.0125007   -0.0220657 -0.000992326
  -0.0125007            0  0.000355383   -0.0285256
   0.0220657 -0.000355383            0    0.0157516
 0.000992326    0.0285256   -0.0157516            0
Repeater1[0]<--->HoM1[0]
REAL
   0.373724  -0.0185208 -0.00123475     0.32366
 -0.0185208       0.125   0.0355891   -0.017532
-0.00123475   0.0355891    0.109694  -0.0257151
    0.32366   -0.017532  -0.0257151    0.391582
IMAGINARY
          0  0.00126904 -0.00259416   0.0205499
-0.00126904           0 -0.00569846 -0.00121295
 0.00259416  0.00569846           0  0.00126904
 -0.0205499  0.00121295 -0.00126904           0
EndNode1[0]<--->Repeater1[0]
REAL
   0.385496  0.00273706 -0.00669548    0.311482
 0.00273706   0.0903308   0.0534172   0.0029076
-0.00669548   0.0534172    0.119593   0.0098892
   0.311482   0.0029076   0.0098892     0.40458
IMAGINARY
          0 -0.00499359   0.0164357   0.0153146
 0.00499359           0  -0.0120552   0.0220258
 -0.0164357   0.0120552           0  -0.0123761
 -0.0153146  -0.0220258   0.0123761           0
EndNode2[0]<--->HoM1[0]
REAL
   0.397368  0.00872011  -0.0038817    0.313236
 0.00872011    0.126316   0.0427846  -0.0105162
 -0.0038817   0.0427846    0.102632 -0.00479341
   0.313236  -0.0105162 -0.00479341    0.373684
IMAGINARY
          0 -0.00383568   0.0074559 -0.00639799
 0.00383568           0 -0.00841683  -0.0031824
 -0.0074559  0.00841683           0  0.00688818
 0.00639799   0.0031824 -0.00688818           0
Repeater1[0]<--->EndNode1[0]
REAL
   0.385496 -0.00669548  0.00273706    0.311482
-0.00669548    0.119593   0.0534172   0.0098892
 0.00273706   0.0534172   0.0903308   0.0029076
   0.311482   0.0098892   0.0029076     0.40458
IMAGINARY
          0   0.0164357 -0.00499359   0.0153146
 -0.0164357           0   0.0120552  -0.0123761
 0.00499359  -0.0120552           0   0.0220258
 -0.0153146   0.0123761  -0.0220258           0
Repeater1[0]<--->HoM1[0]
REAL
   0.397368  -0.0038817  0.00872011    0.313236
 -0.0038817    0.102632   0.0427846 -0.00479341
 0.00872011   0.0427846    0.126316  -0.0105162
   0.313236 -0.00479341  -0.0105162    0.373684
IMAGINARY
          0   0.0074559 -0.00383568 -0.00639799
 -0.0074559           0  0.00841683  0.00688818
 0.00383568 -0.00841683           0  -0.0031824
 0.00639799 -0.00688818   0.0031824           0
EndNode1[0]<--->Repeater1[0]
REAL
   0.374684  0.00531377  -0.0111234    0.310205
 0.00531377    0.112658   0.0449235 -0.00682536
 -0.0111234   0.0449235   0.0987342 -0.00915992
   0.310205 -0.00682536 -0.00915992    0.413924
IMAGINARY
           0   -0.0105444   -0.0150536    0.0261829
   0.0105444            0  1.59244e-06   0.00894117
   0.0150536 -1.59244e-06            0   0.00198694
  -0.0261829  -0.00894117  -0.00198694            0
EndNode2[0]<--->HoM1[0]
REAL
   0.417513 -0.00992188 -0.00849028    0.315036
-0.00992188    0.110406   0.0343991  -0.0122124
-0.00849028   0.0343991   0.0850254   -0.018309
   0.315036  -0.0122124   -0.018309    0.387056
IMAGINARY
          0 -0.00317513 -0.00253268    0.018231
 0.00317513           0 -0.00271142  0.00988562
 0.00253268  0.00271142           0  -0.0152072
  -0.018231 -0.00988562   0.0152072           0
Repeater1[0]<--->EndNode1[0]
REAL
   0.374684  -0.0111234  0.00531377    0.310205
 -0.0111234   0.0987342   0.0449235 -0.00915992
 0.00531377   0.0449235    0.112658 -0.00682536
   0.310205 -0.00915992 -0.00682536    0.413924
IMAGINARY
           0   -0.0150536   -0.0105444    0.0261829
   0.0150536            0 -1.59244e-06   0.00198694
   0.0105444  1.59244e-06            0   0.00894117
  -0.0261829  -0.00198694  -0.00894117            0
Repeater1[0]<--->HoM1[0]
REAL
   0.417513 -0.00849028 -0.00992188    0.315036
-0.00849028   0.0850254   0.0343991   -0.018309
-0.00992188   0.0343991    0.110406  -0.0122124
   0.315036   -0.018309  -0.0122124    0.387056
IMAGINARY
          0 -0.00253268 -0.00317513    0.018231
 0.00253268           0  0.00271142  -0.0152072
 0.00317513 -0.00271142           0  0.00988562
  -0.018231   0.0152072 -0.00988562           0
EndNode1[0]<--->Repeater1[0]
REAL
   0.382166  -0.0240931  0.00762652    0.305694
 -0.0240931    0.117197   0.0586276   -0.027727
 0.00762652   0.0586276   0.0866242 -0.00354512
   0.305694   -0.027727 -0.00354512    0.414013
IMAGINARY
           0   0.00749195   -0.0233491 -0.000243339
 -0.00749195            0   0.00869587   0.00705189
   0.0233491  -0.00869587            0   -0.0198779
 0.000243339  -0.00705189    0.0198779            0
EndNode2[0]<--->HoM1[0]
REAL
  0.402204  0.0143593 0.00410974   0.330732
 0.0143593   0.110193  0.0491226 0.00802619
0.00410974  0.0491226   0.107438 0.00869894
  0.330732 0.00802619 0.00869894   0.380165
IMAGINARY
          0   0.0230377 -0.00251171 -0.00483892
 -0.0230377           0 -0.00672571  -0.0185611
 0.00251171  0.00672571           0  -0.0109049
 0.00483892   0.0185611   0.0109049           0
Repeater1[0]<--->EndNode1[0]
REAL
   0.382166  0.00762652  -0.0240931    0.305694
 0.00762652   0.0866242   0.0586276 -0.00354512
 -0.0240931   0.0586276    0.117197   -0.027727
   0.305694 -0.00354512   -0.027727    0.414013
IMAGINARY
           0   -0.0233491   0.00749195 -0.000243339
   0.0233491            0  -0.00869587   -0.0198779
 -0.00749195   0.00869587            0   0.00705189
 0.000243339    0.0198779  -0.00705189            0
Repeater1[0]<--->HoM1[0]
REAL
  0.402204 0.00410974  0.0143593   0.330732
0.00410974   0.107438  0.0491226 0.00869894
 0.0143593  0.0491226   0.110193 0.00802619
  0.330732 0.00869894 0.00802619   0.380165
IMAGINARY
          0 -0.00251171   0.0230377 -0.00483892
 0.00251171           0  0.00672571  -0.0109049
 -0.0230377 -0.00672571           0  -0.0185611
 0.00483892   0.0109049   0.0185611           0
EndNode1[0]<--->Repeater1[0]
REAL
   0.385126   0.0074093   0.0110544    0.315406
  0.0074093    0.118194   0.0452603 -0.00303958
  0.0110544   0.0452603   0.0996016  0.00677073
   0.315406 -0.00303958  0.00677073    0.397078
IMAGINARY
           0  -0.00680535 -0.000374856   -0.0128916
  0.00680535            0  -0.00725955  -0.00556966
 0.000374856   0.00725955            0 -0.000460172
   0.0128916   0.00556966  0.000460172            0
EndNode2[0]<--->HoM1[0]
REAL
   0.398515   0.0123478 -0.00480812    0.325516
  0.0123478    0.105198   0.0520352 -0.00667147
-0.00480812   0.0520352    0.117574  0.00168281
   0.325516 -0.00667147  0.00168281    0.378713
IMAGINARY
          0   0.0169867   0.0151858   0.0181209
 -0.0169867           0   0.0187594   0.0124385
 -0.0151858  -0.0187594           0 -0.00317457
 -0.0181209  -0.0124385  0.00317457           0
Repeater1[0]<--->EndNode1[0]
REAL
   0.385126   0.0110544   0.0074093    0.315406
  0.0110544   0.0996016   0.0452603  0.00677073
  0.0074093   0.0452603    0.118194 -0.00303958
   0.315406  0.00677073 -0.00303958    0.397078
IMAGINARY
           0 -0.000374856  -0.00680535   -0.0128916
 0.000374856            0   0.00725955 -0.000460172
  0.00680535  -0.00725955            0  -0.00556966
   0.0128916  0.000460172   0.00556966            0
Repeater1[0]<--->HoM1[0]
REAL
   0.398515 -0.00480812   0.0123478    0.325516
-0.00480812    0.117574   0.0520352  0.00168281
  0.0123478   0.0520352    0.105198 -0.00667147
   0.325516  0.00168281 -0.00667147    0.378713
IMAGINARY
          0   0.0151858   0.0169867   0.0181209
 -0.0151858           0  -0.0187594 -0.00317457
 -0.0169867   0.0187594           0   0.0124385
 -0.0181209  0.00317457  -0.0124385           0
EndNode1[0]<--->Repeater1[0]
REAL
   0.383249  0.00312115 -0.00843885    0.321588
 0.00312115   0.0964467   0.0346209 -0.00659383
-0.00843885   0.0346209    0.114213  -0.0129251
   0.321588 -0.00659383  -0.0129251    0.406091
IMAGINARY
          0 -0.00251807 -0.00535925 -0.00911685
 0.00251807           0  -0.0104292     0.02165
 0.00535925   0.0104292           0  -0.0112664
 0.00911685    -0.02165   0.0112664           0
EndNode2[0]<--->HoM1[0]
REAL
   0.391927 -0.00597968  0.00681435    0.312811
-0.00597968    0.113281    0.065238  -0.0104729
 0.00681435    0.065238    0.119792  0.00476017
   0.312811  -0.0104729  0.00476017       0.375
IMAGINARY
          0  -0.0205649  0.00534856 -0.00762062
  0.0205649           0 -0.00339866  0.00921454
-0.00534856  0.00339866           0   0.0170975
 0.00762062 -0.00921454  -0.0170975           0
Repeater1[0]<--->EndNode1[0]
REAL
   0.383249 -0.00843885  0.00312115    0.321588
-0.00843885    0.114213   0.0346209  -0.0129251
 0.00312115   0.0346209   0.0964467 -0.00659383
   0.321588  -0.0129251 -0.00659383    0.406091
IMAGINARY
          0 -0.00535925 -0.00251807 -0.00911685
 0.00535925           0   0.0104292  -0.0112664
 0.00251807  -0.0104292           0     0.02165
 0.00911685   0.0112664    -0.02165           0
Repeater1[0]<--->HoM1[0]
REAL
   0.391927  0.00681435 -0.00597968    0.312811
 0.00681435    0.119792    0.065238  0.00476017
-0.00597968    0.065238    0.113281  -0.0104729
   0.312811  0.00476017  -0.0104729       0.375
IMAGINARY
          0  0.00534856  -0.0205649 -0.00762062
-0.00534856           0  0.00339866   0.0170975
  0.0205649 -0.00339866           0  0.00921454
 0.00762062  -0.0170975 -0.00921454           0
EndNode1[0]<--->Repeater1[0]
REAL
   0.430946   -0.002495 -0.00383852    0.339332
  -0.002495    0.113811   0.0436467   0.0158066
-0.00383852   0.0436467   0.0831202   0.0197822
   0.339332   0.0158066   0.0197822    0.372123
IMAGINARY
          0    0.012342  0.00222234   -0.020091
  -0.012342           0   -0.015342  -0.0352173
-0.00222234    0.015342           0 -0.00092064
   0.020091   0.0352173  0.00092064           0
EndNode2[0]<--->HoM1[0]
REAL
   0.403101  -0.0227054  -0.0145821    0.326065
 -0.0227054   0.0981912   0.0453634  -0.0126906
 -0.0145821   0.0453634   0.0904393 -0.00586603
   0.326065  -0.0126906 -0.00586603    0.408269
IMAGINARY
          0  0.00452017 -0.00297467   0.0267226
-0.00452017           0   0.0052502  0.00673407
 0.00297467  -0.0052502           0 -0.00452017
 -0.0267226 -0.00673407  0.00452017           0
Repeater1[0]<--->EndNode1[0]
REAL
   0.430946 -0.00383852   -0.002495    0.339332
-0.00383852   0.0831202   0.0436467   0.0197822
  -0.002495   0.0436467    0.113811   0.0158066
   0.339332   0.0197822   0.0158066    0.372123
IMAGINARY
          0  0.00222234    0.012342   -0.020091
-0.00222234           0    0.015342 -0.00092064
  -0.012342   -0.015342           0  -0.0352173
   0.020091  0.00092064   0.0352173           0
Repeater1[0]<--->HoM1[0]
REAL
   0.403101  -0.0145821  -0.0227054    0.326065
 -0.0145821   0.0904393   0.0453634 -0.00586603
 -0.0227054   0.0453634   0.0981912  -0.0126906
   0.326065 -0.00586603  -0.0126906    0.408269
IMAGINARY
          0 -0.00297467  0.00452017   0.0267226
 0.00297467           0  -0.0052502 -0.00452017
-0.00452017   0.0052502           0  0.00673407
 -0.0267226  0.00452017 -0.00673407           0
EndNode1[0]<--->Repeater1[0]
REAL
   0.425831 -0.00639926   0.0105201     0.30808
-0.00639926   0.0997442   0.0508468  0.00508536
  0.0105201   0.0508468   0.0895141  0.00327816
    0.30808  0.00508536  0.00327816     0.38491
IMAGINARY
          0  0.00507101 -0.00227199   0.0171296
-0.00507101           0   0.0087963 -0.00716197
 0.00227199  -0.0087963           0  0.00310509
 -0.0171296  0.00716197 -0.00310509           0
EndNode2[0]<--->HoM1[0]
REAL
    0.388041   0.00140397   0.00909473     0.313428
  0.00140397     0.103053    0.0394021 -0.000918625
  0.00909473    0.0394021     0.103053    0.0180929
    0.313428 -0.000918625    0.0180929     0.405852
IMAGINARY
           0  -0.00765901   0.00193973   0.00669777
  0.00765901            0   0.00918533  0.000657676
 -0.00193973  -0.00918533            0    0.0128538
 -0.00669777 -0.000657676   -0.0128538            0
Repeater1[0]<--->EndNode1[0]
REAL
   0.425831   0.0105201 -0.00639926     0.30808
  0.0105201   0.0895141   0.0508468  0.00327816
-0.00639926   0.0508468   0.0997442  0.00508536
    0.30808  0.00327816  0.00508536     0.38491
IMAGINARY
          0 -0.00227199  0.00507101   0.0171296
 0.00227199           0  -0.0087963  0.00310509
-0.00507101   0.0087963           0 -0.00716197
 -0.0171296 -0.00310509  0.00716197           0
Repeater1[0]<--->HoM1[0]
REAL
    0.388041   0.00909473   0.00140397     0.313428
  0.00909473     0.103053    0.0394021    0.0180929
  0.00140397    0.0394021     0.103053 -0.000918625
    0.313428    0.0180929 -0.000918625     0.405852
IMAGINARY
           0   0.00193973  -0.00765901   0.00669777
 -0.00193973            0  -0.00918533    0.0128538
  0.00765901   0.00918533            0  0.000657676
 -0.00669777   -0.0128538 -0.000657676            0
EndNode1[0]<--->Repeater1[0]
REAL
    0.384309   0.00734554 -0.000266763     0.317446
  0.00734554    0.0984043    0.0409606    0.0148053
-0.000266763    0.0409606     0.115691   0.00466457
    0.317446    0.0148053   0.00466457     0.401596
IMAGINARY
          0  -0.0078196 -0.00190436 -0.00479417
  0.0078196           0 -0.00287846   0.0148243
 0.00190436  0.00287846           0  -0.0115602
 0.00479417  -0.0148243   0.0115602           0
EndNode2[0]<--->HoM1[0]
REAL
   0.390746  0.00793188 -0.00359096    0.327743
 0.00793188    0.120823   0.0453533   0.0086671
-0.00359096   0.0453533    0.104113  0.00729655
   0.327743   0.0086671  0.00729655    0.384319
IMAGINARY
           0   -0.0102479  -0.00285767  -0.00795953
   0.0102479            0   -0.0196478  -0.00028698
  0.00285767    0.0196478            0 -0.000443951
  0.00795953   0.00028698  0.000443951            0
Repeater1[0]<--->EndNode1[0]
REAL
    0.384309 -0.000266763   0.00734554     0.317446
-0.000266763     0.115691    0.0409606   0.00466457
  0.00734554    0.0409606    0.0984043    0.0148053
    0.317446   0.00466457    0.0148053     0.401596
IMAGINARY
          0 -0.00190436  -0.0078196 -0.00479417
 0.00190436           0  0.00287846  -0.0115602
  0.0078196 -0.00287846           0   0.0148243
 0.00479417   0.0115602  -0.0148243           0
Repeater1[0]<--->HoM1[0]
REAL
   0.390746 -0.00359096  0.00793188    0.327743
-0.00359096    0.104113   0.0453533  0.00729655
 0.00793188   0.0453533    0.120823   0.0086671
   0.327743  0.00729655   0.0086671    0.384319
IMAGINARY
           0  -0.00285767   -0.0102479  -0.00795953
  0.00285767            0    0.0196478 -0.000443951
   0.0102479   -0.0196478            0  -0.00028698
  0.00795953  0.000443951   0.00028698            0
EndNode1[0]<--->Repeater1[0]
REAL
  0.401316 0.00461945 0.00712154    0.32049
0.00461945   0.105263  0.0669779  0.0095025
0.00712154  0.0669779  0.0934211 0.00944704
   0.32049  0.0095025 0.00944704        0.4
IMAGINARY
          0 -0.00985473 -0.00862848  -0.0052857
 0.00985473           0 -0.00156362    0.036087
 0.00862848  0.00156362           0   0.0117704
  0.0052857   -0.036087  -0.0117704           0
EndNode2[0]<--->HoM1[0]
REAL
