EndNode1[0]<--->Repeater1[0]
REAL
   0.393782  -0.0200565 -0.00351779    0.229054
 -0.0200565    0.112694   0.0399783  -0.0113209
-0.00351779   0.0399783    0.112694   0.0116694
   0.229054  -0.0113209   0.0116694    0.380829
IMAGINARY
           0  0.000553874    0.0112298  -0.00319396
-0.000553874            0     0.024375  -0.00282643
  -0.0112298    -0.024375            0   -0.0145595
  0.00319396   0.00282643    0.0145595            0
EndNode2[0]<--->HoM1[0]
REAL
   0.422164 -0.00574201  -0.0267394    0.243966
-0.00574201   0.0989446  0.00698691   0.0184802
 -0.0267394  0.00698691    0.110818  -0.0152237
   0.243966   0.0184802  -0.0152237    0.368074
IMAGINARY
           0   -0.0258085 -0.000326797  -0.00364843
   0.0258085            0   0.00873749  0.000326797
 0.000326797  -0.00873749            0   -0.0158582
  0.00364843 -0.000326797    0.0158582            0
Repeater1[0]<--->EndNode1[0]
REAL
   0.393782 -0.00351779  -0.0200565    0.229054
-0.00351779    0.112694   0.0399783   0.0116694
 -0.0200565   0.0399783    0.112694  -0.0113209
   0.229054   0.0116694  -0.0113209    0.380829
IMAGINARY
           0    0.0112298  0.000553874  -0.00319396
  -0.0112298            0    -0.024375   -0.0145595
-0.000553874     0.024375            0  -0.00282643
  0.00319396    0.0145595   0.00282643            0
Repeater1[0]<--->HoM1[0]
REAL
   0.422164  -0.0267394 -0.00574201    0.243966
 -0.0267394    0.110818  0.00698691  -0.0152237
-0.00574201  0.00698691   0.0989446   0.0184802
   0.243966  -0.0152237   0.0184802    0.368074
IMAGINARY
           0 -0.000326797   -0.0258085  -0.00364843
 0.000326797            0  -0.00873749   -0.0158582
   0.0258085   0.00873749            0  0.000326797
  0.00364843    0.0158582 -0.000326797            0
EndNode1[0]<--->Repeater1[0]
REAL
   0.411846 -0.00198632  0.00537634    0.240749
-0.00198632   0.0867769   0.0257487 -0.00537634
 0.00537634   0.0257487    0.123967   0.0197528
   0.240749 -0.00537634   0.0197528     0.37741
IMAGINARY
           0   -0.0083531     0.011142   0.00937101
   0.0083531            0  0.000807109  -0.00614198
   -0.011142 -0.000807109            0   -0.0116469
 -0.00937101   0.00614198    0.0116469            0
EndNode2[0]<--->HoM1[0]
REAL
   0.387919  -0.0107685 1.54558e-05    0.250734
 -0.0107685    0.122148   0.0385385   0.0121174
1.54558e-05   0.0385385    0.122148  0.00629851
   0.250734   0.0121174  0.00629851    0.367785
IMAGINARY
          0   0.0110944  0.00490605  0.00228348
 -0.0110944           0  -0.0118866  0.00363054
-0.00490605   0.0118866           0  0.00719829
-0.00228348 -0.00363054 -0.00719829           0
Repeater1[0]<--->EndNode1[0]
REAL
   0.411846  0.00537634 -0.00198632    0.240749
 0.00537634    0.123967   0.0257487   0.0197528
-0.00198632   0.0257487   0.0867769 -0.00537634
   0.240749   0.0197528 -0.00537634     0.37741
IMAGINARY
           0     0.011142   -0.0083531   0.00937101
   -0.011142            0 -0.000807109   -0.0116469
   0.0083531  0.000807109            0  -0.00614198
 -0.00937101    0.0116469   0.00614198            0
Repeater1[0]<--->HoM1[0]
REAL
   0.387919 1.54558e-05  -0.0107685    0.250734
1.54558e-05    0.122148   0.0385385  0.00629851
 -0.0107685   0.0385385    0.122148   0.0121174
   0.250734  0.00629851   0.0121174    0.367785
IMAGINARY
          0  0.00490605   0.0110944  0.00228348
-0.00490605           0   0.0118866  0.00719829
 -0.0110944  -0.0118866           0  0.00363054
-0.00228348 -0.00719829 -0.00363054           0
EndNode1[0]<--->Repeater1[0]
REAL
  0.406849 -0.0113373 0.00461974   0.252356
-0.0113373   0.113699  0.0268159 -0.0077565
0.00461974  0.0268159   0.105479 -0.0068559
  0.252356 -0.0077565 -0.0068559   0.373973
IMAGINARY
           0    0.0126709   -0.0204001   0.00898419
  -0.0126709            0  0.000949582   0.00705834
   0.0204001 -0.000949582            0  0.000670902
 -0.00898419  -0.00705834 -0.000670902            0
EndNode2[0]<--->HoM1[0]
REAL
    0.405161 -2.81962e-05    0.0119857     0.243819
-2.81962e-05     0.127742    0.0335391   0.00625325
   0.0119857    0.0335391     0.117419  -0.00563218
    0.243819   0.00625325  -0.00563218     0.349677
IMAGINARY
          0  0.00284995  -0.0165103  0.00696437
-0.00284995           0   0.0150945  -0.0121946
  0.0165103  -0.0150945           0    0.013839
-0.00696437   0.0121946   -0.013839           0
Repeater1[0]<--->EndNode1[0]
REAL
  0.406849 0.00461974 -0.0113373   0.252356
0.00461974   0.105479  0.0268159 -0.0068559
-0.0113373  0.0268159   0.113699 -0.0077565
  0.252356 -0.0068559 -0.0077565   0.373973
IMAGINARY
           0   -0.0204001    0.0126709   0.00898419
   0.0204001            0 -0.000949582  0.000670902
  -0.0126709  0.000949582            0   0.00705834
 -0.00898419 -0.000670902  -0.00705834            0
Repeater1[0]<--->HoM1[0]
REAL
    0.405161    0.0119857 -2.81962e-05     0.243819
   0.0119857     0.117419    0.0335391  -0.00563218
-2.81962e-05    0.0335391     0.127742   0.00625325
    0.243819  -0.00563218   0.00625325     0.349677
IMAGINARY
          0  -0.0165103  0.00284995  0.00696437
  0.0165103           0  -0.0150945    0.013839
-0.00284995   0.0150945           0  -0.0121946
-0.00696437   -0.013839   0.0121946           0
EndNode1[0]<--->Repeater1[0]
REAL
    0.395141   0.00250112   0.00951907     0.247707
  0.00250112     0.131714    0.0328684   -0.0179124
  0.00951907    0.0328684     0.108696 -0.000103043
    0.247707   -0.0179124 -0.000103043      0.36445
IMAGINARY
          0 -0.00976153  0.00165333   0.0132087
 0.00976153           0  -0.0246701   0.0106047
-0.00165333   0.0246701           0  0.00653573
 -0.0132087  -0.0106047 -0.00653573           0
EndNode2[0]<--->HoM1[0]
REAL
   0.364922  -0.0150143 -0.00536881    0.264204
 -0.0150143     0.11174   0.0241271   -0.010235
-0.00536881   0.0241271    0.110325 -0.00601689
   0.264204   -0.010235 -0.00601689    0.413013
IMAGINARY
           0   0.00115422  -0.00832431  0.000505758
 -0.00115422            0  -0.00642993  -0.00768081
  0.00832431   0.00642993            0    0.0110097
-0.000505758   0.00768081   -0.0110097            0
Repeater1[0]<--->EndNode1[0]
REAL
    0.395141   0.00951907   0.00250112     0.247707
  0.00951907     0.108696    0.0328684 -0.000103043
  0.00250112    0.0328684     0.131714   -0.0179124
    0.247707 -0.000103043   -0.0179124      0.36445
IMAGINARY
          0  0.00165333 -0.00976153   0.0132087
-0.00165333           0   0.0246701  0.00653573
 0.00976153  -0.0246701           0   0.0106047
 -0.0132087 -0.00653573  -0.0106047           0
Repeater1[0]<--->HoM1[0]
REAL
   0.364922 -0.00536881  -0.0150143    0.264204
-0.00536881    0.110325   0.0241271 -0.00601689
 -0.0150143   0.0241271     0.11174   -0.010235
   0.264204 -0.00601689   -0.010235    0.413013
IMAGINARY
           0  -0.00832431   0.00115422  0.000505758
  0.00832431            0   0.00642993    0.0110097
 -0.00115422  -0.00642993            0  -0.00768081
-0.000505758   -0.0110097   0.00768081            0
EndNode1[0]<--->Repeater1[0]
REAL
   0.389037 -0.00191982 0.000182928    0.241991
-0.00191982    0.118984   0.0407251   0.0121628
0.000182928   0.0407251    0.108289  -0.0153641
   0.241991   0.0121628  -0.0153641     0.38369
IMAGINARY
           0  -0.00696203    0.0110965  -0.00703528
  0.00696203            0     0.010391  0.000295948
  -0.0110965    -0.010391            0  -0.00696203
  0.00703528 -0.000295948   0.00696203            0
EndNode2[0]<--->HoM1[0]
REAL
  0.398718 -0.0278246 -0.0110643    0.23808
-0.0278246   0.102564  0.0214135 0.00726688
-0.0110643  0.0214135   0.110256 0.00377394
   0.23808 0.00726688 0.00377394   0.388462
IMAGINARY
          0  0.00249663  -0.0243846  0.00166452
-0.00249663           0  -0.0090273   0.0102821
  0.0243846   0.0090273           0  0.00775978
-0.00166452  -0.0102821 -0.00775978           0
Repeater1[0]<--->EndNode1[0]
REAL
   0.389037 0.000182928 -0.00191982    0.241991
0.000182928    0.108289   0.0407251  -0.0153641
-0.00191982   0.0407251    0.118984   0.0121628
   0.241991  -0.0153641   0.0121628     0.38369
IMAGINARY
           0    0.0110965  -0.00696203  -0.00703528
  -0.0110965            0    -0.010391  -0.00696203
  0.00696203     0.010391            0  0.000295948
  0.00703528   0.00696203 -0.000295948            0
Repeater1[0]<--->HoM1[0]
REAL
  0.398718 -0.0110643 -0.0278246    0.23808
-0.0110643   0.110256  0.0214135 0.00377394
-0.0278246  0.0214135   0.102564 0.00726688
   0.23808 0.00377394 0.00726688   0.388462
IMAGINARY
          0  -0.0243846  0.00249663  0.00166452
  0.0243846           0   0.0090273  0.00775978
-0.00249663  -0.0090273           0   0.0102821
-0.00166452 -0.00775978  -0.0102821           0
EndNode1[0]<--->Repeater1[0]
REAL
       0.42 -0.00500954   0.0155308    0.248286
-0.00500954    0.106667   0.0299239  0.00327592
  0.0155308   0.0299239    0.113333   0.0225193
   0.248286  0.00327592   0.0225193        0.36
IMAGINARY
          0  0.00130166   -0.019006 -0.00289675
-0.00130166           0 -0.00706341  -0.0107707
   0.019006  0.00706341           0 -0.00998652
 0.00289675   0.0107707  0.00998652           0
EndNode2[0]<--->HoM1[0]
REAL
  0.397333 -0.0098805 -0.0151455   0.253893
-0.0098805   0.113333   0.036864   0.017071
-0.0151455   0.036864       0.12  0.0156571
  0.253893   0.017071  0.0156571   0.369333
IMAGINARY
          0 -0.00886797  -0.0234169 -0.00581157
 0.00886797           0  0.00824466  0.00229009
  0.0234169 -0.00824466           0    0.018471
 0.00581157 -0.00229009   -0.018471           0
Repeater1[0]<--->EndNode1[0]
REAL
       0.42   0.0155308 -0.00500954    0.248286
  0.0155308    0.113333   0.0299239   0.0225193
-0.00500954   0.0299239    0.106667  0.00327592
   0.248286   0.0225193  0.00327592        0.36
IMAGINARY
          0   -0.019006  0.00130166 -0.00289675
   0.019006           0  0.00706341 -0.00998652
-0.00130166 -0.00706341           0  -0.0107707
 0.00289675  0.00998652   0.0107707           0
Repeater1[0]<--->HoM1[0]
REAL
  0.397333 -0.0151455 -0.0098805   0.253893
-0.0151455       0.12   0.036864  0.0156571
-0.0098805   0.036864   0.113333   0.017071
  0.253893  0.0156571   0.017071   0.369333
IMAGINARY
          0  -0.0234169 -0.00886797 -0.00581157
  0.0234169           0 -0.00824466    0.018471
 0.00886797  0.00824466           0  0.00229009
 0.00581157   -0.018471 -0.00229009           0
EndNode1[0]<--->Repeater1[0]
REAL
   0.39625  0.0117758 0.00629545   0.229576
 0.0117758     0.1125  0.0365933 0.00116724
0.00629545  0.0365933    0.11625 -0.0217261
  0.229576 0.00116724 -0.0217261      0.375
IMAGINARY
          0   0.0128782   -0.010521 -0.00268807
 -0.0128782           0 -0.00405047  0.00926789
   0.010521  0.00405047           0   0.0021594
 0.00268807 -0.00926789  -0.0021594           0
EndNode2[0]<--->HoM1[0]
REAL
  0.385678 0.00860117  0.0429413   0.254516
0.00860117   0.115578   0.036567 0.00355548
 0.0429413   0.036567    0.11809  0.0073224
  0.254516 0.00355548  0.0073224   0.380653
IMAGINARY
          0   0.0107033  -0.0114994 -0.00494588
 -0.0107033           0 -0.00892466  -0.0038852
  0.0114994  0.00892466           0   0.0175018
 0.00494588   0.0038852  -0.0175018           0
Repeater1[0]<--->EndNode1[0]
REAL
   0.39625 0.00629545  0.0117758   0.229576
0.00629545    0.11625  0.0365933 -0.0217261
 0.0117758  0.0365933     0.1125 0.00116724
  0.229576 -0.0217261 0.00116724      0.375
IMAGINARY
          0   -0.010521   0.0128782 -0.00268807
   0.010521           0  0.00405047   0.0021594
 -0.0128782 -0.00405047           0  0.00926789
 0.00268807  -0.0021594 -0.00926789           0
Repeater1[0]<--->HoM1[0]
REAL
  0.385678  0.0429413 0.00860117   0.254516
 0.0429413    0.11809   0.036567  0.0073224
0.00860117   0.036567   0.115578 0.00355548
  0.254516  0.0073224 0.00355548   0.380653
IMAGINARY
          0  -0.0114994   0.0107033 -0.00494588
  0.0114994           0  0.00892466   0.0175018
 -0.0107033 -0.00892466           0  -0.0038852
 0.00494588  -0.0175018   0.0038852           0
EndNode1[0]<--->Repeater1[0]
REAL
  0.396201 0.00468098 -0.0034099   0.252579
0.00468098   0.103121  0.0420531  0.0261637
-0.0034099  0.0420531   0.107191 0.00407048
  0.252579  0.0261637 0.00407048   0.393487
IMAGINARY
         0 -0.0151987  0.0207564  0.0143127
 0.0151987          0 -0.0212136 -0.0195033
-0.0207564  0.0212136          0  0.0126924
-0.0143127  0.0195033 -0.0126924          0
EndNode2[0]<--->HoM1[0]
REAL
     0.4075   0.0229139   0.0107058     0.25566
  0.0229139     0.09125   0.0211144 0.000261939
  0.0107058   0.0211144      0.1125 -0.00291391
    0.25566 0.000261939 -0.00291391     0.38875
IMAGINARY
           0 -0.000337328   0.00178435    0.0123105
 0.000337328            0    0.0162999    0.0279126
 -0.00178435   -0.0162999            0  -0.00632934
  -0.0123105   -0.0279126   0.00632934            0
Repeater1[0]<--->EndNode1[0]
REAL
  0.396201 -0.0034099 0.00468098   0.252579
-0.0034099   0.107191  0.0420531 0.00407048
0.00468098  0.0420531   0.103121  0.0261637
  0.252579 0.00407048  0.0261637   0.393487
IMAGINARY
         0  0.0207564 -0.0151987  0.0143127
-0.0207564          0  0.0212136  0.0126924
 0.0151987 -0.0212136          0 -0.0195033
-0.0143127 -0.0126924  0.0195033          0
Repeater1[0]<--->HoM1[0]
REAL
     0.4075   0.0107058   0.0229139     0.25566
  0.0107058      0.1125   0.0211144 -0.00291391
  0.0229139   0.0211144     0.09125 0.000261939
    0.25566 -0.00291391 0.000261939     0.38875
IMAGINARY
           0   0.00178435 -0.000337328    0.0123105
 -0.00178435            0   -0.0162999  -0.00632934
 0.000337328    0.0162999            0    0.0279126
  -0.0123105   0.00632934   -0.0279126            0
EndNode1[0]<--->Repeater1[0]
REAL
   0.394771  0.00633347   0.0254599    0.222601
 0.00633347     0.10719   0.0141675  -0.0184961
  0.0254599   0.0141675    0.133333 -0.00354795
   0.222601  -0.0184961 -0.00354795    0.364706
IMAGINARY
           0    0.0108507 -0.000296024   -0.0133983
  -0.0108507            0  -0.00114025    0.0304165
 0.000296024   0.00114025            0   0.00963121
   0.0133983   -0.0304165  -0.00963121            0
EndNode2[0]<--->HoM1[0]
REAL
  0.399745 -0.0250119 -0.0195105   0.254712
-0.0250119   0.104725  0.0244918 -0.0029542
-0.0195105  0.0244918   0.130268 0.00254718
  0.254712 -0.0029542 0.00254718   0.365262
IMAGINARY
           0    0.0133079   0.00894893 -0.000244951
  -0.0133079            0   0.00603646   0.00337273
 -0.00894893  -0.00603646            0  -0.00747132
 0.000244951  -0.00337273   0.00747132            0
Repeater1[0]<--->EndNode1[0]
REAL
   0.394771   0.0254599  0.00633347    0.222601
  0.0254599    0.133333   0.0141675 -0.00354795
 0.00633347   0.0141675     0.10719  -0.0184961
   0.222601 -0.00354795  -0.0184961    0.364706
IMAGINARY
           0 -0.000296024    0.0108507   -0.0133983
 0.000296024            0   0.00114025   0.00963121
  -0.0108507  -0.00114025            0    0.0304165
   0.0133983  -0.00963121   -0.0304165            0
Repeater1[0]<--->HoM1[0]
REAL
  0.399745 -0.0195105 -0.0250119   0.254712
-0.0195105   0.130268  0.0244918 0.00254718
-0.0250119  0.0244918   0.104725 -0.0029542
  0.254712 0.00254718 -0.0029542   0.365262
IMAGINARY
           0   0.00894893    0.0133079 -0.000244951
 -0.00894893            0  -0.00603646  -0.00747132
  -0.0133079   0.00603646            0   0.00337273
 0.000244951   0.00747132  -0.00337273            0
EndNode1[0]<--->Repeater1[0]
REAL
  0.412987 -0.0184265  0.0152574   0.256993
-0.0184265   0.118182  0.0438043 -0.0145934
 0.0152574  0.0438043   0.111688  0.0217466
  0.256993 -0.0145934  0.0217466   0.357143
IMAGINARY
           0    0.0150757  -0.00506878  0.000284262
  -0.0150757            0  -0.00097202  -0.00965593
  0.00506878   0.00097202            0   -0.0131551
-0.000284262   0.00965593    0.0131551            0
EndNode2[0]<--->HoM1[0]
REAL
   0.424516 -0.00765646 -0.00520254    0.255333
-0.00765646   0.0929032   0.0486667  -0.0174641
-0.00520254   0.0486667    0.108387  0.00765646
   0.255333  -0.0174641  0.00765646    0.374194
IMAGINARY
          0 -0.00350451   -0.030476   0.0103845
 0.00350451           0 -0.00545837  -0.0137665
   0.030476  0.00545837           0   0.0550197
 -0.0103845   0.0137665  -0.0550197           0
Repeater1[0]<--->EndNode1[0]
REAL
  0.412987  0.0152574 -0.0184265   0.256993
 0.0152574   0.111688  0.0438043  0.0217466
-0.0184265  0.0438043   0.118182 -0.0145934
  0.256993  0.0217466 -0.0145934   0.357143
IMAGINARY
           0  -0.00506878    0.0150757  0.000284262
  0.00506878            0   0.00097202   -0.0131551
  -0.0150757  -0.00097202            0  -0.00965593
-0.000284262    0.0131551   0.00965593            0
Repeater1[0]<--->HoM1[0]
REAL
   0.424516 -0.00520254 -0.00765646    0.255333
-0.00520254    0.108387   0.0486667  0.00765646
-0.00765646   0.0486667   0.0929032  -0.0174641
   0.255333  0.00765646  -0.0174641    0.374194
IMAGINARY
          0   -0.030476 -0.00350451   0.0103845
   0.030476           0  0.00545837   0.0550197
 0.00350451 -0.00545837           0  -0.0137665
 -0.0103845  -0.0550197   0.0137665           0
EndNode1[0]<--->Repeater1[0]
REAL
    0.365229  -0.00578427 -0.000838668     0.248302
 -0.00578427     0.113208    0.0379481  -0.00916133
-0.000838668    0.0379481     0.126685    0.0270343
    0.248302  -0.00916133    0.0270343     0.394879
IMAGINARY
           0    0.0183793   -0.0160002    0.0238767
  -0.0183793            0  -0.00753687   0.00223876
   0.0160002   0.00753687            0 -0.000685937
  -0.0238767  -0.00223876  0.000685937            0
EndNode2[0]<--->HoM1[0]
REAL
    0.377181   0.00851276   0.00157047     0.259834
  0.00851276      0.10604    0.0311714 -0.000247715
  0.00157047    0.0311714     0.104698   0.00603751
    0.259834 -0.000247715   0.00603751     0.412081
IMAGINARY
          0   -0.009063   0.0148413 -0.00539444
   0.009063           0 -0.00896587  -0.0167521
 -0.0148413  0.00896587           0 -0.00303891
 0.00539444   0.0167521  0.00303891           0
Repeater1[0]<--->EndNode1[0]
REAL
    0.365229 -0.000838668  -0.00578427     0.248302
-0.000838668     0.126685    0.0379481    0.0270343
 -0.00578427    0.0379481     0.113208  -0.00916133
    0.248302    0.0270343  -0.00916133     0.394879
IMAGINARY
           0   -0.0160002    0.0183793    0.0238767
   0.0160002            0   0.00753687 -0.000685937
  -0.0183793  -0.00753687            0   0.00223876
  -0.0238767  0.000685937  -0.00223876            0
Repeater1[0]<--->HoM1[0]
REAL
    0.377181   0.00157047   0.00851276     0.259834
  0.00157047     0.104698    0.0311714   0.00603751
  0.00851276    0.0311714      0.10604 -0.000247715
    0.259834   0.00603751 -0.000247715     0.412081
IMAGINARY
          0   0.0148413   -0.009063 -0.00539444
 -0.0148413           0  0.00896587 -0.00303891
   0.009063 -0.00896587           0  -0.0167521
 0.00539444  0.00303891   0.0167521           0
EndNode1[0]<--->Repeater1[0]
REAL
    0.37561   0.0147001   0.0119041    0.238249
  0.0147001    0.120732   0.0221027 -0.00249381
  0.0119041   0.0221027    0.137805  0.00851196
   0.238249 -0.00249381  0.00851196    0.365854
IMAGINARY
           0   0.00304687   0.00908935 -0.000311495
 -0.00304687            0  -0.00169654    0.0026294
 -0.00908935   0.00169654            0  -0.00695312
 0.000311495   -0.0026294   0.00695312            0
EndNode2[0]<--->HoM1[0]
REAL
   0.396149   0.0128053   0.0112256    0.245334
  0.0128053    0.116919   0.0136272  0.00669777
  0.0112256   0.0136272    0.118294 -0.00353458
   0.245334  0.00669777 -0.00353458    0.368638
IMAGINARY
           0    0.0131813  -0.00282974 -0.000632115
  -0.0131813            0 -1.59827e-06  -0.00679799
  0.00282974  1.59827e-06            0  -0.00226987
 0.000632115   0.00679799   0.00226987            0
Repeater1[0]<--->EndNode1[0]
REAL
    0.37561   0.0119041   0.0147001    0.238249
  0.0119041    0.137805   0.0221027  0.00851196
  0.0147001   0.0221027    0.120732 -0.00249381
   0.238249  0.00851196 -0.00249381    0.365854
IMAGINARY
           0   0.00908935   0.00304688 -0.000311495
 -0.00908935            0   0.00169654  -0.00695312
 -0.00304688  -0.00169654            0    0.0026294
 0.000311495   0.00695312   -0.0026294            0
Repeater1[0]<--->HoM1[0]
REAL
   0.396149   0.0112256   0.0128053    0.245334
  0.0112256    0.118294   0.0136272 -0.00353458
  0.0128053   0.0136272    0.116919  0.00669777
   0.245334 -0.00353458  0.00669777    0.368638
IMAGINARY
           0  -0.00282974    0.0131813 -0.000632115
  0.00282974            0  1.59827e-06  -0.00226987
  -0.0131813 -1.59827e-06            0  -0.00679799
 0.000632115   0.00226987   0.00679799            0
EndNode1[0]<--->Repeater1[0]
REAL
    0.383663    0.0219583   0.00129269     0.215435
   0.0219583     0.127475    0.0420174    0.0190325
  0.00129269    0.0420174     0.128713 -0.000278062
    0.215435    0.0190325 -0.000278062     0.360149
IMAGINARY
          0   0.0184081  0.00315177  -0.0213364
 -0.0184081           0  0.00316686 -0.00694924
-0.00315177 -0.00316686           0 -0.00701566
  0.0213364  0.00694924  0.00701566           0
EndNode2[0]<--->HoM1[0]
REAL
   0.397622   -0.018966 -0.00266346    0.254777
  -0.018966    0.108322   0.0452229  0.00203453
-0.00266346   0.0452229   0.0871863  0.00701629
   0.254777  0.00203453  0.00701629    0.406869
IMAGINARY
          0  0.00929187 -0.00497013  0.00605965
-0.00929187           0  0.00735499   0.0183459
 0.00497013 -0.00735499           0  -0.0201199
-0.00605965  -0.0183459   0.0201199           0
Repeater1[0]<--->EndNode1[0]
REAL
    0.383663   0.00129269    0.0219583     0.215435
  0.00129269     0.128713    0.0420174 -0.000278062
   0.0219583    0.0420174     0.127475    0.0190325
    0.215435 -0.000278062    0.0190325     0.360149
IMAGINARY
          0  0.00315177   0.0184081  -0.0213364
-0.00315177           0 -0.00316686 -0.00701566
 -0.0184081  0.00316686           0 -0.00694924
  0.0213364  0.00701566  0.00694924           0
Repeater1[0]<--->HoM1[0]
REAL
   0.397622 -0.00266346   -0.018966    0.254777
-0.00266346   0.0871863   0.0452229  0.00701629
  -0.018966   0.0452229    0.108322  0.00203453
   0.254777  0.00701629  0.00203453    0.406869
IMAGINARY
          0 -0.00497013  0.00929187  0.00605965
 0.00497013           0 -0.00735499  -0.0201199
-0.00929187  0.00735499           0   0.0183459
-0.00605965   0.0201199  -0.0183459           0
EndNode1[0]<--->Repeater1[0]
REAL
  0.405405 0.00419842 0.00578646   0.246765
0.00419842   0.114543  0.0215745 0.00644005
0.00578646  0.0215745   0.108108  0.0260461
  0.246765 0.00644005  0.0260461   0.371943
IMAGINARY
           0  -0.00424719  0.000456579  -0.00667579
  0.00424719            0     0.015811   0.00717701
-0.000456579    -0.015811            0   0.00933625
  0.00667579  -0.00717701  -0.00933625            0
EndNode2[0]<--->HoM1[0]
REAL
   0.395887 -0.00330869   0.0169876     0.22741
-0.00330869    0.125964   0.0407431  0.00148373
  0.0169876   0.0407431    0.105398   0.0319711
    0.22741  0.00148373   0.0319711    0.372751
IMAGINARY
           0   0.00696066    0.0048511  0.000624847
 -0.00696066            0  -0.00399867   -0.0141844
  -0.0048511   0.00399867            0    -0.012294
-0.000624847    0.0141844     0.012294            0
Repeater1[0]<--->EndNode1[0]
REAL
  0.405405 0.00578646 0.00419842   0.246765
0.00578646   0.108108  0.0215745  0.0260461
0.00419842  0.0215745   0.114543 0.00644005
  0.246765  0.0260461 0.00644005   0.371943
IMAGINARY
           0  0.000456579  -0.00424719  -0.00667579
-0.000456579            0    -0.015811   0.00933625
  0.00424719     0.015811            0   0.00717701
  0.00667579  -0.00933625  -0.00717701            0
Repeater1[0]<--->HoM1[0]
REAL
   0.395887   0.0169876 -0.00330869     0.22741
  0.0169876    0.105398   0.0407431   0.0319711
-0.00330869   0.0407431    0.125964  0.00148373
    0.22741   0.0319711  0.00148373    0.372751
IMAGINARY
           0    0.0048511   0.00696066  0.000624847
  -0.0048511            0   0.00399867    -0.012294
 -0.00696066  -0.00399867            0   -0.0141844
-0.000624847     0.012294    0.0141844            0
EndNode1[0]<--->Repeater1[0]
REAL
  0.385496 -0.0106754  0.0113499   0.247307
-0.0106754   0.122137  0.0524349  0.0080299
 0.0113499  0.0524349   0.109415 0.00809139
  0.247307  0.0080299 0.00809139   0.382952
IMAGINARY
          0 -0.00809993  0.00258857  0.00446126
 0.00809993           0   -0.013732  0.00894989
-0.00258857    0.013732           0  0.00425378
-0.00446126 -0.00894989 -0.00425378           0
EndNode2[0]<--->HoM1[0]
REAL
   0.397419 0.000966184  0.00413032    0.247546
0.000966184    0.132903    0.031466 -0.00166118
 0.00413032    0.031466    0.112258  -0.0120773
   0.247546 -0.00166118  -0.0120773    0.357419
IMAGINARY
          0  0.00848154  -0.0175341 -0.00328947
-0.00848154           0  0.00328947  -0.0063352
  0.0175341 -0.00328947           0 -0.00722526
 0.00328947   0.0063352  0.00722526           0
Repeater1[0]<--->EndNode1[0]
REAL
  0.385496  0.0113499 -0.0106754   0.247307
 0.0113499   0.109415  0.0524349 0.00809139
-0.0106754  0.0524349   0.122137  0.0080299
  0.247307 0.00809139  0.0080299   0.382952
IMAGINARY
          0  0.00258857 -0.00809993  0.00446126
-0.00258857           0    0.013732  0.00425378
 0.00809993   -0.013732           0  0.00894989
-0.00446126 -0.00425378 -0.00894989           0
Repeater1[0]<--->HoM1[0]
REAL
   0.397419  0.00413032 0.000966184    0.247546
 0.00413032    0.112258    0.031466  -0.0120773
0.000966184    0.031466    0.132903 -0.00166118
   0.247546  -0.0120773 -0.00166118    0.357419
IMAGINARY
          0  -0.0175341  0.00848154 -0.00328947
  0.0175341           0 -0.00328947 -0.00722526
-0.00848154  0.00328947           0  -0.0063352
 0.00328947  0.00722526   0.0063352           0
EndNode1[0]<--->Repeater1[0]
REAL
   0.391417  -0.0198882 -0.00604308    0.227623
 -0.0198882    0.113134   0.0394654  -0.0104126
-0.00604308   0.0394654    0.113134  -0.0168207
   0.227623  -0.0104126  -0.0168207    0.382315
IMAGINARY
          0   0.0218001   0.0210526  0.00130718
 -0.0218001           0  0.00260927 -0.00394737
 -0.0210526 -0.00260927           0  -0.0112738
-0.00130718  0.00394737   0.0112738           0
EndNode2[0]<--->HoM1[0]
REAL
  0.447721 -0.0174327 -0.0118973   0.227044
-0.0174327   0.115282  0.0510237 -0.0168234
-0.0118973  0.0510237  0.0871314 0.00698886
  0.227044 -0.0168234 0.00698886   0.349866
IMAGINARY
           0 -0.000378439   0.00512676  -0.00829213
 0.000378439            0   -0.0114447   0.00125079
 -0.00512676    0.0114447            0   -0.0315093
  0.00829213  -0.00125079    0.0315093            0
Repeater1[0]<--->EndNode1[0]
REAL
   0.391417 -0.00604308  -0.0198882    0.227623
-0.00604308    0.113134   0.0394654  -0.0168207
 -0.0198882   0.0394654    0.113134  -0.0104126
   0.227623  -0.0168207  -0.0104126    0.382315
IMAGINARY
          0   0.0210526   0.0218001  0.00130718
 -0.0210526           0 -0.00260927  -0.0112738
 -0.0218001  0.00260927           0 -0.00394737
-0.00130718   0.0112738  0.00394737           0
Repeater1[0]<--->HoM1[0]
REAL
  0.447721 -0.0118973 -0.0174327   0.227044
-0.0118973  0.0871314  0.0510237 0.00698886
-0.0174327  0.0510237   0.115282 -0.0168234
  0.227044 0.00698886 -0.0168234   0.349866
IMAGINARY
           0   0.00512676 -0.000378439  -0.00829213
 -0.00512676            0    0.0114447   -0.0315093
 0.000378439   -0.0114447            0   0.00125079
  0.00829213    0.0315093  -0.00125079            0
EndNode1[0]<--->Repeater1[0]
REAL
  0.400768  0.0188441 0.00537411   0.229234
 0.0188441   0.101152  0.0291103 0.00597435
0.00537411  0.0291103   0.130602   0.012531
  0.229234 0.00597435   0.012531   0.367478
IMAGINARY
          0 -0.00540089   0.0189644    0.022403
 0.00540089           0   0.0251204  -0.0146273
 -0.0189644  -0.0251204           0  -0.0162844
  -0.022403   0.0146273   0.0162844           0
EndNode2[0]<--->HoM1[0]
REAL
  0.394309  0.0157704 0.00887061    0.26177
 0.0157704   0.117886  0.0238561 0.00166222
0.00887061  0.0238561   0.108401  0.0059149
   0.26177 0.00166222  0.0059149   0.379404
IMAGINARY
          0  -0.0437008   0.0185462   0.0179256
  0.0437008           0 -0.00314724  0.00308229
 -0.0185462  0.00314724           0   0.0144387
 -0.0179256 -0.00308229  -0.0144387           0
Repeater1[0]<--->EndNode1[0]
REAL
  0.400768 0.00537411  0.0188441   0.229234
0.00537411   0.130602  0.0291103   0.012531
 0.0188441  0.0291103   0.101152 0.00597435
  0.229234   0.012531 0.00597435   0.367478
IMAGINARY
          0   0.0189644 -0.00540089    0.022403
 -0.0189644           0  -0.0251204  -0.0162844
 0.00540089   0.0251204           0  -0.0146273
  -0.022403   0.0162844   0.0146273           0
Repeater1[0]<--->HoM1[0]
REAL
  0.394309 0.00887061  0.0157704    0.26177
0.00887061   0.108401  0.0238561  0.0059149
 0.0157704  0.0238561   0.117886 0.00166222
   0.26177  0.0059149 0.00166222   0.379404
IMAGINARY
          0   0.0185462  -0.0437008   0.0179256
 -0.0185462           0  0.00314724   0.0144387
  0.0437008 -0.00314724           0  0.00308229
 -0.0179256  -0.0144387 -0.00308229           0
EndNode1[0]<--->Repeater1[0]
REAL
    0.397823  -0.00923476 -0.000526619     0.244476
 -0.00923476     0.113664    0.0182124  -0.00976145
-0.000526619    0.0182124     0.102781  -0.00791201
    0.244476  -0.00976145  -0.00791201     0.385732
IMAGINARY
          0   0.0145731  -0.0021121  -0.0133779
 -0.0145731           0   -0.005626 -0.00466965
  0.0021121    0.005626           0  0.00207306
  0.0133779  0.00466965 -0.00207306           0
EndNode2[0]<--->HoM1[0]
REAL
   0.411765   -0.011993  0.00422878    0.252265
  -0.011993    0.116395   0.0563283  0.00488581
 0.00422878   0.0563283   0.0876095 -0.00884037
   0.252265  0.00488581 -0.00884037     0.38423
IMAGINARY
          0  -0.0153004  -0.0039611  0.00692645
  0.0153004           0  0.00360639   0.0177226
  0.0039611 -0.00360639           0  0.00153896
-0.00692645  -0.0177226 -0.00153896           0
Repeater1[0]<--->EndNode1[0]
REAL
    0.397823 -0.000526619  -0.00923476     0.244476
-0.000526619     0.102781    0.0182124  -0.00791201
 -0.00923476    0.0182124     0.113664  -0.00976145
    0.244476  -0.00791201  -0.00976145     0.385732
IMAGINARY
          0  -0.0021121   0.0145731  -0.0133779
  0.0021121           0    0.005626  0.00207306
 -0.0145731   -0.005626           0 -0.00466965
  0.0133779 -0.00207306  0.00466965           0
Repeater1[0]<--->HoM1[0]
REAL
   0.411765  0.00422878   -0.011993    0.252265
 0.00422878   0.0876095   0.0563283 -0.00884037
  -0.011993   0.0563283    0.116395  0.00488581
   0.252265 -0.00884037  0.00488581     0.38423
IMAGINARY
          0  -0.0039611  -0.0153004  0.00692645
  0.0039611           0 -0.00360639  0.00153896
  0.0153004  0.00360639           0   0.0177226
-0.00692645 -0.00153896  -0.0177226           0
EndNode1[0]<--->Repeater1[0]
REAL
   0.406369 -0.00417132   0.0165641    0.232798
-0.00417132    0.110828   0.0449803  -0.0132961
  0.0165641   0.0449803   0.0993631   0.0126681
   0.232798  -0.0132961   0.0126681    0.383439
IMAGINARY
          0  0.00777202   0.0160909   0.0114698
-0.00777202           0  -0.0076038   0.0118278
 -0.0160909   0.0076038           0 -0.00777202
 -0.0114698  -0.0118278  0.00777202           0
EndNode2[0]<--->HoM1[0]
REAL
  0.388964  0.0148942  0.0267192   0.255196
 0.0148942   0.103634  0.0453029 -0.0154972
 0.0267192  0.0453029   0.118439 0.00879661
  0.255196 -0.0154972 0.00879661   0.388964
IMAGINARY
           0    0.0124927   0.00337847  -0.00281034
  -0.0124927            0   0.00544887   -0.0113999
 -0.00337847  -0.00544887            0 -0.000460641
  0.00281034    0.0113999  0.000460641            0
Repeater1[0]<--->EndNode1[0]
REAL
   0.406369   0.0165641 -0.00417132    0.232798
  0.0165641   0.0993631   0.0449803   0.0126681
-0.00417132   0.0449803    0.110828  -0.0132961
   0.232798   0.0126681  -0.0132961    0.383439
IMAGINARY
          0   0.0160909  0.00777202   0.0114698
 -0.0160909           0   0.0076038 -0.00777202
-0.00777202  -0.0076038           0   0.0118278
 -0.0114698  0.00777202  -0.0118278           0
Repeater1[0]<--->HoM1[0]
REAL
  0.388964  0.0267192  0.0148942   0.255196
 0.0267192   0.118439  0.0453029 0.00879661
 0.0148942  0.0453029   0.103634 -0.0154972
  0.255196 0.00879661 -0.0154972   0.388964
IMAGINARY
           0   0.00337847    0.0124927  -0.00281034
 -0.00337847            0  -0.00544887 -0.000460641
  -0.0124927   0.00544887            0   -0.0113999
  0.00281034  0.000460641    0.0113999            0
EndNode1[0]<--->Repeater1[0]
REAL
   0.387863  0.00720391  0.00835071    0.250152
 0.00720391    0.109499    0.022879 -0.00100758
 0.00835071    0.022879    0.109499 -0.00787147
   0.250152 -0.00100758 -0.00787147     0.39314
IMAGINARY
          0  -0.0115686   0.0169538  0.00212073
  0.0115686           0  -0.0107627   0.0195378
 -0.0169538   0.0107627           0 -0.00571689
-0.00212073  -0.0195378  0.00571689           0
EndNode2[0]<--->HoM1[0]
REAL
   0.405031   0.0166875 -0.00595207     0.23417
  0.0166875     0.11195   0.0301696  0.00844584
-0.00595207   0.0301696     0.10566  -0.0129468
    0.23417  0.00844584  -0.0129468    0.377358
IMAGINARY
           0   -0.0098535   0.00642718   0.00921757
   0.0098535            0   -0.0133159   0.00157282
 -0.00642718    0.0133159            0 -0.000813166
 -0.00921757  -0.00157282  0.000813166            0
Repeater1[0]<--->EndNode1[0]
REAL
   0.387863  0.00835071  0.00720391    0.250152
 0.00835071    0.109499    0.022879 -0.00787147
 0.00720391    0.022879    0.109499 -0.00100758
   0.250152 -0.00787147 -0.00100758     0.39314
IMAGINARY
          0   0.0169538  -0.0115686  0.00212073
 -0.0169538           0   0.0107627 -0.00571689
  0.0115686  -0.0107627           0   0.0195378
-0.00212073  0.00571689  -0.0195378           0
Repeater1[0]<--->HoM1[0]
REAL
   0.405031 -0.00595207   0.0166875     0.23417
-0.00595207     0.10566   0.0301696  -0.0129468
  0.0166875   0.0301696     0.11195  0.00844584
    0.23417  -0.0129468  0.00844584    0.377358
IMAGINARY
           0   0.00642718   -0.0098535   0.00921757
 -0.00642718            0    0.0133159 -0.000813166
   0.0098535   -0.0133159            0   0.00157282
 -0.00921757  0.000813166  -0.00157282            0
EndNode1[0]<--->Repeater1[0]
REAL
  0.401565 -0.0101736 0.00627301   0.242563
-0.0101736   0.108214  0.0028195  0.0161544
0.00627301  0.0028195   0.108214  0.0154506
  0.242563  0.0161544  0.0154506   0.382008
IMAGINARY
           0  -0.00928136  -0.00128205   0.00378875
  0.00928136            0 -5.74053e-05  -0.00128205
  0.00128205  5.74053e-05            0   -0.0022571
 -0.00378875   0.00128205    0.0022571            0
EndNode2[0]<--->HoM1[0]
REAL
     0.41507   -0.0100484 -0.000971923     0.244315
  -0.0100484     0.103448    0.0373557   -0.0125052
-0.000971923    0.0373557     0.120051   0.00465752
    0.244315   -0.0125052   0.00465752      0.36143
IMAGINARY
           0   0.00411044  -0.00368828 -0.000483653
 -0.00411044            0    0.0133703    0.0189508
  0.00368828   -0.0133703            0  0.000163068
 0.000483653   -0.0189508 -0.000163068            0
Repeater1[0]<--->EndNode1[0]
REAL
  0.401565 0.00627301 -0.0101736   0.242563
0.00627301   0.108214  0.0028195  0.0154506
-0.0101736  0.0028195   0.108214  0.0161544
  0.242563  0.0154506  0.0161544   0.382008
IMAGINARY
           0  -0.00128205  -0.00928136   0.00378875
  0.00128205            0  5.74053e-05   -0.0022571
  0.00928136 -5.74053e-05            0  -0.00128205
 -0.00378875    0.0022571   0.00128205            0
Repeater1[0]<--->HoM1[0]
REAL
     0.41507 -0.000971923   -0.0100484     0.244315
-0.000971923     0.120051    0.0373557   0.00465752
  -0.0100484    0.0373557     0.103448   -0.0125052
    0.244315   0.00465752   -0.0125052      0.36143
IMAGINARY
           0  -0.00368828   0.00411044 -0.000483653
  0.00368828            0   -0.0133703  0.000163068
 -0.00411044    0.0133703            0    0.0189508
 0.000483653 -0.000163068   -0.0189508            0
EndNode1[0]<--->Repeater1[0]
REAL
    0.408136   0.00249072 -0.000859271     0.243766
  0.00249072     0.125984    0.0170735  -0.00543443
-0.000859271    0.0170735     0.120735  -0.00738582
    0.243766  -0.00543443  -0.00738582     0.345144
IMAGINARY
           0  -0.00610281   -0.0089629   -0.0088278
  0.00610281            0   0.00271533   0.00832433
   0.0089629  -0.00271533            0 -0.000921459
   0.0088278  -0.00832433  0.000921459            0
EndNode2[0]<--->HoM1[0]
REAL
  0.379571 -0.0220478 -0.0159425   0.243863
-0.0220478   0.116015  0.0301272 -0.0244615
-0.0159425  0.0301272   0.128625 -0.0347704
  0.243863 -0.0244615 -0.0347704   0.375788
IMAGINARY
          0  -0.0235353   0.0176866   0.0301512
  0.0235353           0 -0.00683512   0.0227499
 -0.0176866  0.00683512           0 -0.00278054
 -0.0301512  -0.0227499  0.00278054           0
Repeater1[0]<--->EndNode1[0]
REAL
    0.408136 -0.000859271   0.00249072     0.243766
-0.000859271     0.120735    0.0170735  -0.00738582
  0.00249072    0.0170735     0.125984  -0.00543443
    0.243766  -0.00738582  -0.00543443     0.345144
IMAGINARY
           0   -0.0089629  -0.00610281   -0.0088278
   0.0089629            0  -0.00271533 -0.000921459
  0.00610281   0.00271533            0   0.00832433
   0.0088278  0.000921459  -0.00832433            0
Repeater1[0]<--->HoM1[0]
REAL
  0.379571 -0.0159425 -0.0220478   0.243863
-0.0159425   0.128625  0.0301272 -0.0347704
-0.0220478  0.0301272   0.116015 -0.0244615
  0.243863 -0.0347704 -0.0244615   0.375788
IMAGINARY
          0   0.0176866  -0.0235353   0.0301512
 -0.0176866           0  0.00683512 -0.00278054
  0.0235353 -0.00683512           0   0.0227499
 -0.0301512  0.00278054  -0.0227499           0
EndNode1[0]<--->Repeater1[0]
REAL
   0.358908 -0.00125059 -0.00677683    0.254148
-0.00125059    0.124837   0.0259296 -0.00421929
-0.00677683   0.0259296    0.126138  -0.0200948
   0.254148 -0.00421929  -0.0200948    0.390117
IMAGINARY
          0   0.0153692  0.00413601    0.015398
 -0.0153692           0   0.0147528  -0.0112882
-0.00413601  -0.0147528           0 -0.00431586
  -0.015398   0.0112882  0.00431586           0
EndNode2[0]<--->HoM1[0]
REAL
   0.415918 -0.00298981  -0.0313898    0.263637
-0.00298981    0.115533   0.0253077  -0.0150926
 -0.0313898   0.0253077    0.106547  0.00173353
   0.263637  -0.0150926  0.00173353    0.362003
IMAGINARY
          0 -0.00196653  0.00186382  -0.0235592
 0.00196653           0 -0.00309882  -0.0166058
-0.00186382  0.00309882           0  0.00810904
  0.0235592   0.0166058 -0.00810904           0
Repeater1[0]<--->EndNode1[0]
REAL
   0.358908 -0.00677683 -0.00125059    0.254148
-0.00677683    0.126138   0.0259296  -0.0200948
-0.00125059   0.0259296    0.124837 -0.00421929
   0.254148  -0.0200948 -0.00421929    0.390117
IMAGINARY
          0  0.00413601   0.0153692    0.015398
-0.00413601           0  -0.0147528 -0.00431586
 -0.0153692   0.0147528           0  -0.0112882
  -0.015398  0.00431586   0.0112882           0
Repeater1[0]<--->HoM1[0]
REAL
   0.415918  -0.0313898 -0.00298981    0.263637
 -0.0313898    0.106547   0.0253077  0.00173353
-0.00298981   0.0253077    0.115533  -0.0150926
   0.263637  0.00173353  -0.0150926    0.362003
IMAGINARY
          0  0.00186382 -0.00196653  -0.0235592
-0.00186382           0  0.00309882  0.00810904
 0.00196653 -0.00309882           0  -0.0166058
  0.0235592 -0.00810904   0.0166058           0
EndNode1[0]<--->Repeater1[0]
REAL
  0.383632 -0.0103841  0.0047584   0.256022
-0.0103841    0.11509  0.0513655   0.012392
 0.0047584  0.0513655   0.107417  0.0380886
  0.256022   0.012392  0.0380886   0.393862
IMAGINARY
           0   -0.0102035    -0.015328  -0.00814671
   0.0102035            0 -0.000900334  -0.00060333
    0.015328  0.000900334            0  -0.00205136
  0.00814671   0.00060333   0.00205136            0
