EndNode1[0]<--->Repeater1[0]
REAL
   0.387268 -0.00951777 -0.00320513    0.357979
-0.00951777   0.0994695   0.0422834  0.00320513
-0.00320513   0.0422834   0.0875332  0.00951777
   0.357979  0.00320513  0.00951777    0.425729
IMAGINARY
           0  -0.00564441  -0.00056838   -0.0221098
  0.00564441            0    0.0113093  -0.00121521
  0.00056838   -0.0113093            0 -0.000895426
   0.0221098   0.00121521  0.000895426            0
EndNode2[0]<--->HoM1[0]
REAL
   0.379534 0.000615764 -0.00830554     0.35141
0.000615764   0.0816062   0.0476962  -0.0076587
-0.00830554   0.0476962    0.107513  -0.0178571
    0.35141  -0.0076587  -0.0178571    0.431347
IMAGINARY
          0  0.00163682  0.00993407  -0.0177027
-0.00163682           0 -0.00370783 -0.00462903
-0.00993407  0.00370783           0   0.0010157
  0.0177027  0.00462903  -0.0010157           0
Repeater1[0]<--->EndNode1[0]
REAL
   0.387268 -0.00320513 -0.00951777    0.357979
-0.00320513   0.0875332   0.0422834  0.00951777
-0.00951777   0.0422834   0.0994695  0.00320513
   0.357979  0.00951777  0.00320513    0.425729
IMAGINARY
           0  -0.00056838  -0.00564441   -0.0221098
  0.00056838            0   -0.0113093 -0.000895426
  0.00564441    0.0113093            0  -0.00121521
   0.0221098  0.000895426   0.00121521            0
Repeater1[0]<--->HoM1[0]
REAL
   0.379534 -0.00830554 0.000615764     0.35141
-0.00830554    0.107513   0.0476962  -0.0178571
0.000615764   0.0476962   0.0816062  -0.0076587
    0.35141  -0.0178571  -0.0076587    0.431347
IMAGINARY
          0  0.00993407  0.00163682  -0.0177027
-0.00993407           0  0.00370783   0.0010157
-0.00163682 -0.00370783           0 -0.00462903
  0.0177027  -0.0010157  0.00462903           0
EndNode1[0]<--->Repeater1[0]
REAL
   0.395494  0.00924705  0.00533084    0.358579
 0.00924705   0.0951189   0.0292139 -0.00594736
 0.00533084   0.0292139   0.0851064  -0.0184949
   0.358579 -0.00594736  -0.0184949     0.42428
IMAGINARY
          0  -0.0170587   0.0109105   0.0170285
  0.0170587           0  0.00608903   0.0142218
 -0.0109105 -0.00608903           0 -0.00410533
 -0.0170285  -0.0142218  0.00410533           0
EndNode2[0]<--->HoM1[0]
REAL
    0.418043   -0.0127451 -0.000651015     0.361582
  -0.0127451    0.0787802    0.0284699  -0.00327569
-0.000651015    0.0284699    0.0825921  -0.00427057
    0.361582  -0.00327569  -0.00427057     0.420584
IMAGINARY
          0  -0.0005019   0.0206591 -0.00918327
  0.0005019           0  0.00270659 -0.00277835
 -0.0206591 -0.00270659           0 -0.00413386
 0.00918327  0.00277835  0.00413386           0
Repeater1[0]<--->EndNode1[0]
REAL
   0.395494  0.00533084  0.00924705    0.358579
 0.00533084   0.0851064   0.0292139  -0.0184949
 0.00924705   0.0292139   0.0951189 -0.00594736
   0.358579  -0.0184949 -0.00594736     0.42428
IMAGINARY
          0   0.0109105  -0.0170587   0.0170285
 -0.0109105           0 -0.00608903 -0.00410533
  0.0170587  0.00608903           0   0.0142218
 -0.0170285  0.00410533  -0.0142218           0
Repeater1[0]<--->HoM1[0]
REAL
    0.418043 -0.000651015   -0.0127451     0.361582
-0.000651015    0.0825921    0.0284699  -0.00427057
  -0.0127451    0.0284699    0.0787802  -0.00327569
    0.361582  -0.00427057  -0.00327569     0.420584
IMAGINARY
          0   0.0206591  -0.0005019 -0.00918327
 -0.0206591           0 -0.00270659 -0.00413386
  0.0005019  0.00270659           0 -0.00277835
 0.00918327  0.00413386  0.00277835           0
EndNode1[0]<--->Repeater1[0]
REAL
   0.404916  0.00361507   -0.023155    0.374749
 0.00361507   0.0918499   0.0369799   0.0104585
  -0.023155   0.0369799   0.0776197 -0.00542886
   0.374749   0.0104585 -0.00542886    0.425614
IMAGINARY
          0   0.0118583  0.00438629  -0.0018084
 -0.0118583           0   0.0176395  0.00765427
-0.00438629  -0.0176395           0 -0.00868969
  0.0018084 -0.00765427  0.00868969           0
EndNode2[0]<--->HoM1[0]
REAL
   0.423177  -0.0133356 -0.00138461    0.353761
 -0.0133356   0.0859375   0.0202224  -0.0135205
-0.00138461   0.0202224   0.0976562  0.00249551
   0.353761  -0.0135205  0.00249551    0.393229
IMAGINARY
          0  -0.0130846  0.00726153 -0.00419715
  0.0130846           0 -0.00288136 -0.00171283
-0.00726153  0.00288136           0   0.0137011
 0.00419715  0.00171283  -0.0137011           0
Repeater1[0]<--->EndNode1[0]
REAL
   0.404916   -0.023155  0.00361507    0.374749
  -0.023155   0.0776197   0.0369799 -0.00542886
 0.00361507   0.0369799   0.0918499   0.0104585
   0.374749 -0.00542886   0.0104585    0.425614
IMAGINARY
          0  0.00438629   0.0118583  -0.0018084
-0.00438629           0  -0.0176395 -0.00868969
 -0.0118583   0.0176395           0  0.00765427
  0.0018084  0.00868969 -0.00765427           0
Repeater1[0]<--->HoM1[0]
REAL
   0.423177 -0.00138461  -0.0133356    0.353761
-0.00138461   0.0976562   0.0202224  0.00249551
 -0.0133356   0.0202224   0.0859375  -0.0135205
   0.353761  0.00249551  -0.0135205    0.393229
IMAGINARY
          0  0.00726153  -0.0130846 -0.00419715
-0.00726153           0  0.00288136   0.0137011
  0.0130846 -0.00288136           0 -0.00171283
 0.00419715  -0.0137011  0.00171283           0
EndNode1[0]<--->Repeater1[0]
REAL
 0.434949 0.0218624 0.0117783   0.36312
0.0218624 0.0867347 0.0414644 0.0111462
0.0117783 0.0414644 0.0765306 0.0270843
  0.36312 0.0111462 0.0270843  0.401786
IMAGINARY
          0 -0.00884734  0.00541886  0.00436062
 0.00884734           0  0.00849285  0.00795693
-0.00541886 -0.00849285           0  -0.0198151
-0.00436062 -0.00795693   0.0198151           0
EndNode2[0]<--->HoM1[0]
REAL
  0.385733 0.00615601 0.00108195   0.343985
0.00615601  0.0911493  0.0574236  0.0110819
0.00108195  0.0574236  0.0819022 0.00216665
  0.343985  0.0110819 0.00216665   0.441215
IMAGINARY
           0  -0.00670304  0.000387507 -0.000576112
  0.00670304            0   0.00955047   0.00422382
-0.000387507  -0.00955047            0   -0.0110835
 0.000576112  -0.00422382    0.0110835            0
Repeater1[0]<--->EndNode1[0]
REAL
 0.434949 0.0117783 0.0218624   0.36312
0.0117783 0.0765306 0.0414644 0.0270843
0.0218624 0.0414644 0.0867347 0.0111462
  0.36312 0.0270843 0.0111462  0.401786
IMAGINARY
          0  0.00541886 -0.00884734  0.00436062
-0.00541886           0 -0.00849285  -0.0198151
 0.00884734  0.00849285           0  0.00795693
-0.00436062   0.0198151 -0.00795693           0
Repeater1[0]<--->HoM1[0]
REAL
  0.385733 0.00108195 0.00615601   0.343985
0.00108195  0.0819022  0.0574236 0.00216665
0.00615601  0.0574236  0.0911493  0.0110819
  0.343985 0.00216665  0.0110819   0.441215
IMAGINARY
           0  0.000387507  -0.00670304 -0.000576112
-0.000387507            0  -0.00955047   -0.0110835
  0.00670304   0.00955047            0   0.00422382
 0.000576112    0.0110835  -0.00422382            0
EndNode1[0]<--->Repeater1[0]
REAL
   0.443054  -0.0139766  -0.0235146    0.361535
 -0.0139766     0.10388   0.0367923  0.00356603
 -0.0235146   0.0367923    0.068836 -0.00983294
   0.361535  0.00356603 -0.00983294     0.38423
IMAGINARY
          0     0.01931  -0.0108725   0.0294921
   -0.01931           0  0.00324214 -0.00716877
  0.0108725 -0.00324214           0  0.00388586
 -0.0294921  0.00716877 -0.00388586           0
EndNode2[0]<--->HoM1[0]
REAL
  0.396129 0.00584256 0.00242948   0.359883
0.00584256  0.0890323  0.0306461  0.0178657
0.00242948  0.0306461  0.0980645 0.00584256
  0.359883  0.0178657 0.00584256   0.416774
IMAGINARY
          0  0.00222013  0.00491575 -0.00128975
-0.00222013           0 -0.00469111  -0.0236738
-0.00491575  0.00469111           0  0.00360135
 0.00128975   0.0236738 -0.00360135           0
Repeater1[0]<--->EndNode1[0]
REAL
   0.443054  -0.0235146  -0.0139766    0.361535
 -0.0235146    0.068836   0.0367923 -0.00983294
 -0.0139766   0.0367923     0.10388  0.00356603
   0.361535 -0.00983294  0.00356603     0.38423
IMAGINARY
          0  -0.0108725     0.01931   0.0294921
  0.0108725           0 -0.00324214  0.00388586
   -0.01931  0.00324214           0 -0.00716877
 -0.0294921 -0.00388586  0.00716877           0
Repeater1[0]<--->HoM1[0]
REAL
  0.396129 0.00242948 0.00584256   0.359883
0.00242948  0.0980645  0.0306461 0.00584256
0.00584256  0.0306461  0.0890323  0.0178657
  0.359883 0.00584256  0.0178657   0.416774
IMAGINARY
          0  0.00491575  0.00222013 -0.00128975
-0.00491575           0  0.00469111  0.00360135
-0.00222013 -0.00469111           0  -0.0236738
 0.00128975 -0.00360135   0.0236738           0
EndNode1[0]<--->Repeater1[0]
REAL
  0.399235 0.00590062 0.00249975   0.360474
0.00590062  0.0816327   0.043874 0.00557478
0.00249975   0.043874  0.0816327 0.00590062
  0.360474 0.00557478 0.00590062     0.4375
IMAGINARY
          0  0.00960484 -0.00684509  -0.0122001
-0.00960484           0   0.0128659  0.00617574
 0.00684509  -0.0128659           0  -0.0129516
  0.0122001 -0.00617574   0.0129516           0
EndNode2[0]<--->HoM1[0]
REAL
  0.388747 0.00146694 -0.0041529    0.35616
0.00146694  0.0907928  0.0372725 -0.0100974
-0.0041529  0.0372725  0.0920716 -0.0132389
   0.35616 -0.0100974 -0.0132389   0.428389
IMAGINARY
           0   -0.0109484 -0.000368927   0.00890855
   0.0109484            0   -0.0142277    0.0139524
 0.000368927    0.0142277            0    0.0103016
 -0.00890855   -0.0139524   -0.0103016            0
Repeater1[0]<--->EndNode1[0]
REAL
  0.399235 0.00249975 0.00590062   0.360474
0.00249975  0.0816327   0.043874 0.00590062
0.00590062   0.043874  0.0816327 0.00557478
  0.360474 0.00590062 0.00557478     0.4375
IMAGINARY
          0 -0.00684509  0.00960484  -0.0122001
 0.00684509           0  -0.0128659  -0.0129516
-0.00960484   0.0128659           0  0.00617574
  0.0122001   0.0129516 -0.00617574           0
Repeater1[0]<--->HoM1[0]
REAL
  0.388747 -0.0041529 0.00146694    0.35616
-0.0041529  0.0920716  0.0372725 -0.0132389
0.00146694  0.0372725  0.0907928 -0.0100974
   0.35616 -0.0132389 -0.0100974   0.428389
IMAGINARY
           0 -0.000368927   -0.0109484   0.00890855
 0.000368927            0    0.0142277    0.0103016
   0.0109484   -0.0142277            0    0.0139524
 -0.00890855   -0.0103016   -0.0139524            0
EndNode1[0]<--->Repeater1[0]
REAL
   0.43199  0.0349943  0.0159956    0.34543
 0.0349943  0.0831234  0.0483284  0.0271651
 0.0159956  0.0483284  0.0780856 0.00551031
   0.34543  0.0271651 0.00551031   0.406801
IMAGINARY
          0  0.00041657 -0.00905103  0.00899572
-0.00041657           0   -0.015845  0.00180465
 0.00905103    0.015845           0  -0.0116155
-0.00899572 -0.00180465   0.0116155           0
EndNode2[0]<--->HoM1[0]
REAL
   0.426702   0.0130699   0.0236875    0.337859
  0.0130699   0.0798429    0.034218 -0.00236705
  0.0236875    0.034218    0.106021 -0.00412908
   0.337859 -0.00236705 -0.00412908    0.387435
IMAGINARY
          0  0.00473269  -0.0174716  -0.0055965
-0.00473269           0   0.0177916 -0.00138407
  0.0174716  -0.0177916           0 -0.00018132
  0.0055965  0.00138407  0.00018132           0
Repeater1[0]<--->EndNode1[0]
REAL
   0.43199  0.0159956  0.0349943    0.34543
 0.0159956  0.0780856  0.0483284 0.00551031
 0.0349943  0.0483284  0.0831234  0.0271651
   0.34543 0.00551031  0.0271651   0.406801
IMAGINARY
          0 -0.00905103  0.00041657  0.00899572
 0.00905103           0    0.015845  -0.0116155
-0.00041657   -0.015845           0  0.00180465
-0.00899572   0.0116155 -0.00180465           0
Repeater1[0]<--->HoM1[0]
REAL
   0.426702   0.0236875   0.0130699    0.337859
  0.0236875    0.106021    0.034218 -0.00412908
  0.0130699    0.034218   0.0798429 -0.00236705
   0.337859 -0.00412908 -0.00236705    0.387435
IMAGINARY
          0  -0.0174716  0.00473269  -0.0055965
  0.0174716           0  -0.0177916 -0.00018132
-0.00473269   0.0177916           0 -0.00138407
  0.0055965  0.00018132  0.00138407           0
EndNode1[0]<--->Repeater1[0]
REAL
   0.42268  0.0226105 0.00988643   0.359365
 0.0226105  0.0940722  0.0475228 0.00797072
0.00988643  0.0475228  0.0863402 0.00927721
  0.359365 0.00797072 0.00927721   0.396907
IMAGINARY
          0   0.0205834  -0.0236785  -0.0102993
 -0.0205834           0  0.00784835  -0.0118478
  0.0236785 -0.00784835           0 -0.00479388
  0.0102993   0.0118478  0.00479388           0
EndNode2[0]<--->HoM1[0]
REAL
   0.403121 -0.00991554  -0.0151002    0.357083
-0.00991554   0.0910273   0.0500421   0.0112834
 -0.0151002   0.0500421   0.0754226  0.00482648
   0.357083   0.0112834  0.00482648    0.430429
IMAGINARY
           0   0.00387546   -0.0190588 -0.000443885
 -0.00387546            0    0.0029949  -0.00245361
   0.0190588   -0.0029949            0    0.0176369
 0.000443885   0.00245361   -0.0176369            0
Repeater1[0]<--->EndNode1[0]
REAL
   0.42268 0.00988643  0.0226105   0.359365
0.00988643  0.0863402  0.0475228 0.00927721
 0.0226105  0.0475228  0.0940722 0.00797072
  0.359365 0.00927721 0.00797072   0.396907
IMAGINARY
          0  -0.0236785   0.0205834  -0.0102993
  0.0236785           0 -0.00784835 -0.00479388
 -0.0205834  0.00784835           0  -0.0118478
  0.0102993  0.00479388   0.0118478           0
Repeater1[0]<--->HoM1[0]
REAL
   0.403121  -0.0151002 -0.00991554    0.357083
 -0.0151002   0.0754226   0.0500421  0.00482648
-0.00991554   0.0500421   0.0910273   0.0112834
   0.357083  0.00482648   0.0112834    0.430429
IMAGINARY
           0   -0.0190588   0.00387546 -0.000443885
   0.0190588            0   -0.0029949    0.0176369
 -0.00387546    0.0029949            0  -0.00245361
 0.000443885   -0.0176369   0.00245361            0
EndNode1[0]<--->Repeater1[0]
REAL
    0.42454 -0.00333145  -0.0229227    0.361089
-0.00333145   0.0748466   0.0453671  0.00250106
 -0.0229227   0.0453671   0.0981595  -0.0263128
   0.361089  0.00250106  -0.0263128    0.402454
IMAGINARY
          0 -0.00645655  -0.0179872  0.00434547
 0.00645655           0  -0.0210121 -0.00134271
  0.0179872   0.0210121           0  -0.0167393
-0.00434547  0.00134271   0.0167393           0
EndNode2[0]<--->HoM1[0]
REAL
   0.389744    0.011498 -0.00486851    0.353952
   0.011498    0.110256   0.0310356  0.00850047
-0.00486851   0.0310356   0.0897436   -0.011498
   0.353952  0.00850047   -0.011498    0.410256
IMAGINARY
           0  0.000951162  -0.00837986   0.00199203
-0.000951162            0   0.00664011   0.00447361
  0.00837986  -0.00664011            0  0.000350922
 -0.00199203  -0.00447361 -0.000350922            0
Repeater1[0]<--->EndNode1[0]
REAL
    0.42454  -0.0229227 -0.00333145    0.361089
 -0.0229227   0.0981595   0.0453671  -0.0263128
-0.00333145   0.0453671   0.0748466  0.00250106
   0.361089  -0.0263128  0.00250106    0.402454
IMAGINARY
          0  -0.0179872 -0.00645655  0.00434547
  0.0179872           0   0.0210121  -0.0167393
 0.00645655  -0.0210121           0 -0.00134271
-0.00434547   0.0167393  0.00134271           0
Repeater1[0]<--->HoM1[0]
REAL
   0.389744 -0.00486851    0.011498    0.353952
-0.00486851   0.0897436   0.0310356   -0.011498
   0.011498   0.0310356    0.110256  0.00850047
   0.353952   -0.011498  0.00850047    0.410256
IMAGINARY
           0  -0.00837986  0.000951162   0.00199203
  0.00837986            0  -0.00664011  0.000350922
-0.000951162   0.00664011            0   0.00447361
 -0.00199203 -0.000350922  -0.00447361            0
EndNode1[0]<--->Repeater1[0]
REAL
   0.440699  -0.0155823   0.0111564    0.353194
 -0.0155823    0.104869   0.0588494 -0.00100752
  0.0111564   0.0588494   0.0886392   0.0270843
   0.353194 -0.00100752   0.0270843    0.365793
IMAGINARY
          0  -0.0240842   0.0136397  0.00267463
  0.0240842           0  0.00843648    0.018494
 -0.0136397 -0.00843648           0  -0.0157615
-0.00267463   -0.018494   0.0157615           0
EndNode2[0]<--->HoM1[0]
REAL
   0.441948 -0.00551735 0.000960387     0.35052
-0.00551735   0.0836454   0.0426101 0.000311878
0.000960387   0.0426101   0.0561798  0.00933414
    0.35052 0.000311878  0.00933414    0.418227
IMAGINARY
          0 -0.00219412 -0.00286727 -0.00204931
 0.00219412           0  0.00451237   -0.021144
 0.00286727 -0.00451237           0  0.00925626
 0.00204931    0.021144 -0.00925626           0
Repeater1[0]<--->EndNode1[0]
REAL
   0.440699   0.0111564  -0.0155823    0.353194
  0.0111564   0.0886392   0.0588494   0.0270843
 -0.0155823   0.0588494    0.104869 -0.00100752
   0.353194   0.0270843 -0.00100752    0.365793
IMAGINARY
          0   0.0136397  -0.0240842  0.00267463
 -0.0136397           0 -0.00843648  -0.0157615
  0.0240842  0.00843648           0    0.018494
-0.00267463   0.0157615   -0.018494           0
Repeater1[0]<--->HoM1[0]
REAL
   0.441948 0.000960387 -0.00551735     0.35052
0.000960387   0.0561798   0.0426101  0.00933414
-0.00551735   0.0426101   0.0836454 0.000311878
    0.35052  0.00933414 0.000311878    0.418227
IMAGINARY
          0 -0.00286727 -0.00219412 -0.00204931
 0.00286727           0 -0.00451237  0.00925626
 0.00219412  0.00451237           0   -0.021144
 0.00204931 -0.00925626    0.021144           0
EndNode1[0]<--->Repeater1[0]
REAL
   0.416883   0.0128807  0.00910008     0.33227
  0.0128807   0.0662338   0.0353159   0.0164172
 0.00910008   0.0353159   0.0831169 -0.00391517
    0.33227   0.0164172 -0.00391517    0.433766
IMAGINARY
          0  0.00602539 -0.00510919   0.0252012
-0.00602539           0  -0.0143578 -0.00250502
 0.00510919   0.0143578           0 -0.00856347
 -0.0252012  0.00250502  0.00856347           0
EndNode2[0]<--->HoM1[0]
REAL
   0.422425   0.0172372  -0.0241075    0.369995
  0.0172372   0.0977836   0.0321218 0.000297992
 -0.0241075   0.0321218   0.0808344  -0.0225282
   0.369995 0.000297992  -0.0225282    0.398957
IMAGINARY
          0 -0.00329915   0.0294068 -0.00374592
 0.00329915           0  0.00571184   0.0101522
 -0.0294068 -0.00571184           0  -0.0142106
 0.00374592  -0.0101522   0.0142106           0
Repeater1[0]<--->EndNode1[0]
REAL
   0.416883  0.00910008   0.0128807     0.33227
 0.00910008   0.0831169   0.0353159 -0.00391517
  0.0128807   0.0353159   0.0662338   0.0164172
    0.33227 -0.00391517   0.0164172    0.433766
IMAGINARY
          0 -0.00510919  0.00602539   0.0252012
 0.00510919           0   0.0143578 -0.00856347
-0.00602539  -0.0143578           0 -0.00250502
 -0.0252012  0.00856347  0.00250502           0
Repeater1[0]<--->HoM1[0]
REAL
   0.422425  -0.0241075   0.0172372    0.369995
 -0.0241075   0.0808344   0.0321218  -0.0225282
  0.0172372   0.0321218   0.0977836 0.000297992
   0.369995  -0.0225282 0.000297992    0.398957
IMAGINARY
          0   0.0294068 -0.00329915 -0.00374592
 -0.0294068           0 -0.00571184  -0.0142106
 0.00329915  0.00571184           0   0.0101522
 0.00374592   0.0142106  -0.0101522           0
EndNode1[0]<--->Repeater1[0]
REAL
      0.428   0.0127853 -0.00469706    0.355754
  0.0127853       0.096   0.0350816   0.0100879
-0.00469706   0.0350816   0.0746667  0.00203945
   0.355754   0.0100879  0.00203945    0.401333
IMAGINARY
           0   -0.0103048   0.00975694  -0.00070231
   0.0103048            0    0.0031837  0.000828367
 -0.00975694   -0.0031837            0   -0.0202058
  0.00070231 -0.000828367    0.0202058            0
EndNode2[0]<--->HoM1[0]
REAL
   0.424058  -0.0132117  -0.0150047    0.373418
 -0.0132117   0.0801944    0.035087 -0.00303658
 -0.0150047    0.035087   0.0826245 -0.00869554
   0.373418 -0.00303658 -0.00869554    0.413123
IMAGINARY
          0  -0.0112815    0.029654 -0.00979633
  0.0112815           0 -0.00456073  -0.0133567
  -0.029654  0.00456073           0  -0.0050158
 0.00979633   0.0133567   0.0050158           0
Repeater1[0]<--->EndNode1[0]
REAL
      0.428 -0.00469706   0.0127853    0.355754
-0.00469706   0.0746667   0.0350816  0.00203945
  0.0127853   0.0350816       0.096   0.0100879
   0.355754  0.00203945   0.0100879    0.401333
IMAGINARY
           0   0.00975694   -0.0103048  -0.00070231
 -0.00975694            0   -0.0031837   -0.0202058
   0.0103048    0.0031837            0  0.000828367
  0.00070231    0.0202058 -0.000828367            0
Repeater1[0]<--->HoM1[0]
REAL
   0.424058  -0.0150047  -0.0132117    0.373418
 -0.0150047   0.0826245    0.035087 -0.00869554
 -0.0132117    0.035087   0.0801944 -0.00303658
   0.373418 -0.00869554 -0.00303658    0.413123
IMAGINARY
          0    0.029654  -0.0112815 -0.00979633
  -0.029654           0  0.00456073  -0.0050158
  0.0112815 -0.00456073           0  -0.0133567
 0.00979633   0.0050158   0.0133567           0
EndNode1[0]<--->Repeater1[0]
REAL
  0.396419 -0.0180873  0.0163018   0.366411
-0.0180873  0.0856777  0.0349225 -0.0309685
 0.0163018  0.0349225  0.0882353 -0.0125794
  0.366411 -0.0309685 -0.0125794   0.429668
IMAGINARY
          0   0.0105878 -0.00626159  0.00629617
 -0.0105878           0  0.00694468  -0.0140336
 0.00626159 -0.00694468           0   0.0232376
-0.00629617   0.0140336  -0.0232376           0
EndNode2[0]<--->HoM1[0]
REAL
   0.428198  -0.0182133  0.00652785    0.346253
 -0.0182133   0.0835509   0.0307312  -0.0104961
 0.00652785   0.0307312    0.075718 -0.00295075
   0.346253  -0.0104961 -0.00295075    0.412533
IMAGINARY
          0 -0.00517782  -0.0026638   0.0261093
 0.00517782           0 -0.00935667  0.00775286
  0.0026638  0.00935667           0  0.00645009
 -0.0261093 -0.00775286 -0.00645009           0
Repeater1[0]<--->EndNode1[0]
REAL
  0.396419  0.0163018 -0.0180873   0.366411
 0.0163018  0.0882353  0.0349225 -0.0125794
-0.0180873  0.0349225  0.0856777 -0.0309685
  0.366411 -0.0125794 -0.0309685   0.429668
IMAGINARY
          0 -0.00626159   0.0105878  0.00629617
 0.00626159           0 -0.00694468   0.0232376
 -0.0105878  0.00694468           0  -0.0140336
-0.00629617  -0.0232376   0.0140336           0
Repeater1[0]<--->HoM1[0]
REAL
   0.428198  0.00652785  -0.0182133    0.346253
 0.00652785    0.075718   0.0307312 -0.00295075
 -0.0182133   0.0307312   0.0835509  -0.0104961
   0.346253 -0.00295075  -0.0104961    0.412533
IMAGINARY
          0  -0.0026638 -0.00517782   0.0261093
  0.0026638           0  0.00935667  0.00645009
 0.00517782 -0.00935667           0  0.00775286
 -0.0261093 -0.00645009 -0.00775286           0
EndNode1[0]<--->Repeater1[0]
REAL
    0.404762 -0.000246973  -0.00803102     0.362106
-0.000246973    0.0820106    0.0484636  -0.00280909
 -0.00803102    0.0484636    0.0925926  -0.00517308
    0.362106  -0.00280909  -0.00517308     0.420635
IMAGINARY
          0 -0.00620257  0.00369405 -0.00264837
 0.00620257           0 -0.00328048   0.0249296
-0.00369405  0.00328048           0  -0.0138949
 0.00264837  -0.0249296   0.0138949           0
EndNode2[0]<--->HoM1[0]
REAL
   0.398477  0.00863947 -0.00237069     0.33783
 0.00863947   0.0862944   0.0293471  -0.0148707
-0.00237069   0.0293471   0.0862944  -0.0207723
    0.33783  -0.0148707  -0.0207723    0.428934
IMAGINARY
          0   0.0119136  -0.0188629 -0.00360562
 -0.0119136           0 -0.00427317  -0.0248389
  0.0188629  0.00427317           0  0.00993731
 0.00360562   0.0248389 -0.00993731           0
Repeater1[0]<--->EndNode1[0]
REAL
    0.404762  -0.00803102 -0.000246973     0.362106
 -0.00803102    0.0925926    0.0484636  -0.00517308
-0.000246973    0.0484636    0.0820106  -0.00280909
    0.362106  -0.00517308  -0.00280909     0.420635
IMAGINARY
          0  0.00369405 -0.00620257 -0.00264837
-0.00369405           0  0.00328048  -0.0138949
 0.00620257 -0.00328048           0   0.0249296
 0.00264837   0.0138949  -0.0249296           0
Repeater1[0]<--->HoM1[0]
REAL
   0.398477 -0.00237069  0.00863947     0.33783
-0.00237069   0.0862944   0.0293471  -0.0207723
 0.00863947   0.0293471   0.0862944  -0.0148707
    0.33783  -0.0207723  -0.0148707    0.428934
IMAGINARY
          0  -0.0188629   0.0119136 -0.00360562
  0.0188629           0  0.00427317  0.00993731
 -0.0119136 -0.00427317           0  -0.0248389
 0.00360562 -0.00993731   0.0248389           0
EndNode1[0]<--->Repeater1[0]
REAL
   0.437028  -0.0155326 -0.00803236    0.354728
 -0.0155326    0.103275   0.0293105   0.0018932
-0.00803236   0.0293105   0.0869018   0.0053007
   0.354728   0.0018932   0.0053007    0.372796
IMAGINARY
           0 -0.000359979   -0.0102237  0.000800609
 0.000359979            0  -0.00719447   -0.0173758
   0.0102237   0.00719447            0   0.00228552
-0.000800609    0.0173758  -0.00228552            0
EndNode2[0]<--->HoM1[0]
REAL
   0.429882  -0.0235077 -0.00891503    0.356462
 -0.0235077   0.0891219   0.0546488 0.000418301
-0.00891503   0.0546488     0.08519  0.00455349
   0.356462 0.000418301  0.00455349    0.395806
IMAGINARY
          0  0.00295536  0.00294978   -0.020537
-0.00295536           0  -0.0173603 -0.00942646
-0.00294978   0.0173603           0 -0.00036469
   0.020537  0.00942646  0.00036469           0
Repeater1[0]<--->EndNode1[0]
REAL
   0.437028 -0.00803236  -0.0155326    0.354728
-0.00803236   0.0869018   0.0293105   0.0053007
 -0.0155326   0.0293105    0.103275   0.0018932
   0.354728   0.0053007   0.0018932    0.372796
IMAGINARY
           0   -0.0102237 -0.000359979  0.000800609
   0.0102237            0   0.00719447   0.00228552
 0.000359979  -0.00719447            0   -0.0173758
-0.000800609  -0.00228552    0.0173758            0
Repeater1[0]<--->HoM1[0]
REAL
   0.429882 -0.00891503  -0.0235077    0.356462
-0.00891503     0.08519   0.0546488  0.00455349
 -0.0235077   0.0546488   0.0891219 0.000418301
   0.356462  0.00455349 0.000418301    0.395806
IMAGINARY
          0  0.00294978  0.00295536   -0.020537
-0.00294978           0   0.0173603 -0.00036469
-0.00295536  -0.0173603           0 -0.00942646
   0.020537  0.00036469  0.00942646           0
EndNode1[0]<--->Repeater1[0]
REAL
   0.398098  -0.0262246 -0.00351626    0.345952
 -0.0262246   0.0815217   0.0237293 -0.00712203
-0.00351626   0.0237293   0.0978261   0.0102671
   0.345952 -0.00712203   0.0102671    0.422554
IMAGINARY
          0 -0.00410013  0.00974709  0.00707044
 0.00410013           0   0.0102151  -0.0247798
-0.00974709  -0.0102151           0   0.0165184
-0.00707044   0.0247798  -0.0165184           0
EndNode2[0]<--->HoM1[0]
REAL
   0.422785 -0.00971098 -0.00639081    0.361882
-0.00971098   0.0974684   0.0334197 -0.00770315
-0.00639081   0.0334197   0.0898734    0.014409
   0.361882 -0.00770315    0.014409    0.389873
IMAGINARY
          0    -0.01315   0.0117985 -0.00170553
    0.01315           0   0.0127302 -0.00608062
 -0.0117985  -0.0127302           0  0.00362016
 0.00170553  0.00608062 -0.00362016           0
Repeater1[0]<--->EndNode1[0]
REAL
   0.398098 -0.00351626  -0.0262246    0.345952
-0.00351626   0.0978261   0.0237293   0.0102671
 -0.0262246   0.0237293   0.0815217 -0.00712203
   0.345952   0.0102671 -0.00712203    0.422554
IMAGINARY
          0  0.00974709 -0.00410013  0.00707044
-0.00974709           0  -0.0102151   0.0165184
 0.00410013   0.0102151           0  -0.0247798
-0.00707044  -0.0165184   0.0247798           0
Repeater1[0]<--->HoM1[0]
REAL
   0.422785 -0.00639081 -0.00971098    0.361882
-0.00639081   0.0898734   0.0334197    0.014409
-0.00971098   0.0334197   0.0974684 -0.00770315
   0.361882    0.014409 -0.00770315    0.389873
IMAGINARY
          0   0.0117985    -0.01315 -0.00170553
 -0.0117985           0  -0.0127302  0.00362016
    0.01315   0.0127302           0 -0.00608062
 0.00170553 -0.00362016  0.00608062           0
EndNode1[0]<--->Repeater1[0]
REAL
   0.436224  0.00534664 -0.00562234    0.352233
 0.00534664   0.0905612   0.0382491    0.019312
-0.00562234   0.0382491   0.0778061   0.0109506
   0.352233    0.019312   0.0109506    0.395408
IMAGINARY
          0   0.0025011 -0.00037838    0.015007
 -0.0025011           0  0.00874137  -0.0035794
 0.00037838 -0.00874137           0  -0.0183322
  -0.015007   0.0035794   0.0183322           0
EndNode2[0]<--->HoM1[0]
REAL
  0.427296   0.010113 -0.0112928   0.355036
  0.010113  0.0752551   0.035428  0.0151588
-0.0112928   0.035428  0.0688776 -0.0152677
  0.355036  0.0151588 -0.0152677   0.428571
IMAGINARY
           0    0.0166515   -0.0147984 -0.000313334
  -0.0166515            0    -0.016526  -0.00284869
   0.0147984     0.016526            0    0.0140675
 0.000313334   0.00284869   -0.0140675            0
Repeater1[0]<--->EndNode1[0]
REAL
   0.436224 -0.00562234  0.00534664    0.352233
-0.00562234   0.0778061   0.0382491   0.0109506
 0.00534664   0.0382491   0.0905612    0.019312
   0.352233   0.0109506    0.019312    0.395408
IMAGINARY
          0 -0.00037838   0.0025011    0.015007
 0.00037838           0 -0.00874137  -0.0183322
 -0.0025011  0.00874137           0  -0.0035794
  -0.015007   0.0183322   0.0035794           0
Repeater1[0]<--->HoM1[0]
REAL
  0.427296 -0.0112928   0.010113   0.355036
-0.0112928  0.0688776   0.035428 -0.0152677
  0.010113   0.035428  0.0752551  0.0151588
  0.355036 -0.0152677  0.0151588   0.428571
IMAGINARY
           0   -0.0147984    0.0166515 -0.000313334
   0.0147984            0     0.016526    0.0140675
  -0.0166515    -0.016526            0  -0.00284869
 0.000313334   -0.0140675   0.00284869            0
EndNode1[0]<--->Repeater1[0]
REAL
   0.426144 -0.00160041 0.000399396     0.33295
-0.00160041   0.0888889   0.0398463 -0.00543718
0.000399396   0.0398463    0.075817    0.023011
    0.33295 -0.00543718    0.023011     0.40915
IMAGINARY
           0    -0.014579  0.000266205 -0.000345004
    0.014579            0 -0.000970786  -0.00729047
-0.000266205  0.000970786            0   0.00116903
 0.000345004   0.00729047  -0.00116903            0
EndNode2[0]<--->HoM1[0]
REAL
   0.416098  0.00388242 -0.00873327    0.357501
 0.00388242    0.100955   0.0502722  0.00412194
-0.00873327   0.0502722   0.0832196  0.00204643
   0.357501  0.00412194  0.00204643    0.399727
IMAGINARY
           0  -0.00056262   -0.0203766  -0.00867102
  0.00056262            0  0.000257555   0.00832837
   0.0203766 -0.000257555            0    0.0053819
  0.00867102  -0.00832837   -0.0053819            0
Repeater1[0]<--->EndNode1[0]
REAL
   0.426144 0.000399396 -0.00160041     0.33295
0.000399396    0.075817   0.0398463    0.023011
-0.00160041   0.0398463   0.0888889 -0.00543718
    0.33295    0.023011 -0.00543718     0.40915
IMAGINARY
           0  0.000266205    -0.014579 -0.000345004
-0.000266205            0  0.000970786   0.00116903
    0.014579 -0.000970786            0  -0.00729047
 0.000345004  -0.00116903   0.00729047            0
Repeater1[0]<--->HoM1[0]
REAL
   0.416098 -0.00873327  0.00388242    0.357501
-0.00873327   0.0832196   0.0502722  0.00204643
 0.00388242   0.0502722    0.100955  0.00412194
   0.357501  0.00204643  0.00412194    0.399727
IMAGINARY
           0   -0.0203766  -0.00056262  -0.00867102
   0.0203766            0 -0.000257555    0.0053819
  0.00056262  0.000257555            0   0.00832837
  0.00867102   -0.0053819  -0.00832837            0
EndNode1[0]<--->Repeater1[0]
REAL
  0.411202 -0.0104009 0.00113478   0.355785
-0.0104009  0.0887978  0.0474408 -0.0110603
0.00113478  0.0474408  0.0887978 -0.0168944
  0.355785 -0.0110603 -0.0168944   0.411202
IMAGINARY
          0  0.00661509 -0.00824925 -0.00355004
-0.00661509           0  0.00416204  0.00890114
 0.00824925 -0.00416204           0   0.0122897
 0.00355004 -0.00890114  -0.0122897           0
EndNode2[0]<--->HoM1[0]
REAL
   0.385787 -0.00809476  -0.0129936    0.358736
-0.00809476   0.0888325   0.0297205  0.00196898
 -0.0129936   0.0297205    0.102792  0.00485222
   0.358736  0.00196898  0.00485222    0.422589
IMAGINARY
          0  -0.0130581  0.00366243  0.00183829
  0.0130581           0  0.00629688   0.0118816
-0.00366243 -0.00629688           0 -0.00766728
-0.00183829  -0.0118816  0.00766728           0
Repeater1[0]<--->EndNode1[0]
REAL
  0.411202 0.00113478 -0.0104009   0.355785
0.00113478  0.0887978  0.0474408 -0.0168944
-0.0104009  0.0474408  0.0887978 -0.0110603
  0.355785 -0.0168944 -0.0110603   0.411202
IMAGINARY
          0 -0.00824925  0.00661509 -0.00355004
 0.00824925           0 -0.00416204   0.0122897
-0.00661509  0.00416204           0  0.00890114
 0.00355004  -0.0122897 -0.00890114           0
Repeater1[0]<--->HoM1[0]
REAL
   0.385787  -0.0129936 -0.00809476    0.358736
 -0.0129936    0.102792   0.0297205  0.00485222
-0.00809476   0.0297205   0.0888325  0.00196898
   0.358736  0.00485222  0.00196898    0.422589
IMAGINARY
          0  0.00366243  -0.0130581  0.00183829
-0.00366243           0 -0.00629688 -0.00766728
  0.0130581  0.00629688           0   0.0118816
-0.00183829  0.00766728  -0.0118816           0
EndNode1[0]<--->Repeater1[0]
REAL
   0.442819  -0.0077717 -0.00229022    0.361039
 -0.0077717   0.0851064   0.0281271  0.00166756
-0.00229022   0.0281271    0.101064    0.010885
   0.361039  0.00166756    0.010885    0.371011
IMAGINARY
          0   0.0117399 -0.00934826 -0.00149194
 -0.0117399           0 -0.00600806 -0.00204414
 0.00934826  0.00600806           0   0.0097791
 0.00149194  0.00204414  -0.0097791           0
EndNode2[0]<--->HoM1[0]
REAL
    0.432069   0.00702896   0.00010175     0.337267
  0.00702896    0.0758874    0.0264898  -0.00539276
  0.00010175    0.0264898    0.0820073 -0.000415206
    0.337267  -0.00539276 -0.000415206     0.410037
IMAGINARY
           0  -0.00827347     0.011498   0.00164201
  0.00827347            0  0.000350021    -0.011498
   -0.011498 -0.000350021            0    0.0245642
 -0.00164201     0.011498   -0.0245642            0
Repeater1[0]<--->EndNode1[0]
REAL
   0.442819 -0.00229022  -0.0077717    0.361039
-0.00229022    0.101064   0.0281271    0.010885
 -0.0077717   0.0281271   0.0851064  0.00166756
   0.361039    0.010885  0.00166756    0.371011
IMAGINARY
          0 -0.00934826   0.0117399 -0.00149194
 0.00934826           0  0.00600806   0.0097791
 -0.0117399 -0.00600806           0 -0.00204414
 0.00149194  -0.0097791  0.00204414           0
Repeater1[0]<--->HoM1[0]
REAL
    0.432069   0.00010175   0.00702896     0.337267
  0.00010175    0.0820073    0.0264898 -0.000415206
  0.00702896    0.0264898    0.0758874  -0.00539276
    0.337267 -0.000415206  -0.00539276     0.410037
IMAGINARY
           0     0.011498  -0.00827347   0.00164201
   -0.011498            0 -0.000350021    0.0245642
  0.00827347  0.000350021            0    -0.011498
 -0.00164201   -0.0245642     0.011498            0
EndNode1[0]<--->Repeater1[0]
REAL
   0.404609 -0.00639169 -0.00679017    0.348944
-0.00639169    0.108835   0.0357707  0.00549484
-0.00679017   0.0357707   0.0819462   -0.019515
   0.348944  0.00549484   -0.019515    0.404609
IMAGINARY
           0    0.0013385  -0.00879565  -0.00655495
  -0.0013385            0  -0.00522516 -0.000186382
  0.00879565   0.00522516            0   -0.0163086
  0.00655495  0.000186382    0.0163086            0
EndNode2[0]<--->HoM1[0]
REAL
    0.429124   -0.0136401   0.00678802      0.35105
  -0.0136401     0.068299    0.0258929   0.00616535
  0.00678802    0.0258929    0.0837629 -0.000608577
     0.35105   0.00616535 -0.000608577     0.418814
IMAGINARY
          0  0.00352496 -0.00788324 -0.00651562
-0.00352496           0  -0.0183463 -0.00406645
 0.00788324   0.0183463           0  0.00968259
 0.00651562  0.00406645 -0.00968259           0
Repeater1[0]<--->EndNode1[0]
REAL
   0.404609 -0.00679017 -0.00639169    0.348944
-0.00679017   0.0819462   0.0357707   -0.019515
-0.00639169   0.0357707    0.108835  0.00549484
   0.348944   -0.019515  0.00549484    0.404609
IMAGINARY
           0  -0.00879565    0.0013385  -0.00655495
  0.00879565            0   0.00522516   -0.0163086
  -0.0013385  -0.00522516            0 -0.000186382
  0.00655495    0.0163086  0.000186382            0
Repeater1[0]<--->HoM1[0]
REAL
    0.429124   0.00678802   -0.0136401      0.35105
  0.00678802    0.0837629    0.0258929 -0.000608577
  -0.0136401    0.0258929     0.068299   0.00616535
     0.35105 -0.000608577   0.00616535     0.418814
IMAGINARY
          0 -0.00788324  0.00352496 -0.00651562
 0.00788324           0   0.0183463  0.00968259
-0.00352496  -0.0183463           0 -0.00406645
 0.00651562 -0.00968259  0.00406645           0
EndNode1[0]<--->Repeater1[0]
REAL
   0.411051   0.0230641 -0.00986527     0.34084
  0.0230641   0.0754717    0.044795 0.000799721
-0.00986527    0.044795   0.0808625  -0.0126039
    0.34084 0.000799721  -0.0126039    0.432615
IMAGINARY
          0  0.00207412 -0.00773254 -0.00214593
-0.00207412           0 -0.00081967 -0.00648254
 0.00773254  0.00081967           0 -0.00640045
 0.00214593  0.00648254  0.00640045           0
EndNode2[0]<--->HoM1[0]
REAL
   0.384514 -0.00196506  -0.0110495    0.344984
-0.00196506    0.102362   0.0590897 -0.00274811
 -0.0110495   0.0590897   0.0984252  0.00262209
   0.344984 -0.00274811  0.00262209    0.414698
IMAGINARY
          0  0.00505022 -0.00432585   0.0127678
-0.00505022           0 -0.00593547  -0.0196036
 0.00432585  0.00593547           0  0.00628479
 -0.0127678   0.0196036 -0.00628479           0
Repeater1[0]<--->EndNode1[0]
REAL
   0.411051 -0.00986527   0.0230641     0.34084
-0.00986527   0.0808625    0.044795  -0.0126039
  0.0230641    0.044795   0.0754717 0.000799721
    0.34084  -0.0126039 0.000799721    0.432615
IMAGINARY
          0 -0.00773254  0.00207412 -0.00214593
 0.00773254           0  0.00081967 -0.00640045
-0.00207412 -0.00081967           0 -0.00648254
 0.00214593  0.00640045  0.00648254           0
Repeater1[0]<--->HoM1[0]
REAL
   0.384514  -0.0110495 -0.00196506    0.344984
 -0.0110495   0.0984252   0.0590897  0.00262209
-0.00196506   0.0590897    0.102362 -0.00274811
   0.344984  0.00262209 -0.00274811    0.414698
IMAGINARY
          0 -0.00432585  0.00505022   0.0127678
 0.00432585           0  0.00593547  0.00628479
-0.00505022 -0.00593547           0  -0.0196036
 -0.0127678 -0.00628479   0.0196036           0
EndNode1[0]<--->Repeater1[0]
REAL
  0.429471 0.00698868  0.0257594   0.353806
0.00698868  0.0856423  0.0365878 -0.0159072
 0.0257594  0.0365878   0.103275 -0.0032941
  0.353806 -0.0159072 -0.0032941   0.381612
IMAGINARY
          0   0.0163005 -0.00651258   -0.028467
 -0.0163005           0  0.00571019  -0.0272622
 0.00651258 -0.00571019           0  0.00422932
   0.028467   0.0272622 -0.00422932           0
EndNode2[0]<--->HoM1[0]
REAL
   0.411465 -0.00205574 -0.00705788    0.357429
-0.00205574   0.0866242   0.0427055  0.00098501
-0.00705788   0.0427055   0.0764331 -0.00671619
   0.357429  0.00098501 -0.00671619    0.425478
IMAGINARY
          0 -0.00329476   0.0203926  0.00950967
 0.00329476           0 -0.00704662  -0.0185521
 -0.0203926  0.00704662           0   0.0198592
-0.00950967   0.0185521  -0.0198592           0
Repeater1[0]<--->EndNode1[0]
REAL
  0.429471  0.0257594 0.00698868   0.353806
 0.0257594   0.103275  0.0365878 -0.0032941
0.00698868  0.0365878  0.0856423 -0.0159072
  0.353806 -0.0032941 -0.0159072   0.381612
IMAGINARY
          0 -0.00651258   0.0163005   -0.028467
 0.00651258           0 -0.00571019  0.00422932
 -0.0163005  0.00571019           0  -0.0272622
   0.028467 -0.00422932   0.0272622           0
Repeater1[0]<--->HoM1[0]
REAL
   0.411465 -0.00705788 -0.00205574    0.357429
-0.00705788   0.0764331   0.0427055 -0.00671619
-0.00205574   0.0427055   0.0866242  0.00098501
   0.357429 -0.00671619  0.00098501    0.425478
IMAGINARY
          0   0.0203926 -0.00329476  0.00950967
 -0.0203926           0  0.00704662   0.0198592
 0.00329476 -0.00704662           0  -0.0185521
-0.00950967  -0.0198592   0.0185521           0
EndNode1[0]<--->Repeater1[0]
REAL
   0.421255  0.00181133   0.0184027    0.362214
 0.00181133   0.0960307   0.0351869 -0.00540681
  0.0184027   0.0351869   0.0755442 -0.00386332
   0.362214 -0.00540681 -0.00386332     0.40717
IMAGINARY
          0   -0.018174  0.00244868 -0.00595137
   0.018174           0   0.0078101 -0.00650273
-0.00244868  -0.0078101           0   0.0330389
 0.00595137  0.00650273  -0.0330389           0
EndNode2[0]<--->HoM1[0]
REAL
   0.401258 -0.00332841 -0.00774838    0.357119
-0.00332841   0.0867925   0.0242142   -0.013585
-0.00774838   0.0242142   0.0893082  -0.0193383
   0.357119   -0.013585  -0.0193383    0.422642
IMAGINARY
