EndNode1[0]<--->Repeater1[0]
REAL
  0.416561 0.00132432 0.00903308  0.0931297
0.00132432   0.105732  0.0195186 0.00480091
0.00903308  0.0195186  0.0993631 0.00196948
 0.0931297 0.00480091 0.00196948   0.378344
IMAGINARY
           0    0.0123106   0.00466207    0.0170487
  -0.0123106            0  0.000879566  -0.00743984
 -0.00466207 -0.000879566            0  -0.00536616
  -0.0170487   0.00743984   0.00536616            0
EndNode2[0]<--->HoM1[0]
REAL
  0.400245  0.0134146 0.00653253   0.119208
 0.0134146   0.104039 0.00866783   -0.02886
0.00653253 0.00866783   0.110159 -0.0154444
  0.119208   -0.02886 -0.0154444   0.385557
IMAGINARY
          0  0.00707897  -0.0207748    0.010695
-0.00707897           0   0.0272952   0.0117773
  0.0207748  -0.0272952           0 -0.00964966
  -0.010695  -0.0117773  0.00964966           0
Repeater1[0]<--->EndNode1[0]
REAL
  0.416561 0.00903308 0.00132432  0.0931297
0.00903308  0.0993631  0.0195186 0.00196948
0.00132432  0.0195186   0.105732 0.00480091
 0.0931297 0.00196948 0.00480091   0.378344
IMAGINARY
           0   0.00466207    0.0123106    0.0170487
 -0.00466207            0 -0.000879566  -0.00536616
  -0.0123106  0.000879566            0  -0.00743984
  -0.0170487   0.00536616   0.00743984            0
Repeater1[0]<--->HoM1[0]
REAL
  0.400245 0.00653253  0.0134146   0.119208
0.00653253   0.110159 0.00866783 -0.0154444
 0.0134146 0.00866783   0.104039   -0.02886
  0.119208 -0.0154444   -0.02886   0.385557
IMAGINARY
          0  -0.0207748  0.00707897    0.010695
  0.0207748           0  -0.0272952 -0.00964966
-0.00707897   0.0272952           0   0.0117773
  -0.010695  0.00964966  -0.0117773           0
EndNode1[0]<--->Repeater1[0]
REAL
   0.392857  -0.0013009  0.00611753    0.131314
 -0.0013009   0.0969388  -0.0192235 -0.00485808
 0.00611753  -0.0192235    0.103316   0.0151548
   0.131314 -0.00485808   0.0151548    0.406888
IMAGINARY
           0   -0.0326627    0.0194892    0.0152679
   0.0326627            0  0.000982143    0.0168011
  -0.0194892 -0.000982143            0   0.00712508
  -0.0152679   -0.0168011  -0.00712508            0
EndNode2[0]<--->HoM1[0]
REAL
    0.409031  -0.00613001  -0.00759779     0.127613
 -0.00613001     0.108898 -0.000559114  -0.00694076
 -0.00759779 -0.000559114    0.0929615    0.0054979
    0.127613  -0.00694076    0.0054979      0.38911
IMAGINARY
          0  0.00409413  -0.0114277 -0.00811801
-0.00409413           0   0.0010395   -0.013953
  0.0114277  -0.0010395           0  -0.0180535
 0.00811801    0.013953   0.0180535           0
Repeater1[0]<--->EndNode1[0]
REAL
   0.392857  0.00611753  -0.0013009    0.131314
 0.00611753    0.103316  -0.0192235   0.0151548
 -0.0013009  -0.0192235   0.0969388 -0.00485808
   0.131314   0.0151548 -0.00485808    0.406888
IMAGINARY
           0    0.0194892   -0.0326627    0.0152679
  -0.0194892            0 -0.000982143   0.00712508
   0.0326627  0.000982143            0    0.0168011
  -0.0152679  -0.00712508   -0.0168011            0
Repeater1[0]<--->HoM1[0]
REAL
    0.409031  -0.00759779  -0.00613001     0.127613
 -0.00759779    0.0929615 -0.000559114    0.0054979
 -0.00613001 -0.000559114     0.108898  -0.00694076
    0.127613    0.0054979  -0.00694076      0.38911
IMAGINARY
          0  -0.0114277  0.00409413 -0.00811801
  0.0114277           0  -0.0010395  -0.0180535
-0.00409413   0.0010395           0   -0.013953
 0.00811801   0.0180535    0.013953           0
EndNode1[0]<--->Repeater1[0]
REAL
   0.404118  0.00577916   0.0148749     0.13025
 0.00577916   0.0836551  0.00587203  0.00969352
  0.0148749  0.00587203   0.0952381 -0.00245911
    0.13025  0.00969352 -0.00245911    0.416988
IMAGINARY
          0  -0.0198831 -0.00362377 -0.00205214
  0.0198831           0  0.00637847 -0.00632648
 0.00362377 -0.00637847           0   0.0049577
 0.00205214  0.00632648  -0.0049577           0
EndNode2[0]<--->HoM1[0]
REAL
  0.407589 -0.0119768 -0.0216881   0.132178
-0.0119768   0.123623  0.0121255  0.0115616
-0.0216881  0.0121255   0.100367 0.00817929
  0.132178  0.0115616 0.00817929   0.368421
IMAGINARY
           0   4.3751e-05     0.013477  -0.00317604
 -4.3751e-05            0  -0.00518947 -0.000284428
   -0.013477   0.00518947            0   0.00259477
  0.00317604  0.000284428  -0.00259477            0
Repeater1[0]<--->EndNode1[0]
REAL
   0.404118   0.0148749  0.00577916     0.13025
  0.0148749   0.0952381  0.00587203 -0.00245911
 0.00577916  0.00587203   0.0836551  0.00969352
    0.13025 -0.00245911  0.00969352    0.416988
IMAGINARY
          0 -0.00362377  -0.0198831 -0.00205214
 0.00362377           0 -0.00637847   0.0049577
  0.0198831  0.00637847           0 -0.00632648
 0.00205214  -0.0049577  0.00632648           0
Repeater1[0]<--->HoM1[0]
REAL
  0.407589 -0.0216881 -0.0119768   0.132178
-0.0216881   0.100367  0.0121255 0.00817929
-0.0119768  0.0121255   0.123623  0.0115616
  0.132178 0.00817929  0.0115616   0.368421
IMAGINARY
           0     0.013477   4.3751e-05  -0.00317604
   -0.013477            0   0.00518947   0.00259477
 -4.3751e-05  -0.00518947            0 -0.000284428
  0.00317604  -0.00259477  0.000284428            0
EndNode1[0]<--->Repeater1[0]
REAL
    0.43401   0.0274298 -0.00588419     0.13579
  0.0274298    0.106599   -0.016554  0.00259038
-0.00588419   -0.016554   0.0977157  0.00221451
    0.13579  0.00259038  0.00221451    0.361675
IMAGINARY
          0   0.0135656  -0.0232884 -0.00434152
 -0.0135656           0  -0.0177824  -0.0105658
  0.0232884   0.0177824           0   0.0033615
 0.00434152   0.0105658  -0.0033615           0
EndNode2[0]<--->HoM1[0]
REAL
   0.381885  -0.0126067 -0.00348887    0.128311
 -0.0126067    0.113831  -0.0140067   0.0130674
-0.00348887  -0.0140067    0.119951    0.019631
   0.128311   0.0130674    0.019631    0.384333
IMAGINARY
          0   0.0113739  0.00099234 -0.00348482
 -0.0113739           0  -0.0151767  -0.0349974
-0.00099234   0.0151767           0  0.00751782
 0.00348482   0.0349974 -0.00751782           0
Repeater1[0]<--->EndNode1[0]
REAL
    0.43401 -0.00588419   0.0274298     0.13579
-0.00588419   0.0977157   -0.016554  0.00221451
  0.0274298   -0.016554    0.106599  0.00259038
    0.13579  0.00221451  0.00259038    0.361675
IMAGINARY
          0  -0.0232884   0.0135656 -0.00434152
  0.0232884           0   0.0177824   0.0033615
 -0.0135656  -0.0177824           0  -0.0105658
 0.00434152  -0.0033615   0.0105658           0
Repeater1[0]<--->HoM1[0]
REAL
   0.381885 -0.00348887  -0.0126067    0.128311
-0.00348887    0.119951  -0.0140067    0.019631
 -0.0126067  -0.0140067    0.113831   0.0130674
   0.128311    0.019631   0.0130674    0.384333
IMAGINARY
          0  0.00099234   0.0113739 -0.00348482
-0.00099234           0   0.0151767  0.00751782
 -0.0113739  -0.0151767           0  -0.0349974
 0.00348482 -0.00751782   0.0349974           0
EndNode1[0]<--->Repeater1[0]
REAL
   0.408322  -0.0014156 -0.00332062    0.137765
 -0.0014156     0.10143  0.00233479    -0.02719
-0.00332062  0.00233479    0.115735  0.00452892
   0.137765    -0.02719  0.00452892    0.374512
IMAGINARY
           0  -0.00161722    0.0208034  -0.00644442
  0.00161722            0   -0.0129548  -0.00860832
  -0.0208034    0.0129548            0 -0.000308323
  0.00644442   0.00860832  0.000308323            0
EndNode2[0]<--->HoM1[0]
REAL
    0.394286   0.00162051     0.014964     0.114362
  0.00162051     0.114286 -0.000304973 -0.000784003
    0.014964 -0.000304973    0.0814286  -0.00593617
    0.114362 -0.000784003  -0.00593617         0.41
IMAGINARY
          0 -0.00758559  0.00444765  0.00534188
 0.00758559           0  -0.0144994 -0.00578099
-0.00444765   0.0144994           0 -0.00308108
-0.00534188  0.00578099  0.00308108           0
Repeater1[0]<--->EndNode1[0]
REAL
   0.408322 -0.00332062  -0.0014156    0.137765
-0.00332062    0.115735  0.00233479  0.00452892
 -0.0014156  0.00233479     0.10143    -0.02719
   0.137765  0.00452892    -0.02719    0.374512
IMAGINARY
           0    0.0208034  -0.00161722  -0.00644442
  -0.0208034            0    0.0129548 -0.000308323
  0.00161722   -0.0129548            0  -0.00860832
  0.00644442  0.000308323   0.00860832            0
Repeater1[0]<--->HoM1[0]
REAL
    0.394286     0.014964   0.00162051     0.114362
    0.014964    0.0814286 -0.000304973  -0.00593617
  0.00162051 -0.000304973     0.114286 -0.000784003
    0.114362  -0.00593617 -0.000784003         0.41
IMAGINARY
          0  0.00444765 -0.00758559  0.00534188
-0.00444765           0   0.0144994 -0.00308108
 0.00758559  -0.0144994           0 -0.00578099
-0.00534188  0.00308108  0.00578099           0
EndNode1[0]<--->Repeater1[0]
REAL
   0.421245 -0.00595806  -0.0171957    0.112086
-0.00595806    0.115995  0.00786037  -0.0151493
 -0.0171957  0.00786037    0.119658   0.0167397
   0.112086  -0.0151493   0.0167397    0.343101
IMAGINARY
          0  -0.0078595 -0.00421206 -0.00331167
  0.0078595           0 -0.00629141 -0.00987244
 0.00421206  0.00629141           0   0.0205356
 0.00331167  0.00987244  -0.0205356           0
EndNode2[0]<--->HoM1[0]
REAL
    0.41736  0.00492854 -0.00509668    0.103589
 0.00492854   0.0772889   0.0155788   0.0208596
-0.00509668   0.0155788    0.097503  -0.0194304
   0.103589   0.0208596  -0.0194304    0.407848
IMAGINARY
           0  -0.00417651  -0.00669356   -0.0252684
  0.00417651            0   0.00942552  -0.00733706
  0.00669356  -0.00942552            0 -0.000925533
   0.0252684   0.00733706  0.000925533            0
Repeater1[0]<--->EndNode1[0]
REAL
   0.421245  -0.0171957 -0.00595806    0.112086
 -0.0171957    0.119658  0.00786037   0.0167397
-0.00595806  0.00786037    0.115995  -0.0151493
   0.112086   0.0167397  -0.0151493    0.343101
IMAGINARY
          0 -0.00421206  -0.0078595 -0.00331167
 0.00421206           0  0.00629141   0.0205356
  0.0078595 -0.00629141           0 -0.00987244
 0.00331167  -0.0205356  0.00987244           0
Repeater1[0]<--->HoM1[0]
REAL
    0.41736 -0.00509668  0.00492854    0.103589
-0.00509668    0.097503   0.0155788  -0.0194304
 0.00492854   0.0155788   0.0772889   0.0208596
   0.103589  -0.0194304   0.0208596    0.407848
IMAGINARY
           0  -0.00669356  -0.00417651   -0.0252684
  0.00669356            0  -0.00942552 -0.000925533
  0.00417651   0.00942552            0  -0.00733706
   0.0252684  0.000925533   0.00733706            0
EndNode1[0]<--->Repeater1[0]
REAL
   0.390947    0.010557 -0.00597174    0.115713
   0.010557    0.102881  -0.0120145  -0.0065778
-0.00597174  -0.0120145    0.122085   0.0165236
   0.115713  -0.0065778   0.0165236    0.384088
IMAGINARY
           0  -0.00891877 -0.000852768  0.000933749
  0.00891877            0  -0.00997768   -0.0305978
 0.000852768   0.00997768            0  -0.00584374
-0.000933749    0.0305978   0.00584374            0
EndNode2[0]<--->HoM1[0]
REAL
   0.424779 0.000146847  0.00310975    0.120566
0.000146847   0.0986094  0.00981045  0.00495477
 0.00310975  0.00981045   0.0998736  0.00657358
   0.120566  0.00495477  0.00657358    0.376738
IMAGINARY
          0    0.027941  -0.0316514   0.0056474
  -0.027941           0   0.0130498   0.0130855
  0.0316514  -0.0130498           0 -0.00425345
 -0.0056474  -0.0130855  0.00425345           0
Repeater1[0]<--->EndNode1[0]
REAL
   0.390947 -0.00597174    0.010557    0.115713
-0.00597174    0.122085  -0.0120145   0.0165236
   0.010557  -0.0120145    0.102881  -0.0065778
   0.115713   0.0165236  -0.0065778    0.384088
IMAGINARY
           0 -0.000852768  -0.00891877  0.000933749
 0.000852768            0   0.00997768  -0.00584374
  0.00891877  -0.00997768            0   -0.0305978
-0.000933749   0.00584374    0.0305978            0
Repeater1[0]<--->HoM1[0]
REAL
   0.424779  0.00310975 0.000146847    0.120566
 0.00310975   0.0998736  0.00981045  0.00657358
0.000146847  0.00981045   0.0986094  0.00495477
   0.120566  0.00657358  0.00495477    0.376738
IMAGINARY
          0  -0.0316514    0.027941   0.0056474
  0.0316514           0  -0.0130498 -0.00425345
  -0.027941   0.0130498           0   0.0130855
 -0.0056474  0.00425345  -0.0130855           0
EndNode1[0]<--->Repeater1[0]
REAL
 0.393531 0.0213896 0.0080478  0.129435
0.0213896  0.107817         0 0.0254607
0.0080478         0  0.106469 0.0121189
 0.129435 0.0254607 0.0121189  0.392183
IMAGINARY
          0  -0.0018707  -0.0314113 -0.00392507
  0.0018707           0 -0.00643763  -0.0034113
  0.0314113  0.00643763           0  -0.0211254
 0.00392507   0.0034113   0.0211254           0
EndNode2[0]<--->HoM1[0]
REAL
  0.426684 -0.0154155 -0.0014805   0.113631
-0.0154155    0.10568 0.00697228 0.00901819
-0.0014805 0.00697228  0.0990753 -0.0122227
  0.113631 0.00901819 -0.0122227    0.36856
IMAGINARY
           0  -0.00712222  -0.00541598  -0.00926411
  0.00712222            0  -0.00064342   -0.0136962
  0.00541598   0.00064342            0  0.000340468
  0.00926411    0.0136962 -0.000340468            0
Repeater1[0]<--->EndNode1[0]
REAL
 0.393531 0.0080478 0.0213896  0.129435
0.0080478  0.106469         0 0.0121189
0.0213896         0  0.107817 0.0254607
 0.129435 0.0121189 0.0254607  0.392183
IMAGINARY
          0  -0.0314113  -0.0018707 -0.00392507
  0.0314113           0  0.00643763  -0.0211254
  0.0018707 -0.00643763           0  -0.0034113
 0.00392507   0.0211254   0.0034113           0
Repeater1[0]<--->HoM1[0]
REAL
  0.426684 -0.0014805 -0.0154155   0.113631
-0.0014805  0.0990753 0.00697228 -0.0122227
-0.0154155 0.00697228    0.10568 0.00901819
  0.113631 -0.0122227 0.00901819    0.36856
IMAGINARY
           0  -0.00541598  -0.00712222  -0.00926411
  0.00541598            0   0.00064342  0.000340468
  0.00712222  -0.00064342            0   -0.0136962
  0.00926411 -0.000340468    0.0136962            0
EndNode1[0]<--->Repeater1[0]
REAL
   0.366961  0.00227605 -0.00486364    0.137411
 0.00227605   0.0983607 -0.00516942  0.00234475
-0.00486364 -0.00516942    0.102144  -0.0123516
   0.137411  0.00234475  -0.0123516    0.432535
IMAGINARY
           0   -0.0106393   0.00845878   -0.0159261
   0.0106393            0 -0.000364579  -0.00265233
 -0.00845878  0.000364579            0  -0.00161872
   0.0159261   0.00265233   0.00161872            0
EndNode2[0]<--->HoM1[0]
REAL
   0.391946   -0.011635 -0.00516534      0.1101
  -0.011635    0.111409  0.00912637   0.0157771
-0.00516534  0.00912637    0.107383  0.00102325
     0.1101   0.0157771  0.00102325    0.389262
IMAGINARY
           0  0.000542637   0.00538635  -0.00924822
-0.000542637            0   0.00409358    0.0067791
 -0.00538635  -0.00409358            0   -0.0151412
  0.00924822   -0.0067791    0.0151412            0
Repeater1[0]<--->EndNode1[0]
REAL
   0.366961 -0.00486364  0.00227605    0.137411
-0.00486364    0.102144 -0.00516942  -0.0123516
 0.00227605 -0.00516942   0.0983607  0.00234475
   0.137411  -0.0123516  0.00234475    0.432535
IMAGINARY
           0   0.00845878   -0.0106393   -0.0159261
 -0.00845878            0  0.000364579  -0.00161872
   0.0106393 -0.000364579            0  -0.00265233
   0.0159261   0.00161872   0.00265233            0
Repeater1[0]<--->HoM1[0]
REAL
   0.391946 -0.00516534   -0.011635      0.1101
-0.00516534    0.107383  0.00912637  0.00102325
  -0.011635  0.00912637    0.111409   0.0157771
     0.1101  0.00102325   0.0157771    0.389262
IMAGINARY
           0   0.00538635  0.000542637  -0.00924822
 -0.00538635            0  -0.00409358   -0.0151412
-0.000542637   0.00409358            0    0.0067791
  0.00924822    0.0151412   -0.0067791            0
EndNode1[0]<--->Repeater1[0]
REAL
   0.352941   0.0207618 -0.00232843    0.137758
  0.0207618    0.109974  -0.0139834  -0.0148284
-0.00232843  -0.0139834    0.111253  -0.0268892
   0.137758  -0.0148284  -0.0268892    0.425831
IMAGINARY
           0 -0.000291511     0.019367   0.00669669
 0.000291511            0  -0.00173392    0.0104837
   -0.019367   0.00173392            0    0.0127293
 -0.00669669   -0.0104837   -0.0127293            0
EndNode2[0]<--->HoM1[0]
REAL
    0.387013  -0.00285979   -0.0127258     0.132212
 -0.00285979     0.109091   0.00657112  -0.00691933
  -0.0127258   0.00657112     0.115584 -0.000308774
    0.132212  -0.00691933 -0.000308774     0.388312
IMAGINARY
           0   -0.0100689  -0.00712251    0.0126529
   0.0100689            0  -0.00936779   -0.0108262
  0.00712251   0.00936779            0 -0.000187494
  -0.0126529    0.0108262  0.000187494            0
Repeater1[0]<--->EndNode1[0]
REAL
   0.352941 -0.00232843   0.0207618    0.137758
-0.00232843    0.111253  -0.0139834  -0.0268892
  0.0207618  -0.0139834    0.109974  -0.0148284
   0.137758  -0.0268892  -0.0148284    0.425831
IMAGINARY
           0     0.019367 -0.000291511   0.00669669
   -0.019367            0   0.00173392    0.0127293
 0.000291511  -0.00173392            0    0.0104837
 -0.00669669   -0.0127293   -0.0104837            0
Repeater1[0]<--->HoM1[0]
REAL
    0.387013   -0.0127258  -0.00285979     0.132212
  -0.0127258     0.115584   0.00657112 -0.000308774
 -0.00285979   0.00657112     0.109091  -0.00691933
    0.132212 -0.000308774  -0.00691933     0.388312
IMAGINARY
           0  -0.00712251   -0.0100689    0.0126529
  0.00712251            0   0.00936779 -0.000187494
   0.0100689  -0.00936779            0   -0.0108262
  -0.0126529  0.000187494    0.0108262            0
EndNode1[0]<--->Repeater1[0]
REAL
   0.409211  -0.0174078  -0.0109239    0.129804
 -0.0174078    0.117105   -0.012597 -0.00653245
 -0.0109239   -0.012597   0.0960526  -0.0187518
   0.129804 -0.00653245  -0.0187518    0.377632
IMAGINARY
           0   -0.0124448    0.0269406    0.0267233
   0.0124448            0  -0.00543302   -0.0058678
  -0.0269406   0.00543302            0 -0.000965185
  -0.0267233    0.0058678  0.000965185            0
EndNode2[0]<--->HoM1[0]
REAL
  0.416778  0.0143413 -0.0231162   0.118303
 0.0143413   0.081225 -0.0122789 0.00504396
-0.0231162 -0.0122789   0.107856 -0.0191606
  0.118303 0.00504396 -0.0191606   0.394141
IMAGINARY
          0 -0.00240441    0.022189   0.0065852
 0.00240441           0  -0.0348161  -0.0174529
  -0.022189   0.0348161           0  0.00172782
 -0.0065852   0.0174529 -0.00172782           0
Repeater1[0]<--->EndNode1[0]
REAL
   0.409211  -0.0109239  -0.0174078    0.129804
 -0.0109239   0.0960526   -0.012597  -0.0187518
 -0.0174078   -0.012597    0.117105 -0.00653245
   0.129804  -0.0187518 -0.00653245    0.377632
IMAGINARY
           0    0.0269406   -0.0124448    0.0267233
  -0.0269406            0   0.00543302 -0.000965185
   0.0124448  -0.00543302            0   -0.0058678
  -0.0267233  0.000965185    0.0058678            0
Repeater1[0]<--->HoM1[0]
REAL
  0.416778 -0.0231162  0.0143413   0.118303
-0.0231162   0.107856 -0.0122789 -0.0191606
 0.0143413 -0.0122789   0.081225 0.00504396
  0.118303 -0.0191606 0.00504396   0.394141
IMAGINARY
          0    0.022189 -0.00240441   0.0065852
  -0.022189           0   0.0348161  0.00172782
 0.00240441  -0.0348161           0  -0.0174529
 -0.0065852 -0.00172782   0.0174529           0
EndNode1[0]<--->Repeater1[0]
REAL
  0.431877 0.00580292 -0.0239879   0.125859
0.00580292   0.100257 -0.0115917 -0.0202658
-0.0239879 -0.0115917    0.11054 -0.0209945
  0.125859 -0.0202658 -0.0209945   0.357326
IMAGINARY
          0   -0.018954 -0.00769571 -0.00233217
   0.018954           0   0.0106548   0.0136718
 0.00769571  -0.0106548           0  0.00633781
 0.00233217  -0.0136718 -0.00633781           0
EndNode2[0]<--->HoM1[0]
REAL
  0.412067 0.00259017  0.0244866    0.13396
0.00259017   0.102696  0.0233293  0.0138765
 0.0244866  0.0233293   0.084724  0.0281004
   0.13396  0.0138765  0.0281004   0.400513
IMAGINARY
          0 -0.00251862  0.00809325   0.0148268
 0.00251862           0  -0.0075804  -0.0124196
-0.00809325   0.0075804           0   0.0130254
 -0.0148268   0.0124196  -0.0130254           0
Repeater1[0]<--->EndNode1[0]
REAL
  0.431877 -0.0239879 0.00580292   0.125859
-0.0239879    0.11054 -0.0115917 -0.0209945
0.00580292 -0.0115917   0.100257 -0.0202658
  0.125859 -0.0209945 -0.0202658   0.357326
IMAGINARY
          0 -0.00769571   -0.018954 -0.00233217
 0.00769571           0  -0.0106548  0.00633781
   0.018954   0.0106548           0   0.0136718
 0.00233217 -0.00633781  -0.0136718           0
Repeater1[0]<--->HoM1[0]
REAL
  0.412067  0.0244866 0.00259017    0.13396
 0.0244866   0.084724  0.0233293  0.0281004
0.00259017  0.0233293   0.102696  0.0138765
   0.13396  0.0281004  0.0138765   0.400513
IMAGINARY
          0  0.00809325 -0.00251862   0.0148268
-0.00809325           0   0.0075804   0.0130254
 0.00251862  -0.0075804           0  -0.0124196
 -0.0148268  -0.0130254   0.0124196           0
EndNode1[0]<--->Repeater1[0]
REAL
  0.371462  0.0054223 0.00415566   0.107158
 0.0054223   0.110849 -0.0163069 0.00283291
0.00415566 -0.0163069   0.113208 0.00156626
  0.107158 0.00283291 0.00156626   0.404481
IMAGINARY
          0   0.0124161   0.0133799 -0.00790016
 -0.0124161           0  -0.0134902 -0.00587645
 -0.0133799   0.0134902           0  0.00736561
 0.00790016  0.00587645 -0.00736561           0
EndNode2[0]<--->HoM1[0]
REAL
    0.425422   0.00869493 -0.000334009     0.121589
  0.00869493     0.102464  -0.00203776    0.0142046
-0.000334009  -0.00203776    0.0933852    0.0315957
    0.121589    0.0142046    0.0315957     0.378729
IMAGINARY
          0 -0.00493444  0.00467476   0.0042153
 0.00493444           0   0.0042153  0.00219337
-0.00467476  -0.0042153           0  -0.0074282
 -0.0042153 -0.00219337   0.0074282           0
Repeater1[0]<--->EndNode1[0]
REAL
  0.371462 0.00415566  0.0054223   0.107158
0.00415566   0.113208 -0.0163069 0.00156626
 0.0054223 -0.0163069   0.110849 0.00283291
  0.107158 0.00156626 0.00283291   0.404481
IMAGINARY
          0   0.0133799   0.0124161 -0.00790016
 -0.0133799           0   0.0134902  0.00736561
 -0.0124161  -0.0134902           0 -0.00587645
 0.00790016 -0.00736561  0.00587645           0
Repeater1[0]<--->HoM1[0]
REAL
    0.425422 -0.000334009   0.00869493     0.121589
-0.000334009    0.0933852  -0.00203776    0.0315957
  0.00869493  -0.00203776     0.102464    0.0142046
    0.121589    0.0315957    0.0142046     0.378729
IMAGINARY
          0  0.00467476 -0.00493444   0.0042153
-0.00467476           0  -0.0042153  -0.0074282
 0.00493444   0.0042153           0  0.00219337
 -0.0042153   0.0074282 -0.00219337           0
EndNode1[0]<--->Repeater1[0]
REAL
   0.381546 -0.00932212 -0.00821103    0.145119
-0.00932212   0.0897756   -0.030852   0.0154766
-0.00821103   -0.030852    0.112219   0.0297977
   0.145119   0.0154766   0.0297977    0.416459
IMAGINARY
          0 -0.00143953  0.00539153 -0.00383042
 0.00143953           0  0.00248271  -0.0151003
-0.00539153 -0.00248271           0  -0.0240459
 0.00383042   0.0151003   0.0240459           0
EndNode2[0]<--->HoM1[0]
REAL
   0.429975 -0.00182065   0.0145529    0.137336
-0.00182065   0.0958231   0.0107622  -0.0254225
  0.0145529   0.0107622    0.105651  0.00317935
   0.137336  -0.0254225  0.00317935     0.36855
IMAGINARY
          0   0.0234413  0.00280881  -0.0119943
 -0.0234413           0  -0.0156439   0.0048835
-0.00280881   0.0156439           0  0.00103418
  0.0119943  -0.0048835 -0.00103418           0
Repeater1[0]<--->EndNode1[0]
REAL
   0.381546 -0.00821103 -0.00932212    0.145119
-0.00821103    0.112219   -0.030852   0.0297977
-0.00932212   -0.030852   0.0897756   0.0154766
   0.145119   0.0297977   0.0154766    0.416459
IMAGINARY
          0  0.00539153 -0.00143953 -0.00383042
-0.00539153           0 -0.00248271  -0.0240459
 0.00143953  0.00248271           0  -0.0151003
 0.00383042   0.0240459   0.0151003           0
Repeater1[0]<--->HoM1[0]
REAL
   0.429975   0.0145529 -0.00182065    0.137336
  0.0145529    0.105651   0.0107622  0.00317935
-0.00182065   0.0107622   0.0958231  -0.0254225
   0.137336  0.00317935  -0.0254225     0.36855
IMAGINARY
          0  0.00280881   0.0234413  -0.0119943
-0.00280881           0   0.0156439  0.00103418
 -0.0234413  -0.0156439           0   0.0048835
  0.0119943 -0.00103418  -0.0048835           0
EndNode1[0]<--->Repeater1[0]
REAL
   0.384615 -0.00576425  0.00296932    0.124737
-0.00576425    0.116037  -0.0138469 -0.00363333
 0.00296932  -0.0138469   0.0977836  -0.0227882
   0.124737 -0.00363333  -0.0227882    0.401565
IMAGINARY
          0 -0.00546237   0.0204871  0.00936734
 0.00546237           0 -0.00537797   0.0179745
 -0.0204871  0.00537797           0 -0.00613714
-0.00936734  -0.0179745  0.00613714           0
EndNode2[0]<--->HoM1[0]
REAL
   0.42532 -0.0225578   0.013209   0.111976
-0.0225578  0.0924609 -0.0122282 -0.0182595
  0.013209 -0.0122282  0.0995733 -0.0115331
  0.111976 -0.0182595 -0.0115331   0.382646
IMAGINARY
          0 -0.00441582   0.0226252   0.0199984
 0.00441582           0 -0.00851876  -0.0117972
 -0.0226252  0.00851876           0   0.0254349
 -0.0199984   0.0117972  -0.0254349           0
Repeater1[0]<--->EndNode1[0]
REAL
   0.384615  0.00296932 -0.00576425    0.124737
 0.00296932   0.0977836  -0.0138469  -0.0227882
-0.00576425  -0.0138469    0.116037 -0.00363333
   0.124737  -0.0227882 -0.00363333    0.401565
IMAGINARY
          0   0.0204871 -0.00546237  0.00936734
 -0.0204871           0  0.00537797 -0.00613714
 0.00546237 -0.00537797           0   0.0179745
-0.00936734  0.00613714  -0.0179745           0
Repeater1[0]<--->HoM1[0]
REAL
   0.42532   0.013209 -0.0225578   0.111976
  0.013209  0.0995733 -0.0122282 -0.0115331
-0.0225578 -0.0122282  0.0924609 -0.0182595
  0.111976 -0.0115331 -0.0182595   0.382646
IMAGINARY
          0   0.0226252 -0.00441582   0.0199984
 -0.0226252           0  0.00851876   0.0254349
 0.00441582 -0.00851876           0  -0.0117972
 -0.0199984  -0.0254349   0.0117972           0
EndNode1[0]<--->Repeater1[0]
REAL
   0.386126   0.0101198    0.006712    0.115916
  0.0101198    0.109948  -0.0148727 -0.00214876
   0.006712  -0.0148727   0.0955497  0.00748126
   0.115916 -0.00214876  0.00748126    0.408377
IMAGINARY
           0  -0.00263538  -0.00620423    0.0129964
  0.00263538            0  0.000801256 -0.000679371
  0.00620423 -0.000801256            0    0.0282925
  -0.0129964  0.000679371   -0.0282925            0
EndNode2[0]<--->HoM1[0]
REAL
   0.427657 -0.00168018  -0.0164543    0.114888
-0.00168018   0.0857875    0.014888 -0.00528481
 -0.0164543    0.014888    0.102433 -0.00556619
   0.114888 -0.00528481 -0.00556619    0.384123
IMAGINARY
          0   0.0101976  0.00219573  0.00982222
 -0.0101976           0 -0.00525899 -0.00219573
-0.00219573  0.00525899           0 -0.00471812
-0.00982222  0.00219573  0.00471812           0
Repeater1[0]<--->EndNode1[0]
REAL
   0.386126    0.006712   0.0101198    0.115916
   0.006712   0.0955497  -0.0148727  0.00748126
  0.0101198  -0.0148727    0.109948 -0.00214876
   0.115916  0.00748126 -0.00214876    0.408377
IMAGINARY
           0  -0.00620423  -0.00263538    0.0129964
  0.00620423            0 -0.000801256    0.0282925
  0.00263538  0.000801256            0 -0.000679371
  -0.0129964   -0.0282925  0.000679371            0
Repeater1[0]<--->HoM1[0]
REAL
   0.427657  -0.0164543 -0.00168018    0.114888
 -0.0164543    0.102433    0.014888 -0.00556619
-0.00168018    0.014888   0.0857875 -0.00528481
   0.114888 -0.00556619 -0.00528481    0.384123
IMAGINARY
          0  0.00219573   0.0101976  0.00982222
-0.00219573           0  0.00525899 -0.00471812
 -0.0101976 -0.00525899           0 -0.00219573
-0.00982222  0.00471812  0.00219573           0
EndNode1[0]<--->Repeater1[0]
REAL
   0.396158   0.0183663 -0.00726474   0.0962423
  0.0183663    0.105642 -0.00882095    0.014183
-0.00726474 -0.00882095     0.12605  -0.0039009
  0.0962423    0.014183  -0.0039009    0.372149
IMAGINARY
          0   0.0246358  0.00874478   -0.018205
 -0.0246358           0   0.0100969  -0.0226688
-0.00874478  -0.0100969           0    0.012073
   0.018205   0.0226688   -0.012073           0
EndNode2[0]<--->HoM1[0]
REAL
   0.385943  0.00225474 -0.00209341     0.12203
 0.00225474    0.102343 0.000878676   0.0168939
-0.00209341 0.000878676    0.127004 -0.00161124
    0.12203   0.0168939 -0.00161124     0.38471
IMAGINARY
           0   -0.0308467  0.000524486  -0.00761238
   0.0308467            0  -0.00882597   0.00549961
-0.000524486   0.00882597            0   -0.0166767
  0.00761238  -0.00549961    0.0166767            0
Repeater1[0]<--->EndNode1[0]
REAL
   0.396158 -0.00726474   0.0183663   0.0962423
-0.00726474     0.12605 -0.00882095  -0.0039009
  0.0183663 -0.00882095    0.105642    0.014183
  0.0962423  -0.0039009    0.014183    0.372149
IMAGINARY
          0  0.00874478   0.0246358   -0.018205
-0.00874478           0  -0.0100969    0.012073
 -0.0246358   0.0100969           0  -0.0226688
   0.018205   -0.012073   0.0226688           0
Repeater1[0]<--->HoM1[0]
REAL
   0.385943 -0.00209341  0.00225474     0.12203
-0.00209341    0.127004 0.000878676 -0.00161124
 0.00225474 0.000878676    0.102343   0.0168939
    0.12203 -0.00161124   0.0168939     0.38471
IMAGINARY
           0  0.000524486   -0.0308467  -0.00761238
-0.000524486            0   0.00882597   -0.0166767
   0.0308467  -0.00882597            0   0.00549961
  0.00761238    0.0166767  -0.00549961            0
EndNode1[0]<--->Repeater1[0]
REAL
   0.414665  -0.0219838 -0.00542599    0.124573
 -0.0219838    0.108723 -0.00422525   -0.010703
-0.00542599 -0.00422525    0.101138 0.000892003
   0.124573   -0.010703 0.000892003    0.375474
IMAGINARY
          0 -0.00949282  -0.0139303  -0.0205259
 0.00949282           0  0.00220133   0.0185538
  0.0139303 -0.00220133           0 -0.00437773
  0.0205259  -0.0185538  0.00437773           0
EndNode2[0]<--->HoM1[0]
REAL
   0.413233  -0.0296197  -0.0240287    0.104282
 -0.0296197   0.0861423  -0.0100794  -0.0227434
 -0.0240287  -0.0100794    0.093633 -0.00134208
   0.104282  -0.0227434 -0.00134208    0.406991
IMAGINARY
          0  0.00473197   0.0132345  0.00873473
-0.00473197           0 -0.00743603   -0.010575
 -0.0132345  0.00743603           0   0.0112255
-0.00873473    0.010575  -0.0112255           0
Repeater1[0]<--->EndNode1[0]
REAL
   0.414665 -0.00542599  -0.0219838    0.124573
-0.00542599    0.101138 -0.00422525 0.000892003
 -0.0219838 -0.00422525    0.108723   -0.010703
   0.124573 0.000892003   -0.010703    0.375474
IMAGINARY
          0  -0.0139303 -0.00949282  -0.0205259
  0.0139303           0 -0.00220133 -0.00437773
 0.00949282  0.00220133           0   0.0185538
  0.0205259  0.00437773  -0.0185538           0
Repeater1[0]<--->HoM1[0]
REAL
   0.413233  -0.0240287  -0.0296197    0.104282
 -0.0240287    0.093633  -0.0100794 -0.00134208
 -0.0296197  -0.0100794   0.0861423  -0.0227434
   0.104282 -0.00134208  -0.0227434    0.406991
IMAGINARY
          0   0.0132345  0.00473197  0.00873473
 -0.0132345           0  0.00743603   0.0112255
-0.00473197 -0.00743603           0   -0.010575
-0.00873473  -0.0112255    0.010575           0
EndNode1[0]<--->Repeater1[0]
REAL
   0.403439 0.000518716   0.0122643    0.114038
0.000518716    0.100529   0.0112814 -0.00587043
  0.0122643   0.0112814    0.136243   -0.015864
   0.114038 -0.00587043   -0.015864    0.359788
IMAGINARY
           0   0.00711881   0.00348845  -0.00809622
 -0.00711881            0   -0.0133046  0.000270948
 -0.00348845    0.0133046            0  -0.00210628
  0.00809622 -0.000270948   0.00210628            0
EndNode2[0]<--->HoM1[0]
REAL
   0.417738 -0.00855176 -0.00574529    0.135303
-0.00855176    0.102828  0.00172479 -0.00704399
-0.00574529  0.00172479    0.102828 0.000634589
   0.135303 -0.00704399 0.000634589    0.376607
IMAGINARY
         0 -0.0177696 -0.0121098  0.0196428
 0.0177696          0  0.0107369  -0.022204
 0.0121098 -0.0107369          0 -0.0177696
-0.0196428   0.022204  0.0177696          0
Repeater1[0]<--->EndNode1[0]
REAL
   0.403439   0.0122643 0.000518716    0.114038
  0.0122643    0.136243   0.0112814   -0.015864
0.000518716   0.0112814    0.100529 -0.00587043
   0.114038   -0.015864 -0.00587043    0.359788
IMAGINARY
           0   0.00348845   0.00711881  -0.00809622
 -0.00348845            0    0.0133046  -0.00210628
 -0.00711881   -0.0133046            0  0.000270948
  0.00809622   0.00210628 -0.000270948            0
Repeater1[0]<--->HoM1[0]
REAL
   0.417738 -0.00574529 -0.00855176    0.135303
-0.00574529    0.102828  0.00172479 0.000634589
-0.00855176  0.00172479    0.102828 -0.00704399
   0.135303 0.000634589 -0.00704399    0.376607
IMAGINARY
         0 -0.0121098 -0.0177696  0.0196428
 0.0121098          0 -0.0107369 -0.0177696
 0.0177696  0.0107369          0  -0.022204
-0.0196428  0.0177696   0.022204          0
EndNode1[0]<--->Repeater1[0]
REAL
   0.383657 -0.00414293 -0.00668819     0.10605
-0.00414293    0.113573   0.0105723 -0.00403567
-0.00668819   0.0105723    0.114958  -0.0146238
    0.10605 -0.00403567  -0.0146238    0.387812
IMAGINARY
          0 -0.00821659  0.00482088  -0.0113582
 0.00821659           0  -0.0235847   0.0140233
-0.00482088   0.0235847           0   0.0119854
  0.0113582  -0.0140233  -0.0119854           0
EndNode2[0]<--->HoM1[0]
REAL
    0.42623  0.00304361  -0.0175192    0.128298
 0.00304361   0.0958386   0.0288079  -0.0118158
 -0.0175192   0.0288079   0.0933165 -0.00499928
   0.128298  -0.0118158 -0.00499928    0.384615
IMAGINARY
          0   -0.017229  0.00337111 -0.00936264
   0.017229           0   0.0080503    0.011935
-0.00337111  -0.0080503           0  -0.0184853
 0.00936264   -0.011935   0.0184853           0
Repeater1[0]<--->EndNode1[0]
REAL
   0.383657 -0.00668819 -0.00414293     0.10605
-0.00668819    0.114958   0.0105723  -0.0146238
-0.00414293   0.0105723    0.113573 -0.00403567
    0.10605  -0.0146238 -0.00403567    0.387812
IMAGINARY
          0  0.00482088 -0.00821659  -0.0113582
-0.00482088           0   0.0235847   0.0119854
 0.00821659  -0.0235847           0   0.0140233
  0.0113582  -0.0119854  -0.0140233           0
Repeater1[0]<--->HoM1[0]
REAL
    0.42623  -0.0175192  0.00304361    0.128298
 -0.0175192   0.0933165   0.0288079 -0.00499928
 0.00304361   0.0288079   0.0958386  -0.0118158
   0.128298 -0.00499928  -0.0118158    0.384615
IMAGINARY
          0  0.00337111   -0.017229 -0.00936264
-0.00337111           0  -0.0080503  -0.0184853
   0.017229   0.0080503           0    0.011935
 0.00936264   0.0184853   -0.011935           0
EndNode1[0]<--->Repeater1[0]
REAL
    0.443137      0.02264   0.00952115       0.1083
     0.02264    0.0954248   -0.0186228    0.0440272
  0.00952115   -0.0186228     0.115033 -5.93707e-05
      0.1083    0.0440272 -5.93707e-05     0.346405
IMAGINARY
           0    0.0192459    0.0190725  -0.00700557
  -0.0192459            0  0.000628018   0.00144029
  -0.0190725 -0.000628018            0    0.0179336
  0.00700557  -0.00144029   -0.0179336            0
EndNode2[0]<--->HoM1[0]
REAL
   0.403599   0.0137273  -0.0340478      0.1123
  0.0137273    0.109254 -0.00520043  0.00895603
 -0.0340478 -0.00520043   0.0848329 -0.00577134
     0.1123  0.00895603 -0.00577134    0.402314
IMAGINARY
          0   0.0201596  0.00474647  0.00726526
 -0.0201596           0  0.00853752  0.00025353
-0.00474647 -0.00853752           0   0.0148404
-0.00726526 -0.00025353  -0.0148404           0
Repeater1[0]<--->EndNode1[0]
REAL
    0.443137   0.00952115      0.02264       0.1083
  0.00952115     0.115033   -0.0186228 -5.93707e-05
     0.02264   -0.0186228    0.0954248    0.0440272
      0.1083 -5.93707e-05    0.0440272     0.346405
IMAGINARY
           0    0.0190725    0.0192459  -0.00700557
  -0.0190725            0 -0.000628018    0.0179336
  -0.0192459  0.000628018            0   0.00144029
  0.00700557   -0.0179336  -0.00144029            0
Repeater1[0]<--->HoM1[0]
REAL
   0.403599  -0.0340478   0.0137273      0.1123
 -0.0340478   0.0848329 -0.00520043 -0.00577134
  0.0137273 -0.00520043    0.109254  0.00895603
     0.1123 -0.00577134  0.00895603    0.402314
IMAGINARY
          0  0.00474647   0.0201596  0.00726526
-0.00474647           0 -0.00853752   0.0148404
 -0.0201596  0.00853752           0  0.00025353
-0.00726526  -0.0148404 -0.00025353           0
EndNode1[0]<--->Repeater1[0]
REAL
   0.394805  0.00113996 -0.00335696    0.120647
 0.00113996   0.0896104 -0.00483563  0.00405044
-0.00335696 -0.00483563         0.1   0.0286797
   0.120647  0.00405044   0.0286797    0.415584
IMAGINARY
          0 -0.00515686  0.00344942  0.00724638
 0.00515686           0 -0.00263505 -0.00924093
-0.00344942  0.00263505           0 -0.00578265
-0.00724638  0.00924093  0.00578265           0
EndNode2[0]<--->HoM1[0]
REAL
   0.419231 0.000289112 2.88469e-05    0.148034
0.000289112    0.105128  0.00690504   0.0155327
2.88469e-05  0.00690504    0.103846  0.00850656
   0.148034   0.0155327  0.00850656    0.371795
IMAGINARY
           0   -0.0196798   -0.0128754   0.00478588
   0.0196798            0  -0.00663544  0.000778661
   0.0128754   0.00663544            0   0.00892714
 -0.00478588 -0.000778661  -0.00892714            0
Repeater1[0]<--->EndNode1[0]
REAL
   0.394805 -0.00335696  0.00113996    0.120647
-0.00335696         0.1 -0.00483563   0.0286797
 0.00113996 -0.00483563   0.0896104  0.00405044
   0.120647   0.0286797  0.00405044    0.415584
IMAGINARY
          0  0.00344942 -0.00515686  0.00724638
-0.00344942           0  0.00263505 -0.00578265
 0.00515686 -0.00263505           0 -0.00924093
-0.00724638  0.00578265  0.00924093           0
Repeater1[0]<--->HoM1[0]
REAL
   0.419231 2.88469e-05 0.000289112    0.148034
2.88469e-05    0.103846  0.00690504  0.00850656
0.000289112  0.00690504    0.105128   0.0155327
   0.148034  0.00850656   0.0155327    0.371795
IMAGINARY
           0   -0.0128754   -0.0196798   0.00478588
   0.0128754            0   0.00663544   0.00892714
   0.0196798  -0.00663544            0  0.000778661
 -0.00478588  -0.00892714 -0.000778661            0
EndNode1[0]<--->Repeater1[0]
REAL
    0.363178    0.0134152  -0.00720102     0.110138
   0.0134152     0.107188 -0.000414358   -0.0105388
 -0.00720102 -0.000414358      0.12232   0.00169647
    0.110138   -0.0105388   0.00169647     0.407314
IMAGINARY
          0  -0.0103176 -0.00118758 -0.00573052
  0.0103176           0   0.0319181 -0.00509383
 0.00118758  -0.0319181           0  -0.0185768
 0.00573052  0.00509383   0.0185768           0
EndNode2[0]<--->HoM1[0]
REAL
   0.419753  -0.0226043 -0.00192476     0.12954
 -0.0226043    0.108642  -0.0072062  -0.0150138
-0.00192476  -0.0072062    0.107407  -0.0382489
    0.12954  -0.0150138  -0.0382489    0.364198
IMAGINARY
          0 -0.00276578   0.0277538 -0.00697485
 0.00276578           0  -0.0101354   0.0220359
 -0.0277538   0.0101354           0  -0.0147658
 0.00697485  -0.0220359   0.0147658           0
Repeater1[0]<--->EndNode1[0]
REAL
    0.363178  -0.00720102    0.0134152     0.110138
 -0.00720102      0.12232 -0.000414358   0.00169647
   0.0134152 -0.000414358     0.107188   -0.0105388
    0.110138   0.00169647   -0.0105388     0.407314
IMAGINARY
          0 -0.00118758  -0.0103176 -0.00573052
 0.00118758           0  -0.0319181  -0.0185768
  0.0103176   0.0319181           0 -0.00509383
 0.00573052   0.0185768  0.00509383           0
Repeater1[0]<--->HoM1[0]
REAL
   0.419753 -0.00192476  -0.0226043     0.12954
-0.00192476    0.107407  -0.0072062  -0.0382489
 -0.0226043  -0.0072062    0.108642  -0.0150138
    0.12954  -0.0382489  -0.0150138    0.364198
IMAGINARY
          0   0.0277538 -0.00276578 -0.00697485
 -0.0277538           0   0.0101354  -0.0147658
 0.00276578  -0.0101354           0   0.0220359
 0.00697485   0.0147658  -0.0220359           0
EndNode1[0]<--->Repeater1[0]
REAL
   0.411921  0.00763323   0.0246915     0.12345
 0.00763323   0.0834437 -0.00235635 -0.00906648
  0.0246915 -0.00235635   0.0993377   0.0197105
    0.12345 -0.00906648   0.0197105    0.405298
IMAGINARY
          0   0.0163494  -0.0172241  0.00799437
 -0.0163494           0   0.0111872 -0.00406621
  0.0172241  -0.0111872           0   0.0307473
-0.00799437  0.00406621  -0.0307473           0
EndNode2[0]<--->HoM1[0]
REAL
