EndNode1[0]<--->Repeater1[0]
REAL
   0.465409 -0.00408211   0.0121693    0.162223
-0.00408211   0.0754717  0.00179835   0.0010582
  0.0121693  0.00179835    0.072956  -0.0091454
   0.162223   0.0010582  -0.0091454    0.386164
IMAGINARY
           0  -0.00126833    0.0270632   0.00732847
  0.00126833            0  0.000608039    0.0122627
  -0.0270632 -0.000608039            0 -0.000604324
 -0.00732847   -0.0122627  0.000604324            0
EndNode2[0]<--->HoM1[0]
REAL
      0.415 -0.00596282   0.0165586    0.148341
-0.00596282     0.07375  0.00575534  -0.0029045
  0.0165586  0.00575534       0.085  0.00401224
   0.148341  -0.0029045  0.00401224     0.42625
IMAGINARY
          0  -0.0232152  -0.0213759   0.0164141
  0.0232152           0  -0.0164141  0.00299824
  0.0213759   0.0164141           0   0.0213141
 -0.0164141 -0.00299824  -0.0213141           0
Repeater1[0]<--->EndNode1[0]
REAL
   0.465409   0.0121693 -0.00408211    0.162223
  0.0121693    0.072956  0.00179835  -0.0091454
-0.00408211  0.00179835   0.0754717   0.0010582
   0.162223  -0.0091454   0.0010582    0.386164
IMAGINARY
           0    0.0270632  -0.00126833   0.00732847
  -0.0270632            0 -0.000608039 -0.000604324
  0.00126833  0.000608039            0    0.0122627
 -0.00732847  0.000604324   -0.0122627            0
Repeater1[0]<--->HoM1[0]
REAL
      0.415   0.0165586 -0.00596282    0.148341
  0.0165586       0.085  0.00575534  0.00401224
-0.00596282  0.00575534     0.07375  -0.0029045
   0.148341  0.00401224  -0.0029045     0.42625
IMAGINARY
          0  -0.0213759  -0.0232152   0.0164141
  0.0213759           0   0.0164141   0.0213141
  0.0232152  -0.0164141           0  0.00299824
 -0.0164141  -0.0213141 -0.00299824           0
EndNode1[0]<--->Repeater1[0]
REAL
   0.397078  -0.0168256 -0.00547634    0.165522
 -0.0168256   0.0876494 -0.00373902 -0.00612317
-0.00547634 -0.00373902   0.0730412 -0.00820492
   0.165522 -0.00612317 -0.00820492    0.442231
IMAGINARY
          0 -0.00869241   0.0144261  0.00762815
 0.00869241           0   0.0116282  -0.0059955
 -0.0144261  -0.0116282           0 -0.00622328
-0.00762815   0.0059955  0.00622328           0
EndNode2[0]<--->HoM1[0]
REAL
    0.42707  -0.0126023  0.00276889    0.170725
 -0.0126023    0.065703 -0.00448911 -0.00600304
 0.00276889 -0.00448911   0.0749014  0.00160614
   0.170725 -0.00600304  0.00160614    0.432326
IMAGINARY
          0 -0.00887055   0.0112051 -0.00724138
 0.00887055           0 -0.00724138 -0.00326859
 -0.0112051  0.00724138           0  0.00581805
 0.00724138  0.00326859 -0.00581805           0
Repeater1[0]<--->EndNode1[0]
REAL
   0.397078 -0.00547634  -0.0168256    0.165522
-0.00547634   0.0730412 -0.00373902 -0.00820492
 -0.0168256 -0.00373902   0.0876494 -0.00612317
   0.165522 -0.00820492 -0.00612317    0.442231
IMAGINARY
          0   0.0144261 -0.00869241  0.00762815
 -0.0144261           0  -0.0116282 -0.00622328
 0.00869241   0.0116282           0  -0.0059955
-0.00762815  0.00622328   0.0059955           0
Repeater1[0]<--->HoM1[0]
REAL
    0.42707  0.00276889  -0.0126023    0.170725
 0.00276889   0.0749014 -0.00448911  0.00160614
 -0.0126023 -0.00448911    0.065703 -0.00600304
   0.170725  0.00160614 -0.00600304    0.432326
IMAGINARY
          0   0.0112051 -0.00887055 -0.00724138
 -0.0112051           0  0.00724138  0.00581805
 0.00887055 -0.00724138           0 -0.00326859
 0.00724138 -0.00581805  0.00326859           0
EndNode1[0]<--->Repeater1[0]
REAL
   0.403718   0.0258081 -0.00377305    0.168714
  0.0258081    0.102258  -0.0020475  0.00578109
-0.00377305  -0.0020475   0.0849934  0.00163504
   0.168714  0.00578109  0.00163504    0.409031
IMAGINARY
           0    0.0256444  -0.00887086     0.025743
  -0.0256444            0    0.0137632   0.00518536
  0.00887086   -0.0137632            0  0.000154165
   -0.025743  -0.00518536 -0.000154165            0
EndNode2[0]<--->HoM1[0]
REAL
   0.429772  -0.0244249  -0.0245272    0.172857
 -0.0244249   0.0864346 -0.00538096   -0.016735
 -0.0245272 -0.00538096   0.0876351  0.00743463
   0.172857   -0.016735  0.00743463    0.396158
IMAGINARY
           0  1.28541e-05    -0.012907   0.00356974
-1.28541e-05            0  -0.00931686  -0.00244678
    0.012907   0.00931686            0  0.000654703
 -0.00356974   0.00244678 -0.000654703            0
Repeater1[0]<--->EndNode1[0]
REAL
   0.403718 -0.00377305   0.0258081    0.168714
-0.00377305   0.0849934  -0.0020475  0.00163504
  0.0258081  -0.0020475    0.102258  0.00578109
   0.168714  0.00163504  0.00578109    0.409031
IMAGINARY
           0  -0.00887086    0.0256444     0.025743
  0.00887086            0   -0.0137632  0.000154165
  -0.0256444    0.0137632            0   0.00518536
   -0.025743 -0.000154165  -0.00518536            0
Repeater1[0]<--->HoM1[0]
REAL
   0.429772  -0.0245272  -0.0244249    0.172857
 -0.0245272   0.0876351 -0.00538096  0.00743463
 -0.0244249 -0.00538096   0.0864346   -0.016735
   0.172857  0.00743463   -0.016735    0.396158
IMAGINARY
           0    -0.012907  1.28541e-05   0.00356974
    0.012907            0   0.00931686  0.000654703
-1.28541e-05  -0.00931686            0  -0.00244678
 -0.00356974 -0.000654703   0.00244678            0
EndNode1[0]<--->Repeater1[0]
REAL
   0.440655  -0.0198475  -0.0160028    0.153002
 -0.0198475   0.0777626 -0.00861388  -0.0211977
 -0.0160028 -0.00861388   0.0750341 -0.00726473
   0.153002  -0.0211977 -0.00726473    0.406548
IMAGINARY
           0   0.00960183   0.00323609  0.000454545
 -0.00960183            0   -0.0171212  -0.00576134
 -0.00323609    0.0171212            0  -0.00202607
-0.000454545   0.00576134   0.00202607            0
EndNode2[0]<--->HoM1[0]
REAL
    0.439949 -0.000895586   -0.0130538     0.165467
-0.000895586    0.0745891  -0.00640826  -0.00620444
  -0.0130538  -0.00640826    0.0960809  -0.00837688
    0.165467  -0.00620444  -0.00837688     0.389381
IMAGINARY
           0   -0.0106671   0.00249049   0.00453285
   0.0106671            0  0.000856375    0.0170408
 -0.00249049 -0.000856375            0  -0.00105168
 -0.00453285   -0.0170408   0.00105168            0
Repeater1[0]<--->EndNode1[0]
REAL
   0.440655  -0.0160028  -0.0198475    0.153002
 -0.0160028   0.0750341 -0.00861388 -0.00726473
 -0.0198475 -0.00861388   0.0777626  -0.0211977
   0.153002 -0.00726473  -0.0211977    0.406548
IMAGINARY
           0   0.00323609   0.00960183  0.000454545
 -0.00323609            0    0.0171212  -0.00202607
 -0.00960183   -0.0171212            0  -0.00576134
-0.000454545   0.00202607   0.00576134            0
Repeater1[0]<--->HoM1[0]
REAL
    0.439949   -0.0130538 -0.000895586     0.165467
  -0.0130538    0.0960809  -0.00640826  -0.00837688
-0.000895586  -0.00640826    0.0745891  -0.00620444
    0.165467  -0.00837688  -0.00620444     0.389381
IMAGINARY
           0   0.00249049   -0.0106671   0.00453285
 -0.00249049            0 -0.000856375  -0.00105168
   0.0106671  0.000856375            0    0.0170408
 -0.00453285   0.00105168   -0.0170408            0
EndNode1[0]<--->Repeater1[0]
REAL
   0.444444   0.0101308 -0.00121309    0.173997
  0.0101308   0.0689655   0.0112364  -0.0091496
-0.00121309   0.0112364   0.0983397   0.0300247
   0.173997  -0.0091496   0.0300247     0.38825
IMAGINARY
          0    0.022096 -0.00195313  0.00139677
  -0.022096           0   0.0162355 -0.00195312
 0.00195313  -0.0162355           0   -0.022096
-0.00139677  0.00195312    0.022096           0
EndNode2[0]<--->HoM1[0]
REAL
   0.416667 0.000656168   0.0209733    0.187135
0.000656168   0.0758706 -0.00603267  0.00264872
  0.0209733 -0.00603267   0.0771144  -0.0203412
   0.187135  0.00264872  -0.0203412    0.430348
IMAGINARY
           0   0.00195082   0.00339459  0.000107273
 -0.00195082            0   -0.0145052   0.00467994
 -0.00339459    0.0145052            0    -0.018721
-0.000107273  -0.00467994     0.018721            0
Repeater1[0]<--->EndNode1[0]
REAL
   0.444444 -0.00121309   0.0101308    0.173997
-0.00121309   0.0983397   0.0112364   0.0300247
  0.0101308   0.0112364   0.0689655  -0.0091496
   0.173997   0.0300247  -0.0091496     0.38825
IMAGINARY
          0 -0.00195313    0.022096  0.00139677
 0.00195313           0  -0.0162355   -0.022096
  -0.022096   0.0162355           0 -0.00195312
-0.00139677    0.022096  0.00195312           0
Repeater1[0]<--->HoM1[0]
REAL
   0.416667   0.0209733 0.000656168    0.187135
  0.0209733   0.0771144 -0.00603267  -0.0203412
0.000656168 -0.00603267   0.0758706  0.00264872
   0.187135  -0.0203412  0.00264872    0.430348
IMAGINARY
           0   0.00339459   0.00195082  0.000107273
 -0.00339459            0    0.0145052    -0.018721
 -0.00195082   -0.0145052            0   0.00467994
-0.000107273     0.018721  -0.00467994            0
EndNode1[0]<--->Repeater1[0]
REAL
   0.416567  0.00596455   0.0113678     0.18774
 0.00596455   0.0756303  -0.0177397   0.0061322
  0.0113678  -0.0177397   0.0780312 -0.00846455
    0.18774   0.0061322 -0.00846455    0.429772
IMAGINARY
          0  -0.0140036 -0.00805015  0.00189186
  0.0140036           0  0.00119838 -0.00290876
 0.00805015 -0.00119838           0  -0.0257224
-0.00189186  0.00290876   0.0257224           0
EndNode2[0]<--->HoM1[0]
REAL
  0.401055  0.0237514  0.0153757   0.170157
 0.0237514  0.0699208  0.0013089  0.0173468
 0.0153757  0.0013089  0.0738786 0.00766225
  0.170157  0.0173468 0.00766225   0.455145
IMAGINARY
          0  0.00360197   -0.019835  0.00812928
-0.00360197           0      0.0174   0.0276884
   0.019835     -0.0174           0   0.0265027
-0.00812928  -0.0276884  -0.0265027           0
Repeater1[0]<--->EndNode1[0]
REAL
   0.416567   0.0113678  0.00596455     0.18774
  0.0113678   0.0780312  -0.0177397 -0.00846455
 0.00596455  -0.0177397   0.0756303   0.0061322
    0.18774 -0.00846455   0.0061322    0.429772
IMAGINARY
          0 -0.00805015  -0.0140036  0.00189186
 0.00805015           0 -0.00119838  -0.0257224
  0.0140036  0.00119838           0 -0.00290876
-0.00189186   0.0257224  0.00290876           0
Repeater1[0]<--->HoM1[0]
REAL
  0.401055  0.0153757  0.0237514   0.170157
 0.0153757  0.0738786  0.0013089 0.00766225
 0.0237514  0.0013089  0.0699208  0.0173468
  0.170157 0.00766225  0.0173468   0.455145
IMAGINARY
          0   -0.019835  0.00360197  0.00812928
   0.019835           0     -0.0174   0.0265027
-0.00360197      0.0174           0   0.0276884
-0.00812928  -0.0265027  -0.0276884           0
EndNode1[0]<--->Repeater1[0]
REAL
   0.435083   0.0303139     0.01606    0.180817
  0.0303139    0.070442 -0.00701358  -0.0210978
    0.01606 -0.00701358   0.0925414  0.00621005
   0.180817  -0.0210978  0.00621005    0.401934
IMAGINARY
          0 -0.00692202    0.017382 -0.00921372
 0.00692202           0   0.0132137  0.00113652
  -0.017382  -0.0132137           0  -0.0063055
 0.00921372 -0.00113652   0.0063055           0
EndNode2[0]<--->HoM1[0]
REAL
    0.424165   -0.0043543   0.00207028     0.181417
  -0.0043543    0.0784062   -0.0288749    0.0136682
  0.00207028   -0.0288749    0.0835476 -0.000488318
    0.181417    0.0136682 -0.000488318     0.413882
IMAGINARY
           0    0.0169661   0.00558887   0.00639683
  -0.0169661            0  -0.00770573   -0.0100361
 -0.00558887   0.00770573            0  0.000187612
 -0.00639683    0.0100361 -0.000187612            0
Repeater1[0]<--->EndNode1[0]
REAL
   0.435083     0.01606   0.0303139    0.180817
    0.01606   0.0925414 -0.00701358  0.00621005
  0.0303139 -0.00701358    0.070442  -0.0210978
   0.180817  0.00621005  -0.0210978    0.401934
IMAGINARY
          0    0.017382 -0.00692202 -0.00921372
  -0.017382           0  -0.0132137  -0.0063055
 0.00692202   0.0132137           0  0.00113652
 0.00921372   0.0063055 -0.00113652           0
Repeater1[0]<--->HoM1[0]
REAL
    0.424165   0.00207028   -0.0043543     0.181417
  0.00207028    0.0835476   -0.0288749 -0.000488318
  -0.0043543   -0.0288749    0.0784062    0.0136682
    0.181417 -0.000488318    0.0136682     0.413882
IMAGINARY
           0   0.00558887    0.0169661   0.00639683
 -0.00558887            0   0.00770573  0.000187612
  -0.0169661  -0.00770573            0   -0.0100361
 -0.00639683 -0.000187612    0.0100361            0
EndNode1[0]<--->Repeater1[0]
REAL
  0.405517  0.0154889   0.014092   0.165773
 0.0154889  0.0882759 -0.0132725 0.00465802
  0.014092 -0.0132725  0.0882759 -0.0117389
  0.165773 0.00465802 -0.0117389   0.417931
IMAGINARY
          0  -0.0013867 -0.00390934  0.00710594
  0.0013867           0  0.00710594  0.00656186
 0.00390934 -0.00710594           0 -0.00391834
-0.00710594 -0.00656186  0.00391834           0
EndNode2[0]<--->HoM1[0]
REAL
   0.415701 -0.00818907 -0.00105171    0.182125
-0.00818907   0.0746461 -0.00336887  0.00623306
-0.00105171 -0.00336887   0.0759331   0.0211424
   0.182125  0.00623306   0.0211424    0.433719
IMAGINARY
          0  0.00930845  0.00601546  0.00475256
-0.00930845           0  -0.0107606  -0.0105084
-0.00601546   0.0107606           0   0.0118726
-0.00475256   0.0105084  -0.0118726           0
Repeater1[0]<--->EndNode1[0]
REAL
  0.405517   0.014092  0.0154889   0.165773
  0.014092  0.0882759 -0.0132725 -0.0117389
 0.0154889 -0.0132725  0.0882759 0.00465802
  0.165773 -0.0117389 0.00465802   0.417931
IMAGINARY
          0 -0.00390934  -0.0013867  0.00710594
 0.00390934           0 -0.00710594 -0.00391834
  0.0013867  0.00710594           0  0.00656186
-0.00710594  0.00391834 -0.00656186           0
Repeater1[0]<--->HoM1[0]
REAL
   0.415701 -0.00105171 -0.00818907    0.182125
-0.00105171   0.0759331 -0.00336887   0.0211424
-0.00818907 -0.00336887   0.0746461  0.00623306
   0.182125   0.0211424  0.00623306    0.433719
IMAGINARY
          0  0.00601546  0.00930845  0.00475256
-0.00601546           0   0.0107606   0.0118726
-0.00930845  -0.0107606           0  -0.0105084
-0.00475256  -0.0118726   0.0105084           0
EndNode1[0]<--->Repeater1[0]
REAL
   0.420157 -0.00192623  0.00132033    0.178597
-0.00192623   0.0746073  -0.0094885 -0.00681484
 0.00132033  -0.0094885   0.0863874 -0.00723127
   0.178597 -0.00681484 -0.00723127    0.418848
IMAGINARY
          0  0.00742267   0.0192916 -0.00935332
-0.00742267           0   0.0272959  0.00145806
 -0.0192916  -0.0272959           0  -0.0241563
 0.00935332 -0.00145806   0.0241563           0
EndNode2[0]<--->HoM1[0]
REAL
  0.423913 0.00630779 -0.0153703   0.178722
0.00630779  0.0905797  0.0102796  0.0109455
-0.0153703  0.0102796  0.0821256 0.00696655
  0.178722  0.0109455 0.00696655   0.403382
IMAGINARY
          0  0.00468994 -0.00300873   0.0168193
-0.00468994           0 -0.00497723  0.00500607
 0.00300873  0.00497723           0 -0.00269261
 -0.0168193 -0.00500607  0.00269261           0
Repeater1[0]<--->EndNode1[0]
REAL
   0.420157  0.00132033 -0.00192623    0.178597
 0.00132033   0.0863874  -0.0094885 -0.00723127
-0.00192623  -0.0094885   0.0746073 -0.00681484
   0.178597 -0.00723127 -0.00681484    0.418848
IMAGINARY
          0   0.0192916  0.00742267 -0.00935332
 -0.0192916           0  -0.0272959  -0.0241563
-0.00742267   0.0272959           0  0.00145806
 0.00935332   0.0241563 -0.00145806           0
Repeater1[0]<--->HoM1[0]
REAL
  0.423913 -0.0153703 0.00630779   0.178722
-0.0153703  0.0821256  0.0102796 0.00696655
0.00630779  0.0102796  0.0905797  0.0109455
  0.178722 0.00696655  0.0109455   0.403382
IMAGINARY
          0 -0.00300873  0.00468994   0.0168193
 0.00300873           0  0.00497723 -0.00269261
-0.00468994 -0.00497723           0  0.00500607
 -0.0168193  0.00269261 -0.00500607           0
EndNode1[0]<--->Repeater1[0]
REAL
   0.408589  -0.0165472   0.0257897    0.188275
 -0.0165472   0.0773006  0.00993495  0.00745843
  0.0257897  0.00993495   0.0907975 -0.00135563
   0.188275  0.00745843 -0.00135563    0.423313
IMAGINARY
          0 -0.00511289  0.00581692   0.0122597
 0.00511289           0  -0.0049361  -0.0194356
-0.00581692   0.0049361           0  0.00316736
 -0.0122597   0.0194356 -0.00316736           0
EndNode2[0]<--->HoM1[0]
REAL
    0.426829    0.0121677   -0.0177292      0.18274
   0.0121677    0.0663957   -0.0221119     0.014106
  -0.0177292   -0.0221119    0.0934959 -9.03849e-05
     0.18274     0.014106 -9.03849e-05     0.413279
IMAGINARY
          0  -0.0059509  0.00404313  0.00262758
  0.0059509           0 -0.00389984  0.00404313
-0.00404313  0.00389984           0  0.00460319
-0.00262758 -0.00404313 -0.00460319           0
Repeater1[0]<--->EndNode1[0]
REAL
   0.408589   0.0257897  -0.0165472    0.188275
  0.0257897   0.0907975  0.00993495 -0.00135563
 -0.0165472  0.00993495   0.0773006  0.00745843
   0.188275 -0.00135563  0.00745843    0.423313
IMAGINARY
          0  0.00581692 -0.00511289   0.0122597
-0.00581692           0   0.0049361  0.00316736
 0.00511289  -0.0049361           0  -0.0194356
 -0.0122597 -0.00316736   0.0194356           0
Repeater1[0]<--->HoM1[0]
REAL
    0.426829   -0.0177292    0.0121677      0.18274
  -0.0177292    0.0934959   -0.0221119 -9.03849e-05
   0.0121677   -0.0221119    0.0663957     0.014106
     0.18274 -9.03849e-05     0.014106     0.413279
IMAGINARY
          0  0.00404313  -0.0059509  0.00262758
-0.00404313           0  0.00389984  0.00460319
  0.0059509 -0.00389984           0  0.00404313
-0.00262758 -0.00460319 -0.00404313           0
EndNode1[0]<--->Repeater1[0]
REAL
   0.414634  -0.0169993  0.00926514    0.186122
 -0.0169993   0.0756098  -0.0113143   0.0113004
 0.00926514  -0.0113143   0.0768293 -0.00999296
   0.186122   0.0113004 -0.00999296    0.432927
IMAGINARY
          0  0.00897521   0.0051928 -0.00457412
-0.00897521           0  -0.0104259  -0.0116031
 -0.0051928   0.0104259           0  -0.0128214
 0.00457412   0.0116031   0.0128214           0
EndNode2[0]<--->HoM1[0]
REAL
   0.412067 -0.00618994   0.0102971    0.162425
-0.00618994   0.0616175   0.0190957   0.0152599
  0.0102971   0.0190957   0.0949936   0.0278151
   0.162425   0.0152599   0.0278151    0.431322
IMAGINARY
          0 -0.00788957  -0.0023023  -0.0201832
 0.00788957           0  -0.0183825 -0.00100021
  0.0023023   0.0183825           0  0.00590806
  0.0201832  0.00100021 -0.00590806           0
Repeater1[0]<--->EndNode1[0]
REAL
   0.414634  0.00926514  -0.0169993    0.186122
 0.00926514   0.0768293  -0.0113143 -0.00999296
 -0.0169993  -0.0113143   0.0756098   0.0113004
   0.186122 -0.00999296   0.0113004    0.432927
IMAGINARY
          0   0.0051928  0.00897521 -0.00457412
 -0.0051928           0   0.0104259  -0.0128214
-0.00897521  -0.0104259           0  -0.0116031
 0.00457412   0.0128214   0.0116031           0
Repeater1[0]<--->HoM1[0]
REAL
   0.412067   0.0102971 -0.00618994    0.162425
  0.0102971   0.0949936   0.0190957   0.0278151
-0.00618994   0.0190957   0.0616175   0.0152599
   0.162425   0.0278151   0.0152599    0.431322
IMAGINARY
          0  -0.0023023 -0.00788957  -0.0201832
  0.0023023           0   0.0183825  0.00590806
 0.00788957  -0.0183825           0 -0.00100021
  0.0201832 -0.00590806  0.00100021           0
EndNode1[0]<--->Repeater1[0]
REAL
   0.436406  0.00114994 -0.00811483    0.147398
 0.00114994   0.0688448  -0.0292935   0.0201375
-0.00811483  -0.0292935   0.0956826  0.00521498
   0.147398   0.0201375  0.00521498    0.399067
IMAGINARY
          0   0.0255245  0.00370259   0.0204369
 -0.0255245           0 -0.00168695  -0.0312715
-0.00370259  0.00168695           0 -0.00798065
 -0.0204369   0.0312715  0.00798065           0
EndNode2[0]<--->HoM1[0]
REAL
    0.45953   0.0184835 -0.00195572    0.167124
  0.0184835   0.0626632  -0.0123466   0.0153315
-0.00195572  -0.0123466   0.0848564    0.008905
   0.167124   0.0153315    0.008905     0.39295
IMAGINARY
          0  0.00997563 -0.00949817 -0.00859788
-0.00997563           0 -0.00859788 -0.00440911
 0.00949817  0.00859788           0   0.0304217
 0.00859788  0.00440911  -0.0304217           0
Repeater1[0]<--->EndNode1[0]
REAL
   0.436406 -0.00811483  0.00114994    0.147398
-0.00811483   0.0956826  -0.0292935  0.00521498
 0.00114994  -0.0292935   0.0688448   0.0201375
   0.147398  0.00521498   0.0201375    0.399067
IMAGINARY
          0  0.00370259   0.0255245   0.0204369
-0.00370259           0  0.00168695 -0.00798065
 -0.0255245 -0.00168695           0  -0.0312715
 -0.0204369  0.00798065   0.0312715           0
Repeater1[0]<--->HoM1[0]
REAL
    0.45953 -0.00195572   0.0184835    0.167124
-0.00195572   0.0848564  -0.0123466    0.008905
  0.0184835  -0.0123466   0.0626632   0.0153315
   0.167124    0.008905   0.0153315     0.39295
IMAGINARY
          0 -0.00949817  0.00997563 -0.00859788
 0.00949817           0  0.00859788   0.0304217
-0.00997563 -0.00859788           0 -0.00440911
 0.00859788  -0.0304217  0.00440911           0
EndNode1[0]<--->Repeater1[0]
REAL
   0.422311  -0.0134615 -0.00183543    0.148377
 -0.0134615    0.063745 -0.00478741 -0.00585688
-0.00183543 -0.00478741   0.0810093  0.00320513
   0.148377 -0.00585688  0.00320513    0.432935
IMAGINARY
          0 -0.00949367   0.0129655 -0.00470065
 0.00949367           0  0.00212995 -0.00157308
 -0.0129655 -0.00212995           0   0.0056962
 0.00470065  0.00157308  -0.0056962           0
EndNode2[0]<--->HoM1[0]
REAL
   0.435339 -0.00563155  0.00596979    0.188792
-0.00563155   0.0729834  0.00873866   0.0125487
 0.00596979  0.00873866   0.0742638  0.00316242
   0.188792   0.0125487  0.00316242    0.417414
IMAGINARY
           0   -0.0088787 -0.000946539   -0.0127155
   0.0088787            0   -0.0160803   0.00697064
 0.000946539    0.0160803            0    0.0309671
   0.0127155  -0.00697064   -0.0309671            0
Repeater1[0]<--->EndNode1[0]
REAL
   0.422311 -0.00183543  -0.0134615    0.148377
-0.00183543   0.0810093 -0.00478741  0.00320513
 -0.0134615 -0.00478741    0.063745 -0.00585688
   0.148377  0.00320513 -0.00585688    0.432935
IMAGINARY
          0   0.0129655 -0.00949367 -0.00470065
 -0.0129655           0 -0.00212995   0.0056962
 0.00949367  0.00212995           0 -0.00157308
 0.00470065  -0.0056962  0.00157308           0
Repeater1[0]<--->HoM1[0]
REAL
   0.435339  0.00596979 -0.00563155    0.188792
 0.00596979   0.0742638  0.00873866  0.00316242
-0.00563155  0.00873866   0.0729834   0.0125487
   0.188792  0.00316242   0.0125487    0.417414
IMAGINARY
           0 -0.000946539   -0.0088787   -0.0127155
 0.000946539            0    0.0160803    0.0309671
   0.0088787   -0.0160803            0   0.00697064
   0.0127155   -0.0309671  -0.00697064            0
EndNode1[0]<--->Repeater1[0]
REAL
   0.407692 -0.00806452 -0.00143904    0.174432
-0.00806452   0.0820513 0.000760308   0.0142268
-0.00143904 0.000760308   0.0705128  0.00806452
   0.174432   0.0142268  0.00806452    0.439744
IMAGINARY
          0  -0.0119116   -0.014027   -0.015095
  0.0119116           0  0.00987303   0.0208255
   0.014027 -0.00987303           0  0.00758526
   0.015095  -0.0208255 -0.00758526           0
EndNode2[0]<--->HoM1[0]
REAL
   0.431619  -0.0223452   0.0139033     0.18562
 -0.0223452   0.0865747  -0.0052201   0.0191803
  0.0139033  -0.0052201   0.0752823 0.000497475
    0.18562   0.0191803 0.000497475    0.406524
IMAGINARY
           0  -0.00508906  -0.00850158 -0.000477888
  0.00508906            0  -0.00739613    0.0148629
  0.00850158   0.00739613            0  -0.00508906
 0.000477888   -0.0148629   0.00508906            0
Repeater1[0]<--->EndNode1[0]
REAL
   0.407692 -0.00143904 -0.00806452    0.174432
-0.00143904   0.0705128 0.000760308  0.00806452
-0.00806452 0.000760308   0.0820513   0.0142268
   0.174432  0.00806452   0.0142268    0.439744
IMAGINARY
          0   -0.014027  -0.0119116   -0.015095
   0.014027           0 -0.00987303  0.00758526
  0.0119116  0.00987303           0   0.0208255
   0.015095 -0.00758526  -0.0208255           0
Repeater1[0]<--->HoM1[0]
REAL
   0.431619   0.0139033  -0.0223452     0.18562
  0.0139033   0.0752823  -0.0052201 0.000497475
 -0.0223452  -0.0052201   0.0865747   0.0191803
    0.18562 0.000497475   0.0191803    0.406524
IMAGINARY
           0  -0.00850158  -0.00508906 -0.000477888
  0.00850158            0   0.00739613  -0.00508906
  0.00508906  -0.00739613            0    0.0148629
 0.000477888   0.00508906   -0.0148629            0
EndNode1[0]<--->Repeater1[0]
REAL
   0.393443 -0.00521837  -0.0122842    0.188338
-0.00521837   0.0996217  -0.0019399   0.0122842
 -0.0122842  -0.0019399   0.0844893  0.00899671
   0.188338   0.0122842  0.00899671    0.422446
IMAGINARY
           0   0.00258665   -0.0243421 -0.000794455
 -0.00258665            0    0.0115343 -0.000657895
   0.0243421   -0.0115343            0  -0.00675332
 0.000794455  0.000657895   0.00675332            0
EndNode2[0]<--->HoM1[0]
REAL
   0.434836  0.00597515  0.00565687    0.174711
 0.00597515   0.0767357 -0.00936198 -0.00104554
 0.00565687 -0.00936198   0.0864799   -0.011904
   0.174711 -0.00104554   -0.011904    0.401949
IMAGINARY
           0    0.0160915   -0.0163438  0.000640205
  -0.0160915            0   -0.0140845   -0.0202098
   0.0163438    0.0140845            0  -0.00564763
-0.000640205    0.0202098   0.00564763            0
Repeater1[0]<--->EndNode1[0]
REAL
   0.393443  -0.0122842 -0.00521837    0.188338
 -0.0122842   0.0844893  -0.0019399  0.00899671
-0.00521837  -0.0019399   0.0996217   0.0122842
   0.188338  0.00899671   0.0122842    0.422446
IMAGINARY
           0   -0.0243421   0.00258665 -0.000794455
   0.0243421            0   -0.0115343  -0.00675332
 -0.00258665    0.0115343            0 -0.000657895
 0.000794455   0.00675332  0.000657895            0
Repeater1[0]<--->HoM1[0]
REAL
   0.434836  0.00565687  0.00597515    0.174711
 0.00565687   0.0864799 -0.00936198   -0.011904
 0.00597515 -0.00936198   0.0767357 -0.00104554
   0.174711   -0.011904 -0.00104554    0.401949
IMAGINARY
           0   -0.0163438    0.0160915  0.000640205
   0.0163438            0    0.0140845  -0.00564763
  -0.0160915   -0.0140845            0   -0.0202098
-0.000640205   0.00564763    0.0202098            0
EndNode1[0]<--->Repeater1[0]
REAL
    0.420849   0.00551655  -0.00594151     0.170356
  0.00551655    0.0707851    0.0135818   0.00853218
 -0.00594151    0.0135818    0.0772201 -0.000335204
    0.170356   0.00853218 -0.000335204     0.431145
IMAGINARY
          0  -0.0044134  0.00364418   0.0101385
  0.0044134           0  0.00175138   0.0150655
-0.00364418 -0.00175138           0   0.0115102
 -0.0101385  -0.0150655  -0.0115102           0
EndNode2[0]<--->HoM1[0]
REAL
   0.429433  -0.0102987    0.011737    0.161595
 -0.0102987   0.0784077  0.00816584  -0.0104107
   0.011737  0.00816584   0.0675513 -0.00826893
   0.161595  -0.0104107 -0.00826893    0.424608
IMAGINARY
          0  0.00685374  -0.0151576   0.0017404
-0.00685374           0 -0.00816713 -0.00951145
  0.0151576  0.00816713           0   0.0250356
 -0.0017404  0.00951145  -0.0250356           0
Repeater1[0]<--->EndNode1[0]
REAL
    0.420849  -0.00594151   0.00551655     0.170356
 -0.00594151    0.0772201    0.0135818 -0.000335204
  0.00551655    0.0135818    0.0707851   0.00853218
    0.170356 -0.000335204   0.00853218     0.431145
IMAGINARY
          0  0.00364418  -0.0044134   0.0101385
-0.00364418           0 -0.00175138   0.0115102
  0.0044134  0.00175138           0   0.0150655
 -0.0101385  -0.0115102  -0.0150655           0
Repeater1[0]<--->HoM1[0]
REAL
   0.429433    0.011737  -0.0102987    0.161595
   0.011737   0.0675513  0.00816584 -0.00826893
 -0.0102987  0.00816584   0.0784077  -0.0104107
   0.161595 -0.00826893  -0.0104107    0.424608
IMAGINARY
          0  -0.0151576  0.00685374   0.0017404
  0.0151576           0  0.00816713   0.0250356
-0.00685374 -0.00816713           0 -0.00951145
 -0.0017404  -0.0250356  0.00951145           0
EndNode1[0]<--->Repeater1[0]
REAL
    0.431579    0.0231241  -0.00101002     0.190398
   0.0231241    0.0921053 -0.000911717   0.00223252
 -0.00101002 -0.000911717    0.0828947  -0.00234172
    0.190398   0.00223252  -0.00234172     0.393421
IMAGINARY
          0 -0.00585983   0.0236529   0.0171744
 0.00585983           0   0.0210909 -0.00354916
 -0.0236529  -0.0210909           0  -0.0038678
 -0.0171744  0.00354916   0.0038678           0
EndNode2[0]<--->HoM1[0]
REAL
   0.411168  0.00663475 0.000754332    0.192388
 0.00663475   0.0850254   0.0441917   0.0160996
0.000754332   0.0441917   0.0875635  0.00148011
   0.192388   0.0160996  0.00148011    0.416244
IMAGINARY
           0  -0.00134771    0.0138494   -0.0282414
  0.00134771            0  3.62534e-05   0.00805786
  -0.0138494 -3.62534e-05            0   0.00134771
   0.0282414  -0.00805786  -0.00134771            0
Repeater1[0]<--->EndNode1[0]
REAL
    0.431579  -0.00101002    0.0231241     0.190398
 -0.00101002    0.0828947 -0.000911717  -0.00234172
   0.0231241 -0.000911717    0.0921053   0.00223252
    0.190398  -0.00234172   0.00223252     0.393421
IMAGINARY
          0   0.0236529 -0.00585983   0.0171744
 -0.0236529           0  -0.0210909  -0.0038678
 0.00585983   0.0210909           0 -0.00354916
 -0.0171744   0.0038678  0.00354916           0
Repeater1[0]<--->HoM1[0]
REAL
   0.411168 0.000754332  0.00663475    0.192388
0.000754332   0.0875635   0.0441917  0.00148011
 0.00663475   0.0441917   0.0850254   0.0160996
   0.192388  0.00148011   0.0160996    0.416244
IMAGINARY
           0    0.0138494  -0.00134771   -0.0282414
  -0.0138494            0 -3.62534e-05   0.00134771
  0.00134771  3.62534e-05            0   0.00805786
   0.0282414  -0.00134771  -0.00805786            0
EndNode1[0]<--->Repeater1[0]
REAL
   0.436528  -0.0108646  -0.0073448    0.184667
 -0.0108646   0.0816062 -0.00930868 0.000174001
 -0.0073448 -0.00930868   0.0790155   0.0076051
   0.184667 0.000174001   0.0076051     0.40285
IMAGINARY
          0   0.0015691   0.0176369  -0.0124521
 -0.0015691           0  -0.0124521 -0.00438386
 -0.0176369   0.0124521           0  -0.0075932
  0.0124521  0.00438386   0.0075932           0
EndNode2[0]<--->HoM1[0]
REAL
   0.445963    0.012202 -0.00938857     0.14928
   0.012202   0.0881988  0.00254137   0.0087138
-0.00938857  0.00254137   0.0645963  -0.0155758
    0.14928   0.0087138  -0.0155758    0.401242
IMAGINARY
          0  0.00345858  -0.0145289  0.00625715
-0.00345858           0  -0.0232284  -0.0112863
  0.0145289   0.0232284           0   0.0142045
-0.00625715   0.0112863  -0.0142045           0
Repeater1[0]<--->EndNode1[0]
REAL
   0.436528  -0.0073448  -0.0108646    0.184667
 -0.0073448   0.0790155 -0.00930868   0.0076051
 -0.0108646 -0.00930868   0.0816062 0.000174001
   0.184667   0.0076051 0.000174001     0.40285
IMAGINARY
          0   0.0176369   0.0015691  -0.0124521
 -0.0176369           0   0.0124521  -0.0075932
 -0.0015691  -0.0124521           0 -0.00438386
  0.0124521   0.0075932  0.00438386           0
Repeater1[0]<--->HoM1[0]
REAL
   0.445963 -0.00938857    0.012202     0.14928
-0.00938857   0.0645963  0.00254137  -0.0155758
   0.012202  0.00254137   0.0881988   0.0087138
    0.14928  -0.0155758   0.0087138    0.401242
IMAGINARY
          0  -0.0145289  0.00345858  0.00625715
  0.0145289           0   0.0232284   0.0142045
-0.00345858  -0.0232284           0  -0.0112863
-0.00625715  -0.0142045   0.0112863           0
EndNode1[0]<--->Repeater1[0]
REAL
    0.44189    0.014974  0.00165775      0.1768
   0.014974   0.0804598  0.00288723 -0.00035567
 0.00165775  0.00288723   0.0664112    0.014974
     0.1768 -0.00035567    0.014974    0.411239
IMAGINARY
          0  -0.0218374    0.027757 -0.00748705
  0.0218374           0   -0.027487 -0.00481009
  -0.027757    0.027487           0   0.0182142
 0.00748705  0.00481009  -0.0182142           0
EndNode2[0]<--->HoM1[0]
REAL
   0.457026  0.00656995 0.000878443    0.173731
 0.00656995   0.0709413 0.000343489  -0.0132241
0.000878443 0.000343489   0.0886767 0.000837462
   0.173731  -0.0132241 0.000837462    0.383356
IMAGINARY
          0  0.00433298   0.0170871  0.00343281
-0.00433298           0  0.00159232 -0.00902257
 -0.0170871 -0.00159232           0  0.00238745
-0.00343281  0.00902257 -0.00238745           0
Repeater1[0]<--->EndNode1[0]
REAL
    0.44189  0.00165775    0.014974      0.1768
 0.00165775   0.0664112  0.00288723    0.014974
   0.014974  0.00288723   0.0804598 -0.00035567
     0.1768    0.014974 -0.00035567    0.411239
IMAGINARY
          0    0.027757  -0.0218374 -0.00748705
  -0.027757           0    0.027487   0.0182142
  0.0218374   -0.027487           0 -0.00481009
 0.00748705  -0.0182142  0.00481009           0
Repeater1[0]<--->HoM1[0]
REAL
   0.457026 0.000878443  0.00656995    0.173731
0.000878443   0.0886767 0.000343489 0.000837462
 0.00656995 0.000343489   0.0709413  -0.0132241
   0.173731 0.000837462  -0.0132241    0.383356
IMAGINARY
          0   0.0170871  0.00433298  0.00343281
 -0.0170871           0 -0.00159232  0.00238745
-0.00433298  0.00159232           0 -0.00902257
-0.00343281 -0.00238745  0.00902257           0
EndNode1[0]<--->Repeater1[0]
REAL
   0.409653  -0.0080872  0.00364919    0.188396
 -0.0080872   0.0915842   -0.012146 -0.00989919
 0.00364919   -0.012146   0.0730198   0.0080872
   0.188396 -0.00989919   0.0080872    0.425743
IMAGINARY
          0  -0.0353991  0.00888188 -0.00740415
  0.0353991           0 -0.00334853   0.0127983
-0.00888188  0.00334853           0  -0.0309966
 0.00740415  -0.0127983   0.0309966           0
EndNode2[0]<--->HoM1[0]
REAL
   0.446452  -0.0173315 -0.00481056    0.175527
 -0.0173315   0.0683871  -0.0113291  0.00604513
-0.00481056  -0.0113291   0.0683871  0.00128211
   0.175527  0.00604513  0.00128211    0.416774
IMAGINARY
           0   -0.0109387  -0.00193299   0.00578633
   0.0109387            0   0.00453004  -0.00966495
  0.00193299  -0.00453004            0  0.000629423
 -0.00578633   0.00966495 -0.000629423            0
Repeater1[0]<--->EndNode1[0]
REAL
   0.409653  0.00364919  -0.0080872    0.188396
 0.00364919   0.0730198   -0.012146   0.0080872
 -0.0080872   -0.012146   0.0915842 -0.00989919
   0.188396   0.0080872 -0.00989919    0.425743
IMAGINARY
          0  0.00888188  -0.0353991 -0.00740415
-0.00888188           0  0.00334853  -0.0309966
  0.0353991 -0.00334853           0   0.0127983
 0.00740415   0.0309966  -0.0127983           0
Repeater1[0]<--->HoM1[0]
REAL
   0.446452 -0.00481056  -0.0173315    0.175527
-0.00481056   0.0683871  -0.0113291  0.00128211
 -0.0173315  -0.0113291   0.0683871  0.00604513
   0.175527  0.00128211  0.00604513    0.416774
IMAGINARY
           0  -0.00193299   -0.0109387   0.00578633
  0.00193299            0  -0.00453004  0.000629423
   0.0109387   0.00453004            0  -0.00966495
 -0.00578633 -0.000629423   0.00966495            0
EndNode1[0]<--->Repeater1[0]
REAL
    0.40052   0.0133267 -0.00289649    0.168326
  0.0133267   0.0689207 -0.00806976   0.0131529
-0.00289649 -0.00806976   0.0936281  0.00333999
   0.168326   0.0131529  0.00333999    0.436931
IMAGINARY
           0   0.00103181   0.00206044   0.00905643
 -0.00103181            0 -1.24981e-05  -0.00206044
 -0.00206044  1.24981e-05            0  -0.00737699
 -0.00905643   0.00206044   0.00737699            0
EndNode2[0]<--->HoM1[0]
REAL
    0.434243    0.0013073   0.00246796     0.179579
   0.0013073    0.0781638  -0.00905141  -0.00439846
  0.00246796  -0.00905141    0.0831266 -0.000663795
    0.179579  -0.00439846 -0.000663795     0.404467
IMAGINARY
           0  0.000824638  0.000922975  -0.00623118
-0.000824638            0   -0.0088837   -0.0241788
-0.000922975    0.0088837            0    0.0211392
  0.00623118    0.0241788   -0.0211392            0
Repeater1[0]<--->EndNode1[0]
REAL
    0.40052 -0.00289649   0.0133267    0.168326
-0.00289649   0.0936281 -0.00806976  0.00333999
  0.0133267 -0.00806976   0.0689207   0.0131529
   0.168326  0.00333999   0.0131529    0.436931
IMAGINARY
           0   0.00206044   0.00103181   0.00905643
 -0.00206044            0  1.24981e-05  -0.00737699
 -0.00103181 -1.24981e-05            0  -0.00206044
 -0.00905643   0.00737699   0.00206044            0
Repeater1[0]<--->HoM1[0]
REAL
    0.434243   0.00246796    0.0013073     0.179579
  0.00246796    0.0831266  -0.00905141 -0.000663795
   0.0013073  -0.00905141    0.0781638  -0.00439846
    0.179579 -0.000663795  -0.00439846     0.404467
IMAGINARY
           0  0.000922975  0.000824638  -0.00623118
-0.000922975            0    0.0088837    0.0211392
-0.000824638   -0.0088837            0   -0.0241788
  0.00623118   -0.0211392    0.0241788            0
EndNode1[0]<--->Repeater1[0]
REAL
   0.432468   -0.015364 -0.00490574    0.174998
  -0.015364   0.0831169  0.00258404  -0.0290993
-0.00490574  0.00258404   0.0779221 -0.00856548
   0.174998  -0.0290993 -0.00856548    0.406494
IMAGINARY
           0   -0.0147116  0.000643682 -0.000179695
   0.0147116            0   0.00458221  -0.00187521
-0.000643682  -0.00458221            0  -0.00868746
 0.000179695   0.00187521   0.00868746            0
EndNode2[0]<--->HoM1[0]
REAL
   0.405096  -0.0335848 -0.00854816    0.177553
 -0.0335848   0.0815287  0.00575828 -0.00919166
-0.00854816  0.00575828   0.0840764   0.0224152
   0.177553 -0.00919166   0.0224152    0.429299
IMAGINARY
          0 -0.00728039   -0.023669 -0.00123349
 0.00728039           0 -0.00507964  -0.0109464
   0.023669  0.00507964           0  0.00856245
 0.00123349   0.0109464 -0.00856245           0
Repeater1[0]<--->EndNode1[0]
REAL
   0.432468 -0.00490574   -0.015364    0.174998
-0.00490574   0.0779221  0.00258404 -0.00856548
  -0.015364  0.00258404   0.0831169  -0.0290993
   0.174998 -0.00856548  -0.0290993    0.406494
IMAGINARY
           0  0.000643682   -0.0147116 -0.000179695
-0.000643682            0  -0.00458221  -0.00868746
   0.0147116   0.00458221            0  -0.00187521
 0.000179695   0.00868746   0.00187521            0
Repeater1[0]<--->HoM1[0]
REAL
   0.405096 -0.00854816  -0.0335848    0.177553
-0.00854816   0.0840764  0.00575828   0.0224152
 -0.0335848  0.00575828   0.0815287 -0.00919166
   0.177553   0.0224152 -0.00919166    0.429299
IMAGINARY
          0   -0.023669 -0.00728039 -0.00123349
   0.023669           0  0.00507964  0.00856245
 0.00728039 -0.00507964           0  -0.0109464
 0.00123349 -0.00856245   0.0109464           0
EndNode1[0]<--->Repeater1[0]
REAL
   0.419355 -0.00362126  -0.0117324    0.202292
-0.00362126   0.0682382  -0.0217552  0.00703438
 -0.0117324  -0.0217552   0.0918114 -0.00107673
   0.202292  0.00703438 -0.00107673    0.420596
IMAGINARY
           0   0.00436549  -0.00946187  0.000973478
 -0.00436549            0  -0.00163749     0.012747
  0.00946187   0.00163749            0    -0.015535
-0.000973478    -0.012747     0.015535            0
EndNode2[0]<--->HoM1[0]
REAL
    0.433081    0.0187714    0.0061889      0.16438
   0.0187714    0.0820707 -0.000455185    0.0190755
   0.0061889 -0.000455185    0.0896465     0.020594
     0.16438    0.0190755     0.020594     0.395202
IMAGINARY
           0  0.000965443    0.0035036  -0.00612627
-0.000965443            0  -0.00471384   0.00473816
  -0.0035036   0.00471384            0   -0.0119545
  0.00612627  -0.00473816    0.0119545            0
Repeater1[0]<--->EndNode1[0]
REAL
   0.419355  -0.0117324 -0.00362126    0.202292
 -0.0117324   0.0918114  -0.0217552 -0.00107673
-0.00362126  -0.0217552   0.0682382  0.00703438
   0.202292 -0.00107673  0.00703438    0.420596
IMAGINARY
           0  -0.00946187   0.00436549  0.000973478
  0.00946187            0   0.00163749    -0.015535
 -0.00436549  -0.00163749            0     0.012747
-0.000973478     0.015535    -0.012747            0
Repeater1[0]<--->HoM1[0]
REAL
    0.433081    0.0061889    0.0187714      0.16438
   0.0061889    0.0896465 -0.000455185     0.020594
   0.0187714 -0.000455185    0.0820707    0.0190755
     0.16438     0.020594    0.0190755     0.395202
IMAGINARY
           0    0.0035036  0.000965443  -0.00612627
  -0.0035036            0   0.00471384   -0.0119545
-0.000965443  -0.00471384            0   0.00473816
  0.00612627    0.0119545  -0.00473816            0
EndNode1[0]<--->Repeater1[0]
REAL
   0.397386   -0.011095  -0.0177978    0.178223
