EndNode1[0]<--->Repeater1[0]
REAL
   0.395225  -0.0105812 -0.00923578    0.323847
 -0.0105812   0.0835544  0.00218238  0.00591573
-0.00923578  0.00218238   0.0994695 -0.00734707
   0.323847  0.00591573 -0.00734707    0.421751
IMAGINARY
          0   0.0081213  0.00163915   0.0166365
 -0.0081213           0 -0.00235081 -0.00097865
-0.00163915  0.00235081           0  0.00046523
 -0.0166365  0.00097865 -0.00046523           0
EndNode2[0]<--->HoM1[0]
REAL
   0.407035  -0.0237606  -0.0242928    0.327123
 -0.0237606   0.0967337 -0.00727987  -0.0122607
 -0.0242928 -0.00727987   0.0866834  -0.0127929
   0.327123  -0.0122607  -0.0127929    0.409548
IMAGINARY
          0  -0.0127666   0.0130081   0.0165648
  0.0127666           0 -0.00288317  -0.0136499
 -0.0130081  0.00288317           0   0.0172595
 -0.0165648   0.0136499  -0.0172595           0
Repeater1[0]<--->EndNode1[0]
REAL
   0.395225 -0.00923578  -0.0105812    0.323847
-0.00923578   0.0994695  0.00218238 -0.00734707
 -0.0105812  0.00218238   0.0835544  0.00591573
   0.323847 -0.00734707  0.00591573    0.421751
IMAGINARY
          0  0.00163915   0.0081213   0.0166365
-0.00163915           0  0.00235081  0.00046523
 -0.0081213 -0.00235081           0 -0.00097865
 -0.0166365 -0.00046523  0.00097865           0
Repeater1[0]<--->HoM1[0]
REAL
   0.407035  -0.0242928  -0.0237606    0.327123
 -0.0242928   0.0866834 -0.00727987  -0.0127929
 -0.0237606 -0.00727987   0.0967337  -0.0122607
   0.327123  -0.0127929  -0.0122607    0.409548
IMAGINARY
          0   0.0130081  -0.0127666   0.0165648
 -0.0130081           0  0.00288317   0.0172595
  0.0127666 -0.00288317           0  -0.0136499
 -0.0165648  -0.0172595   0.0136499           0
EndNode1[0]<--->Repeater1[0]
REAL
   0.417414 -0.00913838   0.0148328    0.318071
-0.00913838   0.0870679 -0.00736572  -0.0213602
  0.0148328 -0.00736572   0.0960307 -0.00913838
   0.318071  -0.0213602 -0.00913838    0.399488
IMAGINARY
          0    0.026631   -0.014688  0.00702427
  -0.026631           0  -0.0102171 -0.00276833
   0.014688   0.0102171           0 -0.00917463
-0.00702427  0.00276833  0.00917463           0
EndNode2[0]<--->HoM1[0]
REAL
   0.380769   0.0293022  0.00958441     0.30127
  0.0293022         0.1  0.00397307    0.017257
 0.00958441  0.00397307    0.103846 -0.00995136
    0.30127    0.017257 -0.00995136    0.415385
IMAGINARY
           0   -0.0052734  -0.00958695 -0.000782296
   0.0052734            0   -0.0054677  -0.00392657
  0.00958695    0.0054677            0 -0.000132009
 0.000782296   0.00392657  0.000132009            0
Repeater1[0]<--->EndNode1[0]
REAL
   0.417414   0.0148328 -0.00913838    0.318071
  0.0148328   0.0960307 -0.00736572 -0.00913838
-0.00913838 -0.00736572   0.0870679  -0.0213602
   0.318071 -0.00913838  -0.0213602    0.399488
IMAGINARY
          0   -0.014688    0.026631  0.00702427
   0.014688           0   0.0102171 -0.00917463
  -0.026631  -0.0102171           0 -0.00276833
-0.00702427  0.00917463  0.00276833           0
Repeater1[0]<--->HoM1[0]
REAL
   0.380769  0.00958441   0.0293022     0.30127
 0.00958441    0.103846  0.00397307 -0.00995136
  0.0293022  0.00397307         0.1    0.017257
    0.30127 -0.00995136    0.017257    0.415385
IMAGINARY
           0  -0.00958695   -0.0052734 -0.000782296
  0.00958695            0    0.0054677 -0.000132009
   0.0052734   -0.0054677            0  -0.00392657
 0.000782296  0.000132009   0.00392657            0
EndNode1[0]<--->Repeater1[0]
REAL
   0.466667 -0.00993618  -0.0153278    0.317481
-0.00993618   0.0802721 0.000920714   0.0213811
 -0.0153278 0.000920714   0.0843537  0.00388291
   0.317481   0.0213811  0.00388291    0.368707
IMAGINARY
          0  0.00193917  -0.0105798  0.00759316
-0.00193917           0 -0.00363538 -0.00789158
  0.0105798  0.00363538           0  0.00379331
-0.00759316  0.00789158 -0.00379331           0
EndNode2[0]<--->HoM1[0]
REAL
   0.406369  -0.0117628  -0.0160419    0.308955
 -0.0117628   0.0955414 -0.00044442 -0.00961517
 -0.0160419 -0.00044442    0.103185  -0.0151458
   0.308955 -0.00961517  -0.0151458    0.394904
IMAGINARY
          0   0.0234798  -0.0222614   0.0185216
 -0.0234798           0 -0.00694755  -0.0195141
  0.0222614  0.00694755           0  0.00524082
 -0.0185216   0.0195141 -0.00524082           0
Repeater1[0]<--->EndNode1[0]
REAL
   0.466667  -0.0153278 -0.00993618    0.317481
 -0.0153278   0.0843537 0.000920714  0.00388291
-0.00993618 0.000920714   0.0802721   0.0213811
   0.317481  0.00388291   0.0213811    0.368707
IMAGINARY
          0  -0.0105798  0.00193917  0.00759316
  0.0105798           0  0.00363538  0.00379331
-0.00193917 -0.00363538           0 -0.00789158
-0.00759316 -0.00379331  0.00789158           0
Repeater1[0]<--->HoM1[0]
REAL
   0.406369  -0.0160419  -0.0117628    0.308955
 -0.0160419    0.103185 -0.00044442  -0.0151458
 -0.0117628 -0.00044442   0.0955414 -0.00961517
   0.308955  -0.0151458 -0.00961517    0.394904
IMAGINARY
          0  -0.0222614   0.0234798   0.0185216
  0.0222614           0  0.00694755  0.00524082
 -0.0234798 -0.00694755           0  -0.0195141
 -0.0185216 -0.00524082   0.0195141           0
EndNode1[0]<--->Repeater1[0]
REAL
   0.382979 -0.00758566           0    0.320191
-0.00758566   0.0926158 -0.00532969           0
          0 -0.00532969    0.106383 -0.00374935
   0.320191           0 -0.00374935    0.418023
IMAGINARY
          0  -0.0168899  0.00653373 -0.00332478
  0.0168899           0  0.00907191  0.00909127
-0.00653373 -0.00907191           0   0.0116815
 0.00332478 -0.00909127  -0.0116815           0
EndNode2[0]<--->HoM1[0]
REAL
   0.435383 -0.00613313  -0.0127359    0.305962
-0.00613313   0.0928482  -0.0121084 0.000572046
 -0.0127359  -0.0121084   0.0727729  -0.0175544
   0.305962 0.000572046  -0.0175544    0.398996
IMAGINARY
          0  -0.0127456   0.0114133 -0.00531452
  0.0127456           0  0.00595309   0.0172803
 -0.0114133 -0.00595309           0  -0.0244949
 0.00531452  -0.0172803   0.0244949           0
Repeater1[0]<--->EndNode1[0]
REAL
    0.382979 -1.38778e-17  -0.00758566     0.320191
-1.38778e-17     0.106383  -0.00532969  -0.00374935
 -0.00758566  -0.00532969    0.0926158 -1.38778e-17
    0.320191  -0.00374935 -1.38778e-17     0.418023
IMAGINARY
          0  0.00653373  -0.0168899 -0.00332478
-0.00653373           0 -0.00907191   0.0116815
  0.0168899  0.00907191           0  0.00909127
 0.00332478  -0.0116815 -0.00909127           0
Repeater1[0]<--->HoM1[0]
REAL
   0.435383  -0.0127359 -0.00613313    0.305962
 -0.0127359   0.0727729  -0.0121084  -0.0175544
-0.00613313  -0.0121084   0.0928482 0.000572046
   0.305962  -0.0175544 0.000572046    0.398996
IMAGINARY
          0   0.0114133  -0.0127456 -0.00531452
 -0.0114133           0 -0.00595309  -0.0244949
  0.0127456  0.00595309           0   0.0172803
 0.00531452   0.0244949  -0.0172803           0
EndNode1[0]<--->Repeater1[0]
REAL
   0.420849 -0.00187214   0.0215792    0.312445
-0.00187214    0.101673 -0.00139125   0.0105545
  0.0215792 -0.00139125   0.0965251    0.019867
   0.312445   0.0105545    0.019867    0.380952
IMAGINARY
           0   -0.0153899   0.00937196  -0.00574103
   0.0153899            0 -0.000477874    0.0164142
 -0.00937196  0.000477874            0  -0.00536483
  0.00574103   -0.0164142   0.00536483            0
EndNode2[0]<--->HoM1[0]
REAL
   0.426295  0.00727958  -0.0145611    0.323064
 0.00727958   0.0942895 -0.00573022  0.00522779
 -0.0145611 -0.00573022   0.0796813  -0.0232796
   0.323064  0.00522779  -0.0232796    0.399734
IMAGINARY
          0 -0.00149324  0.00455325  -0.0071337
 0.00149324           0 -0.00452274  0.00517437
-0.00455325  0.00452274           0   0.0151119
  0.0071337 -0.00517437  -0.0151119           0
Repeater1[0]<--->EndNode1[0]
REAL
   0.420849   0.0215792 -0.00187214    0.312445
  0.0215792   0.0965251 -0.00139125    0.019867
-0.00187214 -0.00139125    0.101673   0.0105545
   0.312445    0.019867   0.0105545    0.380952
IMAGINARY
           0   0.00937196   -0.0153899  -0.00574103
 -0.00937196            0  0.000477874  -0.00536483
   0.0153899 -0.000477874            0    0.0164142
  0.00574103   0.00536483   -0.0164142            0
Repeater1[0]<--->HoM1[0]
REAL
   0.426295  -0.0145611  0.00727958    0.323064
 -0.0145611   0.0796813 -0.00573022  -0.0232796
 0.00727958 -0.00573022   0.0942895  0.00522779
   0.323064  -0.0232796  0.00522779    0.399734
IMAGINARY
          0  0.00455325 -0.00149324  -0.0071337
-0.00455325           0  0.00452274   0.0151119
 0.00149324 -0.00452274           0  0.00517437
  0.0071337  -0.0151119 -0.00517437           0
EndNode1[0]<--->Repeater1[0]
REAL
  0.398718  0.0217124 0.00189501   0.310579
 0.0217124  0.0923077  0.0105793  0.0144778
0.00189501  0.0105793  0.0897436 0.00221703
  0.310579  0.0144778 0.00221703   0.419231
IMAGINARY
           0   0.00948706   -0.0197922  0.000129306
 -0.00948706            0  -0.00537865    0.0164809
   0.0197922   0.00537865            0   -0.0154473
-0.000129306   -0.0164809    0.0154473            0
EndNode2[0]<--->HoM1[0]
REAL
   0.388024  -0.0052356 0.000837696    0.301189
 -0.0052356   0.0766467   0.0155649  -0.0191623
0.000837696   0.0155649   0.0934132   -0.026178
   0.301189  -0.0191623   -0.026178    0.441916
IMAGINARY
          0   0.0148116  -0.0146968   -0.016469
 -0.0148116           0  0.00922266 -0.00611027
  0.0146968 -0.00922266           0  0.00599547
   0.016469  0.00611027 -0.00599547           0
Repeater1[0]<--->EndNode1[0]
REAL
  0.398718 0.00189501  0.0217124   0.310579
0.00189501  0.0897436  0.0105793 0.00221703
 0.0217124  0.0105793  0.0923077  0.0144778
  0.310579 0.00221703  0.0144778   0.419231
IMAGINARY
           0   -0.0197922   0.00948706  0.000129306
   0.0197922            0   0.00537865   -0.0154473
 -0.00948706  -0.00537865            0    0.0164809
-0.000129306    0.0154473   -0.0164809            0
Repeater1[0]<--->HoM1[0]
REAL
   0.388024 0.000837696  -0.0052356    0.301189
0.000837696   0.0934132   0.0155649   -0.026178
 -0.0052356   0.0155649   0.0766467  -0.0191623
   0.301189   -0.026178  -0.0191623    0.441916
IMAGINARY
          0  -0.0146968   0.0148116   -0.016469
  0.0146968           0 -0.00922266  0.00599547
 -0.0148116  0.00922266           0 -0.00611027
   0.016469 -0.00599547  0.00611027           0
EndNode1[0]<--->Repeater1[0]
REAL
    0.39801 -0.00065193   0.0260921    0.315658
-0.00065193   0.0820896 -0.00323925  0.00301523
  0.0260921 -0.00323925    0.119403 5.09985e-06
   0.315658  0.00301523 5.09985e-06    0.400498
IMAGINARY
          0  0.00660993  0.00430136   0.0209638
-0.00660993           0   0.0113608    0.020633
-0.00430136  -0.0113608           0  -0.0105469
 -0.0209638   -0.020633   0.0105469           0
EndNode2[0]<--->HoM1[0]
REAL
   0.410419  -0.0153173 -0.00392897    0.306873
 -0.0153173   0.0914867   0.0066244  -0.0126354
-0.00392897   0.0066244   0.0978399 -0.00615504
   0.306873  -0.0126354 -0.00615504    0.400254
IMAGINARY
          0  -0.0137497   0.0117042  0.00827409
  0.0137497           0  -0.0109841 -0.00426004
 -0.0117042   0.0109841           0   0.0273974
-0.00827409  0.00426004  -0.0273974           0
Repeater1[0]<--->EndNode1[0]
REAL
    0.39801   0.0260921 -0.00065193    0.315658
  0.0260921    0.119403 -0.00323925 5.09985e-06
-0.00065193 -0.00323925   0.0820896  0.00301523
   0.315658 5.09985e-06  0.00301523    0.400498
IMAGINARY
          0  0.00430136  0.00660993   0.0209638
-0.00430136           0  -0.0113608  -0.0105469
-0.00660993   0.0113608           0    0.020633
 -0.0209638   0.0105469   -0.020633           0
Repeater1[0]<--->HoM1[0]
REAL
   0.410419 -0.00392897  -0.0153173    0.306873
-0.00392897   0.0978399   0.0066244 -0.00615504
 -0.0153173   0.0066244   0.0914867  -0.0126354
   0.306873 -0.00615504  -0.0126354    0.400254
IMAGINARY
          0   0.0117042  -0.0137497  0.00827409
 -0.0117042           0   0.0109841   0.0273974
  0.0137497  -0.0109841           0 -0.00426004
-0.00827409  -0.0273974  0.00426004           0
EndNode1[0]<--->Repeater1[0]
REAL
  0.427136  0.0185628  0.0192112    0.31569
 0.0185628   0.071608 0.00528147 0.00764305
 0.0192112 0.00528147  0.0992462  0.0108489
   0.31569 0.00764305  0.0108489    0.40201
IMAGINARY
          0  -0.0120003   0.0164123   0.0074565
  0.0120003           0   0.0172349 -0.00464032
 -0.0164123  -0.0172349           0  0.00642409
 -0.0074565  0.00464032 -0.00642409           0
EndNode2[0]<--->HoM1[0]
REAL
    0.385621   -0.0225363    0.0140225     0.305027
  -0.0225363    0.0875817  -0.00194314 -0.000380768
   0.0140225  -0.00194314    0.0901961   0.00770827
    0.305027 -0.000380768   0.00770827     0.436601
IMAGINARY
          0 -0.00841039  -0.0228128   0.0174677
 0.00841039           0    0.021199  -0.0120397
  0.0228128   -0.021199           0   0.0298581
 -0.0174677   0.0120397  -0.0298581           0
Repeater1[0]<--->EndNode1[0]
REAL
  0.427136  0.0192112  0.0185628    0.31569
 0.0192112  0.0992462 0.00528147  0.0108489
 0.0185628 0.00528147   0.071608 0.00764305
   0.31569  0.0108489 0.00764305    0.40201
IMAGINARY
          0   0.0164123  -0.0120003   0.0074565
 -0.0164123           0  -0.0172349  0.00642409
  0.0120003   0.0172349           0 -0.00464032
 -0.0074565 -0.00642409  0.00464032           0
Repeater1[0]<--->HoM1[0]
REAL
    0.385621    0.0140225   -0.0225363     0.305027
   0.0140225    0.0901961  -0.00194314   0.00770827
  -0.0225363  -0.00194314    0.0875817 -0.000380768
    0.305027   0.00770827 -0.000380768     0.436601
IMAGINARY
          0  -0.0228128 -0.00841039   0.0174677
  0.0228128           0   -0.021199   0.0298581
 0.00841039    0.021199           0  -0.0120397
 -0.0174677  -0.0298581   0.0120397           0
EndNode1[0]<--->Repeater1[0]
REAL
    0.40625  -0.0221636  -0.0278463    0.305329
 -0.0221636   0.0898438 -0.00455736  -0.0209969
 -0.0278463 -0.00455736   0.0807292  -0.0202528
   0.305329  -0.0209969  -0.0202528    0.423177
IMAGINARY
          0  0.00281827 -0.00593431   0.0106647
-0.00281827           0  -0.0159697  -0.0149782
 0.00593431   0.0159697           0 -0.00471941
 -0.0106647   0.0149782  0.00471941           0
EndNode2[0]<--->HoM1[0]
REAL
   0.380892    0.011267   0.0201928    0.328215
   0.011267   0.0853503   0.0152065 -0.00703491
  0.0201928   0.0152065    0.103185 0.000575141
   0.328215 -0.00703491 0.000575141    0.430573
IMAGINARY
          0  -0.0083889 -0.00268446  -0.0281795
  0.0083889           0  0.00338613   0.0067495
 0.00268446 -0.00338613           0 -0.00651624
  0.0281795  -0.0067495  0.00651624           0
Repeater1[0]<--->EndNode1[0]
REAL
    0.40625  -0.0278463  -0.0221636    0.305329
 -0.0278463   0.0807292 -0.00455736  -0.0202528
 -0.0221636 -0.00455736   0.0898438  -0.0209969
   0.305329  -0.0202528  -0.0209969    0.423177
IMAGINARY
          0 -0.00593431  0.00281827   0.0106647
 0.00593431           0   0.0159697 -0.00471941
-0.00281827  -0.0159697           0  -0.0149782
 -0.0106647  0.00471941   0.0149782           0
Repeater1[0]<--->HoM1[0]
REAL
   0.380892   0.0201928    0.011267    0.328215
  0.0201928    0.103185   0.0152065 0.000575141
   0.011267   0.0152065   0.0853503 -0.00703491
   0.328215 0.000575141 -0.00703491    0.430573
IMAGINARY
          0 -0.00268446  -0.0083889  -0.0281795
 0.00268446           0 -0.00338613 -0.00651624
  0.0083889  0.00338613           0   0.0067495
  0.0281795  0.00651624  -0.0067495           0
EndNode1[0]<--->Repeater1[0]
REAL
   0.415307  -0.0171166 -0.00646025    0.310526
 -0.0171166   0.0815558   0.0120761  -0.0165358
-0.00646025   0.0120761   0.0903388  -0.0203341
   0.310526  -0.0165358  -0.0203341    0.412798
IMAGINARY
           0   -0.0184448    0.0194955  -0.00833971
   0.0184448            0    0.0192511  -0.00786764
  -0.0194955   -0.0192511            0 -0.000935059
  0.00833971   0.00786764  0.000935059            0
EndNode2[0]<--->HoM1[0]
REAL
   0.417817 0.000210693  0.00112389    0.314917
0.000210693   0.0991217  -0.0107935 -0.00627853
 0.00112389  -0.0107935   0.0752823  -0.0130973
   0.314917 -0.00627853  -0.0130973    0.407779
IMAGINARY
          0  0.00935107  0.00746617 -0.00715017
-0.00935107           0 -0.00781242 -0.00437594
-0.00746617  0.00781242           0   0.0061001
 0.00715017  0.00437594  -0.0061001           0
Repeater1[0]<--->EndNode1[0]
REAL
   0.415307 -0.00646025  -0.0171166    0.310526
-0.00646025   0.0903388   0.0120761  -0.0203341
 -0.0171166   0.0120761   0.0815558  -0.0165358
   0.310526  -0.0203341  -0.0165358    0.412798
IMAGINARY
           0    0.0194955   -0.0184448  -0.00833971
  -0.0194955            0   -0.0192511 -0.000935059
   0.0184448    0.0192511            0  -0.00786764
  0.00833971  0.000935059   0.00786764            0
Repeater1[0]<--->HoM1[0]
REAL
   0.417817  0.00112389 0.000210693    0.314917
 0.00112389   0.0752823  -0.0107935  -0.0130973
0.000210693  -0.0107935   0.0991217 -0.00627853
   0.314917  -0.0130973 -0.00627853    0.407779
IMAGINARY
          0  0.00746617  0.00935107 -0.00715017
-0.00746617           0  0.00781242   0.0061001
-0.00935107 -0.00781242           0 -0.00437594
 0.00715017  -0.0061001  0.00437594           0
EndNode1[0]<--->Repeater1[0]
REAL
    0.420708  -0.00670642  -0.00381109     0.313124
 -0.00670642    0.0694626 -0.000548674  0.000788118
 -0.00381109 -0.000548674    0.0838794  -0.00478088
    0.313124  0.000788118  -0.00478088      0.42595
IMAGINARY
          0 -0.00595007 -0.00269542  0.00626873
 0.00595007           0 -0.00690567  0.00269542
 0.00269542  0.00690567           0  -0.0222001
-0.00626873 -0.00269542   0.0222001           0
EndNode2[0]<--->HoM1[0]
REAL
   0.414665   0.0112301  0.00597124    0.302547
  0.0112301   0.0834387 -0.00230016   0.0180732
 0.00597124 -0.00230016   0.0986094  0.00294988
   0.302547   0.0180732  0.00294988    0.403287
IMAGINARY
          0  -0.0175324     0.01183  -0.0173016
  0.0175324           0 -0.00305464  0.00985369
   -0.01183  0.00305464           0   0.0047773
  0.0173016 -0.00985369  -0.0047773           0
Repeater1[0]<--->EndNode1[0]
REAL
    0.420708  -0.00381109  -0.00670642     0.313124
 -0.00381109    0.0838794 -0.000548674  -0.00478088
 -0.00670642 -0.000548674    0.0694626  0.000788118
    0.313124  -0.00478088  0.000788118      0.42595
IMAGINARY
          0 -0.00269542 -0.00595007  0.00626873
 0.00269542           0  0.00690567  -0.0222001
 0.00595007 -0.00690567           0  0.00269542
-0.00626873   0.0222001 -0.00269542           0
Repeater1[0]<--->HoM1[0]
REAL
   0.414665  0.00597124   0.0112301    0.302547
 0.00597124   0.0986094 -0.00230016  0.00294988
  0.0112301 -0.00230016   0.0834387   0.0180732
   0.302547  0.00294988   0.0180732    0.403287
IMAGINARY
          0     0.01183  -0.0175324  -0.0173016
   -0.01183           0  0.00305464   0.0047773
  0.0175324 -0.00305464           0  0.00985369
  0.0173016  -0.0047773 -0.00985369           0
EndNode1[0]<--->Repeater1[0]
REAL
    0.44875 -0.00831423 -0.00841442    0.315337
-0.00831423     0.08375 -0.00947113  -0.0125353
-0.00841442 -0.00947113     0.08875  -0.0140321
   0.315337  -0.0125353  -0.0140321     0.37875
IMAGINARY
           0    0.0111889     0.023644   -0.0234723
  -0.0111889            0 -0.000833243  -0.00829868
   -0.023644  0.000833243            0    0.0105503
   0.0234723   0.00829868   -0.0105503            0
EndNode2[0]<--->HoM1[0]
REAL
   0.400773  0.00374821  0.00231508    0.334294
 0.00374821   0.0902062  -0.0175096 -0.00704321
 0.00231508  -0.0175096   0.0824742  -0.0143865
   0.334294 -0.00704321  -0.0143865    0.426546
IMAGINARY
           0  -0.00290323  -0.00446001  0.000520779
  0.00290323            0    -0.036425   0.00832599
  0.00446001     0.036425            0   0.00290323
-0.000520779  -0.00832599  -0.00290323            0
Repeater1[0]<--->EndNode1[0]
REAL
    0.44875 -0.00841442 -0.00831423    0.315337
-0.00841442     0.08875 -0.00947113  -0.0140321
-0.00831423 -0.00947113     0.08375  -0.0125353
   0.315337  -0.0140321  -0.0125353     0.37875
IMAGINARY
           0     0.023644    0.0111889   -0.0234723
   -0.023644            0  0.000833243    0.0105503
  -0.0111889 -0.000833243            0  -0.00829868
   0.0234723   -0.0105503   0.00829868            0
Repeater1[0]<--->HoM1[0]
REAL
   0.400773  0.00231508  0.00374821    0.334294
 0.00231508   0.0824742  -0.0175096  -0.0143865
 0.00374821  -0.0175096   0.0902062 -0.00704321
   0.334294  -0.0143865 -0.00704321    0.426546
IMAGINARY
           0  -0.00446001  -0.00290323  0.000520779
  0.00446001            0     0.036425   0.00290323
  0.00290323    -0.036425            0   0.00832599
-0.000520779  -0.00290323  -0.00832599            0
EndNode1[0]<--->Repeater1[0]
REAL
   0.428763  0.00286125   0.0101426    0.322845
 0.00286125   0.0819892 -0.00979642   0.0017771
  0.0101426 -0.00979642   0.0873656  0.00529434
   0.322845   0.0017771  0.00529434    0.401882
IMAGINARY
          0   0.0193169 -0.00817789   0.0171697
 -0.0193169           0  0.00734009 -0.00357868
 0.00817789 -0.00734009           0   0.0048878
 -0.0171697  0.00357868  -0.0048878           0
EndNode2[0]<--->HoM1[0]
REAL
  0.398111  0.0142474  0.0342289   0.329598
 0.0142474   0.122807  0.0117543 0.00543304
 0.0342289  0.0117543  0.0823212  0.0176121
  0.329598 0.00543304  0.0176121   0.396761
IMAGINARY
          0  -0.0117807   0.0043631  -0.0148144
  0.0117807           0   0.0104008  0.00245227
 -0.0043631  -0.0104008           0  -0.0111437
  0.0148144 -0.00245227   0.0111437           0
Repeater1[0]<--->EndNode1[0]
REAL
   0.428763   0.0101426  0.00286125    0.322845
  0.0101426   0.0873656 -0.00979642  0.00529434
 0.00286125 -0.00979642   0.0819892   0.0017771
   0.322845  0.00529434   0.0017771    0.401882
IMAGINARY
          0 -0.00817789   0.0193169   0.0171697
 0.00817789           0 -0.00734009   0.0048878
 -0.0193169  0.00734009           0 -0.00357868
 -0.0171697  -0.0048878  0.00357868           0
Repeater1[0]<--->HoM1[0]
REAL
  0.398111  0.0342289  0.0142474   0.329598
 0.0342289  0.0823212  0.0117543  0.0176121
 0.0142474  0.0117543   0.122807 0.00543304
  0.329598  0.0176121 0.00543304   0.396761
IMAGINARY
          0   0.0043631  -0.0117807  -0.0148144
 -0.0043631           0  -0.0104008  -0.0111437
  0.0117807   0.0104008           0  0.00245227
  0.0148144   0.0111437 -0.00245227           0
EndNode1[0]<--->Repeater1[0]
REAL
  0.417202 -0.0215974   -0.01064   0.326466
-0.0215974   0.097561  0.0242414 -0.0221785
  -0.01064  0.0242414  0.0962773 -0.0240912
  0.326466 -0.0221785 -0.0240912    0.38896
IMAGINARY
          0 -0.00677107  0.00465841  -0.0106703
 0.00677107           0  0.00868882 -0.00280427
-0.00465841 -0.00868882           0 -0.00744401
  0.0106703  0.00280427  0.00744401           0
EndNode2[0]<--->HoM1[0]
REAL
   0.389677  -0.0182954   -0.014055    0.328093
 -0.0182954   0.0916129 -0.00589895  0.00459724
  -0.014055 -0.00589895    0.104516  -0.0100779
   0.328093  0.00459724  -0.0100779    0.414194
IMAGINARY
           0   -0.0141452  0.000875526   -0.0122158
   0.0141452            0    0.0175068   -0.0081219
-0.000875526   -0.0175068            0    0.0134864
   0.0122158    0.0081219   -0.0134864            0
Repeater1[0]<--->EndNode1[0]
REAL
  0.417202   -0.01064 -0.0215974   0.326466
  -0.01064  0.0962773  0.0242414 -0.0240912
-0.0215974  0.0242414   0.097561 -0.0221785
  0.326466 -0.0240912 -0.0221785    0.38896
IMAGINARY
          0  0.00465841 -0.00677107  -0.0106703
-0.00465841           0 -0.00868882 -0.00744401
 0.00677107  0.00868882           0 -0.00280427
  0.0106703  0.00744401  0.00280427           0
Repeater1[0]<--->HoM1[0]
REAL
   0.389677   -0.014055  -0.0182954    0.328093
  -0.014055    0.104516 -0.00589895  -0.0100779
 -0.0182954 -0.00589895   0.0916129  0.00459724
   0.328093  -0.0100779  0.00459724    0.414194
IMAGINARY
           0  0.000875526   -0.0141452   -0.0122158
-0.000875526            0   -0.0175068    0.0134864
   0.0141452    0.0175068            0   -0.0081219
   0.0122158   -0.0134864    0.0081219            0
EndNode1[0]<--->Repeater1[0]
REAL
   0.440268   0.0251871   0.0173284    0.312832
  0.0251871    0.085906 -0.00911885  0.00123927
  0.0173284 -0.00911885   0.0724832 -0.00661949
   0.312832  0.00123927 -0.00661949    0.401342
IMAGINARY
          0   0.0126239  0.00243361  0.00838306
 -0.0126239           0  -0.0022855  -0.0134092
-0.00243361   0.0022855           0  0.00810779
-0.00838306   0.0134092 -0.00810779           0
EndNode2[0]<--->HoM1[0]
REAL
   0.395172 -0.00569401 -0.00565353    0.306782
-0.00569401    0.105464   0.0131108 -0.00241099
-0.00565353   0.0131108   0.0978399 -0.00505868
   0.306782 -0.00241099 -0.00505868    0.401525
IMAGINARY
          0  -0.0107102  0.00467238  -0.0149822
  0.0107102           0  -0.0130665   0.0193783
-0.00467238   0.0130665           0  -0.0146063
  0.0149822  -0.0193783   0.0146063           0
Repeater1[0]<--->EndNode1[0]
REAL
   0.440268   0.0173284   0.0251871    0.312832
  0.0173284   0.0724832 -0.00911885 -0.00661949
  0.0251871 -0.00911885    0.085906  0.00123927
   0.312832 -0.00661949  0.00123927    0.401342
IMAGINARY
          0  0.00243361   0.0126239  0.00838306
-0.00243361           0   0.0022855  0.00810779
 -0.0126239  -0.0022855           0  -0.0134092
-0.00838306 -0.00810779   0.0134092           0
Repeater1[0]<--->HoM1[0]
REAL
   0.395172 -0.00565353 -0.00569401    0.306782
-0.00565353   0.0978399   0.0131108 -0.00505868
-0.00569401   0.0131108    0.105464 -0.00241099
   0.306782 -0.00505868 -0.00241099    0.401525
IMAGINARY
          0  0.00467238  -0.0107102  -0.0149822
-0.00467238           0   0.0130665  -0.0146063
  0.0107102  -0.0130665           0   0.0193783
  0.0149822   0.0146063  -0.0193783           0
EndNode1[0]<--->Repeater1[0]
REAL
   0.418605  -0.0119228  -0.0113046     0.31763
 -0.0119228   0.0762274 -0.00262335  -0.0087471
 -0.0113046 -0.00262335   0.0943152   0.0138633
    0.31763  -0.0087471   0.0138633    0.410853
IMAGINARY
           0     0.014714   -0.0113876      0.01417
   -0.014714            0    0.0121457  -0.00759973
   0.0113876   -0.0121457            0 -0.000789913
    -0.01417   0.00759973  0.000789913            0
EndNode2[0]<--->HoM1[0]
REAL
  0.397452  0.0113873 0.00745552   0.315481
 0.0113873  0.0942675 0.00236253  0.0129906
0.00745552 0.00236253   0.089172  0.0127762
  0.315481  0.0129906  0.0127762   0.419108
IMAGINARY
           0    -0.007225   0.00728146   0.00263644
    0.007225            0 -0.000623015    0.0137581
 -0.00728146  0.000623015            0 -0.000200738
 -0.00263644   -0.0137581  0.000200738            0
Repeater1[0]<--->EndNode1[0]
REAL
   0.418605  -0.0113046  -0.0119228     0.31763
 -0.0113046   0.0943152 -0.00262335   0.0138633
 -0.0119228 -0.00262335   0.0762274  -0.0087471
    0.31763   0.0138633  -0.0087471    0.410853
IMAGINARY
           0   -0.0113876     0.014714      0.01417
   0.0113876            0   -0.0121457 -0.000789913
   -0.014714    0.0121457            0  -0.00759973
    -0.01417  0.000789913   0.00759973            0
Repeater1[0]<--->HoM1[0]
REAL
  0.397452 0.00745552  0.0113873   0.315481
0.00745552   0.089172 0.00236253  0.0127762
 0.0113873 0.00236253  0.0942675  0.0129906
  0.315481  0.0127762  0.0129906   0.419108
IMAGINARY
           0   0.00728146    -0.007225   0.00263644
 -0.00728146            0  0.000623015 -0.000200738
    0.007225 -0.000623015            0    0.0137581
 -0.00263644  0.000200738   -0.0137581            0
EndNode1[0]<--->Repeater1[0]
REAL
   0.397972 -0.00160211 -0.00596851     0.31715
-0.00160211   0.0874525   -0.008477 -0.00168455
-0.00596851   -0.008477    0.111534   -0.013704
    0.31715 -0.00168455   -0.013704    0.403042
IMAGINARY
          0 -0.00526982   0.0254424    0.008654
 0.00526982           0 -0.00661318  0.00560116
 -0.0254424  0.00661318           0 -0.00463771
  -0.008654 -0.00560116  0.00463771           0
EndNode2[0]<--->HoM1[0]
REAL
  0.422886   0.029309 0.00799191   0.317462
  0.029309  0.0982587  0.0129787  0.0220481
0.00799191  0.0129787  0.0845771 0.00740662
  0.317462  0.0220481 0.00740662   0.394279
IMAGINARY
           0     0.003066    0.0214618  0.000500228
   -0.003066            0  -0.00711398   -0.0108765
  -0.0214618   0.00711398            0    -0.004934
-0.000500228    0.0108765     0.004934            0
Repeater1[0]<--->EndNode1[0]
REAL
   0.397972 -0.00596851 -0.00160211     0.31715
-0.00596851    0.111534   -0.008477   -0.013704
-0.00160211   -0.008477   0.0874525 -0.00168455
    0.31715   -0.013704 -0.00168455    0.403042
IMAGINARY
          0   0.0254424 -0.00526982    0.008654
 -0.0254424           0  0.00661318 -0.00463771
 0.00526982 -0.00661318           0  0.00560116
  -0.008654  0.00463771 -0.00560116           0
Repeater1[0]<--->HoM1[0]
REAL
  0.422886 0.00799191   0.029309   0.317462
0.00799191  0.0845771  0.0129787 0.00740662
  0.029309  0.0129787  0.0982587  0.0220481
  0.317462 0.00740662  0.0220481   0.394279
IMAGINARY
           0    0.0214618     0.003066  0.000500228
  -0.0214618            0   0.00711398    -0.004934
   -0.003066  -0.00711398            0   -0.0108765
-0.000500228     0.004934    0.0108765            0
EndNode1[0]<--->Repeater1[0]
REAL
   0.424516  -0.0094578 -0.00413799    0.309282
 -0.0094578   0.0877419 -0.00390455   0.0150215
-0.00413799 -0.00390455        0.08  0.00241555
   0.309282   0.0150215  0.00241555    0.407742
IMAGINARY
          0  0.00999202   0.0084749   0.0119551
-0.00999202           0  0.00554487  0.00388774
 -0.0084749 -0.00554487           0  -0.0086184
 -0.0119551 -0.00388774   0.0086184           0
EndNode2[0]<--->HoM1[0]
REAL
  0.433862 -0.0306887  -0.005732    0.32902
-0.0306887  0.0806878 0.00189192  0.0103555
 -0.005732 0.00189192  0.0793651 -0.0148859
   0.32902  0.0103555 -0.0148859   0.406085
IMAGINARY
          0  -0.0120565    0.011304 -0.00377161
  0.0120565           0  -0.0151201  0.00465345
  -0.011304   0.0151201           0 -0.00390093
 0.00377161 -0.00465345  0.00390093           0
Repeater1[0]<--->EndNode1[0]
REAL
   0.424516 -0.00413799  -0.0094578    0.309282
-0.00413799        0.08 -0.00390455  0.00241555
 -0.0094578 -0.00390455   0.0877419   0.0150215
   0.309282  0.00241555   0.0150215    0.407742
IMAGINARY
          0   0.0084749  0.00999202   0.0119551
 -0.0084749           0 -0.00554487  -0.0086184
-0.00999202  0.00554487           0  0.00388774
 -0.0119551   0.0086184 -0.00388774           0
Repeater1[0]<--->HoM1[0]
REAL
  0.433862  -0.005732 -0.0306887    0.32902
 -0.005732  0.0793651 0.00189192 -0.0148859
-0.0306887 0.00189192  0.0806878  0.0103555
   0.32902 -0.0148859  0.0103555   0.406085
IMAGINARY
          0    0.011304  -0.0120565 -0.00377161
  -0.011304           0   0.0151201 -0.00390093
  0.0120565  -0.0151201           0  0.00465345
 0.00377161  0.00390093 -0.00465345           0
EndNode1[0]<--->Repeater1[0]
REAL
   0.406607 -0.00553833   0.0178634    0.316003
-0.00553833   0.0927573 0.000771616  -0.0197989
  0.0178634 0.000771616   0.0965693   0.0113448
   0.316003  -0.0197989   0.0113448    0.404066
IMAGINARY
          0 -0.00837488   0.0214587  -0.0150958
 0.00837488           0  0.00418439   0.0103765
 -0.0214587 -0.00418439           0  0.00650222
  0.0150958  -0.0103765 -0.00650222           0
EndNode2[0]<--->HoM1[0]
REAL
   0.401351 -0.00352616  -0.0262345     0.31259
-0.00352616   0.0986486   0.0110136  0.00466087
 -0.0262345   0.0110136   0.0891892  -0.0117023
    0.31259  0.00466087  -0.0117023    0.410811
IMAGINARY
          0  -0.0165304   0.0109057  0.00168222
  0.0165304           0  0.00292911  -0.0141908
 -0.0109057 -0.00292911           0   0.0185015
-0.00168222   0.0141908  -0.0185015           0
Repeater1[0]<--->EndNode1[0]
REAL
   0.406607   0.0178634 -0.00553833    0.316003
  0.0178634   0.0965693 0.000771616   0.0113448
-0.00553833 0.000771616   0.0927573  -0.0197989
   0.316003   0.0113448  -0.0197989    0.404066
IMAGINARY
          0   0.0214587 -0.00837488  -0.0150958
 -0.0214587           0 -0.00418439  0.00650222
 0.00837488  0.00418439           0   0.0103765
  0.0150958 -0.00650222  -0.0103765           0
Repeater1[0]<--->HoM1[0]
REAL
   0.401351  -0.0262345 -0.00352616     0.31259
 -0.0262345   0.0891892   0.0110136  -0.0117023
-0.00352616   0.0110136   0.0986486  0.00466087
    0.31259  -0.0117023  0.00466087    0.410811
IMAGINARY
          0   0.0109057  -0.0165304  0.00168222
 -0.0109057           0 -0.00292911   0.0185015
  0.0165304  0.00292911           0  -0.0141908
-0.00168222  -0.0185015   0.0141908           0
EndNode1[0]<--->Repeater1[0]
REAL
     0.41133  -0.00932463   0.00269559     0.311814
 -0.00932463    0.0923645   0.00204503  2.17973e-05
  0.00269559   0.00204503    0.0862069 -0.000186244
    0.311814  2.17973e-05 -0.000186244     0.410099
IMAGINARY
          0  0.00771208  0.00797568  0.00756193
-0.00771208           0  0.00694994  0.00487779
-0.00797568 -0.00694994           0  0.00514139
-0.00756193 -0.00487779 -0.00514139           0
EndNode2[0]<--->HoM1[0]
REAL
  0.398611  0.0152395  0.0138819   0.315655
 0.0152395  0.0916667 0.00974211  0.0112503
 0.0138819 0.00974211   0.101389  0.0257658
  0.315655  0.0112503  0.0257658   0.408333
IMAGINARY
          0  -0.0159873  -0.0221924   0.0151162
  0.0159873           0  0.00340229  0.00548288
  0.0221924 -0.00340229           0 -0.00714893
 -0.0151162 -0.00548288  0.00714893           0
Repeater1[0]<--->EndNode1[0]
REAL
     0.41133   0.00269559  -0.00932463     0.311814
  0.00269559    0.0862069   0.00204503 -0.000186244
 -0.00932463   0.00204503    0.0923645  2.17973e-05
    0.311814 -0.000186244  2.17973e-05     0.410099
IMAGINARY
          0  0.00797568  0.00771208  0.00756193
-0.00797568           0 -0.00694994  0.00514139
-0.00771208  0.00694994           0  0.00487779
-0.00756193 -0.00514139 -0.00487779           0
Repeater1[0]<--->HoM1[0]
REAL
  0.398611  0.0138819  0.0152395   0.315655
 0.0138819   0.101389 0.00974211  0.0257658
 0.0152395 0.00974211  0.0916667  0.0112503
  0.315655  0.0257658  0.0112503   0.408333
IMAGINARY
          0  -0.0221924  -0.0159873   0.0151162
  0.0221924           0 -0.00340229 -0.00714893
  0.0159873  0.00340229           0  0.00548288
 -0.0151162  0.00714893 -0.00548288           0
EndNode1[0]<--->Repeater1[0]
REAL
  0.408276  0.0184189 0.00593365   0.327301
 0.0184189  0.0772414 0.00205869 0.00347664
0.00593365 0.00205869  0.0855172  0.0236137
  0.327301 0.00347664  0.0236137   0.428966
IMAGINARY
          0  0.00289929  0.00806354  -0.0053636
-0.00289929           0   0.0237503  -0.0143049
-0.00806354  -0.0237503           0   0.0144377
  0.0053636   0.0143049  -0.0144377           0
EndNode2[0]<--->HoM1[0]
REAL
    0.429479    0.0125697  -0.00582826     0.308609
   0.0125697    0.0876747 -0.000333614   0.00789723
 -0.00582826 -0.000333614    0.0876747   0.00467172
    0.308609   0.00789723   0.00467172     0.395172
IMAGINARY
          0   0.0301042  -0.0107828  -0.0116373
 -0.0301042           0 -0.00810791  -0.0325777
  0.0107828  0.00810791           0   0.0227414
  0.0116373   0.0325777  -0.0227414           0
Repeater1[0]<--->EndNode1[0]
REAL
  0.408276 0.00593365  0.0184189   0.327301
0.00593365  0.0855172 0.00205869  0.0236137
 0.0184189 0.00205869  0.0772414 0.00347664
  0.327301  0.0236137 0.00347664   0.428966
IMAGINARY
          0  0.00806354  0.00289929  -0.0053636
-0.00806354           0  -0.0237503   0.0144377
-0.00289929   0.0237503           0  -0.0143049
  0.0053636  -0.0144377   0.0143049           0
Repeater1[0]<--->HoM1[0]
REAL
    0.429479  -0.00582826    0.0125697     0.308609
 -0.00582826    0.0876747 -0.000333614   0.00467172
   0.0125697 -0.000333614    0.0876747   0.00789723
    0.308609   0.00467172   0.00789723     0.395172
IMAGINARY
          0  -0.0107828   0.0301042  -0.0116373
  0.0107828           0  0.00810791   0.0227414
 -0.0301042 -0.00810791           0  -0.0325777
  0.0116373  -0.0227414   0.0325777           0
EndNode1[0]<--->Repeater1[0]
REAL
   0.400744  0.00345575 -0.00608054    0.304328
 0.00345575   0.0992556  -0.0219319 -0.00981188
-0.00608054  -0.0219319    0.102978 -0.00223325
   0.304328 -0.00981188 -0.00223325    0.397022
IMAGINARY
          0   0.0111647  -0.0314807 -0.00542661
 -0.0111647           0  -0.0119033 -0.00432835
  0.0314807   0.0119033           0   0.0312756
 0.00542661  0.00432835  -0.0312756           0
EndNode2[0]<--->HoM1[0]
REAL
   0.385848   0.0125191 -2.8529e-05    0.319601
  0.0125191   0.0974633  0.00165533  -0.0144642
-2.8529e-05  0.00165533    0.101469  0.00438907
   0.319601  -0.0144642  0.00438907     0.41522
IMAGINARY
          0 -0.00151546  0.00240128  0.00833333
 0.00151546           0 -0.00833333   0.0216559
-0.00240128  0.00833333           0  -0.0251425
-0.00833333  -0.0216559   0.0251425           0
Repeater1[0]<--->EndNode1[0]
REAL
   0.400744 -0.00608054  0.00345575    0.304328
-0.00608054    0.102978  -0.0219319 -0.00223325
 0.00345575  -0.0219319   0.0992556 -0.00981188
   0.304328 -0.00223325 -0.00981188    0.397022
IMAGINARY
          0  -0.0314807   0.0111647 -0.00542661
  0.0314807           0   0.0119033   0.0312756
 -0.0111647  -0.0119033           0 -0.00432835
 0.00542661  -0.0312756  0.00432835           0
Repeater1[0]<--->HoM1[0]
REAL
   0.385848 -2.8529e-05   0.0125191    0.319601
-2.8529e-05    0.101469  0.00165533  0.00438907
  0.0125191  0.00165533   0.0974633  -0.0144642
   0.319601  0.00438907  -0.0144642     0.41522
IMAGINARY
          0  0.00240128 -0.00151546  0.00833333
-0.00240128           0  0.00833333  -0.0251425
 0.00151546 -0.00833333           0   0.0216559
-0.00833333   0.0251425  -0.0216559           0
EndNode1[0]<--->Repeater1[0]
REAL
   0.428571  -0.0128411   0.0170532     0.32358
 -0.0128411   0.0897598    0.004769 -0.00990102
  0.0170532    0.004769   0.0707965   0.0121909
    0.32358 -0.00990102   0.0121909    0.410872
IMAGINARY
          0  0.00854018 -0.00636944  -0.0142313
-0.00854018           0 -0.00617682   0.0015285
 0.00636944  0.00617682           0  0.00598264
  0.0142313  -0.0015285 -0.00598264           0
EndNode2[0]<--->HoM1[0]
REAL
  0.382872 -0.0194054  0.0126831   0.326361
-0.0194054   0.109572 -0.0012248 -0.0113169
 0.0126831 -0.0012248  0.0856423 -0.0174799
  0.326361 -0.0113169 -0.0174799   0.421914
IMAGINARY
          0 -0.00228232 -0.00152224   0.0241864
 0.00228232           0  0.00369462 -0.00709845
 0.00152224 -0.00369462           0   0.0059769
 -0.0241864  0.00709845  -0.0059769           0
Repeater1[0]<--->EndNode1[0]
REAL
   0.428571   0.0170532  -0.0128411     0.32358
  0.0170532   0.0707965    0.004769   0.0121909
 -0.0128411    0.004769   0.0897598 -0.00990102
    0.32358   0.0121909 -0.00990102    0.410872
IMAGINARY
          0 -0.00636944  0.00854018  -0.0142313
 0.00636944           0  0.00617682  0.00598264
-0.00854018 -0.00617682           0   0.0015285
  0.0142313 -0.00598264  -0.0015285           0
Repeater1[0]<--->HoM1[0]
REAL
  0.382872  0.0126831 -0.0194054   0.326361
 0.0126831  0.0856423 -0.0012248 -0.0174799
-0.0194054 -0.0012248   0.109572 -0.0113169
  0.326361 -0.0174799 -0.0113169   0.421914
IMAGINARY
          0 -0.00152224 -0.00228232   0.0241864
 0.00152224           0 -0.00369462   0.0059769
 0.00228232  0.00369462           0 -0.00709845
 -0.0241864  -0.0059769  0.00709845           0
EndNode1[0]<--->Repeater1[0]
REAL
  0.402189 0.00248968 0.00437793   0.320291
0.00248968  0.0834473  0.0136812  0.0115863
0.00437793  0.0136812  0.0848153  0.0109203
  0.320291  0.0115863  0.0109203   0.429549
IMAGINARY
          0  -0.0138573   0.0184279 -0.00965285
  0.0138573           0  0.00699327  0.00421597
 -0.0184279 -0.00699327           0 -0.00633852
 0.00965285 -0.00421597  0.00633852           0
EndNode2[0]<--->HoM1[0]
REAL
   0.415686  0.00751553  -0.0171825    0.317609
 0.00751553     0.10719  -0.0139277  -0.0153329
 -0.0171825  -0.0139277   0.0797386 -0.00812903
   0.317609  -0.0153329 -0.00812903    0.397386
IMAGINARY
