EndNode1[0]<--->Repeater1[0]
REAL
   0.317136 -0.00354938  0.00713567    0.170867
-0.00354938    0.181586   0.0531425   0.0188544
 0.00713567   0.0531425    0.200767  0.00107413
   0.170867   0.0188544  0.00107413    0.300512
IMAGINARY
           0     0.019448    0.0150472   0.00137821
   -0.019448            0  -0.00887821 -0.000496888
  -0.0150472   0.00887821            0    0.0149435
 -0.00137821  0.000496888   -0.0149435            0
EndNode2[0]<--->HoM1[0]
REAL
  0.340768 -0.0143207 -0.0123438   0.197007
-0.0143207    0.16109  0.0644841  -0.018091
-0.0123438  0.0644841   0.188352  0.0236374
  0.197007  -0.018091  0.0236374   0.309789
IMAGINARY
          0   0.0124515  -0.0241503  0.00234568
 -0.0124515           0  -0.0101379   0.0119864
  0.0241503   0.0101379           0   0.0163577
-0.00234568  -0.0119864  -0.0163577           0
Repeater1[0]<--->EndNode1[0]
REAL
   0.317136  0.00713567 -0.00354938    0.170867
 0.00713567    0.200767   0.0531425  0.00107413
-0.00354938   0.0531425    0.181586   0.0188544
   0.170867  0.00107413   0.0188544    0.300512
IMAGINARY
           0    0.0150472     0.019448   0.00137821
  -0.0150472            0   0.00887821    0.0149435
   -0.019448  -0.00887821            0 -0.000496888
 -0.00137821   -0.0149435  0.000496888            0
Repeater1[0]<--->HoM1[0]
REAL
  0.340768 -0.0123438 -0.0143207   0.197007
-0.0123438   0.188352  0.0644841  0.0236374
-0.0143207  0.0644841    0.16109  -0.018091
  0.197007  0.0236374  -0.018091   0.309789
IMAGINARY
          0  -0.0241503   0.0124515  0.00234568
  0.0241503           0   0.0101379   0.0163577
 -0.0124515  -0.0101379           0   0.0119864
-0.00234568  -0.0163577  -0.0119864           0
EndNode1[0]<--->Repeater1[0]
REAL
   0.328068 -0.00288306 -0.00599438    0.189651
-0.00288306      0.1774   0.0593255 -0.00287328
-0.00599438   0.0593255     0.17497  0.00492944
   0.189651 -0.00287328  0.00492944    0.319563
IMAGINARY
           0  9.49343e-06   -0.0196878   -0.0170883
-9.49343e-06            0     0.010064  -0.00161548
   0.0196878    -0.010064            0  -0.00251576
   0.0170883   0.00161548   0.00251576            0
EndNode2[0]<--->HoM1[0]
REAL
    0.306757 -0.000779128    0.0183823     0.199593
-0.000779128      0.17973     0.059644   -0.0285134
   0.0183823     0.059644     0.186486   -0.0212709
    0.199593   -0.0285134   -0.0212709     0.327027
IMAGINARY
           0  0.000833068   0.00382161   -0.0127768
-0.000833068            0    0.0107901   0.00508424
 -0.00382161   -0.0107901            0    0.0118896
   0.0127768  -0.00508424   -0.0118896            0
Repeater1[0]<--->EndNode1[0]
REAL
   0.328068 -0.00599438 -0.00288306    0.189651
-0.00599438     0.17497   0.0593255  0.00492944
-0.00288306   0.0593255      0.1774 -0.00287328
   0.189651  0.00492944 -0.00287328    0.319563
IMAGINARY
           0   -0.0196878  9.49343e-06   -0.0170883
   0.0196878            0    -0.010064  -0.00251576
-9.49343e-06     0.010064            0  -0.00161548
   0.0170883   0.00251576   0.00161548            0
Repeater1[0]<--->HoM1[0]
REAL
    0.306757    0.0183823 -0.000779128     0.199593
   0.0183823     0.186486     0.059644   -0.0212709
-0.000779128     0.059644      0.17973   -0.0285134
    0.199593   -0.0212709   -0.0285134     0.327027
IMAGINARY
           0   0.00382161  0.000833068   -0.0127768
 -0.00382161            0   -0.0107901    0.0118896
-0.000833068    0.0107901            0   0.00508424
   0.0127768   -0.0118896  -0.00508424            0
EndNode1[0]<--->Repeater1[0]
REAL
   0.333755 -0.00983935  0.00543942    0.197616
-0.00983935    0.159292   0.0608182 -0.00476466
 0.00543942   0.0608182    0.158028  0.00916458
   0.197616 -0.00476466  0.00916458    0.348925
IMAGINARY
          0   0.0115499 -0.00641674 -0.00733453
 -0.0115499           0    0.023874  -0.0144913
 0.00641674   -0.023874           0  0.00457909
 0.00733453   0.0144913 -0.00457909           0
EndNode2[0]<--->HoM1[0]
REAL
  0.311024  0.0136515 0.00155386   0.184328
 0.0136515   0.173228  0.0624249  0.0179267
0.00155386  0.0624249   0.195538  0.0253095
  0.184328  0.0179267  0.0253095    0.32021
IMAGINARY
          0   0.0130057   0.0147216  0.00645587
 -0.0130057           0   0.0152278  0.00287947
 -0.0147216  -0.0152278           0   0.0111142
-0.00645587 -0.00287947  -0.0111142           0
Repeater1[0]<--->EndNode1[0]
REAL
   0.333755  0.00543942 -0.00983935    0.197616
 0.00543942    0.158028   0.0608182  0.00916458
-0.00983935   0.0608182    0.159292 -0.00476466
   0.197616  0.00916458 -0.00476466    0.348925
IMAGINARY
          0 -0.00641674   0.0115499 -0.00733453
 0.00641674           0   -0.023874  0.00457909
 -0.0115499    0.023874           0  -0.0144913
 0.00733453 -0.00457909   0.0144913           0
Repeater1[0]<--->HoM1[0]
REAL
  0.311024 0.00155386  0.0136515   0.184328
0.00155386   0.195538  0.0624249  0.0253095
 0.0136515  0.0624249   0.173228  0.0179267
  0.184328  0.0253095  0.0179267    0.32021
IMAGINARY
          0   0.0147216   0.0130057  0.00645587
 -0.0147216           0  -0.0152278   0.0111142
 -0.0130057   0.0152278           0  0.00287947
-0.00645587  -0.0111142 -0.00287947           0
EndNode1[0]<--->Repeater1[0]
REAL
   0.334168 -0.00939713  0.00184012    0.183727
-0.00939713     0.18398   0.0643045  -0.0162758
 0.00184012   0.0643045    0.178974 -0.00241389
   0.183727  -0.0162758 -0.00241389    0.302879
IMAGINARY
          0    0.033685  0.00577867    0.019099
  -0.033685           0 -0.00714936    0.012594
-0.00577867  0.00714936           0  0.00568504
  -0.019099   -0.012594 -0.00568504           0
EndNode2[0]<--->HoM1[0]
REAL
   0.341869 -0.00841693   -0.016329    0.190383
-0.00841693    0.174136   0.0476193   0.0143835
  -0.016329   0.0476193    0.176697  0.00647141
   0.190383   0.0143835  0.00647141    0.307298
IMAGINARY
           0   0.00414229  -0.00712219   0.00251256
 -0.00414229            0  -0.00251256   -0.0117826
  0.00712219   0.00251256            0 -0.000882837
 -0.00251256    0.0117826  0.000882837            0
Repeater1[0]<--->EndNode1[0]
REAL
   0.334168  0.00184012 -0.00939713    0.183727
 0.00184012    0.178974   0.0643045 -0.00241389
-0.00939713   0.0643045     0.18398  -0.0162758
   0.183727 -0.00241389  -0.0162758    0.302879
IMAGINARY
          0  0.00577867    0.033685    0.019099
-0.00577867           0  0.00714936  0.00568504
  -0.033685 -0.00714936           0    0.012594
  -0.019099 -0.00568504   -0.012594           0
Repeater1[0]<--->HoM1[0]
REAL
   0.341869   -0.016329 -0.00841693    0.190383
  -0.016329    0.176697   0.0476193  0.00647141
-0.00841693   0.0476193    0.174136   0.0143835
   0.190383  0.00647141   0.0143835    0.307298
IMAGINARY
           0  -0.00712219   0.00414229   0.00251256
  0.00712219            0   0.00251256 -0.000882837
 -0.00414229  -0.00251256            0   -0.0117826
 -0.00251256  0.000882837    0.0117826            0
EndNode1[0]<--->Repeater1[0]
REAL
   0.304178   0.0129308 -0.00914332    0.184115
  0.0129308    0.172324    0.026744 -0.00348294
-0.00914332    0.026744    0.168407   0.0135844
   0.184115 -0.00348294   0.0135844    0.355091
IMAGINARY
          0  0.00116139  0.00283459 -0.00626595
-0.00116139           0  -0.0252202   0.0124377
-0.00283459   0.0252202           0 -0.00580946
 0.00626595  -0.0124377  0.00580946           0
EndNode2[0]<--->HoM1[0]
REAL
   0.327091  0.00111336   0.0119658    0.212461
 0.00111336    0.173533   0.0517019  0.00713825
  0.0119658   0.0517019    0.183521 -0.00704222
   0.212461  0.00713825 -0.00704222    0.315855
IMAGINARY
          0   0.0427643  -0.0222378 -0.00538174
 -0.0427643           0  0.00601067  0.00578211
  0.0222378 -0.00601067           0 -0.00858707
 0.00538174 -0.00578211  0.00858707           0
Repeater1[0]<--->EndNode1[0]
REAL
   0.304178 -0.00914332   0.0129308    0.184115
-0.00914332    0.168407    0.026744   0.0135844
  0.0129308    0.026744    0.172324 -0.00348294
   0.184115   0.0135844 -0.00348294    0.355091
IMAGINARY
          0  0.00283459  0.00116139 -0.00626595
-0.00283459           0   0.0252202 -0.00580946
-0.00116139  -0.0252202           0   0.0124377
 0.00626595  0.00580946  -0.0124377           0
Repeater1[0]<--->HoM1[0]
REAL
   0.327091   0.0119658  0.00111336    0.212461
  0.0119658    0.183521   0.0517019 -0.00704222
 0.00111336   0.0517019    0.173533  0.00713825
   0.212461 -0.00704222  0.00713825    0.315855
IMAGINARY
          0  -0.0222378   0.0427643 -0.00538174
  0.0222378           0 -0.00601067 -0.00858707
 -0.0427643  0.00601067           0  0.00578211
 0.00538174  0.00858707 -0.00578211           0
EndNode1[0]<--->Repeater1[0]
REAL
   0.34127 0.00806871 0.00348852   0.194447
0.00806871    0.17328    0.05903 0.00725737
0.00348852    0.05903   0.171958 -0.0213431
  0.194447 0.00725737 -0.0213431   0.313492
IMAGINARY
          0   0.0122726     0.01238   0.0297482
 -0.0122726           0 -0.00790046  0.00454709
   -0.01238  0.00790046           0  -0.0213872
 -0.0297482 -0.00454709   0.0213872           0
EndNode2[0]<--->HoM1[0]
REAL
   0.350854  -0.0243489  0.00658541    0.173616
 -0.0243489    0.180026   0.0698679 -0.00864302
 0.00658541   0.0698679    0.148489  -0.0147458
   0.173616 -0.00864302  -0.0147458    0.320631
IMAGINARY
          0  -0.0145652   0.0173344  -0.0256199
  0.0145652           0   0.0299356 -0.00461684
 -0.0173344  -0.0299356           0 -0.00886181
  0.0256199  0.00461684  0.00886181           0
Repeater1[0]<--->EndNode1[0]
REAL
   0.34127 0.00348852 0.00806871   0.194447
0.00348852   0.171958    0.05903 -0.0213431
0.00806871    0.05903    0.17328 0.00725737
  0.194447 -0.0213431 0.00725737   0.313492
IMAGINARY
          0     0.01238   0.0122726   0.0297482
   -0.01238           0  0.00790046  -0.0213872
 -0.0122726 -0.00790046           0  0.00454709
 -0.0297482   0.0213872 -0.00454709           0
Repeater1[0]<--->HoM1[0]
REAL
   0.350854  0.00658541  -0.0243489    0.173616
 0.00658541    0.148489   0.0698679  -0.0147458
 -0.0243489   0.0698679    0.180026 -0.00864302
   0.173616  -0.0147458 -0.00864302    0.320631
IMAGINARY
          0   0.0173344  -0.0145652  -0.0256199
 -0.0173344           0  -0.0299356 -0.00886181
  0.0145652   0.0299356           0 -0.00461684
  0.0256199  0.00886181  0.00461684           0
EndNode1[0]<--->Repeater1[0]
REAL
    0.33377   0.0060309  0.00100619    0.202735
  0.0060309    0.175393   0.0619708 -0.00688854
 0.00100619   0.0619708    0.163613 -0.00407011
   0.202735 -0.00688854 -0.00407011    0.327225
IMAGINARY
          0 -0.00796751 -0.00626669  0.00648063
 0.00796751           0   0.0276249  -0.0223957
 0.00626669  -0.0276249           0 -0.00668217
-0.00648063   0.0223957  0.00668217           0
EndNode2[0]<--->HoM1[0]
REAL
    0.336671    0.0155067   0.00125629     0.177891
   0.0155067     0.165207    0.0630353 -0.000630505
  0.00125629    0.0630353     0.177722  -0.00111375
    0.177891 -0.000630505  -0.00111375     0.320401
IMAGINARY
           0   -0.0184732   0.00444451  -0.00636228
   0.0184732            0  0.000386185    -0.023014
 -0.00444451 -0.000386185            0  -0.00422285
  0.00636228     0.023014   0.00422285            0
Repeater1[0]<--->EndNode1[0]
REAL
    0.33377  0.00100619   0.0060309    0.202735
 0.00100619    0.163613   0.0619708 -0.00407011
  0.0060309   0.0619708    0.175393 -0.00688854
   0.202735 -0.00407011 -0.00688854    0.327225
IMAGINARY
          0 -0.00626669 -0.00796751  0.00648063
 0.00626669           0  -0.0276249 -0.00668217
 0.00796751   0.0276249           0  -0.0223957
-0.00648063  0.00668217   0.0223957           0
Repeater1[0]<--->HoM1[0]
REAL
    0.336671   0.00125629    0.0155067     0.177891
  0.00125629     0.177722    0.0630353  -0.00111375
   0.0155067    0.0630353     0.165207 -0.000630505
    0.177891  -0.00111375 -0.000630505     0.320401
IMAGINARY
           0   0.00444451   -0.0184732  -0.00636228
 -0.00444451            0 -0.000386185  -0.00422285
   0.0184732  0.000386185            0    -0.023014
  0.00636228   0.00422285     0.023014            0
EndNode1[0]<--->Repeater1[0]
REAL
   0.300606  -0.0207144 -0.00349992    0.183544
 -0.0207144    0.180606   0.0600786  -0.0156327
-0.00349992   0.0600786    0.185455 -0.00224476
   0.183544  -0.0156327 -0.00224476    0.333333
IMAGINARY
          0 -0.00327457 -0.00751269  0.00664021
 0.00327457           0 -0.00862697   0.0054663
 0.00751269  0.00862697           0  0.00259244
-0.00664021  -0.0054663 -0.00259244           0
EndNode2[0]<--->HoM1[0]
REAL
   0.338688 -0.00638073 -0.00541841    0.179471
-0.00638073    0.178046    0.065776 -0.00155243
-0.00541841    0.065776    0.164659   0.0108167
   0.179471 -0.00155243   0.0108167    0.318608
IMAGINARY
           0   0.00504098    0.0117436    -0.011653
 -0.00504098            0   0.00512555   -0.0156196
  -0.0117436  -0.00512555            0  0.000126977
    0.011653    0.0156196 -0.000126977            0
Repeater1[0]<--->EndNode1[0]
REAL
   0.300606 -0.00349992  -0.0207144    0.183544
-0.00349992    0.185455   0.0600786 -0.00224476
 -0.0207144   0.0600786    0.180606  -0.0156327
   0.183544 -0.00224476  -0.0156327    0.333333
IMAGINARY
          0 -0.00751269 -0.00327457  0.00664021
 0.00751269           0  0.00862697  0.00259244
 0.00327457 -0.00862697           0   0.0054663
-0.00664021 -0.00259244  -0.0054663           0
Repeater1[0]<--->HoM1[0]
REAL
   0.338688 -0.00541841 -0.00638073    0.179471
-0.00541841    0.164659    0.065776   0.0108167
-0.00638073    0.065776    0.178046 -0.00155243
   0.179471   0.0108167 -0.00155243    0.318608
IMAGINARY
           0    0.0117436   0.00504098    -0.011653
  -0.0117436            0  -0.00512555  0.000126977
 -0.00504098   0.00512555            0   -0.0156196
    0.011653 -0.000126977    0.0156196            0
EndNode1[0]<--->Repeater1[0]
REAL
 0.342012 0.0116087 0.0195945  0.190736
0.0116087  0.179882 0.0493912 0.0116157
0.0195945 0.0493912  0.182249 0.0323404
 0.190736 0.0116157 0.0323404  0.295858
IMAGINARY
          0   0.0118542    0.020014   0.0026148
 -0.0118542           0   0.0130315 -0.00195671
  -0.020014  -0.0130315           0   0.0273737
 -0.0026148  0.00195671  -0.0273737           0
EndNode2[0]<--->HoM1[0]
REAL
   0.308579  -0.0199319  -0.0119055    0.189682
 -0.0199319    0.153649   0.0593321 -0.00189214
 -0.0119055   0.0593321    0.206146  0.00219204
   0.189682 -0.00189214  0.00219204    0.331626
IMAGINARY
           0    0.0195618    -0.012305    0.0152469
  -0.0195618            0 -0.000358578  -0.00909577
    0.012305  0.000358578            0   0.00313602
  -0.0152469   0.00909577  -0.00313602            0
Repeater1[0]<--->EndNode1[0]
REAL
 0.342012 0.0195945 0.0116087  0.190736
0.0195945  0.182249 0.0493912 0.0323404
0.0116087 0.0493912  0.179882 0.0116157
 0.190736 0.0323404 0.0116157  0.295858
IMAGINARY
          0    0.020014   0.0118542   0.0026148
  -0.020014           0  -0.0130315   0.0273737
 -0.0118542   0.0130315           0 -0.00195671
 -0.0026148  -0.0273737  0.00195671           0
Repeater1[0]<--->HoM1[0]
REAL
   0.308579  -0.0119055  -0.0199319    0.189682
 -0.0119055    0.206146   0.0593321  0.00219204
 -0.0199319   0.0593321    0.153649 -0.00189214
   0.189682  0.00219204 -0.00189214    0.331626
IMAGINARY
           0    -0.012305    0.0195618    0.0152469
    0.012305            0  0.000358578   0.00313602
  -0.0195618 -0.000358578            0  -0.00909577
  -0.0152469  -0.00313602   0.00909577            0
EndNode1[0]<--->Repeater1[0]
REAL
    0.343958    0.0135631    0.0142934     0.189906
   0.0135631     0.171315    0.0588502 -0.000611779
   0.0142934    0.0588502     0.162019    0.0175314
    0.189906 -0.000611779    0.0175314     0.322709
IMAGINARY
           0   -0.0115179   -0.0037797  0.000148375
   0.0115179            0   -0.0300185   0.00688529
   0.0037797    0.0300185            0  -0.00525226
-0.000148375  -0.00688529   0.00525226            0
EndNode2[0]<--->HoM1[0]
REAL
   0.323961  0.00985994   0.0108265     0.21538
 0.00985994    0.158924   0.0474164 -0.00146324
  0.0108265   0.0474164    0.216381 -0.00299353
    0.21538 -0.00146324 -0.00299353    0.300733
IMAGINARY
           0  0.000693592   0.00210522    0.0123413
-0.000693592            0    0.0218522  -0.00664478
 -0.00210522   -0.0218522            0    0.0194102
  -0.0123413   0.00664478   -0.0194102            0
Repeater1[0]<--->EndNode1[0]
REAL
    0.343958    0.0142934    0.0135631     0.189906
   0.0142934     0.162019    0.0588502    0.0175314
   0.0135631    0.0588502     0.171315 -0.000611779
    0.189906    0.0175314 -0.000611779     0.322709
IMAGINARY
           0   -0.0037797   -0.0115179  0.000148375
   0.0037797            0    0.0300185  -0.00525226
   0.0115179   -0.0300185            0   0.00688529
-0.000148375   0.00525226  -0.00688529            0
Repeater1[0]<--->HoM1[0]
REAL
   0.323961   0.0108265  0.00985994     0.21538
  0.0108265    0.216381   0.0474164 -0.00299353
 0.00985994   0.0474164    0.158924 -0.00146324
    0.21538 -0.00299353 -0.00146324    0.300733
IMAGINARY
           0   0.00210522  0.000693592    0.0123413
 -0.00210522            0   -0.0218522    0.0194102
-0.000693592    0.0218522            0  -0.00664478
  -0.0123413   -0.0194102   0.00664478            0
EndNode1[0]<--->Repeater1[0]
REAL
   0.309305 0.000866291   0.0210648     0.18004
0.000866291    0.197903    0.056278  -0.0185772
  0.0210648    0.056278    0.146789  0.00410883
    0.18004  -0.0185772  0.00410883    0.346003
IMAGINARY
          0  0.00707141   0.0221924   0.0026022
-0.00707141           0   0.0170313  0.00874815
 -0.0221924  -0.0170313           0  0.00159196
 -0.0026022 -0.00874815 -0.00159196           0
EndNode2[0]<--->HoM1[0]
REAL
   0.322663   0.0163458   0.0131579    0.187165
  0.0163458    0.160051   0.0608766  -0.0131579
  0.0131579   0.0608766    0.176697 -0.00198546
   0.187165  -0.0131579 -0.00198546    0.340589
IMAGINARY
           0   -0.0164679    0.0176873   -0.0179776
   0.0164679            0    0.0148409  0.000353952
  -0.0176873   -0.0148409            0   -0.0247693
   0.0179776 -0.000353952    0.0247693            0
Repeater1[0]<--->EndNode1[0]
REAL
   0.309305   0.0210648 0.000866291     0.18004
  0.0210648    0.146789    0.056278  0.00410883
0.000866291    0.056278    0.197903  -0.0185772
    0.18004  0.00410883  -0.0185772    0.346003
IMAGINARY
          0   0.0221924  0.00707141   0.0026022
 -0.0221924           0  -0.0170313  0.00159196
-0.00707141   0.0170313           0  0.00874815
 -0.0026022 -0.00159196 -0.00874815           0
Repeater1[0]<--->HoM1[0]
REAL
   0.322663   0.0131579   0.0163458    0.187165
  0.0131579    0.176697   0.0608766 -0.00198546
  0.0163458   0.0608766    0.160051  -0.0131579
   0.187165 -0.00198546  -0.0131579    0.340589
IMAGINARY
           0    0.0176873   -0.0164679   -0.0179776
  -0.0176873            0   -0.0148409   -0.0247693
   0.0164679    0.0148409            0  0.000353952
   0.0179776    0.0247693 -0.000353952            0
EndNode1[0]<--->Repeater1[0]
REAL
    0.33375 -0.00775841  0.00519747    0.183311
-0.00775841     0.18375   0.0702008   0.0171525
 0.00519747   0.0702008     0.16375   0.0109513
   0.183311   0.0171525   0.0109513     0.31875
IMAGINARY
           0    0.0178807    0.0131424    0.0135675
  -0.0178807            0   0.00438118   -0.0324226
  -0.0131424  -0.00438118            0  0.000114181
  -0.0135675    0.0324226 -0.000114181            0
EndNode2[0]<--->HoM1[0]
REAL
   0.321019 -0.00530266  -0.0103785    0.199832
-0.00530266    0.155414   0.0574235   0.0143363
 -0.0103785   0.0574235    0.182166  0.00926045
   0.199832   0.0143363  0.00926045    0.341401
IMAGINARY
          0   0.0224529  0.00182126 -0.00852778
 -0.0224529           0   0.0135403  0.00884373
-0.00182126  -0.0135403           0 -0.00175022
 0.00852778 -0.00884373  0.00175022           0
Repeater1[0]<--->EndNode1[0]
REAL
    0.33375  0.00519747 -0.00775841    0.183311
 0.00519747     0.16375   0.0702008   0.0109513
-0.00775841   0.0702008     0.18375   0.0171525
   0.183311   0.0109513   0.0171525     0.31875
IMAGINARY
           0    0.0131424    0.0178807    0.0135675
  -0.0131424            0  -0.00438118  0.000114181
  -0.0178807   0.00438118            0   -0.0324226
  -0.0135675 -0.000114181    0.0324226            0
Repeater1[0]<--->HoM1[0]
REAL
   0.321019  -0.0103785 -0.00530266    0.199832
 -0.0103785    0.182166   0.0574235  0.00926045
-0.00530266   0.0574235    0.155414   0.0143363
   0.199832  0.00926045   0.0143363    0.341401
IMAGINARY
          0  0.00182126   0.0224529 -0.00852778
-0.00182126           0  -0.0135403 -0.00175022
 -0.0224529   0.0135403           0  0.00884373
 0.00852778  0.00175022 -0.00884373           0
EndNode1[0]<--->Repeater1[0]
REAL
  0.315857  0.0114593 -0.0203643   0.183353
 0.0114593    0.18798  0.0740197   0.002938
-0.0203643  0.0740197   0.179028 0.00730746
  0.183353   0.002938 0.00730746   0.317136
IMAGINARY
          0   0.0209785  0.00706722  -0.0160551
 -0.0209785           0 -0.00985163  0.00226612
-0.00706722  0.00985163           0 -0.00764515
  0.0160551 -0.00226612  0.00764515           0
EndNode2[0]<--->HoM1[0]
REAL
   0.302703    -0.01896  -0.0112269     0.21409
   -0.01896     0.17973   0.0536122 -0.00181659
 -0.0112269   0.0536122    0.167568   0.0220656
    0.21409 -0.00181659   0.0220656        0.35
IMAGINARY
          0 -0.00298277  -0.0191939   0.0050736
 0.00298277           0  -0.0181822  0.00858385
  0.0191939   0.0181822           0 -0.00232227
 -0.0050736 -0.00858385  0.00232227           0
Repeater1[0]<--->EndNode1[0]
REAL
  0.315857 -0.0203643  0.0114593   0.183353
-0.0203643   0.179028  0.0740197 0.00730746
 0.0114593  0.0740197    0.18798   0.002938
  0.183353 0.00730746   0.002938   0.317136
IMAGINARY
          0  0.00706722   0.0209785  -0.0160551
-0.00706722           0  0.00985163 -0.00764515
 -0.0209785 -0.00985163           0  0.00226612
  0.0160551  0.00764515 -0.00226612           0
Repeater1[0]<--->HoM1[0]
REAL
   0.302703  -0.0112269    -0.01896     0.21409
 -0.0112269    0.167568   0.0536122   0.0220656
   -0.01896   0.0536122     0.17973 -0.00181659
    0.21409   0.0220656 -0.00181659        0.35
IMAGINARY
          0  -0.0191939 -0.00298277   0.0050736
  0.0191939           0   0.0181822 -0.00232227
 0.00298277  -0.0181822           0  0.00858385
 -0.0050736  0.00232227 -0.00858385           0
EndNode1[0]<--->Repeater1[0]
REAL
   0.335467  -0.0136487  0.00136097    0.182362
 -0.0136487    0.179257   0.0513191  0.00386097
 0.00136097   0.0513191    0.175416 -0.00462807
   0.182362  0.00386097 -0.00462807    0.309859
IMAGINARY
          0  0.00103157 -0.00062305 -0.00989201
-0.00103157           0  -0.0200443 -0.00319374
 0.00062305   0.0200443           0  -0.0124819
 0.00989201  0.00319374   0.0124819           0
EndNode2[0]<--->HoM1[0]
REAL
   0.335561  0.00154419   0.0052161    0.194866
 0.00154419    0.161765    0.044264 -0.00583722
  0.0052161    0.044264    0.191176  0.00280364
   0.194866 -0.00583722  0.00280364    0.311497
IMAGINARY
           0    0.0081404  0.000974876  -0.00604522
  -0.0081404            0   0.00733057  -0.00298291
-0.000974876  -0.00733057            0   0.00323844
  0.00604522   0.00298291  -0.00323844            0
Repeater1[0]<--->EndNode1[0]
REAL
   0.335467  0.00136097  -0.0136487    0.182362
 0.00136097    0.175416   0.0513191 -0.00462807
 -0.0136487   0.0513191    0.179257  0.00386097
   0.182362 -0.00462807  0.00386097    0.309859
IMAGINARY
          0 -0.00062305  0.00103157 -0.00989201
 0.00062305           0   0.0200443  -0.0124819
-0.00103157  -0.0200443           0 -0.00319374
 0.00989201   0.0124819  0.00319374           0
Repeater1[0]<--->HoM1[0]
REAL
   0.335561   0.0052161  0.00154419    0.194866
  0.0052161    0.191176    0.044264  0.00280364
 0.00154419    0.044264    0.161765 -0.00583722
   0.194866  0.00280364 -0.00583722    0.311497
IMAGINARY
           0  0.000974876    0.0081404  -0.00604522
-0.000974876            0  -0.00733057   0.00323844
  -0.0081404   0.00733057            0  -0.00298291
  0.00604522  -0.00323844   0.00298291            0
EndNode1[0]<--->Repeater1[0]
REAL
   0.312907   0.0185417  -0.0127717    0.200033
  0.0185417    0.191656   0.0753389 -0.00143669
 -0.0127717   0.0753389    0.189048   0.0159644
   0.200033 -0.00143669   0.0159644    0.306389
IMAGINARY
          0 -0.00380733  0.00914475   0.0257368
 0.00380733           0 -0.00382957 -0.00792225
-0.00914475  0.00382957           0  -0.0230875
 -0.0257368  0.00792225   0.0230875           0
EndNode2[0]<--->HoM1[0]
REAL
   0.315789 -0.00877159  -0.0123177    0.192308
-0.00877159    0.186136   0.0616187 -0.00338912
 -0.0123177   0.0616187    0.174583  0.00615379
   0.192308 -0.00338912  0.00615379    0.323492
IMAGINARY
           0   -0.0180615   0.00568104  -0.00876706
   0.0180615            0    0.0146803     0.014475
 -0.00568104   -0.0146803            0  0.000506186
  0.00876706    -0.014475 -0.000506186            0
Repeater1[0]<--->EndNode1[0]
REAL
   0.312907  -0.0127717   0.0185417    0.200033
 -0.0127717    0.189048   0.0753389   0.0159644
  0.0185417   0.0753389    0.191656 -0.00143669
   0.200033   0.0159644 -0.00143669    0.306389
IMAGINARY
          0  0.00914475 -0.00380733   0.0257368
-0.00914475           0  0.00382957  -0.0230875
 0.00380733 -0.00382957           0 -0.00792225
 -0.0257368   0.0230875  0.00792225           0
Repeater1[0]<--->HoM1[0]
REAL
   0.315789  -0.0123177 -0.00877159    0.192308
 -0.0123177    0.174583   0.0616187  0.00615379
-0.00877159   0.0616187    0.186136 -0.00338912
   0.192308  0.00615379 -0.00338912    0.323492
IMAGINARY
           0   0.00568104   -0.0180615  -0.00876706
 -0.00568104            0   -0.0146803  0.000506186
   0.0180615    0.0146803            0     0.014475
  0.00876706 -0.000506186    -0.014475            0
EndNode1[0]<--->Repeater1[0]
REAL
   0.333744 -0.00419976  0.00719615    0.192544
-0.00419976    0.171182   0.0432805 -0.00333017
 0.00719615   0.0432805    0.166256  -0.0035322
   0.192544 -0.00333017  -0.0035322    0.328818
IMAGINARY
          0  -0.0174392  0.00130099 -0.00824627
  0.0174392           0   0.0113989   0.0194487
-0.00130099  -0.0113989           0  -0.0193747
 0.00824627  -0.0194487   0.0193747           0
EndNode2[0]<--->HoM1[0]
REAL
   0.341584   0.0209982 0.000341997    0.183897
  0.0209982    0.163366   0.0630251 0.000341997
0.000341997   0.0630251    0.181931  -0.0107383
   0.183897 0.000341997  -0.0107383    0.313119
IMAGINARY
          0   0.0160956 -0.00644153 -0.00403509
 -0.0160956           0   0.0135202   -0.011392
 0.00644153  -0.0135202           0  -0.0101511
 0.00403509    0.011392   0.0101511           0
Repeater1[0]<--->EndNode1[0]
REAL
   0.333744  0.00719615 -0.00419976    0.192544
 0.00719615    0.166256   0.0432805  -0.0035322
-0.00419976   0.0432805    0.171182 -0.00333017
   0.192544  -0.0035322 -0.00333017    0.328818
IMAGINARY
          0  0.00130099  -0.0174392 -0.00824627
-0.00130099           0  -0.0113989  -0.0193747
  0.0174392   0.0113989           0   0.0194487
 0.00824627   0.0193747  -0.0194487           0
Repeater1[0]<--->HoM1[0]
REAL
   0.341584 0.000341997   0.0209982    0.183897
0.000341997    0.181931   0.0630251  -0.0107383
  0.0209982   0.0630251    0.163366 0.000341997
   0.183897  -0.0107383 0.000341997    0.313119
IMAGINARY
          0 -0.00644153   0.0160956 -0.00403509
 0.00644153           0  -0.0135202  -0.0101511
 -0.0160956   0.0135202           0   -0.011392
 0.00403509   0.0101511    0.011392           0
EndNode1[0]<--->Repeater1[0]
REAL
   0.325916  0.00242502  -0.0306608    0.206111
 0.00242502    0.179319   0.0512328   0.0223594
 -0.0306608   0.0512328    0.174084 -0.00561787
   0.206111   0.0223594 -0.00561787    0.320681
IMAGINARY
           0  -0.00943648  0.000523785  -0.00601345
  0.00943648            0   -0.0133664   0.00313475
-0.000523785    0.0133664            0   0.00455843
  0.00601345  -0.00313475  -0.00455843            0
EndNode2[0]<--->HoM1[0]
REAL
   0.345806  0.00403727   0.0338444    0.192491
 0.00403727    0.154839   0.0556484 -0.00530839
  0.0338444   0.0556484    0.174194 -0.00403727
   0.192491 -0.00530839 -0.00403727    0.325161
IMAGINARY
          0  -0.0108781    0.015204   -0.010882
  0.0108781           0   0.0142198 -0.00336192
  -0.015204  -0.0142198           0  -0.0220167
   0.010882  0.00336192   0.0220167           0
Repeater1[0]<--->EndNode1[0]
REAL
   0.325916  -0.0306608  0.00242502    0.206111
 -0.0306608    0.174084   0.0512328 -0.00561787
 0.00242502   0.0512328    0.179319   0.0223594
   0.206111 -0.00561787   0.0223594    0.320681
IMAGINARY
           0  0.000523785  -0.00943648  -0.00601345
-0.000523785            0    0.0133664   0.00455843
  0.00943648   -0.0133664            0   0.00313475
  0.00601345  -0.00455843  -0.00313475            0
Repeater1[0]<--->HoM1[0]
REAL
   0.345806   0.0338444  0.00403727    0.192491
  0.0338444    0.174194   0.0556484 -0.00403727
 0.00403727   0.0556484    0.154839 -0.00530839
   0.192491 -0.00403727 -0.00530839    0.325161
IMAGINARY
          0    0.015204  -0.0108781   -0.010882
  -0.015204           0  -0.0142198  -0.0220167
  0.0108781   0.0142198           0 -0.00336192
   0.010882   0.0220167  0.00336192           0
EndNode1[0]<--->Repeater1[0]
REAL
  0.308399  0.0106552  0.0052305   0.188708
 0.0106552   0.164042  0.0325819  0.0186405
 0.0052305  0.0325819   0.198163 0.00547384
  0.188708  0.0186405 0.00547384   0.329396
IMAGINARY
           0 -0.000131278    0.0178701   -0.0172707
 0.000131278            0   0.00988158   0.00518654
  -0.0178701  -0.00988158            0   -0.0163378
   0.0172707  -0.00518654    0.0163378            0
EndNode2[0]<--->HoM1[0]
REAL
  0.315789 0.00096024 -0.0061948   0.202829
0.00096024   0.188158  0.0620284 0.00748679
-0.0061948  0.0620284   0.159211 -0.0125881
  0.202829 0.00748679 -0.0125881   0.336842
IMAGINARY
           0  -0.00463222  0.000982166   0.00653619
  0.00463222            0    0.0124032   0.00840457
-0.000982166   -0.0124032            0   -0.0135155
 -0.00653619  -0.00840457    0.0135155            0
Repeater1[0]<--->EndNode1[0]
REAL
  0.308399  0.0052305  0.0106552   0.188708
 0.0052305   0.198163  0.0325819 0.00547384
 0.0106552  0.0325819   0.164042  0.0186405
  0.188708 0.00547384  0.0186405   0.329396
IMAGINARY
           0    0.0178701 -0.000131278   -0.0172707
  -0.0178701            0  -0.00988158   -0.0163378
 0.000131278   0.00988158            0   0.00518654
   0.0172707    0.0163378  -0.00518654            0
Repeater1[0]<--->HoM1[0]
REAL
  0.315789 -0.0061948 0.00096024   0.202829
-0.0061948   0.159211  0.0620284 -0.0125881
0.00096024  0.0620284   0.188158 0.00748679
  0.202829 -0.0125881 0.00748679   0.336842
IMAGINARY
           0  0.000982166  -0.00463222   0.00653619
-0.000982166            0   -0.0124032   -0.0135155
  0.00463222    0.0124032            0   0.00840457
 -0.00653619    0.0135155  -0.00840457            0
EndNode1[0]<--->Repeater1[0]
REAL
  0.319641  0.0185387 -0.0168966   0.207415
 0.0185387   0.183569  0.0454077 -0.0188625
-0.0168966  0.0454077   0.210526 -0.0254396
  0.207415 -0.0188625 -0.0254396   0.286264
IMAGINARY
          0  0.00307613  0.00882876 -0.00729385
-0.00307613           0  -0.0183472  0.00578369
-0.00882876   0.0183472           0   0.0102657
 0.00729385 -0.00578369  -0.0102657           0
EndNode2[0]<--->HoM1[0]
REAL
 0.332071 0.0144278 0.0186534  0.194436
0.0144278  0.185606 0.0483836 0.0296495
0.0186534 0.0483836  0.161616 0.0273477
 0.194436 0.0296495 0.0273477  0.320707
IMAGINARY
          0 -0.00391596  -0.0184228 -0.00461255
 0.00391596           0  0.00461255  -0.0197351
  0.0184228 -0.00461255           0  -0.0118735
 0.00461255   0.0197351   0.0118735           0
Repeater1[0]<--->EndNode1[0]
REAL
  0.319641 -0.0168966  0.0185387   0.207415
-0.0168966   0.210526  0.0454077 -0.0254396
 0.0185387  0.0454077   0.183569 -0.0188625
  0.207415 -0.0254396 -0.0188625   0.286264
IMAGINARY
          0  0.00882876  0.00307613 -0.00729385
-0.00882876           0   0.0183472   0.0102657
-0.00307613  -0.0183472           0  0.00578369
 0.00729385  -0.0102657 -0.00578369           0
Repeater1[0]<--->HoM1[0]
REAL
 0.332071 0.0186534 0.0144278  0.194436
0.0186534  0.161616 0.0483836 0.0273477
0.0144278 0.0483836  0.185606 0.0296495
 0.194436 0.0273477 0.0296495  0.320707
IMAGINARY
          0  -0.0184228 -0.00391596 -0.00461255
  0.0184228           0 -0.00461255  -0.0118735
 0.00391596  0.00461255           0  -0.0197351
 0.00461255   0.0118735   0.0197351           0
EndNode1[0]<--->Repeater1[0]
REAL
   0.334625   0.0091057 -0.00137456    0.179736
  0.0091057     0.19509   0.0552195  -0.0120697
-0.00137456   0.0552195    0.152455   -0.028952
   0.179736  -0.0120697   -0.028952    0.317829
IMAGINARY
          0  -0.0111278   0.0275906 -0.00785118
  0.0111278           0  0.00912995   0.0169256
 -0.0275906 -0.00912995           0    0.011773
 0.00785118  -0.0169256   -0.011773           0
EndNode2[0]<--->HoM1[0]
REAL
   0.32797  0.0219457 0.00247835   0.200983
 0.0219457   0.191832  0.0426717 -0.0151687
0.00247835  0.0426717   0.181931 -0.0194077
  0.200983 -0.0151687 -0.0194077   0.298267
IMAGINARY
          0  -0.0188027  -0.0170174 -0.00386875
  0.0188027           0   0.0127364 -0.00672932
  0.0170174  -0.0127364           0 -0.00890175
 0.00386875  0.00672932  0.00890175           0
Repeater1[0]<--->EndNode1[0]
REAL
   0.334625 -0.00137456   0.0091057    0.179736
-0.00137456    0.152455   0.0552195   -0.028952
  0.0091057   0.0552195     0.19509  -0.0120697
   0.179736   -0.028952  -0.0120697    0.317829
IMAGINARY
          0   0.0275906  -0.0111278 -0.00785118
 -0.0275906           0 -0.00912995    0.011773
  0.0111278  0.00912995           0   0.0169256
 0.00785118   -0.011773  -0.0169256           0
Repeater1[0]<--->HoM1[0]
REAL
   0.32797 0.00247835  0.0219457   0.200983
0.00247835   0.181931  0.0426717 -0.0194077
 0.0219457  0.0426717   0.191832 -0.0151687
  0.200983 -0.0194077 -0.0151687   0.298267
IMAGINARY
          0  -0.0170174  -0.0188027 -0.00386875
  0.0170174           0  -0.0127364 -0.00890175
  0.0188027   0.0127364           0 -0.00672932
 0.00386875  0.00890175  0.00672932           0
EndNode1[0]<--->Repeater1[0]
REAL
  0.356863 0.00760161 0.00250321   0.199329
0.00760161   0.163399  0.0464989 -0.0185494
0.00250321  0.0464989   0.179085  -0.018513
  0.199329 -0.0185494  -0.018513   0.300654
IMAGINARY
          0   0.0161327   0.0121142  -0.0171002
 -0.0161327           0  0.00751118  -0.0278374
 -0.0121142 -0.00751118           0 -0.00544089
  0.0171002   0.0278374  0.00544089           0
EndNode2[0]<--->HoM1[0]
REAL
  0.340153 -0.0148593  0.0166319   0.191349
-0.0148593   0.168798  0.0608857 0.00188661
 0.0166319  0.0608857    0.18798  -0.010045
  0.191349 0.00188661  -0.010045   0.303069
IMAGINARY
           0  -0.00124022   0.00152073    0.0178312
  0.00124022            0   0.00767896  -0.00218298
 -0.00152073  -0.00767896            0  0.000577965
  -0.0178312   0.00218298 -0.000577965            0
Repeater1[0]<--->EndNode1[0]
REAL
  0.356863 0.00250321 0.00760161   0.199329
0.00250321   0.179085  0.0464989  -0.018513
0.00760161  0.0464989   0.163399 -0.0185494
  0.199329  -0.018513 -0.0185494   0.300654
IMAGINARY
          0   0.0121142   0.0161327  -0.0171002
 -0.0121142           0 -0.00751118 -0.00544089
 -0.0161327  0.00751118           0  -0.0278374
  0.0171002  0.00544089   0.0278374           0
Repeater1[0]<--->HoM1[0]
REAL
  0.340153  0.0166319 -0.0148593   0.191349
 0.0166319    0.18798  0.0608857  -0.010045
-0.0148593  0.0608857   0.168798 0.00188661
  0.191349  -0.010045 0.00188661   0.303069
IMAGINARY
           0   0.00152073  -0.00124022    0.0178312
 -0.00152073            0  -0.00767896  0.000577965
  0.00124022   0.00767896            0  -0.00218298
  -0.0178312 -0.000577965   0.00218298            0
EndNode1[0]<--->Repeater1[0]
REAL
   0.317295  0.00529413   0.0005678     0.19123
 0.00529413    0.210663   0.0456118 -0.00933973
  0.0005678   0.0456118     0.16775  -0.0115598
    0.19123 -0.00933973  -0.0115598    0.304291
IMAGINARY
           0   0.00214028 -3.27903e-05   0.00873221
 -0.00214028            0   0.00873221  -0.00512185
 3.27903e-05  -0.00873221            0  -0.00858358
 -0.00873221   0.00512185   0.00858358            0
EndNode2[0]<--->HoM1[0]
REAL
   0.356557   0.0085903 -0.00200935    0.191105
  0.0085903    0.166667   0.0501446   0.0120093
-0.00200935   0.0501446    0.206284 0.000159695
   0.191105   0.0120093 0.000159695    0.270492
IMAGINARY
          0  -0.0129967  -0.0056276  -0.0141724
  0.0129967           0  0.00663469  0.00246704
  0.0056276 -0.00663469           0  0.00857192
  0.0141724 -0.00246704 -0.00857192           0
Repeater1[0]<--->EndNode1[0]
REAL
   0.317295   0.0005678  0.00529413     0.19123
  0.0005678     0.16775   0.0456118  -0.0115598
 0.00529413   0.0456118    0.210663 -0.00933973
    0.19123  -0.0115598 -0.00933973    0.304291
IMAGINARY
           0 -3.27903e-05   0.00214028   0.00873221
 3.27903e-05            0  -0.00873221  -0.00858358
 -0.00214028   0.00873221            0  -0.00512185
 -0.00873221   0.00858358   0.00512185            0
Repeater1[0]<--->HoM1[0]
REAL
   0.356557 -0.00200935   0.0085903    0.191105
-0.00200935    0.206284   0.0501446 0.000159695
  0.0085903   0.0501446    0.166667   0.0120093
   0.191105 0.000159695   0.0120093    0.270492
IMAGINARY
          0  -0.0056276  -0.0129967  -0.0141724
  0.0056276           0 -0.00663469  0.00857192
  0.0129967  0.00663469           0  0.00246704
  0.0141724 -0.00857192 -0.00246704           0
EndNode1[0]<--->Repeater1[0]
REAL
     0.32021  0.000612745 -1.81107e-05      0.19171
 0.000612745     0.178478    0.0546134   0.00737105
-1.81107e-05    0.0546134     0.165354  0.000612745
     0.19171   0.00737105  0.000612745     0.335958
IMAGINARY
          0  0.00506318  0.00704788 -0.00303896
-0.00506318           0   -0.019039  -0.0057038
-0.00704788    0.019039           0  -0.0225363
 0.00303896   0.0057038   0.0225363           0
EndNode2[0]<--->HoM1[0]
REAL
   0.362391 -0.00343053   0.0100064    0.207633
-0.00343053    0.201743   0.0405331   0.0119985
  0.0100064   0.0405331    0.143213 -0.00145944
   0.207633   0.0119985 -0.00145944    0.292653
IMAGINARY
           0 -3.54802e-05   0.00396335   0.00903803
 3.54802e-05            0   0.00717468    0.0148923
 -0.00396335  -0.00717468            0   -0.0292233
 -0.00903803   -0.0148923    0.0292233            0
Repeater1[0]<--->EndNode1[0]
REAL
     0.32021 -1.81107e-05  0.000612745      0.19171
-1.81107e-05     0.165354    0.0546134  0.000612745
 0.000612745    0.0546134     0.178478   0.00737105
     0.19171  0.000612745   0.00737105     0.335958
IMAGINARY
          0  0.00704788  0.00506318 -0.00303896
-0.00704788           0    0.019039  -0.0225363
-0.00506318   -0.019039           0  -0.0057038
 0.00303896   0.0225363   0.0057038           0
Repeater1[0]<--->HoM1[0]
REAL
   0.362391   0.0100064 -0.00343053    0.207633
  0.0100064    0.143213   0.0405331 -0.00145944
-0.00343053   0.0405331    0.201743   0.0119985
   0.207633 -0.00145944   0.0119985    0.292653
IMAGINARY
           0   0.00396335 -3.54802e-05   0.00903803
 -0.00396335            0  -0.00717468   -0.0292233
 3.54802e-05   0.00717468            0    0.0148923
 -0.00903803    0.0292233   -0.0148923            0
EndNode1[0]<--->Repeater1[0]
REAL
  0.358247 -0.0083012 -0.0101707   0.189022
-0.0083012   0.185567  0.0784817 0.00290522
-0.0101707  0.0784817   0.159794  0.0168877
  0.189022 0.00290522  0.0168877   0.296392
IMAGINARY
           0   -0.0115512 -0.000652637   -0.0204688
   0.0115512            0  -0.00214423   0.00322333
 0.000652637   0.00214423            0   -0.0128704
   0.0204688  -0.00322333    0.0128704            0
EndNode2[0]<--->HoM1[0]
REAL
   0.304516   -0.015773   -0.014595    0.180074
