EndNode1[0]<--->Repeater1[0]
REAL
   0.439336  0.00982256  0.00101077    0.367112
 0.00982256   0.0664112   0.0451014 -0.00228304
 0.00101077   0.0451014   0.0740741 -0.00982256
   0.367112 -0.00228304 -0.00982256    0.420179
IMAGINARY
          0 -0.00969997 -0.00652277 -0.00631795
 0.00969997           0  0.00504569  0.00924016
 0.00652277 -0.00504569           0  0.00834127
 0.00631795 -0.00924016 -0.00834127           0
EndNode2[0]<--->HoM1[0]
REAL
   0.429825  -0.0106278  -0.0187215    0.382871
 -0.0106278   0.0776942   0.0302259 0.000973593
 -0.0187215   0.0302259   0.0614035 -0.00100009
   0.382871 0.000973593 -0.00100009    0.431078
IMAGINARY
           0 -0.000292894   0.00722082  -0.00153584
 0.000292894            0   -0.0149767   -0.0261125
 -0.00722082    0.0149767            0    0.0229629
  0.00153584    0.0261125   -0.0229629            0
Repeater1[0]<--->EndNode1[0]
REAL
   0.439336  0.00101077  0.00982256    0.367112
 0.00101077   0.0740741   0.0451014 -0.00982256
 0.00982256   0.0451014   0.0664112 -0.00228304
   0.367112 -0.00982256 -0.00228304    0.420179
IMAGINARY
          0 -0.00652277 -0.00969997 -0.00631795
 0.00652277           0 -0.00504569  0.00834127
 0.00969997  0.00504569           0  0.00924016
 0.00631795 -0.00834127 -0.00924016           0
Repeater1[0]<--->HoM1[0]
REAL
   0.429825  -0.0187215  -0.0106278    0.382871
 -0.0187215   0.0614035   0.0302259 -0.00100009
 -0.0106278   0.0302259   0.0776942 0.000973593
   0.382871 -0.00100009 0.000973593    0.431078
IMAGINARY
           0   0.00722082 -0.000292894  -0.00153584
 -0.00722082            0    0.0149767    0.0229629
 0.000292894   -0.0149767            0   -0.0261125
  0.00153584   -0.0229629    0.0261125            0
EndNode1[0]<--->Repeater1[0]
REAL
   0.461047 -0.00933769  -0.0144888    0.381218
-0.00933769    0.063857   0.0242545 -0.00292415
 -0.0144888   0.0242545   0.0536398 -0.00558769
   0.381218 -0.00292415 -0.00558769    0.421456
IMAGINARY
          0  -0.0197554   0.0130339  -0.0184018
  0.0197554           0  0.00908507 -0.00738772
 -0.0130339 -0.00908507           0   0.0141092
  0.0184018  0.00738772  -0.0141092           0
EndNode2[0]<--->HoM1[0]
REAL
   0.438059  0.00189732  0.00549869    0.374378
 0.00189732   0.0523627   0.0287229  0.00612921
 0.00549869   0.0287229   0.0804598 0.000686663
   0.374378  0.00612921 0.000686663    0.429119
IMAGINARY
           0   -0.0262047    0.0225331    -0.022111
   0.0262047            0 -0.000731665  0.000164687
  -0.0225331  0.000731665            0   -0.0159483
    0.022111 -0.000164687    0.0159483            0
Repeater1[0]<--->EndNode1[0]
REAL
   0.461047  -0.0144888 -0.00933769    0.381218
 -0.0144888   0.0536398   0.0242545 -0.00558769
-0.00933769   0.0242545    0.063857 -0.00292415
   0.381218 -0.00558769 -0.00292415    0.421456
IMAGINARY
          0   0.0130339  -0.0197554  -0.0184018
 -0.0130339           0 -0.00908507   0.0141092
  0.0197554  0.00908507           0 -0.00738772
  0.0184018  -0.0141092  0.00738772           0
Repeater1[0]<--->HoM1[0]
REAL
   0.438059  0.00549869  0.00189732    0.374378
 0.00549869   0.0804598   0.0287229 0.000686663
 0.00189732   0.0287229   0.0523627  0.00612921
   0.374378 0.000686663  0.00612921    0.429119
IMAGINARY
           0    0.0225331   -0.0262047    -0.022111
  -0.0225331            0  0.000731665   -0.0159483
   0.0262047 -0.000731665            0  0.000164687
    0.022111    0.0159483 -0.000164687            0
EndNode1[0]<--->Repeater1[0]
REAL
   0.435366 0.000299771  -0.0331782    0.373974
0.000299771   0.0792683   0.0333366  -0.0046808
 -0.0331782   0.0333366   0.0634146  -0.0055217
   0.373974  -0.0046808  -0.0055217    0.421951
IMAGINARY
           0  -0.00280417   -0.0104691    0.0270972
  0.00280417            0 -0.000922714   -0.0180833
   0.0104691  0.000922714            0   0.00745224
  -0.0270972    0.0180833  -0.00745224            0
EndNode2[0]<--->HoM1[0]
REAL
    0.439845  -0.00878528   -0.0110111      0.38733
 -0.00878528    0.0543338    0.0266204   0.00384034
  -0.0110111    0.0266204    0.0815006 -0.000993075
     0.38733   0.00384034 -0.000993075     0.424321
IMAGINARY
          0  -0.0047249   0.0026161 -0.00302323
  0.0047249           0   0.0126018 -0.00195907
 -0.0026161  -0.0126018           0 -0.00907273
 0.00302323  0.00195907  0.00907273           0
Repeater1[0]<--->EndNode1[0]
REAL
   0.435366  -0.0331782 0.000299771    0.373974
 -0.0331782   0.0634146   0.0333366  -0.0055217
0.000299771   0.0333366   0.0792683  -0.0046808
   0.373974  -0.0055217  -0.0046808    0.421951
IMAGINARY
           0   -0.0104691  -0.00280417    0.0270972
   0.0104691            0  0.000922714   0.00745224
  0.00280417 -0.000922714            0   -0.0180833
  -0.0270972  -0.00745224    0.0180833            0
Repeater1[0]<--->HoM1[0]
REAL
    0.439845   -0.0110111  -0.00878528      0.38733
  -0.0110111    0.0815006    0.0266204 -0.000993075
 -0.00878528    0.0266204    0.0543338   0.00384034
     0.38733 -0.000993075   0.00384034     0.424321
IMAGINARY
          0   0.0026161  -0.0047249 -0.00302323
 -0.0026161           0  -0.0126018 -0.00907273
  0.0047249   0.0126018           0 -0.00195907
 0.00302323  0.00907273  0.00195907           0
EndNode1[0]<--->Repeater1[0]
REAL
   0.441541 -0.00527134  -0.0139865    0.379113
-0.00527134   0.0660248   0.0241129  0.00457788
 -0.0139865   0.0241129   0.0701513  0.00123908
   0.379113  0.00457788  0.00123908    0.422283
IMAGINARY
          0 -0.00167588   0.0143548 -0.00569031
 0.00167588           0   0.0273785 -0.00435484
 -0.0143548  -0.0273785           0  0.00417588
 0.00569031  0.00435484 -0.00417588           0
EndNode2[0]<--->HoM1[0]
REAL
    0.42595 -0.00981055 -0.00172509    0.369609
-0.00981055   0.0550459   0.0269425 -0.00888499
-0.00172509   0.0269425   0.0825688  0.00981055
   0.369609 -0.00888499  0.00981055    0.436435
IMAGINARY
          0 -0.00727932 -0.00597872   0.0164002
 0.00727932           0  -0.0145276  0.00997872
 0.00597872   0.0145276           0  -0.0127207
 -0.0164002 -0.00997872   0.0127207           0
Repeater1[0]<--->EndNode1[0]
REAL
   0.441541  -0.0139865 -0.00527134    0.379113
 -0.0139865   0.0701513   0.0241129  0.00123908
-0.00527134   0.0241129   0.0660248  0.00457788
   0.379113  0.00123908  0.00457788    0.422283
IMAGINARY
          0   0.0143548 -0.00167588 -0.00569031
 -0.0143548           0  -0.0273785  0.00417588
 0.00167588   0.0273785           0 -0.00435484
 0.00569031 -0.00417588  0.00435484           0
Repeater1[0]<--->HoM1[0]
REAL
    0.42595 -0.00172509 -0.00981055    0.369609
-0.00172509   0.0825688   0.0269425  0.00981055
-0.00981055   0.0269425   0.0550459 -0.00888499
   0.369609  0.00981055 -0.00888499    0.436435
IMAGINARY
          0 -0.00597872 -0.00727932   0.0164002
 0.00597872           0   0.0145276  -0.0127207
 0.00727932  -0.0145276           0  0.00997872
 -0.0164002   0.0127207 -0.00997872           0
EndNode1[0]<--->Repeater1[0]
REAL
   0.423077  -0.0104253  0.00730821    0.383799
 -0.0104253   0.0843672  0.00976256 -0.00665118
 0.00730821  0.00976256   0.0682382 -0.00600049
   0.383799 -0.00665118 -0.00600049    0.424318
IMAGINARY
          0  0.00542374 -0.00673865  0.00288808
-0.00542374           0  0.00873983   0.0105947
 0.00673865 -0.00873983           0 -0.00670908
-0.00288808  -0.0105947  0.00670908           0
EndNode2[0]<--->HoM1[0]
REAL
   0.411067  -0.0106938  -0.0172281    0.373834
 -0.0106938   0.0737813   0.0312755 -0.00953584
 -0.0172281   0.0312755   0.0764163  -0.0160702
   0.373834 -0.00953584  -0.0160702    0.438735
IMAGINARY
          0  0.00685728   0.0140573 -0.00316047
-0.00685728           0   0.0024857 -0.00975224
 -0.0140573  -0.0024857           0  0.00359783
 0.00316047  0.00975224 -0.00359783           0
Repeater1[0]<--->EndNode1[0]
REAL
   0.423077  0.00730821  -0.0104253    0.383799
 0.00730821   0.0682382  0.00976256 -0.00600049
 -0.0104253  0.00976256   0.0843672 -0.00665118
   0.383799 -0.00600049 -0.00665118    0.424318
IMAGINARY
          0 -0.00673865  0.00542374  0.00288808
 0.00673865           0 -0.00873983 -0.00670908
-0.00542374  0.00873983           0   0.0105947
-0.00288808  0.00670908  -0.0105947           0
Repeater1[0]<--->HoM1[0]
REAL
   0.411067  -0.0172281  -0.0106938    0.373834
 -0.0172281   0.0764163   0.0312755  -0.0160702
 -0.0106938   0.0312755   0.0737813 -0.00953584
   0.373834  -0.0160702 -0.00953584    0.438735
IMAGINARY
          0   0.0140573  0.00685728 -0.00316047
 -0.0140573           0  -0.0024857  0.00359783
-0.00685728   0.0024857           0 -0.00975224
 0.00316047 -0.00359783  0.00975224           0
EndNode1[0]<--->Repeater1[0]
REAL
   0.418275   0.0104738   0.0071845    0.374156
  0.0104738   0.0643501   0.0395695  0.00654099
  0.0071845   0.0395695   0.0694981 -0.00197706
   0.374156  0.00654099 -0.00197706    0.447876
IMAGINARY
          0    0.027375 -0.00877193  0.00812793
  -0.027375           0  -0.0049269 -0.00877193
 0.00877193   0.0049269           0   0.0127253
-0.00812793  0.00877193  -0.0127253           0
EndNode2[0]<--->HoM1[0]
REAL
   0.427083  0.00513643 0.000777055    0.396056
 0.00513643   0.0846354    0.018376 -0.00524704
0.000777055    0.018376   0.0664062   -0.005775
   0.396056 -0.00524704   -0.005775    0.421875
IMAGINARY
          0 -0.00421993  0.00836854  -0.0186889
 0.00421993           0   0.0026014  -0.0241315
-0.00836854  -0.0026014           0  0.00863354
  0.0186889   0.0241315 -0.00863354           0
Repeater1[0]<--->EndNode1[0]
REAL
   0.418275   0.0071845   0.0104738    0.374156
  0.0071845   0.0694981   0.0395695 -0.00197706
  0.0104738   0.0395695   0.0643501  0.00654099
   0.374156 -0.00197706  0.00654099    0.447876
IMAGINARY
          0 -0.00877193    0.027375  0.00812793
 0.00877193           0   0.0049269   0.0127253
  -0.027375  -0.0049269           0 -0.00877193
-0.00812793  -0.0127253  0.00877193           0
Repeater1[0]<--->HoM1[0]
REAL
   0.427083 0.000777055  0.00513643    0.396056
0.000777055   0.0664062    0.018376   -0.005775
 0.00513643    0.018376   0.0846354 -0.00524704
   0.396056   -0.005775 -0.00524704    0.421875
IMAGINARY
          0  0.00836854 -0.00421993  -0.0186889
-0.00836854           0  -0.0026014  0.00863354
 0.00421993   0.0026014           0  -0.0241315
  0.0186889 -0.00863354   0.0241315           0
EndNode1[0]<--->Repeater1[0]
REAL
  0.403846  0.0111929  0.0100556   0.377739
 0.0111929  0.0645604  0.0327872 0.00310234
 0.0100556  0.0327872  0.0769231 0.00459658
  0.377739 0.00310234 0.00459658    0.45467
IMAGINARY
           0  -0.00482401  -0.00184792  -0.00156466
  0.00482401            0  -0.00418246 -0.000555928
  0.00184792   0.00418246            0  -0.00358945
  0.00156466  0.000555928   0.00358945            0
EndNode2[0]<--->HoM1[0]
REAL
  0.447709 -0.0105427  0.0149638   0.389575
-0.0105427  0.0540541  0.0168721 -0.0130675
 0.0149638  0.0168721  0.0728555  0.0149675
  0.389575 -0.0130675  0.0149675   0.425382
IMAGINARY
          0  0.00428006 -0.00934343 -0.00500089
-0.00428006           0  -0.0194836  0.00803109
 0.00934343   0.0194836           0   0.0088433
 0.00500089 -0.00803109  -0.0088433           0
Repeater1[0]<--->EndNode1[0]
REAL
  0.403846  0.0100556  0.0111929   0.377739
 0.0100556  0.0769231  0.0327872 0.00459658
 0.0111929  0.0327872  0.0645604 0.00310234
  0.377739 0.00459658 0.00310234    0.45467
IMAGINARY
           0  -0.00184792  -0.00482401  -0.00156466
  0.00184792            0   0.00418246  -0.00358945
  0.00482401  -0.00418246            0 -0.000555928
  0.00156466   0.00358945  0.000555928            0
Repeater1[0]<--->HoM1[0]
REAL
  0.447709  0.0149638 -0.0105427   0.389575
 0.0149638  0.0728555  0.0168721  0.0149675
-0.0105427  0.0168721  0.0540541 -0.0130675
  0.389575  0.0149675 -0.0130675   0.425382
IMAGINARY
          0 -0.00934343  0.00428006 -0.00500089
 0.00934343           0   0.0194836   0.0088433
-0.00428006  -0.0194836           0  0.00803109
 0.00500089  -0.0088433 -0.00803109           0
EndNode1[0]<--->Repeater1[0]
REAL
   0.449086 -0.00342169  -0.0101563     0.38271
-0.00342169   0.0639687    0.034375 -0.00366279
 -0.0101563    0.034375   0.0678851 -0.00537228
    0.38271 -0.00366279 -0.00537228     0.41906
IMAGINARY
           0   0.00256736   0.00375699   0.00524148
 -0.00256736            0    0.0131362   -0.0142379
 -0.00375699   -0.0131362            0 -0.000717791
 -0.00524148    0.0142379  0.000717791            0
EndNode2[0]<--->HoM1[0]
REAL
    0.422925     0.018793   0.00667307     0.378524
    0.018793    0.0790514    0.0180281    0.0145471
  0.00667307    0.0180281    0.0698287 -0.000225383
    0.378524    0.0145471 -0.000225383     0.428195
IMAGINARY
          0 -0.00546354   0.0169938    0.026747
 0.00546354           0 -0.00722038  0.00842991
 -0.0169938  0.00722038           0  -0.0160488
  -0.026747 -0.00842991   0.0160488           0
Repeater1[0]<--->EndNode1[0]
REAL
   0.449086  -0.0101563 -0.00342169     0.38271
 -0.0101563   0.0678851    0.034375 -0.00537228
-0.00342169    0.034375   0.0639687 -0.00366279
    0.38271 -0.00537228 -0.00366279     0.41906
IMAGINARY
           0   0.00375699   0.00256736   0.00524148
 -0.00375699            0   -0.0131362 -0.000717791
 -0.00256736    0.0131362            0   -0.0142379
 -0.00524148  0.000717791    0.0142379            0
Repeater1[0]<--->HoM1[0]
REAL
    0.422925   0.00667307     0.018793     0.378524
  0.00667307    0.0698287    0.0180281 -0.000225383
    0.018793    0.0180281    0.0790514    0.0145471
    0.378524 -0.000225383    0.0145471     0.428195
IMAGINARY
          0   0.0169938 -0.00546354    0.026747
 -0.0169938           0  0.00722038  -0.0160488
 0.00546354 -0.00722038           0  0.00842991
  -0.026747   0.0160488 -0.00842991           0
EndNode1[0]<--->Repeater1[0]
REAL
  0.450382  0.0117729  0.0202908   0.379408
 0.0117729  0.0648855  0.0303759 0.00702817
 0.0202908  0.0303759  0.0610687 0.00156886
  0.379408 0.00702817 0.00156886   0.423664
IMAGINARY
          0   0.0188118   0.0120562  -0.0174593
 -0.0188118           0 -0.00853076  -0.0165723
 -0.0120562  0.00853076           0  -0.0207472
  0.0174593   0.0165723   0.0207472           0
EndNode2[0]<--->HoM1[0]
REAL
    0.441741    0.0122966  -0.00215708     0.380979
   0.0122966    0.0742638    0.0412436 -0.000312059
 -0.00215708    0.0412436    0.0614597   -0.0135312
    0.380979 -0.000312059   -0.0135312     0.422535
IMAGINARY
          0  -0.0054971    0.011124   0.0144068
  0.0054971           0  0.00197588  -0.0131107
  -0.011124 -0.00197588           0  0.00615935
 -0.0144068   0.0131107 -0.00615935           0
Repeater1[0]<--->EndNode1[0]
REAL
  0.450382  0.0202908  0.0117729   0.379408
 0.0202908  0.0610687  0.0303759 0.00156886
 0.0117729  0.0303759  0.0648855 0.00702817
  0.379408 0.00156886 0.00702817   0.423664
IMAGINARY
          0   0.0120562   0.0188118  -0.0174593
 -0.0120562           0  0.00853076  -0.0207472
 -0.0188118 -0.00853076           0  -0.0165723
  0.0174593   0.0207472   0.0165723           0
Repeater1[0]<--->HoM1[0]
REAL
    0.441741  -0.00215708    0.0122966     0.380979
 -0.00215708    0.0614597    0.0412436   -0.0135312
   0.0122966    0.0412436    0.0742638 -0.000312059
    0.380979   -0.0135312 -0.000312059     0.422535
IMAGINARY
          0    0.011124  -0.0054971   0.0144068
  -0.011124           0 -0.00197588  0.00615935
  0.0054971  0.00197588           0  -0.0131107
 -0.0144068 -0.00615935   0.0131107           0
EndNode1[0]<--->Repeater1[0]
REAL
   0.431274   0.0111957   0.0040302    0.389591
  0.0111957   0.0693569   0.0300977 -0.00273487
  0.0040302   0.0300977   0.0693569 -0.00212831
   0.389591 -0.00273487 -0.00212831    0.430013
IMAGINARY
           0  -0.00393628  0.000940987   -0.0186373
  0.00393628            0  -0.00529546  -0.00347263
-0.000940987   0.00529546            0    0.0052021
   0.0186373   0.00347263   -0.0052021            0
EndNode2[0]<--->HoM1[0]
REAL
  0.428931  0.0115417 -0.0112568   0.387321
 0.0115417  0.0628931  0.0301786  0.0100068
-0.0112568  0.0301786  0.0578616 0.00220833
  0.387321  0.0100068 0.00220833   0.450314
IMAGINARY
          0 -0.00735896  0.00930359   0.0108072
 0.00735896           0  -0.0176378  0.00610257
-0.00930359   0.0176378           0 -0.00244496
 -0.0108072 -0.00610257  0.00244496           0
Repeater1[0]<--->EndNode1[0]
REAL
   0.431274   0.0040302   0.0111957    0.389591
  0.0040302   0.0693569   0.0300977 -0.00212831
  0.0111957   0.0300977   0.0693569 -0.00273487
   0.389591 -0.00212831 -0.00273487    0.430013
IMAGINARY
           0  0.000940987  -0.00393628   -0.0186373
-0.000940987            0   0.00529546    0.0052021
  0.00393628  -0.00529546            0  -0.00347263
   0.0186373   -0.0052021   0.00347263            0
Repeater1[0]<--->HoM1[0]
REAL
  0.428931 -0.0112568  0.0115417   0.387321
-0.0112568  0.0578616  0.0301786 0.00220833
 0.0115417  0.0301786  0.0628931  0.0100068
  0.387321 0.00220833  0.0100068   0.450314
IMAGINARY
          0  0.00930359 -0.00735896   0.0108072
-0.00930359           0   0.0176378 -0.00244496
 0.00735896  -0.0176378           0  0.00610257
 -0.0108072  0.00244496 -0.00610257           0
EndNode1[0]<--->Repeater1[0]
REAL
  0.427614  0.0174956  0.0086659   0.385271
 0.0174956  0.0603217  0.0305586 0.00138435
 0.0086659  0.0305586  0.0616622 0.00888632
  0.385271 0.00138435 0.00888632   0.450402
IMAGINARY
          0  0.00402055   -0.028319  0.00826873
-0.00402055           0  -0.0250646  -0.0148747
   0.028319   0.0250646           0   0.0247753
-0.00826873   0.0148747  -0.0247753           0
EndNode2[0]<--->HoM1[0]
REAL
   0.462585 0.000919616 -0.00335683    0.390519
0.000919616   0.0707483   0.0243478  0.00145086
-0.00335683   0.0243478    0.062585   0.0111515
   0.390519  0.00145086   0.0111515    0.404082
IMAGINARY
           0    0.0251416  0.000298483   -0.0139507
  -0.0251416            0  -0.00471592 -0.000918062
-0.000298483   0.00471592            0  -0.00965217
   0.0139507  0.000918062   0.00965217            0
Repeater1[0]<--->EndNode1[0]
REAL
  0.427614  0.0086659  0.0174956   0.385271
 0.0086659  0.0616622  0.0305586 0.00888632
 0.0174956  0.0305586  0.0603217 0.00138435
  0.385271 0.00888632 0.00138435   0.450402
IMAGINARY
          0   -0.028319  0.00402055  0.00826873
   0.028319           0   0.0250646   0.0247753
-0.00402055  -0.0250646           0  -0.0148747
-0.00826873  -0.0247753   0.0148747           0
Repeater1[0]<--->HoM1[0]
REAL
   0.462585 -0.00335683 0.000919616    0.390519
-0.00335683    0.062585   0.0243478   0.0111515
0.000919616   0.0243478   0.0707483  0.00145086
   0.390519   0.0111515  0.00145086    0.404082
IMAGINARY
           0  0.000298483    0.0251416   -0.0139507
-0.000298483            0   0.00471592  -0.00965217
  -0.0251416  -0.00471592            0 -0.000918062
   0.0139507   0.00965217  0.000918062            0
EndNode1[0]<--->Repeater1[0]
REAL
   0.438392  -0.0166221 -0.00836514    0.363399
 -0.0166221     0.07393   0.0398693  -0.0184322
-0.00836514   0.0398693    0.075227  -0.0206328
   0.363399  -0.0184322  -0.0206328    0.412451
IMAGINARY
          0  -0.0120453  0.00323154    0.023439
  0.0120453           0 -0.00544416 -0.00578908
-0.00323154  0.00544416           0   0.0171603
  -0.023439  0.00578908  -0.0171603           0
EndNode2[0]<--->HoM1[0]
REAL
   0.449204 -0.00904544 -0.00923913    0.376424
-0.00904544   0.0636475   0.0304641 -0.00861801
-0.00923913   0.0304641   0.0648715 0.000116866
   0.376424 -0.00861801 0.000116866    0.422277
IMAGINARY
          0 -0.00132002 -0.00126263 -0.00189547
 0.00132002           0  -0.0125873   0.0176768
 0.00126263   0.0125873           0  -0.0150941
 0.00189547  -0.0176768   0.0150941           0
Repeater1[0]<--->EndNode1[0]
REAL
   0.438392 -0.00836514  -0.0166221    0.363399
-0.00836514    0.075227   0.0398693  -0.0206328
 -0.0166221   0.0398693     0.07393  -0.0184322
   0.363399  -0.0206328  -0.0184322    0.412451
IMAGINARY
          0  0.00323154  -0.0120453    0.023439
-0.00323154           0  0.00544416   0.0171603
  0.0120453 -0.00544416           0 -0.00578908
  -0.023439  -0.0171603  0.00578908           0
Repeater1[0]<--->HoM1[0]
REAL
   0.449204 -0.00923913 -0.00904544    0.376424
-0.00923913   0.0648715   0.0304641 0.000116866
-0.00904544   0.0304641   0.0636475 -0.00861801
   0.376424 0.000116866 -0.00861801    0.422277
IMAGINARY
          0 -0.00126263 -0.00132002 -0.00189547
 0.00126263           0   0.0125873  -0.0150941
 0.00132002  -0.0125873           0   0.0176768
 0.00189547   0.0150941  -0.0176768           0
EndNode1[0]<--->Repeater1[0]
REAL
   0.425791 -0.00996277 -0.00510204    0.366512
-0.00996277   0.0583942   0.0467528 -0.00510204
-0.00510204   0.0467528   0.0851582  0.00741175
   0.366512 -0.00510204  0.00741175    0.430657
IMAGINARY
           0   -0.0100823  -0.00382868 -0.000245395
   0.0100823            0  -0.00970485     -0.01019
  0.00382868   0.00970485            0  -0.00126617
 0.000245395      0.01019   0.00126617            0
EndNode2[0]<--->HoM1[0]
REAL
   0.438095 0.000196834   -0.014026    0.373879
0.000196834   0.0693878   0.0218788  0.00978355
  -0.014026   0.0218788   0.0557823  -0.0068635
   0.373879  0.00978355  -0.0068635    0.436735
IMAGINARY
          0   0.0149341 -0.00615261  0.00656356
 -0.0149341           0    0.014321  0.00348594
 0.00615261   -0.014321           0  0.00239926
-0.00656356 -0.00348594 -0.00239926           0
Repeater1[0]<--->EndNode1[0]
REAL
   0.425791 -0.00510204 -0.00996277    0.366512
-0.00510204   0.0851582   0.0467528  0.00741175
-0.00996277   0.0467528   0.0583942 -0.00510204
   0.366512  0.00741175 -0.00510204    0.430657
IMAGINARY
           0  -0.00382868   -0.0100823 -0.000245395
  0.00382868            0   0.00970485  -0.00126617
   0.0100823  -0.00970485            0     -0.01019
 0.000245395   0.00126617      0.01019            0
Repeater1[0]<--->HoM1[0]
REAL
   0.438095   -0.014026 0.000196834    0.373879
  -0.014026   0.0557823   0.0218788  -0.0068635
0.000196834   0.0218788   0.0693878  0.00978355
   0.373879  -0.0068635  0.00978355    0.436735
IMAGINARY
          0 -0.00615261   0.0149341  0.00656356
 0.00615261           0   -0.014321  0.00239926
 -0.0149341    0.014321           0  0.00348594
-0.00656356 -0.00239926 -0.00348594           0
EndNode1[0]<--->Repeater1[0]
REAL
  0.431646  0.0113468  0.0181205   0.393898
 0.0113468  0.0696203  0.0323202 0.00361862
 0.0181205  0.0323202  0.0822785  0.0156624
  0.393898 0.00361862  0.0156624   0.416456
IMAGINARY
          0 -0.00729131   0.0223736  -0.0139077
 0.00729131           0  -0.0032427 -0.00749651
 -0.0223736   0.0032427           0  0.00405716
  0.0139077  0.00749651 -0.00405716           0
EndNode2[0]<--->HoM1[0]
REAL
  0.470437  0.0254523 0.00925468    0.38762
 0.0254523  0.0732648  0.0346019  0.0129675
0.00925468  0.0346019  0.0616967 -0.0168104
   0.38762  0.0129675 -0.0168104   0.394602
IMAGINARY
          0  -0.0154151  -0.0190958 -0.00515208
  0.0154151           0  0.00317058   0.0217205
  0.0190958 -0.00317058           0  -0.0160809
 0.00515208  -0.0217205   0.0160809           0
Repeater1[0]<--->EndNode1[0]
REAL
  0.431646  0.0181205  0.0113468   0.393898
 0.0181205  0.0822785  0.0323202  0.0156624
 0.0113468  0.0323202  0.0696203 0.00361862
  0.393898  0.0156624 0.00361862   0.416456
IMAGINARY
          0   0.0223736 -0.00729131  -0.0139077
 -0.0223736           0   0.0032427  0.00405716
 0.00729131  -0.0032427           0 -0.00749651
  0.0139077 -0.00405716  0.00749651           0
Repeater1[0]<--->HoM1[0]
REAL
  0.470437 0.00925468  0.0254523    0.38762
0.00925468  0.0616967  0.0346019 -0.0168104
 0.0254523  0.0346019  0.0732648  0.0129675
   0.38762 -0.0168104  0.0129675   0.394602
IMAGINARY
          0  -0.0190958  -0.0154151 -0.00515208
  0.0190958           0 -0.00317058  -0.0160809
  0.0154151  0.00317058           0   0.0217205
 0.00515208   0.0160809  -0.0217205           0
EndNode1[0]<--->Repeater1[0]
REAL
   0.426893 -0.00482524   0.0140724    0.390933
-0.00482524   0.0691906   0.0148043  0.00641937
  0.0140724   0.0148043   0.0639687    0.002093
   0.390933  0.00641937    0.002093    0.439948
IMAGINARY
          0 -0.00442094 -0.00316319   0.0055873
 0.00442094           0   0.0217565  0.00896964
 0.00316319  -0.0217565           0  0.00377578
 -0.0055873 -0.00896964 -0.00377578           0
EndNode2[0]<--->HoM1[0]
REAL
   0.438667  -0.0164899  -0.0156878    0.386618
 -0.0164899       0.064   0.0245493 -0.00842388
 -0.0156878   0.0245493   0.0813333 -0.00254565
   0.386618 -0.00842388 -0.00254565       0.416
IMAGINARY
          0  0.00537112   0.0113605  -0.0124799
-0.00537112           0  -0.0112077 -0.00944483
 -0.0113605   0.0112077           0  -0.0123954
  0.0124799  0.00944483   0.0123954           0
Repeater1[0]<--->EndNode1[0]
REAL
   0.426893   0.0140724 -0.00482524    0.390933
  0.0140724   0.0639687   0.0148043    0.002093
-0.00482524   0.0148043   0.0691906  0.00641937
   0.390933    0.002093  0.00641937    0.439948
IMAGINARY
          0 -0.00316319 -0.00442094   0.0055873
 0.00316319           0  -0.0217565  0.00377578
 0.00442094   0.0217565           0  0.00896964
 -0.0055873 -0.00377578 -0.00896964           0
Repeater1[0]<--->HoM1[0]
REAL
   0.438667  -0.0156878  -0.0164899    0.386618
 -0.0156878   0.0813333   0.0245493 -0.00254565
 -0.0164899   0.0245493       0.064 -0.00842388
   0.386618 -0.00254565 -0.00842388       0.416
IMAGINARY
          0   0.0113605  0.00537112  -0.0124799
 -0.0113605           0   0.0112077  -0.0123954
-0.00537112  -0.0112077           0 -0.00944483
  0.0124799   0.0123954  0.00944483           0
EndNode1[0]<--->Repeater1[0]
REAL
   0.424588   -0.031467  -0.0129489    0.384984
  -0.031467   0.0937896   0.0216831 -0.00705111
 -0.0129489   0.0216831   0.0633714   0.0102549
   0.384984 -0.00705111   0.0102549    0.418251
IMAGINARY
           0 -0.000372379   0.00960883    0.0246875
 0.000372379            0  -0.00510525   0.00763255
 -0.00960883   0.00510525            0   0.00160391
  -0.0246875  -0.00763255  -0.00160391            0
EndNode2[0]<--->HoM1[0]
REAL
   0.434783 -0.00484631 0.000441167    0.387558
-0.00484631   0.0652174   0.0197784 -0.00880668
0.000441167   0.0197784   0.0626598  -0.0060932
   0.387558 -0.00880668  -0.0060932     0.43734
IMAGINARY
          0  0.00724482  0.00552485    0.029195
-0.00724482           0 -0.00589273  0.00153549
-0.00552485  0.00589273           0  -0.0181562
  -0.029195 -0.00153549   0.0181562           0
Repeater1[0]<--->EndNode1[0]
REAL
   0.424588  -0.0129489   -0.031467    0.384984
 -0.0129489   0.0633714   0.0216831   0.0102549
  -0.031467   0.0216831   0.0937896 -0.00705111
   0.384984   0.0102549 -0.00705111    0.418251
IMAGINARY
           0   0.00960883 -0.000372379    0.0246875
 -0.00960883            0   0.00510525   0.00160391
 0.000372379  -0.00510525            0   0.00763255
  -0.0246875  -0.00160391  -0.00763255            0
Repeater1[0]<--->HoM1[0]
REAL
   0.434783 0.000441167 -0.00484631    0.387558
0.000441167   0.0626598   0.0197784  -0.0060932
-0.00484631   0.0197784   0.0652174 -0.00880668
   0.387558  -0.0060932 -0.00880668     0.43734
IMAGINARY
          0  0.00552485  0.00724482    0.029195
-0.00552485           0  0.00589273  -0.0181562
-0.00724482 -0.00589273           0  0.00153549
  -0.029195   0.0181562 -0.00153549           0
EndNode1[0]<--->Repeater1[0]
REAL
   0.441802   0.0207575   0.0135612    0.378941
  0.0207575   0.0663329    0.035726 -0.00289451
  0.0135612    0.035726   0.0713392  -0.0100908
   0.378941 -0.00289451  -0.0100908    0.420526
IMAGINARY
          0 -0.00563494   0.0160152  0.00395401
 0.00563494           0 -0.00654468   0.0123115
 -0.0160152  0.00654468           0 -0.00819905
-0.00395401  -0.0123115  0.00819905           0
EndNode2[0]<--->HoM1[0]
REAL
   0.434555 -0.00362356 -0.00895821    0.390256
-0.00362356   0.0693717   0.0225712   0.0158075
-0.00895821   0.0225712   0.0746073   0.0254168
   0.390256   0.0158075   0.0254168    0.421466
IMAGINARY
           0   0.00711495   0.00256405  0.000799854
 -0.00711495            0    0.0286857  -0.00510858
 -0.00256405   -0.0286857            0  0.000518641
-0.000799854   0.00510858 -0.000518641            0
Repeater1[0]<--->EndNode1[0]
REAL
   0.441802   0.0135612   0.0207575    0.378941
  0.0135612   0.0713392    0.035726  -0.0100908
  0.0207575    0.035726   0.0663329 -0.00289451
   0.378941  -0.0100908 -0.00289451    0.420526
IMAGINARY
          0   0.0160152 -0.00563494  0.00395401
 -0.0160152           0  0.00654468 -0.00819905
 0.00563494 -0.00654468           0   0.0123115
-0.00395401  0.00819905  -0.0123115           0
Repeater1[0]<--->HoM1[0]
REAL
   0.434555 -0.00895821 -0.00362356    0.390256
-0.00895821   0.0746073   0.0225712   0.0254168
-0.00362356   0.0225712   0.0693717   0.0158075
   0.390256   0.0254168   0.0158075    0.421466
IMAGINARY
           0   0.00256405   0.00711495  0.000799854
 -0.00256405            0   -0.0286857  0.000518641
 -0.00711495    0.0286857            0  -0.00510858
-0.000799854 -0.000518641   0.00510858            0
EndNode1[0]<--->Repeater1[0]
REAL
   0.449109 -0.00421119 -0.00109024    0.393854
-0.00421119   0.0725191    0.031307  -0.0137485
-0.00109024    0.031307   0.0687023 -0.00030494
   0.393854  -0.0137485 -0.00030494    0.409669
IMAGINARY
          0 -0.00440616 -0.00324877  -0.0211098
 0.00440616           0  -0.0114573  0.00261825
 0.00324877   0.0114573           0   0.0264743
  0.0211098 -0.00261825  -0.0264743           0
EndNode2[0]<--->HoM1[0]
REAL
   0.416979  -0.0284491  0.00186404    0.382505
 -0.0284491   0.0574282   0.0204799  -0.0329586
 0.00186404   0.0204799   0.0736579 -0.00513301
   0.382505  -0.0329586 -0.00513301    0.451935
IMAGINARY
          0 -0.00106055  -0.0158051  0.00230511
 0.00106055           0  0.00811156 -0.00951137
  0.0158051 -0.00811156           0    0.012453
-0.00230511  0.00951137   -0.012453           0
Repeater1[0]<--->EndNode1[0]
REAL
   0.449109 -0.00109024 -0.00421119    0.393854
-0.00109024   0.0687023    0.031307 -0.00030494
-0.00421119    0.031307   0.0725191  -0.0137485
   0.393854 -0.00030494  -0.0137485    0.409669
IMAGINARY
          0 -0.00324877 -0.00440616  -0.0211098
 0.00324877           0   0.0114573   0.0264743
 0.00440616  -0.0114573           0  0.00261825
  0.0211098  -0.0264743 -0.00261825           0
Repeater1[0]<--->HoM1[0]
REAL
   0.416979  0.00186404  -0.0284491    0.382505
 0.00186404   0.0736579   0.0204799 -0.00513301
 -0.0284491   0.0204799   0.0574282  -0.0329586
   0.382505 -0.00513301  -0.0329586    0.451935
IMAGINARY
          0  -0.0158051 -0.00106055  0.00230511
  0.0158051           0 -0.00811156    0.012453
 0.00106055  0.00811156           0 -0.00951137
-0.00230511   -0.012453  0.00951137           0
EndNode1[0]<--->Repeater1[0]
REAL
   0.437418  0.00474612 -0.00754207    0.375063
 0.00474612   0.0869565   0.0238876 -0.00558129
-0.00754207   0.0238876   0.0474308  -0.0165571
   0.375063 -0.00558129  -0.0165571    0.428195
IMAGINARY
          0   -0.012077  0.00393001  0.00210746
   0.012077           0  0.00146396  0.00912482
-0.00393001 -0.00146396           0  -0.0114217
-0.00210746 -0.00912482   0.0114217           0
EndNode2[0]<--->HoM1[0]
REAL
    0.44757 -0.00479668 -0.00545005    0.370269
-0.00479668   0.0549872   0.0296093  -0.0269065
-0.00545005   0.0296093   0.0690537  -0.0226758
   0.370269  -0.0269065  -0.0226758    0.428389
IMAGINARY
          0  0.00552342  0.00173106   0.0146198
-0.00552342           0 -0.00441573  0.00238982
-0.00173106  0.00441573           0  0.00683921
 -0.0146198 -0.00238982 -0.00683921           0
Repeater1[0]<--->EndNode1[0]
REAL
   0.437418 -0.00754207  0.00474612    0.375063
-0.00754207   0.0474308   0.0238876  -0.0165571
 0.00474612   0.0238876   0.0869565 -0.00558129
   0.375063  -0.0165571 -0.00558129    0.428195
IMAGINARY
          0  0.00393001   -0.012077  0.00210746
-0.00393001           0 -0.00146396  -0.0114217
   0.012077  0.00146396           0  0.00912482
-0.00210746   0.0114217 -0.00912482           0
Repeater1[0]<--->HoM1[0]
REAL
    0.44757 -0.00545005 -0.00479668    0.370269
-0.00545005   0.0690537   0.0296093  -0.0226758
-0.00479668   0.0296093   0.0549872  -0.0269065
   0.370269  -0.0226758  -0.0269065    0.428389
IMAGINARY
          0  0.00173106  0.00552342   0.0146198
-0.00173106           0  0.00441573  0.00683921
-0.00552342 -0.00441573           0  0.00238982
 -0.0146198 -0.00683921 -0.00238982           0
EndNode1[0]<--->Repeater1[0]
REAL
   0.435419  0.00715335  0.00779053    0.389215
 0.00715335   0.0772304   0.0395416 -0.00649519
 0.00779053   0.0395416   0.0585885  -0.0226974
   0.389215 -0.00649519  -0.0226974    0.428762
IMAGINARY
           0  0.000868095    0.0224599    0.0103774
-0.000868095            0   0.00977862    0.0174094
  -0.0224599  -0.00977862            0   -0.0551165
  -0.0103774   -0.0174094    0.0551165            0
EndNode2[0]<--->HoM1[0]
REAL
  0.417891  0.0153896 0.00809699    0.36543
 0.0153896  0.0654206  0.0260136  0.0142529
0.00809699  0.0260136  0.0841121 0.00823746
   0.36543  0.0142529 0.00823746   0.432577
IMAGINARY
           0  -0.00272876   -0.0107927     0.010437
  0.00272876            0 -0.000955368    0.0156589
   0.0107927  0.000955368            0    0.0124611
   -0.010437   -0.0156589   -0.0124611            0
Repeater1[0]<--->EndNode1[0]
REAL
   0.435419  0.00779053  0.00715335    0.389215
 0.00779053   0.0585885   0.0395416  -0.0226974
 0.00715335   0.0395416   0.0772304 -0.00649519
   0.389215  -0.0226974 -0.00649519    0.428762
IMAGINARY
           0    0.0224599  0.000868095    0.0103774
  -0.0224599            0  -0.00977862   -0.0551165
-0.000868095   0.00977862            0    0.0174094
  -0.0103774    0.0551165   -0.0174094            0
Repeater1[0]<--->HoM1[0]
REAL
  0.417891 0.00809699  0.0153896    0.36543
0.00809699  0.0841121  0.0260136 0.00823746
 0.0153896  0.0260136  0.0654206  0.0142529
   0.36543 0.00823746  0.0142529   0.432577
IMAGINARY
           0   -0.0107927  -0.00272876     0.010437
   0.0107927            0  0.000955368    0.0124611
  0.00272876 -0.000955368            0    0.0156589
   -0.010437   -0.0124611   -0.0156589            0
EndNode1[0]<--->Repeater1[0]
REAL
  0.441833 0.00523641  0.0225983   0.388044
0.00523641  0.0658049  0.0283946 0.00890857
 0.0225983  0.0283946  0.0822562 0.00846222
  0.388044 0.00890857 0.00846222   0.410106
IMAGINARY
           0  -0.00218958    0.0056391   0.00748401
  0.00218958            0  0.000530786     0.014411
  -0.0056391 -0.000530786            0   -0.0103418
 -0.00748401    -0.014411    0.0103418            0
EndNode2[0]<--->HoM1[0]
REAL
    0.41358  0.00897436   0.0309462    0.386257
 0.00897436    0.091358   0.0150246 -0.00658727
  0.0309462   0.0150246   0.0753086  0.00897436
   0.386257 -0.00658727  0.00897436    0.419753
IMAGINARY
          0  0.00321162   0.0116581 -0.00805296
-0.00321162           0   0.0172635  0.00615013
 -0.0116581  -0.0172635           0 -0.00732121
 0.00805296 -0.00615013  0.00732121           0
Repeater1[0]<--->EndNode1[0]
REAL
  0.441833  0.0225983 0.00523641   0.388044
 0.0225983  0.0822562  0.0283946 0.00846222
0.00523641  0.0283946  0.0658049 0.00890857
  0.388044 0.00846222 0.00890857   0.410106
IMAGINARY
           0    0.0056391  -0.00218958   0.00748401
  -0.0056391            0 -0.000530786   -0.0103418
  0.00218958  0.000530786            0     0.014411
 -0.00748401    0.0103418    -0.014411            0
Repeater1[0]<--->HoM1[0]
REAL
    0.41358   0.0309462  0.00897436    0.386257
  0.0309462   0.0753086   0.0150246  0.00897436
 0.00897436   0.0150246    0.091358 -0.00658727
   0.386257  0.00897436 -0.00658727    0.419753
IMAGINARY
          0   0.0116581  0.00321162 -0.00805296
 -0.0116581           0  -0.0172635 -0.00732121
-0.00321162   0.0172635           0  0.00615013
 0.00805296  0.00732121 -0.00615013           0
EndNode1[0]<--->Repeater1[0]
REAL
  0.449132 -0.0230187 -0.0131994   0.373447
-0.0230187  0.0806452  0.0291744 0.00133919
-0.0131994  0.0291744  0.0744417  0.0111585
  0.373447 0.00133919  0.0111585   0.395782
IMAGINARY
          0  -0.0048906   0.0045045   0.0259558
  0.0048906           0   0.0101808    0.018018
 -0.0045045  -0.0101808           0  0.00939511
 -0.0259558   -0.018018 -0.00939511           0
EndNode2[0]<--->HoM1[0]
REAL
   0.432503  0.00400053 0.000733434    0.390459
 0.00400053   0.0484928   0.0186317  -0.0176941
0.000733434   0.0186317   0.0838794  -0.0250317
   0.390459  -0.0176941  -0.0250317    0.435125
IMAGINARY
          0 -0.00184687  0.00624477 -0.00709451
 0.00184687           0 -0.00318826   -0.013859
-0.00624477  0.00318826           0  0.00311591
 0.00709451    0.013859 -0.00311591           0
Repeater1[0]<--->EndNode1[0]
REAL
  0.449132 -0.0131994 -0.0230187   0.373447
-0.0131994  0.0744417  0.0291744  0.0111585
-0.0230187  0.0291744  0.0806452 0.00133919
  0.373447  0.0111585 0.00133919   0.395782
IMAGINARY
          0   0.0045045  -0.0048906   0.0259558
 -0.0045045           0  -0.0101808  0.00939511
  0.0048906   0.0101808           0    0.018018
 -0.0259558 -0.00939511   -0.018018           0
Repeater1[0]<--->HoM1[0]
REAL
   0.432503 0.000733434  0.00400053    0.390459
0.000733434   0.0838794   0.0186317  -0.0250317
 0.00400053   0.0186317   0.0484928  -0.0176941
   0.390459  -0.0250317  -0.0176941    0.435125
IMAGINARY
          0  0.00624477 -0.00184687 -0.00709451
-0.00624477           0  0.00318826  0.00311591
 0.00184687 -0.00318826           0   -0.013859
 0.00709451 -0.00311591    0.013859           0
EndNode1[0]<--->Repeater1[0]
REAL
   0.419924  -0.0168727   -0.010249    0.374823
 -0.0168727   0.0680958   0.0321534 -0.00958679
  -0.010249   0.0321534   0.0617907   -0.019379
   0.374823 -0.00958679   -0.019379    0.450189
IMAGINARY
          0   0.0101015 -0.00464274  0.00887681
 -0.0101015           0  -0.0161232  0.00523869
 0.00464274   0.0161232           0 -0.00354611
-0.00887681 -0.00523869  0.00354611           0
EndNode2[0]<--->HoM1[0]
REAL
   0.431447  -0.0204601   -0.011247    0.386665
 -0.0204601   0.0830189   0.0340751 -0.00658655
  -0.011247   0.0340751   0.0641509  -0.0105835
   0.386665 -0.00658655  -0.0105835    0.421384
IMAGINARY
          0  0.00403729 -0.00720988  0.00911711
-0.00403729           0   0.0103797   0.0105299
 0.00720988  -0.0103797           0 -0.00868536
-0.00911711  -0.0105299  0.00868536           0
Repeater1[0]<--->EndNode1[0]
REAL
   0.419924   -0.010249  -0.0168727    0.374823
  -0.010249   0.0617907   0.0321534   -0.019379
 -0.0168727   0.0321534   0.0680958 -0.00958679
   0.374823   -0.019379 -0.00958679    0.450189
IMAGINARY
          0 -0.00464274   0.0101015  0.00887681
 0.00464274           0   0.0161232 -0.00354611
 -0.0101015  -0.0161232           0  0.00523869
-0.00887681  0.00354611 -0.00523869           0
Repeater1[0]<--->HoM1[0]
REAL
   0.431447   -0.011247  -0.0204601    0.386665
  -0.011247   0.0641509   0.0340751  -0.0105835
 -0.0204601   0.0340751   0.0830189 -0.00658655
   0.386665  -0.0105835 -0.00658655    0.421384
IMAGINARY
          0 -0.00720988  0.00403729  0.00911711
 0.00720988           0  -0.0103797 -0.00868536
-0.00403729   0.0103797           0   0.0105299
-0.00911711  0.00868536  -0.0105299           0
EndNode1[0]<--->Repeater1[0]
REAL
   0.425949 -0.00429728  0.00679422    0.369396
-0.00429728   0.0758874   0.0300884 -0.00808288
 0.00679422   0.0300884   0.0673195   0.0133179
   0.369396 -0.00808288   0.0133179    0.430845
IMAGINARY
           0  -0.00339926   0.00781601    0.0387247
  0.00339926            0  0.000766592   0.00145469
 -0.00781601 -0.000766592            0  -0.00339926
  -0.0387247  -0.00145469   0.00339926            0
EndNode2[0]<--->HoM1[0]
REAL
   0.410127 -0.00158831  0.00186116     0.37919
-0.00158831    0.064557   0.0166169  -0.0126617
 0.00186116   0.0166169   0.0696203 -0.00158831
