EndNode1[0]<--->Repeater1[0]
REAL
    0.35854 -0.00265563  -0.0246312    0.151738
-0.00265563    0.160365   0.0303276 -0.00661879
 -0.0246312   0.0303276    0.138201  -0.0204422
   0.151738 -0.00661879  -0.0204422    0.342894
IMAGINARY
         0 -0.0118028 -0.0130548  0.0190389
 0.0118028          0  0.0129561 -0.0078329
 0.0130548 -0.0129561          0 -0.0169179
-0.0190389  0.0078329  0.0169179          0
EndNode2[0]<--->HoM1[0]
REAL
   0.360595 -0.00294448  -0.0052714    0.197682
-0.00294448    0.135068   0.0173648  0.00061095
 -0.0052714   0.0173648    0.135068 -0.00171598
   0.197682  0.00061095 -0.00171598    0.369269
IMAGINARY
          0 -0.00895849    0.027528  0.00216492
 0.00895849           0  0.00860821   0.0140837
  -0.027528 -0.00860821           0  -0.0300111
-0.00216492  -0.0140837   0.0300111           0
Repeater1[0]<--->EndNode1[0]
REAL
    0.35854  -0.0246312 -0.00265563    0.151738
 -0.0246312    0.138201   0.0303276  -0.0204422
-0.00265563   0.0303276    0.160365 -0.00661879
   0.151738  -0.0204422 -0.00661879    0.342894
IMAGINARY
         0 -0.0130548 -0.0118028  0.0190389
 0.0130548          0 -0.0129561 -0.0169179
 0.0118028  0.0129561          0 -0.0078329
-0.0190389  0.0169179  0.0078329          0
Repeater1[0]<--->HoM1[0]
REAL
   0.360595  -0.0052714 -0.00294448    0.197682
 -0.0052714    0.135068   0.0173648 -0.00171598
-0.00294448   0.0173648    0.135068  0.00061095
   0.197682 -0.00171598  0.00061095    0.369269
IMAGINARY
          0    0.027528 -0.00895849  0.00216492
  -0.027528           0 -0.00860821  -0.0300111
 0.00895849  0.00860821           0   0.0140837
-0.00216492   0.0300111  -0.0140837           0
EndNode1[0]<--->Repeater1[0]
REAL
   0.373913 0.000792417  0.00797011    0.167403
0.000792417    0.141615    0.025631 -0.00974106
 0.00797011    0.025631    0.152795  0.00688173
   0.167403 -0.00974106  0.00688173    0.331677
IMAGINARY
           0  -0.00472862 -0.000632911 -2.50115e-05
  0.00472862            0 -0.000646129 -0.000632911
 0.000632911  0.000646129            0  -0.00539796
 2.50115e-05  0.000632911   0.00539796            0
EndNode2[0]<--->HoM1[0]
REAL
  0.338854  0.0100283 -0.0016588   0.172385
 0.0100283   0.156688  0.0372501 0.00816921
-0.0016588  0.0372501   0.147771  0.0238259
  0.172385 0.00816921  0.0238259   0.356688
IMAGINARY
          0 -0.00809625  0.00313191   0.0191664
 0.00809625           0  0.00291152  -0.0125914
-0.00313191 -0.00291152           0  0.00944761
 -0.0191664   0.0125914 -0.00944761           0
Repeater1[0]<--->EndNode1[0]
REAL
   0.373913  0.00797011 0.000792417    0.167403
 0.00797011    0.152795    0.025631  0.00688173
0.000792417    0.025631    0.141615 -0.00974106
   0.167403  0.00688173 -0.00974106    0.331677
IMAGINARY
           0 -0.000632911  -0.00472862 -2.50115e-05
 0.000632911            0  0.000646129  -0.00539796
  0.00472862 -0.000646129            0 -0.000632911
 2.50115e-05   0.00539796  0.000632911            0
Repeater1[0]<--->HoM1[0]
REAL
  0.338854 -0.0016588  0.0100283   0.172385
-0.0016588   0.147771  0.0372501  0.0238259
 0.0100283  0.0372501   0.156688 0.00816921
  0.172385  0.0238259 0.00816921   0.356688
IMAGINARY
          0  0.00313191 -0.00809625   0.0191664
-0.00313191           0 -0.00291152  0.00944761
 0.00809625  0.00291152           0  -0.0125914
 -0.0191664 -0.00944761   0.0125914           0
EndNode1[0]<--->Repeater1[0]
REAL
    0.355164   0.00935913  -0.00227216     0.164526
  0.00935913     0.163728    0.0177796 -0.000408806
 -0.00227216    0.0177796      0.15869   0.00806714
    0.164526 -0.000408806   0.00806714     0.322418
IMAGINARY
         0  -0.037355  0.0126281  0.0125643
  0.037355          0  0.0203768  0.0119403
-0.0126281 -0.0203768          0  0.0207548
-0.0125643 -0.0119403 -0.0207548          0
EndNode2[0]<--->HoM1[0]
REAL
   0.369759 -0.00816243  0.00425082    0.181729
-0.00816243    0.158831   0.0228445  -0.0209381
 0.00425082   0.0228445     0.15756  0.00754438
   0.181729  -0.0209381  0.00754438     0.31385
IMAGINARY
          0  0.00885496   0.0231855 -0.00997423
-0.00885496           0  0.00682164   0.0111855
 -0.0231855 -0.00682164           0 -0.00301839
 0.00997423  -0.0111855  0.00301839           0
Repeater1[0]<--->EndNode1[0]
REAL
    0.355164  -0.00227216   0.00935913     0.164526
 -0.00227216      0.15869    0.0177796   0.00806714
  0.00935913    0.0177796     0.163728 -0.000408806
    0.164526   0.00806714 -0.000408806     0.322418
IMAGINARY
         0  0.0126281  -0.037355  0.0125643
-0.0126281          0 -0.0203768  0.0207548
  0.037355  0.0203768          0  0.0119403
-0.0125643 -0.0207548 -0.0119403          0
Repeater1[0]<--->HoM1[0]
REAL
   0.369759  0.00425082 -0.00816243    0.181729
 0.00425082     0.15756   0.0228445  0.00754438
-0.00816243   0.0228445    0.158831  -0.0209381
   0.181729  0.00754438  -0.0209381     0.31385
IMAGINARY
          0   0.0231855  0.00885496 -0.00997423
 -0.0231855           0 -0.00682164 -0.00301839
-0.00885496  0.00682164           0   0.0111855
 0.00997423  0.00301839  -0.0111855           0
EndNode1[0]<--->Repeater1[0]
REAL
   0.342752  0.00109303 -0.00581814    0.176211
 0.00109303    0.164619   0.0281591 -0.00960602
-0.00581814   0.0281591    0.170762  -0.0113758
   0.176211 -0.00960602  -0.0113758    0.321867
IMAGINARY
           0    0.0179188   0.00488923  -0.00703475
  -0.0179188            0   -0.0209236 -0.000993125
 -0.00488923    0.0209236            0  -0.00233437
  0.00703475  0.000993125   0.00233437            0
EndNode2[0]<--->HoM1[0]
REAL
    0.372152    -0.021658   -0.0225844     0.188409
   -0.021658     0.149367    0.0279312 -0.000291412
  -0.0225844    0.0279312     0.156962   0.00531815
    0.188409 -0.000291412   0.00531815     0.321519
IMAGINARY
          0 -0.00530504 -0.00630906  0.00502705
 0.00530504           0   -0.016655 -0.00430102
 0.00630906    0.016655           0 -0.00530504
-0.00502705  0.00430102  0.00530504           0
Repeater1[0]<--->EndNode1[0]
REAL
   0.342752 -0.00581814  0.00109303    0.176211
-0.00581814    0.170762   0.0281591  -0.0113758
 0.00109303   0.0281591    0.164619 -0.00960602
   0.176211  -0.0113758 -0.00960602    0.321867
IMAGINARY
           0   0.00488923    0.0179188  -0.00703475
 -0.00488923            0    0.0209236  -0.00233437
  -0.0179188   -0.0209236            0 -0.000993125
  0.00703475   0.00233437  0.000993125            0
Repeater1[0]<--->HoM1[0]
REAL
    0.372152   -0.0225844    -0.021658     0.188409
  -0.0225844     0.156962    0.0279312   0.00531815
   -0.021658    0.0279312     0.149367 -0.000291412
    0.188409   0.00531815 -0.000291412     0.321519
IMAGINARY
          0 -0.00630906 -0.00530504  0.00502705
 0.00630906           0    0.016655 -0.00530504
 0.00530504   -0.016655           0 -0.00430102
-0.00502705  0.00530504  0.00430102           0
EndNode1[0]<--->Repeater1[0]
REAL
  0.382924 0.00105797 0.00974166   0.172425
0.00105797   0.137128  0.0330202 -0.0221179
0.00974166  0.0330202    0.14489  0.0212193
  0.172425 -0.0221179  0.0212193   0.335058
IMAGINARY
           0    0.0102439   -0.0134373   -0.0209185
  -0.0102439            0  -0.00589116    0.0177744
   0.0134373   0.00589116            0 -0.000950175
   0.0209185   -0.0177744  0.000950175            0
EndNode2[0]<--->HoM1[0]
REAL
  0.361399  0.0070804  0.0103797   0.171947
 0.0070804   0.154145  0.0446176 0.00373075
 0.0103797  0.0446176   0.146373 0.00334905
  0.171947 0.00373075 0.00334905   0.338083
IMAGINARY
           0  -0.00477593 -0.000649748   -0.0108777
  0.00477593            0    0.0162541   0.00127087
 0.000649748   -0.0162541            0    -0.010752
   0.0108777  -0.00127087     0.010752            0
Repeater1[0]<--->EndNode1[0]
REAL
  0.382924 0.00974166 0.00105797   0.172425
0.00974166    0.14489  0.0330202  0.0212193
0.00105797  0.0330202   0.137128 -0.0221179
  0.172425  0.0212193 -0.0221179   0.335058
IMAGINARY
           0   -0.0134373    0.0102439   -0.0209185
   0.0134373            0   0.00589116 -0.000950175
  -0.0102439  -0.00589116            0    0.0177744
   0.0209185  0.000950175   -0.0177744            0
Repeater1[0]<--->HoM1[0]
REAL
  0.361399  0.0103797  0.0070804   0.171947
 0.0103797   0.146373  0.0446176 0.00334905
 0.0070804  0.0446176   0.154145 0.00373075
  0.171947 0.00334905 0.00373075   0.338083
IMAGINARY
           0 -0.000649748  -0.00477593   -0.0108777
 0.000649748            0   -0.0162541    -0.010752
  0.00477593    0.0162541            0   0.00127087
   0.0108777     0.010752  -0.00127087            0
EndNode1[0]<--->Repeater1[0]
REAL
   0.371827   0.0129901   0.0184171    0.194337
  0.0129901    0.145939   0.0438767 -0.00849154
  0.0184171   0.0438767    0.159898  -0.0117494
   0.194337 -0.00849154  -0.0117494    0.322335
IMAGINARY
           0  -0.00129014    0.0126001  0.000957854
  0.00129014            0 -0.000957854  -0.00143055
  -0.0126001  0.000957854            0   0.00326123
-0.000957854   0.00143055  -0.00326123            0
EndNode2[0]<--->HoM1[0]
REAL
  0.368984 0.00561734 0.00256327   0.167358
0.00561734   0.137701   0.041303 0.00924776
0.00256327   0.041303    0.15508 0.00881836
  0.167358 0.00924776 0.00881836   0.338235
IMAGINARY
          0  0.00224574  0.00584102  0.00237026
-0.00224574           0  0.00826803  -0.0112692
-0.00584102 -0.00826803           0  0.00800758
-0.00237026   0.0112692 -0.00800758           0
Repeater1[0]<--->EndNode1[0]
REAL
   0.371827   0.0184171   0.0129901    0.194337
  0.0184171    0.159898   0.0438767  -0.0117494
  0.0129901   0.0438767    0.145939 -0.00849154
   0.194337  -0.0117494 -0.00849154    0.322335
IMAGINARY
           0    0.0126001  -0.00129014  0.000957854
  -0.0126001            0  0.000957854   0.00326123
  0.00129014 -0.000957854            0  -0.00143055
-0.000957854  -0.00326123   0.00143055            0
Repeater1[0]<--->HoM1[0]
REAL
  0.368984 0.00256327 0.00561734   0.167358
0.00256327    0.15508   0.041303 0.00881836
0.00561734   0.041303   0.137701 0.00924776
  0.167358 0.00881836 0.00924776   0.338235
IMAGINARY
          0  0.00584102  0.00224574  0.00237026
-0.00584102           0 -0.00826803  0.00800758
-0.00224574  0.00826803           0  -0.0112692
-0.00237026 -0.00800758   0.0112692           0
EndNode1[0]<--->Repeater1[0]
REAL
   0.347826 -0.00363099   0.0135879    0.174808
-0.00363099    0.153453    0.029139  -0.0109563
  0.0135879    0.029139    0.164962   0.0154731
   0.174808  -0.0109563   0.0154731     0.33376
IMAGINARY
          0 -0.00921945   0.0172008 -0.00202606
 0.00921945           0 -0.00869273 -0.00801445
 -0.0172008  0.00869273           0  0.00528244
 0.00202606  0.00801445 -0.00528244           0
EndNode2[0]<--->HoM1[0]
REAL
   0.361179  -0.0036882 -0.00702555    0.189581
 -0.0036882    0.133907    0.036992  -0.0205739
-0.00702555    0.036992    0.153563  -0.0226276
   0.189581  -0.0205739  -0.0226276    0.351351
IMAGINARY
           0    0.0181914  0.000321386  -0.00453576
  -0.0181914            0   -0.0165038    0.0105778
-0.000321386    0.0165038            0   -0.0222786
  0.00453576   -0.0105778    0.0222786            0
Repeater1[0]<--->EndNode1[0]
REAL
   0.347826   0.0135879 -0.00363099    0.174808
  0.0135879    0.164962    0.029139   0.0154731
-0.00363099    0.029139    0.153453  -0.0109563
   0.174808   0.0154731  -0.0109563     0.33376
IMAGINARY
          0   0.0172008 -0.00921945 -0.00202606
 -0.0172008           0  0.00869273  0.00528244
 0.00921945 -0.00869273           0 -0.00801445
 0.00202606 -0.00528244  0.00801445           0
Repeater1[0]<--->HoM1[0]
REAL
   0.361179 -0.00702555  -0.0036882    0.189581
-0.00702555    0.153563    0.036992  -0.0226276
 -0.0036882    0.036992    0.133907  -0.0205739
   0.189581  -0.0226276  -0.0205739    0.351351
IMAGINARY
           0  0.000321386    0.0181914  -0.00453576
-0.000321386            0    0.0165038   -0.0222786
  -0.0181914   -0.0165038            0    0.0105778
  0.00453576    0.0222786   -0.0105778            0
EndNode1[0]<--->Repeater1[0]
REAL
    0.39295 -0.00757698   0.0147365    0.171812
-0.00757698    0.156658    0.029504 -0.00684178
  0.0147365    0.029504    0.140992 -0.00689671
   0.171812 -0.00684178 -0.00689671    0.309399
IMAGINARY
           0     -0.02031   -0.0042804   0.00434158
     0.02031            0   0.00177089   0.00812655
   0.0042804  -0.00177089            0 -0.000202791
 -0.00434158  -0.00812655  0.000202791            0
EndNode2[0]<--->HoM1[0]
REAL
  0.357702 0.00682702  0.0103551   0.162772
0.00682702    0.14752   0.033589 -0.0197654
 0.0103551   0.033589   0.156658 0.00885679
  0.162772 -0.0197654 0.00885679    0.33812
IMAGINARY
          0  0.00933454  -0.0155531   0.0111165
-0.00933454           0  -0.0211416  -0.0185834
  0.0155531   0.0211416           0  0.00739906
 -0.0111165   0.0185834 -0.00739906           0
Repeater1[0]<--->EndNode1[0]
REAL
    0.39295   0.0147365 -0.00757698    0.171812
  0.0147365    0.140992    0.029504 -0.00689671
-0.00757698    0.029504    0.156658 -0.00684178
   0.171812 -0.00689671 -0.00684178    0.309399
IMAGINARY
           0   -0.0042804     -0.02031   0.00434158
   0.0042804            0  -0.00177089 -0.000202791
     0.02031   0.00177089            0   0.00812655
 -0.00434158  0.000202791  -0.00812655            0
Repeater1[0]<--->HoM1[0]
REAL
  0.357702  0.0103551 0.00682702   0.162772
 0.0103551   0.156658   0.033589 0.00885679
0.00682702   0.033589    0.14752 -0.0197654
  0.162772 0.00885679 -0.0197654    0.33812
IMAGINARY
          0  -0.0155531  0.00933454   0.0111165
  0.0155531           0   0.0211416  0.00739906
-0.00933454  -0.0211416           0  -0.0185834
 -0.0111165 -0.00739906   0.0185834           0
EndNode1[0]<--->Repeater1[0]
REAL
  0.367665 -0.0142063 0.00976275   0.168726
-0.0142063   0.137725  0.0315465 0.00249883
0.00976275  0.0315465   0.154491  0.0237431
  0.168726 0.00249883  0.0237431    0.34012
IMAGINARY
          0   0.0140839   0.0041679  -0.0195245
 -0.0140839           0  -0.0143297  0.00224236
 -0.0041679   0.0143297           0 -0.00639163
  0.0195245 -0.00224236  0.00639163           0
EndNode2[0]<--->HoM1[0]
REAL
   0.416877   0.0042561   -0.012319    0.180039
  0.0042561    0.149874   0.0452779  -0.0129974
  -0.012319   0.0452779    0.130982 -0.00299028
   0.180039  -0.0129974 -0.00299028    0.302267
IMAGINARY
          0  0.00102053  -0.0106678  -0.0052403
-0.00102053           0   0.0120896 -0.00570501
  0.0106678  -0.0120896           0  0.00779559
  0.0052403  0.00570501 -0.00779559           0
Repeater1[0]<--->EndNode1[0]
REAL
  0.367665 0.00976275 -0.0142063   0.168726
0.00976275   0.154491  0.0315465  0.0237431
-0.0142063  0.0315465   0.137725 0.00249883
  0.168726  0.0237431 0.00249883    0.34012
IMAGINARY
          0   0.0041679   0.0140839  -0.0195245
 -0.0041679           0   0.0143297 -0.00639163
 -0.0140839  -0.0143297           0  0.00224236
  0.0195245  0.00639163 -0.00224236           0
Repeater1[0]<--->HoM1[0]
REAL
   0.416877   -0.012319   0.0042561    0.180039
  -0.012319    0.130982   0.0452779 -0.00299028
  0.0042561   0.0452779    0.149874  -0.0129974
   0.180039 -0.00299028  -0.0129974    0.302267
IMAGINARY
          0  -0.0106678  0.00102053  -0.0052403
  0.0106678           0  -0.0120896  0.00779559
-0.00102053   0.0120896           0 -0.00570501
  0.0052403 -0.00779559  0.00570501           0
EndNode1[0]<--->Repeater1[0]
REAL
   0.286832 -0.00766004  -0.0105528    0.145148
-0.00766004    0.172099     0.02525 -0.00561631
 -0.0105528     0.02525    0.169492   0.0126352
   0.145148 -0.00561631   0.0126352    0.371578
IMAGINARY
           0 -0.000100698    0.0168356   -0.0140174
 0.000100698            0    0.0227674   0.00229705
  -0.0168356   -0.0227674            0   -0.0113789
   0.0140174  -0.00229705    0.0113789            0
EndNode2[0]<--->HoM1[0]
REAL
    0.3543 -0.0124619 -0.0110864   0.185058
-0.0124619   0.151476  0.0171524 -0.0142712
-0.0110864  0.0171524   0.159178 0.00140861
  0.185058 -0.0142712 0.00140861   0.335045
IMAGINARY
           0 -0.000179084   -0.0100381   -0.0100698
 0.000179084            0  -0.00543406   -0.0289954
   0.0100381   0.00543406            0  -0.00291881
   0.0100698    0.0289954   0.00291881            0
Repeater1[0]<--->EndNode1[0]
REAL
   0.286832  -0.0105528 -0.00766004    0.145148
 -0.0105528    0.169492     0.02525   0.0126352
-0.00766004     0.02525    0.172099 -0.00561631
   0.145148   0.0126352 -0.00561631    0.371578
IMAGINARY
           0    0.0168356 -0.000100698   -0.0140174
  -0.0168356            0   -0.0227674   -0.0113789
 0.000100698    0.0227674            0   0.00229705
   0.0140174    0.0113789  -0.00229705            0
Repeater1[0]<--->HoM1[0]
REAL
    0.3543 -0.0110864 -0.0124619   0.185058
-0.0110864   0.159178  0.0171524 0.00140861
-0.0124619  0.0171524   0.151476 -0.0142712
  0.185058 0.00140861 -0.0142712   0.335045
IMAGINARY
           0   -0.0100381 -0.000179084   -0.0100698
   0.0100381            0   0.00543406  -0.00291881
 0.000179084  -0.00543406            0   -0.0289954
   0.0100698   0.00291881    0.0289954            0
EndNode1[0]<--->Repeater1[0]
REAL
   0.354414   0.0158785   0.0108807    0.161169
  0.0158785    0.137022   0.0279644 -0.00193983
  0.0108807   0.0279644     0.15415 -0.00693766
   0.161169 -0.00193983 -0.00693766    0.354414
IMAGINARY
           0   -0.0121622   0.00167326  0.000316836
   0.0121622            0  -0.00408568   0.00411825
 -0.00167326   0.00408568            0    0.0128057
-0.000316836  -0.00411825   -0.0128057            0
EndNode2[0]<--->HoM1[0]
REAL
   0.354545  -0.0193059 -0.00931386    0.174809
 -0.0193059     0.14026   0.0230803  0.00535607
-0.00931386   0.0230803    0.151948 -0.00707936
   0.174809  0.00535607 -0.00707936    0.353247
IMAGINARY
          0   0.0191245  0.00624735   0.0159606
 -0.0191245           0 -0.00327021 -0.00304633
-0.00624735  0.00327021           0  -0.0120822
 -0.0159606  0.00304633   0.0120822           0
Repeater1[0]<--->EndNode1[0]
REAL
   0.354414   0.0108807   0.0158785    0.161169
  0.0108807     0.15415   0.0279644 -0.00693766
  0.0158785   0.0279644    0.137022 -0.00193983
   0.161169 -0.00693766 -0.00193983    0.354414
IMAGINARY
           0   0.00167326   -0.0121622  0.000316836
 -0.00167326            0   0.00408568    0.0128057
   0.0121622  -0.00408568            0   0.00411825
-0.000316836   -0.0128057  -0.00411825            0
Repeater1[0]<--->HoM1[0]
REAL
   0.354545 -0.00931386  -0.0193059    0.174809
-0.00931386    0.151948   0.0230803 -0.00707936
 -0.0193059   0.0230803     0.14026  0.00535607
   0.174809 -0.00707936  0.00535607    0.353247
IMAGINARY
          0  0.00624735   0.0191245   0.0159606
-0.00624735           0  0.00327021  -0.0120822
 -0.0191245 -0.00327021           0 -0.00304633
 -0.0159606   0.0120822  0.00304633           0
EndNode1[0]<--->Repeater1[0]
REAL
  0.369863 -0.0104882 -0.0151505   0.168054
-0.0104882   0.135741  0.0190471  -0.021248
-0.0151505  0.0190471   0.166874 -0.0118618
  0.168054  -0.021248 -0.0118618   0.327522
IMAGINARY
           0 -0.000353991    0.0393052    0.0141722
 0.000353991            0    0.0076787    0.0143372
  -0.0393052   -0.0076787            0  -0.00163276
  -0.0141722   -0.0143372   0.00163276            0
EndNode2[0]<--->HoM1[0]
REAL
    0.342893 -8.61301e-05   0.00127482     0.170564
-8.61301e-05     0.158354    0.0330478    0.0118011
  0.00127482    0.0330478     0.158354   -0.0241978
    0.170564    0.0118011   -0.0241978     0.340399
IMAGINARY
           0  0.000734329    0.0161064  -0.00539411
-0.000734329            0    -0.006046  -0.00279842
  -0.0161064     0.006046            0    -0.019112
  0.00539411   0.00279842     0.019112            0
Repeater1[0]<--->EndNode1[0]
REAL
  0.369863 -0.0151505 -0.0104882   0.168054
-0.0151505   0.166874  0.0190471 -0.0118618
-0.0104882  0.0190471   0.135741  -0.021248
  0.168054 -0.0118618  -0.021248   0.327522
IMAGINARY
           0    0.0393052 -0.000353991    0.0141722
  -0.0393052            0   -0.0076787  -0.00163276
 0.000353991    0.0076787            0    0.0143372
  -0.0141722   0.00163276   -0.0143372            0
Repeater1[0]<--->HoM1[0]
REAL
    0.342893   0.00127482 -8.61301e-05     0.170564
  0.00127482     0.158354    0.0330478   -0.0241978
-8.61301e-05    0.0330478     0.158354    0.0118011
    0.170564   -0.0241978    0.0118011     0.340399
IMAGINARY
           0    0.0161064  0.000734329  -0.00539411
  -0.0161064            0     0.006046    -0.019112
-0.000734329    -0.006046            0  -0.00279842
  0.00539411     0.019112   0.00279842            0
EndNode1[0]<--->Repeater1[0]
REAL
    0.366197 -0.000402812    0.0147147     0.162567
-0.000402812     0.160051    0.0487189  -0.00815303
   0.0147147    0.0487189     0.172855   -0.0192822
    0.162567  -0.00815303   -0.0192822     0.300896
IMAGINARY
          0   0.0200159  -0.0103285   0.0139243
 -0.0200159           0  0.00956564 -0.00764753
  0.0103285 -0.00956564           0  0.00594944
 -0.0139243  0.00764753 -0.00594944           0
EndNode2[0]<--->HoM1[0]
REAL
   0.348465   0.0123694  -0.0163885    0.170145
  0.0123694    0.156208   0.0277441   0.0111115
 -0.0163885   0.0277441    0.158879 -0.00313452
   0.170145   0.0111115 -0.00313452    0.336449
IMAGINARY
          0   0.0201982  0.00389123  0.00915487
 -0.0201982           0   0.0123641  -0.0198555
-0.00389123  -0.0123641           0  0.00598314
-0.00915487   0.0198555 -0.00598314           0
Repeater1[0]<--->EndNode1[0]
REAL
    0.366197    0.0147147 -0.000402812     0.162567
   0.0147147     0.172855    0.0487189   -0.0192822
-0.000402812    0.0487189     0.160051  -0.00815303
    0.162567   -0.0192822  -0.00815303     0.300896
IMAGINARY
          0  -0.0103285   0.0200159   0.0139243
  0.0103285           0 -0.00956564  0.00594944
 -0.0200159  0.00956564           0 -0.00764753
 -0.0139243 -0.00594944  0.00764753           0
Repeater1[0]<--->HoM1[0]
REAL
   0.348465  -0.0163885   0.0123694    0.170145
 -0.0163885    0.158879   0.0277441 -0.00313452
  0.0123694   0.0277441    0.156208   0.0111115
   0.170145 -0.00313452   0.0111115    0.336449
IMAGINARY
          0  0.00389123   0.0201982  0.00915487
-0.00389123           0  -0.0123641  0.00598314
 -0.0201982   0.0123641           0  -0.0198555
-0.00915487 -0.00598314   0.0198555           0
EndNode1[0]<--->Repeater1[0]
REAL
   0.362391   0.0086778 0.000820745    0.154326
  0.0086778    0.135741   0.0409579  0.00341142
0.000820745   0.0409579    0.159402   0.0173198
   0.154326  0.00341142   0.0173198    0.342466
IMAGINARY
          0  -0.0381339  0.00516956  0.00988403
  0.0381339           0 -0.00790253   0.0190768
-0.00516956  0.00790253           0   0.0387892
-0.00988403  -0.0190768  -0.0387892           0
EndNode2[0]<--->HoM1[0]
REAL
   0.339309 -0.00584813   0.0182199    0.153472
-0.00584813    0.138284   0.0377953 0.000845337
  0.0182199   0.0377953     0.15749   0.0187633
   0.153472 0.000845337   0.0187633    0.364917
IMAGINARY
          0  0.00537336 -0.00623188  0.00282981
-0.00537336           0   0.0295152   0.0157136
 0.00623188  -0.0295152           0  -0.0173835
-0.00282981  -0.0157136   0.0173835           0
Repeater1[0]<--->EndNode1[0]
REAL
   0.362391 0.000820745   0.0086778    0.154326
0.000820745    0.159402   0.0409579   0.0173198
  0.0086778   0.0409579    0.135741  0.00341142
   0.154326   0.0173198  0.00341142    0.342466
IMAGINARY
          0  0.00516956  -0.0381339  0.00988403
-0.00516956           0  0.00790253   0.0387892
  0.0381339 -0.00790253           0   0.0190768
-0.00988403  -0.0387892  -0.0190768           0
Repeater1[0]<--->HoM1[0]
REAL
   0.339309   0.0182199 -0.00584813    0.153472
  0.0182199     0.15749   0.0377953   0.0187633
-0.00584813   0.0377953    0.138284 0.000845337
   0.153472   0.0187633 0.000845337    0.364917
IMAGINARY
          0 -0.00623188  0.00537336  0.00282981
 0.00623188           0  -0.0295152  -0.0173835
-0.00537336   0.0295152           0   0.0157136
-0.00282981   0.0173835  -0.0157136           0
EndNode1[0]<--->Repeater1[0]
REAL
    0.371968   0.00730849  0.000491148      0.18943
  0.00730849     0.141509    0.0466645   0.00246743
 0.000491148    0.0466645     0.160377 -0.000799616
     0.18943   0.00246743 -0.000799616     0.326146
IMAGINARY
          0  0.00856663  -0.0215163 -0.00183462
-0.00856663           0  0.00310365 -0.00601247
  0.0215163 -0.00310365           0  -0.0104872
 0.00183462  0.00601247   0.0104872           0
EndNode2[0]<--->HoM1[0]
REAL
   0.394309   0.0156361   0.0257303     0.16086
  0.0156361    0.149051    0.036508   0.0071644
  0.0257303    0.036508    0.127371 -0.00379397
    0.16086   0.0071644 -0.00379397    0.329268
IMAGINARY
           0    0.0170495   0.00485877 -0.000141988
  -0.0170495            0   0.00771775   0.00550393
 -0.00485877  -0.00771775            0   0.00108524
 0.000141988  -0.00550393  -0.00108524            0
Repeater1[0]<--->EndNode1[0]
REAL
    0.371968  0.000491148   0.00730849      0.18943
 0.000491148     0.160377    0.0466645 -0.000799616
  0.00730849    0.0466645     0.141509   0.00246743
     0.18943 -0.000799616   0.00246743     0.326146
IMAGINARY
          0  -0.0215163  0.00856663 -0.00183462
  0.0215163           0 -0.00310365  -0.0104872
-0.00856663  0.00310365           0 -0.00601247
 0.00183462   0.0104872  0.00601247           0
Repeater1[0]<--->HoM1[0]
REAL
   0.394309   0.0257303   0.0156361     0.16086
  0.0257303    0.127371    0.036508 -0.00379397
  0.0156361    0.036508    0.149051   0.0071644
    0.16086 -0.00379397   0.0071644    0.329268
IMAGINARY
           0   0.00485877    0.0170495 -0.000141988
 -0.00485877            0  -0.00771775   0.00108524
  -0.0170495   0.00771775            0   0.00550393
 0.000141988  -0.00108524  -0.00550393            0
EndNode1[0]<--->Repeater1[0]
REAL
   0.380507 -0.00742429   0.0150806    0.168928
-0.00742429    0.161549   0.0208533   -0.024813
  0.0150806   0.0208533    0.142857  0.00377466
   0.168928   -0.024813  0.00377466    0.315087
IMAGINARY
          0   0.0119972   -0.004177  -0.0044603
 -0.0119972           0  0.00256397  -0.0110952
   0.004177 -0.00256397           0  0.00194699
  0.0044603   0.0110952 -0.00194699           0
EndNode2[0]<--->HoM1[0]
REAL
    0.393858  -0.00551777    0.0133091     0.148082
 -0.00551777     0.138852    0.0356788 -0.000488561
   0.0133091    0.0356788     0.145527  -0.00486074
    0.148082 -0.000488561  -0.00486074     0.321762
IMAGINARY
          0   0.0110157  0.00738779   0.0121565
 -0.0110157           0   0.0058113  -0.0138477
-0.00738779  -0.0058113           0  0.00578013
 -0.0121565   0.0138477 -0.00578013           0
Repeater1[0]<--->EndNode1[0]
REAL
   0.380507   0.0150806 -0.00742429    0.168928
  0.0150806    0.142857   0.0208533  0.00377466
-0.00742429   0.0208533    0.161549   -0.024813
   0.168928  0.00377466   -0.024813    0.315087
IMAGINARY
          0   -0.004177   0.0119972  -0.0044603
   0.004177           0 -0.00256397  0.00194699
 -0.0119972  0.00256397           0  -0.0110952
  0.0044603 -0.00194699   0.0110952           0
Repeater1[0]<--->HoM1[0]
REAL
    0.393858    0.0133091  -0.00551777     0.148082
   0.0133091     0.145527    0.0356788  -0.00486074
 -0.00551777    0.0356788     0.138852 -0.000488561
    0.148082  -0.00486074 -0.000488561     0.321762
IMAGINARY
          0  0.00738779   0.0110157   0.0121565
-0.00738779           0  -0.0058113  0.00578013
 -0.0110157   0.0058113           0  -0.0138477
 -0.0121565 -0.00578013   0.0138477           0
EndNode1[0]<--->Repeater1[0]
REAL
   0.360054 -0.00255984  0.00536766    0.155437
-0.00255984    0.142663   0.0387258  0.00224656
 0.00536766   0.0387258    0.164402 -0.00378533
   0.155437  0.00224656 -0.00378533     0.33288
IMAGINARY
          0 -0.00164685  0.00581693  -0.0178304
 0.00164685           0  -0.0172345  -0.0151007
-0.00581693   0.0172345           0   0.0149094
  0.0178304   0.0151007  -0.0149094           0
EndNode2[0]<--->HoM1[0]
REAL
   0.357656 -0.00511984 -0.00959351    0.171167
-0.00511984     0.15311   0.0420111 -0.00461838
-0.00959351   0.0420111     0.13756   -0.016844
   0.171167 -0.00461838   -0.016844    0.351675
IMAGINARY
           0   0.00525296    0.0238854   0.00218373
 -0.00525296            0  -0.00525876   -0.0238854
  -0.0238854   0.00525876            0 -0.000137873
 -0.00218373    0.0238854  0.000137873            0
Repeater1[0]<--->EndNode1[0]
REAL
   0.360054  0.00536766 -0.00255984    0.155437
 0.00536766    0.164402   0.0387258 -0.00378533
-0.00255984   0.0387258    0.142663  0.00224656
   0.155437 -0.00378533  0.00224656     0.33288
IMAGINARY
          0  0.00581693 -0.00164685  -0.0178304
-0.00581693           0   0.0172345   0.0149094
 0.00164685  -0.0172345           0  -0.0151007
  0.0178304  -0.0149094   0.0151007           0
Repeater1[0]<--->HoM1[0]
REAL
   0.357656 -0.00959351 -0.00511984    0.171167
-0.00959351     0.13756   0.0420111   -0.016844
-0.00511984   0.0420111     0.15311 -0.00461838
   0.171167   -0.016844 -0.00461838    0.351675
IMAGINARY
           0    0.0238854   0.00525296   0.00218373
  -0.0238854            0   0.00525876 -0.000137873
 -0.00525296  -0.00525876            0   -0.0238854
 -0.00218373  0.000137873    0.0238854            0
EndNode1[0]<--->Repeater1[0]
REAL
 0.367521 0.0164213 0.0197433   0.18192
0.0164213  0.150183 0.0465814 0.0171117
0.0197433 0.0465814  0.159951 0.0118342
  0.18192 0.0171117 0.0118342  0.322344
IMAGINARY
           0   0.00966112   0.00479286 -0.000944702
 -0.00966112            0   -0.0216944   0.00147281
 -0.00479286    0.0216944            0    0.0128953
 0.000944702  -0.00147281   -0.0128953            0
EndNode2[0]<--->HoM1[0]
REAL
   0.371879 -0.00531776 -0.00276623    0.170357
-0.00531776    0.159001   0.0308074  -0.0134045
-0.00276623   0.0308074    0.111695   0.0163139
   0.170357  -0.0134045   0.0163139    0.357424
IMAGINARY
          0  0.00840895   0.0100517 -0.00893966
-0.00840895           0  -0.0194109  0.00809601
 -0.0100517   0.0194109           0  -0.0115379
 0.00893966 -0.00809601   0.0115379           0
Repeater1[0]<--->EndNode1[0]
REAL
 0.367521 0.0197433 0.0164213   0.18192
0.0197433  0.159951 0.0465814 0.0118342
0.0164213 0.0465814  0.150183 0.0171117
  0.18192 0.0118342 0.0171117  0.322344
IMAGINARY
           0   0.00479286   0.00966112 -0.000944702
 -0.00479286            0    0.0216944    0.0128953
 -0.00966112   -0.0216944            0   0.00147281
 0.000944702   -0.0128953  -0.00147281            0
Repeater1[0]<--->HoM1[0]
REAL
   0.371879 -0.00276623 -0.00531776    0.170357
-0.00276623    0.111695   0.0308074   0.0163139
-0.00531776   0.0308074    0.159001  -0.0134045
   0.170357   0.0163139  -0.0134045    0.357424
IMAGINARY
          0   0.0100517  0.00840895 -0.00893966
 -0.0100517           0   0.0194109  -0.0115379
-0.00840895  -0.0194109           0  0.00809601
 0.00893966   0.0115379 -0.00809601           0
EndNode1[0]<--->Repeater1[0]
REAL
   0.339719   0.0168687  -0.0111619    0.177665
  0.0168687    0.182631   0.0333867  -0.0068141
 -0.0111619   0.0333867     0.16092 -0.00155574
   0.177665  -0.0068141 -0.00155574    0.316731
IMAGINARY
          0   0.0143175 -0.00437416  0.00886896
 -0.0143175           0  -0.0121284  0.00437416
 0.00437416   0.0121284           0   0.0105581
-0.00886896 -0.00437416  -0.0105581           0
EndNode2[0]<--->HoM1[0]
REAL
      0.372 -0.00962992 -0.00712669    0.173917
-0.00962992    0.154667   0.0254696  -0.0131187
-0.00712669   0.0254696    0.114667  0.00778943
   0.173917  -0.0131187  0.00778943    0.358667
IMAGINARY
           0   0.00185625   -0.0193002    0.0122257
 -0.00185625            0 -0.000627766   0.00625677
   0.0193002  0.000627766            0   0.00249158
  -0.0122257  -0.00625677  -0.00249158            0
Repeater1[0]<--->EndNode1[0]
REAL
   0.339719  -0.0111619   0.0168687    0.177665
 -0.0111619     0.16092   0.0333867 -0.00155574
  0.0168687   0.0333867    0.182631  -0.0068141
   0.177665 -0.00155574  -0.0068141    0.316731
IMAGINARY
          0 -0.00437416   0.0143175  0.00886896
 0.00437416           0   0.0121284   0.0105581
 -0.0143175  -0.0121284           0  0.00437416
-0.00886896  -0.0105581 -0.00437416           0
Repeater1[0]<--->HoM1[0]
REAL
      0.372 -0.00712669 -0.00962992    0.173917
-0.00712669    0.114667   0.0254696  0.00778943
-0.00962992   0.0254696    0.154667  -0.0131187
   0.173917  0.00778943  -0.0131187    0.358667
IMAGINARY
           0   -0.0193002   0.00185625    0.0122257
   0.0193002            0  0.000627766   0.00249158
 -0.00185625 -0.000627766            0   0.00625677
  -0.0122257  -0.00249158  -0.00625677            0
EndNode1[0]<--->Repeater1[0]
REAL
   0.357977 -0.00725973  0.00956001    0.180332
-0.00725973    0.164721   0.0510892   -0.003693
 0.00956001   0.0510892    0.154345   0.0261646
   0.180332   -0.003693   0.0261646    0.322957
IMAGINARY
          0   0.0116841  -0.0139426  0.00565494
 -0.0116841           0 -0.00825234  -0.0213054
  0.0139426  0.00825234           0 -0.00515673
-0.00565494   0.0213054  0.00515673           0
EndNode2[0]<--->HoM1[0]
REAL
   0.342503 -0.00561983  -0.0199486     0.17875
-0.00561983    0.160935   0.0358931 -0.00195376
 -0.0199486   0.0358931    0.140303 -0.00627003
    0.17875 -0.00195376 -0.00627003    0.356259
IMAGINARY
          0   0.0163528   -0.021319   0.0154948
 -0.0163528           0 -0.00561338  -0.0119322
   0.021319  0.00561338           0   0.0119723
 -0.0154948   0.0119322  -0.0119723           0
Repeater1[0]<--->EndNode1[0]
REAL
   0.357977  0.00956001 -0.00725973    0.180332
 0.00956001    0.154345   0.0510892   0.0261646
-0.00725973   0.0510892    0.164721   -0.003693
   0.180332   0.0261646   -0.003693    0.322957
IMAGINARY
          0  -0.0139426   0.0116841  0.00565494
  0.0139426           0  0.00825234 -0.00515673
 -0.0116841 -0.00825234           0  -0.0213054
-0.00565494  0.00515673   0.0213054           0
Repeater1[0]<--->HoM1[0]
REAL
   0.342503  -0.0199486 -0.00561983     0.17875
 -0.0199486    0.140303   0.0358931 -0.00627003
-0.00561983   0.0358931    0.160935 -0.00195376
    0.17875 -0.00627003 -0.00195376    0.356259
IMAGINARY
          0   -0.021319   0.0163528   0.0154948
   0.021319           0  0.00561338   0.0119723
 -0.0163528 -0.00561338           0  -0.0119322
 -0.0154948  -0.0119723   0.0119322           0
EndNode1[0]<--->Repeater1[0]
REAL
   0.361842 0.000868635 -0.00318065    0.150061
0.000868635    0.148684   0.0508149   0.0125674
-0.00318065   0.0508149        0.15   0.0147759
   0.150061   0.0125674   0.0147759    0.339474
IMAGINARY
          0  0.00569982   0.0152666  0.00385591
-0.00569982           0 -0.00969248 -0.00647258
 -0.0152666  0.00969248           0   0.0269635
-0.00385591  0.00647258  -0.0269635           0
EndNode2[0]<--->HoM1[0]
REAL
   0.342936  -0.0306028  0.00287131    0.181083
 -0.0306028    0.176955   0.0282335  -0.0146726
 0.00287131   0.0282335    0.141289 -0.00355873
   0.181083  -0.0146726 -0.00355873     0.33882
IMAGINARY
          0  -0.0184672   0.0146334  0.00615612
  0.0184672           0 -0.00997291    0.006092
 -0.0146334  0.00997291           0  0.00292317
-0.00615612   -0.006092 -0.00292317           0
Repeater1[0]<--->EndNode1[0]
REAL
   0.361842 -0.00318065 0.000868635    0.150061
-0.00318065        0.15   0.0508149   0.0147759
0.000868635   0.0508149    0.148684   0.0125674
   0.150061   0.0147759   0.0125674    0.339474
IMAGINARY
          0   0.0152666  0.00569982  0.00385591
 -0.0152666           0  0.00969248   0.0269635
-0.00569982 -0.00969248           0 -0.00647258
-0.00385591  -0.0269635  0.00647258           0
Repeater1[0]<--->HoM1[0]
REAL
   0.342936  0.00287131  -0.0306028    0.181083
 0.00287131    0.141289   0.0282335 -0.00355873
 -0.0306028   0.0282335    0.176955  -0.0146726
   0.181083 -0.00355873  -0.0146726     0.33882
IMAGINARY
          0   0.0146334  -0.0184672  0.00615612
 -0.0146334           0  0.00997291  0.00292317
  0.0184672 -0.00997291           0    0.006092
-0.00615612 -0.00292317   -0.006092           0
EndNode1[0]<--->Repeater1[0]
REAL
   0.411921  -0.0181453 -0.00470186    0.157864
 -0.0181453    0.141722    0.053025 -0.00593643
-0.00470186    0.053025     0.13245  -0.0162727
   0.157864 -0.00593643  -0.0162727    0.313907
IMAGINARY
          0  0.00367199   0.0104693   0.0176008
-0.00367199           0  -0.0070745   0.0123801
 -0.0104693   0.0070745           0  -0.0130806
 -0.0176008  -0.0123801   0.0130806           0
EndNode2[0]<--->HoM1[0]
REAL
    0.32963 0.000696513 -0.00563344    0.175786
0.000696513    0.155556    0.036828  0.00108207
-0.00563344    0.036828    0.155556  -0.0221529
   0.175786  0.00108207  -0.0221529    0.359259
IMAGINARY
          0   0.0322987  -0.0324398   0.0203845
 -0.0322987           0   0.0190892 -0.00974381
  0.0324398  -0.0190892           0  -0.0112069
 -0.0203845  0.00974381   0.0112069           0
Repeater1[0]<--->EndNode1[0]
REAL
   0.411921 -0.00470186  -0.0181453    0.157864
-0.00470186     0.13245    0.053025  -0.0162727
 -0.0181453    0.053025    0.141722 -0.00593643
   0.157864  -0.0162727 -0.00593643    0.313907
IMAGINARY
          0   0.0104693  0.00367199   0.0176008
 -0.0104693           0   0.0070745  -0.0130806
-0.00367199  -0.0070745           0   0.0123801
 -0.0176008   0.0130806  -0.0123801           0
Repeater1[0]<--->HoM1[0]
REAL
    0.32963 -0.00563344 0.000696513    0.175786
-0.00563344    0.155556    0.036828  -0.0221529
0.000696513    0.036828    0.155556  0.00108207
   0.175786  -0.0221529  0.00108207    0.359259
IMAGINARY
          0  -0.0324398   0.0322987   0.0203845
  0.0324398           0  -0.0190892  -0.0112069
 -0.0322987   0.0190892           0 -0.00974381
 -0.0203845   0.0112069  0.00974381           0
EndNode1[0]<--->Repeater1[0]
REAL
    0.363874    0.0158326  -0.00357557     0.170926
   0.0158326     0.140052     0.046857 -0.000290414
 -0.00357557     0.046857      0.13089   -0.0106779
    0.170926 -0.000290414   -0.0106779     0.365183
IMAGINARY
          0  0.00522946 -0.00892056 -0.00075616
-0.00522946           0  -0.0118383   -0.001005
 0.00892056   0.0118383           0  -0.0163957
 0.00075616    0.001005   0.0163957           0
EndNode2[0]<--->HoM1[0]
REAL
  0.344916  0.0174141  0.0153484    0.18716
 0.0174141   0.155727  0.0376216 -0.0060084
 0.0153484  0.0376216   0.144144  0.0155871
   0.18716 -0.0060084  0.0155871   0.355212
IMAGINARY
           0   -0.0202375  -0.00887522  0.000817992
   0.0202375            0   0.00786025  -0.00495877
  0.00887522  -0.00786025            0 -0.000184066
-0.000817992   0.00495877  0.000184066            0
Repeater1[0]<--->EndNode1[0]
REAL
    0.363874  -0.00357557    0.0158326     0.170926
 -0.00357557      0.13089     0.046857   -0.0106779
   0.0158326     0.046857     0.140052 -0.000290414
    0.170926   -0.0106779 -0.000290414     0.365183
IMAGINARY
          0 -0.00892056  0.00522946 -0.00075616
 0.00892056           0   0.0118383  -0.0163957
-0.00522946  -0.0118383           0   -0.001005
 0.00075616   0.0163957    0.001005           0
Repeater1[0]<--->HoM1[0]
REAL
  0.344916  0.0153484  0.0174141    0.18716
 0.0153484   0.144144  0.0376216  0.0155871
 0.0174141  0.0376216   0.155727 -0.0060084
   0.18716  0.0155871 -0.0060084   0.355212
IMAGINARY
           0  -0.00887522   -0.0202375  0.000817992
  0.00887522            0  -0.00786025 -0.000184066
   0.0202375   0.00786025            0  -0.00495877
-0.000817992  0.000184066   0.00495877            0
EndNode1[0]<--->Repeater1[0]
REAL
   0.355664 -0.00429037 -0.00669815    0.166822
-0.00429037    0.163216    0.044794  -0.0033152
-0.00669815    0.044794    0.149817 -0.00305275
   0.166822  -0.0033152 -0.00305275    0.331303
IMAGINARY
           0  0.000179514  -0.00505888   -0.0103753
-0.000179514            0   0.00972515  -0.00182473
  0.00505888  -0.00972515            0   0.00420096
   0.0103753   0.00182473  -0.00420096            0
EndNode2[0]<--->HoM1[0]
REAL
