EndNode1[0]<--->Repeater1[0]
REAL
    0.286243   0.00535728   0.00779506    0.0341721
  0.00535728     0.217264   0.00150673  0.000453794
  0.00779506   0.00150673     0.209665 -0.000686237
   0.0341721  0.000453794 -0.000686237     0.286828
IMAGINARY
          0 -0.00112498  0.00428438 -0.00554638
 0.00112498           0 -0.00818223  0.00954328
-0.00428438  0.00818223           0 -0.00669065
 0.00554638 -0.00954328  0.00669065           0
EndNode2[0]<--->HoM6[0]
REAL
   0.327399 -0.00180369 -0.00421493    0.116356
-0.00180369    0.161029  0.00361527  -0.0128661
-0.00421493  0.00361527    0.154698  0.00170262
   0.116356  -0.0128661  0.00170262    0.356874
IMAGINARY
           0 -0.000380981   0.00576319   0.00638099
 0.000380981            0   0.00374941  -0.00134197
 -0.00576319  -0.00374941            0    0.0013858
 -0.00638099   0.00134197   -0.0013858            0
Repeater1[0]<--->EndNode1[0]
REAL
    0.286243   0.00779506   0.00535728    0.0341721
  0.00779506     0.209665   0.00150673 -0.000686237
  0.00535728   0.00150673     0.217264  0.000453794
   0.0341721 -0.000686237  0.000453794     0.286828
IMAGINARY
          0  0.00428438 -0.00112498 -0.00554638
-0.00428438           0  0.00818223 -0.00669065
 0.00112498 -0.00818223           0  0.00954328
 0.00554638  0.00669065 -0.00954328           0
Repeater1[0]<--->HoM1[0]
REAL
   0.283813 0.000675117 -0.00350849   0.0212561
0.000675117    0.217676 -0.00339175  0.00269647
-0.00350849 -0.00339175    0.215889 -0.00128413
  0.0212561  0.00269647 -0.00128413    0.282622
IMAGINARY
          0  -0.0119693 -0.00148264  0.00419597
  0.0119693           0  0.00191014  0.00246073
 0.00148264 -0.00191014           0  0.00121029
-0.00419597 -0.00246073 -0.00121029           0
Repeater2[0]<--->HoM1[0]
REAL
   0.283813 -0.00350849 0.000675117   0.0212561
-0.00350849    0.215889 -0.00339175 -0.00128413
0.000675117 -0.00339175    0.217676  0.00269647
  0.0212561 -0.00128413  0.00269647    0.282622
IMAGINARY
          0 -0.00148264  -0.0119693  0.00419597
 0.00148264           0 -0.00191014  0.00121029
  0.0119693  0.00191014           0  0.00246073
-0.00419597 -0.00121029 -0.00246073           0
Repeater2[0]<--->Repeater3[0]
REAL
    0.248568   0.00344043   -0.0052203   0.00267698
  0.00344043      0.25225  -0.00631943 -0.000784818
  -0.0052203  -0.00631943     0.245295   0.00158024
  0.00267698 -0.000784818   0.00158024     0.253887
IMAGINARY
          0 -0.00399697  0.00659864    0.002984
 0.00399697           0 -0.00226664  0.00739577
-0.00659864  0.00226664           0 -0.00320015
  -0.002984 -0.00739577  0.00320015           0
Repeater3[0]<--->Repeater2[0]
REAL
    0.248568   -0.0052203   0.00344043   0.00267698
  -0.0052203     0.245295  -0.00631943   0.00158024
  0.00344043  -0.00631943      0.25225 -0.000784818
  0.00267698   0.00158024 -0.000784818     0.253887
IMAGINARY
          0  0.00659864 -0.00399697    0.002984
-0.00659864           0  0.00226664 -0.00320015
 0.00399697 -0.00226664           0  0.00739577
  -0.002984  0.00320015 -0.00739577           0
Repeater3[0]<--->HoM2[0]
REAL
    0.255986  -0.00347992   0.00321518   0.00438786
 -0.00347992     0.239226  0.000370185   -0.0081757
  0.00321518  0.000370185     0.236433 -0.000265778
  0.00438786   -0.0081757 -0.000265778     0.268356
IMAGINARY
          0  0.00236673 -0.00126082  0.00358987
-0.00236673           0 -0.00488805  0.00608204
 0.00126082  0.00488805           0  -0.0118083
-0.00358987 -0.00608204   0.0118083           0
Repeater4[0]<--->HoM2[0]
REAL
    0.255986   0.00321518  -0.00347992   0.00438786
  0.00321518     0.236433  0.000370185 -0.000265778
 -0.00347992  0.000370185     0.239226   -0.0081757
  0.00438786 -0.000265778   -0.0081757     0.268356
IMAGINARY
          0 -0.00126082  0.00236673  0.00358987
 0.00126082           0  0.00488805  -0.0118083
-0.00236673 -0.00488805           0  0.00608204
-0.00358987   0.0118083 -0.00608204           0
Repeater4[0]<--->Repeater5[0]
REAL
   0.261254 -0.00081544  0.00372174  0.00246794
-0.00081544    0.250402 -0.00365371 -0.00154782
 0.00372174 -0.00365371     0.24176 0.000617811
 0.00246794 -0.00154782 0.000617811    0.246584
IMAGINARY
           0  -0.00622286  -0.00264336    0.0087757
  0.00622286            0  0.000680561 -0.000911142
  0.00264336 -0.000680561            0  -0.00700779
  -0.0087757  0.000911142   0.00700779            0
Repeater5[0]<--->Repeater4[0]
REAL
   0.261254  0.00372174 -0.00081544  0.00246794
 0.00372174     0.24176 -0.00365371 0.000617811
-0.00081544 -0.00365371    0.250402 -0.00154782
 0.00246794 0.000617811 -0.00154782    0.246584
IMAGINARY
           0  -0.00264336  -0.00622286    0.0087757
  0.00264336            0 -0.000680561  -0.00700779
  0.00622286  0.000680561            0 -0.000911142
  -0.0087757   0.00700779  0.000911142            0
Repeater5[0]<--->HoM3[0]
REAL
   0.253294 -0.00523681  0.00229915  0.00656085
-0.00523681    0.245624  -0.0123493  0.00588448
 0.00229915  -0.0123493    0.248771 -0.00135002
 0.00656085  0.00588448 -0.00135002    0.252311
IMAGINARY
           0  -0.00132019  0.000736793   0.00613774
  0.00132019            0   0.00114573   -0.0072435
-0.000736793  -0.00114573            0  0.000506851
 -0.00613774    0.0072435 -0.000506851            0
Repeater6[0]<--->HoM3[0]
REAL
   0.253294  0.00229915 -0.00523681  0.00656085
 0.00229915    0.248771  -0.0123493 -0.00135002
-0.00523681  -0.0123493    0.245624  0.00588448
 0.00656085 -0.00135002  0.00588448    0.252311
IMAGINARY
           0  0.000736793  -0.00132019   0.00613774
-0.000736793            0  -0.00114573  0.000506851
  0.00132019   0.00114573            0   -0.0072435
 -0.00613774 -0.000506851    0.0072435            0
Repeater6[0]<--->Repeater7[0]
REAL
   0.245059 -0.00612596 -0.00220027  0.00286062
-0.00612596    0.240514 -0.00386584  0.00220027
-0.00220027 -0.00386584     0.25751 -0.00191586
 0.00286062  0.00220027 -0.00191586    0.256917
IMAGINARY
           0  -0.00118985  -0.00567587  0.000289707
  0.00118985            0 -0.000790207  -0.00370041
  0.00567587  0.000790207            0   0.00730481
-0.000289707   0.00370041  -0.00730481            0
Repeater7[0]<--->Repeater6[0]
REAL
   0.245059 -0.00220027 -0.00612596  0.00286062
-0.00220027     0.25751 -0.00386584 -0.00191586
-0.00612596 -0.00386584    0.240514  0.00220027
 0.00286062 -0.00191586  0.00220027    0.256917
IMAGINARY
           0  -0.00567587  -0.00118985  0.000289707
  0.00567587            0  0.000790207   0.00730481
  0.00118985 -0.000790207            0  -0.00370041
-0.000289707  -0.00730481   0.00370041            0
Repeater7[0]<--->HoM4[0]
REAL
    0.247856   0.00503142  -0.00154898 -0.000586171
  0.00503142      0.25663   0.00966619   -0.0031407
 -0.00154898   0.00966619     0.246859   0.00145431
-0.000586171   -0.0031407   0.00145431     0.248654
IMAGINARY
          0 -0.00522476  0.00792327  0.00141075
 0.00522476           0  0.00406815 -0.00141696
-0.00792327 -0.00406815           0 -0.00522476
-0.00141075  0.00141696  0.00522476           0
Repeater8[0]<--->HoM4[0]
REAL
    0.247856  -0.00154898   0.00503142 -0.000586171
 -0.00154898     0.246859   0.00966619   0.00145431
  0.00503142   0.00966619      0.25663   -0.0031407
-0.000586171   0.00145431   -0.0031407     0.248654
IMAGINARY
          0  0.00792327 -0.00522476  0.00141075
-0.00792327           0 -0.00406815 -0.00522476
 0.00522476  0.00406815           0 -0.00141696
-0.00141075  0.00522476  0.00141696           0
Repeater8[0]<--->Repeater9[0]
REAL
   0.246578 -0.00168759  0.00309221 0.000554897
-0.00168759    0.253618  0.00500066  0.00107446
 0.00309221  0.00500066    0.251271  0.00347331
0.000554897  0.00107446  0.00347331    0.248533
IMAGINARY
           0  0.000693142  -0.00667398  -0.00662077
-0.000693142            0 -0.000148276  -0.00626813
  0.00667398  0.000148276            0   0.00335744
  0.00662077   0.00626813  -0.00335744            0
Repeater9[0]<--->Repeater8[0]
REAL
   0.246578  0.00309221 -0.00168759 0.000554897
 0.00309221    0.251271  0.00500066  0.00347331
-0.00168759  0.00500066    0.253618  0.00107446
0.000554897  0.00347331  0.00107446    0.248533
IMAGINARY
           0  -0.00667398  0.000693142  -0.00662077
  0.00667398            0  0.000148276   0.00335744
-0.000693142 -0.000148276            0  -0.00626813
  0.00662077  -0.00335744   0.00626813            0
Repeater9[0]<--->HoM5[0]
REAL
    0.257246 -5.33029e-05   -0.0113929  -0.00258442
-5.33029e-05     0.251849   0.00125707   0.00455198
  -0.0113929   0.00125707     0.246052  -0.00331611
 -0.00258442   0.00455198  -0.00331611     0.244853
IMAGINARY
           0   -0.0013909   0.00345998   0.00643714
   0.0013909            0  0.000161841   -0.0068971
 -0.00345998 -0.000161841            0   0.00401929
 -0.00643714    0.0068971  -0.00401929            0
Repeater10[0]<--->HoM5[0]
REAL
    0.257246   -0.0113929 -5.33029e-05  -0.00258442
  -0.0113929     0.246052   0.00125707  -0.00331611
-5.33029e-05   0.00125707     0.251849   0.00455198
 -0.00258442  -0.00331611   0.00455198     0.244853
IMAGINARY
           0   0.00345998   -0.0013909   0.00643714
 -0.00345998            0 -0.000161841   0.00401929
   0.0013909  0.000161841            0   -0.0068971
 -0.00643714  -0.00401929    0.0068971            0
Repeater10[0]<--->Repeater11[0]
REAL
   0.336931 1.15664e-05 -0.00643997    0.112356
1.15664e-05    0.155612 0.000862764 -0.00374374
-0.00643997 0.000862764    0.168171 -0.00320645
   0.112356 -0.00374374 -0.00320645    0.339286
IMAGINARY
          0  0.00310804 -0.00657345  -0.0056693
-0.00310804           0  0.00889771  0.00171712
 0.00657345 -0.00889771           0 -0.00513151
  0.0056693 -0.00171712  0.00513151           0
Repeater11[0]<--->Repeater10[0]
REAL
   0.336931 -0.00643997 1.15664e-05    0.112356
-0.00643997    0.168171 0.000862764 -0.00320645
1.15664e-05 0.000862764    0.155612 -0.00374374
   0.112356 -0.00320645 -0.00374374    0.339286
IMAGINARY
          0 -0.00657345  0.00310804  -0.0056693
 0.00657345           0 -0.00889771 -0.00513151
-0.00310804  0.00889771           0  0.00171712
  0.0056693  0.00513151 -0.00171712           0
Repeater11[0]<--->HoM6[0]
REAL
   0.327399 -0.00421493 -0.00180369    0.116356
-0.00421493    0.154698  0.00361527  0.00170262
-0.00180369  0.00361527    0.161029  -0.0128661
   0.116356  0.00170262  -0.0128661    0.356874
IMAGINARY
           0   0.00576319 -0.000380981   0.00638099
 -0.00576319            0  -0.00374941    0.0013858
 0.000380981   0.00374941            0  -0.00134197
 -0.00638099   -0.0013858   0.00134197            0
EndNode1[0]<--->Repeater1[0]
REAL
   0.276072 0.000970524 -0.00289957   0.0148571
0.000970524     0.22281 -0.00550664  0.00380445
-0.00289957 -0.00550664    0.219557  0.00234739
  0.0148571  0.00380445  0.00234739    0.281561
IMAGINARY
           0   0.00178923   -0.0071249   -0.0102393
 -0.00178923            0  -0.00108625  -0.00315584
   0.0071249   0.00108625            0 -0.000207576
   0.0102393   0.00315584  0.000207576            0
EndNode2[0]<--->HoM6[0]
REAL
    0.34607 -0.00447267    0.006338    0.108602
-0.00447267    0.152836 -0.00332314   -0.003262
   0.006338 -0.00332314    0.160995   0.0049688
   0.108602   -0.003262   0.0049688      0.3401
IMAGINARY
          0 -0.00385811 -0.00757248 -0.00323121
 0.00385811           0  0.00565154  0.00106047
 0.00757248 -0.00565154           0  0.00446861
 0.00323121 -0.00106047 -0.00446861           0
Repeater1[0]<--->EndNode1[0]
REAL
   0.276072 -0.00289957 0.000970524   0.0148571
-0.00289957    0.219557 -0.00550664  0.00234739
0.000970524 -0.00550664     0.22281  0.00380445
  0.0148571  0.00234739  0.00380445    0.281561
IMAGINARY
           0   -0.0071249   0.00178923   -0.0102393
   0.0071249            0   0.00108625 -0.000207576
 -0.00178923  -0.00108625            0  -0.00315584
   0.0102393  0.000207576   0.00315584            0
Repeater1[0]<--->HoM1[0]
REAL
   0.276908  -0.0037695  0.00374931   0.0188364
 -0.0037695    0.223389   0.0044124 -0.00464733
 0.00374931   0.0044124    0.217839  0.00147455
  0.0188364 -0.00464733  0.00147455    0.281863
IMAGINARY
           0  4.24918e-06   -0.0078659    0.0134898
-4.24918e-06            0    0.0110646  -0.00191824
   0.0078659   -0.0110646            0   0.00150876
  -0.0134898   0.00191824  -0.00150876            0
Repeater2[0]<--->HoM1[0]
REAL
   0.276908  0.00374931  -0.0037695   0.0188364
 0.00374931    0.217839   0.0044124  0.00147455
 -0.0037695   0.0044124    0.223389 -0.00464733
  0.0188364  0.00147455 -0.00464733    0.281863
IMAGINARY
           0   -0.0078659  4.24918e-06    0.0134898
   0.0078659            0   -0.0110646   0.00150876
-4.24918e-06    0.0110646            0  -0.00191824
  -0.0134898  -0.00150876   0.00191824            0
Repeater2[0]<--->Repeater3[0]
REAL
   0.252185  0.00892652  -0.0059734  0.00553491
 0.00892652    0.244666 -0.00212947  0.00216731
 -0.0059734 -0.00212947    0.249949 -0.00251626
 0.00553491  0.00216731 -0.00251626    0.253201
IMAGINARY
          0  0.00315106  0.00958656 -0.00564505
-0.00315106           0  0.00423716 -0.00373743
-0.00958656 -0.00423716           0 -0.00315106
 0.00564505  0.00373743  0.00315106           0
Repeater3[0]<--->Repeater2[0]
REAL
   0.252185  -0.0059734  0.00892652  0.00553491
 -0.0059734    0.249949 -0.00212947 -0.00251626
 0.00892652 -0.00212947    0.244666  0.00216731
 0.00553491 -0.00251626  0.00216731    0.253201
IMAGINARY
          0  0.00958656  0.00315106 -0.00564505
-0.00958656           0 -0.00423716 -0.00315106
-0.00315106  0.00423716           0 -0.00373743
 0.00564505  0.00315106  0.00373743           0
Repeater3[0]<--->HoM2[0]
REAL
    0.252543 -7.98002e-06  -0.00505634  -0.00240056
-7.98002e-06     0.240774   0.00109874   0.00235255
 -0.00505634   0.00109874     0.247157  -0.00570001
 -0.00240056   0.00235255  -0.00570001     0.259525
IMAGINARY
          0  0.00339842  0.00264492  0.00153371
-0.00339842           0 -0.00295821  0.00205414
-0.00264492  0.00295821           0  0.00430004
-0.00153371 -0.00205414 -0.00430004           0
Repeater4[0]<--->HoM2[0]
REAL
    0.252543  -0.00505634 -7.98002e-06  -0.00240056
 -0.00505634     0.247157   0.00109874  -0.00570001
-7.98002e-06   0.00109874     0.240774   0.00235255
 -0.00240056  -0.00570001   0.00235255     0.259525
IMAGINARY
          0  0.00264492  0.00339842  0.00153371
-0.00264492           0  0.00295821  0.00430004
-0.00339842 -0.00295821           0  0.00205414
-0.00153371 -0.00430004 -0.00205414           0
Repeater4[0]<--->Repeater5[0]
REAL
    0.245403 -0.000342423   0.00298791  -0.00592198
-0.000342423     0.248059   0.00265401  -0.00482614
  0.00298791   0.00265401     0.263588   0.00871661
 -0.00592198  -0.00482614   0.00871661     0.242951
IMAGINARY
          0  -0.0026908  0.00262089 -0.00408576
  0.0026908           0  0.00124945 -0.00182312
-0.00262089 -0.00124945           0  -0.0020958
 0.00408576  0.00182312   0.0020958           0
Repeater5[0]<--->Repeater4[0]
REAL
    0.245403   0.00298791 -0.000342423  -0.00592198
  0.00298791     0.263588   0.00265401   0.00871661
-0.000342423   0.00265401     0.248059  -0.00482614
 -0.00592198   0.00871661  -0.00482614     0.242951
IMAGINARY
          0  0.00262089  -0.0026908 -0.00408576
-0.00262089           0 -0.00124945  -0.0020958
  0.0026908  0.00124945           0 -0.00182312
 0.00408576   0.0020958  0.00182312           0
Repeater5[0]<--->HoM3[0]
REAL
   0.245642  0.00037809  0.00692019 -0.00130404
 0.00037809    0.254057 -0.00110657  0.00915052
 0.00692019 -0.00110657    0.247846 -0.00298958
-0.00130404  0.00915052 -0.00298958    0.252454
IMAGINARY
          0  0.00144856  0.00104423 -0.00226105
-0.00144856           0   0.0057039 -0.00795577
-0.00104423  -0.0057039           0 -0.00223845
 0.00226105  0.00795577  0.00223845           0
Repeater6[0]<--->HoM3[0]
REAL
   0.245642  0.00692019  0.00037809 -0.00130404
 0.00692019    0.247846 -0.00110657 -0.00298958
 0.00037809 -0.00110657    0.254057  0.00915052
-0.00130404 -0.00298958  0.00915052    0.252454
IMAGINARY
          0  0.00104423  0.00144856 -0.00226105
-0.00104423           0  -0.0057039 -0.00223845
-0.00144856   0.0057039           0 -0.00795577
 0.00226105  0.00223845  0.00795577           0
Repeater6[0]<--->Repeater7[0]
REAL
    0.253296   0.00616385   -0.0013025  -0.00987821
  0.00616385     0.245306  0.000626402 -0.000909885
  -0.0013025  0.000626402     0.262085  -0.00153794
 -0.00987821 -0.000909885  -0.00153794     0.239313
IMAGINARY
           0    0.0150109  0.000537339  -0.00303648
  -0.0150109            0  0.000227493   0.00093527
-0.000537339 -0.000227493            0   0.00472204
  0.00303648  -0.00093527  -0.00472204            0
Repeater7[0]<--->Repeater6[0]
REAL
    0.253296   -0.0013025   0.00616385  -0.00987821
  -0.0013025     0.262085  0.000626402  -0.00153794
  0.00616385  0.000626402     0.245306 -0.000909885
 -0.00987821  -0.00153794 -0.000909885     0.239313
IMAGINARY
           0  0.000537339    0.0150109  -0.00303648
-0.000537339            0 -0.000227493   0.00472204
  -0.0150109  0.000227493            0   0.00093527
  0.00303648  -0.00472204  -0.00093527            0
Repeater7[0]<--->HoM4[0]
REAL
       0.25 -0.00258568 -0.00164921   0.0033877
-0.00258568     0.24182  0.00300718  0.00364761
-0.00164921  0.00300718    0.257582  0.00258568
  0.0033877  0.00364761  0.00258568    0.250599
IMAGINARY
          0  0.00394566 -0.00250366 -0.00120176
-0.00394566           0  0.00367192 -0.00434566
 0.00250366 -0.00367192           0   0.0040452
 0.00120176  0.00434566  -0.0040452           0
Repeater8[0]<--->HoM4[0]
REAL
       0.25 -0.00164921 -0.00258568   0.0033877
-0.00164921    0.257582  0.00300718  0.00258568
-0.00258568  0.00300718     0.24182  0.00364761
  0.0033877  0.00258568  0.00364761    0.250599
IMAGINARY
          0 -0.00250366  0.00394566 -0.00120176
 0.00250366           0 -0.00367192   0.0040452
-0.00394566  0.00367192           0 -0.00434566
 0.00120176  -0.0040452  0.00434566           0
Repeater8[0]<--->Repeater9[0]
REAL
    0.24995  0.00255906  0.00407738 -0.00275805
 0.00255906    0.253971 -0.00176951 5.64748e-05
 0.00407738 -0.00176951    0.244319  0.00255906
-0.00275805 5.64748e-05  0.00255906     0.25176
IMAGINARY
           0 -0.000779483  -0.00345336   0.00111122
 0.000779483            0  -0.00267433   0.00266254
  0.00345336   0.00267433            0    0.0110602
 -0.00111122  -0.00266254   -0.0110602            0
Repeater9[0]<--->Repeater8[0]
REAL
    0.24995  0.00407738  0.00255906 -0.00275805
 0.00407738    0.244319 -0.00176951  0.00255906
 0.00255906 -0.00176951    0.253971 5.64748e-05
-0.00275805  0.00255906 5.64748e-05     0.25176
IMAGINARY
           0  -0.00345336 -0.000779483   0.00111122
  0.00345336            0   0.00267433    0.0110602
 0.000779483  -0.00267433            0   0.00266254
 -0.00111122   -0.0110602  -0.00266254            0
Repeater9[0]<--->HoM5[0]
REAL
   0.251194  0.00845323  0.00906875   0.0016122
 0.00845323     0.25199 -0.00307561  0.00215076
 0.00906875 -0.00307561    0.245223 -0.00230689
  0.0016122  0.00215076 -0.00230689    0.251592
IMAGINARY
          0  0.00380295 -0.00252288 -0.00523358
-0.00380295           0 -0.00316462  0.00920551
 0.00252288  0.00316462           0  0.00088486
 0.00523358 -0.00920551 -0.00088486           0
Repeater10[0]<--->HoM5[0]
REAL
   0.251194  0.00906875  0.00845323   0.0016122
 0.00906875    0.245223 -0.00307561 -0.00230689
 0.00845323 -0.00307561     0.25199  0.00215076
  0.0016122 -0.00230689  0.00215076    0.251592
IMAGINARY
          0 -0.00252288  0.00380295 -0.00523358
 0.00252288           0  0.00316462  0.00088486
-0.00380295 -0.00316462           0  0.00920551
 0.00523358 -0.00088486 -0.00920551           0
Repeater10[0]<--->Repeater11[0]
REAL
   0.356447 -0.00184867  0.00689141    0.115019
-0.00184867    0.160342 0.000684412 -8.5334e-05
 0.00689141 0.000684412     0.15299  0.00352553
   0.115019 -8.5334e-05  0.00352553    0.330221
IMAGINARY
           0  0.000754311  -0.00334407    0.0111974
-0.000754311            0   0.00627676   0.00645589
  0.00334407  -0.00627676            0   0.00556972
  -0.0111974  -0.00645589  -0.00556972            0
Repeater11[0]<--->Repeater10[0]
REAL
   0.356447  0.00689141 -0.00184867    0.115019
 0.00689141     0.15299 0.000684412  0.00352553
-0.00184867 0.000684412    0.160342 -8.5334e-05
   0.115019  0.00352553 -8.5334e-05    0.330221
IMAGINARY
           0  -0.00334407  0.000754311    0.0111974
  0.00334407            0  -0.00627676   0.00556972
-0.000754311   0.00627676            0   0.00645589
  -0.0111974  -0.00556972  -0.00645589            0
Repeater11[0]<--->HoM6[0]
REAL
    0.34607    0.006338 -0.00447267    0.108602
   0.006338    0.160995 -0.00332314   0.0049688
-0.00447267 -0.00332314    0.152836   -0.003262
   0.108602   0.0049688   -0.003262      0.3401
IMAGINARY
          0 -0.00757248 -0.00385811 -0.00323121
 0.00757248           0 -0.00565154  0.00446861
 0.00385811  0.00565154           0  0.00106047
 0.00323121 -0.00446861 -0.00106047           0
EndNode1[0]<--->Repeater1[0]
REAL
   0.278807  0.00413408  0.00100766   0.0305619
 0.00413408     0.22441 -0.00464939 0.000706395
 0.00100766 -0.00464939    0.219146  0.00423454
  0.0305619 0.000706395  0.00423454    0.277637
IMAGINARY
           0  -0.00235802   0.00172933  -0.00746269
  0.00235802            0   -0.0034288 -0.000924497
 -0.00172933    0.0034288            0   0.00235802
  0.00746269  0.000924497  -0.00235802            0
EndNode2[0]<--->HoM6[0]
REAL
    0.336319    0.0129495   0.00114596     0.103173
   0.0129495     0.161849    0.0104907 -0.000155862
  0.00114596    0.0104907     0.164292  -0.00898909
    0.103173 -0.000155862  -0.00898909     0.337541
IMAGINARY
           0   -0.0132423   0.00331109   0.00625358
   0.0132423            0   0.00193308 -9.43609e-05
 -0.00331109  -0.00193308            0   0.00238581
 -0.00625358  9.43609e-05  -0.00238581            0
Repeater1[0]<--->EndNode1[0]
REAL
   0.278807  0.00100766  0.00413408   0.0305619
 0.00100766    0.219146 -0.00464939  0.00423454
 0.00413408 -0.00464939     0.22441 0.000706395
  0.0305619  0.00423454 0.000706395    0.277637
IMAGINARY
           0   0.00172933  -0.00235802  -0.00746269
 -0.00172933            0    0.0034288   0.00235802
  0.00235802   -0.0034288            0 -0.000924497
  0.00746269  -0.00235802  0.000924497            0
Repeater1[0]<--->HoM1[0]
REAL
   0.287933  0.00295912 0.000626246   0.0196477
 0.00295912    0.210872 -0.00210907  -0.0105481
0.000626246 -0.00210907    0.211868 0.000949476
  0.0196477  -0.0105481 0.000949476    0.289327
IMAGINARY
           0   0.00270878     0.012437   0.00064803
 -0.00270878            0 -0.000456166  -0.00565704
   -0.012437  0.000456166            0  -0.00280998
 -0.00064803   0.00565704   0.00280998            0
Repeater2[0]<--->HoM1[0]
REAL
   0.287933 0.000626246  0.00295912   0.0196477
0.000626246    0.211868 -0.00210907 0.000949476
 0.00295912 -0.00210907    0.210872  -0.0105481
  0.0196477 0.000949476  -0.0105481    0.289327
IMAGINARY
           0     0.012437   0.00270878   0.00064803
   -0.012437            0  0.000456166  -0.00280998
 -0.00270878 -0.000456166            0  -0.00565704
 -0.00064803   0.00280998   0.00565704            0
Repeater2[0]<--->Repeater3[0]
REAL
   0.253315 -0.00288502  0.00815316 -0.00895421
-0.00288502     0.24376 -0.00137386 -0.00106527
 0.00815316 -0.00137386     0.25234 -0.00258278
-0.00895421 -0.00106527 -0.00258278    0.250585
IMAGINARY
          0 -0.00344643  0.00279748  0.00108035
 0.00344643           0  0.00696974 -0.00451569
-0.00279748 -0.00696974           0   0.0126439
-0.00108035  0.00451569  -0.0126439           0
Repeater3[0]<--->Repeater2[0]
REAL
   0.253315  0.00815316 -0.00288502 -0.00895421
 0.00815316     0.25234 -0.00137386 -0.00258278
-0.00288502 -0.00137386     0.24376 -0.00106527
-0.00895421 -0.00258278 -0.00106527    0.250585
IMAGINARY
          0  0.00279748 -0.00344643  0.00108035
-0.00279748           0 -0.00696974   0.0126439
 0.00344643  0.00696974           0 -0.00451569
-0.00108035  -0.0126439  0.00451569           0
Repeater3[0]<--->HoM2[0]
REAL
    0.25712   0.0081287 -0.00658503  0.00228215
  0.0081287    0.248576  -0.0037565 -0.00609435
-0.00658503  -0.0037565    0.246542 -0.00291934
 0.00228215 -0.00609435 -0.00291934    0.247762
IMAGINARY
           0  0.000592812   0.00204575  -0.00378443
-0.000592812            0  0.000494299  -0.00164318
 -0.00204575 -0.000494299            0  -0.00582631
  0.00378443   0.00164318   0.00582631            0
Repeater4[0]<--->HoM2[0]
REAL
    0.25712 -0.00658503   0.0081287  0.00228215
-0.00658503    0.246542  -0.0037565 -0.00291934
  0.0081287  -0.0037565    0.248576 -0.00609435
 0.00228215 -0.00291934 -0.00609435    0.247762
IMAGINARY
           0   0.00204575  0.000592812  -0.00378443
 -0.00204575            0 -0.000494299  -0.00582631
-0.000592812  0.000494299            0  -0.00164318
  0.00378443   0.00582631   0.00164318            0
Repeater4[0]<--->Repeater5[0]
REAL
    0.245722 -9.15371e-05    0.0032494   0.00461266
-9.15371e-05     0.255074  -0.00156264  3.95946e-06
   0.0032494  -0.00156264     0.250895  0.000904876
  0.00461266  3.95946e-06  0.000904876     0.248309
IMAGINARY
          0 -0.00557319 -0.00530897  0.00601032
 0.00557319           0  0.00100934  0.00510977
 0.00530897 -0.00100934           0   -0.006379
-0.00601032 -0.00510977    0.006379           0
Repeater5[0]<--->Repeater4[0]
REAL
    0.245722    0.0032494 -9.15371e-05   0.00461266
   0.0032494     0.250895  -0.00156264  0.000904876
-9.15371e-05  -0.00156264     0.255074  3.95946e-06
  0.00461266  0.000904876  3.95946e-06     0.248309
IMAGINARY
          0 -0.00530897 -0.00557319  0.00601032
 0.00530897           0 -0.00100934   -0.006379
 0.00557319  0.00100934           0  0.00510977
-0.00601032    0.006379 -0.00510977           0
Repeater5[0]<--->HoM3[0]
REAL
    0.249558    0.0110404   0.00702612  -0.00450148
   0.0110404      0.24268 -0.000755418  -0.00990254
  0.00702612 -0.000755418     0.253291   0.00215147
 -0.00450148  -0.00990254   0.00215147      0.25447
IMAGINARY
           0  -0.00559855 -1.00657e-05   0.00557695
  0.00559855            0 -0.000466564    0.0069107
 1.00657e-05  0.000466564            0   0.00520423
 -0.00557695   -0.0069107  -0.00520423            0
Repeater6[0]<--->HoM3[0]
REAL
    0.249558   0.00702612    0.0110404  -0.00450148
  0.00702612     0.253291 -0.000755418   0.00215147
   0.0110404 -0.000755418      0.24268  -0.00990254
 -0.00450148   0.00215147  -0.00990254      0.25447
IMAGINARY
           0 -1.00657e-05  -0.00559855   0.00557695
 1.00657e-05            0  0.000466564   0.00520423
  0.00559855 -0.000466564            0    0.0069107
 -0.00557695  -0.00520423   -0.0069107            0
Repeater6[0]<--->Repeater7[0]
REAL
    0.259559   -0.0037988 -0.000640534  -0.00589861
  -0.0037988     0.252681  -0.00149155  0.000134359
-0.000640534  -0.00149155     0.246004  -0.00156666
 -0.00589861  0.000134359  -0.00156666     0.241756
IMAGINARY
           0    0.0028721   0.00160096   0.00682016
  -0.0028721            0   0.00631399   0.00961699
 -0.00160096  -0.00631399            0  0.000333033
 -0.00682016  -0.00961699 -0.000333033            0
Repeater7[0]<--->Repeater6[0]
REAL
    0.259559 -0.000640534   -0.0037988  -0.00589861
-0.000640534     0.246004  -0.00149155  -0.00156666
  -0.0037988  -0.00149155     0.252681  0.000134359
 -0.00589861  -0.00156666  0.000134359     0.241756
IMAGINARY
           0   0.00160096    0.0028721   0.00682016
 -0.00160096            0  -0.00631399  0.000333033
  -0.0028721   0.00631399            0   0.00961699
 -0.00682016 -0.000333033  -0.00961699            0
Repeater7[0]<--->HoM4[0]
REAL
    0.256215  -0.00685859  -0.00357435 -4.19873e-05
 -0.00685859     0.230954   0.00694889 -0.000529758
 -0.00357435   0.00694889     0.261427  -0.00665492
-4.19873e-05 -0.000529758  -0.00665492     0.251403
IMAGINARY
          0 -0.00197847 -0.00353054 -0.00502104
 0.00197847           0 -0.00201021  0.00302395
 0.00353054  0.00201021           0 -0.00156763
 0.00502104 -0.00302395  0.00156763           0
Repeater8[0]<--->HoM4[0]
REAL
    0.256215  -0.00357435  -0.00685859 -4.19873e-05
 -0.00357435     0.261427   0.00694889  -0.00665492
 -0.00685859   0.00694889     0.230954 -0.000529758
-4.19873e-05  -0.00665492 -0.000529758     0.251403
IMAGINARY
          0 -0.00353054 -0.00197847 -0.00502104
 0.00353054           0  0.00201021 -0.00156763
 0.00197847 -0.00201021           0  0.00302395
 0.00502104  0.00156763 -0.00302395           0
Repeater8[0]<--->Repeater9[0]
REAL
   0.246987  0.00340073  0.00180341  0.00144745
 0.00340073    0.240071  0.00739144  0.00241515
 0.00180341  0.00739144    0.259237 -0.00581134
 0.00144745  0.00241515 -0.00581134    0.253705
IMAGINARY
          0 -0.00559034 -0.00715779 -0.00110054
 0.00559034           0 -0.00509415  -0.0054354
 0.00715779  0.00509415           0  0.00468363
 0.00110054   0.0054354 -0.00468363           0
Repeater9[0]<--->Repeater8[0]
REAL
   0.246987  0.00180341  0.00340073  0.00144745
 0.00180341    0.259237  0.00739144 -0.00581134
 0.00340073  0.00739144    0.240071  0.00241515
 0.00144745 -0.00581134  0.00241515    0.253705
IMAGINARY
          0 -0.00715779 -0.00559034 -0.00110054
 0.00715779           0  0.00509415  0.00468363
 0.00559034 -0.00509415           0  -0.0054354
 0.00110054 -0.00468363   0.0054354           0
Repeater9[0]<--->HoM5[0]
REAL
    0.252119    -0.003869    0.0103724   0.00492663
   -0.003869     0.262567  0.000530801   0.00381695
   0.0103724  0.000530801     0.244431 -0.000993076
  0.00492663   0.00381695 -0.000993076     0.240883
IMAGINARY
          0  0.00110491  0.00015305  -0.0053318
-0.00110491           0 -0.00228242 -0.00291322
-0.00015305  0.00228242           0  0.00329092
  0.0053318  0.00291322 -0.00329092           0
Repeater10[0]<--->HoM5[0]
REAL
    0.252119    0.0103724    -0.003869   0.00492663
   0.0103724     0.244431  0.000530801 -0.000993076
   -0.003869  0.000530801     0.262567   0.00381695
  0.00492663 -0.000993076   0.00381695     0.240883
IMAGINARY
          0  0.00015305  0.00110491  -0.0053318
-0.00015305           0  0.00228242  0.00329092
-0.00110491 -0.00228242           0 -0.00291322
  0.0053318 -0.00329092  0.00291322           0
Repeater10[0]<--->Repeater11[0]
REAL
   0.345364  0.00317224 -0.00146482    0.115868
 0.00317224    0.156132 0.000852271 -0.00903599
-0.00146482 0.000852271    0.164506 -0.00276836
   0.115868 -0.00903599 -0.00276836    0.333998
IMAGINARY
          0 -0.00215218  0.00114616 -2.3699e-05
 0.00215218           0  0.00401094 -0.00533945
-0.00114616 -0.00401094           0  0.00115377
 2.3699e-05  0.00533945 -0.00115377           0
Repeater11[0]<--->Repeater10[0]
REAL
   0.345364 -0.00146482  0.00317224    0.115868
-0.00146482    0.164506 0.000852271 -0.00276836
 0.00317224 0.000852271    0.156132 -0.00903599
   0.115868 -0.00276836 -0.00903599    0.333998
IMAGINARY
          0  0.00114616 -0.00215218 -2.3699e-05
-0.00114616           0 -0.00401094  0.00115377
 0.00215218  0.00401094           0 -0.00533945
 2.3699e-05 -0.00115377  0.00533945           0
Repeater11[0]<--->HoM6[0]
REAL
    0.336319   0.00114596    0.0129495     0.103173
  0.00114596     0.164292    0.0104907  -0.00898909
   0.0129495    0.0104907     0.161849 -0.000155862
    0.103173  -0.00898909 -0.000155862     0.337541
IMAGINARY
           0   0.00331109   -0.0132423   0.00625358
 -0.00331109            0  -0.00193308   0.00238581
   0.0132423   0.00193308            0 -9.43609e-05
 -0.00625358  -0.00238581  9.43609e-05            0
EndNode1[0]<--->Repeater1[0]
REAL
   0.286978 0.000837472  0.00485033   0.0234244
0.000837472    0.219914  -0.0040415  0.00306106
 0.00485033  -0.0040415    0.211479 -0.00202418
  0.0234244  0.00306106 -0.00202418    0.281629
IMAGINARY
           0 -0.000616099  -0.00190232  -0.00491092
 0.000616099            0   0.00061006   -0.0075203
  0.00190232  -0.00061006            0  -0.00379449
  0.00491092    0.0075203   0.00379449            0
EndNode2[0]<--->HoM6[0]
REAL
    0.337938 -0.000453125   0.00383357     0.104215
-0.000453125     0.161562  0.000449349   0.00403815
  0.00383357  0.000449349     0.160761  -0.00489187
    0.104215   0.00403815  -0.00489187      0.33974
IMAGINARY
          0 -0.00142646 -0.00510209 -0.00835936
 0.00142646           0 -0.00440959 -0.00631618
 0.00510209  0.00440959           0  0.00242806
 0.00835936  0.00631618 -0.00242806           0
Repeater1[0]<--->EndNode1[0]
REAL
   0.286978  0.00485033 0.000837472   0.0234244
 0.00485033    0.211479  -0.0040415 -0.00202418
0.000837472  -0.0040415    0.219914  0.00306106
  0.0234244 -0.00202418  0.00306106    0.281629
IMAGINARY
           0  -0.00190232 -0.000616099  -0.00491092
  0.00190232            0  -0.00061006  -0.00379449
 0.000616099   0.00061006            0   -0.0075203
  0.00491092   0.00379449    0.0075203            0
Repeater1[0]<--->HoM1[0]
REAL
   0.278496  0.00538604 -0.00596745   0.0272304
 0.00538604    0.224131  0.00376905 -0.00214912
-0.00596745  0.00376905    0.216047  0.00488191
  0.0272304 -0.00214912  0.00488191    0.281326
IMAGINARY
           0   0.00155342  -0.00413968  0.000663984
 -0.00155342            0  0.000764004    0.0135851
  0.00413968 -0.000764004            0  -0.00490503
-0.000663984   -0.0135851   0.00490503            0
Repeater2[0]<--->HoM1[0]
REAL
   0.278496 -0.00596745  0.00538604   0.0272304
-0.00596745    0.216047  0.00376905  0.00488191
 0.00538604  0.00376905    0.224131 -0.00214912
  0.0272304  0.00488191 -0.00214912    0.281326
IMAGINARY
           0  -0.00413968   0.00155342  0.000663984
  0.00413968            0 -0.000764004  -0.00490503
 -0.00155342  0.000764004            0    0.0135851
-0.000663984   0.00490503   -0.0135851            0
Repeater2[0]<--->Repeater3[0]
REAL
   0.255457  -0.0107589 -0.00195837  0.00434265
 -0.0107589    0.252425 -0.00382538 -0.00476623
-0.00195837 -0.00382538    0.239895  0.00279286
 0.00434265 -0.00476623  0.00279286    0.252223
IMAGINARY
          0 -0.00101773 -0.00721276  0.00534012
 0.00101773           0  0.00295822   0.0035177
 0.00721276 -0.00295822           0   -0.001316
-0.00534012  -0.0035177    0.001316           0
Repeater3[0]<--->Repeater2[0]
REAL
   0.255457 -0.00195837  -0.0107589  0.00434265
-0.00195837    0.239895 -0.00382538  0.00279286
 -0.0107589 -0.00382538    0.252425 -0.00476623
 0.00434265  0.00279286 -0.00476623    0.252223
IMAGINARY
          0 -0.00721276 -0.00101773  0.00534012
 0.00721276           0 -0.00295822   -0.001316
 0.00101773  0.00295822           0   0.0035177
-0.00534012    0.001316  -0.0035177           0
Repeater3[0]<--->HoM2[0]
REAL
   0.258077 -0.00337302  0.00419239  0.00290463
-0.00337302      0.2383  0.00229537 -0.00299239
 0.00419239  0.00229537    0.246916  0.00337302
 0.00290463 -0.00299239  0.00337302    0.256706
IMAGINARY
           0   0.00413431    0.0100311 -0.000310416
 -0.00413431            0  -0.00110031    -0.005157
  -0.0100311   0.00110031            0  -0.00758679
 0.000310416     0.005157   0.00758679            0
Repeater4[0]<--->HoM2[0]
REAL
   0.258077  0.00419239 -0.00337302  0.00290463
 0.00419239    0.246916  0.00229537  0.00337302
-0.00337302  0.00229537      0.2383 -0.00299239
 0.00290463  0.00337302 -0.00299239    0.256706
IMAGINARY
           0    0.0100311   0.00413431 -0.000310416
  -0.0100311            0   0.00110031  -0.00758679
 -0.00413431  -0.00110031            0    -0.005157
 0.000310416   0.00758679     0.005157            0
Repeater4[0]<--->Repeater5[0]
REAL
    0.254405  -0.00275046   -0.0045498   0.00246804
 -0.00275046     0.244704   0.00106692 -0.000359859
  -0.0045498   0.00106692     0.247872   0.00176852
  0.00246804 -0.000359859   0.00176852     0.253019
IMAGINARY
          0  0.00338784  0.00965698  0.00881088
-0.00338784           0  0.00162028 -0.00105009
-0.00965698 -0.00162028           0  0.00662016
-0.00881088  0.00105009 -0.00662016           0
Repeater5[0]<--->Repeater4[0]
REAL
    0.254405   -0.0045498  -0.00275046   0.00246804
  -0.0045498     0.247872   0.00106692   0.00176852
 -0.00275046   0.00106692     0.244704 -0.000359859
  0.00246804   0.00176852 -0.000359859     0.253019
IMAGINARY
          0  0.00965698  0.00338784  0.00881088
-0.00965698           0 -0.00162028  0.00662016
-0.00338784  0.00162028           0 -0.00105009
-0.00881088 -0.00662016  0.00105009           0
Repeater5[0]<--->HoM3[0]
REAL
   0.243508 -0.00233297  0.00393586 -0.00104937
-0.00233297    0.248211  0.00663373  0.00304459
 0.00393586  0.00663373    0.249438  0.00711957
-0.00104937  0.00304459  0.00711957    0.258843
IMAGINARY
           0  -0.00165009   0.00562794  -0.00246551
  0.00165009            0   0.00336246    0.0102372
 -0.00562794  -0.00336246            0 -0.000644862
  0.00246551   -0.0102372  0.000644862            0
Repeater6[0]<--->HoM3[0]
REAL
   0.243508  0.00393586 -0.00233297 -0.00104937
 0.00393586    0.249438  0.00663373  0.00711957
-0.00233297  0.00663373    0.248211  0.00304459
-0.00104937  0.00711957  0.00304459    0.258843
IMAGINARY
           0   0.00562794  -0.00165009  -0.00246551
 -0.00562794            0  -0.00336246 -0.000644862
  0.00165009   0.00336246            0    0.0102372
  0.00246551  0.000644862   -0.0102372            0
Repeater6[0]<--->Repeater7[0]
REAL
   0.239824  0.00511181  0.00497091  0.00320644
 0.00511181    0.250798 8.99602e-06  -0.0021574
 0.00497091 8.99602e-06    0.253791  0.00172099
 0.00320644  -0.0021574  0.00172099    0.255587
IMAGINARY
           0  -0.00769221  -0.00200342   0.00683877
  0.00769221            0   0.00714445  -0.00559051
  0.00200342  -0.00714445            0  0.000497964
 -0.00683877   0.00559051 -0.000497964            0
Repeater7[0]<--->Repeater6[0]
REAL
   0.239824  0.00497091  0.00511181  0.00320644
 0.00497091    0.253791 8.99602e-06  0.00172099
 0.00511181 8.99602e-06    0.250798  -0.0021574
 0.00320644  0.00172099  -0.0021574    0.255587
IMAGINARY
           0  -0.00200342  -0.00769221   0.00683877
  0.00200342            0  -0.00714445  0.000497964
  0.00769221   0.00714445            0  -0.00559051
 -0.00683877 -0.000497964   0.00559051            0
Repeater7[0]<--->HoM4[0]
REAL
    0.241622   0.00429114    0.0105559   0.00919713
  0.00429114     0.260486   0.00767676 -0.000984127
   0.0105559   0.00767676     0.251054 -0.000245351
  0.00919713 -0.000984127 -0.000245351     0.246839
IMAGINARY
          0 -0.00665178 -0.00127582 -0.00245719
 0.00665178           0 -0.00777527  0.00462064
 0.00127582  0.00777527           0 -0.00257181
 0.00245719 -0.00462064  0.00257181           0
Repeater8[0]<--->HoM4[0]
REAL
    0.241622    0.0105559   0.00429114   0.00919713
   0.0105559     0.251054   0.00767676 -0.000245351
  0.00429114   0.00767676     0.260486 -0.000984127
  0.00919713 -0.000245351 -0.000984127     0.246839
IMAGINARY
          0 -0.00127582 -0.00665178 -0.00245719
 0.00127582           0  0.00777527 -0.00257181
 0.00665178 -0.00777527           0  0.00462064
 0.00245719  0.00257181 -0.00462064           0
Repeater8[0]<--->Repeater9[0]
REAL
   0.244369 -0.00476218  0.00321566  0.00730719
-0.00476218    0.257923 -0.00374142 -0.00836621
 0.00321566 -0.00374142    0.253139    0.002385
 0.00730719 -0.00836621    0.002385    0.244568
IMAGINARY
          0  0.00286485 -0.00509652 -0.00084779
-0.00286485           0 -0.00401429  0.00569917
 0.00509652  0.00401429           0  0.00376431
 0.00084779 -0.00569917 -0.00376431           0
Repeater9[0]<--->Repeater8[0]
REAL
   0.244369  0.00321566 -0.00476218  0.00730719
 0.00321566    0.253139 -0.00374142    0.002385
-0.00476218 -0.00374142    0.257923 -0.00836621
 0.00730719    0.002385 -0.00836621    0.244568
IMAGINARY
          0 -0.00509652  0.00286485 -0.00084779
 0.00509652           0  0.00401429  0.00376431
