EndNode1[0]<--->Repeater1[0]
REAL
    0.499008  -0.00558214   0.00279642     0.491191
 -0.00558214   0.00337168 -0.000567534  -0.00279642
  0.00279642 -0.000567534   0.00436335   0.00558214
    0.491191  -0.00279642   0.00558214     0.493257
IMAGINARY
           0   0.00185243 -0.000407044    0.0154045
 -0.00185243            0   0.00631714   -0.0013015
 0.000407044  -0.00631714            0  0.000459123
  -0.0154045    0.0013015 -0.000459123            0
EndNode2[0]<--->HoM6[0]
REAL
   0.490724  0.00529016 -0.00189457    0.494733
 0.00529016  0.00239378   0.0015371  0.00267981
-0.00189457   0.0015371  0.00299222 -0.00587909
   0.494733  0.00267981 -0.00587909     0.50389
IMAGINARY
           0   0.00566364  -0.00402954   0.00775954
 -0.00566364            0   0.00493696  -0.00127364
  0.00402954  -0.00493696            0 -0.000360457
 -0.00775954   0.00127364  0.000360457            0
Repeater1[0]<--->EndNode1[0]
REAL
    0.499008   0.00279642  -0.00558214     0.491191
  0.00279642   0.00436335 -0.000567534   0.00558214
 -0.00558214 -0.000567534   0.00337168  -0.00279642
    0.491191   0.00558214  -0.00279642     0.493257
IMAGINARY
           0 -0.000407044   0.00185243    0.0154045
 0.000407044            0  -0.00631714  0.000459123
 -0.00185243   0.00631714            0   -0.0013015
  -0.0154045 -0.000459123    0.0013015            0
Repeater1[0]<--->HoM1[0]
REAL
   0.502619 -0.00859385 -0.00905835    0.490734
-0.00859385  0.00402901  0.00101727 -0.00154652
-0.00905835  0.00101727  0.00604351 -0.00201102
   0.490734 -0.00154652 -0.00201102    0.487309
IMAGINARY
           0  -0.00619861 -0.000642732   0.00301861
  0.00619861            0  -0.00560208 -4.93778e-05
 0.000642732   0.00560208            0   0.00768171
 -0.00301861  4.93778e-05  -0.00768171            0
Repeater2[0]<--->HoM1[0]
REAL
   0.502619 -0.00905835 -0.00859385    0.490734
-0.00905835  0.00604351  0.00101727 -0.00201102
-0.00859385  0.00101727  0.00402901 -0.00154652
   0.490734 -0.00201102 -0.00154652    0.487309
IMAGINARY
           0 -0.000642732  -0.00619861   0.00301861
 0.000642732            0   0.00560208   0.00768171
  0.00619861  -0.00560208            0 -4.93778e-05
 -0.00301861  -0.00768171  4.93778e-05            0
Repeater2[0]<--->Repeater3[0]
REAL
     0.4768  -0.0104077  -0.0067034     0.48289
 -0.0104077        0.01 -0.00130463 -0.00810845
 -0.0067034 -0.00130463      0.0104 -0.00120159
    0.48289 -0.00810845 -0.00120159      0.5028
IMAGINARY
          0 -0.00506413  0.00546519  0.00298702
 0.00506413           0 -0.00455565  0.00253886
-0.00546519  0.00455565           0 -0.00293992
-0.00298702 -0.00253886  0.00293992           0
Repeater3[0]<--->Repeater2[0]
REAL
     0.4768  -0.0067034  -0.0104077     0.48289
 -0.0067034      0.0104 -0.00130463 -0.00120159
 -0.0104077 -0.00130463        0.01 -0.00810845
    0.48289 -0.00120159 -0.00810845      0.5028
IMAGINARY
          0  0.00546519 -0.00506413  0.00298702
-0.00546519           0  0.00455565 -0.00293992
 0.00506413 -0.00455565           0  0.00253886
-0.00298702  0.00293992 -0.00253886           0
Repeater3[0]<--->HoM2[0]
REAL
   0.493218 -0.00363544 0.000860312    0.481914
-0.00363544  0.00943582  0.00380317  -0.0039784
0.000860312  0.00380317  0.00943582  0.00433952
   0.481914  -0.0039784  0.00433952     0.48791
IMAGINARY
           0   0.00916126  -0.00833829   -0.0107105
 -0.00916126            0  -0.00380084 -0.000239905
  0.00833829   0.00380084            0  -0.00196346
   0.0107105  0.000239905   0.00196346            0
Repeater4[0]<--->HoM2[0]
REAL
   0.493218 0.000860312 -0.00363544    0.481914
0.000860312  0.00943582  0.00380317  0.00433952
-0.00363544  0.00380317  0.00943582  -0.0039784
   0.481914  0.00433952  -0.0039784     0.48791
IMAGINARY
           0  -0.00833829   0.00916126   -0.0107105
  0.00833829            0   0.00380084  -0.00196346
 -0.00916126  -0.00380084            0 -0.000239905
   0.0107105   0.00196346  0.000239905            0
Repeater4[0]<--->Repeater5[0]
REAL
   0.483044 -0.00396084 -0.00162431    0.473609
-0.00396084   0.0143319  0.00180371  0.00398466
-0.00162431  0.00180371   0.0137263  0.00848484
   0.473609  0.00398466  0.00848484    0.488898
IMAGINARY
           0 -0.000462917  -0.00495586  0.000524484
 0.000462917            0   0.00437748   0.00265632
  0.00495586  -0.00437748            0    0.0025625
-0.000524484  -0.00265632   -0.0025625            0
Repeater5[0]<--->Repeater4[0]
REAL
   0.483044 -0.00162431 -0.00396084    0.473609
-0.00162431   0.0137263  0.00180371  0.00848484
-0.00396084  0.00180371   0.0143319  0.00398466
   0.473609  0.00848484  0.00398466    0.488898
IMAGINARY
           0  -0.00495586 -0.000462917  0.000524484
  0.00495586            0  -0.00437748    0.0025625
 0.000462917   0.00437748            0   0.00265632
-0.000524484   -0.0025625  -0.00265632            0
Repeater5[0]<--->HoM3[0]
REAL
    0.498809   0.00404578   0.00162701     0.471768
  0.00404578    0.0123114   0.00267276   0.00476276
  0.00162701   0.00267276    0.0176728 -0.000451526
    0.471768   0.00476276 -0.000451526     0.471207
IMAGINARY
          0  0.00295903 -0.00329877 -0.00136092
-0.00295903           0 -0.00523381  0.00186611
 0.00329877  0.00523381           0 -0.00664303
 0.00136092 -0.00186611  0.00664303           0
Repeater6[0]<--->HoM3[0]
REAL
    0.498809   0.00162701   0.00404578     0.471768
  0.00162701    0.0176728   0.00267276 -0.000451526
  0.00404578   0.00267276    0.0123114   0.00476276
    0.471768 -0.000451526   0.00476276     0.471207
IMAGINARY
          0 -0.00329877  0.00295903 -0.00136092
 0.00329877           0  0.00523381 -0.00664303
-0.00295903 -0.00523381           0  0.00186611
 0.00136092  0.00664303 -0.00186611           0
Repeater6[0]<--->Repeater7[0]
REAL
   0.477113  0.00249951  0.00497405    0.464587
 0.00249951     0.01741   0.0041947 -0.00668603
 0.00497405   0.0041947   0.0154538 -0.00199599
   0.464587 -0.00668603 -0.00199599    0.490023
IMAGINARY
          0  0.00251062 -0.00275975 -0.00313244
-0.00251062           0 -0.00515264  0.00446009
 0.00275975  0.00515264           0 -0.00381088
 0.00313244 -0.00446009  0.00381088           0
Repeater7[0]<--->Repeater6[0]
REAL
   0.477113  0.00497405  0.00249951    0.464587
 0.00497405   0.0154538   0.0041947 -0.00199599
 0.00249951   0.0041947     0.01741 -0.00668603
   0.464587 -0.00199599 -0.00668603    0.490023
IMAGINARY
          0 -0.00275975  0.00251062 -0.00313244
 0.00275975           0  0.00515264 -0.00381088
-0.00251062 -0.00515264           0  0.00446009
 0.00313244  0.00381088 -0.00446009           0
Repeater7[0]<--->HoM4[0]
REAL
    0.478059  -0.00452334  -0.00287968     0.463788
 -0.00452334    0.0218402 -0.000720683  -0.00367936
 -0.00287968 -0.000720683    0.0186047  -0.00223751
    0.463788  -0.00367936  -0.00223751     0.481496
IMAGINARY
           0  -0.00150855 -0.000903692    0.0026259
  0.00150855            0  -0.00173745   0.00463428
 0.000903692   0.00173745            0  -0.00423858
  -0.0026259  -0.00463428   0.00423858            0
Repeater8[0]<--->HoM4[0]
REAL
    0.478059  -0.00287968  -0.00452334     0.463788
 -0.00287968    0.0186047 -0.000720683  -0.00223751
 -0.00452334 -0.000720683    0.0218402  -0.00367936
    0.463788  -0.00223751  -0.00367936     0.481496
IMAGINARY
           0 -0.000903692  -0.00150855    0.0026259
 0.000903692            0   0.00173745  -0.00423858
  0.00150855  -0.00173745            0   0.00463428
  -0.0026259   0.00423858  -0.00463428            0
Repeater8[0]<--->Repeater9[0]
REAL
    0.48441 -0.00443748 0.000404306    0.456621
-0.00443748   0.0221283 0.000535667 -0.00390781
0.000404306 0.000535667    0.026554  0.00133438
   0.456621 -0.00390781  0.00133438    0.466908
IMAGINARY
          0  -0.0114675  0.00688056 -0.00291136
  0.0114675           0  0.00212085 -0.00156674
-0.00688056 -0.00212085           0  0.00274486
 0.00291136  0.00156674 -0.00274486           0
Repeater9[0]<--->Repeater8[0]
REAL
    0.48441 0.000404306 -0.00443748    0.456621
0.000404306    0.026554 0.000535667  0.00133438
-0.00443748 0.000535667   0.0221283 -0.00390781
   0.456621  0.00133438 -0.00390781    0.466908
IMAGINARY
          0  0.00688056  -0.0114675 -0.00291136
-0.00688056           0 -0.00212085  0.00274486
  0.0114675  0.00212085           0 -0.00156674
 0.00291136 -0.00274486  0.00156674           0
Repeater9[0]<--->HoM5[0]
REAL
    0.472139   0.00604796  -0.00275902     0.452389
  0.00604796    0.0279609   0.00206514 -0.000852537
 -0.00275902   0.00206514     0.023567  -0.00825502
    0.452389 -0.000852537  -0.00825502     0.476333
IMAGINARY
           0  -0.00187289   0.00122745   0.00845686
  0.00187289            0  -0.00405804 -0.000736579
 -0.00122745   0.00405804            0   -0.0011705
 -0.00845686  0.000736579    0.0011705            0
Repeater10[0]<--->HoM5[0]
REAL
    0.472139  -0.00275902   0.00604796     0.452389
 -0.00275902     0.023567   0.00206514  -0.00825502
  0.00604796   0.00206514    0.0279609 -0.000852537
    0.452389  -0.00825502 -0.000852537     0.476333
IMAGINARY
           0   0.00122745  -0.00187289   0.00845686
 -0.00122745            0   0.00405804   -0.0011705
  0.00187289  -0.00405804            0 -0.000736579
 -0.00845686    0.0011705  0.000736579            0
Repeater10[0]<--->Repeater11[0]
REAL
   0.487414  0.00272664  0.00521185    0.495934
 0.00272664  0.00304507 0.000295888 0.000145291
 0.00521185 0.000295888  0.00324807  0.00322574
   0.495934 0.000145291  0.00322574    0.506293
IMAGINARY
           0  -0.00433491   0.00743488  -0.00585343
  0.00433491            0  -0.00171786  -0.00386628
 -0.00743488   0.00171786            0  0.000369799
  0.00585343   0.00386628 -0.000369799            0
Repeater11[0]<--->Repeater10[0]
REAL
   0.487414  0.00521185  0.00272664    0.495934
 0.00521185  0.00324807 0.000295888  0.00322574
 0.00272664 0.000295888  0.00304507 0.000145291
   0.495934  0.00322574 0.000145291    0.506293
IMAGINARY
           0   0.00743488  -0.00433491  -0.00585343
 -0.00743488            0   0.00171786  0.000369799
  0.00433491  -0.00171786            0  -0.00386628
  0.00585343 -0.000369799   0.00386628            0
Repeater11[0]<--->HoM6[0]
REAL
   0.490724 -0.00189457  0.00529016    0.494733
-0.00189457  0.00299222   0.0015371 -0.00587909
 0.00529016   0.0015371  0.00239378  0.00267981
   0.494733 -0.00587909  0.00267981     0.50389
IMAGINARY
           0  -0.00402954   0.00566364   0.00775954
  0.00402954            0  -0.00493696 -0.000360457
 -0.00566364   0.00493696            0  -0.00127364
 -0.00775954  0.000360457   0.00127364            0
EndNode1[0]<--->Repeater1[0]
REAL
    0.50841 -0.00292202  0.00598802    0.488996
-0.00292202  0.00540649  0.00230792 -0.00598802
 0.00598802  0.00230792  0.00280336  0.00252676
   0.488996 -0.00598802  0.00252676     0.48338
IMAGINARY
          0  0.00661446  0.00278267  0.00118026
-0.00661446           0  0.00387433 -0.00534257
-0.00278267 -0.00387433           0 -0.00507852
-0.00118026  0.00534257  0.00507852           0
EndNode2[0]<--->HoM6[0]
REAL
   0.508387  0.00132856 -0.00331941    0.495393
 0.00132856  0.00248499 -0.00106766  0.00155816
-0.00331941 -0.00106766   0.0022779 -0.00211134
   0.495393  0.00155816 -0.00211134     0.48685
IMAGINARY
           0  -0.00414204 -0.000655738   0.00248797
  0.00414204            0   0.00940041   0.00488386
 0.000655738  -0.00940041            0  0.000307235
 -0.00248797  -0.00488386 -0.000307235            0
Repeater1[0]<--->EndNode1[0]
REAL
    0.50841  0.00598802 -0.00292202    0.488996
 0.00598802  0.00280336  0.00230792  0.00252676
-0.00292202  0.00230792  0.00540649 -0.00598802
   0.488996  0.00252676 -0.00598802     0.48338
IMAGINARY
          0  0.00278267  0.00661446  0.00118026
-0.00278267           0 -0.00387433 -0.00507852
-0.00661446  0.00387433           0 -0.00534257
-0.00118026  0.00507852  0.00534257           0
Repeater1[0]<--->HoM1[0]
REAL
   0.499097  0.00187069   0.0101146    0.490749
 0.00187069  0.00441501 0.000854186 -0.00431695
  0.0101146 0.000854186   0.0034116  0.00472667
   0.490749 -0.00431695  0.00472667    0.493076
IMAGINARY
          0 -0.00728726  0.00669544   0.0053945
 0.00728726           0   0.0013149  0.00430119
-0.00669544  -0.0013149           0 -0.00192614
 -0.0053945 -0.00430119  0.00192614           0
Repeater2[0]<--->HoM1[0]
REAL
   0.499097   0.0101146  0.00187069    0.490749
  0.0101146   0.0034116 0.000854186  0.00472667
 0.00187069 0.000854186  0.00441501 -0.00431695
   0.490749  0.00472667 -0.00431695    0.493076
IMAGINARY
          0  0.00669544 -0.00728726   0.0053945
-0.00669544           0  -0.0013149 -0.00192614
 0.00728726   0.0013149           0  0.00430119
 -0.0053945  0.00192614 -0.00430119           0
Repeater2[0]<--->Repeater3[0]
REAL
   0.479319 -0.00260969 -0.00632843    0.480038
-0.00260969   0.0107461  0.00194191    0.012467
-0.00632843  0.00194191  0.00932685  0.00973841
   0.480038    0.012467  0.00973841    0.500608
IMAGINARY
           0  -0.00467877 -0.000154006   -0.0066039
  0.00467877            0   0.00610797    0.0130971
 0.000154006  -0.00610797            0  -0.00507829
   0.0066039   -0.0130971   0.00507829            0
Repeater3[0]<--->Repeater2[0]
REAL
   0.479319 -0.00632843 -0.00260969    0.480038
-0.00632843  0.00932685  0.00194191  0.00973841
-0.00260969  0.00194191   0.0107461    0.012467
   0.480038  0.00973841    0.012467    0.500608
IMAGINARY
           0 -0.000154006  -0.00467877   -0.0066039
 0.000154006            0  -0.00610797  -0.00507829
  0.00467877   0.00610797            0    0.0130971
   0.0066039   0.00507829   -0.0130971            0
Repeater3[0]<--->HoM2[0]
REAL
    0.484915   0.00323637   0.00658041     0.483108
  0.00323637   0.00979021   0.00304488   -0.0050753
  0.00658041   0.00304488   0.00939061 -0.000727846
    0.483108   -0.0050753 -0.000727846     0.495904
IMAGINARY
          0   0.0015602  0.00116354  -0.0129011
 -0.0015602           0  0.00430597 -0.00175573
-0.00116354 -0.00430597           0 -0.00116542
  0.0129011  0.00175573  0.00116542           0
Repeater4[0]<--->HoM2[0]
REAL
    0.484915   0.00658041   0.00323637     0.483108
  0.00658041   0.00939061   0.00304488 -0.000727846
  0.00323637   0.00304488   0.00979021   -0.0050753
    0.483108 -0.000727846   -0.0050753     0.495904
IMAGINARY
          0  0.00116354   0.0015602  -0.0129011
-0.00116354           0 -0.00430597 -0.00116542
 -0.0015602  0.00430597           0 -0.00175573
  0.0129011  0.00116542  0.00175573           0
Repeater4[0]<--->Repeater5[0]
REAL
    0.483151 -0.000945746  0.000958972     0.475116
-0.000945746    0.0146163   0.00249707 -0.000659151
 0.000958972   0.00249707    0.0166464   0.00484341
    0.475116 -0.000659151   0.00484341     0.485587
IMAGINARY
          0  0.00544592   0.0040995 -0.00489581
-0.00544592           0 -0.00330091  -0.0122533
 -0.0040995  0.00330091           0 -0.00131868
 0.00489581   0.0122533  0.00131868           0
Repeater5[0]<--->Repeater4[0]
REAL
    0.483151  0.000958972 -0.000945746     0.475116
 0.000958972    0.0166464   0.00249707   0.00484341
-0.000945746   0.00249707    0.0146163 -0.000659151
    0.475116   0.00484341 -0.000659151     0.485587
IMAGINARY
          0   0.0040995  0.00544592 -0.00489581
 -0.0040995           0  0.00330091 -0.00131868
-0.00544592 -0.00330091           0  -0.0122533
 0.00489581  0.00131868   0.0122533           0
Repeater5[0]<--->HoM3[0]
REAL
   0.491741 0.000369744 -0.00259346    0.471526
0.000369744   0.0147059   0.0035339 -0.00339218
-0.00259346   0.0035339   0.0141015  -0.0065549
   0.471526 -0.00339218  -0.0065549    0.479452
IMAGINARY
           0   0.00104048 -0.000147203   0.00527607
 -0.00104048            0   -0.0038727  0.000147203
 0.000147203    0.0038727            0   0.00154401
 -0.00527607 -0.000147203  -0.00154401            0
Repeater6[0]<--->HoM3[0]
REAL
   0.491741 -0.00259346 0.000369744    0.471526
-0.00259346   0.0141015   0.0035339  -0.0065549
0.000369744   0.0035339   0.0147059 -0.00339218
   0.471526  -0.0065549 -0.00339218    0.479452
IMAGINARY
           0 -0.000147203   0.00104048   0.00527607
 0.000147203            0    0.0038727   0.00154401
 -0.00104048   -0.0038727            0  0.000147203
 -0.00527607  -0.00154401 -0.000147203            0
Repeater6[0]<--->Repeater7[0]
REAL
    0.484728 -0.000896315   0.00165308     0.462889
-0.000896315    0.0208251   0.00284155   0.00185642
  0.00165308   0.00284155    0.0184451   0.00399293
    0.462889   0.00185642   0.00399293     0.476002
IMAGINARY
           0   0.00109322  0.000797799  0.000309672
 -0.00109322            0  -0.00287377  -0.00606514
-0.000797799   0.00287377            0   0.00357782
-0.000309672   0.00606514  -0.00357782            0
Repeater7[0]<--->Repeater6[0]
REAL
    0.484728   0.00165308 -0.000896315     0.462889
  0.00165308    0.0184451   0.00284155   0.00399293
-0.000896315   0.00284155    0.0208251   0.00185642
    0.462889   0.00399293   0.00185642     0.476002
IMAGINARY
           0  0.000797799   0.00109322  0.000309672
-0.000797799            0   0.00287377   0.00357782
 -0.00109322  -0.00287377            0  -0.00606514
-0.000309672  -0.00357782   0.00606514            0
Repeater7[0]<--->HoM4[0]
REAL
    0.48336 -0.00594653   0.0010692    0.467066
-0.00594653   0.0206981  0.00299462 -0.00656818
  0.0010692  0.00299462    0.018263  0.00105855
   0.467066 -0.00656818  0.00105855    0.477679
IMAGINARY
           0  -0.00542581   0.00763143  0.000571947
  0.00542581            0   0.00214861   0.00155021
 -0.00763143  -0.00214861            0  -0.00415503
-0.000571947  -0.00155021   0.00415503            0
Repeater8[0]<--->HoM4[0]
REAL
    0.48336   0.0010692 -0.00594653    0.467066
  0.0010692    0.018263  0.00299462  0.00105855
-0.00594653  0.00299462   0.0206981 -0.00656818
   0.467066  0.00105855 -0.00656818    0.477679
IMAGINARY
           0   0.00763143  -0.00542581  0.000571947
 -0.00763143            0  -0.00214861  -0.00415503
  0.00542581   0.00214861            0   0.00155021
-0.000571947   0.00415503  -0.00155021            0
Repeater8[0]<--->Repeater9[0]
REAL
   0.480933 -0.00533491 -0.00466047    0.453317
-0.00533491   0.0229209  0.00395489 -0.00406571
-0.00466047  0.00395489   0.0255578 -0.00319066
   0.453317 -0.00406571 -0.00319066    0.470588
IMAGINARY
          0 -0.00630272 -0.00128634 -0.00374095
 0.00630272           0   0.0020521   0.0046755
 0.00128634  -0.0020521           0  0.00530591
 0.00374095  -0.0046755 -0.00530591           0
Repeater9[0]<--->Repeater8[0]
REAL
   0.480933 -0.00466047 -0.00533491    0.453317
-0.00466047   0.0255578  0.00395489 -0.00319066
-0.00533491  0.00395489   0.0229209 -0.00406571
   0.453317 -0.00319066 -0.00406571    0.470588
IMAGINARY
          0 -0.00128634 -0.00630272 -0.00374095
 0.00128634           0  -0.0020521  0.00530591
 0.00630272   0.0020521           0   0.0046755
 0.00374095 -0.00530591  -0.0046755           0
Repeater9[0]<--->HoM5[0]
REAL
   0.481633 -0.00251493 -0.00149169    0.453875
-0.00251493   0.0228605  0.00255138 -0.00109486
-0.00149169  0.00255138   0.0248144 0.000127346
   0.453875 -0.00109486 0.000127346    0.470692
IMAGINARY
          0 -0.00117653  0.00361359 -0.00498501
 0.00117653           0  0.00153673 -0.00992724
-0.00361359 -0.00153673           0  0.00647185
 0.00498501  0.00992724 -0.00647185           0
Repeater10[0]<--->HoM5[0]
REAL
   0.481633 -0.00149169 -0.00251493    0.453875
-0.00149169   0.0248144  0.00255138 0.000127346
-0.00251493  0.00255138   0.0228605 -0.00109486
   0.453875 0.000127346 -0.00109486    0.470692
IMAGINARY
          0  0.00361359 -0.00117653 -0.00498501
-0.00361359           0 -0.00153673  0.00647185
 0.00117653  0.00153673           0 -0.00992724
 0.00498501 -0.00647185  0.00992724           0
Repeater10[0]<--->Repeater11[0]
REAL
   0.507252  -0.0109464  0.00590627    0.496437
 -0.0109464  0.00227932 0.000796819 -0.00975926
 0.00590627 0.000796819  0.00248653  0.00669826
   0.496437 -0.00975926  0.00669826    0.487982
IMAGINARY
           0   0.00438543   0.00588931   0.00973691
 -0.00438543            0   0.00387793  0.000452343
 -0.00588931  -0.00387793            0  -0.00993438
 -0.00973691 -0.000452343   0.00993438            0
Repeater11[0]<--->Repeater10[0]
REAL
   0.507252  0.00590627  -0.0109464    0.496437
 0.00590627  0.00248653 0.000796819  0.00669826
 -0.0109464 0.000796819  0.00227932 -0.00975926
   0.496437  0.00669826 -0.00975926    0.487982
IMAGINARY
           0   0.00588931   0.00438543   0.00973691
 -0.00588931            0  -0.00387793  -0.00993438
 -0.00438543   0.00387793            0  0.000452343
 -0.00973691   0.00993438 -0.000452343            0
Repeater11[0]<--->HoM6[0]
REAL
   0.508387 -0.00331941  0.00132856    0.495393
-0.00331941   0.0022779 -0.00106766 -0.00211134
 0.00132856 -0.00106766  0.00248499  0.00155816
   0.495393 -0.00211134  0.00155816     0.48685
IMAGINARY
           0 -0.000655738  -0.00414204   0.00248797
 0.000655738            0  -0.00940041  0.000307235
  0.00414204   0.00940041            0   0.00488386
 -0.00248797 -0.000307235  -0.00488386            0
EndNode1[0]<--->Repeater1[0]
REAL
   0.497456  0.00628659 0.000567947    0.491866
 0.00628659  0.00547945  0.00204286  0.00298535
0.000567947  0.00204286  0.00489237  -0.0023272
   0.491866  0.00298535  -0.0023272    0.492172
IMAGINARY
          0 -0.00429827 -0.00166515 -0.00188044
 0.00429827           0  0.00188044  0.00115629
 0.00166515 -0.00188044           0  0.00521421
 0.00188044 -0.00115629 -0.00521421           0
EndNode2[0]<--->HoM6[0]
REAL
   0.518709  0.00229935 -0.00225277    0.494942
 0.00229935  0.00237577 -0.00055996 -0.00276328
-0.00225277 -0.00055996  0.00257375 -0.00771668
   0.494942 -0.00276328 -0.00771668    0.476341
IMAGINARY
          0 -0.00487588 -0.00219039  0.00355686
 0.00487588           0  0.00117874 -0.00649904
 0.00219039 -0.00117874           0   0.0127475
-0.00355686  0.00649904  -0.0127475           0
Repeater1[0]<--->EndNode1[0]
REAL
   0.497456 0.000567947  0.00628659    0.491866
0.000567947  0.00489237  0.00204286  -0.0023272
 0.00628659  0.00204286  0.00547945  0.00298535
   0.491866  -0.0023272  0.00298535    0.492172
IMAGINARY
          0 -0.00166515 -0.00429827 -0.00188044
 0.00166515           0 -0.00188044  0.00521421
 0.00429827  0.00188044           0  0.00115629
 0.00188044 -0.00521421 -0.00115629           0
Repeater1[0]<--->HoM1[0]
REAL
   0.487724 0.000183594  0.00375136    0.491319
0.000183594  0.00495152  0.00102412 -0.00163571
 0.00375136  0.00102412  0.00557046  0.00314101
   0.491319 -0.00163571  0.00314101    0.501754
IMAGINARY
           0 -0.000942435  -0.00276476 -0.000556006
 0.000942435            0  -0.00274202   0.00484438
  0.00276476   0.00274202            0  -0.00014689
 0.000556006  -0.00484438   0.00014689            0
Repeater2[0]<--->HoM1[0]
REAL
   0.487724  0.00375136 0.000183594    0.491319
 0.00375136  0.00557046  0.00102412  0.00314101
0.000183594  0.00102412  0.00495152 -0.00163571
   0.491319  0.00314101 -0.00163571    0.501754
IMAGINARY
           0  -0.00276476 -0.000942435 -0.000556006
  0.00276476            0   0.00274202  -0.00014689
 0.000942435  -0.00274202            0   0.00484438
 0.000556006   0.00014689  -0.00484438            0
Repeater2[0]<--->Repeater3[0]
REAL
   0.485959  0.00477741 -0.00649525    0.483141
 0.00477741  0.00975039   0.0015749   0.0123033
-0.00649525   0.0015749  0.00916537 0.000419248
   0.483141   0.0123033 0.000419248    0.495125
IMAGINARY
          0  0.00232442 -0.00114649 -0.00725281
-0.00232442           0   0.0064431  0.00857959
 0.00114649  -0.0064431           0 -0.00916288
 0.00725281 -0.00857959  0.00916288           0
Repeater3[0]<--->Repeater2[0]
REAL
   0.485959 -0.00649525  0.00477741    0.483141
-0.00649525  0.00916537   0.0015749 0.000419248
 0.00477741   0.0015749  0.00975039   0.0123033
   0.483141 0.000419248   0.0123033    0.495125
IMAGINARY
          0 -0.00114649  0.00232442 -0.00725281
 0.00114649           0  -0.0064431 -0.00916288
-0.00232442   0.0064431           0  0.00857959
 0.00725281  0.00916288 -0.00857959           0
Repeater3[0]<--->HoM2[0]
REAL
   0.484558 -0.00898959 -0.00823526    0.482875
-0.00898959  0.00996873  0.00174662  -0.0016509
-0.00823526  0.00174662  0.00742768 -0.00349293
   0.482875  -0.0016509 -0.00349293    0.498045
IMAGINARY
          0 -0.00358139  0.00196001  0.00200425
 0.00358139           0 -0.00250395 -0.00206039
-0.00196001  0.00250395           0  0.00488635
-0.00200425  0.00206039 -0.00488635           0
Repeater4[0]<--->HoM2[0]
REAL
   0.484558 -0.00823526 -0.00898959    0.482875
-0.00823526  0.00742768  0.00174662 -0.00349293
-0.00898959  0.00174662  0.00996873  -0.0016509
   0.482875 -0.00349293  -0.0016509    0.498045
IMAGINARY
          0  0.00196001 -0.00358139  0.00200425
-0.00196001           0  0.00250395  0.00488635
 0.00358139 -0.00250395           0 -0.00206039
-0.00200425 -0.00488635  0.00206039           0
Repeater4[0]<--->Repeater5[0]
REAL
   0.490204 -0.00445555 -0.00101645    0.471892
-0.00445555    0.014994  0.00474872  -0.0136835
-0.00101645  0.00474872   0.0135946 -0.00943894
   0.471892  -0.0136835 -0.00943894    0.481208
IMAGINARY
          0  0.00494266 -0.00390101  0.00473233
-0.00494266           0 -0.00296921 -0.00486738
 0.00390101  0.00296921           0  0.00201159
-0.00473233  0.00486738 -0.00201159           0
Repeater5[0]<--->Repeater4[0]
REAL
   0.490204 -0.00101645 -0.00445555    0.471892
-0.00101645   0.0135946  0.00474872 -0.00943894
-0.00445555  0.00474872    0.014994  -0.0136835
   0.471892 -0.00943894  -0.0136835    0.481208
IMAGINARY
          0 -0.00390101  0.00494266  0.00473233
 0.00390101           0  0.00296921  0.00201159
-0.00494266 -0.00296921           0 -0.00486738
-0.00473233 -0.00201159  0.00486738           0
Repeater5[0]<--->HoM3[0]
REAL
   0.479248 -0.00490439 -0.00131845    0.471946
-0.00490439   0.0150733 -0.00132179 -0.00270569
-0.00131845 -0.00132179   0.0173446  0.00168507
   0.471946 -0.00270569  0.00168507    0.488334
IMAGINARY
           0 -0.000657039  0.000369127   0.00113306
 0.000657039            0   0.00580038   -0.0031414
-0.000369127  -0.00580038            0    0.0032313
 -0.00113306    0.0031414   -0.0032313            0
Repeater6[0]<--->HoM3[0]
REAL
   0.479248 -0.00131845 -0.00490439    0.471946
-0.00131845   0.0173446 -0.00132179  0.00168507
-0.00490439 -0.00132179   0.0150733 -0.00270569
   0.471946  0.00168507 -0.00270569    0.488334
IMAGINARY
           0  0.000369127 -0.000657039   0.00113306
-0.000369127            0  -0.00580038    0.0032313
 0.000657039   0.00580038            0   -0.0031414
 -0.00113306   -0.0032313    0.0031414            0
Repeater6[0]<--->Repeater7[0]
REAL
    0.47276  0.00299784 0.000552343    0.464883
 0.00299784    0.023406  0.00372984 0.000847097
0.000552343  0.00372984   0.0217918   0.0014004
   0.464883 0.000847097   0.0014004    0.482042
IMAGINARY
           0   0.00208224  -0.00185544   0.00039307
 -0.00208224            0 -0.000493979  -0.00294823
  0.00185544  0.000493979            0   0.00188601
 -0.00039307   0.00294823  -0.00188601            0
Repeater7[0]<--->Repeater6[0]
REAL
    0.47276 0.000552343  0.00299784    0.464883
0.000552343   0.0217918  0.00372984   0.0014004
 0.00299784  0.00372984    0.023406 0.000847097
   0.464883   0.0014004 0.000847097    0.482042
IMAGINARY
           0  -0.00185544   0.00208224   0.00039307
  0.00185544            0  0.000493979   0.00188601
 -0.00208224 -0.000493979            0  -0.00294823
 -0.00039307  -0.00188601   0.00294823            0
Repeater7[0]<--->HoM4[0]
REAL
   0.488165  0.00362694 0.000124946    0.464679
 0.00362694   0.0153753  0.00480149   0.0046313
0.000124946  0.00480149   0.0169937 -0.00243788
   0.464679   0.0046313 -0.00243788    0.479466
IMAGINARY
          0 -0.00486926   0.0118262  0.00420208
 0.00486926           0 -0.00109898  0.00039374
 -0.0118262  0.00109898           0  -0.0067397
-0.00420208 -0.00039374   0.0067397           0
Repeater8[0]<--->HoM4[0]
REAL
   0.488165 0.000124946  0.00362694    0.464679
0.000124946   0.0169937  0.00480149 -0.00243788
 0.00362694  0.00480149   0.0153753   0.0046313
   0.464679 -0.00243788   0.0046313    0.479466
IMAGINARY
          0   0.0118262 -0.00486926  0.00420208
 -0.0118262           0  0.00109898  -0.0067397
 0.00486926 -0.00109898           0  0.00039374
-0.00420208   0.0067397 -0.00039374           0
Repeater8[0]<--->Repeater9[0]
REAL
    0.490487  -0.00140774 -0.000308786     0.456358
 -0.00140774    0.0238334   0.00387178   0.00288101
-0.000308786   0.00387178    0.0246345   0.00576072
    0.456358   0.00288101   0.00576072     0.461045
IMAGINARY
          0 -0.00303562    0.016733 -0.00730255
 0.00303562           0   0.0059186  -0.0077114
  -0.016733  -0.0059186           0 -0.00658748
 0.00730255   0.0077114  0.00658748           0
Repeater9[0]<--->Repeater8[0]
REAL
    0.490487 -0.000308786  -0.00140774     0.456358
-0.000308786    0.0246345   0.00387178   0.00576072
 -0.00140774   0.00387178    0.0238334   0.00288101
    0.456358   0.00576072   0.00288101     0.461045
IMAGINARY
          0    0.016733 -0.00303562 -0.00730255
  -0.016733           0  -0.0059186 -0.00658748
 0.00303562   0.0059186           0  -0.0077114
 0.00730255  0.00658748   0.0077114           0
Repeater9[0]<--->HoM5[0]
REAL
    0.47778 -0.00233252  0.00275518    0.454777
-0.00233252   0.0265433  0.00485446  0.00145803
 0.00275518  0.00485446   0.0221194  0.00811344
   0.454777  0.00145803  0.00811344    0.473557
IMAGINARY
          0 -0.00338947  -0.0011624 -0.00766266
 0.00338947           0   -0.003571 -0.00463807
  0.0011624    0.003571           0  0.00126263
 0.00766266  0.00463807 -0.00126263           0
Repeater10[0]<--->HoM5[0]
REAL
    0.47778  0.00275518 -0.00233252    0.454777
 0.00275518   0.0221194  0.00485446  0.00811344
-0.00233252  0.00485446   0.0265433  0.00145803
   0.454777  0.00811344  0.00145803    0.473557
IMAGINARY
          0  -0.0011624 -0.00338947 -0.00766266
  0.0011624           0    0.003571  0.00126263
 0.00338947   -0.003571           0 -0.00463807
 0.00766266 -0.00126263  0.00463807           0
Repeater10[0]<--->Repeater11[0]
REAL
    0.51084  0.00754724  0.00332256    0.496202
 0.00754724   0.0011825 0.000226358  0.00620125
 0.00332256 0.000226358  0.00197083   0.0023734
   0.496202  0.00620125   0.0023734    0.486007
IMAGINARY
           0  -0.00661524    0.0040142    0.0057002
  0.00661524            0   0.00609467   0.00322927
  -0.0040142  -0.00609467            0  0.000176609
  -0.0057002  -0.00322927 -0.000176609            0
Repeater11[0]<--->Repeater10[0]
REAL
    0.51084  0.00332256  0.00754724    0.496202
 0.00332256  0.00197083 0.000226358   0.0023734
 0.00754724 0.000226358   0.0011825  0.00620125
   0.496202   0.0023734  0.00620125    0.486007
IMAGINARY
           0    0.0040142  -0.00661524    0.0057002
  -0.0040142            0  -0.00609467  0.000176609
  0.00661524   0.00609467            0   0.00322927
  -0.0057002 -0.000176609  -0.00322927            0
Repeater11[0]<--->HoM6[0]
REAL
   0.518709 -0.00225277  0.00229935    0.494942
-0.00225277  0.00257375 -0.00055996 -0.00771668
 0.00229935 -0.00055996  0.00237577 -0.00276328
   0.494942 -0.00771668 -0.00276328    0.476341
IMAGINARY
          0 -0.00219039 -0.00487588  0.00355686
 0.00219039           0 -0.00117874   0.0127475
 0.00487588  0.00117874           0 -0.00649904
-0.00355686  -0.0127475  0.00649904           0
EndNode1[0]<--->Repeater1[0]
REAL
   0.499191  0.00543309  0.00263747    0.492431
 0.00543309  0.00505663  0.00169076  0.00343619
 0.00263747  0.00169076  0.00424757 -0.00014312
   0.492431  0.00343619 -0.00014312    0.491505
IMAGINARY
          0  0.00749571 -0.00381078 -0.00209322
-0.00749571           0  0.00450577  0.00113588
 0.00381078 -0.00450577           0 -0.00338048
 0.00209322 -0.00113588  0.00338048           0
EndNode2[0]<--->HoM6[0]
REAL
   0.497503  0.00471895  -0.0020597    0.494749
 0.00471895   0.0019972 0.000754893  0.00134439
 -0.0020597 0.000754893  0.00339525 -0.00379927
   0.494749  0.00134439 -0.00379927    0.497104
IMAGINARY
           0   0.00576774  -0.00817759 -0.000888419
 -0.00576774            0  -0.00238215 -0.000531117
  0.00817759   0.00238215            0   0.00214017
 0.000888419  0.000531117  -0.00214017            0
Repeater1[0]<--->EndNode1[0]
REAL
   0.499191  0.00263747  0.00543309    0.492431
 0.00263747  0.00424757  0.00169076 -0.00014312
 0.00543309  0.00169076  0.00505663  0.00343619
   0.492431 -0.00014312  0.00343619    0.491505
IMAGINARY
          0 -0.00381078  0.00749571 -0.00209322
 0.00381078           0 -0.00450577 -0.00338048
-0.00749571  0.00450577           0  0.00113588
 0.00209322  0.00338048 -0.00113588           0
Repeater1[0]<--->HoM1[0]
REAL
    0.496941 -0.000723305  -0.00533402     0.489676
-0.000723305   0.00453918   0.00127143   0.00261827
 -0.00533402   0.00127143   0.00651273  -0.00299828
    0.489676   0.00261827  -0.00299828     0.492007
IMAGINARY
          0  0.00157163 -0.00331842  0.00279549
-0.00157163           0   0.0024924  -0.0068775
 0.00331842  -0.0024924           0  0.00942397
-0.00279549   0.0068775 -0.00942397           0
Repeater2[0]<--->HoM1[0]
REAL
    0.496941  -0.00533402 -0.000723305     0.489676
 -0.00533402   0.00651273   0.00127143  -0.00299828
-0.000723305   0.00127143   0.00453918   0.00261827
    0.489676  -0.00299828   0.00261827     0.492007
IMAGINARY
          0 -0.00331842  0.00157163  0.00279549
 0.00331842           0  -0.0024924  0.00942397
-0.00157163   0.0024924           0  -0.0068775
-0.00279549 -0.00942397   0.0068775           0
Repeater2[0]<--->Repeater3[0]
REAL
   0.49756 0.00268553 0.00393341    0.48317
0.00268553 0.00793005 0.00114234  0.0061229
0.00393341 0.00114234 0.00955673 0.00777304
   0.48317  0.0061229 0.00777304   0.484953
IMAGINARY
           0  2.14441e-05   0.00423506  -0.00673385
-2.14441e-05            0   -0.0121228  -0.00201374
 -0.00423506    0.0121228            0  -0.00284858
  0.00673385   0.00201374   0.00284858            0
Repeater3[0]<--->Repeater2[0]
REAL
   0.49756 0.00393341 0.00268553    0.48317
0.00393341 0.00955673 0.00114234 0.00777304
0.00268553 0.00114234 0.00793005  0.0061229
   0.48317 0.00777304  0.0061229   0.484953
IMAGINARY
           0   0.00423506  2.14441e-05  -0.00673385
 -0.00423506            0    0.0121228  -0.00284858
-2.14441e-05   -0.0121228            0  -0.00201374
  0.00673385   0.00284858   0.00201374            0
Repeater3[0]<--->HoM2[0]
REAL
    0.478814  0.000400762   0.00237687       0.4815
 0.000400762    0.0119048   0.00160869  -0.00428718
  0.00237687   0.00160869   0.00867635 -0.000300219
      0.4815  -0.00428718 -0.000300219     0.500605
IMAGINARY
           0   0.00221194  -0.00294791  0.000661235
 -0.00221194            0  -0.00669471   0.00425497
  0.00294791   0.00669471            0  -0.00231249
-0.000661235  -0.00425497   0.00231249            0
Repeater4[0]<--->HoM2[0]
REAL
    0.478814   0.00237687  0.000400762       0.4815
  0.00237687   0.00867635   0.00160869 -0.000300219
 0.000400762   0.00160869    0.0119048  -0.00428718
      0.4815 -0.000300219  -0.00428718     0.500605
IMAGINARY
           0  -0.00294791   0.00221194  0.000661235
  0.00294791            0   0.00669471  -0.00231249
 -0.00221194  -0.00669471            0   0.00425497
-0.000661235   0.00231249  -0.00425497            0
Repeater4[0]<--->Repeater5[0]
REAL
   0.481641 -0.00464725 -0.00708727    0.474147
-0.00464725   0.0145297  0.00064265 -0.00510785
-0.00708727  0.00064265   0.0139407 -0.00775284
   0.474147 -0.00510785 -0.00775284    0.489888
IMAGINARY
           0 -0.000216439   0.00765229  -0.00781891
 0.000216439            0 -0.000117601  0.000376619
 -0.00765229  0.000117601            0   -0.0106226
  0.00781891 -0.000376619    0.0106226            0
Repeater5[0]<--->Repeater4[0]
REAL
   0.481641 -0.00708727 -0.00464725    0.474147
-0.00708727   0.0139407  0.00064265 -0.00775284
-0.00464725  0.00064265   0.0145297 -0.00510785
   0.474147 -0.00775284 -0.00510785    0.489888
IMAGINARY
           0   0.00765229 -0.000216439  -0.00781891
 -0.00765229            0  0.000117601   -0.0106226
 0.000216439 -0.000117601            0  0.000376619
  0.00781891    0.0106226 -0.000376619            0
Repeater5[0]<--->HoM3[0]
REAL
   0.485885  0.00134681 -0.00721182    0.475121
 0.00134681   0.0137177  0.00288762 -0.00205309
-0.00721182  0.00288762    0.015507 -0.00816823
   0.475121 -0.00205309 -0.00816823    0.484891
IMAGINARY
          0  0.00425967  0.00512447  0.00705455
-0.00425967           0  0.00169993 -0.00891992
-0.00512447 -0.00169993           0 -0.00226207
-0.00705455  0.00891992  0.00226207           0
Repeater6[0]<--->HoM3[0]
REAL
   0.485885 -0.00721182  0.00134681    0.475121
-0.00721182    0.015507  0.00288762 -0.00816823
 0.00134681  0.00288762   0.0137177 -0.00205309
   0.475121 -0.00816823 -0.00205309    0.484891
IMAGINARY
          0  0.00512447  0.00425967  0.00705455
-0.00512447           0 -0.00169993 -0.00226207
-0.00425967  0.00169993           0 -0.00891992
-0.00705455  0.00226207  0.00891992           0
Repeater6[0]<--->Repeater7[0]
REAL
     0.48259   -0.0035287 -0.000771789     0.463704
  -0.0035287    0.0201588   0.00216525  -0.00177823
-0.000771789   0.00216525    0.0217878   0.00411717
    0.463704  -0.00177823   0.00411717     0.475463
IMAGINARY
          0  0.00718033 -0.00179588  -0.0100118
-0.00718033           0  0.00321995  -0.0108904
 0.00179588 -0.00321995           0  0.00449909
  0.0100118   0.0108904 -0.00449909           0
Repeater7[0]<--->Repeater6[0]
REAL
     0.48259 -0.000771789   -0.0035287     0.463704
-0.000771789    0.0217878   0.00216525   0.00411717
  -0.0035287   0.00216525    0.0201588  -0.00177823
    0.463704   0.00411717  -0.00177823     0.475463
IMAGINARY
          0 -0.00179588  0.00718033  -0.0100118
 0.00179588           0 -0.00321995  0.00449909
-0.00718033  0.00321995           0  -0.0108904
  0.0100118 -0.00449909   0.0108904           0
Repeater7[0]<--->HoM4[0]
REAL
    0.477419 -0.000382824   0.00122929     0.466708
-0.000382824    0.0191532   0.00128067  -0.00201483
  0.00122929   0.00128067      0.01875    0.0021503
    0.466708  -0.00201483    0.0021503     0.484677
IMAGINARY
          0  -0.0104501 -0.00039968 -0.00803175
  0.0104501           0  0.00537897 -0.00039968
 0.00039968 -0.00537897           0   0.0094509
 0.00803175  0.00039968  -0.0094509           0
Repeater8[0]<--->HoM4[0]
REAL
    0.477419   0.00122929 -0.000382824     0.466708
  0.00122929      0.01875   0.00128067    0.0021503
-0.000382824   0.00128067    0.0191532  -0.00201483
    0.466708    0.0021503  -0.00201483     0.484677
IMAGINARY
          0 -0.00039968  -0.0104501 -0.00803175
 0.00039968           0 -0.00537897   0.0094509
  0.0104501  0.00537897           0 -0.00039968
 0.00803175  -0.0094509  0.00039968           0
Repeater8[0]<--->Repeater9[0]
REAL
     0.46753    0.0120236   0.00779636     0.458116
   0.0120236    0.0227585 -0.000921883    0.0011216
  0.00779636 -0.000921883     0.025309  -0.00508742
    0.458116    0.0011216  -0.00508742     0.484403
IMAGINARY
           0   0.00621322   -0.0060763  -0.00656143
 -0.00621322            0 -2.41852e-05   0.00339187
   0.0060763  2.41852e-05            0   0.00203892
  0.00656143  -0.00339187  -0.00203892            0
Repeater9[0]<--->Repeater8[0]
REAL
     0.46753   0.00779636    0.0120236     0.458116
  0.00779636     0.025309 -0.000921883  -0.00508742
   0.0120236 -0.000921883    0.0227585    0.0011216
    0.458116  -0.00508742    0.0011216     0.484403
IMAGINARY
           0   -0.0060763   0.00621322  -0.00656143
   0.0060763            0  2.41852e-05   0.00203892
 -0.00621322 -2.41852e-05            0   0.00339187
  0.00656143  -0.00203892  -0.00339187            0
Repeater9[0]<--->HoM5[0]
REAL
