EndNode1[0]<--->Repeater1[0]
REAL
   0.465102 -0.00629687 -0.00115941    0.442429
-0.00629687    0.027621 -0.00343023   -0.010525
-0.00115941 -0.00343023    0.030591 -0.00265609
   0.442429   -0.010525 -0.00265609    0.476685
IMAGINARY
          0  -0.0046889 -0.00552111    0.013145
  0.0046889           0  0.00405405  0.00537478
 0.00552111 -0.00405405           0  0.00981035
  -0.013145 -0.00537478 -0.00981035           0
EndNode2[0]<--->HoM1[0]
REAL
   0.490572  0.00307671 -0.00271628    0.443133
 0.00307671   0.0264599 -0.00323604   0.0055855
-0.00271628 -0.00323604   0.0328467 -0.00292569
   0.443133   0.0055855 -0.00292569    0.450122
IMAGINARY
          0 -0.00628439  0.00957864 -0.00166921
 0.00628439           0  0.00106969 -0.00701762
-0.00957864 -0.00106969           0 -0.00169995
 0.00166921  0.00701762  0.00169995           0
Repeater1[0]<--->EndNode1[0]
REAL
   0.465102 -0.00115941 -0.00629687    0.442429
-0.00115941    0.030591 -0.00343023 -0.00265609
-0.00629687 -0.00343023    0.027621   -0.010525
   0.442429 -0.00265609   -0.010525    0.476685
IMAGINARY
          0 -0.00552111  -0.0046889    0.013145
 0.00552111           0 -0.00405405  0.00981035
  0.0046889  0.00405405           0  0.00537478
  -0.013145 -0.00981035 -0.00537478           0
Repeater1[0]<--->HoM1[0]
REAL
   0.490572 -0.00271628  0.00307671    0.443133
-0.00271628   0.0328467 -0.00323604 -0.00292569
 0.00307671 -0.00323604   0.0264599   0.0055855
   0.443133 -0.00292569   0.0055855    0.450122
IMAGINARY
          0  0.00957864 -0.00628439 -0.00166921
-0.00957864           0 -0.00106969 -0.00169995
 0.00628439  0.00106969           0 -0.00701762
 0.00166921  0.00169995  0.00701762           0
EndNode1[0]<--->Repeater1[0]
REAL
   0.489866  0.00550267 -0.00105678     0.42502
 0.00550267   0.0121609  0.00256901  0.00151508
-0.00105678  0.00256901   0.0143436 -0.00473885
    0.42502  0.00151508 -0.00473885     0.48363
IMAGINARY
           0   0.00212399  -0.00290867   0.00422447
 -0.00212399            0   0.00364002  0.000730339
  0.00290867  -0.00364002            0  0.000925672
 -0.00422447 -0.000730339 -0.000925672            0
EndNode2[0]<--->HoM1[0]
REAL
  0.490393   0.012128  0.0006095   0.423805
  0.012128  0.0131138 0.00623378 -0.0025446
 0.0006095 0.00623378  0.0112839 -0.0119791
  0.423805 -0.0025446 -0.0119791   0.485209
IMAGINARY
           0  1.38394e-05  -0.00889669    -0.014389
-1.38394e-05            0   0.00305628   -0.0114905
  0.00889669  -0.00305628            0    0.0124532
    0.014389    0.0114905   -0.0124532            0
Repeater1[0]<--->EndNode1[0]
REAL
   0.489866 -0.00105678  0.00550267     0.42502
-0.00105678   0.0143436  0.00256901 -0.00473885
 0.00550267  0.00256901   0.0121609  0.00151508
    0.42502 -0.00473885  0.00151508     0.48363
IMAGINARY
           0  -0.00290867   0.00212399   0.00422447
  0.00290867            0  -0.00364002  0.000925672
 -0.00212399   0.00364002            0  0.000730339
 -0.00422447 -0.000925672 -0.000730339            0
Repeater1[0]<--->HoM1[0]
REAL
  0.490393  0.0006095   0.012128   0.423805
 0.0006095  0.0112839 0.00623378 -0.0119791
  0.012128 0.00623378  0.0131138 -0.0025446
  0.423805 -0.0119791 -0.0025446   0.485209
IMAGINARY
           0  -0.00889669  1.38394e-05    -0.014389
  0.00889669            0  -0.00305628    0.0124532
-1.38394e-05   0.00305628            0   -0.0114905
    0.014389   -0.0124532    0.0114905            0
EndNode1[0]<--->Repeater1[0]
REAL
   0.498438  0.00646467  0.00181386    0.430236
 0.00646467   0.0062461  0.00863239 -0.00333454
 0.00181386  0.00863239  0.00437227 -0.00463986
   0.430236 -0.00333454 -0.00463986    0.490943
IMAGINARY
           0  -0.00320357 -0.000494952   0.00589486
  0.00320357            0   0.00778935   0.00378639
 0.000494952  -0.00778935            0  -0.00248165
 -0.00589486  -0.00378639   0.00248165            0
EndNode2[0]<--->HoM1[0]
REAL
   0.501193  0.00232996  0.00241869    0.437947
 0.00232996  0.00805009  0.00609595 0.000890574
 0.00241869  0.00609595  0.00745379  0.00218268
   0.437947 0.000890574  0.00218268    0.483304
IMAGINARY
           0   0.00207139   0.00105077   0.00527527
 -0.00207139            0 -0.000496297  -0.00470681
 -0.00105077  0.000496297            0   0.00480197
 -0.00527527   0.00470681  -0.00480197            0
Repeater1[0]<--->EndNode1[0]
REAL
   0.498438  0.00181386  0.00646467    0.430236
 0.00181386  0.00437227  0.00863239 -0.00463986
 0.00646467  0.00863239   0.0062461 -0.00333454
   0.430236 -0.00463986 -0.00333454    0.490943
IMAGINARY
           0 -0.000494952  -0.00320357   0.00589486
 0.000494952            0  -0.00778935  -0.00248165
  0.00320357   0.00778935            0   0.00378639
 -0.00589486   0.00248165  -0.00378639            0
Repeater1[0]<--->HoM1[0]
REAL
   0.501193  0.00241869  0.00232996    0.437947
 0.00241869  0.00745379  0.00609595  0.00218268
 0.00232996  0.00609595  0.00805009 0.000890574
   0.437947  0.00218268 0.000890574    0.483304
IMAGINARY
           0   0.00105077   0.00207139   0.00527527
 -0.00105077            0  0.000496297   0.00480197
 -0.00207139 -0.000496297            0  -0.00470681
 -0.00527527  -0.00480197   0.00470681            0
EndNode1[0]<--->Repeater1[0]
REAL
   0.470999 -0.00239095   0.0041388    0.409902
-0.00239095   0.0157911 -0.00494009  0.00292887
  0.0041388 -0.00494009   0.0194352 -0.00136845
   0.409902  0.00292887 -0.00136845    0.493775
IMAGINARY
          0   0.0106426  0.00219497 -0.00151537
 -0.0106426           0  0.00654433 -0.00924145
-0.00219497 -0.00654433           0  0.00360031
 0.00151537  0.00924145 -0.00360031           0
EndNode2[0]<--->HoM1[0]
REAL
    0.479852 -0.000448316  -0.00463896     0.409563
-0.000448316    0.0215318   0.00107248   0.00683645
 -0.00463896   0.00107248    0.0187635   0.00352479
    0.409563   0.00683645   0.00352479     0.479852
IMAGINARY
           0  -0.00112529   0.00150258  -0.00247576
  0.00112529            0   0.00277162  -0.00255269
 -0.00150258  -0.00277162            0  7.51876e-05
  0.00247576   0.00255269 -7.51876e-05            0
Repeater1[0]<--->EndNode1[0]
REAL
   0.470999   0.0041388 -0.00239095    0.409902
  0.0041388   0.0194352 -0.00494009 -0.00136845
-0.00239095 -0.00494009   0.0157911  0.00292887
   0.409902 -0.00136845  0.00292887    0.493775
IMAGINARY
          0  0.00219497   0.0106426 -0.00151537
-0.00219497           0 -0.00654433  0.00360031
 -0.0106426  0.00654433           0 -0.00924145
 0.00151537 -0.00360031  0.00924145           0
Repeater1[0]<--->HoM1[0]
REAL
    0.479852  -0.00463896 -0.000448316     0.409563
 -0.00463896    0.0187635   0.00107248   0.00352479
-0.000448316   0.00107248    0.0215318   0.00683645
    0.409563   0.00352479   0.00683645     0.479852
IMAGINARY
           0   0.00150258  -0.00112529  -0.00247576
 -0.00150258            0  -0.00277162  7.51876e-05
  0.00112529   0.00277162            0  -0.00255269
  0.00247576 -7.51876e-05   0.00255269            0
EndNode1[0]<--->Repeater1[0]
REAL
   0.509345  0.00547164    0.010121    0.454913
 0.00547164           0 -0.00409339  0.00716125
   0.010121 -0.00409339           0    0.010428
   0.454913  0.00716125    0.010428    0.490655
IMAGINARY
          0  0.00181422 -0.00156609  0.00947799
-0.00181422           0 -0.00103788 -0.00307849
 0.00156609  0.00103788           0  0.00222456
-0.00947799  0.00307849 -0.00222456           0
EndNode2[0]<--->HoM1[0]
REAL
    0.500697   0.00379301  0.000199266     0.451761
  0.00379301            0   0.00034694 -0.000100315
 0.000199266   0.00034694            0  0.000659794
    0.451761 -0.000100315  0.000659794     0.499303
IMAGINARY
           0   0.00716846  -0.00328037   0.00826752
 -0.00716846            0  -0.00673347  -0.00587933
  0.00328037   0.00673347            0  0.000398248
 -0.00826752   0.00587933 -0.000398248            0
Repeater1[0]<--->EndNode1[0]
REAL
   0.509345    0.010121  0.00547164    0.454913
   0.010121           0 -0.00409339    0.010428
 0.00547164 -0.00409339           0  0.00716125
   0.454913    0.010428  0.00716125    0.490655
IMAGINARY
          0 -0.00156609  0.00181422  0.00947799
 0.00156609           0  0.00103788  0.00222456
-0.00181422 -0.00103788           0 -0.00307849
-0.00947799 -0.00222456  0.00307849           0
Repeater1[0]<--->HoM1[0]
REAL
    0.500697  0.000199266   0.00379301     0.451761
 0.000199266            0   0.00034694  0.000659794
  0.00379301   0.00034694            0 -0.000100315
    0.451761  0.000659794 -0.000100315     0.499303
IMAGINARY
           0  -0.00328037   0.00716846   0.00826752
  0.00328037            0   0.00673347  0.000398248
 -0.00716846  -0.00673347            0  -0.00587933
 -0.00826752 -0.000398248   0.00587933            0
EndNode1[0]<--->Repeater1[0]
REAL
   0.505398 -0.00660015  0.00221789    0.324157
-0.00660015           0  0.00272808 -0.00241733
 0.00221789  0.00272808           0  -0.0051669
   0.324157 -0.00241733  -0.0051669    0.494602
IMAGINARY
          0 -0.00641237   0.0107565   0.0114774
 0.00641237           0 -0.00711402 -0.00293144
 -0.0107565  0.00711402           0  -0.0030178
 -0.0114774  0.00293144   0.0030178           0
EndNode2[0]<--->HoM1[0]
REAL
   0.503525  0.00193568 -0.00662121    0.319949
 0.00193568           0 0.000724783  0.00195021
-0.00662121 0.000724783           0 -0.00193568
   0.319949  0.00195021 -0.00193568    0.496475
IMAGINARY
           0  -0.00894422   0.00410272 -0.000849289
  0.00894422            0   0.00214592   0.00361089
 -0.00410272  -0.00214592            0   0.00162618
 0.000849289  -0.00361089  -0.00162618            0
Repeater1[0]<--->EndNode1[0]
REAL
   0.505398  0.00221789 -0.00660015    0.324157
 0.00221789           0  0.00272808  -0.0051669
-0.00660015  0.00272808           0 -0.00241733
   0.324157  -0.0051669 -0.00241733    0.494602
IMAGINARY
          0   0.0107565 -0.00641237   0.0114774
 -0.0107565           0  0.00711402  -0.0030178
 0.00641237 -0.00711402           0 -0.00293144
 -0.0114774   0.0030178  0.00293144           0
Repeater1[0]<--->HoM1[0]
REAL
   0.503525 -0.00662121  0.00193568    0.319949
-0.00662121           0 0.000724783 -0.00193568
 0.00193568 0.000724783           0  0.00195021
   0.319949 -0.00193568  0.00195021    0.496475
IMAGINARY
           0   0.00410272  -0.00894422 -0.000849289
 -0.00410272            0  -0.00214592   0.00162618
  0.00894422   0.00214592            0   0.00361089
 0.000849289  -0.00162618  -0.00361089            0
EndNode1[0]<--->Repeater1[0]
REAL
   0.509345  0.00547164    0.010121    0.454913
 0.00547164           0 -0.00409339  0.00716125
   0.010121 -0.00409339           0    0.010428
   0.454913  0.00716125    0.010428    0.490655
IMAGINARY
          0  0.00181422 -0.00156609  0.00947799
-0.00181422           0 -0.00103788 -0.00307849
 0.00156609  0.00103788           0  0.00222456
-0.00947799  0.00307849 -0.00222456           0
EndNode2[0]<--->HoM1[0]
REAL
    0.500697   0.00379301  0.000199266     0.451761
  0.00379301            0   0.00034694 -0.000100315
 0.000199266   0.00034694            0  0.000659794
    0.451761 -0.000100315  0.000659794     0.499303
IMAGINARY
           0   0.00716846  -0.00328037   0.00826752
 -0.00716846            0  -0.00673347  -0.00587933
  0.00328037   0.00673347            0  0.000398248
 -0.00826752   0.00587933 -0.000398248            0
Repeater1[0]<--->EndNode1[0]
REAL
   0.509345    0.010121  0.00547164    0.454913
   0.010121           0 -0.00409339    0.010428
 0.00547164 -0.00409339           0  0.00716125
   0.454913    0.010428  0.00716125    0.490655
IMAGINARY
          0 -0.00156609  0.00181422  0.00947799
 0.00156609           0  0.00103788  0.00222456
-0.00181422 -0.00103788           0 -0.00307849
-0.00947799 -0.00222456  0.00307849           0
Repeater1[0]<--->HoM1[0]
REAL
    0.500697  0.000199266   0.00379301     0.451761
 0.000199266            0   0.00034694  0.000659794
  0.00379301   0.00034694            0 -0.000100315
    0.451761  0.000659794 -0.000100315     0.499303
IMAGINARY
           0  -0.00328037   0.00716846   0.00826752
  0.00328037            0   0.00673347  0.000398248
 -0.00716846  -0.00673347            0  -0.00587933
 -0.00826752 -0.000398248   0.00587933            0
EndNode1[0]<--->Repeater1[0]
REAL
   0.509345  0.00547164    0.010121    0.454913
 0.00547164           0 -0.00409339  0.00716125
   0.010121 -0.00409339           0    0.010428
   0.454913  0.00716125    0.010428    0.490655
IMAGINARY
          0  0.00181422 -0.00156609  0.00947799
-0.00181422           0 -0.00103788 -0.00307849
 0.00156609  0.00103788           0  0.00222456
-0.00947799  0.00307849 -0.00222456           0
EndNode2[0]<--->HoM1[0]
REAL
    0.500697   0.00379301  0.000199266     0.451761
  0.00379301            0   0.00034694 -0.000100315
 0.000199266   0.00034694            0  0.000659794
    0.451761 -0.000100315  0.000659794     0.499303
IMAGINARY
           0   0.00716846  -0.00328037   0.00826752
 -0.00716846            0  -0.00673347  -0.00587933
  0.00328037   0.00673347            0  0.000398248
 -0.00826752   0.00587933 -0.000398248            0
Repeater1[0]<--->EndNode1[0]
REAL
   0.509345    0.010121  0.00547164    0.454913
   0.010121           0 -0.00409339    0.010428
 0.00547164 -0.00409339           0  0.00716125
   0.454913    0.010428  0.00716125    0.490655
IMAGINARY
          0 -0.00156609  0.00181422  0.00947799
 0.00156609           0  0.00103788  0.00222456
-0.00181422 -0.00103788           0 -0.00307849
-0.00947799 -0.00222456  0.00307849           0
Repeater1[0]<--->HoM1[0]
REAL
    0.500697  0.000199266   0.00379301     0.451761
 0.000199266            0   0.00034694  0.000659794
  0.00379301   0.00034694            0 -0.000100315
    0.451761  0.000659794 -0.000100315     0.499303
IMAGINARY
           0  -0.00328037   0.00716846   0.00826752
  0.00328037            0   0.00673347  0.000398248
 -0.00716846  -0.00673347            0  -0.00587933
 -0.00826752 -0.000398248   0.00587933            0
EndNode1[0]<--->Repeater1[0]
REAL
  0.414545 0.00698549  0.0041635   0.427616
0.00698549  0.0681818  0.0503139 0.00314339
 0.0041635  0.0503139  0.0727273 0.00151436
  0.427616 0.00314339 0.00151436   0.444545
IMAGINARY
          0 -0.00794895  0.00214442 -0.00158758
 0.00794895           0  0.00322011  0.00855077
-0.00214442 -0.00322011           0 -0.00779674
 0.00158758 -0.00855077  0.00779674           0
EndNode2[0]<--->HoM1[0]
REAL
  0.434987 0.00986871  0.0120072   0.415767
0.00986871  0.0678016  0.0653021 0.00219126
 0.0120072  0.0653021   0.066921  0.0024977
  0.415767 0.00219126  0.0024977   0.430291
IMAGINARY
          0 -0.00223915   0.0111301   0.0118315
 0.00223915           0  0.00114966   0.0049023
 -0.0111301 -0.00114966           0  -0.0069008
 -0.0118315  -0.0049023   0.0069008           0
Repeater1[0]<--->EndNode1[0]
REAL
  0.414545  0.0041635 0.00698549   0.427616
 0.0041635  0.0727273  0.0503139 0.00151436
0.00698549  0.0503139  0.0681818 0.00314339
  0.427616 0.00151436 0.00314339   0.444545
IMAGINARY
          0  0.00214442 -0.00794895 -0.00158758
-0.00214442           0 -0.00322011 -0.00779674
 0.00794895  0.00322011           0  0.00855077
 0.00158758  0.00779674 -0.00855077           0
Repeater1[0]<--->HoM1[0]
REAL
  0.434987  0.0120072 0.00986871   0.415767
 0.0120072   0.066921  0.0653021  0.0024977
0.00986871  0.0653021  0.0678016 0.00219126
  0.415767  0.0024977 0.00219126   0.430291
IMAGINARY
          0   0.0111301 -0.00223915   0.0118315
 -0.0111301           0 -0.00114966  -0.0069008
 0.00223915  0.00114966           0   0.0049023
 -0.0118315   0.0069008  -0.0049023           0
EndNode1[0]<--->Repeater1[0]
REAL
     0.49685    0.0136781 -0.000901801     0.358008
   0.0136781    0.0114011  -0.00541061   0.00469631
-0.000901801  -0.00541061   0.00960096   -0.0101754
    0.358008   0.00469631   -0.0101754     0.482148
IMAGINARY
          0 -0.00389689  0.00156561   0.0112111
 0.00389689           0  0.00546053  0.00411281
-0.00156561 -0.00546053           0 -0.00267812
 -0.0112111 -0.00411281  0.00267812           0
EndNode2[0]<--->HoM1[0]
REAL
   0.495798 -0.00253929 -0.00163472    0.361638
-0.00253929  0.00690276 -0.00471014 -0.00903555
-0.00163472 -0.00471014   0.0108043 -0.00993441
   0.361638 -0.00903555 -0.00993441    0.486495
IMAGINARY
           0  -0.00797123  -0.00105955    0.0030137
  0.00797123            0  -0.00286511   0.00165621
  0.00105955   0.00286511            0  0.000811326
  -0.0030137  -0.00165621 -0.000811326            0
Repeater1[0]<--->EndNode1[0]
REAL
     0.49685 -0.000901801    0.0136781     0.358008
-0.000901801   0.00960096  -0.00541061   -0.0101754
   0.0136781  -0.00541061    0.0114011   0.00469631
    0.358008   -0.0101754   0.00469631     0.482148
IMAGINARY
          0  0.00156561 -0.00389689   0.0112111
-0.00156561           0 -0.00546053 -0.00267812
 0.00389689  0.00546053           0  0.00411281
 -0.0112111  0.00267812 -0.00411281           0
Repeater1[0]<--->HoM1[0]
REAL
   0.495798 -0.00163472 -0.00253929    0.361638
-0.00163472   0.0108043 -0.00471014 -0.00993441
-0.00253929 -0.00471014  0.00690276 -0.00903555
   0.361638 -0.00993441 -0.00903555    0.486495
IMAGINARY
           0  -0.00105955  -0.00797123    0.0030137
  0.00105955            0   0.00286511  0.000811326
  0.00797123  -0.00286511            0   0.00165621
  -0.0030137 -0.000811326  -0.00165621            0
EndNode1[0]<--->Repeater1[0]
REAL
   0.447757 -0.00286102 -5.5516e-05    0.374005
-0.00286102   0.0620774  0.00486295  0.00256067
-5.5516e-05  0.00486295   0.0620774 -0.00966477
   0.374005  0.00256067 -0.00966477    0.428089
IMAGINARY
          0 -0.00321601  0.00744658   0.0167594
 0.00321601           0 -0.00101021  0.00448975
-0.00744658  0.00101021           0 -0.00872033
 -0.0167594 -0.00448975  0.00872033           0
EndNode2[0]<--->HoM1[0]
REAL
   0.436768  0.00206696 -0.00660467    0.377172
 0.00206696   0.0606789 0.000687837 0.000420377
-0.00660467 0.000687837   0.0654851 -0.00237617
   0.377172 0.000420377 -0.00237617    0.437068
IMAGINARY
          0  -0.0119448     0.00413  0.00177099
  0.0119448           0 -0.00827629  0.00863722
   -0.00413  0.00827629           0  0.00392819
-0.00177099 -0.00863722 -0.00392819           0
Repeater1[0]<--->EndNode1[0]
REAL
   0.447757 -5.5516e-05 -0.00286102    0.374005
-5.5516e-05   0.0620774  0.00486295 -0.00966477
-0.00286102  0.00486295   0.0620774  0.00256067
   0.374005 -0.00966477  0.00256067    0.428089
IMAGINARY
          0  0.00744658 -0.00321601   0.0167594
-0.00744658           0  0.00101021 -0.00872033
 0.00321601 -0.00101021           0  0.00448975
 -0.0167594  0.00872033 -0.00448975           0
Repeater1[0]<--->HoM1[0]
REAL
   0.436768 -0.00660467  0.00206696    0.377172
-0.00660467   0.0654851 0.000687837 -0.00237617
 0.00206696 0.000687837   0.0606789 0.000420377
   0.377172 -0.00237617 0.000420377    0.437068
IMAGINARY
          0     0.00413  -0.0119448  0.00177099
   -0.00413           0  0.00827629  0.00392819
  0.0119448 -0.00827629           0  0.00863722
-0.00177099 -0.00392819 -0.00863722           0
EndNode1[0]<--->Repeater1[0]
REAL
nan nan nan nan
nan nan nan nan
nan nan nan nan
nan nan nan nan
IMAGINARY
nan nan nan nan
nan nan nan nan
nan nan nan nan
nan nan nan nan
EndNode2[0]<--->HoM1[0]
REAL
nan nan nan nan
nan nan nan nan
nan nan nan nan
nan nan nan nan
IMAGINARY
nan nan nan nan
nan nan nan nan
nan nan nan nan
nan nan nan nan
Repeater1[0]<--->EndNode1[0]
REAL
nan nan nan nan
nan nan nan nan
nan nan nan nan
nan nan nan nan
IMAGINARY
nan nan nan nan
nan nan nan nan
nan nan nan nan
nan nan nan nan
Repeater1[0]<--->HoM1[0]
REAL
nan nan nan nan
nan nan nan nan
nan nan nan nan
nan nan nan nan
IMAGINARY
nan nan nan nan
nan nan nan nan
nan nan nan nan
nan nan nan nan
EndNode1[0]<--->Repeater1[0]
REAL
nan nan nan nan
nan nan nan nan
nan nan nan nan
nan nan nan nan
IMAGINARY
nan nan nan nan
nan nan nan nan
nan nan nan nan
nan nan nan nan
EndNode2[0]<--->HoM1[0]
REAL
nan nan nan nan
nan nan nan nan
nan nan nan nan
nan nan nan nan
IMAGINARY
nan nan nan nan
nan nan nan nan
nan nan nan nan
nan nan nan nan
Repeater1[0]<--->EndNode1[0]
REAL
nan nan nan nan
nan nan nan nan
nan nan nan nan
nan nan nan nan
IMAGINARY
nan nan nan nan
nan nan nan nan
nan nan nan nan
nan nan nan nan
Repeater1[0]<--->HoM1[0]
REAL
nan nan nan nan
nan nan nan nan
nan nan nan nan
nan nan nan nan
IMAGINARY
nan nan nan nan
nan nan nan nan
nan nan nan nan
nan nan nan nan
EndNode1[0]<--->Repeater1[0]
REAL
nan nan nan nan
nan nan nan nan
nan nan nan nan
nan nan nan nan
IMAGINARY
nan nan nan nan
nan nan nan nan
nan nan nan nan
nan nan nan nan
EndNode2[0]<--->HoM1[0]
REAL
nan nan nan nan
nan nan nan nan
nan nan nan nan
nan nan nan nan
IMAGINARY
nan nan nan nan
nan nan nan nan
nan nan nan nan
nan nan nan nan
Repeater1[0]<--->EndNode1[0]
REAL
nan nan nan nan
nan nan nan nan
nan nan nan nan
nan nan nan nan
IMAGINARY
nan nan nan nan
nan nan nan nan
nan nan nan nan
nan nan nan nan
Repeater1[0]<--->HoM1[0]
REAL
nan nan nan nan
nan nan nan nan
nan nan nan nan
nan nan nan nan
IMAGINARY
nan nan nan nan
nan nan nan nan
nan nan nan nan
nan nan nan nan
EndNode1[0]<--->Repeater1[0]
REAL
nan nan nan nan
nan nan nan nan
nan nan nan nan
nan nan nan nan
IMAGINARY
nan nan nan nan
nan nan nan nan
nan nan nan nan
nan nan nan nan
EndNode2[0]<--->HoM1[0]
REAL
nan nan nan nan
nan nan nan nan
nan nan nan nan
nan nan nan nan
IMAGINARY
nan nan nan nan
nan nan nan nan
nan nan nan nan
nan nan nan nan
Repeater1[0]<--->EndNode1[0]
REAL
nan nan nan nan
nan nan nan nan
nan nan nan nan
nan nan nan nan
IMAGINARY
nan nan nan nan
nan nan nan nan
nan nan nan nan
nan nan nan nan
Repeater1[0]<--->HoM1[0]
REAL
nan nan nan nan
nan nan nan nan
nan nan nan nan
nan nan nan nan
IMAGINARY
nan nan nan nan
nan nan nan nan
nan nan nan nan
nan nan nan nan
EndNode1[0]<--->Repeater1[0]
REAL
nan nan nan nan
nan nan nan nan
nan nan nan nan
nan nan nan nan
IMAGINARY
nan nan nan nan
nan nan nan nan
nan nan nan nan
nan nan nan nan
EndNode2[0]<--->HoM1[0]
REAL
nan nan nan nan
nan nan nan nan
nan nan nan nan
nan nan nan nan
IMAGINARY
nan nan nan nan
nan nan nan nan
nan nan nan nan
nan nan nan nan
Repeater1[0]<--->EndNode1[0]
REAL
nan nan nan nan
nan nan nan nan
nan nan nan nan
nan nan nan nan
IMAGINARY
nan nan nan nan
nan nan nan nan
nan nan nan nan
nan nan nan nan
Repeater1[0]<--->HoM1[0]
REAL
nan nan nan nan
nan nan nan nan
nan nan nan nan
nan nan nan nan
IMAGINARY
nan nan nan nan
nan nan nan nan
nan nan nan nan
nan nan nan nan
EndNode1[0]<--->Repeater1[0]
REAL
nan nan nan nan
nan nan nan nan
nan nan nan nan
nan nan nan nan
IMAGINARY
nan nan nan nan
nan nan nan nan
nan nan nan nan
nan nan nan nan
EndNode2[0]<--->HoM1[0]
REAL
nan nan nan nan
nan nan nan nan
nan nan nan nan
nan nan nan nan
IMAGINARY
nan nan nan nan
nan nan nan nan
nan nan nan nan
nan nan nan nan
Repeater1[0]<--->EndNode1[0]
REAL
nan nan nan nan
nan nan nan nan
nan nan nan nan
nan nan nan nan
IMAGINARY
nan nan nan nan
nan nan nan nan
nan nan nan nan
nan nan nan nan
Repeater1[0]<--->HoM1[0]
REAL
nan nan nan nan
nan nan nan nan
nan nan nan nan
nan nan nan nan
IMAGINARY
nan nan nan nan
nan nan nan nan
nan nan nan nan
nan nan nan nan
EndNode1[0]<--->Repeater1[0]
REAL
nan nan nan nan
nan nan nan nan
nan nan nan nan
nan nan nan nan
IMAGINARY
nan nan nan nan
nan nan nan nan
nan nan nan nan
nan nan nan nan
EndNode2[0]<--->HoM1[0]
REAL
   0.427921  0.00107625 -0.00701522    0.373257
 0.00107625   0.0531108  0.00125725 -0.00478639
-0.00701522  0.00125725   0.0594841  -0.0122803
   0.373257 -0.00478639  -0.0122803    0.459484
IMAGINARY
           0  -0.00259293   0.00169816  0.000870786
  0.00259293            0    0.0107642   0.00704258
 -0.00169816   -0.0107642            0   -0.0067404
-0.000870786  -0.00704258    0.0067404            0
Repeater1[0]<--->EndNode1[0]
REAL
nan nan nan nan
nan nan nan nan
nan nan nan nan
nan nan nan nan
IMAGINARY
nan nan nan nan
nan nan nan nan
nan nan nan nan
nan nan nan nan
Repeater1[0]<--->HoM1[0]
REAL
   0.427921 -0.00701522  0.00107625    0.373257
-0.00701522   0.0594841  0.00125725  -0.0122803
 0.00107625  0.00125725   0.0531108 -0.00478639
   0.373257  -0.0122803 -0.00478639    0.459484
IMAGINARY
           0   0.00169816  -0.00259293  0.000870786
 -0.00169816            0   -0.0107642   -0.0067404
  0.00259293    0.0107642            0   0.00704258
-0.000870786    0.0067404  -0.00704258            0
EndNode1[0]<--->Repeater1[0]
REAL
    0.249322  -0.00255911  -0.00833288 -0.000369954
 -0.00255911     0.257763   0.00498992    -0.010296
 -0.00833288   0.00498992     0.243895  -0.00832018
-0.000369954    -0.010296  -0.00832018      0.24902
IMAGINARY
           0 -0.000249085  -0.00309777    0.0155769
 0.000249085            0   0.00243844    0.0020258
  0.00309777  -0.00243844            0  -0.00664219
  -0.0155769   -0.0020258   0.00664219            0
EndNode2[0]<--->HoM1[0]
REAL
   0.451867 -0.00453917 -0.00215053    0.377726
-0.00453917   0.0598016  0.00294896  -0.0125734
-0.00215053  0.00294896   0.0633022 -0.00926451
   0.377726  -0.0125734 -0.00926451    0.425029
IMAGINARY
           0   0.00167048   -0.0139806 -0.000149877
 -0.00167048            0  -0.00225831   0.00535476
   0.0139806   0.00225831            0 -0.000480715
 0.000149877  -0.00535476  0.000480715            0
Repeater1[0]<--->EndNode1[0]
REAL
    0.249322  -0.00833288  -0.00255911 -0.000369954
 -0.00833288     0.243895   0.00498992  -0.00832018
 -0.00255911   0.00498992     0.257763    -0.010296
-0.000369954  -0.00832018    -0.010296      0.24902
IMAGINARY
           0  -0.00309777 -0.000249085    0.0155769
  0.00309777            0  -0.00243844  -0.00664219
 0.000249085   0.00243844            0    0.0020258
  -0.0155769   0.00664219   -0.0020258            0
Repeater1[0]<--->HoM1[0]
REAL
   0.451867 -0.00215053 -0.00453917    0.377726
-0.00215053   0.0633022  0.00294896 -0.00926451
-0.00453917  0.00294896   0.0598016  -0.0125734
   0.377726 -0.00926451  -0.0125734    0.425029
IMAGINARY
           0   -0.0139806   0.00167048 -0.000149877
   0.0139806            0   0.00225831 -0.000480715
 -0.00167048  -0.00225831            0   0.00535476
 0.000149877  0.000480715  -0.00535476            0
EndNode1[0]<--->Repeater1[0]
REAL
    0.44582  -0.0124835 -0.00754276    0.375202
 -0.0124835   0.0637771  0.00674895  0.00323114
-0.00754276  0.00674895   0.0637771 -0.00461429
   0.375202  0.00323114 -0.00461429    0.426625
IMAGINARY
           0  0.000195321   0.00829653    0.0179526
-0.000195321            0  -0.00160876  -0.00348015
 -0.00829653   0.00160876            0  -0.00410863
  -0.0179526   0.00348015   0.00410863            0
EndNode2[0]<--->HoM1[0]
REAL
   0.440564 -0.00298864 -0.00410725    0.370167
-0.00298864   0.0643382  0.00490797 -0.00485868
-0.00410725  0.00490797   0.0566789           0
   0.370167 -0.00485868           0    0.438419
IMAGINARY
           0  -0.00422485  -0.00217258   0.00359693
  0.00422485            0  -0.00526309 -0.000504397
  0.00217258   0.00526309            0    0.0060095
 -0.00359693  0.000504397   -0.0060095            0
Repeater1[0]<--->EndNode1[0]
REAL
    0.44582 -0.00754276  -0.0124835    0.375202
-0.00754276   0.0637771  0.00674895 -0.00461429
 -0.0124835  0.00674895   0.0637771  0.00323114
   0.375202 -0.00461429  0.00323114    0.426625
IMAGINARY
           0   0.00829653  0.000195321    0.0179526
 -0.00829653            0   0.00160876  -0.00410863
-0.000195321  -0.00160876            0  -0.00348015
  -0.0179526   0.00410863   0.00348015            0
Repeater1[0]<--->HoM1[0]
REAL
   0.440564 -0.00410725 -0.00298864    0.370167
-0.00410725   0.0566789  0.00490797           0
-0.00298864  0.00490797   0.0643382 -0.00485868
   0.370167           0 -0.00485868    0.438419
IMAGINARY
           0  -0.00217258  -0.00422485   0.00359693
  0.00217258            0   0.00526309    0.0060095
  0.00422485  -0.00526309            0 -0.000504397
 -0.00359693   -0.0060095  0.000504397            0
EndNode1[0]<--->Repeater1[0]
REAL
   0.440954 -0.00256617  0.00185894    0.442874
-0.00256617   0.0525521   0.0360357 -0.00683031
 0.00185894   0.0360357   0.0471157 -0.00541816
   0.442874 -0.00683031 -0.00541816    0.459378
IMAGINARY
          0   0.0027526 -0.00790811  0.00127315
 -0.0027526           0  0.00843124   -0.010157
 0.00790811 -0.00843124           0  0.00575741
-0.00127315    0.010157 -0.00575741           0
EndNode2[0]<--->HoM1[0]
REAL
   0.456314 -0.00700908  0.00127212    0.443907
-0.00700908   0.0410621   0.0303904  -0.0030653
 0.00127212   0.0303904    0.043532  0.00282497
   0.443907  -0.0030653  0.00282497    0.459092
IMAGINARY
          0  0.00355925  0.00415564 -0.00583602
-0.00355925           0  0.00451288  -0.0127737
-0.00415564 -0.00451288           0 -0.00461761
 0.00583602   0.0127737  0.00461761           0
Repeater1[0]<--->EndNode1[0]
REAL
   0.440954  0.00185894 -0.00256617    0.442874
 0.00185894   0.0471157   0.0360357 -0.00541816
-0.00256617   0.0360357   0.0525521 -0.00683031
   0.442874 -0.00541816 -0.00683031    0.459378
IMAGINARY
          0 -0.00790811   0.0027526  0.00127315
 0.00790811           0 -0.00843124  0.00575741
 -0.0027526  0.00843124           0   -0.010157
-0.00127315 -0.00575741    0.010157           0
Repeater1[0]<--->HoM1[0]
REAL
   0.456314  0.00127212 -0.00700908    0.443907
 0.00127212    0.043532   0.0303904  0.00282497
-0.00700908   0.0303904   0.0410621  -0.0030653
   0.443907  0.00282497  -0.0030653    0.459092
IMAGINARY
          0  0.00415564  0.00355925 -0.00583602
-0.00415564           0 -0.00451288 -0.00461761
-0.00355925  0.00451288           0  -0.0127737
 0.00583602  0.00461761   0.0127737           0
EndNode1[0]<--->Repeater1[0]
REAL
nan nan nan nan
nan nan nan nan
nan nan nan nan
nan nan nan nan
IMAGINARY
nan nan nan nan
nan nan nan nan
nan nan nan nan
nan nan nan nan
