EndNode1[0]<--->Repeater1[0]
REAL
   0.335968 -0.00110349 -0.00633004    0.116631
-0.00110349    0.212121   0.0474614  0.00182554
-0.00633004   0.0474614    0.173913    -0.01241
   0.116631  0.00182554    -0.01241    0.277997
IMAGINARY
          0   0.0151719  -0.0215283  0.00242496
 -0.0151719           0  0.00688355 -0.00152833
  0.0215283 -0.00688355           0   0.0171074
-0.00242496  0.00152833  -0.0171074           0
EndNode2[0]<--->HoM1[0]
REAL
   0.28534 0.00173199 -0.0148553   0.119759
0.00173199   0.208115  0.0583319  0.0154673
-0.0148553  0.0583319   0.246073 0.00499996
  0.119759  0.0154673 0.00499996   0.260471
IMAGINARY
          0   0.0149844  0.00158607   0.0245118
 -0.0149844           0  -0.0114359  -0.0313087
-0.00158607   0.0114359           0   0.0200222
 -0.0245118   0.0313087  -0.0200222           0
Repeater1[0]<--->EndNode1[0]
REAL
   0.335968 -0.00633004 -0.00110349    0.116631
-0.00633004    0.173913   0.0474614    -0.01241
-0.00110349   0.0474614    0.212121  0.00182554
   0.116631    -0.01241  0.00182554    0.277997
IMAGINARY
          0  -0.0215283   0.0151719  0.00242496
  0.0215283           0 -0.00688355   0.0171074
 -0.0151719  0.00688355           0 -0.00152833
-0.00242496  -0.0171074  0.00152833           0
Repeater1[0]<--->HoM1[0]
REAL
   0.28534 -0.0148553 0.00173199   0.119759
-0.0148553   0.246073  0.0583319 0.00499996
0.00173199  0.0583319   0.208115  0.0154673
  0.119759 0.00499996  0.0154673   0.260471
IMAGINARY
          0  0.00158607   0.0149844   0.0245118
-0.00158607           0   0.0114359   0.0200222
 -0.0149844  -0.0114359           0  -0.0313087
 -0.0245118  -0.0200222   0.0313087           0
EndNode1[0]<--->Repeater1[0]
REAL
   0.341176 -0.00467951  0.00973172    0.108513
-0.00467951    0.211765   0.0650625    0.016175
 0.00973172   0.0650625     0.19085  0.00727018
   0.108513    0.016175  0.00727018    0.256209
IMAGINARY
          0   0.0142234  0.00301622  -0.0158888
 -0.0142234           0   0.0255041   0.0118995
-0.00301622  -0.0255041           0   0.0201476
  0.0158888  -0.0118995  -0.0201476           0
EndNode2[0]<--->HoM1[0]
REAL
   0.303571 -0.00374843   0.0338541     0.12724
-0.00374843    0.214286   0.0629359 -0.00488683
  0.0338541   0.0629359    0.220663 -0.00506769
    0.12724 -0.00488683 -0.00506769     0.26148
IMAGINARY
          0 -0.00819994 -0.00393005  0.00798409
 0.00819994           0 -0.00147367 -0.00525631
 0.00393005  0.00147367           0  -0.0114851
-0.00798409  0.00525631   0.0114851           0
Repeater1[0]<--->EndNode1[0]
REAL
   0.341176  0.00973172 -0.00467951    0.108513
 0.00973172     0.19085   0.0650625  0.00727018
-0.00467951   0.0650625    0.211765    0.016175
   0.108513  0.00727018    0.016175    0.256209
IMAGINARY
          0  0.00301622   0.0142234  -0.0158888
-0.00301622           0  -0.0255041   0.0201476
 -0.0142234   0.0255041           0   0.0118995
  0.0158888  -0.0201476  -0.0118995           0
Repeater1[0]<--->HoM1[0]
REAL
   0.303571   0.0338541 -0.00374843     0.12724
  0.0338541    0.220663   0.0629359 -0.00506769
-0.00374843   0.0629359    0.214286 -0.00488683
    0.12724 -0.00506769 -0.00488683     0.26148
IMAGINARY
          0 -0.00393005 -0.00819994  0.00798409
 0.00393005           0  0.00147367  -0.0114851
 0.00819994 -0.00147367           0 -0.00525631
-0.00798409   0.0114851  0.00525631           0
EndNode1[0]<--->Repeater1[0]
REAL
   0.351827 -0.00717306   0.0176237    0.126368
-0.00717306    0.223275   0.0336316  0.00862629
  0.0176237   0.0336316    0.185386   0.0159231
   0.126368  0.00862629   0.0159231    0.239513
IMAGINARY
          0 -0.00111033   0.0141573  -0.0116701
 0.00111033           0  -0.0211278  -0.0070237
 -0.0141573   0.0211278           0  -0.0112113
  0.0116701   0.0070237   0.0112113           0
EndNode2[0]<--->HoM1[0]
REAL
    0.33125 -0.00899312 -0.00193237    0.126805
-0.00899312     0.19625   0.0490846  0.00917874
-0.00193237   0.0490846      0.2075  -0.0206511
   0.126805  0.00917874  -0.0206511       0.265
IMAGINARY
          0   0.0212224   -0.015608 -0.00782214
 -0.0212224           0   0.0156253   0.0104267
   0.015608  -0.0156253           0  -0.0030877
 0.00782214  -0.0104267   0.0030877           0
Repeater1[0]<--->EndNode1[0]
REAL
   0.351827   0.0176237 -0.00717306    0.126368
  0.0176237    0.185386   0.0336316   0.0159231
-0.00717306   0.0336316    0.223275  0.00862629
   0.126368   0.0159231  0.00862629    0.239513
IMAGINARY
          0   0.0141573 -0.00111033  -0.0116701
 -0.0141573           0   0.0211278  -0.0112113
 0.00111033  -0.0211278           0  -0.0070237
  0.0116701   0.0112113   0.0070237           0
Repeater1[0]<--->HoM1[0]
REAL
    0.33125 -0.00193237 -0.00899312    0.126805
-0.00193237      0.2075   0.0490846  -0.0206511
-0.00899312   0.0490846     0.19625  0.00917874
   0.126805  -0.0206511  0.00917874       0.265
IMAGINARY
          0   -0.015608   0.0212224 -0.00782214
   0.015608           0  -0.0156253  -0.0030877
 -0.0212224   0.0156253           0   0.0104267
 0.00782214   0.0030877  -0.0104267           0
EndNode1[0]<--->Repeater1[0]
REAL
  0.306519 0.00149494  0.0187834   0.120502
0.00149494   0.227462  0.0424746 -0.0193984
 0.0187834  0.0424746   0.181692 -0.0267102
  0.120502 -0.0193984 -0.0267102   0.284327
IMAGINARY
          0 -0.00511811  0.00980059  0.00758958
 0.00511811           0 -0.00433012  0.00705334
-0.00980059  0.00433012           0  -0.0142327
-0.00758958 -0.00705334   0.0142327           0
EndNode2[0]<--->HoM1[0]
REAL
  0.298153 0.00341306   0.024818   0.114213
0.00341306   0.192612   0.068169  0.0148842
  0.024818   0.068169   0.207124 0.00403111
  0.114213  0.0148842 0.00403111   0.302111
IMAGINARY
          0 -0.00262161   -0.012046  0.00540113
 0.00262161           0   0.0179011  0.00102138
   0.012046  -0.0179011           0  -0.0226702
-0.00540113 -0.00102138   0.0226702           0
Repeater1[0]<--->EndNode1[0]
REAL
  0.306519  0.0187834 0.00149494   0.120502
 0.0187834   0.181692  0.0424746 -0.0267102
0.00149494  0.0424746   0.227462 -0.0193984
  0.120502 -0.0267102 -0.0193984   0.284327
IMAGINARY
          0  0.00980059 -0.00511811  0.00758958
-0.00980059           0  0.00433012  -0.0142327
 0.00511811 -0.00433012           0  0.00705334
-0.00758958   0.0142327 -0.00705334           0
Repeater1[0]<--->HoM1[0]
REAL
  0.298153   0.024818 0.00341306   0.114213
  0.024818   0.207124   0.068169 0.00403111
0.00341306   0.068169   0.192612  0.0148842
  0.114213 0.00403111  0.0148842   0.302111
IMAGINARY
          0   -0.012046 -0.00262161  0.00540113
   0.012046           0  -0.0179011  -0.0226702
 0.00262161   0.0179011           0  0.00102138
-0.00540113   0.0226702 -0.00102138           0
EndNode1[0]<--->Repeater1[0]
REAL
  0.319066 -0.0126073 0.00121453   0.123774
-0.0126073    0.22179  0.0224404 0.00922933
0.00121453  0.0224404   0.207523  0.0139128
  0.123774 0.00922933  0.0139128   0.251621
IMAGINARY
          0   0.0241298  -0.0283218  0.00302826
 -0.0241298           0 -0.00302826  -0.0276782
  0.0283218  0.00302826           0 -0.00146317
-0.00302826   0.0276782  0.00146317           0
EndNode2[0]<--->HoM1[0]
REAL
    0.29563 -0.00333755  -0.0238284    0.138938
-0.00333755    0.210797   0.0683787   -0.016822
 -0.0238284   0.0683787    0.219794  -0.0156326
   0.138938   -0.016822  -0.0156326    0.273779
IMAGINARY
           0   -0.0263139   0.00306693 -0.000582759
   0.0263139            0    0.0049523   -0.0115827
 -0.00306693   -0.0049523            0    0.0165815
 0.000582759    0.0115827   -0.0165815            0
Repeater1[0]<--->EndNode1[0]
REAL
  0.319066 0.00121453 -0.0126073   0.123774
0.00121453   0.207523  0.0224404  0.0139128
-0.0126073  0.0224404    0.22179 0.00922933
  0.123774  0.0139128 0.00922933   0.251621
IMAGINARY
          0  -0.0283218   0.0241298  0.00302826
  0.0283218           0  0.00302826 -0.00146317
 -0.0241298 -0.00302826           0  -0.0276782
-0.00302826  0.00146317   0.0276782           0
Repeater1[0]<--->HoM1[0]
REAL
    0.29563  -0.0238284 -0.00333755    0.138938
 -0.0238284    0.219794   0.0683787  -0.0156326
-0.00333755   0.0683787    0.210797   -0.016822
   0.138938  -0.0156326   -0.016822    0.273779
IMAGINARY
           0   0.00306693   -0.0263139 -0.000582759
 -0.00306693            0   -0.0049523    0.0165815
   0.0263139    0.0049523            0   -0.0115827
 0.000582759   -0.0165815    0.0115827            0
