EndNode1[0]<--->Repeater1[0]
REAL
  0.290482 0.00522268 -0.0149527  0.0944772
0.00522268   0.210136  0.0486551 0.00917602
-0.0149527  0.0486551   0.229913 -0.0161341
 0.0944772 0.00917602 -0.0161341   0.269468
IMAGINARY
          0  0.00938411 -0.00144848   0.0207608
-0.00938411           0   0.0153988  -0.0255057
 0.00144848  -0.0153988           0  -0.0134272
 -0.0207608   0.0255057   0.0134272           0
EndNode2[0]<--->HoM1[0]
REAL
  0.279543 -0.0208669  0.0081864   0.125206
-0.0208669   0.213469  0.0838622  0.0081864
 0.0081864  0.0838622   0.203304  0.0133103
  0.125206  0.0081864  0.0133103   0.303685
IMAGINARY
          0   -0.010505   0.0264197 -0.00956997
   0.010505           0   0.0123324    0.013632
 -0.0264197  -0.0123324           0    0.015673
 0.00956997   -0.013632   -0.015673           0
Repeater1[0]<--->EndNode1[0]
REAL
  0.290482 -0.0149527 0.00522268  0.0944772
-0.0149527   0.229913  0.0486551 -0.0161341
0.00522268  0.0486551   0.210136 0.00917602
 0.0944772 -0.0161341 0.00917602   0.269468
IMAGINARY
          0 -0.00144848  0.00938411   0.0207608
 0.00144848           0  -0.0153988  -0.0134272
-0.00938411   0.0153988           0  -0.0255057
 -0.0207608   0.0134272   0.0255057           0
Repeater1[0]<--->HoM1[0]
REAL
  0.279543  0.0081864 -0.0208669   0.125206
 0.0081864   0.203304  0.0838622  0.0133103
-0.0208669  0.0838622   0.213469  0.0081864
  0.125206  0.0133103  0.0081864   0.303685
IMAGINARY
          0   0.0264197   -0.010505 -0.00956997
 -0.0264197           0  -0.0123324    0.015673
   0.010505   0.0123324           0    0.013632
 0.00956997   -0.015673   -0.013632           0
EndNode1[0]<--->Repeater1[0]
REAL
    0.308953   0.00512578   0.00992734    0.0930479
  0.00512578      0.24338    0.0570176 -9.77214e-05
  0.00992734    0.0570176     0.190416  -0.00971293
   0.0930479 -9.77214e-05  -0.00971293     0.257251
IMAGINARY
          0   0.0189354 -0.00805547  0.00983999
 -0.0189354           0 -0.00395764  -0.0165969
 0.00805547  0.00395764           0 -0.00313266
-0.00983999   0.0165969  0.00313266           0
EndNode2[0]<--->HoM1[0]
REAL
   0.279793  -0.0232448 -0.00953808     0.11003
 -0.0232448    0.213731   0.0437169  0.00307813
-0.00953808   0.0437169    0.233161  0.00903291
    0.11003  0.00307813  0.00903291    0.273316
IMAGINARY
          0   0.0119363   -0.021678   0.0130893
 -0.0119363           0  -0.0175479  0.00443664
   0.021678   0.0175479           0   0.0119363
 -0.0130893 -0.00443664  -0.0119363           0
Repeater1[0]<--->EndNode1[0]
REAL
    0.308953   0.00992734   0.00512578    0.0930479
  0.00992734     0.190416    0.0570176  -0.00971293
  0.00512578    0.0570176      0.24338 -9.77214e-05
   0.0930479  -0.00971293 -9.77214e-05     0.257251
IMAGINARY
          0 -0.00805547   0.0189354  0.00983999
 0.00805547           0  0.00395764 -0.00313266
 -0.0189354 -0.00395764           0  -0.0165969
-0.00983999  0.00313266   0.0165969           0
Repeater1[0]<--->HoM1[0]
REAL
   0.279793 -0.00953808  -0.0232448     0.11003
-0.00953808    0.233161   0.0437169  0.00903291
 -0.0232448   0.0437169    0.213731  0.00307813
    0.11003  0.00903291  0.00307813    0.273316
IMAGINARY
          0   -0.021678   0.0119363   0.0130893
   0.021678           0   0.0175479   0.0119363
 -0.0119363  -0.0175479           0  0.00443664
 -0.0130893  -0.0119363 -0.00443664           0
EndNode1[0]<--->Repeater1[0]
REAL
   0.315051 -0.00160042  0.00185809    0.114046
-0.00160042    0.211735   0.0388035  -0.0199928
 0.00185809   0.0388035    0.197704  0.00419109
   0.114046  -0.0199928  0.00419109     0.27551
IMAGINARY
          0  0.00742846  0.00490615   0.0280019
-0.00742846           0     0.01387 -0.00976052
-0.00490615    -0.01387           0   0.0192706
 -0.0280019  0.00976052  -0.0192706           0
EndNode2[0]<--->HoM1[0]
REAL
   0.319588 0.000619279  -0.0150445   0.0887023
0.000619279    0.195876   0.0499426   0.0219453
 -0.0150445   0.0499426    0.197165  0.00126278
  0.0887023   0.0219453  0.00126278    0.287371
IMAGINARY
          0   0.0191293 -0.00304163  0.00127501
 -0.0191293           0   0.0100032   0.0146695
 0.00304163  -0.0100032           0  -0.0191293
-0.00127501  -0.0146695   0.0191293           0
Repeater1[0]<--->EndNode1[0]
REAL
   0.315051  0.00185809 -0.00160042    0.114046
 0.00185809    0.197704   0.0388035  0.00419109
-0.00160042   0.0388035    0.211735  -0.0199928
   0.114046  0.00419109  -0.0199928     0.27551
IMAGINARY
          0  0.00490615  0.00742846   0.0280019
-0.00490615           0    -0.01387   0.0192706
-0.00742846     0.01387           0 -0.00976052
 -0.0280019  -0.0192706  0.00976052           0
Repeater1[0]<--->HoM1[0]
REAL
   0.319588  -0.0150445 0.000619279   0.0887023
 -0.0150445    0.197165   0.0499426  0.00126278
0.000619279   0.0499426    0.195876   0.0219453
  0.0887023  0.00126278   0.0219453    0.287371
IMAGINARY
          0 -0.00304163   0.0191293  0.00127501
 0.00304163           0  -0.0100032  -0.0191293
 -0.0191293   0.0100032           0   0.0146695
-0.00127501   0.0191293  -0.0146695           0
EndNode1[0]<--->Repeater1[0]
REAL
   0.319745 -0.00184627  -0.0240105    0.100041
-0.00184627    0.194904   0.0485413 -0.00866522
 -0.0240105   0.0485413    0.220382 -0.00986766
   0.100041 -0.00866522 -0.00986766    0.264968
IMAGINARY
          0 -0.00261504 -0.00206935  0.00390018
 0.00261504           0   0.0107495   0.0183666
 0.00206935  -0.0107495           0 -0.00325198
-0.00390018  -0.0183666  0.00325198           0
EndNode2[0]<--->HoM1[0]
REAL
    0.27125  0.00199529  -0.0178375     0.10468
 0.00199529      0.2375   0.0486902 -0.00485851
 -0.0178375   0.0486902     0.23875   0.0193252
    0.10468 -0.00485851   0.0193252      0.2525
IMAGINARY
           0 -8.31117e-05  -0.00918833   -0.0130146
 8.31117e-05            0   0.00787317   -0.0207596
  0.00918833  -0.00787317            0   0.00789561
   0.0130146    0.0207596  -0.00789561            0
Repeater1[0]<--->EndNode1[0]
REAL
   0.319745  -0.0240105 -0.00184627    0.100041
 -0.0240105    0.220382   0.0485413 -0.00986766
-0.00184627   0.0485413    0.194904 -0.00866522
   0.100041 -0.00986766 -0.00866522    0.264968
IMAGINARY
          0 -0.00206935 -0.00261504  0.00390018
 0.00206935           0  -0.0107495 -0.00325198
 0.00261504   0.0107495           0   0.0183666
-0.00390018  0.00325198  -0.0183666           0
Repeater1[0]<--->HoM1[0]
REAL
    0.27125  -0.0178375  0.00199529     0.10468
 -0.0178375     0.23875   0.0486902   0.0193252
 0.00199529   0.0486902      0.2375 -0.00485851
    0.10468   0.0193252 -0.00485851      0.2525
IMAGINARY
           0  -0.00918833 -8.31117e-05   -0.0130146
  0.00918833            0  -0.00787317   0.00789561
 8.31117e-05   0.00787317            0   -0.0207596
   0.0130146  -0.00789561    0.0207596            0
EndNode1[0]<--->Repeater1[0]
REAL
   0.309091  0.00195822 -0.00265662     0.13297
 0.00195822    0.233766   0.0380484  -0.0143147
-0.00265662   0.0380484    0.185714  0.00195822
    0.13297  -0.0143147  0.00195822    0.271429
IMAGINARY
          0 -0.00917824  0.00122699  0.00292983
 0.00917824           0  -0.0129432  0.00058679
-0.00122699   0.0129432           0  0.00373689
-0.00292983 -0.00058679 -0.00373689           0
EndNode2[0]<--->HoM1[0]
REAL
  0.314394 0.00528583  0.0125571   0.112052
0.00528583   0.219697  0.0492381 0.00729398
 0.0125571  0.0492381   0.233586 0.00339904
  0.112052 0.00729398 0.00339904   0.232323
IMAGINARY
          0  0.00988209 -0.00145055  -0.0159346
-0.00988209           0  -0.0186156   0.0140134
 0.00145055   0.0186156           0   0.0177561
  0.0159346  -0.0140134  -0.0177561           0
Repeater1[0]<--->EndNode1[0]
REAL
   0.309091 -0.00265662  0.00195822     0.13297
-0.00265662    0.185714   0.0380484  0.00195822
 0.00195822   0.0380484    0.233766  -0.0143147
    0.13297  0.00195822  -0.0143147    0.271429
IMAGINARY
          0  0.00122699 -0.00917824  0.00292983
-0.00122699           0   0.0129432  0.00373689
 0.00917824  -0.0129432           0  0.00058679
-0.00292983 -0.00373689 -0.00058679           0
Repeater1[0]<--->HoM1[0]
REAL
  0.314394  0.0125571 0.00528583   0.112052
 0.0125571   0.233586  0.0492381 0.00339904
0.00528583  0.0492381   0.219697 0.00729398
  0.112052 0.00339904 0.00729398   0.232323
IMAGINARY
          0 -0.00145055  0.00988209  -0.0159346
 0.00145055           0   0.0186156   0.0177561
-0.00988209  -0.0186156           0   0.0140134
  0.0159346  -0.0177561  -0.0140134           0
