EndNode1[0]<--->Repeater1[0]
REAL
    0.308201   -0.0157323 -0.000801474     0.123103
  -0.0157323     0.231481    0.0574864  -0.00534103
-0.000801474    0.0574864     0.208995   0.00467583
    0.123103  -0.00534103   0.00467583     0.251323
IMAGINARY
          0   0.0151455  -0.0237314  -0.0124162
 -0.0151455           0   -0.011144  0.00404637
  0.0237314    0.011144           0  0.00585185
  0.0124162 -0.00404637 -0.00585185           0
EndNode2[0]<--->HoM1[0]
REAL
    0.308075 -0.000918625  -0.00145987     0.126567
-0.000918625     0.217391    0.0250049    0.0108938
 -0.00145987    0.0250049     0.212422   0.00909473
    0.126567    0.0108938   0.00909473     0.262112
IMAGINARY
           0  -0.00255682 -0.000995517  -0.00224586
  0.00255682            0  -0.00844933   -0.0250461
 0.000995517   0.00844933            0    0.0338068
  0.00224586    0.0250461   -0.0338068            0
Repeater1[0]<--->EndNode1[0]
REAL
    0.308201 -0.000801474   -0.0157323     0.123103
-0.000801474     0.208995    0.0574864   0.00467583
  -0.0157323    0.0574864     0.231481  -0.00534103
    0.123103   0.00467583  -0.00534103     0.251323
IMAGINARY
          0  -0.0237314   0.0151455  -0.0124162
  0.0237314           0    0.011144  0.00585185
 -0.0151455   -0.011144           0  0.00404637
  0.0124162 -0.00585185 -0.00404637           0
Repeater1[0]<--->HoM1[0]
REAL
    0.308075  -0.00145987 -0.000918625     0.126567
 -0.00145987     0.212422    0.0250049   0.00909473
-0.000918625    0.0250049     0.217391    0.0108938
    0.126567   0.00909473    0.0108938     0.262112
IMAGINARY
           0 -0.000995517  -0.00255682  -0.00224586
 0.000995517            0   0.00844933    0.0338068
  0.00255682  -0.00844933            0   -0.0250461
  0.00224586   -0.0338068    0.0250461            0
EndNode1[0]<--->Repeater1[0]
REAL
   0.320449  -0.0213676   0.0188889    0.117618
 -0.0213676    0.209476   0.0602609 -0.00401183
  0.0188889   0.0602609    0.220698   0.0142525
   0.117618 -0.00401183   0.0142525    0.249377
IMAGINARY
           0   0.00917795    0.0128671   -0.0119566
 -0.00917795            0  0.000114526   -0.0103733
  -0.0128671 -0.000114526            0 -0.000449774
   0.0119566    0.0103733  0.000449774            0
EndNode2[0]<--->HoM1[0]
REAL
   0.349502  -0.0225718   0.0233036      0.1184
 -0.0225718    0.174129   0.0416254 -0.00151031
  0.0233036   0.0416254     0.21393   0.0207038
     0.1184 -0.00151031   0.0207038    0.262438
IMAGINARY
          0   0.0104052   0.0176373 -0.00361512
 -0.0104052           0   0.0111528 -0.00279863
 -0.0176373  -0.0111528           0  -0.0200826
 0.00361512  0.00279863   0.0200826           0
Repeater1[0]<--->EndNode1[0]
REAL
   0.320449   0.0188889  -0.0213676    0.117618
  0.0188889    0.220698   0.0602609   0.0142525
 -0.0213676   0.0602609    0.209476 -0.00401183
   0.117618   0.0142525 -0.00401183    0.249377
IMAGINARY
           0    0.0128671   0.00917795   -0.0119566
  -0.0128671            0 -0.000114526 -0.000449774
 -0.00917795  0.000114526            0   -0.0103733
   0.0119566  0.000449774    0.0103733            0
Repeater1[0]<--->HoM1[0]
REAL
   0.349502   0.0233036  -0.0225718      0.1184
  0.0233036     0.21393   0.0416254   0.0207038
 -0.0225718   0.0416254    0.174129 -0.00151031
     0.1184   0.0207038 -0.00151031    0.262438
IMAGINARY
          0   0.0176373   0.0104052 -0.00361512
 -0.0176373           0  -0.0111528  -0.0200826
 -0.0104052   0.0111528           0 -0.00279863
 0.00361512   0.0200826  0.00279863           0
EndNode1[0]<--->Repeater1[0]
REAL
   0.315013  -0.0147193    0.017618    0.130606
 -0.0147193    0.226542   0.0504818   -0.018236
   0.017618   0.0504818     0.19437 -0.00320411
   0.130606   -0.018236 -0.00320411    0.264075
IMAGINARY
           0 -0.000195923  -0.00280897  -0.00103596
 0.000195923            0    0.0109961   0.00467233
  0.00280897   -0.0109961            0   -0.0116053
  0.00103596  -0.00467233    0.0116053            0
EndNode2[0]<--->HoM1[0]
REAL
   0.291721  -0.0147898 -0.00376884     0.11688
 -0.0147898     0.21025   0.0437883  0.00376884
-0.00376884   0.0437883    0.231275 -0.00834647
    0.11688  0.00376884 -0.00834647    0.266754
IMAGINARY
          0   -0.017148  0.00708829  -0.0221809
   0.017148           0 -0.00212919  0.00520149
-0.00708829  0.00212919           0   0.0177948
  0.0221809 -0.00520149  -0.0177948           0
Repeater1[0]<--->EndNode1[0]
REAL
   0.315013    0.017618  -0.0147193    0.130606
   0.017618     0.19437   0.0504818 -0.00320411
 -0.0147193   0.0504818    0.226542   -0.018236
   0.130606 -0.00320411   -0.018236    0.264075
IMAGINARY
           0  -0.00280897 -0.000195923  -0.00103596
  0.00280897            0   -0.0109961   -0.0116053
 0.000195923    0.0109961            0   0.00467233
  0.00103596    0.0116053  -0.00467233            0
Repeater1[0]<--->HoM1[0]
REAL
   0.291721 -0.00376884  -0.0147898     0.11688
-0.00376884    0.231275   0.0437883 -0.00834647
 -0.0147898   0.0437883     0.21025  0.00376884
    0.11688 -0.00834647  0.00376884    0.266754
IMAGINARY
          0  0.00708829   -0.017148  -0.0221809
-0.00708829           0  0.00212919   0.0177948
   0.017148 -0.00212919           0  0.00520149
  0.0221809  -0.0177948 -0.00520149           0
EndNode1[0]<--->Repeater1[0]
REAL
  0.287115 0.00636409   0.019117   0.111356
0.00636409   0.235294  0.0277127 0.00740306
  0.019117  0.0277127   0.186275  0.0136877
  0.111356 0.00740306  0.0136877   0.291317
IMAGINARY
          0  0.00579906  0.00265653 -0.00132761
-0.00579906           0  -0.0102109   0.0314203
-0.00265653   0.0102109           0  -0.0225277
 0.00132761  -0.0314203   0.0225277           0
EndNode2[0]<--->HoM1[0]
REAL
   0.325517 0.000945557 -0.00343862    0.121532
0.000945557    0.190345   0.0517352  0.00467624
-0.00343862   0.0517352    0.217931 -0.00465843
   0.121532  0.00467624 -0.00465843    0.266207
IMAGINARY
          0 -0.00835616   -0.029142  0.00579608
 0.00835616           0  0.00317828  0.00376126
   0.029142 -0.00317828           0 -0.00306516
-0.00579608 -0.00376126  0.00306516           0
Repeater1[0]<--->EndNode1[0]
REAL
  0.287115   0.019117 0.00636409   0.111356
  0.019117   0.186275  0.0277127  0.0136877
0.00636409  0.0277127   0.235294 0.00740306
  0.111356  0.0136877 0.00740306   0.291317
IMAGINARY
          0  0.00265653  0.00579906 -0.00132761
-0.00265653           0   0.0102109  -0.0225277
-0.00579906  -0.0102109           0   0.0314203
 0.00132761   0.0225277  -0.0314203           0
Repeater1[0]<--->HoM1[0]
REAL
   0.325517 -0.00343862 0.000945557    0.121532
-0.00343862    0.217931   0.0517352 -0.00465843
0.000945557   0.0517352    0.190345  0.00467624
   0.121532 -0.00465843  0.00467624    0.266207
IMAGINARY
          0   -0.029142 -0.00835616  0.00579608
   0.029142           0 -0.00317828 -0.00306516
 0.00835616  0.00317828           0  0.00376126
-0.00579608  0.00306516 -0.00376126           0
