EndNode1[0]<--->Repeater1[0]
REAL
   0.331143  -0.0102657   0.0131278    0.107707
 -0.0102657    0.204993   0.0454578 -0.00300122
  0.0131278   0.0454578     0.21025   0.0102657
   0.107707 -0.00300122   0.0102657    0.253614
IMAGINARY
          0   0.0223429  0.00636498  0.00695348
 -0.0223429           0 -0.00514843  0.00769124
-0.00636498  0.00514843           0   0.0131324
-0.00695348 -0.00769124  -0.0131324           0
EndNode2[0]<--->HoM1[0]
REAL
   0.292326  0.00530936 -0.00185463    0.122565
 0.00530936     0.20341    0.044516  -0.0024932
-0.00185463    0.044516    0.249695    0.017672
   0.122565  -0.0024932    0.017672    0.254568
IMAGINARY
          0 -0.00154362  -0.0203639 -0.00749382
 0.00154362           0  -0.0169278   -0.015002
  0.0203639   0.0169278           0  -0.0240661
 0.00749382    0.015002   0.0240661           0
Repeater1[0]<--->EndNode1[0]
REAL
   0.331143   0.0131278  -0.0102657    0.107707
  0.0131278     0.21025   0.0454578   0.0102657
 -0.0102657   0.0454578    0.204993 -0.00300122
   0.107707   0.0102657 -0.00300122    0.253614
IMAGINARY
          0  0.00636498   0.0223429  0.00695348
-0.00636498           0  0.00514843   0.0131324
 -0.0223429 -0.00514843           0  0.00769124
-0.00695348  -0.0131324 -0.00769124           0
Repeater1[0]<--->HoM1[0]
REAL
   0.292326 -0.00185463  0.00530936    0.122565
-0.00185463    0.249695    0.044516    0.017672
 0.00530936    0.044516     0.20341  -0.0024932
   0.122565    0.017672  -0.0024932    0.254568
IMAGINARY
          0  -0.0203639 -0.00154362 -0.00749382
  0.0203639           0   0.0169278  -0.0240661
 0.00154362  -0.0169278           0   -0.015002
 0.00749382   0.0240661    0.015002           0
EndNode1[0]<--->Repeater1[0]
REAL
    0.3219 -0.0030702 0.00148053   0.127576
-0.0030702   0.229551  0.0425138  0.0081472
0.00148053  0.0425138   0.208443 -0.0219619
  0.127576  0.0081472 -0.0219619   0.240106
IMAGINARY
           0   0.00065634  -0.00574604    0.0042948
 -0.00065634            0   0.00555742   0.00505447
  0.00574604  -0.00555742            0  3.52225e-05
  -0.0042948  -0.00505447 -3.52225e-05            0
EndNode2[0]<--->HoM1[0]
REAL
   0.302267 -0.00402016 0.000323354    0.114647
-0.00402016    0.215365   0.0638311 -0.00688503
0.000323354   0.0638311    0.224181  0.00664483
   0.114647 -0.00688503  0.00664483    0.258186
IMAGINARY
          0 -0.00312106   0.0294334   0.0105218
 0.00312106           0  -0.0217159   0.0151087
 -0.0294334   0.0217159           0 -0.00377982
 -0.0105218  -0.0151087  0.00377982           0
Repeater1[0]<--->EndNode1[0]
REAL
    0.3219 0.00148053 -0.0030702   0.127576
0.00148053   0.208443  0.0425138 -0.0219619
-0.0030702  0.0425138   0.229551  0.0081472
  0.127576 -0.0219619  0.0081472   0.240106
IMAGINARY
           0  -0.00574604   0.00065634    0.0042948
  0.00574604            0  -0.00555742  3.52225e-05
 -0.00065634   0.00555742            0   0.00505447
  -0.0042948 -3.52225e-05  -0.00505447            0
Repeater1[0]<--->HoM1[0]
REAL
   0.302267 0.000323354 -0.00402016    0.114647
0.000323354    0.224181   0.0638311  0.00664483
-0.00402016   0.0638311    0.215365 -0.00688503
   0.114647  0.00664483 -0.00688503    0.258186
IMAGINARY
          0   0.0294334 -0.00312106   0.0105218
 -0.0294334           0   0.0217159 -0.00377982
 0.00312106  -0.0217159           0   0.0151087
 -0.0105218  0.00377982  -0.0151087           0
EndNode1[0]<--->Repeater1[0]
REAL
    0.34297 -0.00316476 -0.00814179    0.126101
-0.00316476    0.215506   0.0666073 -0.00878529
-0.00814179   0.0666073    0.193167 -0.00855399
   0.126101 -0.00878529 -0.00855399    0.248357
IMAGINARY
          0   0.0177247 -0.00949367   0.0070325
 -0.0177247           0  -0.0155739 -0.00949367
 0.00949367   0.0155739           0   0.0189842
 -0.0070325  0.00949367  -0.0189842           0
EndNode2[0]<--->HoM1[0]
REAL
   0.301266   0.0175702    0.019632    0.114441
  0.0175702    0.222785   0.0618092   -0.007132
   0.019632   0.0618092    0.196203 -0.00382019
   0.114441   -0.007132 -0.00382019    0.279747
IMAGINARY
          0 -0.00179718 -0.00732085   0.0118774
 0.00179718           0   -0.016588  0.00468927
 0.00732085    0.016588           0  -0.0139923
 -0.0118774 -0.00468927   0.0139923           0
Repeater1[0]<--->EndNode1[0]
REAL
    0.34297 -0.00814179 -0.00316476    0.126101
-0.00814179    0.193167   0.0666073 -0.00855399
-0.00316476   0.0666073    0.215506 -0.00878529
   0.126101 -0.00855399 -0.00878529    0.248357
IMAGINARY
          0 -0.00949367   0.0177247   0.0070325
 0.00949367           0   0.0155739   0.0189842
 -0.0177247  -0.0155739           0 -0.00949367
 -0.0070325  -0.0189842  0.00949367           0
Repeater1[0]<--->HoM1[0]
REAL
   0.301266    0.019632   0.0175702    0.114441
   0.019632    0.196203   0.0618092 -0.00382019
  0.0175702   0.0618092    0.222785   -0.007132
   0.114441 -0.00382019   -0.007132    0.279747
IMAGINARY
          0 -0.00732085 -0.00179718   0.0118774
 0.00732085           0    0.016588  -0.0139923
 0.00179718   -0.016588           0  0.00468927
 -0.0118774   0.0139923 -0.00468927           0
EndNode1[0]<--->Repeater1[0]
REAL
   0.280151  0.00130947  0.00384695    0.115484
 0.00130947    0.241206   0.0435194 -0.00831694
 0.00384695   0.0435194    0.180905 0.000606237
   0.115484 -0.00831694 0.000606237    0.297739
IMAGINARY
          0  -0.0162853  -0.0105089 -0.00489593
  0.0162853           0 -0.00173537   0.0161409
  0.0105089  0.00173537           0 -0.00436556
 0.00489593  -0.0161409  0.00436556           0
EndNode2[0]<--->HoM1[0]
REAL
  0.283044  0.0261713 -0.0299911   0.106303
 0.0261713   0.236315  0.0494989  0.0215165
-0.0299911  0.0494989   0.214953  -0.021608
  0.106303  0.0215165  -0.021608   0.265688
IMAGINARY
          0  -0.0110364   0.0142608   0.0106002
  0.0110364           0  0.00668375 -0.00115223
 -0.0142608 -0.00668375           0  -0.0183019
 -0.0106002  0.00115223   0.0183019           0
Repeater1[0]<--->EndNode1[0]
REAL
   0.280151  0.00384695  0.00130947    0.115484
 0.00384695    0.180905   0.0435194 0.000606237
 0.00130947   0.0435194    0.241206 -0.00831694
   0.115484 0.000606237 -0.00831694    0.297739
IMAGINARY
          0  -0.0105089  -0.0162853 -0.00489593
  0.0105089           0  0.00173537 -0.00436556
  0.0162853 -0.00173537           0   0.0161409
 0.00489593  0.00436556  -0.0161409           0
Repeater1[0]<--->HoM1[0]
REAL
  0.283044 -0.0299911  0.0261713   0.106303
-0.0299911   0.214953  0.0494989  -0.021608
 0.0261713  0.0494989   0.236315  0.0215165
  0.106303  -0.021608  0.0215165   0.265688
IMAGINARY
          0   0.0142608  -0.0110364   0.0106002
 -0.0142608           0 -0.00668375  -0.0183019
  0.0110364  0.00668375           0 -0.00115223
 -0.0106002   0.0183019  0.00115223           0
EndNode1[0]<--->Repeater1[0]
REAL
   0.296954 -0.00802572 -0.00671443   0.0971409
-0.00802572    0.233503   0.0379052 0.000785573
-0.00671443   0.0379052    0.219543  0.00341439
  0.0971409 0.000785573  0.00341439        0.25
IMAGINARY
           0    0.0077682   -0.0131013  -0.00190119
  -0.0077682            0 -9.63848e-06   0.00991659
   0.0131013  9.63848e-06            0  -0.00203572
  0.00190119  -0.00991659   0.00203572            0
EndNode2[0]<--->HoM1[0]
REAL
   0.320955 -0.00992556 0.000421697    0.103059
-0.00992556    0.202918   0.0756008   0.0144666
0.000421697   0.0756008     0.20557 -0.00372208
   0.103059   0.0144666 -0.00372208    0.270557
IMAGINARY
          0    0.008818  0.00457879 -0.00733571
  -0.008818           0  -0.0242628 -0.00394022
-0.00457879   0.0242628           0 -0.00179373
 0.00733571  0.00394022  0.00179373           0
Repeater1[0]<--->EndNode1[0]
REAL
   0.296954 -0.00671443 -0.00802572   0.0971409
-0.00671443    0.219543   0.0379052  0.00341439
-0.00802572   0.0379052    0.233503 0.000785573
  0.0971409  0.00341439 0.000785573        0.25
IMAGINARY
           0   -0.0131013    0.0077682  -0.00190119
   0.0131013            0  9.63848e-06  -0.00203572
  -0.0077682 -9.63848e-06            0   0.00991659
  0.00190119   0.00203572  -0.00991659            0
Repeater1[0]<--->HoM1[0]
REAL
   0.320955 0.000421697 -0.00992556    0.103059
0.000421697     0.20557   0.0756008 -0.00372208
-0.00992556   0.0756008    0.202918   0.0144666
   0.103059 -0.00372208   0.0144666    0.270557
IMAGINARY
          0  0.00457879    0.008818 -0.00733571
-0.00457879           0   0.0242628 -0.00179373
  -0.008818  -0.0242628           0 -0.00394022
 0.00733571  0.00179373  0.00394022           0
