EndNode1[0]<--->Repeater1[0]
REAL
   0.453104  0.00700956  -0.0145286    0.415616
 0.00700956   0.0449141 -0.00590313   0.0138446
 -0.0145286 -0.00590313   0.0501982  -0.0159015
   0.415616   0.0138446  -0.0159015    0.451783
IMAGINARY
           0  -0.00236936     0.011787   0.00282573
  0.00236936            0 -0.000241753  -0.00166043
   -0.011787  0.000241753            0   -0.0280104
 -0.00282573   0.00166043    0.0280104            0
EndNode2[0]<--->HoM1[0]
REAL
   0.444169  0.00722691 -0.00503955    0.406146
 0.00722691   0.0483871 -0.00205523  -0.0083596
-0.00503955 -0.00205523   0.0421836  -0.0178052
   0.406146  -0.0083596  -0.0178052    0.465261
IMAGINARY
          0  0.00422709  -0.0203718     0.02267
-0.00422709           0    -0.02267 -0.00839197
  0.0203718     0.02267           0   0.0135208
   -0.02267  0.00839197  -0.0135208           0
Repeater1[0]<--->EndNode1[0]
REAL
   0.453104  -0.0145286  0.00700956    0.415616
 -0.0145286   0.0501982 -0.00590313  -0.0159015
 0.00700956 -0.00590313   0.0449141   0.0138446
   0.415616  -0.0159015   0.0138446    0.451783
IMAGINARY
           0     0.011787  -0.00236936   0.00282573
   -0.011787            0  0.000241753   -0.0280104
  0.00236936 -0.000241753            0  -0.00166043
 -0.00282573    0.0280104   0.00166043            0
Repeater1[0]<--->HoM1[0]
REAL
   0.444169 -0.00503955  0.00722691    0.406146
-0.00503955   0.0421836 -0.00205523  -0.0178052
 0.00722691 -0.00205523   0.0483871  -0.0083596
   0.406146  -0.0178052  -0.0083596    0.465261
IMAGINARY
          0  -0.0203718  0.00422709     0.02267
  0.0203718           0     0.02267   0.0135208
-0.00422709    -0.02267           0 -0.00839197
   -0.02267  -0.0135208  0.00839197           0
EndNode1[0]<--->Repeater1[0]
REAL
   0.466498  -0.0189778 -0.00542031    0.406098
 -0.0189778   0.0404551  0.00622766  -0.0117334
-0.00542031  0.00622766   0.0581542   0.0132599
   0.406098  -0.0117334   0.0132599    0.434893
IMAGINARY
           0  0.000748111   0.00736248    0.0039516
-0.000748111            0    0.0025929  -0.00801267
 -0.00736248   -0.0025929            0   -0.0118014
  -0.0039516   0.00801267    0.0118014            0
EndNode2[0]<--->HoM1[0]
REAL
   0.451527   0.0146403 6.93889e-18    0.407808
  0.0146403   0.0584329  0.00260074   0.0177866
6.93889e-18  0.00260074   0.0385126 -0.00475891
   0.407808   0.0177866 -0.00475891    0.451527
IMAGINARY
          0  -0.0080037   0.0073125  0.00626254
  0.0080037           0  0.00870752  0.00403596
 -0.0073125 -0.00870752           0 -0.00735011
-0.00626254 -0.00403596  0.00735011           0
Repeater1[0]<--->EndNode1[0]
REAL
   0.466498 -0.00542031  -0.0189778    0.406098
-0.00542031   0.0581542  0.00622766   0.0132599
 -0.0189778  0.00622766   0.0404551  -0.0117334
   0.406098   0.0132599  -0.0117334    0.434893
IMAGINARY
           0   0.00736248  0.000748111    0.0039516
 -0.00736248            0   -0.0025929   -0.0118014
-0.000748111    0.0025929            0  -0.00801267
  -0.0039516    0.0118014   0.00801267            0
Repeater1[0]<--->HoM1[0]
REAL
   0.451527 6.93889e-18   0.0146403    0.407808
6.93889e-18   0.0385126  0.00260074 -0.00475891
  0.0146403  0.00260074   0.0584329   0.0177866
   0.407808 -0.00475891   0.0177866    0.451527
IMAGINARY
          0   0.0073125  -0.0080037  0.00626254
 -0.0073125           0 -0.00870752 -0.00735011
  0.0080037  0.00870752           0  0.00403596
-0.00626254  0.00735011 -0.00403596           0
EndNode1[0]<--->Repeater1[0]
REAL
  0.451935 0.00487692  0.0140891   0.409674
0.00487692  0.0611735    0.01431  0.0140891
 0.0140891    0.01431  0.0399501  0.0233013
  0.409674  0.0140891  0.0233013   0.446941
IMAGINARY
           0  0.000635561   0.00644274  0.000489685
-0.000635561            0   0.00430648 -0.000482471
 -0.00644274  -0.00430648            0   -0.0132183
-0.000489685  0.000482471    0.0132183            0
EndNode2[0]<--->HoM1[0]
REAL
  0.454654 0.00377977  0.0188421   0.405382
0.00377977  0.0477327 -0.0110734  -0.012067
 0.0188421 -0.0110734  0.0596659 0.00570532
  0.405382  -0.012067 0.00570532   0.437947
IMAGINARY
          0 -0.00692827   0.0220716  0.00296181
 0.00692827           0  -0.0108358    -0.01954
 -0.0220716   0.0108358           0  -0.0082616
-0.00296181     0.01954   0.0082616           0
Repeater1[0]<--->EndNode1[0]
REAL
  0.451935  0.0140891 0.00487692   0.409674
 0.0140891  0.0399501    0.01431  0.0233013
0.00487692    0.01431  0.0611735  0.0140891
  0.409674  0.0233013  0.0140891   0.446941
IMAGINARY
           0   0.00644274  0.000635561  0.000489685
 -0.00644274            0  -0.00430648   -0.0132183
-0.000635561   0.00430648            0 -0.000482471
-0.000489685    0.0132183  0.000482471            0
Repeater1[0]<--->HoM1[0]
REAL
  0.454654  0.0188421 0.00377977   0.405382
 0.0188421  0.0596659 -0.0110734 0.00570532
0.00377977 -0.0110734  0.0477327  -0.012067
  0.405382 0.00570532  -0.012067   0.437947
IMAGINARY
          0   0.0220716 -0.00692827  0.00296181
 -0.0220716           0   0.0108358  -0.0082616
 0.00692827  -0.0108358           0    -0.01954
-0.00296181   0.0082616     0.01954           0
EndNode1[0]<--->Repeater1[0]
REAL
   0.427481 -0.00219842 -0.00213704     0.40345
-0.00219842    0.043257  0.00748119  0.00686039
-0.00213704  0.00748119    0.043257  0.00152366
    0.40345  0.00686039  0.00152366    0.486005
IMAGINARY
          0 -0.00418007   0.0118288   0.0110005
 0.00418007           0    0.016704  -0.0150798
 -0.0118288   -0.016704           0   0.0100318
 -0.0110005   0.0150798  -0.0100318           0
EndNode2[0]<--->HoM1[0]
REAL
  0.451005 -0.0240707 -0.0043757   0.396802
-0.0240707  0.0464824 -0.0150405 -0.0302155
-0.0043757 -0.0150405  0.0439698 -0.0105205
  0.396802 -0.0302155 -0.0105205   0.458543
IMAGINARY
           0   -0.0184671  -0.00169672    0.0172114
   0.0184671            0 -0.000343898   0.00959146
  0.00169672  0.000343898            0  -0.00126969
  -0.0172114  -0.00959146   0.00126969            0
Repeater1[0]<--->EndNode1[0]
REAL
   0.427481 -0.00213704 -0.00219842     0.40345
-0.00213704    0.043257  0.00748119  0.00152366
-0.00219842  0.00748119    0.043257  0.00686039
    0.40345  0.00152366  0.00686039    0.486005
IMAGINARY
          0   0.0118288 -0.00418007   0.0110005
 -0.0118288           0   -0.016704   0.0100318
 0.00418007    0.016704           0  -0.0150798
 -0.0110005  -0.0100318   0.0150798           0
Repeater1[0]<--->HoM1[0]
REAL
  0.451005 -0.0043757 -0.0240707   0.396802
-0.0043757  0.0439698 -0.0150405 -0.0105205
-0.0240707 -0.0150405  0.0464824 -0.0302155
  0.396802 -0.0105205 -0.0302155   0.458543
IMAGINARY
           0  -0.00169672   -0.0184671    0.0172114
  0.00169672            0  0.000343898  -0.00126969
   0.0184671 -0.000343898            0   0.00959146
  -0.0172114   0.00126969  -0.00959146            0
EndNode1[0]<--->Repeater1[0]
REAL
   0.452536 -0.00713453  -0.0145354    0.412499
-0.00713453   0.0611183  0.00538189   0.0112242
 -0.0145354  0.00538189   0.0559168   0.0117703
   0.412499   0.0112242   0.0117703    0.430429
IMAGINARY
          0   0.0232416 -0.00827839 -0.00942403
 -0.0232416           0   0.0137719  -0.0116251
 0.00827839  -0.0137719           0  0.00751834
 0.00942403   0.0116251 -0.00751834           0
EndNode2[0]<--->HoM1[0]
REAL
     0.4275   0.0114245 0.000159209    0.406278
  0.0114245      0.0475  -0.0145397  -0.0201022
0.000159209  -0.0145397     0.05125  -0.0085755
   0.406278  -0.0201022  -0.0085755     0.47375
IMAGINARY
          0  -0.0186961   0.0065697 -0.00279151
  0.0186961           0 -0.00582918   0.0157802
 -0.0065697  0.00582918           0 -0.00876236
 0.00279151  -0.0157802  0.00876236           0
Repeater1[0]<--->EndNode1[0]
REAL
   0.452536  -0.0145354 -0.00713453    0.412499
 -0.0145354   0.0559168  0.00538189   0.0117703
-0.00713453  0.00538189   0.0611183   0.0112242
   0.412499   0.0117703   0.0112242    0.430429
IMAGINARY
          0 -0.00827839   0.0232416 -0.00942403
 0.00827839           0  -0.0137719  0.00751834
 -0.0232416   0.0137719           0  -0.0116251
 0.00942403 -0.00751834   0.0116251           0
Repeater1[0]<--->HoM1[0]
REAL
     0.4275 0.000159209   0.0114245    0.406278
0.000159209     0.05125  -0.0145397  -0.0085755
  0.0114245  -0.0145397      0.0475  -0.0201022
   0.406278  -0.0085755  -0.0201022     0.47375
IMAGINARY
          0   0.0065697  -0.0186961 -0.00279151
 -0.0065697           0  0.00582918 -0.00876236
  0.0186961 -0.00582918           0   0.0157802
 0.00279151  0.00876236  -0.0157802           0
EndNode1[0]<--->Repeater1[0]
REAL
   0.416357 -0.00846237   0.0122844    0.419239
-0.00846237   0.0545229 -0.00506427  -0.0168358
  0.0122844 -0.00506427   0.0408922 -0.00909289
   0.419239  -0.0168358 -0.00909289    0.488228
IMAGINARY
           0  0.000390244  -0.00886219   0.00721962
-0.000390244            0  -0.00526395   0.00819818
  0.00886219   0.00526395            0   -0.0143345
 -0.00721962  -0.00819818    0.0143345            0
EndNode2[0]<--->HoM1[0]
REAL
    0.470899   0.00483871  0.000847437     0.403536
  0.00483871    0.0449735 -0.000310174    0.0204429
 0.000847437 -0.000310174    0.0304233   0.00483871
    0.403536    0.0204429   0.00483871     0.453704
IMAGINARY
           0  -0.00956332   0.00402483  -0.00476596
  0.00956332            0   -0.0140008    0.0113598
 -0.00402483    0.0140008            0  0.000588963
  0.00476596   -0.0113598 -0.000588963            0
Repeater1[0]<--->EndNode1[0]
REAL
   0.416357   0.0122844 -0.00846237    0.419239
  0.0122844   0.0408922 -0.00506427 -0.00909289
-0.00846237 -0.00506427   0.0545229  -0.0168358
   0.419239 -0.00909289  -0.0168358    0.488228
IMAGINARY
           0  -0.00886219  0.000390244   0.00721962
  0.00886219            0   0.00526395   -0.0143345
-0.000390244  -0.00526395            0   0.00819818
 -0.00721962    0.0143345  -0.00819818            0
Repeater1[0]<--->HoM1[0]
REAL
    0.470899  0.000847437   0.00483871     0.403536
 0.000847437    0.0304233 -0.000310174   0.00483871
  0.00483871 -0.000310174    0.0449735    0.0204429
    0.403536   0.00483871    0.0204429     0.453704
IMAGINARY
           0   0.00402483  -0.00956332  -0.00476596
 -0.00402483            0    0.0140008  0.000588963
  0.00956332   -0.0140008            0    0.0113598
  0.00476596 -0.000588963   -0.0113598            0
EndNode1[0]<--->Repeater1[0]
REAL
     0.44186 -0.000563797    0.0173538      0.40804
-0.000563797    0.0387597   0.00982148   0.00155102
   0.0173538   0.00982148    0.0439276    0.0129497
     0.40804   0.00155102    0.0129497     0.475452
IMAGINARY
           0  -0.00365518  0.000299645  -0.00998406
  0.00365518            0   0.00807323   0.00351715
-0.000299645  -0.00807323            0     0.012561
  0.00998406  -0.00351715    -0.012561            0
EndNode2[0]<--->HoM1[0]
REAL
   0.444149  0.00148215  0.00886703    0.402809
 0.00148215   0.0345745   0.0107041 -0.00751567
 0.00886703   0.0107041   0.0585106 -0.00283351
   0.402809 -0.00751567 -0.00283351    0.462766
IMAGINARY
          0  -0.0106786 -0.00300242    0.001087
  0.0106786           0  -0.0043808   0.0253708
 0.00300242   0.0043808           0 -0.00379504
  -0.001087  -0.0253708  0.00379504           0
Repeater1[0]<--->EndNode1[0]
REAL
     0.44186    0.0173538 -0.000563797      0.40804
   0.0173538    0.0439276   0.00982148    0.0129497
-0.000563797   0.00982148    0.0387597   0.00155102
     0.40804    0.0129497   0.00155102     0.475452
IMAGINARY
           0  0.000299645  -0.00365518  -0.00998406
-0.000299645            0  -0.00807323     0.012561
  0.00365518   0.00807323            0   0.00351715
  0.00998406    -0.012561  -0.00351715            0
Repeater1[0]<--->HoM1[0]
REAL
   0.444149  0.00886703  0.00148215    0.402809
 0.00886703   0.0585106   0.0107041 -0.00283351
 0.00148215   0.0107041   0.0345745 -0.00751567
   0.402809 -0.00283351 -0.00751567    0.462766
IMAGINARY
          0 -0.00300242  -0.0106786    0.001087
 0.00300242           0   0.0043808 -0.00379504
  0.0106786  -0.0043808           0   0.0253708
  -0.001087  0.00379504  -0.0253708           0
EndNode1[0]<--->Repeater1[0]
REAL
   0.460123  0.00925052 -0.00352689    0.405827
 0.00925052   0.0503067  0.00794399   0.0183274
-0.00352689  0.00794399   0.0417178  0.00426299
   0.405827   0.0183274  0.00426299    0.447853
IMAGINARY
          0   0.0125104 -0.00767644  -0.0119681
 -0.0125104           0   0.0048713  -0.0178528
 0.00767644  -0.0048713           0   0.0229816
  0.0119681   0.0178528  -0.0229816           0
EndNode2[0]<--->HoM1[0]
REAL
   0.462483  -0.0189243  -0.0292879    0.400396
 -0.0189243    0.047749 2.61079e-06 -0.00988869
 -0.0292879 2.61079e-06   0.0409277  -0.0189243
   0.400396 -0.00988869  -0.0189243     0.44884
IMAGINARY
          0   0.0146924 -0.00751425   0.0213082
 -0.0146924           0  -0.0188928  0.00816956
 0.00751425   0.0188928           0  -0.0153477
 -0.0213082 -0.00816956   0.0153477           0
Repeater1[0]<--->EndNode1[0]
REAL
   0.460123 -0.00352689  0.00925052    0.405827
-0.00352689   0.0417178  0.00794399  0.00426299
 0.00925052  0.00794399   0.0503067   0.0183274
   0.405827  0.00426299   0.0183274    0.447853
IMAGINARY
          0 -0.00767644   0.0125104  -0.0119681
 0.00767644           0  -0.0048713   0.0229816
 -0.0125104   0.0048713           0  -0.0178528
  0.0119681  -0.0229816   0.0178528           0
Repeater1[0]<--->HoM1[0]
REAL
   0.462483  -0.0292879  -0.0189243    0.400396
 -0.0292879   0.0409277 2.61079e-06  -0.0189243
 -0.0189243 2.61079e-06    0.047749 -0.00988869
   0.400396  -0.0189243 -0.00988869     0.44884
IMAGINARY
          0 -0.00751425   0.0146924   0.0213082
 0.00751425           0   0.0188928  -0.0153477
 -0.0146924  -0.0188928           0  0.00816956
 -0.0213082   0.0153477 -0.00816956           0
EndNode1[0]<--->Repeater1[0]
REAL
   0.470291 -0.00466378  0.00697401    0.406158
-0.00466378   0.0581542 -0.00293255  0.00171085
 0.00697401 -0.00293255   0.0543616   0.0133486
   0.406158  0.00171085   0.0133486    0.417193
IMAGINARY
          0  -0.0105737  0.00535683  0.00822514
  0.0105737           0  -0.0131756  0.00210586
-0.00535683   0.0131756           0   0.0153227
-0.00822514 -0.00210586  -0.0153227           0
EndNode2[0]<--->HoM1[0]
REAL
   0.465806 -0.00997623 -0.00423474    0.398247
-0.00997623   0.0464516   0.0106069 0.000328492
-0.00423474   0.0106069   0.0451613  0.00606998
   0.398247 0.000328492  0.00606998    0.442581
IMAGINARY
          0  -0.0189646   0.0191664  0.00382699
  0.0189646           0  -0.0192116 -0.00356089
 -0.0191664   0.0192116           0 -0.00163467
-0.00382699  0.00356089  0.00163467           0
Repeater1[0]<--->EndNode1[0]
REAL
   0.470291  0.00697401 -0.00466378    0.406158
 0.00697401   0.0543616 -0.00293255   0.0133486
-0.00466378 -0.00293255   0.0581542  0.00171085
   0.406158   0.0133486  0.00171085    0.417193
IMAGINARY
          0  0.00535683  -0.0105737  0.00822514
-0.00535683           0   0.0131756   0.0153227
  0.0105737  -0.0131756           0  0.00210586
-0.00822514  -0.0153227 -0.00210586           0
Repeater1[0]<--->HoM1[0]
REAL
   0.465806 -0.00423474 -0.00997623    0.398247
-0.00423474   0.0451613   0.0106069  0.00606998
-0.00997623   0.0106069   0.0464516 0.000328492
   0.398247  0.00606998 0.000328492    0.442581
IMAGINARY
          0   0.0191664  -0.0189646  0.00382699
 -0.0191664           0   0.0192116 -0.00163467
  0.0189646  -0.0192116           0 -0.00356089
-0.00382699  0.00163467  0.00356089           0
EndNode1[0]<--->Repeater1[0]
REAL
  0.438356  0.0152253  0.0115715   0.397405
 0.0152253  0.0560399 -0.0164526   0.028111
 0.0115715 -0.0164526  0.0535492  0.0165207
  0.397405   0.028111  0.0165207   0.452055
IMAGINARY
          0   0.0007193  0.00790628  -0.0227776
 -0.0007193           0   0.0214583 -0.00728206
-0.00790628  -0.0214583           0 -0.00259196
  0.0227776  0.00728206  0.00259196           0
EndNode2[0]<--->HoM1[0]
REAL
   0.446694 -0.00660912    0.022194    0.411992
-0.00660912   0.0350877 -0.00816997 -0.00554791
   0.022194 -0.00816997   0.0499325   0.0133909
   0.411992 -0.00554791   0.0133909    0.468286
IMAGINARY
           0 -0.000627691  -0.00959519    0.0100364
 0.000627691            0    0.0208278     0.011625
  0.00959519   -0.0208278            0   0.00265746
  -0.0100364    -0.011625  -0.00265746            0
Repeater1[0]<--->EndNode1[0]
REAL
  0.438356  0.0115715  0.0152253   0.397405
 0.0115715  0.0535492 -0.0164526  0.0165207
 0.0152253 -0.0164526  0.0560399   0.028111
  0.397405  0.0165207   0.028111   0.452055
IMAGINARY
          0  0.00790628   0.0007193  -0.0227776
-0.00790628           0  -0.0214583 -0.00259196
 -0.0007193   0.0214583           0 -0.00728206
  0.0227776  0.00259196  0.00728206           0
Repeater1[0]<--->HoM1[0]
REAL
   0.446694    0.022194 -0.00660912    0.411992
   0.022194   0.0499325 -0.00816997   0.0133909
-0.00660912 -0.00816997   0.0350877 -0.00554791
   0.411992   0.0133909 -0.00554791    0.468286
IMAGINARY
           0  -0.00959519 -0.000627691    0.0100364
  0.00959519            0   -0.0208278   0.00265746
 0.000627691    0.0208278            0     0.011625
  -0.0100364  -0.00265746    -0.011625            0
EndNode1[0]<--->Repeater1[0]
REAL
   0.438231   0.0279886   0.0104994    0.416253
  0.0279886   0.0481144 -0.00612688   0.0173487
  0.0104994 -0.00612688   0.0481144 -0.00900123
   0.416253   0.0173487 -0.00900123     0.46554
IMAGINARY
         0 -0.0209955  0.0254882 -0.0164929
 0.0209955          0  0.0289617  0.0191431
-0.0254882 -0.0289617          0 -0.0313977
 0.0164929 -0.0191431  0.0313977          0
EndNode2[0]<--->HoM1[0]
REAL
    0.409207    0.0129434 -0.000868961      0.40802
   0.0129434    0.0485934  -0.00200533    0.0246785
-0.000868961  -0.00200533    0.0677749   0.00710677
     0.40802    0.0246785   0.00710677     0.474425
IMAGINARY
          0  0.00831427 -0.00894588  -0.0184433
-0.00831427           0  0.00313034  -0.0116197
 0.00894588 -0.00313034           0   0.0122513
  0.0184433   0.0116197  -0.0122513           0
Repeater1[0]<--->EndNode1[0]
REAL
   0.438231   0.0104994   0.0279886    0.416253
  0.0104994   0.0481144 -0.00612688 -0.00900123
  0.0279886 -0.00612688   0.0481144   0.0173487
   0.416253 -0.00900123   0.0173487     0.46554
IMAGINARY
         0  0.0254882 -0.0209955 -0.0164929
-0.0254882          0 -0.0289617 -0.0313977
 0.0209955  0.0289617          0  0.0191431
 0.0164929  0.0313977 -0.0191431          0
Repeater1[0]<--->HoM1[0]
REAL
    0.409207 -0.000868961    0.0129434      0.40802
-0.000868961    0.0677749  -0.00200533   0.00710677
   0.0129434  -0.00200533    0.0485934    0.0246785
     0.40802   0.00710677    0.0246785     0.474425
IMAGINARY
          0 -0.00894588  0.00831427  -0.0184433
 0.00894588           0 -0.00313034   0.0122513
-0.00831427  0.00313034           0  -0.0116197
  0.0184433  -0.0122513   0.0116197           0
EndNode1[0]<--->Repeater1[0]
REAL
   0.428384   -0.012939  0.00238527    0.402952
  -0.012939   0.0407359 -0.00737435  -0.0122133
 0.00238527 -0.00737435   0.0446781 -0.00303149
   0.402952  -0.0122133 -0.00303149    0.486202
IMAGINARY
           0 -0.000191611   0.00282466  -0.00735218
 0.000191611            0    0.0253934    0.0094036
 -0.00282466   -0.0253934            0  -0.00660187
  0.00735218   -0.0094036   0.00660187            0
EndNode2[0]<--->HoM1[0]
REAL
    0.45679 -0.00502781 -0.00419771     0.41092
-0.00502781   0.0555556   0.0145541   0.0245229
-0.00419771   0.0145541   0.0444444    0.021288
    0.41092   0.0245229    0.021288     0.44321
IMAGINARY
           0    0.0288588  -0.00837732  0.000259721
  -0.0288588            0   0.00218527   -0.0151758
  0.00837732  -0.00218527            0  -0.00395974
-0.000259721    0.0151758   0.00395974            0
Repeater1[0]<--->EndNode1[0]
REAL
   0.428384  0.00238527   -0.012939    0.402952
 0.00238527   0.0446781 -0.00737435 -0.00303149
  -0.012939 -0.00737435   0.0407359  -0.0122133
   0.402952 -0.00303149  -0.0122133    0.486202
IMAGINARY
           0   0.00282466 -0.000191611  -0.00735218
 -0.00282466            0   -0.0253934  -0.00660187
 0.000191611    0.0253934            0    0.0094036
  0.00735218   0.00660187   -0.0094036            0
Repeater1[0]<--->HoM1[0]
REAL
    0.45679 -0.00419771 -0.00502781     0.41092
-0.00419771   0.0444444   0.0145541    0.021288
-0.00502781   0.0145541   0.0555556   0.0245229
    0.41092    0.021288   0.0245229     0.44321
IMAGINARY
           0  -0.00837732    0.0288588  0.000259721
  0.00837732            0  -0.00218527  -0.00395974
  -0.0288588   0.00218527            0   -0.0151758
-0.000259721   0.00395974    0.0151758            0
EndNode1[0]<--->Repeater1[0]
REAL
   0.412678   0.0169898  -0.0127538     0.41676
  0.0169898   0.0478655 -0.00867226   0.0103028
 -0.0127538 -0.00867226   0.0608021  -0.0133133
    0.41676   0.0103028  -0.0133133    0.478655
IMAGINARY
           0  -0.00636528  -0.00607737   -0.0101367
  0.00636528            0   -0.0192751   0.00674315
  0.00607737    0.0192751            0  0.000373267
   0.0101367  -0.00674315 -0.000373267            0
EndNode2[0]<--->HoM1[0]
REAL
   0.438374 -0.00460935   0.0116714     0.39394
-0.00460935   0.0635324  0.00419653   -0.014777
  0.0116714  0.00419653   0.0546379  -0.0158875
    0.39394   -0.014777  -0.0158875    0.443456
IMAGINARY
           0      0.01746   0.00467033    0.0134423
    -0.01746            0 -0.000511227  -0.00723443
 -0.00467033  0.000511227            0  -0.00463947
  -0.0134423   0.00723443   0.00463947            0
Repeater1[0]<--->EndNode1[0]
REAL
   0.412678  -0.0127538   0.0169898     0.41676
 -0.0127538   0.0608021 -0.00867226  -0.0133133
  0.0169898 -0.00867226   0.0478655   0.0103028
    0.41676  -0.0133133   0.0103028    0.478655
IMAGINARY
           0  -0.00607737  -0.00636528   -0.0101367
  0.00607737            0    0.0192751  0.000373267
  0.00636528   -0.0192751            0   0.00674315
   0.0101367 -0.000373267  -0.00674315            0
Repeater1[0]<--->HoM1[0]
REAL
   0.438374   0.0116714 -0.00460935     0.39394
  0.0116714   0.0546379  0.00419653  -0.0158875
-0.00460935  0.00419653   0.0635324   -0.014777
    0.39394  -0.0158875   -0.014777    0.443456
IMAGINARY
           0   0.00467033      0.01746    0.0134423
 -0.00467033            0  0.000511227  -0.00463947
    -0.01746 -0.000511227            0  -0.00723443
  -0.0134423   0.00463947   0.00723443            0
EndNode1[0]<--->Repeater1[0]
REAL
    0.473616  -0.00411161  -0.00484723     0.385822
 -0.00411161    0.0579151 -0.000316566  -0.00550599
 -0.00484723 -0.000316566     0.045045   0.00593865
    0.385822  -0.00550599   0.00593865     0.423423
IMAGINARY
          0  -0.0176018  0.00960507  0.00907791
  0.0176018           0   0.0148583  0.00524642
-0.00960507  -0.0148583           0    0.010176
-0.00907791 -0.00524642   -0.010176           0
EndNode2[0]<--->HoM1[0]
REAL
   0.426184   -0.016655  -0.0167688    0.424037
  -0.016655   0.0529248 -0.00295159  0.00628788
 -0.0167688 -0.00295159   0.0501393 -0.00615633
   0.424037  0.00628788 -0.00615633    0.470752
IMAGINARY
          0  -0.0136897   0.0196473   -0.025013
  0.0136897           0 -0.00372265 -0.00726136
 -0.0196473  0.00372265           0    0.011734
   0.025013  0.00726136   -0.011734           0
Repeater1[0]<--->EndNode1[0]
REAL
    0.473616  -0.00484723  -0.00411161     0.385822
 -0.00484723     0.045045 -0.000316566   0.00593865
 -0.00411161 -0.000316566    0.0579151  -0.00550599
    0.385822   0.00593865  -0.00550599     0.423423
IMAGINARY
          0  0.00960507  -0.0176018  0.00907791
-0.00960507           0  -0.0148583    0.010176
  0.0176018   0.0148583           0  0.00524642
-0.00907791   -0.010176 -0.00524642           0
Repeater1[0]<--->HoM1[0]
REAL
   0.426184  -0.0167688   -0.016655    0.424037
 -0.0167688   0.0501393 -0.00295159 -0.00615633
  -0.016655 -0.00295159   0.0529248  0.00628788
   0.424037 -0.00615633  0.00628788    0.470752
IMAGINARY
          0   0.0196473  -0.0136897   -0.025013
 -0.0196473           0  0.00372265    0.011734
  0.0136897 -0.00372265           0 -0.00726136
   0.025013   -0.011734  0.00726136           0
EndNode1[0]<--->Repeater1[0]
REAL
   0.460836 -0.00446635  -0.0115608      0.3975
-0.00446635    0.037859   0.0046879  0.00705626
 -0.0115608   0.0046879   0.0456919 -0.00776016
     0.3975  0.00705626 -0.00776016    0.455614
IMAGINARY
          0  0.00476488 -0.00882487 -0.00250881
-0.00476488           0 -0.00508613 -0.00819909
 0.00882487  0.00508613           0 -0.00665644
 0.00250881  0.00819909  0.00665644           0
EndNode2[0]<--->HoM1[0]
REAL
   0.486989  -0.0155993  -0.0322364    0.397032
 -0.0155993   0.0446097 -0.00828548 -0.00612676
 -0.0322364 -0.00828548    0.039653 -0.00613984
   0.397032 -0.00612676 -0.00613984    0.428748
IMAGINARY
          0  0.00227483  -0.0109047  0.00757329
-0.00227483           0  0.00254817   0.0102562
  0.0109047 -0.00254817           0 -0.00551737
-0.00757329  -0.0102562  0.00551737           0
Repeater1[0]<--->EndNode1[0]
REAL
   0.460836  -0.0115608 -0.00446635      0.3975
 -0.0115608   0.0456919   0.0046879 -0.00776016
-0.00446635   0.0046879    0.037859  0.00705626
     0.3975 -0.00776016  0.00705626    0.455614
IMAGINARY
          0 -0.00882487  0.00476488 -0.00250881
 0.00882487           0  0.00508613 -0.00665644
-0.00476488 -0.00508613           0 -0.00819909
 0.00250881  0.00665644  0.00819909           0
Repeater1[0]<--->HoM1[0]
REAL
   0.486989  -0.0322364  -0.0155993    0.397032
 -0.0322364    0.039653 -0.00828548 -0.00613984
 -0.0155993 -0.00828548   0.0446097 -0.00612676
   0.397032 -0.00613984 -0.00612676    0.428748
IMAGINARY
          0  -0.0109047  0.00227483  0.00757329
  0.0109047           0 -0.00254817 -0.00551737
-0.00227483  0.00254817           0   0.0102562
-0.00757329  0.00551737  -0.0102562           0
EndNode1[0]<--->Repeater1[0]
REAL
   0.457405    0.002531  0.00975461    0.392937
   0.002531   0.0445609 -0.00160424  -0.0104014
 0.00975461 -0.00160424   0.0550459 -0.00835248
   0.392937  -0.0104014 -0.00835248    0.442988
IMAGINARY
           0   -0.0194137  -0.00127652   -0.0123644
   0.0194137            0    0.0277096  3.58206e-05
  0.00127652   -0.0277096            0    0.0144509
   0.0123644 -3.58206e-05   -0.0144509            0
EndNode2[0]<--->HoM1[0]
REAL
   0.462912 -0.00854741  -0.0202864    0.398054
-0.00854741   0.0563187   0.0149895   0.0038174
 -0.0202864   0.0149895   0.0467033 -0.00792163
   0.398054   0.0038174 -0.00792163    0.434066
IMAGINARY
          0  0.00501522 -0.00211606 -0.00281602
-0.00501522           0  0.00281602  0.00346015
 0.00211606 -0.00281602           0   0.0030493
 0.00281602 -0.00346015  -0.0030493           0
Repeater1[0]<--->EndNode1[0]
REAL
   0.457405  0.00975461    0.002531    0.392937
 0.00975461   0.0550459 -0.00160424 -0.00835248
   0.002531 -0.00160424   0.0445609  -0.0104014
   0.392937 -0.00835248  -0.0104014    0.442988
IMAGINARY
           0  -0.00127652   -0.0194137   -0.0123644
  0.00127652            0   -0.0277096    0.0144509
   0.0194137    0.0277096            0  3.58206e-05
   0.0123644   -0.0144509 -3.58206e-05            0
Repeater1[0]<--->HoM1[0]
REAL
   0.462912  -0.0202864 -0.00854741    0.398054
 -0.0202864   0.0467033   0.0149895 -0.00792163
-0.00854741   0.0149895   0.0563187   0.0038174
   0.398054 -0.00792163   0.0038174    0.434066
IMAGINARY
          0 -0.00211606  0.00501522 -0.00281602
 0.00211606           0 -0.00281602   0.0030493
-0.00501522  0.00281602           0  0.00346015
 0.00281602  -0.0030493 -0.00346015           0
EndNode1[0]<--->Repeater1[0]
REAL
   0.448363 1.66266e-05 0.000128781    0.411282
1.66266e-05   0.0415617   0.0112817  -0.0234933
0.000128781   0.0112817   0.0516373  -0.0180407
   0.411282  -0.0234933  -0.0180407    0.458438
IMAGINARY
          0 -0.00528038  0.00737794  -0.0095322
 0.00528038           0  -0.0120963  -0.0113253
-0.00737794   0.0120963           0  -0.0118249
  0.0095322   0.0113253   0.0118249           0
EndNode2[0]<--->HoM1[0]
REAL
    0.461832 -0.000202674    0.0198462     0.391512
-0.000202674    0.0547074 -0.000207699  -0.00218316
   0.0198462 -0.000207699    0.0445293   0.00427876
    0.391512  -0.00218316   0.00427876     0.438931
IMAGINARY
          0    0.020451 -0.00352132  0.00997034
  -0.020451           0  0.00467934 -0.00475894
 0.00352132 -0.00467934           0  0.00693751
-0.00997034  0.00475894 -0.00693751           0
Repeater1[0]<--->EndNode1[0]
REAL
   0.448363 0.000128781 1.66266e-05    0.411282
0.000128781   0.0516373   0.0112817  -0.0180407
1.66266e-05   0.0112817   0.0415617  -0.0234933
   0.411282  -0.0180407  -0.0234933    0.458438
IMAGINARY
          0  0.00737794 -0.00528038  -0.0095322
-0.00737794           0   0.0120963  -0.0118249
 0.00528038  -0.0120963           0  -0.0113253
  0.0095322   0.0118249   0.0113253           0
Repeater1[0]<--->HoM1[0]
REAL
    0.461832    0.0198462 -0.000202674     0.391512
   0.0198462    0.0445293 -0.000207699   0.00427876
-0.000202674 -0.000207699    0.0547074  -0.00218316
    0.391512   0.00427876  -0.00218316     0.438931
IMAGINARY
          0 -0.00352132    0.020451  0.00997034
 0.00352132           0 -0.00467934  0.00693751
  -0.020451  0.00467934           0 -0.00475894
-0.00997034 -0.00693751  0.00475894           0
EndNode1[0]<--->Repeater1[0]
REAL
   0.468057  0.00331238 -0.00553301    0.406971
 0.00331238   0.0456323  0.00812335   0.0163147
-0.00553301  0.00812335   0.0430248 -0.00196467
   0.406971   0.0163147 -0.00196467    0.443286
IMAGINARY
          0  0.00453581 -0.00666921   0.0203379
-0.00453581           0 -0.00570376  0.00987023
 0.00666921  0.00570376           0  -0.0166997
 -0.0203379 -0.00987023   0.0166997           0
EndNode2[0]<--->HoM1[0]
REAL
   0.450131 -0.00145649  -0.0023464     0.40582
-0.00145649   0.0472441 -0.00351334  -0.0119005
 -0.0023464 -0.00351334   0.0367454 -0.00464934
    0.40582  -0.0119005 -0.00464934    0.465879
IMAGINARY
          0   0.0131089 -0.00233901  0.00872043
 -0.0131089           0 -0.00250152 -0.00299432
 0.00233901  0.00250152           0 -0.00777559
-0.00872043  0.00299432  0.00777559           0
Repeater1[0]<--->EndNode1[0]
REAL
   0.468057 -0.00553301  0.00331238    0.406971
-0.00553301   0.0430248  0.00812335 -0.00196467
 0.00331238  0.00812335   0.0456323   0.0163147
   0.406971 -0.00196467   0.0163147    0.443286
IMAGINARY
          0 -0.00666921  0.00453581   0.0203379
 0.00666921           0  0.00570376  -0.0166997
-0.00453581 -0.00570376           0  0.00987023
 -0.0203379   0.0166997 -0.00987023           0
Repeater1[0]<--->HoM1[0]
REAL
   0.450131  -0.0023464 -0.00145649     0.40582
 -0.0023464   0.0367454 -0.00351334 -0.00464934
-0.00145649 -0.00351334   0.0472441  -0.0119005
    0.40582 -0.00464934  -0.0119005    0.465879
IMAGINARY
          0 -0.00233901   0.0131089  0.00872043
 0.00233901           0  0.00250152 -0.00777559
 -0.0131089 -0.00250152           0 -0.00299432
-0.00872043  0.00777559  0.00299432           0
EndNode1[0]<--->Repeater1[0]
REAL
   0.456962  -0.0188724  0.00933092    0.409034
 -0.0188724   0.0405063 -0.00631009  -0.0242466
 0.00933092 -0.00631009   0.0468354 -0.00512241
   0.409034  -0.0242466 -0.00512241    0.455696
IMAGINARY
          0 -0.00866839  0.00146653 -0.00511236
 0.00866839           0  0.00577112 -0.00940304
-0.00146653 -0.00577112           0   0.0192504
 0.00511236  0.00940304  -0.0192504           0
EndNode2[0]<--->HoM1[0]
REAL
   0.43949 -0.0273111 -0.0328755   0.389419
-0.0273111  0.0471338 0.00257641  -0.024939
-0.0328755 0.00257641  0.0420382 -0.0266915
  0.389419  -0.024939 -0.0266915   0.471338
IMAGINARY
          0   0.0128099  -0.0378247 -0.00413843
 -0.0128099           0   0.0126574 -0.00164899
  0.0378247  -0.0126574           0   0.0266638
 0.00413843  0.00164899  -0.0266638           0
Repeater1[0]<--->EndNode1[0]
REAL
   0.456962  0.00933092  -0.0188724    0.409034
 0.00933092   0.0468354 -0.00631009 -0.00512241
 -0.0188724 -0.00631009   0.0405063  -0.0242466
   0.409034 -0.00512241  -0.0242466    0.455696
IMAGINARY
          0  0.00146653 -0.00866839 -0.00511236
-0.00146653           0 -0.00577112   0.0192504
 0.00866839  0.00577112           0 -0.00940304
 0.00511236  -0.0192504  0.00940304           0
Repeater1[0]<--->HoM1[0]
REAL
   0.43949 -0.0328755 -0.0273111   0.389419
-0.0328755  0.0420382 0.00257641 -0.0266915
-0.0273111 0.00257641  0.0471338  -0.024939
  0.389419 -0.0266915  -0.024939   0.471338
IMAGINARY
          0  -0.0378247   0.0128099 -0.00413843
  0.0378247           0  -0.0126574   0.0266638
 -0.0128099   0.0126574           0 -0.00164899
 0.00413843  -0.0266638  0.00164899           0
EndNode1[0]<--->Repeater1[0]
REAL
   0.464103   0.0171609   0.0137194    0.395507
  0.0171609   0.0461538 0.000912421    0.011856
  0.0137194 0.000912421   0.0435897  0.00713581
   0.395507    0.011856  0.00713581    0.446154
IMAGINARY
          0   0.0306306  -0.0228835 -0.00836269
 -0.0306306           0   0.0123627  -0.0298192
  0.0228835  -0.0123627           0    0.013964
 0.00836269   0.0298192   -0.013964           0
EndNode2[0]<--->HoM1[0]
REAL
  0.452528  0.0130241 0.00168041   0.405584
 0.0130241  0.0431566 0.00996552  0.0184268
0.00168041 0.00996552  0.0505549 -0.0130241
  0.405584  0.0184268 -0.0130241   0.453761
IMAGINARY
          0  0.00265382   0.0214568   -0.026156
-0.00265382           0    0.012406   0.0068937
 -0.0214568   -0.012406           0 -0.00394248
   0.026156  -0.0068937  0.00394248           0
Repeater1[0]<--->EndNode1[0]
REAL
   0.464103   0.0137194   0.0171609    0.395507
  0.0137194   0.0435897 0.000912421  0.00713581
  0.0171609 0.000912421   0.0461538    0.011856
   0.395507  0.00713581    0.011856    0.446154
IMAGINARY
          0  -0.0228835   0.0306306 -0.00836269
  0.0228835           0  -0.0123627    0.013964
 -0.0306306   0.0123627           0  -0.0298192
 0.00836269   -0.013964   0.0298192           0
Repeater1[0]<--->HoM1[0]
REAL
  0.452528 0.00168041  0.0130241   0.405584
0.00168041  0.0505549 0.00996552 -0.0130241
 0.0130241 0.00996552  0.0431566  0.0184268
  0.405584 -0.0130241  0.0184268   0.453761
IMAGINARY
          0   0.0214568  0.00265382   -0.026156
 -0.0214568           0   -0.012406 -0.00394248
-0.00265382    0.012406           0   0.0068937
   0.026156  0.00394248  -0.0068937           0
EndNode1[0]<--->Repeater1[0]
REAL
    0.459635  -0.00802205  -0.00451744     0.415856
 -0.00802205    0.0507812    0.0104337 -0.000396563
 -0.00451744    0.0104337    0.0442708  -0.00671997
    0.415856 -0.000396563  -0.00671997     0.445312
IMAGINARY
           0  -0.00302755   0.00343632  0.000712306
  0.00302755            0   -0.0105162   0.00728247
 -0.00343632    0.0105162            0   -0.0266068
-0.000712306  -0.00728247    0.0266068            0
EndNode2[0]<--->HoM1[0]
REAL
       0.44 -0.00101338 -0.00225293     0.40487
-0.00101338     0.04875 -0.00474229 -0.00606973
-0.00225293 -0.00474229      0.0475  0.00293399
    0.40487 -0.00606973  0.00293399     0.46375
IMAGINARY
          0   0.0105505 -0.00649966 -0.00534934
 -0.0105505           0  -0.0233442 -0.00713018
 0.00649966   0.0233442           0  0.00164463
 0.00534934  0.00713018 -0.00164463           0
Repeater1[0]<--->EndNode1[0]
REAL
    0.459635  -0.00451744  -0.00802205     0.415856
 -0.00451744    0.0442708    0.0104337  -0.00671997
 -0.00802205    0.0104337    0.0507812 -0.000396563
    0.415856  -0.00671997 -0.000396563     0.445312
IMAGINARY
           0   0.00343632  -0.00302755  0.000712306
 -0.00343632            0    0.0105162   -0.0266068
  0.00302755   -0.0105162            0   0.00728247
-0.000712306    0.0266068  -0.00728247            0
Repeater1[0]<--->HoM1[0]
REAL
       0.44 -0.00225293 -0.00101338     0.40487
-0.00225293      0.0475 -0.00474229  0.00293399
-0.00101338 -0.00474229     0.04875 -0.00606973
    0.40487  0.00293399 -0.00606973     0.46375
IMAGINARY
          0 -0.00649966   0.0105505 -0.00534934
 0.00649966           0   0.0233442  0.00164463
 -0.0105505  -0.0233442           0 -0.00713018
 0.00534934 -0.00164463  0.00713018           0
EndNode1[0]<--->Repeater1[0]
REAL
   0.410811  -0.0267747   0.0135767    0.400646
 -0.0267747   0.0581081 -0.00481303   -0.017483
  0.0135767 -0.00481303   0.0486486 -0.00577735
   0.400646   -0.017483 -0.00577735    0.482432
IMAGINARY
          0   0.0167043  -0.0252464  0.00523217
 -0.0167043           0  -0.0102573 -0.00205053
  0.0252464   0.0102573           0   0.0199135
-0.00523217  0.00205053  -0.0199135           0
EndNode2[0]<--->HoM1[0]
REAL
  0.44625 0.0201416 0.0205119  0.405415
0.0201416    0.0375 -0.010606 0.0109088
0.0205119 -0.010606   0.04625  0.009913
 0.405415 0.0109088  0.009913      0.47
IMAGINARY
          0    0.012451  -0.0155208  -0.0187966
  -0.012451           0  0.00831567   0.0323167
  0.0155208 -0.00831567           0  -0.0176189
  0.0187966  -0.0323167   0.0176189           0
Repeater1[0]<--->EndNode1[0]
REAL
   0.410811   0.0135767  -0.0267747    0.400646
  0.0135767   0.0486486 -0.00481303 -0.00577735
 -0.0267747 -0.00481303   0.0581081   -0.017483
   0.400646 -0.00577735   -0.017483    0.482432
IMAGINARY
          0  -0.0252464   0.0167043  0.00523217
  0.0252464           0   0.0102573   0.0199135
 -0.0167043  -0.0102573           0 -0.00205053
-0.00523217  -0.0199135  0.00205053           0
Repeater1[0]<--->HoM1[0]
REAL
  0.44625 0.0205119 0.0201416  0.405415
0.0205119   0.04625 -0.010606  0.009913
0.0201416 -0.010606    0.0375 0.0109088
 0.405415  0.009913 0.0109088      0.47
IMAGINARY
          0  -0.0155208    0.012451  -0.0187966
  0.0155208           0 -0.00831567  -0.0176189
  -0.012451  0.00831567           0   0.0323167
  0.0187966   0.0176189  -0.0323167           0
EndNode1[0]<--->Repeater1[0]
REAL
   0.455083 -0.00303817 -0.00320136     0.40423
-0.00303817   0.0579196  -0.0195663 3.27924e-05
-0.00320136  -0.0195663   0.0425532 -0.00646753
    0.40423 3.27924e-05 -0.00646753    0.444444
IMAGINARY
          0 -0.00868984   0.0219542   -0.020732
 0.00868984           0  -0.0065869   -0.012596
 -0.0219542   0.0065869           0 -0.00467914
   0.020732    0.012596  0.00467914           0
EndNode2[0]<--->HoM1[0]
REAL
   0.441176  0.00131608  -0.0156808    0.394682
 0.00131608   0.0502451 0.000820376   0.0302311
 -0.0156808 0.000820376   0.0453431   0.0145569
   0.394682   0.0302311   0.0145569    0.463235
IMAGINARY
          0  -0.0139645  0.00187367   -0.021041
  0.0139645           0   0.0115111   0.0134716
-0.00187367  -0.0115111           0 -0.00777465
   0.021041  -0.0134716  0.00777465           0
Repeater1[0]<--->EndNode1[0]
REAL
   0.455083 -0.00320136 -0.00303817     0.40423
-0.00320136   0.0425532  -0.0195663 -0.00646753
-0.00303817  -0.0195663   0.0579196 3.27924e-05
    0.40423 -0.00646753 3.27924e-05    0.444444
IMAGINARY
          0   0.0219542 -0.00868984   -0.020732
 -0.0219542           0   0.0065869 -0.00467914
 0.00868984  -0.0065869           0   -0.012596
   0.020732  0.00467914    0.012596           0
Repeater1[0]<--->HoM1[0]
REAL
   0.441176  -0.0156808  0.00131608    0.394682
 -0.0156808   0.0453431 0.000820376   0.0145569
 0.00131608 0.000820376   0.0502451   0.0302311
   0.394682   0.0145569   0.0302311    0.463235
IMAGINARY
          0  0.00187367  -0.0139645   -0.021041
-0.00187367           0  -0.0115111 -0.00777465
  0.0139645   0.0115111           0   0.0134716
   0.021041  0.00777465  -0.0134716           0
EndNode1[0]<--->Repeater1[0]
REAL
  0.428928  0.0111505 0.00784943   0.412136
 0.0111505  0.0473815  0.0089494 -0.0207964
0.00784943  0.0089494  0.0473815 -0.0240975
  0.412136 -0.0207964 -0.0240975   0.476309
IMAGINARY
          0  -0.0136122  0.00864517  0.00431525
  0.0136122           0   -0.023082  -0.0049687
-0.00864517    0.023082           0   0.0136122
-0.00431525   0.0049687  -0.0136122           0
EndNode2[0]<--->HoM1[0]
REAL
