EndNode1[0]<--->Repeater1[0]
REAL
  0.485751 -0.0100607  0.0133217    0.36711
-0.0100607  0.0220207 0.00504147   -0.01079
 0.0133217 0.00504147  0.0246114 0.00879492
   0.36711   -0.01079 0.00879492   0.467617
IMAGINARY
          0  0.00457061  0.00403049   0.0158974
-0.00457061           0   -0.012061 -0.00339192
-0.00403049    0.012061           0  -0.0103177
 -0.0158974  0.00339192   0.0103177           0
EndNode2[0]<--->HoM1[0]
REAL
    0.457711  0.000950945   0.00895722     0.368629
 0.000950945    0.0136816    0.0192461   0.00212492
  0.00895722    0.0192461    0.0223881 -0.000299055
    0.368629   0.00212492 -0.000299055     0.506219
IMAGINARY
          0   0.0136771  -0.0151918  0.00933992
 -0.0136771           0   0.0107136   0.0102535
  0.0151918  -0.0107136           0  -0.0062697
-0.00933992  -0.0102535   0.0062697           0
Repeater1[0]<--->EndNode1[0]
REAL
  0.485751  0.0133217 -0.0100607    0.36711
 0.0133217  0.0246114 0.00504147 0.00879492
-0.0100607 0.00504147  0.0220207   -0.01079
   0.36711 0.00879492   -0.01079   0.467617
IMAGINARY
          0  0.00403049  0.00457061   0.0158974
-0.00403049           0    0.012061  -0.0103177
-0.00457061   -0.012061           0 -0.00339192
 -0.0158974   0.0103177  0.00339192           0
Repeater1[0]<--->HoM1[0]
REAL
    0.457711   0.00895722  0.000950945     0.368629
  0.00895722    0.0223881    0.0192461 -0.000299055
 0.000950945    0.0192461    0.0136816   0.00212492
    0.368629 -0.000299055   0.00212492     0.506219
IMAGINARY
          0  -0.0151918   0.0136771  0.00933992
  0.0151918           0  -0.0107136  -0.0062697
 -0.0136771   0.0107136           0   0.0102535
-0.00933992   0.0062697  -0.0102535           0
EndNode1[0]<--->Repeater1[0]
REAL
  0.486181  0.0220754 0.00972907   0.365299
 0.0220754  0.0125628  0.0015455  0.0122416
0.00972907  0.0015455  0.0226131  0.0052215
  0.365299  0.0122416  0.0052215   0.478643
IMAGINARY
           0    0.0118586 -0.000442693    0.0184555
  -0.0118586            0  0.000598367   -0.0124108
 0.000442693 -0.000598367            0  -0.00414652
  -0.0184555    0.0124108   0.00414652            0
EndNode2[0]<--->HoM1[0]
REAL
   0.470361  0.00623199 0.000933998    0.367867
 0.00623199   0.0128866   0.0212988 0.000933998
0.000933998   0.0212988   0.0270619  0.00684398
   0.367867 0.000933998  0.00684398    0.489691
IMAGINARY
          0    0.017576  -0.0087224 -0.00654281
  -0.017576           0  -0.0206816 -0.00810128
  0.0087224   0.0206816           0   0.0234738
 0.00654281  0.00810128  -0.0234738           0
Repeater1[0]<--->EndNode1[0]
REAL
  0.486181 0.00972907  0.0220754   0.365299
0.00972907  0.0226131  0.0015455  0.0052215
 0.0220754  0.0015455  0.0125628  0.0122416
  0.365299  0.0052215  0.0122416   0.478643
IMAGINARY
           0 -0.000442693    0.0118586    0.0184555
 0.000442693            0 -0.000598367  -0.00414652
  -0.0118586  0.000598367            0   -0.0124108
  -0.0184555   0.00414652    0.0124108            0
Repeater1[0]<--->HoM1[0]
REAL
   0.470361 0.000933998  0.00623199    0.367867
0.000933998   0.0270619   0.0212988  0.00684398
 0.00623199   0.0212988   0.0128866 0.000933998
   0.367867  0.00684398 0.000933998    0.489691
IMAGINARY
          0  -0.0087224    0.017576 -0.00654281
  0.0087224           0   0.0206816   0.0234738
  -0.017576  -0.0206816           0 -0.00810128
 0.00654281  -0.0234738  0.00810128           0
EndNode1[0]<--->Repeater1[0]
REAL
   0.452442 -0.00188607 -0.00200101    0.347517
-0.00188607   0.0192802  0.00569398  0.00134571
-0.00200101  0.00569398   0.0154242   0.0169582
   0.347517  0.00134571   0.0169582    0.512853
IMAGINARY
           0      0.01142    -0.017125   -0.0193758
    -0.01142            0   -0.0211984 -0.000301293
    0.017125    0.0211984            0   0.00332533
   0.0193758  0.000301293  -0.00332533            0
EndNode2[0]<--->HoM1[0]
REAL
    0.497602 -0.000193808   -0.0211083     0.362806
-0.000193808    0.0155875   0.00940265    0.0248304
  -0.0211083   0.00940265    0.0119904  -0.00476897
    0.362806    0.0248304  -0.00476897      0.47482
IMAGINARY
          0  -0.0211499 -0.00285854  0.00489853
  0.0211499           0 -0.00615798  0.00940304
 0.00285854  0.00615798           0  -0.0089548
-0.00489853 -0.00940304   0.0089548           0
Repeater1[0]<--->EndNode1[0]
REAL
   0.452442 -0.00200101 -0.00188607    0.347517
-0.00200101   0.0154242  0.00569398   0.0169582
-0.00188607  0.00569398   0.0192802  0.00134571
   0.347517   0.0169582  0.00134571    0.512853
IMAGINARY
           0    -0.017125      0.01142   -0.0193758
    0.017125            0    0.0211984   0.00332533
    -0.01142   -0.0211984            0 -0.000301293
   0.0193758  -0.00332533  0.000301293            0
Repeater1[0]<--->HoM1[0]
REAL
    0.497602   -0.0211083 -0.000193808     0.362806
  -0.0211083    0.0119904   0.00940265  -0.00476897
-0.000193808   0.00940265    0.0155875    0.0248304
    0.362806  -0.00476897    0.0248304      0.47482
IMAGINARY
          0 -0.00285854  -0.0211499  0.00489853
 0.00285854           0  0.00615798  -0.0089548
  0.0211499 -0.00615798           0  0.00940304
-0.00489853   0.0089548 -0.00940304           0
EndNode1[0]<--->Repeater1[0]
REAL
   0.499361  -0.0177412  -0.0031471    0.361987
 -0.0177412   0.0191571 0.000312169  -0.0262647
 -0.0031471 0.000312169   0.0153257 -0.00498609
   0.361987  -0.0262647 -0.00498609    0.466156
IMAGINARY
          0  0.00711538  0.00858196   0.0107637
-0.00711538           0 -0.00560908  0.00664647
-0.00858196  0.00560908           0  -0.0337651
 -0.0107637 -0.00664647   0.0337651           0
EndNode2[0]<--->HoM1[0]
REAL
   0.502571   0.0170237 -0.00682437    0.364937
  0.0170237   0.0167095   0.0254931 0.000583038
-0.00682437   0.0254931   0.0244216 -0.00800842
   0.364937 0.000583038 -0.00800842    0.456298
IMAGINARY
          0  0.00260436   0.0067107     0.02825
-0.00260436           0  -0.0238475 -0.00607859
 -0.0067107   0.0238475           0  -0.0221998
   -0.02825  0.00607859   0.0221998           0
Repeater1[0]<--->EndNode1[0]
REAL
   0.499361  -0.0031471  -0.0177412    0.361987
 -0.0031471   0.0153257 0.000312169 -0.00498609
 -0.0177412 0.000312169   0.0191571  -0.0262647
   0.361987 -0.00498609  -0.0262647    0.466156
IMAGINARY
          0  0.00858196  0.00711538   0.0107637
-0.00858196           0  0.00560908  -0.0337651
-0.00711538 -0.00560908           0  0.00664647
 -0.0107637   0.0337651 -0.00664647           0
Repeater1[0]<--->HoM1[0]
REAL
   0.502571 -0.00682437   0.0170237    0.364937
-0.00682437   0.0244216   0.0254931 -0.00800842
  0.0170237   0.0254931   0.0167095 0.000583038
   0.364937 -0.00800842 0.000583038    0.456298
IMAGINARY
          0   0.0067107  0.00260436     0.02825
 -0.0067107           0   0.0238475  -0.0221998
-0.00260436  -0.0238475           0 -0.00607859
   -0.02825   0.0221998  0.00607859           0
EndNode1[0]<--->Repeater1[0]
REAL
  0.481796 0.00741598 -0.0047232   0.375061
0.00741598  0.0157767 0.00875093  0.0151671
-0.0047232 0.00875093  0.0194175 0.00433337
  0.375061  0.0151671 0.00433337    0.48301
IMAGINARY
          0   0.0196917  0.00670433  0.00728711
 -0.0196917           0  0.00472301   -0.010715
-0.00670433 -0.00472301           0  0.00036179
-0.00728711    0.010715 -0.00036179           0
EndNode2[0]<--->HoM1[0]
REAL
   0.486842 -0.00652774  -0.0040095    0.359958
-0.00652774   0.0144737 -0.00144124  0.00950401
 -0.0040095 -0.00144124   0.0171053  0.00790137
   0.359958  0.00950401  0.00790137    0.481579
IMAGINARY
          0  -0.0248061   0.0187756 -0.00840366
  0.0248061           0  -0.0126155   0.0213798
 -0.0187756   0.0126155           0  -0.0321887
 0.00840366  -0.0213798   0.0321887           0
Repeater1[0]<--->EndNode1[0]
REAL
  0.481796 -0.0047232 0.00741598   0.375061
-0.0047232  0.0194175 0.00875093 0.00433337
0.00741598 0.00875093  0.0157767  0.0151671
  0.375061 0.00433337  0.0151671    0.48301
IMAGINARY
          0  0.00670433   0.0196917  0.00728711
-0.00670433           0 -0.00472301  0.00036179
 -0.0196917  0.00472301           0   -0.010715
-0.00728711 -0.00036179    0.010715           0
Repeater1[0]<--->HoM1[0]
REAL
   0.486842  -0.0040095 -0.00652774    0.359958
 -0.0040095   0.0171053 -0.00144124  0.00790137
-0.00652774 -0.00144124   0.0144737  0.00950401
   0.359958  0.00790137  0.00950401    0.481579
IMAGINARY
          0   0.0187756  -0.0248061 -0.00840366
 -0.0187756           0   0.0126155  -0.0321887
  0.0248061  -0.0126155           0   0.0213798
 0.00840366   0.0321887  -0.0213798           0
EndNode1[0]<--->Repeater1[0]
REAL
   0.497475  0.00233449    0.021135    0.369123
 0.00233449   0.0176768 -0.00176293 -0.00357978
   0.021135 -0.00176293   0.0290404   0.0204223
   0.369123 -0.00357978   0.0204223    0.455808
IMAGINARY
          0  0.00504516  -0.0116752  0.00454042
-0.00504516           0   0.0214418 -0.00984374
  0.0116752  -0.0214418           0  0.00634724
-0.00454042  0.00984374 -0.00634724           0
EndNode2[0]<--->HoM1[0]
REAL
   0.506667  0.00588292   0.0114274    0.364723
 0.00588292   0.0213333  0.00996702 -0.00770528
  0.0114274  0.00996702       0.016  -0.0108457
   0.364723 -0.00770528  -0.0108457       0.456
IMAGINARY
          0  -0.0146839  -0.0165779   0.0134778
  0.0146839           0  0.00768626   0.0140072
  0.0165779 -0.00768626           0 -0.00202564
 -0.0134778  -0.0140072  0.00202564           0
Repeater1[0]<--->EndNode1[0]
REAL
   0.497475    0.021135  0.00233449    0.369123
   0.021135   0.0290404 -0.00176293   0.0204223
 0.00233449 -0.00176293   0.0176768 -0.00357978
   0.369123   0.0204223 -0.00357978    0.455808
IMAGINARY
          0  -0.0116752  0.00504516  0.00454042
  0.0116752           0  -0.0214418  0.00634724
-0.00504516   0.0214418           0 -0.00984374
-0.00454042 -0.00634724  0.00984374           0
Repeater1[0]<--->HoM1[0]
REAL
   0.506667   0.0114274  0.00588292    0.364723
  0.0114274       0.016  0.00996702  -0.0108457
 0.00588292  0.00996702   0.0213333 -0.00770528
   0.364723  -0.0108457 -0.00770528       0.456
IMAGINARY
          0  -0.0165779  -0.0146839   0.0134778
  0.0165779           0 -0.00768626 -0.00202564
  0.0146839  0.00768626           0   0.0140072
 -0.0134778  0.00202564  -0.0140072           0
EndNode1[0]<--->Repeater1[0]
REAL
   0.499323  -0.0153523  -0.0129156    0.369259
 -0.0153523   0.0175913   0.0242981  -0.0122945
 -0.0129156   0.0242981   0.0216509 -0.00985779
   0.369259  -0.0122945 -0.00985779    0.461434
IMAGINARY
          0 -0.00864789   0.0101924  0.00299578
 0.00864789           0  0.00942252  0.00401952
 -0.0101924 -0.00942252           0  -0.0262358
-0.00299578 -0.00401952   0.0262358           0
EndNode2[0]<--->HoM1[0]
REAL
   0.49553 -0.0100541  0.0127828   0.350713
-0.0100541  0.0140485 -0.0105065 -0.0050508
 0.0127828 -0.0105065  0.0178799 0.00232214
  0.350713 -0.0050508 0.00232214   0.472542
IMAGINARY
          0  0.00546047  0.00518807  0.00565244
-0.00546047           0   0.0228028   0.0123217
-0.00518807  -0.0228028           0  0.00426715
-0.00565244  -0.0123217 -0.00426715           0
Repeater1[0]<--->EndNode1[0]
REAL
   0.499323  -0.0129156  -0.0153523    0.369259
 -0.0129156   0.0216509   0.0242981 -0.00985779
 -0.0153523   0.0242981   0.0175913  -0.0122945
   0.369259 -0.00985779  -0.0122945    0.461434
IMAGINARY
          0   0.0101924 -0.00864789  0.00299578
 -0.0101924           0 -0.00942252  -0.0262358
 0.00864789  0.00942252           0  0.00401952
-0.00299578   0.0262358 -0.00401952           0
Repeater1[0]<--->HoM1[0]
REAL
   0.49553  0.0127828 -0.0100541   0.350713
 0.0127828  0.0178799 -0.0105065 0.00232214
-0.0100541 -0.0105065  0.0140485 -0.0050508
  0.350713 0.00232214 -0.0050508   0.472542
IMAGINARY
          0  0.00518807  0.00546047  0.00565244
-0.00518807           0  -0.0228028  0.00426715
-0.00546047   0.0228028           0   0.0123217
-0.00565244 -0.00426715  -0.0123217           0
EndNode1[0]<--->Repeater1[0]
REAL
  0.475152  0.0024058 -0.0116623   0.362171
 0.0024058  0.0157576  0.0288374 0.00485028
-0.0116623  0.0288374  0.0193939 -0.0146674
  0.362171 0.00485028 -0.0146674   0.489697
IMAGINARY
          0 -0.00701054  0.00916961   0.0174243
 0.00701054           0 -0.00231257   0.0213647
-0.00916961  0.00231257           0 -0.00443984
 -0.0174243  -0.0213647  0.00443984           0
EndNode2[0]<--->HoM1[0]
REAL
  0.492248  0.0102106 0.00220038   0.354341
 0.0102106  0.0116279 0.00917956 0.00672819
0.00220038 0.00917956  0.0167959 0.00764652
  0.354341 0.00672819 0.00764652   0.479328
IMAGINARY
          0  -0.0128974   0.0154619 -0.00710787
  0.0128974           0 -0.00254464   0.0135704
 -0.0154619  0.00254464           0 -0.00839291
 0.00710787  -0.0135704  0.00839291           0
Repeater1[0]<--->EndNode1[0]
REAL
  0.475152 -0.0116623  0.0024058   0.362171
-0.0116623  0.0193939  0.0288374 -0.0146674
 0.0024058  0.0288374  0.0157576 0.00485028
  0.362171 -0.0146674 0.00485028   0.489697
IMAGINARY
          0  0.00916961 -0.00701054   0.0174243
-0.00916961           0  0.00231257 -0.00443984
 0.00701054 -0.00231257           0   0.0213647
 -0.0174243  0.00443984  -0.0213647           0
Repeater1[0]<--->HoM1[0]
REAL
  0.492248 0.00220038  0.0102106   0.354341
0.00220038  0.0167959 0.00917956 0.00764652
 0.0102106 0.00917956  0.0116279 0.00672819
  0.354341 0.00764652 0.00672819   0.479328
IMAGINARY
          0   0.0154619  -0.0128974 -0.00710787
 -0.0154619           0  0.00254464 -0.00839291
  0.0128974 -0.00254464           0   0.0135704
 0.00710787  0.00839291  -0.0135704           0
EndNode1[0]<--->Repeater1[0]
REAL
   0.513208   0.0150486   0.0209903    0.364882
  0.0150486   0.0188679  0.00902588 -0.00913015
  0.0209903  0.00902588   0.0238994  -0.0119275
   0.364882 -0.00913015  -0.0119275    0.444025
IMAGINARY
           0 -0.000121882   -0.0132731  -0.00921882
 0.000121882            0   0.00854768   0.00748161
   0.0132731  -0.00854768            0   0.00848739
  0.00921882  -0.00748161  -0.00848739            0
EndNode2[0]<--->HoM1[0]
REAL
   0.477764  -0.0134467 -0.00219481    0.375956
 -0.0134467   0.0241423 -0.00205975 -0.00600191
-0.00219481 -0.00205975   0.0228717   0.0229045
   0.375956 -0.00600191   0.0229045    0.475222
IMAGINARY
          0 -0.00979234 -0.00262888   0.0137944
 0.00979234           0  -0.0210599  -0.0134569
 0.00262888   0.0210599           0   0.0325805
 -0.0137944   0.0134569  -0.0325805           0
Repeater1[0]<--->EndNode1[0]
REAL
   0.513208   0.0209903   0.0150486    0.364882
  0.0209903   0.0238994  0.00902588  -0.0119275
  0.0150486  0.00902588   0.0188679 -0.00913015
   0.364882  -0.0119275 -0.00913015    0.444025
IMAGINARY
           0   -0.0132731 -0.000121882  -0.00921882
   0.0132731            0  -0.00854768   0.00848739
 0.000121882   0.00854768            0   0.00748161
  0.00921882  -0.00848739  -0.00748161            0
Repeater1[0]<--->HoM1[0]
REAL
   0.477764 -0.00219481  -0.0134467    0.375956
-0.00219481   0.0228717 -0.00205975   0.0229045
 -0.0134467 -0.00205975   0.0241423 -0.00600191
   0.375956   0.0229045 -0.00600191    0.475222
IMAGINARY
          0 -0.00262888 -0.00979234   0.0137944
 0.00262888           0   0.0210599   0.0325805
 0.00979234  -0.0210599           0  -0.0134569
 -0.0137944  -0.0325805   0.0134569           0
EndNode1[0]<--->Repeater1[0]
REAL
   0.502571  -0.0066991 -0.00588197    0.370481
 -0.0066991   0.0192802   0.0144398   0.0124957
-0.00588197   0.0144398   0.0257069  0.00405359
   0.370481   0.0124957  0.00405359    0.452442
IMAGINARY
          0  -0.0203883  -0.0114262   0.0160605
  0.0203883           0 -0.00254696  0.00499951
  0.0114262  0.00254696           0    0.019103
 -0.0160605 -0.00499951   -0.019103           0
EndNode2[0]<--->HoM1[0]
REAL
   0.467233 -0.00620157 -0.00873429    0.361101
-0.00620157   0.0157767 0.000456159 0.000699676
-0.00873429 0.000456159   0.0194175 -0.00430523
   0.361101 0.000699676 -0.00430523    0.497573
IMAGINARY
           0    0.0208766   -0.0132781    0.0119256
  -0.0208766            0  0.000145526   0.00747161
   0.0132781 -0.000145526            0  -0.00474757
  -0.0119256  -0.00747161   0.00474757            0
Repeater1[0]<--->EndNode1[0]
REAL
   0.502571 -0.00588197  -0.0066991    0.370481
-0.00588197   0.0257069   0.0144398  0.00405359
 -0.0066991   0.0144398   0.0192802   0.0124957
   0.370481  0.00405359   0.0124957    0.452442
IMAGINARY
          0  -0.0114262  -0.0203883   0.0160605
  0.0114262           0  0.00254696    0.019103
  0.0203883 -0.00254696           0  0.00499951
 -0.0160605   -0.019103 -0.00499951           0
Repeater1[0]<--->HoM1[0]
REAL
   0.467233 -0.00873429 -0.00620157    0.361101
-0.00873429   0.0194175 0.000456159 -0.00430523
-0.00620157 0.000456159   0.0157767 0.000699676
   0.361101 -0.00430523 0.000699676    0.497573
IMAGINARY
           0   -0.0132781    0.0208766    0.0119256
   0.0132781            0 -0.000145526  -0.00474757
  -0.0208766  0.000145526            0   0.00747161
  -0.0119256   0.00474757  -0.00747161            0
EndNode1[0]<--->Repeater1[0]
REAL
    0.521912    0.0157253     0.015923     0.353752
   0.0157253    0.0212483 -9.38086e-05     0.005258
    0.015923 -9.38086e-05    0.0172643    0.0157253
    0.353752     0.005258    0.0157253     0.439575
IMAGINARY
         0 -0.0194249  0.0200889   0.024276
 0.0194249          0  0.0169328  0.0145265
-0.0200889 -0.0169328          0 -0.0126264
 -0.024276 -0.0145265  0.0126264          0
EndNode2[0]<--->HoM1[0]
REAL
    0.474719    0.0101963  0.000982962     0.362964
   0.0101963    0.0196629    0.0106916 -0.000982962
 0.000982962    0.0106916    0.0140449  -0.00750817
    0.362964 -0.000982962  -0.00750817     0.491573
IMAGINARY
          0   -0.010831 -0.00720099   0.0099406
   0.010831           0  -0.0154217   0.0160394
 0.00720099   0.0154217           0 -0.00432055
 -0.0099406  -0.0160394  0.00432055           0
Repeater1[0]<--->EndNode1[0]
REAL
    0.521912     0.015923    0.0157253     0.353752
    0.015923    0.0172643 -9.38086e-05    0.0157253
   0.0157253 -9.38086e-05    0.0212483     0.005258
    0.353752    0.0157253     0.005258     0.439575
IMAGINARY
         0  0.0200889 -0.0194249   0.024276
-0.0200889          0 -0.0169328 -0.0126264
 0.0194249  0.0169328          0  0.0145265
 -0.024276  0.0126264 -0.0145265          0
Repeater1[0]<--->HoM1[0]
REAL
    0.474719  0.000982962    0.0101963     0.362964
 0.000982962    0.0140449    0.0106916  -0.00750817
   0.0101963    0.0106916    0.0196629 -0.000982962
    0.362964  -0.00750817 -0.000982962     0.491573
IMAGINARY
          0 -0.00720099   -0.010831   0.0099406
 0.00720099           0   0.0154217 -0.00432055
   0.010831  -0.0154217           0   0.0160394
 -0.0099406  0.00432055  -0.0160394           0
EndNode1[0]<--->Repeater1[0]
REAL
   0.483651  -0.0104291 -0.00990013    0.344179
 -0.0104291   0.0231608   0.0199448  0.00811229
-0.00990013   0.0199448   0.0258856  -0.0104291
   0.344179  0.00811229  -0.0104291    0.467302
IMAGINARY
          0  -0.0138505   0.0179419   0.0123693
  0.0138505           0   0.0090315  0.00669191
 -0.0179419  -0.0090315           0  0.00253223
 -0.0123693 -0.00669191 -0.00253223           0
EndNode2[0]<--->HoM1[0]
REAL
   0.472957  -0.0162403 -0.00790403    0.366087
 -0.0162403   0.0207135   0.0143758  0.00276264
-0.00790403   0.0143758    0.013809  0.00467221
   0.366087  0.00276264  0.00467221     0.49252
IMAGINARY
          0  -0.0192777 -0.00762784 -0.00984743
  0.0192777           0  0.00258351 -0.00694757
 0.00762784 -0.00258351           0   0.0199115
 0.00984743  0.00694757  -0.0199115           0
Repeater1[0]<--->EndNode1[0]
REAL
   0.483651 -0.00990013  -0.0104291    0.344179
-0.00990013   0.0258856   0.0199448  -0.0104291
 -0.0104291   0.0199448   0.0231608  0.00811229
   0.344179  -0.0104291  0.00811229    0.467302
IMAGINARY
          0   0.0179419  -0.0138505   0.0123693
 -0.0179419           0  -0.0090315  0.00253223
  0.0138505   0.0090315           0  0.00669191
 -0.0123693 -0.00253223 -0.00669191           0
Repeater1[0]<--->HoM1[0]
REAL
   0.472957 -0.00790403  -0.0162403    0.366087
-0.00790403    0.013809   0.0143758  0.00467221
 -0.0162403   0.0143758   0.0207135  0.00276264
   0.366087  0.00467221  0.00276264     0.49252
IMAGINARY
          0 -0.00762784  -0.0192777 -0.00984743
 0.00762784           0 -0.00258351   0.0199115
  0.0192777  0.00258351           0 -0.00694757
 0.00984743  -0.0199115  0.00694757           0
EndNode1[0]<--->Repeater1[0]
REAL
    0.46375 -0.00644334   0.0106113    0.377848
-0.00644334      0.0225 -0.00383182 -0.00667426
  0.0106113 -0.00383182      0.0125   0.0103803
   0.377848 -0.00667426   0.0103803     0.50125
IMAGINARY
          0  -0.0350238   0.0177256  -0.0053063
  0.0350238           0 -0.00261088  0.00644742
 -0.0177256  0.00261088           0  -0.0056887
  0.0053063 -0.00644742   0.0056887           0
EndNode2[0]<--->HoM1[0]
REAL
   0.480769  0.00162549  0.00156407    0.360147
 0.00162549   0.0141026   0.0111146 -0.00221427
 0.00156407   0.0111146   0.0192308  0.00162549
   0.360147 -0.00221427  0.00162549    0.485897
IMAGINARY
          0 -0.00511417   0.0082753     0.01133
 0.00511417           0 -0.00437679 -0.00892046
 -0.0082753  0.00437679           0 -0.00843422
   -0.01133  0.00892046  0.00843422           0
Repeater1[0]<--->EndNode1[0]
REAL
    0.46375   0.0106113 -0.00644334    0.377848
  0.0106113      0.0125 -0.00383182   0.0103803
-0.00644334 -0.00383182      0.0225 -0.00667426
   0.377848   0.0103803 -0.00667426     0.50125
IMAGINARY
          0   0.0177256  -0.0350238  -0.0053063
 -0.0177256           0  0.00261088  -0.0056887
  0.0350238 -0.00261088           0  0.00644742
  0.0053063   0.0056887 -0.00644742           0
Repeater1[0]<--->HoM1[0]
REAL
   0.480769  0.00156407  0.00162549    0.360147
 0.00156407   0.0192308   0.0111146  0.00162549
 0.00162549   0.0111146   0.0141026 -0.00221427
   0.360147  0.00162549 -0.00221427    0.485897
IMAGINARY
          0   0.0082753 -0.00511417     0.01133
 -0.0082753           0  0.00437679 -0.00843422
 0.00511417 -0.00437679           0 -0.00892046
   -0.01133  0.00843422  0.00892046           0
EndNode1[0]<--->Repeater1[0]
REAL
   0.456284   0.0144475   0.0128898    0.373039
  0.0144475   0.0163934   0.0232371  -0.0075706
  0.0128898   0.0232371   0.0163934 -0.00380924
   0.373039  -0.0075706 -0.00380924    0.510929
IMAGINARY
          0   0.0073045 -0.00134041  0.00466067
 -0.0073045           0  0.00333441 -0.00327092
 0.00134041 -0.00333441           0  -0.0105983
-0.00466067  0.00327092   0.0105983           0
EndNode2[0]<--->HoM1[0]
REAL
  0.507152  0.0162491  0.0138284   0.371045
 0.0162491   0.023407 0.00911475  0.0108054
 0.0138284 0.00911475  0.0195059   0.013711
  0.371045  0.0108054   0.013711   0.449935
IMAGINARY
           0  -0.00146196    0.0220668  -0.00146291
  0.00146196            0  -0.00542069  0.000721398
  -0.0220668   0.00542069            0   -0.0173048
  0.00146291 -0.000721398    0.0173048            0
Repeater1[0]<--->EndNode1[0]
REAL
   0.456284   0.0128898   0.0144475    0.373039
  0.0128898   0.0163934   0.0232371 -0.00380924
  0.0144475   0.0232371   0.0163934  -0.0075706
   0.373039 -0.00380924  -0.0075706    0.510929
IMAGINARY
          0 -0.00134041   0.0073045  0.00466067
 0.00134041           0 -0.00333441  -0.0105983
 -0.0073045  0.00333441           0 -0.00327092
-0.00466067   0.0105983  0.00327092           0
Repeater1[0]<--->HoM1[0]
REAL
  0.507152  0.0138284  0.0162491   0.371045
 0.0138284  0.0195059 0.00911475   0.013711
 0.0162491 0.00911475   0.023407  0.0108054
  0.371045   0.013711  0.0108054   0.449935
IMAGINARY
           0    0.0220668  -0.00146196  -0.00146291
  -0.0220668            0   0.00542069   -0.0173048
  0.00146196  -0.00542069            0  0.000721398
  0.00146291    0.0173048 -0.000721398            0
EndNode1[0]<--->Repeater1[0]
REAL
    0.466579   -0.0109766   -0.0317408     0.348454
  -0.0109766     0.034076   0.00429852 -0.000909674
  -0.0317408   0.00429852    0.0209699   -0.0255151
    0.348454 -0.000909674   -0.0255151     0.478375
IMAGINARY
          0  0.00524583 -0.00875724  -0.0104716
-0.00524583           0   0.0117216   0.0126533
 0.00875724  -0.0117216           0  -0.0169341
  0.0104716  -0.0126533   0.0169341           0
EndNode2[0]<--->HoM1[0]
REAL
  0.498173 -0.0102807 -0.0173838   0.358805
-0.0102807  0.0207065 0.00700116  -0.021971
-0.0173838 0.00700116  0.0133983 -0.0264935
  0.358805  -0.021971 -0.0264935   0.467722
IMAGINARY
          0  0.00469525  0.00422318 -0.00314214
-0.00469525           0   0.0168579  -0.0209758
-0.00422318  -0.0168579           0   0.0210779
 0.00314214   0.0209758  -0.0210779           0
Repeater1[0]<--->EndNode1[0]
REAL
    0.466579   -0.0317408   -0.0109766     0.348454
  -0.0317408    0.0209699   0.00429852   -0.0255151
  -0.0109766   0.00429852     0.034076 -0.000909674
    0.348454   -0.0255151 -0.000909674     0.478375
IMAGINARY
          0 -0.00875724  0.00524583  -0.0104716
 0.00875724           0  -0.0117216  -0.0169341
-0.00524583   0.0117216           0   0.0126533
  0.0104716   0.0169341  -0.0126533           0
Repeater1[0]<--->HoM1[0]
REAL
  0.498173 -0.0173838 -0.0102807   0.358805
-0.0173838  0.0133983 0.00700116 -0.0264935
-0.0102807 0.00700116  0.0207065  -0.021971
  0.358805 -0.0264935  -0.021971   0.467722
IMAGINARY
          0  0.00422318  0.00469525 -0.00314214
-0.00422318           0  -0.0168579   0.0210779
-0.00469525   0.0168579           0  -0.0209758
 0.00314214  -0.0210779   0.0209758           0
EndNode1[0]<--->Repeater1[0]
REAL
   0.470735  0.00646502 -0.00813971    0.347462
 0.00646502   0.0161893  0.00473549    0.010137
-0.00813971  0.00473549   0.0136986   0.0128426
   0.347462    0.010137   0.0128426    0.499377
IMAGINARY
          0  -0.0132531  0.00589606 -0.00498418
  0.0132531           0  -0.0138226  0.00524417
-0.00589606   0.0138226           0   -0.018857
 0.00498418 -0.00524417    0.018857           0
EndNode2[0]<--->HoM1[0]
REAL
  0.486216  0.0104463  0.0149626   0.362551
 0.0104463  0.0150376  0.0065725 0.00473243
 0.0149626  0.0065725  0.0225564 -0.0148936
  0.362551 0.00473243 -0.0148936    0.47619
IMAGINARY
           0  -0.00605463   0.00201315    -0.006092
  0.00605463            0  -0.00028555  0.000704245
 -0.00201315   0.00028555            0    0.0142068
    0.006092 -0.000704245   -0.0142068            0
Repeater1[0]<--->EndNode1[0]
REAL
   0.470735 -0.00813971  0.00646502    0.347462
-0.00813971   0.0136986  0.00473549   0.0128426
 0.00646502  0.00473549   0.0161893    0.010137
   0.347462   0.0128426    0.010137    0.499377
IMAGINARY
          0  0.00589606  -0.0132531 -0.00498418
-0.00589606           0   0.0138226   -0.018857
  0.0132531  -0.0138226           0  0.00524417
 0.00498418    0.018857 -0.00524417           0
Repeater1[0]<--->HoM1[0]
REAL
  0.486216  0.0149626  0.0104463   0.362551
 0.0149626  0.0225564  0.0065725 -0.0148936
 0.0104463  0.0065725  0.0150376 0.00473243
  0.362551 -0.0148936 0.00473243    0.47619
IMAGINARY
           0   0.00201315  -0.00605463    -0.006092
 -0.00201315            0   0.00028555    0.0142068
  0.00605463  -0.00028555            0  0.000704245
    0.006092   -0.0142068 -0.000704245            0
EndNode1[0]<--->Repeater1[0]
REAL
  0.475817  0.0232162  0.0314814    0.36568
 0.0232162  0.0196078 0.00947935  0.0137416
 0.0314814 0.00947935  0.0183007  0.0271022
   0.36568  0.0137416  0.0271022   0.486275
IMAGINARY
           0   0.00265584   0.00222835   -0.0019355
 -0.00265584            0 -0.000710006   0.00041017
 -0.00222835  0.000710006            0   0.00921752
   0.0019355  -0.00041017  -0.00921752            0
EndNode2[0]<--->HoM1[0]
REAL
   0.498691  0.00657901   0.0394904    0.367749
 0.00657901   0.0196335 -0.00532827    0.010828
  0.0394904 -0.00532827   0.0157068   0.0310006
   0.367749    0.010828   0.0310006    0.465969
IMAGINARY
          0 -0.00927616  0.00613763  0.00823456
 0.00927616           0  -0.0242808  0.00411878
-0.00613763   0.0242808           0  -0.0125187
-0.00823456 -0.00411878   0.0125187           0
Repeater1[0]<--->EndNode1[0]
REAL
  0.475817  0.0314814  0.0232162    0.36568
 0.0314814  0.0183007 0.00947935  0.0271022
 0.0232162 0.00947935  0.0196078  0.0137416
   0.36568  0.0271022  0.0137416   0.486275
IMAGINARY
           0   0.00222835   0.00265584   -0.0019355
 -0.00222835            0  0.000710006   0.00921752
 -0.00265584 -0.000710006            0   0.00041017
   0.0019355  -0.00921752  -0.00041017            0
Repeater1[0]<--->HoM1[0]
REAL
   0.498691   0.0394904  0.00657901    0.367749
  0.0394904   0.0157068 -0.00532827   0.0310006
 0.00657901 -0.00532827   0.0196335    0.010828
   0.367749   0.0310006    0.010828    0.465969
IMAGINARY
          0  0.00613763 -0.00927616  0.00823456
-0.00613763           0   0.0242808  -0.0125187
 0.00927616  -0.0242808           0  0.00411878
-0.00823456   0.0125187 -0.00411878           0
EndNode1[0]<--->Repeater1[0]
REAL
 0.465847 0.0204643 0.0216217  0.368286
0.0204643 0.0177596 0.0151111 0.0195697
0.0216217 0.0151111 0.0204918 0.0105877
 0.368286 0.0195697 0.0105877  0.495902
IMAGINARY
          0 -0.00801202 -0.00877976   0.0141818
 0.00801202           0   0.0184553  -0.0150298
 0.00877976  -0.0184553           0  0.00139827
 -0.0141818   0.0150298 -0.00139827           0
EndNode2[0]<--->HoM1[0]
REAL
   0.479328 0.000232151   0.0114386    0.363512
0.000232151   0.0193798   0.0111547 -0.00343855
  0.0114386   0.0111547   0.0297158  -0.0135655
   0.363512 -0.00343855  -0.0135655    0.471576
IMAGINARY
          0  -0.0147604  -0.0102242   0.0237592
  0.0147604           0 -0.00965664  -0.0108677
  0.0102242  0.00965664           0   0.0222046
 -0.0237592   0.0108677  -0.0222046           0
Repeater1[0]<--->EndNode1[0]
REAL
 0.465847 0.0216217 0.0204643  0.368286
0.0216217 0.0204918 0.0151111 0.0105877
0.0204643 0.0151111 0.0177596 0.0195697
 0.368286 0.0105877 0.0195697  0.495902
IMAGINARY
          0 -0.00877976 -0.00801202   0.0141818
 0.00877976           0  -0.0184553  0.00139827
 0.00801202   0.0184553           0  -0.0150298
 -0.0141818 -0.00139827   0.0150298           0
Repeater1[0]<--->HoM1[0]
REAL
   0.479328   0.0114386 0.000232151    0.363512
  0.0114386   0.0297158   0.0111547  -0.0135655
0.000232151   0.0111547   0.0193798 -0.00343855
   0.363512  -0.0135655 -0.00343855    0.471576
IMAGINARY
          0  -0.0102242  -0.0147604   0.0237592
  0.0102242           0  0.00965664   0.0222046
  0.0147604 -0.00965664           0  -0.0108677
 -0.0237592  -0.0222046   0.0108677           0
EndNode1[0]<--->Repeater1[0]
REAL
    0.4375   0.029808  0.0148828    0.36095
  0.029808  0.0234375 0.00840298 0.00404271
 0.0148828 0.00840298  0.0286458 -0.0218715
   0.36095 0.00404271 -0.0218715   0.510417
IMAGINARY
          0  -0.0430268 -0.00315823   0.0120438
  0.0430268           0  -0.0033804   0.0058392
 0.00315823   0.0033804           0  0.00817423
 -0.0120438  -0.0058392 -0.00817423           0
EndNode2[0]<--->HoM1[0]
REAL
  0.494709  0.0164288  0.0104523   0.369905
 0.0164288  0.0119048   0.014759  0.0167974
 0.0104523   0.014759  0.0238095 0.00701856
  0.369905  0.0167974 0.00701856   0.469577
IMAGINARY
          0  0.00457716 -0.00823237 -0.00292841
-0.00457716           0  0.00682451  -0.0152746
 0.00823237 -0.00682451           0 -0.00394184
 0.00292841   0.0152746  0.00394184           0
Repeater1[0]<--->EndNode1[0]
REAL
    0.4375  0.0148828   0.029808    0.36095
 0.0148828  0.0286458 0.00840298 -0.0218715
  0.029808 0.00840298  0.0234375 0.00404271
   0.36095 -0.0218715 0.00404271   0.510417
IMAGINARY
          0 -0.00315823  -0.0430268   0.0120438
 0.00315823           0   0.0033804  0.00817423
  0.0430268  -0.0033804           0   0.0058392
 -0.0120438 -0.00817423  -0.0058392           0
Repeater1[0]<--->HoM1[0]
REAL
  0.494709  0.0104523  0.0164288   0.369905
 0.0104523  0.0238095   0.014759 0.00701856
 0.0164288   0.014759  0.0119048  0.0167974
  0.369905 0.00701856  0.0167974   0.469577
IMAGINARY
          0 -0.00823237  0.00457716 -0.00292841
 0.00823237           0 -0.00682451 -0.00394184
-0.00457716  0.00682451           0  -0.0152746
 0.00292841  0.00394184   0.0152746           0
EndNode1[0]<--->Repeater1[0]
REAL
   0.440945 -0.00441285   0.0125667     0.35038
-0.00441285   0.0170604  0.00263822 0.000556623
  0.0125667  0.00263822   0.0275591  0.00703753
    0.35038 0.000556623  0.00703753    0.514436
IMAGINARY
          0   0.0179254  -0.0223167   0.0295851
 -0.0179254           0   0.0158694  -0.0041349
  0.0223167  -0.0158694           0  0.00594557
 -0.0295851   0.0041349 -0.00594557           0
EndNode2[0]<--->HoM1[0]
REAL
    0.48852 -0.00956083  -0.0186782    0.379306
-0.00956083   0.0216837    0.001101  0.00595559
 -0.0186782    0.001101   0.0165816  -0.0107954
   0.379306  0.00595559  -0.0107954    0.473214
IMAGINARY
          0  0.00681387  -0.0152005 -0.00440909
-0.00681387           0  -0.0213362   0.0152005
  0.0152005   0.0213362           0 -0.00553181
 0.00440909  -0.0152005  0.00553181           0
Repeater1[0]<--->EndNode1[0]
REAL
   0.440945   0.0125667 -0.00441285     0.35038
  0.0125667   0.0275591  0.00263822  0.00703753
-0.00441285  0.00263822   0.0170604 0.000556623
    0.35038  0.00703753 0.000556623    0.514436
IMAGINARY
          0  -0.0223167   0.0179254   0.0295851
  0.0223167           0  -0.0158694  0.00594557
 -0.0179254   0.0158694           0  -0.0041349
 -0.0295851 -0.00594557   0.0041349           0
Repeater1[0]<--->HoM1[0]
REAL
    0.48852  -0.0186782 -0.00956083    0.379306
 -0.0186782   0.0165816    0.001101  -0.0107954
-0.00956083    0.001101   0.0216837  0.00595559
   0.379306  -0.0107954  0.00595559    0.473214
IMAGINARY
          0  -0.0152005  0.00681387 -0.00440909
  0.0152005           0   0.0213362 -0.00553181
-0.00681387  -0.0213362           0   0.0152005
 0.00440909  0.00553181  -0.0152005           0
EndNode1[0]<--->Repeater1[0]
REAL
   0.489172   0.0329954  0.00381919    0.371921
  0.0329954   0.0216561 -0.00533951  0.00952261
 0.00381919 -0.00533951   0.0191083   -0.018383
   0.371921  0.00952261   -0.018383    0.470064
IMAGINARY
          0   0.0101315  -0.0137563  0.00177406
 -0.0101315           0    0.021222  0.00729634
  0.0137563   -0.021222           0  0.00278839
-0.00177406 -0.00729634 -0.00278839           0
EndNode2[0]<--->HoM1[0]
REAL
  0.483503  0.0275939 0.00475511   0.357038
 0.0275939  0.0203046 0.00779158  0.0201793
0.00475511 0.00779158  0.0203046 -0.0039718
  0.357038  0.0201793 -0.0039718   0.475888
IMAGINARY
           0  -0.00522995  -0.00721089  -0.00152958
  0.00522995            0   -0.0161637  -0.00786449
  0.00721089    0.0161637            0  0.000204828
  0.00152958   0.00786449 -0.000204828            0
Repeater1[0]<--->EndNode1[0]
REAL
   0.489172  0.00381919   0.0329954    0.371921
 0.00381919   0.0191083 -0.00533951   -0.018383
  0.0329954 -0.00533951   0.0216561  0.00952261
   0.371921   -0.018383  0.00952261    0.470064
IMAGINARY
          0  -0.0137563   0.0101315  0.00177406
  0.0137563           0   -0.021222  0.00278839
 -0.0101315    0.021222           0  0.00729634
-0.00177406 -0.00278839 -0.00729634           0
Repeater1[0]<--->HoM1[0]
REAL
  0.483503 0.00475511  0.0275939   0.357038
0.00475511  0.0203046 0.00779158 -0.0039718
 0.0275939 0.00779158  0.0203046  0.0201793
  0.357038 -0.0039718  0.0201793   0.475888
IMAGINARY
           0  -0.00721089  -0.00522995  -0.00152958
  0.00721089            0    0.0161637  0.000204828
  0.00522995   -0.0161637            0  -0.00786449
  0.00152958 -0.000204828   0.00786449            0
EndNode1[0]<--->Repeater1[0]
REAL
    0.508344    0.0033266   0.00111169     0.354842
   0.0033266    0.0166881   0.00230129  -0.00650252
  0.00111169   0.00230129    0.0243902 -0.000631183
    0.354842  -0.00650252 -0.000631183     0.450578
IMAGINARY
          0  0.00346822  0.00272568  -0.0231352
-0.00346822           0  0.00338999   0.0363078
-0.00272568 -0.00338999           0   -0.021436
  0.0231352  -0.0363078    0.021436           0
EndNode2[0]<--->HoM1[0]
REAL
   0.494268  0.00177052 -0.00391324    0.375231
 0.00177052   0.0127389  0.00505087 -0.00453746
-0.00391324  0.00505087    0.011465  -0.0200804
   0.375231 -0.00453746  -0.0200804    0.481529
IMAGINARY
           0   0.00407754   0.00801984  -0.00071722
 -0.00407754            0    0.0152926  0.000977588
 -0.00801984   -0.0152926            0   -0.0246431
  0.00071722 -0.000977588    0.0246431            0
Repeater1[0]<--->EndNode1[0]
REAL
    0.508344   0.00111169    0.0033266     0.354842
  0.00111169    0.0243902   0.00230129 -0.000631183
   0.0033266   0.00230129    0.0166881  -0.00650252
    0.354842 -0.000631183  -0.00650252     0.450578
IMAGINARY
          0  0.00272568  0.00346822  -0.0231352
-0.00272568           0 -0.00338999   -0.021436
-0.00346822  0.00338999           0   0.0363078
  0.0231352    0.021436  -0.0363078           0
Repeater1[0]<--->HoM1[0]
REAL
   0.494268 -0.00391324  0.00177052    0.375231
-0.00391324    0.011465  0.00505087  -0.0200804
 0.00177052  0.00505087   0.0127389 -0.00453746
   0.375231  -0.0200804 -0.00453746    0.481529
IMAGINARY
           0   0.00801984   0.00407754  -0.00071722
 -0.00801984            0   -0.0152926   -0.0246431
 -0.00407754    0.0152926            0  0.000977588
  0.00071722    0.0246431 -0.000977588            0
EndNode1[0]<--->Repeater1[0]
REAL
  0.472991  0.0056048  0.0249802   0.352445
 0.0056048  0.0250329  0.0303673 -0.0184698
 0.0249802  0.0303673   0.027668 0.00871812
  0.352445 -0.0184698 0.00871812   0.474308
IMAGINARY
           0    0.0135325 -0.000825664   0.00183257
  -0.0135325            0  -0.00311792   -0.0160575
 0.000825664   0.00311792            0   0.00464928
 -0.00183257    0.0160575  -0.00464928            0
EndNode2[0]<--->HoM1[0]
REAL
   0.485897 -0.00367324  0.00892979    0.365212
-0.00367324   0.0217949   0.0184483  0.00218132
 0.00892979   0.0184483   0.0307692   0.0134772
   0.365212  0.00218132   0.0134772    0.461538
IMAGINARY
          0  0.00941104  -0.0111035  -0.0124939
-0.00941104           0   -0.010583 -0.00805103
  0.0111035    0.010583           0 -0.00610853
  0.0124939  0.00805103  0.00610853           0
Repeater1[0]<--->EndNode1[0]
REAL
  0.472991  0.0249802  0.0056048   0.352445
 0.0249802   0.027668  0.0303673 0.00871812
 0.0056048  0.0303673  0.0250329 -0.0184698
  0.352445 0.00871812 -0.0184698   0.474308
IMAGINARY
           0 -0.000825664    0.0135325   0.00183257
 0.000825664            0   0.00311792   0.00464928
  -0.0135325  -0.00311792            0   -0.0160575
 -0.00183257  -0.00464928    0.0160575            0
Repeater1[0]<--->HoM1[0]
REAL
   0.485897  0.00892979 -0.00367324    0.365212
 0.00892979   0.0307692   0.0184483   0.0134772
-0.00367324   0.0184483   0.0217949  0.00218132
   0.365212   0.0134772  0.00218132    0.461538
IMAGINARY
          0  -0.0111035  0.00941104  -0.0124939
  0.0111035           0    0.010583 -0.00610853
-0.00941104   -0.010583           0 -0.00805103
  0.0124939  0.00610853  0.00805103           0
EndNode1[0]<--->Repeater1[0]
REAL
        0.5   0.0098766   0.0115908    0.359842
  0.0098766   0.0228426 -0.00308195 -0.00155063
  0.0115908 -0.00308195   0.0203046   0.0148891
   0.359842 -0.00155063   0.0148891    0.456853
IMAGINARY
           0    0.0130548   -0.0313398    0.0210775
  -0.0130548            0 -0.000547681   0.00392467
   0.0313398  0.000547681            0    0.0130548
  -0.0210775  -0.00392467   -0.0130548            0
EndNode2[0]<--->HoM1[0]
REAL
    0.483311   -0.0238303   -0.0222754     0.374245
  -0.0238303    0.0280374    -0.017815     0.004173
  -0.0222754    -0.017815    0.0173565 -0.000514254
    0.374245     0.004173 -0.000514254     0.471295
IMAGINARY
           0  -0.00515052   -0.0154155  2.77556e-17
  0.00515052            0            0    0.0154155
   0.0154155            0            0   0.00142843
