EndNode1[0]<--->Repeater1[0]
REAL
    0.328859 -0.000473872   -0.0103775     0.213838
-0.000473872     0.148993    0.0189662   0.00508646
  -0.0103775    0.0189662     0.155705    0.0137014
    0.213838   0.00508646    0.0137014     0.366443
IMAGINARY
          0  0.00922812 -0.00526384  0.00193282
-0.00922812           0  -0.0231298  -0.0203772
 0.00526384   0.0231298           0   0.0241052
-0.00193282   0.0203772  -0.0241052           0
EndNode2[0]<--->HoM1[0]
REAL
   0.353261   0.0144667 0.000312375    0.207031
  0.0144667    0.152174  0.00201245  -0.0022783
0.000312375  0.00201245    0.127717   0.0176434
   0.207031  -0.0022783   0.0176434    0.366848
IMAGINARY
          0    -0.01891  0.00854628   0.0140269
    0.01891           0  -0.0268147  0.00920158
-0.00854628   0.0268147           0   0.0121781
 -0.0140269 -0.00920158  -0.0121781           0
Repeater1[0]<--->EndNode1[0]
REAL
    0.328859   -0.0103775 -0.000473872     0.213838
  -0.0103775     0.155705    0.0189662    0.0137014
-0.000473872    0.0189662     0.148993   0.00508646
    0.213838    0.0137014   0.00508646     0.366443
IMAGINARY
          0 -0.00526384  0.00922812  0.00193282
 0.00526384           0   0.0231298   0.0241052
-0.00922812  -0.0231298           0  -0.0203772
-0.00193282  -0.0241052   0.0203772           0
Repeater1[0]<--->HoM1[0]
REAL
   0.353261 0.000312375   0.0144667    0.207031
0.000312375    0.127717  0.00201245   0.0176434
  0.0144667  0.00201245    0.152174  -0.0022783
   0.207031   0.0176434  -0.0022783    0.366848
IMAGINARY
          0  0.00854628    -0.01891   0.0140269
-0.00854628           0   0.0268147   0.0121781
    0.01891  -0.0268147           0  0.00920158
 -0.0140269  -0.0121781 -0.00920158           0
EndNode1[0]<--->Repeater1[0]
REAL
   0.338896   0.0104817 -0.00479384    0.217556
  0.0104817    0.139923  -0.0149281 -0.00419647
-0.00479384  -0.0149281    0.138639  -0.0263876
   0.217556 -0.00419647  -0.0263876    0.382542
IMAGINARY
           0    0.0191446  -0.00623543    0.0054146
  -0.0191446            0   0.00153863 -0.000770944
  0.00623543  -0.00153863            0  -0.00194718
  -0.0054146  0.000770944   0.00194718            0
EndNode2[0]<--->HoM1[0]
REAL
   0.335673   0.0118114   0.0146074    0.228146
  0.0118114    0.148538  0.00757728 -0.00464725
  0.0146074  0.00757728     0.14386   0.0047889
   0.228146 -0.00464725   0.0047889     0.37193
IMAGINARY
           0    0.0115727   -0.0159848  -0.00380743
  -0.0115727            0 -0.000139943   0.00628237
   0.0159848  0.000139943            0  0.000717048
  0.00380743  -0.00628237 -0.000717048            0
Repeater1[0]<--->EndNode1[0]
REAL
   0.338896 -0.00479384   0.0104817    0.217556
-0.00479384    0.138639  -0.0149281  -0.0263876
  0.0104817  -0.0149281    0.139923 -0.00419647
   0.217556  -0.0263876 -0.00419647    0.382542
IMAGINARY
           0  -0.00623543    0.0191446    0.0054146
  0.00623543            0  -0.00153863  -0.00194718
  -0.0191446   0.00153863            0 -0.000770944
  -0.0054146   0.00194718  0.000770944            0
Repeater1[0]<--->HoM1[0]
REAL
   0.335673   0.0146074   0.0118114    0.228146
  0.0146074     0.14386  0.00757728   0.0047889
  0.0118114  0.00757728    0.148538 -0.00464725
   0.228146   0.0047889 -0.00464725     0.37193
IMAGINARY
           0   -0.0159848    0.0115727  -0.00380743
   0.0159848            0  0.000139943  0.000717048
  -0.0115727 -0.000139943            0   0.00628237
  0.00380743 -0.000717048  -0.00628237            0
EndNode1[0]<--->Repeater1[0]
REAL
   0.372124  0.00585412   0.0127169    0.219805
 0.00585412    0.133965  0.00142215  0.00902227
  0.0127169  0.00142215    0.147497 -0.00713289
   0.219805  0.00902227 -0.00713289    0.346414
IMAGINARY
          0  0.00897955 -0.00751198  -0.0155116
-0.00897955           0  0.00199811  -0.0153042
 0.00751198 -0.00199811           0   0.0373047
  0.0155116   0.0153042  -0.0373047           0
EndNode2[0]<--->HoM1[0]
REAL
   0.372272    0.016453  0.00303118    0.215134
   0.016453    0.134788  0.00940869  -0.0147805
 0.00303118  0.00940869    0.125802 -0.00339814
   0.215134  -0.0147805 -0.00339814    0.367137
IMAGINARY
          0   0.0129862  -0.0120536  -0.0180479
 -0.0129862           0 -0.00538964 -0.00459089
  0.0120536  0.00538964           0  0.00765291
  0.0180479  0.00459089 -0.00765291           0
Repeater1[0]<--->EndNode1[0]
REAL
   0.372124   0.0127169  0.00585412    0.219805
  0.0127169    0.147497  0.00142215 -0.00713289
 0.00585412  0.00142215    0.133965  0.00902227
   0.219805 -0.00713289  0.00902227    0.346414
IMAGINARY
          0 -0.00751198  0.00897955  -0.0155116
 0.00751198           0 -0.00199811   0.0373047
-0.00897955  0.00199811           0  -0.0153042
  0.0155116  -0.0373047   0.0153042           0
Repeater1[0]<--->HoM1[0]
REAL
   0.372272  0.00303118    0.016453    0.215134
 0.00303118    0.125802  0.00940869 -0.00339814
   0.016453  0.00940869    0.134788  -0.0147805
   0.215134 -0.00339814  -0.0147805    0.367137
IMAGINARY
          0  -0.0120536   0.0129862  -0.0180479
  0.0120536           0  0.00538964  0.00765291
 -0.0129862 -0.00538964           0 -0.00459089
  0.0180479 -0.00765291  0.00459089           0
EndNode1[0]<--->Repeater1[0]
REAL
    0.348993  -0.00788226 -0.000647296     0.220717
 -0.00788226     0.144966    0.0015052    0.0120109
-0.000647296    0.0015052     0.142282   0.00661963
    0.220717    0.0120109   0.00661963     0.363758
IMAGINARY
          0 -0.00334962  -0.0042567 -0.00185201
 0.00334962           0  -0.0146037  -0.0179108
  0.0042567   0.0146037           0  0.00581268
 0.00185201   0.0179108 -0.00581268           0
EndNode2[0]<--->HoM1[0]
REAL
   0.359173  -0.0226265 -0.00831368    0.219904
 -0.0226265    0.161499 -0.00163027 -0.00437667
-0.00831368 -0.00163027    0.157623  -0.0103684
   0.219904 -0.00437667  -0.0103684    0.321705
IMAGINARY
          0  0.00141699  -0.0140175   0.0132168
-0.00141699           0  -0.0145609   0.0127799
  0.0140175   0.0145609           0   0.0159097
 -0.0132168  -0.0127799  -0.0159097           0
Repeater1[0]<--->EndNode1[0]
REAL
    0.348993 -0.000647296  -0.00788226     0.220717
-0.000647296     0.142282    0.0015052   0.00661963
 -0.00788226    0.0015052     0.144966    0.0120109
    0.220717   0.00661963    0.0120109     0.363758
IMAGINARY
          0  -0.0042567 -0.00334962 -0.00185201
  0.0042567           0   0.0146037  0.00581268
 0.00334962  -0.0146037           0  -0.0179108
 0.00185201 -0.00581268   0.0179108           0
Repeater1[0]<--->HoM1[0]
REAL
   0.359173 -0.00831368  -0.0226265    0.219904
-0.00831368    0.157623 -0.00163027  -0.0103684
 -0.0226265 -0.00163027    0.161499 -0.00437667
   0.219904  -0.0103684 -0.00437667    0.321705
IMAGINARY
          0  -0.0140175  0.00141699   0.0132168
  0.0140175           0   0.0145609   0.0159097
-0.00141699  -0.0145609           0   0.0127799
 -0.0132168  -0.0159097  -0.0127799           0
EndNode1[0]<--->Repeater1[0]
REAL
   0.373418   0.0071999 -0.00464702     0.20818
  0.0071999    0.144304  -0.0106901 -0.00526051
-0.00464702  -0.0106901    0.144304  -0.0052184
    0.20818 -0.00526051  -0.0052184    0.337975
IMAGINARY
          0   0.0116831  0.00548227 -0.00323108
 -0.0116831           0   0.0234269 -0.00740782
-0.00548227  -0.0234269           0  -0.0136087
 0.00323108  0.00740782   0.0136087           0
EndNode2[0]<--->HoM1[0]
REAL
   0.362468  0.00931714 -0.00352079    0.204707
 0.00931714    0.133676 -0.00406983 -0.00603335
-0.00352079 -0.00406983    0.159383 -0.00231077
   0.204707 -0.00603335 -0.00231077    0.344473
IMAGINARY
           0    0.0263202  -0.00736359    0.0109142
  -0.0263202            0   0.00246163 -0.000615129
  0.00736359  -0.00246163            0   0.00160535
  -0.0109142  0.000615129  -0.00160535            0
Repeater1[0]<--->EndNode1[0]
REAL
   0.373418 -0.00464702   0.0071999     0.20818
-0.00464702    0.144304  -0.0106901  -0.0052184
  0.0071999  -0.0106901    0.144304 -0.00526051
    0.20818  -0.0052184 -0.00526051    0.337975
IMAGINARY
          0  0.00548227   0.0116831 -0.00323108
-0.00548227           0  -0.0234269  -0.0136087
 -0.0116831   0.0234269           0 -0.00740782
 0.00323108   0.0136087  0.00740782           0
Repeater1[0]<--->HoM1[0]
REAL
   0.362468 -0.00352079  0.00931714    0.204707
-0.00352079    0.159383 -0.00406983 -0.00231077
 0.00931714 -0.00406983    0.133676 -0.00603335
   0.204707 -0.00231077 -0.00603335    0.344473
IMAGINARY
           0  -0.00736359    0.0263202    0.0109142
  0.00736359            0  -0.00246163   0.00160535
  -0.0263202   0.00246163            0 -0.000615129
  -0.0109142  -0.00160535  0.000615129            0
EndNode1[0]<--->Repeater1[0]
REAL
   0.381142  0.00641186 -0.00388299    0.212507
 0.00641186    0.146082 -0.00567476  0.00450411
-0.00388299 -0.00567476    0.130146  -0.0132442
   0.212507  0.00450411  -0.0132442    0.342629
IMAGINARY
           0   -0.0200794   -0.0160704    0.0146786
   0.0200794            0   -0.0114361  0.000485938
   0.0160704    0.0114361            0    0.0187807
  -0.0146786 -0.000485938   -0.0187807            0
EndNode2[0]<--->HoM1[0]
REAL
     0.35817   -0.0129156 -0.000318265     0.213731
  -0.0129156     0.141176   0.00303918   -0.0127252
-0.000318265   0.00303918     0.154248 -0.000127877
    0.213731   -0.0127252 -0.000127877     0.346405
IMAGINARY
          0  -0.0387521   0.0183358 -0.00271317
  0.0387521           0   0.0264008   0.0162554
 -0.0183358  -0.0264008           0  0.00164522
 0.00271317  -0.0162554 -0.00164522           0
Repeater1[0]<--->EndNode1[0]
REAL
   0.381142 -0.00388299  0.00641186    0.212507
-0.00388299    0.130146 -0.00567476  -0.0132442
 0.00641186 -0.00567476    0.146082  0.00450411
   0.212507  -0.0132442  0.00450411    0.342629
IMAGINARY
           0   -0.0160704   -0.0200794    0.0146786
   0.0160704            0    0.0114361    0.0187807
   0.0200794   -0.0114361            0  0.000485938
  -0.0146786   -0.0187807 -0.000485938            0
Repeater1[0]<--->HoM1[0]
REAL
     0.35817 -0.000318265   -0.0129156     0.213731
-0.000318265     0.154248   0.00303918 -0.000127877
  -0.0129156   0.00303918     0.141176   -0.0127252
    0.213731 -0.000127877   -0.0127252     0.346405
IMAGINARY
          0   0.0183358  -0.0387521 -0.00271317
 -0.0183358           0  -0.0264008  0.00164522
  0.0387521   0.0264008           0   0.0162554
 0.00271317 -0.00164522  -0.0162554           0
EndNode1[0]<--->Repeater1[0]
REAL
   0.336671 -0.00768838 -0.00636853    0.220261
-0.00768838      0.1602  0.00259955  -0.0198128
-0.00636853  0.00259955    0.136421 -0.00699872
   0.220261  -0.0198128 -0.00699872    0.366708
IMAGINARY
          0  0.00303896  -0.0193403 -0.00258398
-0.00303896           0  0.00258398  -0.0167293
  0.0193403 -0.00258398           0    0.014374
 0.00258398   0.0167293   -0.014374           0
EndNode2[0]<--->HoM1[0]
REAL
  0.355584 -0.0115772  -0.017867   0.201625
-0.0115772    0.14249 0.00863139  0.0140208
 -0.017867 0.00863139    0.14249 0.00260283
  0.201625  0.0140208 0.00260283   0.359435
IMAGINARY
          0  0.00972861 -0.00877175 -0.00986097
-0.00972861           0  -0.0112308  0.00303927
 0.00877175   0.0112308           0 -0.00272224
 0.00986097 -0.00303927  0.00272224           0
Repeater1[0]<--->EndNode1[0]
REAL
   0.336671 -0.00636853 -0.00768838    0.220261
-0.00636853    0.136421  0.00259955 -0.00699872
-0.00768838  0.00259955      0.1602  -0.0198128
   0.220261 -0.00699872  -0.0198128    0.366708
IMAGINARY
          0  -0.0193403  0.00303896 -0.00258398
  0.0193403           0 -0.00258398    0.014374
-0.00303896  0.00258398           0  -0.0167293
 0.00258398   -0.014374   0.0167293           0
Repeater1[0]<--->HoM1[0]
REAL
  0.355584  -0.017867 -0.0115772   0.201625
 -0.017867    0.14249 0.00863139 0.00260283
-0.0115772 0.00863139    0.14249  0.0140208
  0.201625 0.00260283  0.0140208   0.359435
IMAGINARY
          0 -0.00877175  0.00972861 -0.00986097
 0.00877175           0   0.0112308 -0.00272224
-0.00972861  -0.0112308           0  0.00303927
 0.00986097  0.00272224 -0.00303927           0
EndNode1[0]<--->Repeater1[0]
REAL
   0.371094  -0.0231771 -0.00216795     0.20523
 -0.0231771    0.147135  -0.0132297  -0.0111654
-0.00216795  -0.0132297    0.139323 0.000510457
    0.20523  -0.0111654 0.000510457    0.342448
IMAGINARY
           0   -0.0115833  0.000139926  -0.00500087
   0.0115833            0    0.0124636   0.00716419
-0.000139926   -0.0124636            0   0.00693522
  0.00500087  -0.00716419  -0.00693522            0
EndNode2[0]<--->HoM1[0]
REAL
   0.365462   0.0270802 -0.00926382    0.233774
  0.0270802     0.14324  0.00672393   0.0321996
-0.00926382  0.00672393    0.159304  0.00109799
   0.233774   0.0321996  0.00109799    0.331995
IMAGINARY
           0  -0.00793168   0.00627631  0.000943066
  0.00793168            0  0.000294558   0.00902357
 -0.00627631 -0.000294558            0  -0.00859218
-0.000943066  -0.00902357   0.00859218            0
Repeater1[0]<--->EndNode1[0]
REAL
   0.371094 -0.00216795  -0.0231771     0.20523
-0.00216795    0.139323  -0.0132297 0.000510457
 -0.0231771  -0.0132297    0.147135  -0.0111654
    0.20523 0.000510457  -0.0111654    0.342448
IMAGINARY
           0  0.000139926   -0.0115833  -0.00500087
-0.000139926            0   -0.0124636   0.00693522
   0.0115833    0.0124636            0   0.00716419
  0.00500087  -0.00693522  -0.00716419            0
Repeater1[0]<--->HoM1[0]
REAL
   0.365462 -0.00926382   0.0270802    0.233774
-0.00926382    0.159304  0.00672393  0.00109799
  0.0270802  0.00672393     0.14324   0.0321996
   0.233774  0.00109799   0.0321996    0.331995
IMAGINARY
           0   0.00627631  -0.00793168  0.000943066
 -0.00627631            0 -0.000294558  -0.00859218
  0.00793168  0.000294558            0   0.00902357
-0.000943066   0.00859218  -0.00902357            0
EndNode1[0]<--->Repeater1[0]
REAL
   0.365947   0.0173372   0.0116119     0.20119
  0.0173372    0.135959  0.00618957 -0.00652283
  0.0116119  0.00618957     0.15756   0.0106527
    0.20119 -0.00652283   0.0106527    0.340534
IMAGINARY
          0   0.0143561  0.00208443   0.0199979
 -0.0143561           0  -0.0118898   0.0179156
-0.00208443   0.0118898           0 -0.00685606
 -0.0199979  -0.0179156  0.00685606           0
EndNode2[0]<--->HoM1[0]
REAL
    0.37037  0.00792632    0.013666      0.2092
 0.00792632    0.128395  0.00684976 -0.00132035
   0.013666  0.00684976    0.138272  0.00195022
     0.2092 -0.00132035  0.00195022    0.362963
IMAGINARY
           0   0.00916712    0.0130347  0.000280005
 -0.00916712            0   -0.0167357     0.010464
  -0.0130347    0.0167357            0  -0.00655615
-0.000280005    -0.010464   0.00655615            0
Repeater1[0]<--->EndNode1[0]
REAL
   0.365947   0.0116119   0.0173372     0.20119
  0.0116119     0.15756  0.00618957   0.0106527
  0.0173372  0.00618957    0.135959 -0.00652283
    0.20119   0.0106527 -0.00652283    0.340534
IMAGINARY
          0  0.00208443   0.0143561   0.0199979
-0.00208443           0   0.0118898 -0.00685606
 -0.0143561  -0.0118898           0   0.0179156
 -0.0199979  0.00685606  -0.0179156           0
Repeater1[0]<--->HoM1[0]
REAL
    0.37037    0.013666  0.00792632      0.2092
   0.013666    0.138272  0.00684976  0.00195022
 0.00792632  0.00684976    0.128395 -0.00132035
     0.2092  0.00195022 -0.00132035    0.362963
IMAGINARY
           0    0.0130347   0.00916712  0.000280005
  -0.0130347            0    0.0167357  -0.00655615
 -0.00916712   -0.0167357            0     0.010464
-0.000280005   0.00655615    -0.010464            0
EndNode1[0]<--->Repeater1[0]
REAL
    0.37578  0.00490802 -0.00522126    0.210771
 0.00490802    0.147316  0.00511026  0.00149917
-0.00522126  0.00511026    0.146067   0.0174245
   0.210771  0.00149917   0.0174245    0.330836
IMAGINARY
           0  -0.00921626  0.000684031  -0.00294517
  0.00921626            0    0.0290548    0.0225864
-0.000684031   -0.0290548            0   0.00104015
  0.00294517   -0.0225864  -0.00104015            0
EndNode2[0]<--->HoM1[0]
REAL
  0.367758 0.00963008  0.0286302   0.219415
0.00963008   0.139798  0.0177916 -0.0058086
 0.0286302  0.0177916   0.132242 0.00765899
  0.219415 -0.0058086 0.00765899   0.360202
IMAGINARY
          0  0.00972836  -0.0107531  0.00964646
-0.00972836           0   0.0029798  0.00888042
  0.0107531  -0.0029798           0 -0.00411039
-0.00964646 -0.00888042  0.00411039           0
Repeater1[0]<--->EndNode1[0]
REAL
    0.37578 -0.00522126  0.00490802    0.210771
-0.00522126    0.146067  0.00511026   0.0174245
 0.00490802  0.00511026    0.147316  0.00149917
   0.210771   0.0174245  0.00149917    0.330836
IMAGINARY
           0  0.000684031  -0.00921626  -0.00294517
-0.000684031            0   -0.0290548   0.00104015
  0.00921626    0.0290548            0    0.0225864
  0.00294517  -0.00104015   -0.0225864            0
Repeater1[0]<--->HoM1[0]
REAL
  0.367758  0.0286302 0.00963008   0.219415
 0.0286302   0.132242  0.0177916 0.00765899
0.00963008  0.0177916   0.139798 -0.0058086
  0.219415 0.00765899 -0.0058086   0.360202
IMAGINARY
          0  -0.0107531  0.00972836  0.00964646
  0.0107531           0  -0.0029798 -0.00411039
-0.00972836   0.0029798           0  0.00888042
-0.00964646  0.00411039 -0.00888042           0
EndNode1[0]<--->Repeater1[0]
REAL
   0.371762 -0.00719698  0.00210322      0.2146
-0.00719698     0.13601  -0.0105309  -0.0175163
 0.00210322  -0.0105309    0.151554  -0.0180805
     0.2146  -0.0175163  -0.0180805    0.340674
IMAGINARY
           0 -0.000613547   -0.0175738   0.00578029
 0.000613547            0    0.0237086   0.00317588
   0.0175738   -0.0237086            0    0.0150115
 -0.00578029  -0.00317588   -0.0150115            0
EndNode2[0]<--->HoM1[0]
REAL
   0.340659   0.0207127 -0.00220376    0.227179
  0.0207127     0.14652   -0.029166    0.013462
-0.00220376   -0.029166    0.169719 -0.00415641
   0.227179    0.013462 -0.00415641    0.343101
IMAGINARY
           0  -0.00153572  0.000859669    -0.011988
  0.00153572            0   -0.0146618  -0.00720485
-0.000859669    0.0146618            0     0.012957
    0.011988   0.00720485    -0.012957            0
Repeater1[0]<--->EndNode1[0]
REAL
   0.371762  0.00210322 -0.00719698      0.2146
 0.00210322    0.151554  -0.0105309  -0.0180805
-0.00719698  -0.0105309     0.13601  -0.0175163
     0.2146  -0.0180805  -0.0175163    0.340674
IMAGINARY
           0   -0.0175738 -0.000613547   0.00578029
   0.0175738            0   -0.0237086    0.0150115
 0.000613547    0.0237086            0   0.00317588
 -0.00578029   -0.0150115  -0.00317588            0
Repeater1[0]<--->HoM1[0]
REAL
   0.340659 -0.00220376   0.0207127    0.227179
-0.00220376    0.169719   -0.029166 -0.00415641
  0.0207127   -0.029166     0.14652    0.013462
   0.227179 -0.00415641    0.013462    0.343101
IMAGINARY
           0  0.000859669  -0.00153572    -0.011988
-0.000859669            0    0.0146618     0.012957
  0.00153572   -0.0146618            0  -0.00720485
    0.011988    -0.012957   0.00720485            0
EndNode1[0]<--->Repeater1[0]
REAL
    0.369048  -0.00167466 -0.000398981     0.217359
 -0.00167466     0.145503  -0.00639113   0.00749576
-0.000398981  -0.00639113     0.137566  -0.00671244
    0.217359   0.00749576  -0.00671244     0.347884
IMAGINARY
           0    0.0342095   -0.0224893  -0.00949367
  -0.0342095            0    0.0170886   -0.0112607
   0.0224893   -0.0170886            0  0.000790488
  0.00949367    0.0112607 -0.000790488            0
EndNode2[0]<--->HoM1[0]
REAL
    0.36228 0.000182022  -0.0077616    0.231774
0.000182022    0.147897  -0.0048668    0.012447
 -0.0077616  -0.0048668    0.153324  -0.0115609
   0.231774    0.012447  -0.0115609    0.336499
IMAGINARY
          0  0.00234365  -0.0113065  0.00460888
-0.00234365           0  -0.0148391   0.0113065
  0.0113065   0.0148391           0  -0.0239721
-0.00460888  -0.0113065   0.0239721           0
Repeater1[0]<--->EndNode1[0]
REAL
    0.369048 -0.000398981  -0.00167466     0.217359
-0.000398981     0.137566  -0.00639113  -0.00671244
 -0.00167466  -0.00639113     0.145503   0.00749576
    0.217359  -0.00671244   0.00749576     0.347884
IMAGINARY
           0   -0.0224893    0.0342095  -0.00949367
   0.0224893            0   -0.0170886  0.000790488
  -0.0342095    0.0170886            0   -0.0112607
  0.00949367 -0.000790488    0.0112607            0
Repeater1[0]<--->HoM1[0]
REAL
    0.36228  -0.0077616 0.000182022    0.231774
 -0.0077616    0.153324  -0.0048668  -0.0115609
0.000182022  -0.0048668    0.147897    0.012447
   0.231774  -0.0115609    0.012447    0.336499
IMAGINARY
          0  -0.0113065  0.00234365  0.00460888
  0.0113065           0   0.0148391  -0.0239721
-0.00234365  -0.0148391           0   0.0113065
-0.00460888   0.0239721  -0.0113065           0
EndNode1[0]<--->Repeater1[0]
REAL
    0.346859    0.0194146  -0.00109393     0.208638
   0.0194146     0.143979   0.00253065   -0.0175197
 -0.00109393   0.00253065      0.15445 -0.000801013
    0.208638   -0.0175197 -0.000801013     0.354712
IMAGINARY
          0  -0.0171913   0.0268264   0.0176062
  0.0171913           0   0.0143887 -0.00265337
 -0.0268264  -0.0143887           0  0.00955769
 -0.0176062  0.00265337 -0.00955769           0
EndNode2[0]<--->HoM1[0]
REAL
   0.339853  -0.0313135  -0.0085444    0.196843
 -0.0313135    0.130807 -0.00472777 -0.00459703
 -0.0085444 -0.00472777    0.146699  -0.0118655
   0.196843 -0.00459703  -0.0118655    0.382641
IMAGINARY
           0   -0.0111222   -0.0222293    0.0254224
   0.0111222            0  -0.00210637 -2.20205e-05
   0.0222293   0.00210637            0  -0.00851127
  -0.0254224  2.20205e-05   0.00851127            0
Repeater1[0]<--->EndNode1[0]
REAL
    0.346859  -0.00109393    0.0194146     0.208638
 -0.00109393      0.15445   0.00253065 -0.000801013
   0.0194146   0.00253065     0.143979   -0.0175197
    0.208638 -0.000801013   -0.0175197     0.354712
IMAGINARY
          0   0.0268264  -0.0171913   0.0176062
 -0.0268264           0  -0.0143887  0.00955769
  0.0171913   0.0143887           0 -0.00265337
 -0.0176062 -0.00955769  0.00265337           0
Repeater1[0]<--->HoM1[0]
REAL
   0.339853  -0.0085444  -0.0313135    0.196843
 -0.0085444    0.146699 -0.00472777  -0.0118655
 -0.0313135 -0.00472777    0.130807 -0.00459703
   0.196843  -0.0118655 -0.00459703    0.382641
IMAGINARY
           0   -0.0222293   -0.0111222    0.0254224
   0.0222293            0   0.00210637  -0.00851127
   0.0111222  -0.00210637            0 -2.20205e-05
  -0.0254224   0.00851127  2.20205e-05            0
EndNode1[0]<--->Repeater1[0]
REAL
  0.359375 -0.0151784 0.00882331   0.207464
-0.0151784   0.128906 0.00771819  0.0056058
0.00882331 0.00771819   0.136719  0.0158058
  0.207464  0.0056058  0.0158058      0.375
IMAGINARY
          0 -0.00232861    0.020383 -0.00375943
 0.00232861           0 -0.00579471 -0.00129901
  -0.020383  0.00579471           0  -0.0192999
 0.00375943  0.00129901   0.0192999           0
EndNode2[0]<--->HoM1[0]
REAL
   0.319797 -0.00120329  0.00681746    0.205331
-0.00120329    0.147208   0.0231117  0.00412205
 0.00681746   0.0231117     0.15736   0.0082818
   0.205331  0.00412205   0.0082818    0.375635
IMAGINARY
          0  0.00094232 -0.00131427 -0.00410076
-0.00094232           0  0.00283493  -0.0131876
 0.00131427 -0.00283493           0   0.0186037
 0.00410076   0.0131876  -0.0186037           0
Repeater1[0]<--->EndNode1[0]
REAL
  0.359375 0.00882331 -0.0151784   0.207464
0.00882331   0.136719 0.00771819  0.0158058
-0.0151784 0.00771819   0.128906  0.0056058
  0.207464  0.0158058  0.0056058      0.375
IMAGINARY
          0    0.020383 -0.00232861 -0.00375943
  -0.020383           0  0.00579471  -0.0192999
 0.00232861 -0.00579471           0 -0.00129901
 0.00375943   0.0192999  0.00129901           0
Repeater1[0]<--->HoM1[0]
REAL
   0.319797  0.00681746 -0.00120329    0.205331
 0.00681746     0.15736   0.0231117   0.0082818
-0.00120329   0.0231117    0.147208  0.00412205
   0.205331   0.0082818  0.00412205    0.375635
IMAGINARY
          0 -0.00131427  0.00094232 -0.00410076
 0.00131427           0 -0.00283493   0.0186037
-0.00094232  0.00283493           0  -0.0131876
 0.00410076  -0.0186037   0.0131876           0
EndNode1[0]<--->Repeater1[0]
REAL
   0.362595   -0.028933  -0.0176467    0.217114
  -0.028933    0.129771 -0.00151742  -0.0105316
 -0.0176467 -0.00151742     0.16285  -0.0162832
   0.217114  -0.0105316  -0.0162832    0.344784
IMAGINARY
           0  0.000992507     -0.01109   -0.0316062
-0.000992507            0   -0.0115545     -0.01109
     0.01109    0.0115545            0   0.00344349
   0.0316062      0.01109  -0.00344349            0
EndNode2[0]<--->HoM1[0]
REAL
    0.32772 -0.00870657  -0.0028544    0.225217
-0.00870657    0.146373  -0.0144735   0.0111189
 -0.0028544  -0.0144735    0.163212 -0.00231271
   0.225217   0.0111189 -0.00231271    0.362694
IMAGINARY
          0 -0.00311507   0.0163139 -0.00500908
 0.00311507           0 -0.00565759 -0.00987062
 -0.0163139  0.00565759           0  0.00440373
 0.00500908  0.00987062 -0.00440373           0
Repeater1[0]<--->EndNode1[0]
REAL
   0.362595  -0.0176467   -0.028933    0.217114
 -0.0176467     0.16285 -0.00151742  -0.0162832
  -0.028933 -0.00151742    0.129771  -0.0105316
   0.217114  -0.0162832  -0.0105316    0.344784
IMAGINARY
           0     -0.01109  0.000992507   -0.0316062
     0.01109            0    0.0115545   0.00344349
-0.000992507   -0.0115545            0     -0.01109
   0.0316062  -0.00344349      0.01109            0
Repeater1[0]<--->HoM1[0]
REAL
    0.32772  -0.0028544 -0.00870657    0.225217
 -0.0028544    0.163212  -0.0144735 -0.00231271
-0.00870657  -0.0144735    0.146373   0.0111189
   0.225217 -0.00231271   0.0111189    0.362694
IMAGINARY
          0   0.0163139 -0.00311507 -0.00500908
 -0.0163139           0  0.00565759  0.00440373
 0.00311507 -0.00565759           0 -0.00987062
 0.00500908 -0.00440373  0.00987062           0
EndNode1[0]<--->Repeater1[0]
REAL
   0.342784   0.0201829 -0.00213978    0.233647
  0.0201829    0.158505   0.0239692  -0.0117675
-0.00213978   0.0239692    0.153351 -0.00362662
   0.233647  -0.0117675 -0.00362662    0.345361
IMAGINARY
          0  -0.0108199           0 -0.00488462
  0.0108199           0   0.0186823   0.0135484
          0  -0.0186823           0   0.0166264
 0.00488462  -0.0135484  -0.0166264           0
EndNode2[0]<--->HoM1[0]
REAL
   0.368159   -0.028574  -0.0101077     0.21528
  -0.028574    0.129353  0.00890175 -0.00500565
 -0.0101077  0.00890175    0.146766  -0.0155066
    0.21528 -0.00500565  -0.0155066    0.355721
IMAGINARY
          0   0.0011255 -0.00584242 -0.00675067
 -0.0011255           0    0.011959 -0.00318285
 0.00584242   -0.011959           0  0.00308629
 0.00675067  0.00318285 -0.00308629           0
Repeater1[0]<--->EndNode1[0]
REAL
   0.342784 -0.00213978   0.0201829    0.233647
-0.00213978    0.153351   0.0239692 -0.00362662
  0.0201829   0.0239692    0.158505  -0.0117675
   0.233647 -0.00362662  -0.0117675    0.345361
IMAGINARY
          0           0  -0.0108199 -0.00488462
          0           0  -0.0186823   0.0166264
  0.0108199   0.0186823           0   0.0135484
 0.00488462  -0.0166264  -0.0135484           0
Repeater1[0]<--->HoM1[0]
REAL
   0.368159  -0.0101077   -0.028574     0.21528
 -0.0101077    0.146766  0.00890175  -0.0155066
  -0.028574  0.00890175    0.129353 -0.00500565
    0.21528  -0.0155066 -0.00500565    0.355721
IMAGINARY
          0 -0.00584242   0.0011255 -0.00675067
 0.00584242           0   -0.011959  0.00308629
 -0.0011255    0.011959           0 -0.00318285
 0.00675067 -0.00308629  0.00318285           0
EndNode1[0]<--->Repeater1[0]
REAL
  0.353022 0.00356278  0.0108434   0.210043
0.00356278   0.149725 -0.0112476 -0.0192771
 0.0108434 -0.0112476   0.173077 -0.0192254
  0.210043 -0.0192771 -0.0192254   0.324176
IMAGINARY
          0  -0.0105874   0.0181452 -0.00786646
  0.0105874           0 -0.00916517  0.00314516
 -0.0181452  0.00916517           0  0.00220031
 0.00786646 -0.00314516 -0.00220031           0
EndNode2[0]<--->HoM1[0]
REAL
  0.356704  0.0090236   0.012024   0.209359
 0.0090236   0.153752 0.00454792 0.00718134
  0.012024 0.00454792   0.131611  0.0128307
  0.209359 0.00718134  0.0128307   0.357934
IMAGINARY
          0   -0.011192   0.0147984 -0.00566035
   0.011192           0   0.0166494 -0.00634587
 -0.0147984  -0.0166494           0  0.00403982
 0.00566035  0.00634587 -0.00403982           0
Repeater1[0]<--->EndNode1[0]
REAL
  0.353022  0.0108434 0.00356278   0.210043
 0.0108434   0.173077 -0.0112476 -0.0192254
0.00356278 -0.0112476   0.149725 -0.0192771
  0.210043 -0.0192254 -0.0192771   0.324176
IMAGINARY
          0   0.0181452  -0.0105874 -0.00786646
 -0.0181452           0  0.00916517  0.00220031
  0.0105874 -0.00916517           0  0.00314516
 0.00786646 -0.00220031 -0.00314516           0
Repeater1[0]<--->HoM1[0]
REAL
  0.356704   0.012024  0.0090236   0.209359
  0.012024   0.131611 0.00454792  0.0128307
 0.0090236 0.00454792   0.153752 0.00718134
  0.209359  0.0128307 0.00718134   0.357934
IMAGINARY
          0   0.0147984   -0.011192 -0.00566035
 -0.0147984           0  -0.0166494  0.00403982
   0.011192   0.0166494           0 -0.00634587
 0.00566035 -0.00403982  0.00634587           0
EndNode1[0]<--->Repeater1[0]
REAL
   0.356364 0.000992927   0.0119664    0.216938
0.000992927    0.133333  0.00363166   0.0119664
  0.0119664  0.00363166    0.138182  -0.0106954
   0.216938   0.0119664  -0.0106954    0.372121
IMAGINARY
           0  -0.00958566  -0.00916542  -0.00980307
  0.00958566            0  -0.00915118   -0.0148401
  0.00916542   0.00915118            0 -0.000702409
  0.00980307    0.0148401  0.000702409            0
EndNode2[0]<--->HoM1[0]
REAL
   0.347395 0.000170503 -0.00982119    0.209453
0.000170503    0.150124     0.02388 -0.00651868
-0.00982119     0.02388    0.137717   -0.013896
   0.209453 -0.00651868   -0.013896    0.364764
IMAGINARY
           0  -0.00379683  0.000452844   0.00787962
  0.00379683            0   -0.0142087    0.0137272
-0.000452844    0.0142087            0    0.0155108
 -0.00787962   -0.0137272   -0.0155108            0
Repeater1[0]<--->EndNode1[0]
REAL
   0.356364   0.0119664 0.000992927    0.216938
  0.0119664    0.138182  0.00363166  -0.0106954
0.000992927  0.00363166    0.133333   0.0119664
   0.216938  -0.0106954   0.0119664    0.372121
IMAGINARY
           0  -0.00916542  -0.00958566  -0.00980307
  0.00916542            0   0.00915118 -0.000702409
  0.00958566  -0.00915118            0   -0.0148401
  0.00980307  0.000702409    0.0148401            0
Repeater1[0]<--->HoM1[0]
REAL
   0.347395 -0.00982119 0.000170503    0.209453
-0.00982119    0.137717     0.02388   -0.013896
0.000170503     0.02388    0.150124 -0.00651868
   0.209453   -0.013896 -0.00651868    0.364764
IMAGINARY
           0  0.000452844  -0.00379683   0.00787962
-0.000452844            0    0.0142087    0.0155108
  0.00379683   -0.0142087            0    0.0137272
 -0.00787962   -0.0155108   -0.0137272            0
EndNode1[0]<--->Repeater1[0]
REAL
   0.372859   0.0273488  0.00871903    0.203418
  0.0273488    0.167325 -0.00874047   0.0164911
 0.00871903 -0.00874047    0.129117   0.0202703
   0.203418   0.0164911   0.0202703    0.330698
IMAGINARY
          0  -0.0105208  0.00331565   0.0216504
  0.0105208           0  0.00432365 -0.00331565
-0.00331565 -0.00432365           0 -0.00933032
 -0.0216504  0.00331565  0.00933032           0
EndNode2[0]<--->HoM1[0]
REAL
   0.367089   0.0111926   0.0150726    0.208431
  0.0111926    0.146835 -0.00325691 -0.00243717
  0.0150726 -0.00325691    0.149367  0.00986635
   0.208431 -0.00243717  0.00986635    0.336709
IMAGINARY
          0  0.00305586   0.0141589   0.0102033
-0.00305586           0   0.0147311 -0.00376934
 -0.0141589  -0.0147311           0 -0.00825067
 -0.0102033  0.00376934  0.00825067           0
Repeater1[0]<--->EndNode1[0]
REAL
   0.372859  0.00871903   0.0273488    0.203418
 0.00871903    0.129117 -0.00874047   0.0202703
  0.0273488 -0.00874047    0.167325   0.0164911
   0.203418   0.0202703   0.0164911    0.330698
IMAGINARY
          0  0.00331565  -0.0105208   0.0216504
-0.00331565           0 -0.00432365 -0.00933032
  0.0105208  0.00432365           0 -0.00331565
 -0.0216504  0.00933032  0.00331565           0
Repeater1[0]<--->HoM1[0]
REAL
   0.367089   0.0150726   0.0111926    0.208431
  0.0150726    0.149367 -0.00325691  0.00986635
  0.0111926 -0.00325691    0.146835 -0.00243717
   0.208431  0.00986635 -0.00243717    0.336709
IMAGINARY
          0   0.0141589  0.00305586   0.0102033
 -0.0141589           0  -0.0147311 -0.00825067
-0.00305586   0.0147311           0 -0.00376934
 -0.0102033  0.00825067  0.00376934           0
EndNode1[0]<--->Repeater1[0]
REAL
   0.365119   0.0197748  0.00352274    0.230413
  0.0197748    0.131744   0.0118946  0.00416957
 0.00352274   0.0118946    0.145546 -0.00567224
   0.230413  0.00416957 -0.00567224    0.357591
IMAGINARY
          0  -0.0102672  -0.0150977  -0.0173743
  0.0102672           0  -0.0312983 -0.00835912
  0.0150977   0.0312983           0   0.0213783
  0.0173743  0.00835912  -0.0213783           0
EndNode2[0]<--->HoM1[0]
REAL
  0.382732  0.0231821  0.0124216   0.199669
 0.0231821   0.132732 -0.0246057  0.0329185
 0.0124216 -0.0246057   0.135309 0.00956346
  0.199669  0.0329185 0.00956346   0.349227
IMAGINARY
          0   0.0134504  0.00041304    0.019583
 -0.0134504           0 -0.00997995  -0.0136057
-0.00041304  0.00997995           0 -0.00685413
  -0.019583   0.0136057  0.00685413           0
Repeater1[0]<--->EndNode1[0]
REAL
   0.365119  0.00352274   0.0197748    0.230413
 0.00352274    0.145546   0.0118946 -0.00567224
  0.0197748   0.0118946    0.131744  0.00416957
   0.230413 -0.00567224  0.00416957    0.357591
IMAGINARY
          0  -0.0150977  -0.0102672  -0.0173743
  0.0150977           0   0.0312983   0.0213783
  0.0102672  -0.0312983           0 -0.00835912
  0.0173743  -0.0213783  0.00835912           0
Repeater1[0]<--->HoM1[0]
REAL
  0.382732  0.0124216  0.0231821   0.199669
 0.0124216   0.135309 -0.0246057 0.00956346
 0.0231821 -0.0246057   0.132732  0.0329185
  0.199669 0.00956346  0.0329185   0.349227
IMAGINARY
          0  0.00041304   0.0134504    0.019583
-0.00041304           0  0.00997995 -0.00685413
 -0.0134504 -0.00997995           0  -0.0136057
  -0.019583  0.00685413   0.0136057           0
EndNode1[0]<--->Repeater1[0]
REAL
   0.353706  -0.0015188 -0.00968138    0.237711
 -0.0015188    0.135241 -0.00713446  -0.0116219
-0.00968138 -0.00713446    0.143043  -0.0135188
   0.237711  -0.0116219  -0.0135188     0.36801
IMAGINARY
          0 -0.00968001 -0.00550306  -0.0151759
 0.00968001           0  -0.0208938  0.00808038
 0.00550306   0.0208938           0 -0.00578391
  0.0151759 -0.00808038  0.00578391           0
EndNode2[0]<--->HoM1[0]
REAL
   0.358779  -0.0212284  -0.0184047    0.201862
 -0.0212284    0.139949 -0.00915992  0.00752122
 -0.0184047 -0.00915992    0.155216  0.00522325
   0.201862  0.00752122  0.00522325    0.346056
IMAGINARY
          0 -0.00202113  0.00455321 -0.00578406
 0.00202113           0  0.00578406 -0.00992955
-0.00455321 -0.00578406           0  -0.0100756
 0.00578406  0.00992955   0.0100756           0
Repeater1[0]<--->EndNode1[0]
REAL
   0.353706 -0.00968138  -0.0015188    0.237711
-0.00968138    0.143043 -0.00713446  -0.0135188
 -0.0015188 -0.00713446    0.135241  -0.0116219
   0.237711  -0.0135188  -0.0116219     0.36801
IMAGINARY
          0 -0.00550306 -0.00968001  -0.0151759
 0.00550306           0   0.0208938 -0.00578391
 0.00968001  -0.0208938           0  0.00808038
  0.0151759  0.00578391 -0.00808038           0
Repeater1[0]<--->HoM1[0]
REAL
   0.358779  -0.0184047  -0.0212284    0.201862
 -0.0184047    0.155216 -0.00915992  0.00522325
 -0.0212284 -0.00915992    0.139949  0.00752122
   0.201862  0.00522325  0.00752122    0.346056
IMAGINARY
          0  0.00455321 -0.00202113 -0.00578406
-0.00455321           0 -0.00578406  -0.0100756
 0.00202113  0.00578406           0 -0.00992955
 0.00578406   0.0100756  0.00992955           0
EndNode1[0]<--->Repeater1[0]
REAL
   0.351254   0.0185014   0.0157545    0.225694
  0.0185014    0.156511 -0.00169427  0.00424552
  0.0157545 -0.00169427    0.144564  0.00283191
   0.225694  0.00424552  0.00283191     0.34767
IMAGINARY
           0   0.00364325   -0.0109428  3.82263e-05
 -0.00364325            0    0.0202763    0.0115797
   0.0109428   -0.0202763            0  -0.00682796
-3.82263e-05   -0.0115797   0.00682796            0
EndNode2[0]<--->HoM1[0]
REAL
   0.334171   0.0245149 -0.00487197    0.223152
  0.0245149    0.136935  -0.0246525   0.0110111
-0.00487197  -0.0246525    0.150754 -0.00609739
   0.223152   0.0110111 -0.00609739    0.378141
IMAGINARY
           0    0.0147483   0.00140299  0.000258024
  -0.0147483            0  -0.00291054   -0.0258697
 -0.00140299   0.00291054            0    0.0134825
-0.000258024    0.0258697   -0.0134825            0
Repeater1[0]<--->EndNode1[0]
REAL
   0.351254   0.0157545   0.0185014    0.225694
  0.0157545    0.144564 -0.00169427  0.00283191
  0.0185014 -0.00169427    0.156511  0.00424552
   0.225694  0.00283191  0.00424552     0.34767
IMAGINARY
           0   -0.0109428   0.00364325  3.82263e-05
   0.0109428            0   -0.0202763  -0.00682796
 -0.00364325    0.0202763            0    0.0115797
-3.82263e-05   0.00682796   -0.0115797            0
Repeater1[0]<--->HoM1[0]
REAL
   0.334171 -0.00487197   0.0245149    0.223152
-0.00487197    0.150754  -0.0246525 -0.00609739
  0.0245149  -0.0246525    0.136935   0.0110111
   0.223152 -0.00609739   0.0110111    0.378141
IMAGINARY
           0   0.00140299    0.0147483  0.000258024
 -0.00140299            0   0.00291054    0.0134825
  -0.0147483  -0.00291054            0   -0.0258697
-0.000258024   -0.0134825    0.0258697            0
EndNode1[0]<--->Repeater1[0]
REAL
  0.360759 -0.0141101 -0.0162206   0.196792
-0.0141101   0.163291 -0.0178578  0.0149515
-0.0162206 -0.0178578   0.144304 -0.0061945
  0.196792  0.0149515 -0.0061945   0.331646
IMAGINARY
         0 -0.0053416  0.0243131  0.0175429
 0.0053416          0  0.0100053 -0.0185806
-0.0243131 -0.0100053          0 -0.0156775
-0.0175429  0.0185806  0.0156775          0
EndNode2[0]<--->HoM1[0]
REAL
   0.337731   0.0122292   0.0188483    0.206266
  0.0122292    0.167546 -0.00154208 -0.00703727
  0.0188483 -0.00154208    0.139842 0.000894173
   0.206266 -0.00703727 0.000894173    0.354881
IMAGINARY
          0  -0.0118184  0.00232614  0.00974375
  0.0118184           0  0.00367088 -0.00610447
-0.00232614 -0.00367088           0 -0.00455444
-0.00974375  0.00610447  0.00455444           0
Repeater1[0]<--->EndNode1[0]
REAL
  0.360759 -0.0162206 -0.0141101   0.196792
-0.0162206   0.144304 -0.0178578 -0.0061945
-0.0141101 -0.0178578   0.163291  0.0149515
  0.196792 -0.0061945  0.0149515   0.331646
IMAGINARY
         0  0.0243131 -0.0053416  0.0175429
-0.0243131          0 -0.0100053 -0.0156775
 0.0053416  0.0100053          0 -0.0185806
-0.0175429  0.0156775  0.0185806          0
Repeater1[0]<--->HoM1[0]
REAL
   0.337731   0.0188483   0.0122292    0.206266
  0.0188483    0.139842 -0.00154208 0.000894173
  0.0122292 -0.00154208    0.167546 -0.00703727
   0.206266 0.000894173 -0.00703727    0.354881
IMAGINARY
          0  0.00232614  -0.0118184  0.00974375
-0.00232614           0 -0.00367088 -0.00455444
  0.0118184  0.00367088           0 -0.00610447
-0.00974375  0.00455444  0.00610447           0
EndNode1[0]<--->Repeater1[0]
REAL
   0.358561  -0.0125351 -0.00075219    0.205252
 -0.0125351     0.12531 0.000477649  0.00726261
-0.00075219 0.000477649    0.150124  0.00862889
   0.205252  0.00726261  0.00862889    0.366005
IMAGINARY
          0   0.0144376  -0.0184795 -0.00284548
 -0.0144376           0 -0.00216705   -0.010415
  0.0184795  0.00216705           0   0.0157131
