EndNode1[0]<--->Repeater1[0]
REAL
  0.415855  0.0188507 -0.0037708   0.345526
 0.0188507  0.0806676  0.0413129  0.0179159
-0.0037708  0.0413129  0.0834492  0.0149747
  0.345526  0.0179159  0.0149747   0.420028
IMAGINARY
          0  0.00632507 -0.00216853   0.0209388
-0.00632507           0   0.0306917 -0.00216853
 0.00216853  -0.0306917           0 -0.00942296
 -0.0209388  0.00216853  0.00942296           0
EndNode2[0]<--->HoM1[0]
REAL
   0.424516   0.0234866 -0.00384884    0.340708
  0.0234866   0.0851613   0.0497197   0.0101461
-0.00384884   0.0497197   0.0554839  -0.0184489
   0.340708   0.0101461  -0.0184489    0.434839
IMAGINARY
           0  -0.00238579   0.00469295   0.00573308
  0.00238579            0  5.84263e-05    0.0147063
 -0.00469295 -5.84263e-05            0   0.00426314
 -0.00573308   -0.0147063  -0.00426314            0
Repeater1[0]<--->EndNode1[0]
REAL
  0.415855 -0.0037708  0.0188507   0.345526
-0.0037708  0.0834492  0.0413129  0.0149747
 0.0188507  0.0413129  0.0806676  0.0179159
  0.345526  0.0149747  0.0179159   0.420028
IMAGINARY
          0 -0.00216853  0.00632507   0.0209388
 0.00216853           0  -0.0306917 -0.00942296
-0.00632507   0.0306917           0 -0.00216853
 -0.0209388  0.00942296  0.00216853           0
Repeater1[0]<--->HoM1[0]
REAL
   0.424516 -0.00384884   0.0234866    0.340708
-0.00384884   0.0554839   0.0497197  -0.0184489
  0.0234866   0.0497197   0.0851613   0.0101461
   0.340708  -0.0184489   0.0101461    0.434839
IMAGINARY
           0   0.00469295  -0.00238579   0.00573308
 -0.00469295            0 -5.84263e-05   0.00426314
  0.00238579  5.84263e-05            0    0.0147063
 -0.00573308  -0.00426314   -0.0147063            0
EndNode1[0]<--->Repeater1[0]
REAL
   0.443038    0.006938  0.00936965    0.351408
   0.006938   0.0759494   0.0529288  -0.0119207
 0.00936965   0.0529288   0.0734177 -0.00821351
   0.351408  -0.0119207 -0.00821351    0.407595
IMAGINARY
          0   -0.014277 -0.00345069  0.00814611
   0.014277           0  -0.0124724 -0.00478759
 0.00345069   0.0124724           0 -0.00410065
-0.00814611  0.00478759  0.00410065           0
EndNode2[0]<--->HoM1[0]
REAL
  0.425273 -0.0100688 -0.0032074   0.330839
-0.0100688  0.0619684  0.0223846   0.010752
-0.0032074  0.0223846  0.0777643  0.0134981
  0.330839   0.010752  0.0134981   0.434994
IMAGINARY
           0    0.0170733 -0.000763038    0.0242772
  -0.0170733            0    0.0192011   -0.0104655
 0.000763038   -0.0192011            0   0.00868624
  -0.0242772    0.0104655  -0.00868624            0
Repeater1[0]<--->EndNode1[0]
REAL
   0.443038  0.00936965    0.006938    0.351408
 0.00936965   0.0734177   0.0529288 -0.00821351
   0.006938   0.0529288   0.0759494  -0.0119207
   0.351408 -0.00821351  -0.0119207    0.407595
IMAGINARY
          0 -0.00345069   -0.014277  0.00814611
 0.00345069           0   0.0124724 -0.00410065
   0.014277  -0.0124724           0 -0.00478759
-0.00814611  0.00410065  0.00478759           0
Repeater1[0]<--->HoM1[0]
REAL
  0.425273 -0.0032074 -0.0100688   0.330839
-0.0032074  0.0777643  0.0223846  0.0134981
-0.0100688  0.0223846  0.0619684   0.010752
  0.330839  0.0134981   0.010752   0.434994
IMAGINARY
           0 -0.000763038    0.0170733    0.0242772
 0.000763038            0   -0.0192011   0.00868624
  -0.0170733    0.0192011            0   -0.0104655
  -0.0242772  -0.00868624    0.0104655            0
EndNode1[0]<--->Repeater1[0]
REAL
   0.452128   0.0122679 -0.00725668    0.351729
  0.0122679   0.0425532   0.0451069   0.0244506
-0.00725668   0.0451069   0.0718085   0.0173057
   0.351729   0.0244506   0.0173057    0.433511
IMAGINARY
           0  0.000146712    0.0041765  -0.00277891
-0.000146712            0   -0.0101681  -0.00483875
  -0.0041765    0.0101681            0    0.0137606
  0.00277891   0.00483875   -0.0137606            0
EndNode2[0]<--->HoM1[0]
REAL
   0.454784  0.00549402 -0.00132224    0.337205
 0.00549402   0.0694626   0.0345902 -0.00744969
-0.00132224   0.0345902   0.0524246  -0.0021202
   0.337205 -0.00744969  -0.0021202    0.423329
IMAGINARY
         0 -0.0199531   0.025483  0.0161814
 0.0199531          0   0.024216 -0.0117575
 -0.025483  -0.024216          0  -0.018609
-0.0161814  0.0117575   0.018609          0
Repeater1[0]<--->EndNode1[0]
REAL
   0.452128 -0.00725668   0.0122679    0.351729
-0.00725668   0.0718085   0.0451069   0.0173057
  0.0122679   0.0451069   0.0425532   0.0244506
   0.351729   0.0173057   0.0244506    0.433511
IMAGINARY
           0    0.0041765  0.000146712  -0.00277891
  -0.0041765            0    0.0101681    0.0137606
-0.000146712   -0.0101681            0  -0.00483875
  0.00277891   -0.0137606   0.00483875            0
Repeater1[0]<--->HoM1[0]
REAL
   0.454784 -0.00132224  0.00549402    0.337205
-0.00132224   0.0524246   0.0345902  -0.0021202
 0.00549402   0.0345902   0.0694626 -0.00744969
   0.337205  -0.0021202 -0.00744969    0.423329
IMAGINARY
         0   0.025483 -0.0199531  0.0161814
 -0.025483          0  -0.024216  -0.018609
 0.0199531   0.024216          0 -0.0117575
-0.0161814   0.018609  0.0117575          0
EndNode1[0]<--->Repeater1[0]
REAL
    0.45953  0.00730623  -0.0147636    0.351387
 0.00730623   0.0678851   0.0646127  0.00809691
 -0.0147636   0.0646127   0.0613577 -0.00730623
   0.351387  0.00809691 -0.00730623    0.411227
IMAGINARY
          0  0.00958849  -0.0128074  -0.0115062
-0.00958849           0  0.00114355  -0.0121589
  0.0128074 -0.00114355           0   0.0126787
  0.0115062   0.0121589  -0.0126787           0
EndNode2[0]<--->HoM1[0]
REAL
   0.431145 -0.00524088 -0.00549385    0.346179
-0.00524088   0.0630631   0.0464475 -0.00679593
-0.00549385   0.0464475   0.0849421  -0.0109299
   0.346179 -0.00679593  -0.0109299    0.420849
IMAGINARY
          0  0.00706317    0.004254  0.00930433
-0.00706317           0  0.00545818  -0.0109744
  -0.004254 -0.00545818           0 -0.00168683
-0.00930433   0.0109744  0.00168683           0
Repeater1[0]<--->EndNode1[0]
REAL
    0.45953  -0.0147636  0.00730623    0.351387
 -0.0147636   0.0613577   0.0646127 -0.00730623
 0.00730623   0.0646127   0.0678851  0.00809691
   0.351387 -0.00730623  0.00809691    0.411227
IMAGINARY
          0  -0.0128074  0.00958849  -0.0115062
  0.0128074           0 -0.00114355   0.0126787
-0.00958849  0.00114355           0  -0.0121589
  0.0115062  -0.0126787   0.0121589           0
Repeater1[0]<--->HoM1[0]
REAL
   0.431145 -0.00549385 -0.00524088    0.346179
-0.00549385   0.0849421   0.0464475  -0.0109299
-0.00524088   0.0464475   0.0630631 -0.00679593
   0.346179  -0.0109299 -0.00679593    0.420849
IMAGINARY
          0    0.004254  0.00706317  0.00930433
  -0.004254           0 -0.00545818 -0.00168683
-0.00706317  0.00545818           0  -0.0109744
-0.00930433  0.00168683   0.0109744           0
EndNode1[0]<--->Repeater1[0]
REAL
   0.415465  -0.0107317    0.007727    0.345363
 -0.0107317   0.0747051   0.0407946 -0.00578651
   0.007727   0.0407946   0.0642202  0.00749751
   0.345363 -0.00578651  0.00749751    0.445609
IMAGINARY
          0  -0.0309195  0.00390019  0.00265213
  0.0309195           0  0.00326114  0.00879017
-0.00390019 -0.00326114           0  0.00553881
-0.00265213 -0.00879017 -0.00553881           0
EndNode2[0]<--->HoM1[0]
REAL
  0.395092 -0.0316427 0.00256533   0.359787
-0.0316427  0.0711656  0.0341118 -0.0145017
0.00256533  0.0341118  0.0871166  0.0144014
  0.359787 -0.0145017  0.0144014   0.446626
IMAGINARY
           0   -0.0087966  -0.00567313   0.00778966
   0.0087966            0  -0.00900621  -0.00378633
  0.00567313   0.00900621            0  0.000688493
 -0.00778966   0.00378633 -0.000688493            0
Repeater1[0]<--->EndNode1[0]
REAL
   0.415465    0.007727  -0.0107317    0.345363
   0.007727   0.0642202   0.0407946  0.00749751
 -0.0107317   0.0407946   0.0747051 -0.00578651
   0.345363  0.00749751 -0.00578651    0.445609
IMAGINARY
          0  0.00390019  -0.0309195  0.00265213
-0.00390019           0 -0.00326114  0.00553881
  0.0309195  0.00326114           0  0.00879017
-0.00265213 -0.00553881 -0.00879017           0
Repeater1[0]<--->HoM1[0]
REAL
  0.395092 0.00256533 -0.0316427   0.359787
0.00256533  0.0871166  0.0341118  0.0144014
-0.0316427  0.0341118  0.0711656 -0.0145017
  0.359787  0.0144014 -0.0145017   0.446626
IMAGINARY
           0  -0.00567313   -0.0087966   0.00778966
  0.00567313            0   0.00900621  0.000688493
   0.0087966  -0.00900621            0  -0.00378633
 -0.00778966 -0.000688493   0.00378633            0
EndNode1[0]<--->Repeater1[0]
REAL
  0.439189   -0.00351 -0.0189945   0.353957
  -0.00351  0.0662162  0.0356531 0.00860494
-0.0189945  0.0356531  0.0635135  0.0100035
  0.353957 0.00860494  0.0100035   0.431081
IMAGINARY
          0  0.00060616 -0.00178667 -0.00214359
-0.00060616           0   0.0185072    0.010535
 0.00178667  -0.0185072           0  -0.0107004
 0.00214359   -0.010535   0.0107004           0
EndNode2[0]<--->HoM1[0]
REAL
   0.438573  0.00409569  0.00861876    0.346844
 0.00409569   0.0581242   0.0430294 -0.00608712
 0.00861876   0.0430294   0.0858653  0.00729671
   0.346844 -0.00608712  0.00729671    0.417437
IMAGINARY
           0   0.00108275   0.00766759  0.000669643
 -0.00108275            0   -0.0149554   0.00323159
 -0.00766759    0.0149554            0   -0.0147067
-0.000669643  -0.00323159    0.0147067            0
Repeater1[0]<--->EndNode1[0]
REAL
  0.439189 -0.0189945   -0.00351   0.353957
-0.0189945  0.0635135  0.0356531  0.0100035
  -0.00351  0.0356531  0.0662162 0.00860494
  0.353957  0.0100035 0.00860494   0.431081
IMAGINARY
          0 -0.00178667  0.00060616 -0.00214359
 0.00178667           0  -0.0185072  -0.0107004
-0.00060616   0.0185072           0    0.010535
 0.00214359   0.0107004   -0.010535           0
Repeater1[0]<--->HoM1[0]
REAL
   0.438573  0.00861876  0.00409569    0.346844
 0.00861876   0.0858653   0.0430294  0.00729671
 0.00409569   0.0430294   0.0581242 -0.00608712
   0.346844  0.00729671 -0.00608712    0.417437
IMAGINARY
           0   0.00766759   0.00108275  0.000669643
 -0.00766759            0    0.0149554   -0.0147067
 -0.00108275   -0.0149554            0   0.00323159
-0.000669643    0.0147067  -0.00323159            0
EndNode1[0]<--->Repeater1[0]
REAL
   0.419571  -0.0161909  -0.0193614    0.362273
 -0.0161909   0.0683646   0.0344153 -0.00381738
 -0.0193614   0.0344153   0.0630027  -0.0255309
   0.362273 -0.00381738  -0.0255309    0.449062
IMAGINARY
           0   0.00123865   -0.0117792 -0.000944017
 -0.00123865            0   0.00414504  -0.00727469
   0.0117792  -0.00414504            0    0.0165012
 0.000944017   0.00727469   -0.0165012            0
EndNode2[0]<--->HoM1[0]
REAL
  0.428944  0.0199637 0.00365663   0.356003
 0.0199637  0.0782269  0.0358214  0.0108088
0.00365663  0.0358214  0.0586701 0.00708029
  0.356003  0.0108088 0.00708029   0.434159
IMAGINARY
          0 -0.00675841 -0.00107832    0.013666
 0.00675841           0  0.00132035  -0.0267354
 0.00107832 -0.00132035           0   0.0203419
  -0.013666   0.0267354  -0.0203419           0
Repeater1[0]<--->EndNode1[0]
REAL
   0.419571  -0.0193614  -0.0161909    0.362273
 -0.0193614   0.0630027   0.0344153  -0.0255309
 -0.0161909   0.0344153   0.0683646 -0.00381738
   0.362273  -0.0255309 -0.00381738    0.449062
IMAGINARY
           0   -0.0117792   0.00123865 -0.000944017
   0.0117792            0  -0.00414504    0.0165012
 -0.00123865   0.00414504            0  -0.00727469
 0.000944017   -0.0165012   0.00727469            0
Repeater1[0]<--->HoM1[0]
REAL
  0.428944 0.00365663  0.0199637   0.356003
0.00365663  0.0586701  0.0358214 0.00708029
 0.0199637  0.0358214  0.0782269  0.0108088
  0.356003 0.00708029  0.0108088   0.434159
IMAGINARY
          0 -0.00107832 -0.00675841    0.013666
 0.00107832           0 -0.00132035   0.0203419
 0.00675841  0.00132035           0  -0.0267354
  -0.013666  -0.0203419   0.0267354           0
EndNode1[0]<--->Repeater1[0]
REAL
   0.41717 -0.0202169 -0.0210064   0.336231
-0.0202169  0.0665054  0.0399101 -0.0135438
-0.0210064  0.0399101  0.0773881 -0.0208522
  0.336231 -0.0135438 -0.0208522   0.438936
IMAGINARY
          0  0.00327563 -0.00632042  -0.0199616
-0.00327563           0  0.00733534  0.00697745
 0.00632042 -0.00733534           0    0.010522
  0.0199616 -0.00697745   -0.010522           0
EndNode2[0]<--->HoM1[0]
REAL
   0.443433  0.00885227  0.00279254    0.358292
 0.00885227   0.0585176   0.0364451 -0.00410833
 0.00279254   0.0364451   0.0754226   -0.023326
   0.358292 -0.00410833   -0.023326    0.422627
IMAGINARY
          0  0.00472406  -0.0228931   0.0183201
-0.00472406           0 -0.00369246   0.0053378
  0.0228931  0.00369246           0  -0.0118762
 -0.0183201  -0.0053378   0.0118762           0
Repeater1[0]<--->EndNode1[0]
REAL
   0.41717 -0.0210064 -0.0202169   0.336231
-0.0210064  0.0773881  0.0399101 -0.0208522
-0.0202169  0.0399101  0.0665054 -0.0135438
  0.336231 -0.0208522 -0.0135438   0.438936
IMAGINARY
          0 -0.00632042  0.00327563  -0.0199616
 0.00632042           0 -0.00733534    0.010522
-0.00327563  0.00733534           0  0.00697745
  0.0199616   -0.010522 -0.00697745           0
Repeater1[0]<--->HoM1[0]
REAL
   0.443433  0.00279254  0.00885227    0.358292
 0.00279254   0.0754226   0.0364451   -0.023326
 0.00885227   0.0364451   0.0585176 -0.00410833
   0.358292   -0.023326 -0.00410833    0.422627
IMAGINARY
          0  -0.0228931  0.00472406   0.0183201
  0.0228931           0  0.00369246  -0.0118762
-0.00472406 -0.00369246           0   0.0053378
 -0.0183201   0.0118762  -0.0053378           0
EndNode1[0]<--->Repeater1[0]
REAL
   0.421642 -0.00924598  -0.0199181    0.349373
-0.00924598   0.0646766   0.0336186 -0.00239791
 -0.0199181   0.0336186   0.0733831  -0.0118638
   0.349373 -0.00239791  -0.0118638    0.440299
IMAGINARY
          0  -0.0219957    -0.01147   0.0251115
  0.0219957           0  -0.0213709 -0.00121358
    0.01147   0.0213709           0  0.00797703
 -0.0251115  0.00121358 -0.00797703           0
EndNode2[0]<--->HoM1[0]
REAL
  0.436145  0.0276633 0.00279562   0.335512
 0.0276633  0.0686747  0.0693108  0.0162399
0.00279562  0.0693108  0.0759036 -0.0200491
  0.335512  0.0162399 -0.0200491   0.419277
IMAGINARY
           0 -0.000232295   -0.0132626    0.0175194
 0.000232295            0    0.0147183   0.00881533
   0.0132626   -0.0147183            0   -0.0105682
  -0.0175194  -0.00881533    0.0105682            0
Repeater1[0]<--->EndNode1[0]
REAL
   0.421642  -0.0199181 -0.00924598    0.349373
 -0.0199181   0.0733831   0.0336186  -0.0118638
-0.00924598   0.0336186   0.0646766 -0.00239791
   0.349373  -0.0118638 -0.00239791    0.440299
IMAGINARY
          0    -0.01147  -0.0219957   0.0251115
    0.01147           0   0.0213709  0.00797703
  0.0219957  -0.0213709           0 -0.00121358
 -0.0251115 -0.00797703  0.00121358           0
Repeater1[0]<--->HoM1[0]
REAL
  0.436145 0.00279562  0.0276633   0.335512
0.00279562  0.0759036  0.0693108 -0.0200491
 0.0276633  0.0693108  0.0686747  0.0162399
  0.335512 -0.0200491  0.0162399   0.419277
IMAGINARY
           0   -0.0132626 -0.000232295    0.0175194
   0.0132626            0   -0.0147183   -0.0105682
 0.000232295    0.0147183            0   0.00881533
  -0.0175194    0.0105682  -0.00881533            0
EndNode1[0]<--->Repeater1[0]
REAL
   0.437731 0.000835993  0.00383074     0.33382
0.000835993   0.0702836    0.032117   0.0105331
 0.00383074    0.032117   0.0641184 -0.00562396
    0.33382   0.0105331 -0.00562396    0.427867
IMAGINARY
          0   0.0220027   0.0208514  0.00326048
 -0.0220027           0 -0.00848241  -0.0147687
 -0.0208514  0.00848241           0  0.00476131
-0.00326048   0.0147687 -0.00476131           0
EndNode2[0]<--->HoM1[0]
REAL
   0.417227 -0.00628141  0.00565327    0.348137
-0.00628141   0.0834455   0.0287477 -0.00690955
 0.00565327   0.0287477   0.0820996  -0.0100503
   0.348137 -0.00690955  -0.0100503    0.417227
IMAGINARY
           0   -0.0050532    -0.008197  -0.00630997
   0.0050532            0 -0.000842172   -0.0163714
    0.008197  0.000842172            0    0.0189974
  0.00630997    0.0163714   -0.0189974            0
Repeater1[0]<--->EndNode1[0]
REAL
   0.437731  0.00383074 0.000835993     0.33382
 0.00383074   0.0641184    0.032117 -0.00562396
0.000835993    0.032117   0.0702836   0.0105331
    0.33382 -0.00562396   0.0105331    0.427867
IMAGINARY
          0   0.0208514   0.0220027  0.00326048
 -0.0208514           0  0.00848241  0.00476131
 -0.0220027 -0.00848241           0  -0.0147687
-0.00326048 -0.00476131   0.0147687           0
Repeater1[0]<--->HoM1[0]
REAL
   0.417227  0.00565327 -0.00628141    0.348137
 0.00565327   0.0820996   0.0287477  -0.0100503
-0.00628141   0.0287477   0.0834455 -0.00690955
   0.348137  -0.0100503 -0.00690955    0.417227
IMAGINARY
           0    -0.008197   -0.0050532  -0.00630997
    0.008197            0  0.000842172    0.0189974
   0.0050532 -0.000842172            0   -0.0163714
  0.00630997   -0.0189974    0.0163714            0
EndNode1[0]<--->Repeater1[0]
REAL
   0.414021 -0.00182195 -0.00251025    0.346319
-0.00182195   0.0846561   0.0495712   -0.015298
-0.00251025   0.0495712   0.0634921  -0.0105068
   0.346319   -0.015298  -0.0105068    0.437831
IMAGINARY
          0    0.027033  0.00389839 -0.00449694
  -0.027033           0   0.0106546 -0.00660841
-0.00389839  -0.0106546           0  -0.0161928
 0.00449694  0.00660841   0.0161928           0
EndNode2[0]<--->HoM1[0]
REAL
   0.455145  -0.0100638 -0.00789777    0.372268
 -0.0100638   0.0804749   0.0404924  -0.0129356
-0.00789777   0.0404924    0.060686 -0.00165498
   0.372268  -0.0129356 -0.00165498    0.403694
IMAGINARY
           0   0.00446222 -0.000631676    0.0158287
 -0.00446222            0    0.0145724  -0.00938168
 0.000631676   -0.0145724            0    0.0215725
  -0.0158287   0.00938168   -0.0215725            0
Repeater1[0]<--->EndNode1[0]
REAL
   0.414021 -0.00251025 -0.00182195    0.346319
-0.00251025   0.0634921   0.0495712  -0.0105068
-0.00182195   0.0495712   0.0846561   -0.015298
   0.346319  -0.0105068   -0.015298    0.437831
IMAGINARY
          0  0.00389839    0.027033 -0.00449694
-0.00389839           0  -0.0106546  -0.0161928
  -0.027033   0.0106546           0 -0.00660841
 0.00449694   0.0161928  0.00660841           0
Repeater1[0]<--->HoM1[0]
REAL
   0.455145 -0.00789777  -0.0100638    0.372268
-0.00789777    0.060686   0.0404924 -0.00165498
 -0.0100638   0.0404924   0.0804749  -0.0129356
   0.372268 -0.00165498  -0.0129356    0.403694
IMAGINARY
           0 -0.000631676   0.00446222    0.0158287
 0.000631676            0   -0.0145724    0.0215725
 -0.00446222    0.0145724            0  -0.00938168
  -0.0158287   -0.0215725   0.00938168            0
EndNode1[0]<--->Repeater1[0]
REAL
  0.420233  0.0139252 0.00958853   0.343691
 0.0139252   0.080415  0.0436906  0.0168701
0.00958853  0.0436906  0.0583658 0.00574913
  0.343691  0.0168701 0.00574913   0.440986
IMAGINARY
         0  0.0259753  -0.011698  0.0057575
-0.0259753          0  0.0117978 -0.0174159
  0.011698 -0.0117978          0  0.0208602
-0.0057575  0.0174159 -0.0208602          0
EndNode2[0]<--->HoM1[0]
REAL
   0.457766  0.00499456    0.010828    0.351009
 0.00499456   0.0613079   0.0330672 -0.00254777
   0.010828   0.0330672   0.0708447   0.0147507
   0.351009 -0.00254777   0.0147507    0.410082
IMAGINARY
           0    0.0133705  -0.00424837   0.00537757
  -0.0133705            0   -0.0233724   0.00424837
  0.00424837    0.0233724            0 -0.000177887
 -0.00537757  -0.00424837  0.000177887            0
Repeater1[0]<--->EndNode1[0]
REAL
  0.420233 0.00958853  0.0139252   0.343691
0.00958853  0.0583658  0.0436906 0.00574913
 0.0139252  0.0436906   0.080415  0.0168701
  0.343691 0.00574913  0.0168701   0.440986
IMAGINARY
         0  -0.011698  0.0259753  0.0057575
  0.011698          0 -0.0117978  0.0208602
-0.0259753  0.0117978          0 -0.0174159
-0.0057575 -0.0208602  0.0174159          0
Repeater1[0]<--->HoM1[0]
REAL
   0.457766    0.010828  0.00499456    0.351009
   0.010828   0.0708447   0.0330672   0.0147507
 0.00499456   0.0330672   0.0613079 -0.00254777
   0.351009   0.0147507 -0.00254777    0.410082
IMAGINARY
           0  -0.00424837    0.0133705   0.00537757
  0.00424837            0    0.0233724 -0.000177887
  -0.0133705   -0.0233724            0   0.00424837
 -0.00537757  0.000177887  -0.00424837            0
EndNode1[0]<--->Repeater1[0]
REAL
   0.430065   0.0228161 -0.00106306     0.34531
  0.0228161   0.0640523   0.0491075   0.0168398
-0.00106306   0.0491075   0.0954248  -0.0179618
    0.34531   0.0168398  -0.0179618    0.410458
IMAGINARY
          0  -0.0044499   0.0110196  0.00911242
  0.0044499           0 -0.00119686  0.00417028
 -0.0110196  0.00119686           0 -0.00187921
-0.00911242 -0.00417028  0.00187921           0
EndNode2[0]<--->HoM1[0]
REAL
   0.451128  0.00530613 -0.00995488       0.369
 0.00530613   0.0789474   0.0451789   -0.013677
-0.00995488   0.0451789   0.0776942  -0.0202315
      0.369   -0.013677  -0.0202315    0.392231
IMAGINARY
          0   0.0119191  0.00776747   0.0073964
 -0.0119191           0 -0.00206306  -0.0226558
-0.00776747  0.00206306           0  -0.0094377
 -0.0073964   0.0226558   0.0094377           0
Repeater1[0]<--->EndNode1[0]
REAL
   0.430065 -0.00106306   0.0228161     0.34531
-0.00106306   0.0954248   0.0491075  -0.0179618
  0.0228161   0.0491075   0.0640523   0.0168398
    0.34531  -0.0179618   0.0168398    0.410458
IMAGINARY
          0   0.0110196  -0.0044499  0.00911242
 -0.0110196           0  0.00119686 -0.00187921
  0.0044499 -0.00119686           0  0.00417028
-0.00911242  0.00187921 -0.00417028           0
Repeater1[0]<--->HoM1[0]
REAL
   0.451128 -0.00995488  0.00530613       0.369
-0.00995488   0.0776942   0.0451789  -0.0202315
 0.00530613   0.0451789   0.0789474   -0.013677
      0.369  -0.0202315   -0.013677    0.392231
IMAGINARY
          0  0.00776747   0.0119191   0.0073964
-0.00776747           0  0.00206306  -0.0094377
 -0.0119191 -0.00206306           0  -0.0226558
 -0.0073964   0.0094377   0.0226558           0
EndNode1[0]<--->Repeater1[0]
REAL
   0.458869   0.0123168 -0.00957947    0.346901
  0.0123168   0.0835476    0.047704  0.00267859
-0.00957947    0.047704   0.0642674 -0.00667058
   0.346901  0.00267859 -0.00667058    0.393316
IMAGINARY
          0 -0.00311033 -0.00285849   0.0105364
 0.00311033           0  -0.0105364  -0.0178912
 0.00285849   0.0105364           0   0.0104731
 -0.0105364   0.0178912  -0.0104731           0
EndNode2[0]<--->HoM1[0]
REAL
  0.393333 -0.0114414  0.0140878    0.34772
-0.0114414       0.08  0.0280883  -0.013441
 0.0140878  0.0280883  0.0746667 0.00950096
   0.34772  -0.013441 0.00950096      0.452
IMAGINARY
          0   0.0142996 -0.00985471 -0.00604652
 -0.0142996           0 -0.00405449  -0.0177526
 0.00985471  0.00405449           0  0.00962674
 0.00604652   0.0177526 -0.00962674           0
Repeater1[0]<--->EndNode1[0]
REAL
   0.458869 -0.00957947   0.0123168    0.346901
-0.00957947   0.0642674    0.047704 -0.00667058
  0.0123168    0.047704   0.0835476  0.00267859
   0.346901 -0.00667058  0.00267859    0.393316
IMAGINARY
          0 -0.00285849 -0.00311033   0.0105364
 0.00285849           0   0.0105364   0.0104731
 0.00311033  -0.0105364           0  -0.0178912
 -0.0105364  -0.0104731   0.0178912           0
Repeater1[0]<--->HoM1[0]
REAL
  0.393333  0.0140878 -0.0114414    0.34772
 0.0140878  0.0746667  0.0280883 0.00950096
-0.0114414  0.0280883       0.08  -0.013441
   0.34772 0.00950096  -0.013441      0.452
IMAGINARY
          0 -0.00985471   0.0142996 -0.00604652
 0.00985471           0  0.00405449  0.00962674
 -0.0142996 -0.00405449           0  -0.0177526
 0.00604652 -0.00962674   0.0177526           0
EndNode1[0]<--->Repeater1[0]
REAL
  0.447581  0.0242658  0.0305666   0.332341
 0.0242658   0.077957  0.0496218  0.0092212
 0.0305666  0.0496218  0.0725806 0.00889067
  0.332341  0.0092212 0.00889067   0.401882
IMAGINARY
           0   -0.0236787  0.000670487  -0.00794327
   0.0236787            0   0.00296815   0.00758873
-0.000670487  -0.00296815            0    0.0116076
  0.00794327  -0.00758873   -0.0116076            0
EndNode2[0]<--->HoM1[0]
REAL
  0.435696  0.0135675 -0.0167622   0.324558
 0.0135675  0.0761155  0.0379255 0.00941911
-0.0167622  0.0379255  0.0721785 -0.0115648
  0.324558 0.00941911 -0.0115648    0.41601
IMAGINARY
           0    0.0152878   -0.0110277    -0.013559
  -0.0152878            0   0.00261012  -0.00439643
   0.0110277  -0.00261012            0  0.000136325
    0.013559   0.00439643 -0.000136325            0
Repeater1[0]<--->EndNode1[0]
REAL
  0.447581  0.0305666  0.0242658   0.332341
 0.0305666  0.0725806  0.0496218 0.00889067
 0.0242658  0.0496218   0.077957  0.0092212
  0.332341 0.00889067  0.0092212   0.401882
IMAGINARY
           0  0.000670487   -0.0236787  -0.00794327
-0.000670487            0  -0.00296815    0.0116076
   0.0236787   0.00296815            0   0.00758873
  0.00794327   -0.0116076  -0.00758873            0
Repeater1[0]<--->HoM1[0]
REAL
  0.435696 -0.0167622  0.0135675   0.324558
-0.0167622  0.0721785  0.0379255 -0.0115648
 0.0135675  0.0379255  0.0761155 0.00941911
  0.324558 -0.0115648 0.00941911    0.41601
IMAGINARY
           0   -0.0110277    0.0152878    -0.013559
   0.0110277            0  -0.00261012  0.000136325
  -0.0152878   0.00261012            0  -0.00439643
    0.013559 -0.000136325   0.00439643            0
EndNode1[0]<--->Repeater1[0]
REAL
   0.450269  0.00409831   0.0134658     0.34544
 0.00409831   0.0672043   0.0359161 -0.00890259
  0.0134658   0.0359161    0.077957 -0.00605398
    0.34544 -0.00890259 -0.00605398     0.40457
IMAGINARY
          0 -0.00322734   0.0125308   0.0021369
 0.00322734           0 -0.00149506   0.0215747
 -0.0125308  0.00149506           0 -0.00513817
 -0.0021369  -0.0215747  0.00513817           0
EndNode2[0]<--->HoM1[0]
REAL
   0.431646 -0.00130039 -0.00564964    0.351733
-0.00130039    0.078481   0.0585397  0.00890062
-0.00564964   0.0585397   0.0721519 -0.00195059
   0.351733  0.00890062 -0.00195059    0.417722
IMAGINARY
           0 -0.000859625    0.0172092  -0.00952365
 0.000859625            0   0.00122224   -0.0119736
  -0.0172092  -0.00122224            0   0.00347743
  0.00952365    0.0119736  -0.00347743            0
Repeater1[0]<--->EndNode1[0]
REAL
   0.450269   0.0134658  0.00409831     0.34544
  0.0134658    0.077957   0.0359161 -0.00605398
 0.00409831   0.0359161   0.0672043 -0.00890259
    0.34544 -0.00605398 -0.00890259     0.40457
IMAGINARY
          0   0.0125308 -0.00322734   0.0021369
 -0.0125308           0  0.00149506 -0.00513817
 0.00322734 -0.00149506           0   0.0215747
 -0.0021369  0.00513817  -0.0215747           0
Repeater1[0]<--->HoM1[0]
REAL
   0.431646 -0.00564964 -0.00130039    0.351733
-0.00564964   0.0721519   0.0585397 -0.00195059
-0.00130039   0.0585397    0.078481  0.00890062
   0.351733 -0.00195059  0.00890062    0.417722
IMAGINARY
           0    0.0172092 -0.000859625  -0.00952365
  -0.0172092            0  -0.00122224   0.00347743
 0.000859625   0.00122224            0   -0.0119736
  0.00952365  -0.00347743    0.0119736            0
EndNode1[0]<--->Repeater1[0]
REAL
    0.424403   -0.0148038 -0.000894331     0.355452
  -0.0148038     0.066313    0.0432824   -0.0117639
-0.000894331    0.0432824    0.0809019   0.00720882
    0.355452   -0.0117639   0.00720882     0.428382
IMAGINARY
           0    0.0141753  0.000661376   0.00954893
  -0.0141753            0   -0.0122443    0.0125661
-0.000661376    0.0122443            0   -0.0141753
 -0.00954893   -0.0125661    0.0141753            0
EndNode2[0]<--->HoM1[0]
REAL
   0.439698 -0.00944749   0.0229694    0.343731
-0.00944749   0.0879397   0.0409842  -0.0229694
  0.0229694   0.0409842   0.0653266  0.00297081
   0.343731  -0.0229694  0.00297081    0.407035
IMAGINARY
          0 -0.00704442  -0.0097154 -0.00846912
 0.00704442           0  -0.0103751  -0.0196229
  0.0097154   0.0103751           0  0.00392332
 0.00846912   0.0196229 -0.00392332           0
Repeater1[0]<--->EndNode1[0]
REAL
    0.424403 -0.000894331   -0.0148038     0.355452
-0.000894331    0.0809019    0.0432824   0.00720882
  -0.0148038    0.0432824     0.066313   -0.0117639
    0.355452   0.00720882   -0.0117639     0.428382
IMAGINARY
           0  0.000661376    0.0141753   0.00954893
-0.000661376            0    0.0122443   -0.0141753
  -0.0141753   -0.0122443            0    0.0125661
 -0.00954893    0.0141753   -0.0125661            0
Repeater1[0]<--->HoM1[0]
REAL
   0.439698   0.0229694 -0.00944749    0.343731
  0.0229694   0.0653266   0.0409842  0.00297081
-0.00944749   0.0409842   0.0879397  -0.0229694
   0.343731  0.00297081  -0.0229694    0.407035
IMAGINARY
          0  -0.0097154 -0.00704442 -0.00846912
  0.0097154           0   0.0103751  0.00392332
 0.00704442  -0.0103751           0  -0.0196229
 0.00846912 -0.00392332   0.0196229           0
EndNode1[0]<--->Repeater1[0]
REAL
   0.433548  -0.0016769  0.00533933    0.348628
 -0.0016769   0.0696774   0.0320053 -0.00229426
 0.00533933   0.0320053   0.0696774 -0.00989435
   0.348628 -0.00229426 -0.00989435    0.427097
IMAGINARY
         0 -0.0072241  0.0144359 -0.0172692
 0.0072241          0  0.0179421  0.0238227
-0.0144359 -0.0179421          0 -0.0112456
 0.0172692 -0.0238227  0.0112456          0
EndNode2[0]<--->HoM1[0]
REAL
  0.448501 0.00103212  -0.016173   0.327883
0.00103212   0.071708  0.0428827 0.00676275
 -0.016173  0.0428827  0.0756193  0.0108876
  0.327883 0.00676275  0.0108876   0.404172
IMAGINARY
          0    -0.00125 -0.00872724 -0.00422119
    0.00125           0   0.0132885  0.00622724
 0.00872724  -0.0132885           0     0.03125
 0.00422119 -0.00622724    -0.03125           0
Repeater1[0]<--->EndNode1[0]
REAL
   0.433548  0.00533933  -0.0016769    0.348628
 0.00533933   0.0696774   0.0320053 -0.00989435
 -0.0016769   0.0320053   0.0696774 -0.00229426
   0.348628 -0.00989435 -0.00229426    0.427097
IMAGINARY
         0  0.0144359 -0.0072241 -0.0172692
-0.0144359          0 -0.0179421 -0.0112456
 0.0072241  0.0179421          0  0.0238227
 0.0172692  0.0112456 -0.0238227          0
Repeater1[0]<--->HoM1[0]
REAL
  0.448501  -0.016173 0.00103212   0.327883
 -0.016173  0.0756193  0.0428827  0.0108876
0.00103212  0.0428827   0.071708 0.00676275
  0.327883  0.0108876 0.00676275   0.404172
IMAGINARY
          0 -0.00872724    -0.00125 -0.00422119
 0.00872724           0  -0.0132885     0.03125
    0.00125   0.0132885           0  0.00622724
 0.00422119    -0.03125 -0.00622724           0
EndNode1[0]<--->Repeater1[0]
REAL
    0.436518   0.00468895 -3.25491e-05     0.341767
  0.00468895    0.0785973    0.0417671   -0.0100076
-3.25491e-05    0.0417671     0.076179   0.00535121
    0.341767   -0.0100076   0.00535121     0.408706
IMAGINARY
          0  0.00605248  -0.0103937  -0.0120561
-0.00605248           0  -0.0126963  0.00363693
  0.0103937   0.0126963           0  0.00340698
  0.0120561 -0.00363693 -0.00340698           0
EndNode2[0]<--->HoM1[0]
REAL
  0.450131 0.00791949 -0.0153814   0.365982
0.00791949  0.0800525  0.0492941 0.00190257
-0.0153814  0.0492941  0.0748031 -0.0162635
  0.365982 0.00190257 -0.0162635   0.395013
IMAGINARY
          0  0.00485702  -0.0138263 -0.00198365
-0.00485702           0  -0.0032657    0.034686
  0.0138263   0.0032657           0  -0.0092818
 0.00198365   -0.034686   0.0092818           0
Repeater1[0]<--->EndNode1[0]
REAL
    0.436518 -3.25491e-05   0.00468895     0.341767
-3.25491e-05     0.076179    0.0417671   0.00535121
  0.00468895    0.0417671    0.0785973   -0.0100076
    0.341767   0.00535121   -0.0100076     0.408706
IMAGINARY
          0  -0.0103937  0.00605248  -0.0120561
  0.0103937           0   0.0126963  0.00340698
-0.00605248  -0.0126963           0  0.00363693
  0.0120561 -0.00340698 -0.00363693           0
Repeater1[0]<--->HoM1[0]
REAL
  0.450131 -0.0153814 0.00791949   0.365982
-0.0153814  0.0748031  0.0492941 -0.0162635
0.00791949  0.0492941  0.0800525 0.00190257
  0.365982 -0.0162635 0.00190257   0.395013
IMAGINARY
          0  -0.0138263  0.00485702 -0.00198365
  0.0138263           0   0.0032657  -0.0092818
-0.00485702  -0.0032657           0    0.034686
 0.00198365   0.0092818   -0.034686           0
EndNode1[0]<--->Repeater1[0]
REAL
   0.450535  0.00863212   0.0073306    0.351666
 0.00863212   0.0574866   0.0370804 0.000342035
  0.0073306   0.0370804   0.0735294  0.00799192
   0.351666 0.000342035  0.00799192    0.418449
IMAGINARY
          0  0.00141054   0.0126851 -0.00106032
-0.00141054           0  -0.0177064  -0.0145393
 -0.0126851   0.0177064           0 -0.00944515
 0.00106032   0.0145393  0.00944515           0
EndNode2[0]<--->HoM1[0]
REAL
  0.426187  0.0255039  0.0245026   0.352567
 0.0255039  0.0590501  0.0491369 0.00891815
 0.0245026  0.0491369  0.0641849 0.00398494
  0.352567 0.00891815 0.00398494   0.450578
IMAGINARY
          0 -0.00559755  -0.0099078  0.00547382
 0.00559755           0  0.00992109  0.00463076
  0.0099078 -0.00992109           0   0.0121939
-0.00547382 -0.00463076  -0.0121939           0
Repeater1[0]<--->EndNode1[0]
REAL
   0.450535   0.0073306  0.00863212    0.351666
  0.0073306   0.0735294   0.0370804  0.00799192
 0.00863212   0.0370804   0.0574866 0.000342035
   0.351666  0.00799192 0.000342035    0.418449
IMAGINARY
          0   0.0126851  0.00141054 -0.00106032
 -0.0126851           0   0.0177064 -0.00944515
-0.00141054  -0.0177064           0  -0.0145393
 0.00106032  0.00944515   0.0145393           0
Repeater1[0]<--->HoM1[0]
REAL
  0.426187  0.0245026  0.0255039   0.352567
 0.0245026  0.0641849  0.0491369 0.00398494
 0.0255039  0.0491369  0.0590501 0.00891815
  0.352567 0.00398494 0.00891815   0.450578
IMAGINARY
          0  -0.0099078 -0.00559755  0.00547382
  0.0099078           0 -0.00992109   0.0121939
 0.00559755  0.00992109           0  0.00463076
-0.00547382  -0.0121939 -0.00463076           0
EndNode1[0]<--->Repeater1[0]
REAL
    0.42268 -0.00392667 -0.00310207    0.340414
-0.00392667   0.0747423   0.0442514  0.00899984
-0.00310207   0.0442514   0.0927835 -0.00590295
   0.340414  0.00899984 -0.00590295    0.409794
IMAGINARY
          0  0.00661368   0.0018239   -0.019519
-0.00661368           0 -0.00210611  0.00776842
 -0.0018239  0.00210611           0  -0.0138079
   0.019519 -0.00776842   0.0138079           0
EndNode2[0]<--->HoM1[0]
REAL
   0.435356  -0.0267152  -0.0117599    0.340463
 -0.0267152   0.0633245   0.0417364 -0.00918254
 -0.0117599   0.0417364   0.0936675  0.00315496
   0.340463 -0.00918254  0.00315496    0.407652
IMAGINARY
          0  0.00269245   0.0163972  0.00405276
-0.00269245           0 -0.00467542  -0.0106647
 -0.0163972  0.00467542           0   0.0170528
-0.00405276   0.0106647  -0.0170528           0
Repeater1[0]<--->EndNode1[0]
REAL
    0.42268 -0.00310207 -0.00392667    0.340414
-0.00310207   0.0927835   0.0442514 -0.00590295
-0.00392667   0.0442514   0.0747423  0.00899984
   0.340414 -0.00590295  0.00899984    0.409794
IMAGINARY
          0   0.0018239  0.00661368   -0.019519
 -0.0018239           0  0.00210611  -0.0138079
-0.00661368 -0.00210611           0  0.00776842
   0.019519   0.0138079 -0.00776842           0
Repeater1[0]<--->HoM1[0]
REAL
   0.435356  -0.0117599  -0.0267152    0.340463
 -0.0117599   0.0936675   0.0417364  0.00315496
 -0.0267152   0.0417364   0.0633245 -0.00918254
   0.340463  0.00315496 -0.00918254    0.407652
IMAGINARY
          0   0.0163972  0.00269245  0.00405276
 -0.0163972           0  0.00467542   0.0170528
-0.00269245 -0.00467542           0  -0.0106647
-0.00405276  -0.0170528   0.0106647           0
EndNode1[0]<--->Repeater1[0]
REAL
    0.435057   -0.0162993    0.0149057     0.352876
  -0.0162993    0.0693569    0.0398889   -0.0200737
   0.0149057    0.0398889    0.0807062 -0.000496542
    0.352876   -0.0200737 -0.000496542      0.41488
IMAGINARY
          0   0.0165503 -0.00746035 -0.00871864
 -0.0165503           0   0.0125846  -0.0185137
 0.00746035  -0.0125846           0   0.0328003
 0.00871864   0.0185137  -0.0328003           0
EndNode2[0]<--->HoM1[0]
REAL
  0.411082 -0.0085872    0.00125    0.35342
-0.0085872  0.0734536  0.0478296   -0.01625
   0.00125  0.0478296  0.0914948  0.0098372
   0.35342   -0.01625  0.0098372   0.423969
IMAGINARY
          0 -0.00590308 -0.00604043  -0.0123334
 0.00590308           0  -0.0302617  0.00159316
 0.00604043   0.0302617           0  -0.0112507
  0.0123334 -0.00159316   0.0112507           0
Repeater1[0]<--->EndNode1[0]
REAL
    0.435057    0.0149057   -0.0162993     0.352876
   0.0149057    0.0807062    0.0398889 -0.000496542
  -0.0162993    0.0398889    0.0693569   -0.0200737
    0.352876 -0.000496542   -0.0200737      0.41488
IMAGINARY
          0 -0.00746035   0.0165503 -0.00871864
 0.00746035           0  -0.0125846   0.0328003
 -0.0165503   0.0125846           0  -0.0185137
 0.00871864  -0.0328003   0.0185137           0
Repeater1[0]<--->HoM1[0]
REAL
  0.411082    0.00125 -0.0085872    0.35342
   0.00125  0.0914948  0.0478296  0.0098372
-0.0085872  0.0478296  0.0734536   -0.01625
   0.35342  0.0098372   -0.01625   0.423969
IMAGINARY
          0 -0.00604043 -0.00590308  -0.0123334
 0.00604043           0   0.0302617  -0.0112507
 0.00590308  -0.0302617           0  0.00159316
  0.0123334   0.0112507 -0.00159316           0
EndNode1[0]<--->Repeater1[0]
REAL
   0.414993  -0.0228524 -0.00233025    0.351144
 -0.0228524   0.0722892   0.0416205  -0.0131736
-0.00233025   0.0416205     0.08166   0.0112245
   0.351144  -0.0131736   0.0112245    0.431058
IMAGINARY
          0  -0.0105231  0.00627055  0.00241163
  0.0105231           0  0.00883837 -0.00699205
-0.00627055 -0.00883837           0   0.0170166
-0.00241163  0.00699205  -0.0170166           0
EndNode2[0]<--->HoM1[0]
REAL
  0.422572 -0.0117825 -0.0165778   0.348193
-0.0117825  0.0761155  0.0461367 0.00884589
-0.0165778  0.0461367  0.0629921 0.00920517
  0.348193 0.00884589 0.00920517    0.43832
IMAGINARY
          0  -0.0183076   0.0235653  0.00175324
  0.0183076           0 -0.00676577   0.0137098
 -0.0235653  0.00676577           0  -0.0163968
-0.00175324  -0.0137098   0.0163968           0
Repeater1[0]<--->EndNode1[0]
REAL
   0.414993 -0.00233025  -0.0228524    0.351144
-0.00233025     0.08166   0.0416205   0.0112245
 -0.0228524   0.0416205   0.0722892  -0.0131736
   0.351144   0.0112245  -0.0131736    0.431058
IMAGINARY
          0  0.00627055  -0.0105231  0.00241163
-0.00627055           0 -0.00883837   0.0170166
  0.0105231  0.00883837           0 -0.00699205
-0.00241163  -0.0170166  0.00699205           0
Repeater1[0]<--->HoM1[0]
REAL
  0.422572 -0.0165778 -0.0117825   0.348193
-0.0165778  0.0629921  0.0461367 0.00920517
-0.0117825  0.0461367  0.0761155 0.00884589
  0.348193 0.00920517 0.00884589    0.43832
IMAGINARY
          0   0.0235653  -0.0183076  0.00175324
 -0.0235653           0  0.00676577  -0.0163968
  0.0183076 -0.00676577           0   0.0137098
-0.00175324   0.0163968  -0.0137098           0
EndNode1[0]<--->Repeater1[0]
REAL
   0.462611 -0.00714303  0.00877441    0.359583
-0.00714303   0.0836502    0.033274   -0.015152
 0.00877441    0.033274   0.0608365  0.00841854
   0.359583   -0.015152  0.00841854    0.392902
IMAGINARY
           0   -0.0107639    0.0100246    0.0162253
   0.0107639            0  0.000879997    -0.018326
  -0.0100246 -0.000879997            0    0.0216196
  -0.0162253     0.018326   -0.0216196            0
EndNode2[0]<--->HoM1[0]
REAL
     0.4541 0.000757392   0.0321786    0.337905
0.000757392   0.0648715   0.0508329  -0.0152179
  0.0321786   0.0508329   0.0636475  0.00263474
   0.337905  -0.0152179  0.00263474    0.417381
IMAGINARY
           0  -0.00817304  -0.00694309  0.000600921
  0.00817304            0  -0.00383507  -0.00256261
  0.00694309   0.00383507            0   -0.0228789
-0.000600921   0.00256261    0.0228789            0
