EndNode1[0]<--->Repeater1[0]
REAL
   0.399736 0.000818077  0.00220759    0.171843
0.000818077    0.139842   0.0422607 -0.00284291
 0.00220759   0.0422607    0.151715    0.015065
   0.171843 -0.00284291    0.015065    0.308707
IMAGINARY
           0    0.0296993   0.00649594   0.00547211
  -0.0296993            0   0.00807628  0.000457288
 -0.00649594  -0.00807628            0   -0.0252745
 -0.00547211 -0.000457288    0.0252745            0
EndNode2[0]<--->HoM1[0]
REAL
   0.347882 -0.00320902   0.0131335    0.204718
-0.00320902    0.161746   0.0416102   0.0195768
  0.0131335   0.0416102    0.137356   0.0145575
   0.204718   0.0195768   0.0145575    0.353017
IMAGINARY
           0  -0.00196186    0.0220287  0.000645995
  0.00196186            0  -0.00839793  -0.00245579
  -0.0220287   0.00839793            0    0.0108587
-0.000645995   0.00245579   -0.0108587            0
Repeater1[0]<--->EndNode1[0]
REAL
   0.399736  0.00220759 0.000818077    0.171843
 0.00220759    0.151715   0.0422607    0.015065
0.000818077   0.0422607    0.139842 -0.00284291
   0.171843    0.015065 -0.00284291    0.308707
IMAGINARY
           0   0.00649594    0.0296993   0.00547211
 -0.00649594            0  -0.00807628   -0.0252745
  -0.0296993   0.00807628            0  0.000457288
 -0.00547211    0.0252745 -0.000457288            0
Repeater1[0]<--->HoM1[0]
REAL
   0.347882   0.0131335 -0.00320902    0.204718
  0.0131335    0.137356   0.0416102   0.0145575
-0.00320902   0.0416102    0.161746   0.0195768
   0.204718   0.0145575   0.0195768    0.353017
IMAGINARY
           0    0.0220287  -0.00196186  0.000645995
  -0.0220287            0   0.00839793    0.0108587
  0.00196186  -0.00839793            0  -0.00245579
-0.000645995   -0.0108587   0.00245579            0
EndNode1[0]<--->Repeater1[0]
REAL
   0.348148 -0.00394801  -0.0220269    0.194432
-0.00394801    0.141975   0.0329534 -0.00213665
 -0.0220269   0.0329534    0.155556 -0.00782398
   0.194432 -0.00213665 -0.00782398    0.354321
IMAGINARY
           0  -0.00419781  9.29761e-05  -0.00289842
  0.00419781            0  -0.00499632    0.0174168
-9.29761e-05   0.00499632            0    -0.022391
  0.00289842   -0.0174168     0.022391            0
EndNode2[0]<--->HoM1[0]
REAL
   0.363757  -0.0218236 -0.00475089    0.187753
 -0.0218236    0.142857   0.0738912  -0.0308655
-0.00475089   0.0738912    0.149471 -0.00557363
   0.187753  -0.0308655 -0.00557363    0.343915
IMAGINARY
           0   0.00692418 -0.000249683   0.00874647
 -0.00692418            0   -0.0133216   -0.0195523
 0.000249683    0.0133216            0   0.00297681
 -0.00874647    0.0195523  -0.00297681            0
Repeater1[0]<--->EndNode1[0]
REAL
   0.348148  -0.0220269 -0.00394801    0.194432
 -0.0220269    0.155556   0.0329534 -0.00782398
-0.00394801   0.0329534    0.141975 -0.00213665
   0.194432 -0.00782398 -0.00213665    0.354321
IMAGINARY
           0  9.29761e-05  -0.00419781  -0.00289842
-9.29761e-05            0   0.00499632    -0.022391
  0.00419781  -0.00499632            0    0.0174168
  0.00289842     0.022391   -0.0174168            0
Repeater1[0]<--->HoM1[0]
REAL
   0.363757 -0.00475089  -0.0218236    0.187753
-0.00475089    0.149471   0.0738912 -0.00557363
 -0.0218236   0.0738912    0.142857  -0.0308655
   0.187753 -0.00557363  -0.0308655    0.343915
IMAGINARY
           0 -0.000249683   0.00692418   0.00874647
 0.000249683            0    0.0133216   0.00297681
 -0.00692418   -0.0133216            0   -0.0195523
 -0.00874647  -0.00297681    0.0195523            0
EndNode1[0]<--->Repeater1[0]
REAL
   0.375635  0.00429343 -0.00713856    0.181973
 0.00429343    0.134518   0.0250582 -0.00588228
-0.00713856   0.0250582     0.14467 -0.00299134
   0.181973 -0.00588228 -0.00299134    0.345178
IMAGINARY
          0    0.010101  -0.0143667  0.00798264
  -0.010101           0  -0.0155776    0.006388
  0.0143667   0.0155776           0   -0.010101
-0.00798264   -0.006388    0.010101           0
EndNode2[0]<--->HoM1[0]
REAL
  0.372253  0.0187407  0.0156742   0.169381
 0.0187407   0.145604  0.0281193 0.00432577
 0.0156742  0.0281193   0.131868  0.0162593
  0.169381 0.00432577  0.0162593   0.350275
IMAGINARY
          0   0.0101546  0.00103689 -0.00508018
 -0.0101546           0 -0.00317904   0.0232732
-0.00103689  0.00317904           0  -0.0068694
 0.00508018  -0.0232732   0.0068694           0
Repeater1[0]<--->EndNode1[0]
REAL
   0.375635 -0.00713856  0.00429343    0.181973
-0.00713856     0.14467   0.0250582 -0.00299134
 0.00429343   0.0250582    0.134518 -0.00588228
   0.181973 -0.00299134 -0.00588228    0.345178
IMAGINARY
          0  -0.0143667    0.010101  0.00798264
  0.0143667           0   0.0155776   -0.010101
  -0.010101  -0.0155776           0    0.006388
-0.00798264    0.010101   -0.006388           0
Repeater1[0]<--->HoM1[0]
REAL
  0.372253  0.0156742  0.0187407   0.169381
 0.0156742   0.131868  0.0281193  0.0162593
 0.0187407  0.0281193   0.145604 0.00432577
  0.169381  0.0162593 0.00432577   0.350275
IMAGINARY
          0  0.00103689   0.0101546 -0.00508018
-0.00103689           0  0.00317904  -0.0068694
 -0.0101546 -0.00317904           0   0.0232732
 0.00508018   0.0068694  -0.0232732           0
EndNode1[0]<--->Repeater1[0]
REAL
  0.402649  0.0161449 0.00825234   0.175251
 0.0161449   0.133775   0.026736 0.00565494
0.00825234   0.026736   0.137748 -0.0141581
  0.175251 0.00565494 -0.0141581   0.325828
IMAGINARY
          0 -0.00088124  -0.0003588  -0.0119286
 0.00088124           0  -0.0125559  0.00283405
  0.0003588   0.0125559           0  -0.0139702
  0.0119286 -0.00283405   0.0139702           0
EndNode2[0]<--->HoM1[0]
REAL
    0.376518 -0.000568411   -0.0103959     0.175784
-0.000568411     0.139001     0.046853   0.00666451
  -0.0103959     0.046853     0.102564    0.0080311
    0.175784   0.00666451    0.0080311     0.381916
IMAGINARY
          0    -0.02071   0.0134188  -0.0109297
    0.02071           0  0.00487313 -0.00524271
 -0.0134188 -0.00487313           0  -0.0239441
  0.0109297  0.00524271   0.0239441           0
Repeater1[0]<--->EndNode1[0]
REAL
  0.402649 0.00825234  0.0161449   0.175251
0.00825234   0.137748   0.026736 -0.0141581
 0.0161449   0.026736   0.133775 0.00565494
  0.175251 -0.0141581 0.00565494   0.325828
IMAGINARY
          0  -0.0003588 -0.00088124  -0.0119286
  0.0003588           0   0.0125559  -0.0139702
 0.00088124  -0.0125559           0  0.00283405
  0.0119286   0.0139702 -0.00283405           0
Repeater1[0]<--->HoM1[0]
REAL
    0.376518   -0.0103959 -0.000568411     0.175784
  -0.0103959     0.102564     0.046853    0.0080311
-0.000568411     0.046853     0.139001   0.00666451
    0.175784    0.0080311   0.00666451     0.381916
IMAGINARY
          0   0.0134188    -0.02071  -0.0109297
 -0.0134188           0 -0.00487313  -0.0239441
    0.02071  0.00487313           0 -0.00524271
  0.0109297   0.0239441  0.00524271           0
EndNode1[0]<--->Repeater1[0]
REAL
   0.377943  -0.0114178 -0.00267199    0.185484
 -0.0114178    0.146221   0.0278753  0.00591453
-0.00267199   0.0278753    0.122677  0.00039319
   0.185484  0.00591453  0.00039319     0.35316
IMAGINARY
          0  0.00729854  -0.0305058  0.00297917
-0.00729854           0   0.0175177  0.00604931
  0.0305058  -0.0175177           0 -0.00186376
-0.00297917 -0.00604931  0.00186376           0
EndNode2[0]<--->HoM1[0]
REAL
  0.354592  -0.010411  0.0215997   0.202936
 -0.010411   0.131378  0.0392417 0.00530895
 0.0215997  0.0392417   0.159439 0.00477892
  0.202936 0.00530895 0.00477892   0.354592
IMAGINARY
          0  0.00663455   0.0157153   0.0177501
-0.00663455           0  0.00711179     -0.0189
 -0.0157153 -0.00711179           0  -0.0212842
 -0.0177501      0.0189   0.0212842           0
Repeater1[0]<--->EndNode1[0]
REAL
   0.377943 -0.00267199  -0.0114178    0.185484
-0.00267199    0.122677   0.0278753  0.00039319
 -0.0114178   0.0278753    0.146221  0.00591453
   0.185484  0.00039319  0.00591453     0.35316
IMAGINARY
          0  -0.0305058  0.00729854  0.00297917
  0.0305058           0  -0.0175177 -0.00186376
-0.00729854   0.0175177           0  0.00604931
-0.00297917  0.00186376 -0.00604931           0
Repeater1[0]<--->HoM1[0]
REAL
  0.354592  0.0215997  -0.010411   0.202936
 0.0215997   0.159439  0.0392417 0.00477892
 -0.010411  0.0392417   0.131378 0.00530895
  0.202936 0.00477892 0.00530895   0.354592
IMAGINARY
          0   0.0157153  0.00663455   0.0177501
 -0.0157153           0 -0.00711179  -0.0212842
-0.00663455  0.00711179           0     -0.0189
 -0.0177501   0.0212842      0.0189           0
EndNode1[0]<--->Repeater1[0]
REAL
   0.372574  0.00252691 -0.00410659    0.157569
 0.00252691    0.134541    0.060986  0.00223859
-0.00410659    0.060986    0.133247 0.000586417
   0.157569  0.00223859 0.000586417    0.359638
IMAGINARY
           0   0.00347543   -0.0132601    0.0122706
 -0.00347543            0    0.0148612 -0.000537494
   0.0132601   -0.0148612            0   -0.0199012
  -0.0122706  0.000537494    0.0199012            0
EndNode2[0]<--->HoM1[0]
REAL
  0.367478 0.00670637  0.0135744   0.203952
0.00670637   0.151088  0.0394442 -0.0142034
 0.0135744  0.0394442    0.15749 0.00272759
  0.203952 -0.0142034 0.00272759   0.323944
IMAGINARY
          0  -0.0154115   0.0160651 -0.00885667
  0.0154115           0   0.0165886   0.0085463
 -0.0160651  -0.0165886           0  0.00504883
 0.00885667  -0.0085463 -0.00504883           0
Repeater1[0]<--->EndNode1[0]
REAL
   0.372574 -0.00410659  0.00252691    0.157569
-0.00410659    0.133247    0.060986 0.000586417
 0.00252691    0.060986    0.134541  0.00223859
   0.157569 0.000586417  0.00223859    0.359638
IMAGINARY
           0   -0.0132601   0.00347543    0.0122706
   0.0132601            0   -0.0148612   -0.0199012
 -0.00347543    0.0148612            0 -0.000537494
  -0.0122706    0.0199012  0.000537494            0
Repeater1[0]<--->HoM1[0]
REAL
  0.367478  0.0135744 0.00670637   0.203952
 0.0135744    0.15749  0.0394442 0.00272759
0.00670637  0.0394442   0.151088 -0.0142034
  0.203952 0.00272759 -0.0142034   0.323944
IMAGINARY
          0   0.0160651  -0.0154115 -0.00885667
 -0.0160651           0  -0.0165886  0.00504883
  0.0154115   0.0165886           0   0.0085463
 0.00885667 -0.00504883  -0.0085463           0
EndNode1[0]<--->Repeater1[0]
REAL
   0.358871 -0.00819052  0.00248707    0.192541
-0.00819052    0.149194   0.0538642  0.00993123
 0.00248707   0.0538642     0.15457  0.00230817
   0.192541  0.00993123  0.00230817    0.337366
IMAGINARY
          0   0.0108058  0.00455104 -0.00384025
 -0.0108058           0  -0.0199693  -0.0147292
-0.00455104   0.0199693           0   0.0273621
 0.00384025   0.0147292  -0.0273621           0
EndNode2[0]<--->HoM1[0]
REAL
  0.362797  0.0269711   0.011085   0.181276
 0.0269711   0.134565  0.0505251 0.00360205
  0.011085  0.0505251   0.162269 0.00304165
  0.181276 0.00360205 0.00304165   0.340369
IMAGINARY
          0 -0.00358625 -0.00880137  0.00327735
 0.00358625           0   -0.014416 -0.00814778
 0.00880137    0.014416           0 -0.00488833
-0.00327735  0.00814778  0.00488833           0
Repeater1[0]<--->EndNode1[0]
REAL
   0.358871  0.00248707 -0.00819052    0.192541
 0.00248707     0.15457   0.0538642  0.00230817
-0.00819052   0.0538642    0.149194  0.00993123
   0.192541  0.00230817  0.00993123    0.337366
IMAGINARY
          0  0.00455104   0.0108058 -0.00384025
-0.00455104           0   0.0199693   0.0273621
 -0.0108058  -0.0199693           0  -0.0147292
 0.00384025  -0.0273621   0.0147292           0
Repeater1[0]<--->HoM1[0]
REAL
  0.362797   0.011085  0.0269711   0.181276
  0.011085   0.162269  0.0505251 0.00304165
 0.0269711  0.0505251   0.134565 0.00360205
  0.181276 0.00304165 0.00360205   0.340369
IMAGINARY
          0 -0.00880137 -0.00358625  0.00327735
 0.00880137           0    0.014416 -0.00488833
 0.00358625   -0.014416           0 -0.00814778
-0.00327735  0.00488833  0.00814778           0
EndNode1[0]<--->Repeater1[0]
REAL
   0.379355 -0.00761308   0.0119046    0.181477
-0.00761308    0.141935   0.0247805   0.0181081
  0.0119046   0.0247805    0.138065   0.0248545
   0.181477   0.0181081   0.0248545    0.340645
IMAGINARY
          0 -0.00556333 -0.00860324  0.00919725
 0.00556333           0 -0.00656567  0.00795305
 0.00860324  0.00656567           0   0.0166166
-0.00919725 -0.00795305  -0.0166166           0
EndNode2[0]<--->HoM1[0]
REAL
  0.373856  0.0017277  0.0134999   0.220879
 0.0017277   0.135948  0.0313114  -0.010371
 0.0134999  0.0313114   0.130719 -0.0136176
  0.220879  -0.010371 -0.0136176   0.359477
IMAGINARY
          0   0.0109305   -0.013499 -0.00725664
 -0.0109305           0  0.00532614 -0.00431268
   0.013499 -0.00532614           0   -0.013475
 0.00725664  0.00431268    0.013475           0
Repeater1[0]<--->EndNode1[0]
REAL
   0.379355   0.0119046 -0.00761308    0.181477
  0.0119046    0.138065   0.0247805   0.0248545
-0.00761308   0.0247805    0.141935   0.0181081
   0.181477   0.0248545   0.0181081    0.340645
IMAGINARY
          0 -0.00860324 -0.00556333  0.00919725
 0.00860324           0  0.00656567   0.0166166
 0.00556333 -0.00656567           0  0.00795305
-0.00919725  -0.0166166 -0.00795305           0
Repeater1[0]<--->HoM1[0]
REAL
  0.373856  0.0134999  0.0017277   0.220879
 0.0134999   0.130719  0.0313114 -0.0136176
 0.0017277  0.0313114   0.135948  -0.010371
  0.220879 -0.0136176  -0.010371   0.359477
IMAGINARY
          0   -0.013499   0.0109305 -0.00725664
   0.013499           0 -0.00532614   -0.013475
 -0.0109305  0.00532614           0 -0.00431268
 0.00725664    0.013475  0.00431268           0
EndNode1[0]<--->Repeater1[0]
REAL
   0.396015 -0.00980408 -0.00636458    0.188609
-0.00980408    0.122042    0.064257 -0.00446344
-0.00636458    0.064257    0.139477   0.0117149
   0.188609 -0.00446344   0.0117149    0.342466
IMAGINARY
          0  0.00423021 -0.00162549 -0.00201351
-0.00423021           0  -0.0181425  0.00162549
 0.00162549   0.0181425           0  0.00872315
 0.00201351 -0.00162549 -0.00872315           0
EndNode2[0]<--->HoM1[0]
REAL
  0.335561 -0.0114975 -0.0107753   0.196436
-0.0114975   0.127005  0.0233093 -0.0038744
-0.0107753  0.0233093   0.153743 0.00194336
  0.196436 -0.0038744 0.00194336    0.38369
IMAGINARY
          0   0.0340454 -0.00282098 -0.00141455
 -0.0340454           0  -0.0116186  0.00928093
 0.00282098   0.0116186           0  -0.0288775
 0.00141455 -0.00928093   0.0288775           0
Repeater1[0]<--->EndNode1[0]
REAL
   0.396015 -0.00636458 -0.00980408    0.188609
-0.00636458    0.139477    0.064257   0.0117149
-0.00980408    0.064257    0.122042 -0.00446344
   0.188609   0.0117149 -0.00446344    0.342466
IMAGINARY
          0 -0.00162549  0.00423021 -0.00201351
 0.00162549           0   0.0181425  0.00872315
-0.00423021  -0.0181425           0  0.00162549
 0.00201351 -0.00872315 -0.00162549           0
Repeater1[0]<--->HoM1[0]
REAL
  0.335561 -0.0107753 -0.0114975   0.196436
-0.0107753   0.153743  0.0233093 0.00194336
-0.0114975  0.0233093   0.127005 -0.0038744
  0.196436 0.00194336 -0.0038744    0.38369
IMAGINARY
          0 -0.00282098   0.0340454 -0.00141455
 0.00282098           0   0.0116186  -0.0288775
 -0.0340454  -0.0116186           0  0.00928093
 0.00141455   0.0288775 -0.00928093           0
EndNode1[0]<--->Repeater1[0]
REAL
   0.368906 -0.00668339 -0.00792391    0.177563
-0.00668339     0.14361   0.0500632   0.0176515
-0.00792391   0.0500632    0.142292   0.0112229
   0.177563   0.0176515   0.0112229    0.345191
IMAGINARY
          0  0.00789894   0.0016935  -0.0070632
-0.00789894           0   0.0262701   0.0108065
 -0.0016935  -0.0262701           0 -0.00539894
  0.0070632  -0.0108065  0.00539894           0
EndNode2[0]<--->HoM1[0]
REAL
   0.347222   0.0132065   0.0228896    0.208257
  0.0132065    0.155303   0.0322008  -0.0241619
  0.0228896   0.0322008    0.133838 -0.00684521
   0.208257  -0.0241619 -0.00684521    0.363636
IMAGINARY
          0  0.00418373  0.00712877     0.01461
-0.00418373           0   0.0288957 -0.00392774
-0.00712877  -0.0288957           0 -0.00610434
   -0.01461  0.00392774  0.00610434           0
Repeater1[0]<--->EndNode1[0]
REAL
   0.368906 -0.00792391 -0.00668339    0.177563
-0.00792391    0.142292   0.0500632   0.0112229
-0.00668339   0.0500632     0.14361   0.0176515
   0.177563   0.0112229   0.0176515    0.345191
IMAGINARY
          0   0.0016935  0.00789894  -0.0070632
 -0.0016935           0  -0.0262701 -0.00539894
-0.00789894   0.0262701           0   0.0108065
  0.0070632  0.00539894  -0.0108065           0
Repeater1[0]<--->HoM1[0]
REAL
   0.347222   0.0228896   0.0132065    0.208257
  0.0228896    0.133838   0.0322008 -0.00684521
  0.0132065   0.0322008    0.155303  -0.0241619
   0.208257 -0.00684521  -0.0241619    0.363636
IMAGINARY
          0  0.00712877  0.00418373     0.01461
-0.00712877           0  -0.0288957 -0.00610434
-0.00418373   0.0288957           0 -0.00392774
   -0.01461  0.00610434  0.00392774           0
EndNode1[0]<--->Repeater1[0]
REAL
  0.366906  0.0137924 0.00934981   0.192098
 0.0137924   0.158273  0.0502492 0.00340529
0.00934981  0.0502492   0.127098 0.00406476
  0.192098 0.00340529 0.00406476   0.347722
IMAGINARY
          0 -0.00336052  -0.0182927  -0.0157592
 0.00336052           0  0.00666827  -0.0182927
  0.0182927 -0.00666827           0  -0.0306575
  0.0157592   0.0182927   0.0306575           0
EndNode2[0]<--->HoM1[0]
REAL
   0.370466  -0.0159904  0.00083693    0.190816
 -0.0159904    0.143782   0.0532836 -0.00642699
 0.00083693   0.0532836    0.154145   0.0178538
   0.190816 -0.00642699   0.0178538    0.331606
IMAGINARY
          0  -0.0145095 -0.00400088   0.0103748
  0.0145095           0  -0.0103748  -0.0114233
 0.00400088   0.0103748           0   0.0119388
 -0.0103748   0.0114233  -0.0119388           0
Repeater1[0]<--->EndNode1[0]
REAL
  0.366906 0.00934981  0.0137924   0.192098
0.00934981   0.127098  0.0502492 0.00406476
 0.0137924  0.0502492   0.158273 0.00340529
  0.192098 0.00406476 0.00340529   0.347722
IMAGINARY
          0  -0.0182927 -0.00336052  -0.0157592
  0.0182927           0 -0.00666827  -0.0306575
 0.00336052  0.00666827           0  -0.0182927
  0.0157592   0.0306575   0.0182927           0
Repeater1[0]<--->HoM1[0]
REAL
   0.370466  0.00083693  -0.0159904    0.190816
 0.00083693    0.154145   0.0532836   0.0178538
 -0.0159904   0.0532836    0.143782 -0.00642699
   0.190816   0.0178538 -0.00642699    0.331606
IMAGINARY
          0 -0.00400088  -0.0145095   0.0103748
 0.00400088           0   0.0103748   0.0119388
  0.0145095  -0.0103748           0  -0.0114233
 -0.0103748  -0.0119388   0.0114233           0
EndNode1[0]<--->Repeater1[0]
REAL
    0.35396 -0.00472621  -0.0100262    0.178517
-0.00472621    0.154703   0.0275269  -0.0119518
 -0.0100262   0.0275269    0.157178  -0.0145046
   0.178517  -0.0119518  -0.0145046    0.334158
IMAGINARY
          0   0.0022443    0.027661  -0.0032175
 -0.0022443           0 -0.00900901   0.0181311
  -0.027661  0.00900901           0 -0.00100668
  0.0032175  -0.0181311  0.00100668           0
EndNode2[0]<--->HoM1[0]
REAL
   0.368217  -0.0124032   0.0016367    0.186116
 -0.0124032    0.134367   0.0517215  -0.0043394
  0.0016367   0.0517215    0.138243 -0.00921845
   0.186116  -0.0043394 -0.00921845    0.359173
IMAGINARY
           0 -0.000713055  0.000320909   0.00561224
 0.000713055            0   0.00688776  -0.00350562
-0.000320909  -0.00688776            0   -0.0126627
 -0.00561224   0.00350562    0.0126627            0
Repeater1[0]<--->EndNode1[0]
REAL
    0.35396  -0.0100262 -0.00472621    0.178517
 -0.0100262    0.157178   0.0275269  -0.0145046
-0.00472621   0.0275269    0.154703  -0.0119518
   0.178517  -0.0145046  -0.0119518    0.334158
IMAGINARY
          0    0.027661   0.0022443  -0.0032175
  -0.027661           0  0.00900901 -0.00100668
 -0.0022443 -0.00900901           0   0.0181311
  0.0032175  0.00100668  -0.0181311           0
Repeater1[0]<--->HoM1[0]
REAL
   0.368217   0.0016367  -0.0124032    0.186116
  0.0016367    0.138243   0.0517215 -0.00921845
 -0.0124032   0.0517215    0.134367  -0.0043394
   0.186116 -0.00921845  -0.0043394    0.359173
IMAGINARY
           0  0.000320909 -0.000713055   0.00561224
-0.000320909            0  -0.00688776   -0.0126627
 0.000713055   0.00688776            0  -0.00350562
 -0.00561224    0.0126627   0.00350562            0
EndNode1[0]<--->Repeater1[0]
REAL
  0.358247 0.00632731 0.00638181   0.168796
0.00632731   0.127577  0.0447652 -0.0184224
0.00638181  0.0447652   0.154639 -0.0259724
  0.168796 -0.0184224 -0.0259724   0.359536
IMAGINARY
          0  0.00363797 -0.00996109 -0.00319701
-0.00363797           0   0.0188416  0.00608512
 0.00996109  -0.0188416           0  -0.0398137
 0.00319701 -0.00608512   0.0398137           0
EndNode2[0]<--->HoM1[0]
REAL
   0.392613  0.00819881 -0.00169238    0.201405
 0.00819881    0.146375   0.0482923  0.00229698
-0.00169238   0.0482923    0.128591 -0.00396664
   0.201405  0.00229698 -0.00396664    0.332421
IMAGINARY
          0  -0.0151696   0.0142802 -0.00639762
  0.0151696           0  0.00133433   0.0219333
 -0.0142802 -0.00133433           0   0.0183462
 0.00639762  -0.0219333  -0.0183462           0
Repeater1[0]<--->EndNode1[0]
REAL
  0.358247 0.00638181 0.00632731   0.168796
0.00638181   0.154639  0.0447652 -0.0259724
0.00632731  0.0447652   0.127577 -0.0184224
  0.168796 -0.0259724 -0.0184224   0.359536
IMAGINARY
          0 -0.00996109  0.00363797 -0.00319701
 0.00996109           0  -0.0188416  -0.0398137
-0.00363797   0.0188416           0  0.00608512
 0.00319701   0.0398137 -0.00608512           0
Repeater1[0]<--->HoM1[0]
REAL
   0.392613 -0.00169238  0.00819881    0.201405
-0.00169238    0.128591   0.0482923 -0.00396664
 0.00819881   0.0482923    0.146375  0.00229698
   0.201405 -0.00396664  0.00229698    0.332421
IMAGINARY
          0   0.0142802  -0.0151696 -0.00639762
 -0.0142802           0 -0.00133433   0.0183462
  0.0151696  0.00133433           0   0.0219333
 0.00639762  -0.0183462  -0.0219333           0
EndNode1[0]<--->Repeater1[0]
REAL
   0.358073  -0.0145675  0.00867683    0.171992
 -0.0145675    0.141927   0.0381533 -0.00933559
 0.00867683   0.0381533    0.169271 -0.00190159
   0.171992 -0.00933559 -0.00190159    0.330729
IMAGINARY
          0  -0.0297864  0.00590551   -0.011615
  0.0297864           0  0.00149358 -0.00590551
-0.00590551 -0.00149358           0   0.0045339
   0.011615  0.00590551  -0.0045339           0
EndNode2[0]<--->HoM1[0]
REAL
   0.353247 -0.00128198 -0.00115918     0.18258
-0.00128198    0.142857   0.0532923   0.0159012
-0.00115918   0.0532923    0.161039  0.00742449
    0.18258   0.0159012  0.00742449    0.342857
IMAGINARY
          0 -0.00121816  0.00240402  -0.0129117
 0.00121816           0  0.00478162   0.0292582
-0.00240402 -0.00478162           0 -0.00801667
  0.0129117  -0.0292582  0.00801667           0
Repeater1[0]<--->EndNode1[0]
REAL
   0.358073  0.00867683  -0.0145675    0.171992
 0.00867683    0.169271   0.0381533 -0.00190159
 -0.0145675   0.0381533    0.141927 -0.00933559
   0.171992 -0.00190159 -0.00933559    0.330729
IMAGINARY
          0  0.00590551  -0.0297864   -0.011615
-0.00590551           0 -0.00149358   0.0045339
  0.0297864  0.00149358           0 -0.00590551
   0.011615  -0.0045339  0.00590551           0
Repeater1[0]<--->HoM1[0]
REAL
   0.353247 -0.00115918 -0.00128198     0.18258
-0.00115918    0.161039   0.0532923  0.00742449
-0.00128198   0.0532923    0.142857   0.0159012
    0.18258  0.00742449   0.0159012    0.342857
IMAGINARY
          0  0.00240402 -0.00121816  -0.0129117
-0.00240402           0 -0.00478162 -0.00801667
 0.00121816  0.00478162           0   0.0292582
  0.0129117  0.00801667  -0.0292582           0
EndNode1[0]<--->Repeater1[0]
REAL
  0.380892 -0.0145483 0.00157589   0.190435
-0.0145483   0.127389  0.0441247 -0.0127454
0.00157589  0.0441247   0.152866 -0.0176462
  0.190435 -0.0127454 -0.0176462   0.338854
IMAGINARY
           0   0.00276655   -0.0103385   -0.0127707
 -0.00276655            0  0.000706373   0.00270495
   0.0103385 -0.000706373            0   0.00995609
   0.0127707  -0.00270495  -0.00995609            0
EndNode2[0]<--->HoM1[0]
REAL
   0.365729  0.00394554   0.0294692    0.199129
 0.00394554    0.130435   0.0489335 -0.00233742
  0.0294692   0.0489335    0.159847   0.0218943
   0.199129 -0.00233742   0.0218943     0.34399
IMAGINARY
           0  -0.00233513   -0.0152889 -0.000510856
  0.00233513            0    -0.011622  -0.00096598
   0.0152889     0.011622            0    0.0146888
 0.000510856   0.00096598   -0.0146888            0
Repeater1[0]<--->EndNode1[0]
REAL
  0.380892 0.00157589 -0.0145483   0.190435
0.00157589   0.152866  0.0441247 -0.0176462
-0.0145483  0.0441247   0.127389 -0.0127454
  0.190435 -0.0176462 -0.0127454   0.338854
IMAGINARY
           0   -0.0103385   0.00276655   -0.0127707
   0.0103385            0 -0.000706373   0.00995609
 -0.00276655  0.000706373            0   0.00270495
   0.0127707  -0.00995609  -0.00270495            0
Repeater1[0]<--->HoM1[0]
REAL
   0.365729   0.0294692  0.00394554    0.199129
  0.0294692    0.159847   0.0489335   0.0218943
 0.00394554   0.0489335    0.130435 -0.00233742
   0.199129   0.0218943 -0.00233742     0.34399
IMAGINARY
           0   -0.0152889  -0.00233513 -0.000510856
   0.0152889            0     0.011622    0.0146888
  0.00233513    -0.011622            0  -0.00096598
 0.000510856   -0.0146888   0.00096598            0
EndNode1[0]<--->Repeater1[0]
REAL
    0.36911   0.0316222 0.000733749    0.170177
  0.0316222    0.136126   0.0459351   0.0376294
0.000733749   0.0459351    0.145288  -0.0137194
   0.170177   0.0376294  -0.0137194    0.349476
IMAGINARY
           0   0.00499178   0.00968684      0.01511
 -0.00499178            0   -0.0109317 -0.000595934
 -0.00968684    0.0109317            0    0.0101597
    -0.01511  0.000595934   -0.0101597            0
EndNode2[0]<--->HoM1[0]
REAL
   0.342377  -0.0119361   0.0240446    0.190095
 -0.0119361    0.143411    0.051242 -0.00795545
  0.0240446    0.051242    0.118863 -0.00291543
   0.190095 -0.00795545 -0.00291543    0.395349
IMAGINARY
          0  0.00364528   0.0224686 -0.00239371
-0.00364528           0   0.0182248 -0.00225999
 -0.0224686  -0.0182248           0  -0.0147274
 0.00239371  0.00225999   0.0147274           0
Repeater1[0]<--->EndNode1[0]
REAL
    0.36911 0.000733749   0.0316222    0.170177
0.000733749    0.145288   0.0459351  -0.0137194
  0.0316222   0.0459351    0.136126   0.0376294
   0.170177  -0.0137194   0.0376294    0.349476
IMAGINARY
           0   0.00968684   0.00499178      0.01511
 -0.00968684            0    0.0109317    0.0101597
 -0.00499178   -0.0109317            0 -0.000595934
    -0.01511   -0.0101597  0.000595934            0
Repeater1[0]<--->HoM1[0]
REAL
   0.342377   0.0240446  -0.0119361    0.190095
  0.0240446    0.118863    0.051242 -0.00291543
 -0.0119361    0.051242    0.143411 -0.00795545
   0.190095 -0.00291543 -0.00795545    0.395349
IMAGINARY
          0   0.0224686  0.00364528 -0.00239371
 -0.0224686           0  -0.0182248  -0.0147274
-0.00364528   0.0182248           0 -0.00225999
 0.00239371   0.0147274  0.00225999           0
EndNode1[0]<--->Repeater1[0]
REAL
  0.361179  0.0288293 0.00190476   0.192238
 0.0288293   0.140049  0.0587299 -0.0219048
0.00190476  0.0587299   0.120393 -0.0217325
  0.192238 -0.0219048 -0.0217325   0.378378
IMAGINARY
           0    0.0065445 -0.000469739  -0.00441216
  -0.0065445            0   -0.0167338   0.00439644
 0.000469739    0.0167338            0     0.013089
  0.00441216  -0.00439644    -0.013089            0
EndNode2[0]<--->HoM1[0]
REAL
   0.339166 -0.00609923  0.00290561    0.180962
-0.00609923    0.145357   0.0181416 -0.00994786
 0.00290561   0.0181416    0.145357   0.0028982
   0.180962 -0.00994786   0.0028982    0.370121
IMAGINARY
           0    0.0144491    -0.025641  -0.00142353
  -0.0144491            0  -0.00850203    -0.024359
    0.025641   0.00850203            0  0.000935551
  0.00142353     0.024359 -0.000935551            0
Repeater1[0]<--->EndNode1[0]
REAL
  0.361179 0.00190476  0.0288293   0.192238
0.00190476   0.120393  0.0587299 -0.0217325
 0.0288293  0.0587299   0.140049 -0.0219048
  0.192238 -0.0217325 -0.0219048   0.378378
IMAGINARY
           0 -0.000469739    0.0065445  -0.00441216
 0.000469739            0    0.0167338     0.013089
  -0.0065445   -0.0167338            0   0.00439644
  0.00441216    -0.013089  -0.00439644            0
Repeater1[0]<--->HoM1[0]
REAL
   0.339166  0.00290561 -0.00609923    0.180962
 0.00290561    0.145357   0.0181416   0.0028982
-0.00609923   0.0181416    0.145357 -0.00994786
   0.180962   0.0028982 -0.00994786    0.370121
IMAGINARY
           0    -0.025641    0.0144491  -0.00142353
    0.025641            0   0.00850203  0.000935551
  -0.0144491  -0.00850203            0    -0.024359
  0.00142353 -0.000935551     0.024359            0
EndNode1[0]<--->Repeater1[0]
REAL
  0.375867  0.0049873  0.0144001   0.188965
 0.0049873    0.14147  0.0352181 -0.0215896
 0.0144001  0.0352181    0.14147  -0.013484
  0.188965 -0.0215896  -0.013484   0.341193
IMAGINARY
           0    0.0105409    0.0196294   0.00877388
  -0.0105409            0  0.000451214   -0.0144615
  -0.0196294 -0.000451214            0 -0.000204987
 -0.00877388    0.0144615  0.000204987            0
EndNode2[0]<--->HoM1[0]
REAL
   0.361647  0.00499382  0.00193795    0.196434
 0.00499382    0.140283   0.0631428  0.00664858
 0.00193795   0.0631428    0.133848 0.000950696
   0.196434  0.00664858 0.000950696    0.364221
IMAGINARY
          0  0.00955085 -0.00748087 -0.00794386
-0.00955085           0   0.0139104  0.00810666
 0.00748087  -0.0139104           0  0.00359058
 0.00794386 -0.00810666 -0.00359058           0
Repeater1[0]<--->EndNode1[0]
REAL
  0.375867  0.0144001  0.0049873   0.188965
 0.0144001    0.14147  0.0352181  -0.013484
 0.0049873  0.0352181    0.14147 -0.0215896
  0.188965  -0.013484 -0.0215896   0.341193
IMAGINARY
           0    0.0196294    0.0105409   0.00877388
  -0.0196294            0 -0.000451214 -0.000204987
  -0.0105409  0.000451214            0   -0.0144615
 -0.00877388  0.000204987    0.0144615            0
Repeater1[0]<--->HoM1[0]
REAL
   0.361647  0.00193795  0.00499382    0.196434
 0.00193795    0.133848   0.0631428 0.000950696
 0.00499382   0.0631428    0.140283  0.00664858
   0.196434 0.000950696  0.00664858    0.364221
IMAGINARY
          0 -0.00748087  0.00955085 -0.00794386
 0.00748087           0  -0.0139104  0.00359058
-0.00955085   0.0139104           0  0.00810666
 0.00794386 -0.00359058 -0.00810666           0
EndNode1[0]<--->Repeater1[0]
REAL
   0.371319  0.00929329  -0.0133516     0.17669
 0.00929329    0.128041   0.0546742 -9.8292e-06
 -0.0133516   0.0546742    0.143406  -0.0128095
    0.17669 -9.8292e-06  -0.0128095    0.357234
IMAGINARY
          0   0.0188171  0.00859403  -0.0136434
 -0.0188171           0   0.0300692  -0.0231829
-0.00859403  -0.0300692           0  0.00505561
  0.0136434   0.0231829 -0.00505561           0
EndNode2[0]<--->HoM1[0]
REAL
   0.341523 0.000481829   0.0217302    0.188238
0.000481829    0.144963   0.0408761  -0.0128695
  0.0217302   0.0408761     0.15602  -0.0169375
   0.188238  -0.0128695  -0.0169375    0.357494
IMAGINARY
          0  0.00284671  0.00870481 -0.00531623
-0.00284671           0  -0.0111528   0.0048087
-0.00870481   0.0111528           0  -0.0163602
 0.00531623  -0.0048087   0.0163602           0
Repeater1[0]<--->EndNode1[0]
REAL
   0.371319  -0.0133516  0.00929329     0.17669
 -0.0133516    0.143406   0.0546742  -0.0128095
 0.00929329   0.0546742    0.128041 -9.8292e-06
    0.17669  -0.0128095 -9.8292e-06    0.357234
IMAGINARY
          0  0.00859403   0.0188171  -0.0136434
-0.00859403           0  -0.0300692  0.00505561
 -0.0188171   0.0300692           0  -0.0231829
  0.0136434 -0.00505561   0.0231829           0
Repeater1[0]<--->HoM1[0]
REAL
   0.341523   0.0217302 0.000481829    0.188238
  0.0217302     0.15602   0.0408761  -0.0169375
0.000481829   0.0408761    0.144963  -0.0128695
   0.188238  -0.0169375  -0.0128695    0.357494
IMAGINARY
          0  0.00870481  0.00284671 -0.00531623
-0.00870481           0   0.0111528  -0.0163602
-0.00284671  -0.0111528           0   0.0048087
 0.00531623   0.0163602  -0.0048087           0
EndNode1[0]<--->Repeater1[0]
REAL
   0.391521  0.00198337  0.00578776    0.213532
 0.00198337    0.133416   0.0300886 -0.00396516
 0.00578776   0.0300886    0.145885   0.0083447
   0.213532 -0.00396516   0.0083447    0.329177
IMAGINARY
           0    0.0077572   0.00164003    0.0193754
  -0.0077572            0  -0.00548649 -0.000977775
 -0.00164003   0.00548649            0  -0.00179694
  -0.0193754  0.000977775   0.00179694            0
EndNode2[0]<--->HoM1[0]
REAL
   0.340996  -0.0169231   0.0124195    0.171102
 -0.0169231    0.145594   0.0454543 -0.00248569
  0.0124195   0.0454543    0.141762   0.0109628
   0.171102 -0.00248569   0.0109628    0.371648
IMAGINARY
          0 -0.00564671   -0.012868  0.00438405
 0.00564671           0   0.0111826   0.0154587
   0.012868  -0.0111826           0   0.0017607
-0.00438405  -0.0154587  -0.0017607           0
Repeater1[0]<--->EndNode1[0]
REAL
   0.391521  0.00578776  0.00198337    0.213532
 0.00578776    0.145885   0.0300886   0.0083447
 0.00198337   0.0300886    0.133416 -0.00396516
   0.213532   0.0083447 -0.00396516    0.329177
IMAGINARY
           0   0.00164003    0.0077572    0.0193754
 -0.00164003            0   0.00548649  -0.00179694
  -0.0077572  -0.00548649            0 -0.000977775
  -0.0193754   0.00179694  0.000977775            0
Repeater1[0]<--->HoM1[0]
REAL
   0.340996   0.0124195  -0.0169231    0.171102
  0.0124195    0.141762   0.0454543   0.0109628
 -0.0169231   0.0454543    0.145594 -0.00248569
   0.171102   0.0109628 -0.00248569    0.371648
IMAGINARY
          0   -0.012868 -0.00564671  0.00438405
   0.012868           0  -0.0111826   0.0017607
 0.00564671   0.0111826           0   0.0154587
-0.00438405  -0.0017607  -0.0154587           0
EndNode1[0]<--->Repeater1[0]
REAL
   0.415119   0.0109819 -0.00563933    0.191964
  0.0109819    0.143236    0.044682 -0.00988862
-0.00563933    0.044682     0.15252 -0.00911857
   0.191964 -0.00988862 -0.00911857    0.289125
IMAGINARY
           0    -0.016454   0.00665606    -0.005701
    0.016454            0  -0.00941387  -0.00728817
 -0.00665606   0.00941387            0  0.000651241
    0.005701   0.00728817 -0.000651241            0
EndNode2[0]<--->HoM1[0]
REAL
  0.335106  0.0277868 0.00619832    0.18613
 0.0277868   0.154255  0.0363834 -0.0114339
0.00619832  0.0363834   0.144947  0.0245693
   0.18613 -0.0114339  0.0245693   0.365691
IMAGINARY
          0  0.00317259 -0.00180051 -0.00695626
-0.00317259           0   0.0127181    0.019567
 0.00180051  -0.0127181           0  0.00444162
 0.00695626   -0.019567 -0.00444162           0
Repeater1[0]<--->EndNode1[0]
REAL
   0.415119 -0.00563933   0.0109819    0.191964
-0.00563933     0.15252    0.044682 -0.00911857
  0.0109819    0.044682    0.143236 -0.00988862
   0.191964 -0.00911857 -0.00988862    0.289125
IMAGINARY
           0   0.00665606    -0.016454    -0.005701
 -0.00665606            0   0.00941387  0.000651241
    0.016454  -0.00941387            0  -0.00728817
    0.005701 -0.000651241   0.00728817            0
Repeater1[0]<--->HoM1[0]
REAL
  0.335106 0.00619832  0.0277868    0.18613
0.00619832   0.144947  0.0363834  0.0245693
 0.0277868  0.0363834   0.154255 -0.0114339
   0.18613  0.0245693 -0.0114339   0.365691
IMAGINARY
          0 -0.00180051  0.00317259 -0.00695626
 0.00180051           0  -0.0127181  0.00444162
-0.00317259   0.0127181           0    0.019567
 0.00695626 -0.00444162   -0.019567           0
EndNode1[0]<--->Repeater1[0]
REAL
  0.392031 -0.0049044 -0.0174322   0.180543
-0.0049044   0.119537  0.0497365  0.0187045
-0.0174322  0.0497365   0.133676 0.00108761
  0.180543  0.0187045 0.00108761   0.354756
IMAGINARY
          0   0.0124108  0.00694403  -0.0177802
 -0.0124108           0   0.0247865  -0.0350614
-0.00694403  -0.0247865           0 -0.00140833
  0.0177802   0.0350614  0.00140833           0
EndNode2[0]<--->HoM1[0]
REAL
    0.385768  -0.00432312  0.000303266     0.208578
 -0.00432312     0.144819    0.0431276 -0.000985394
 0.000303266    0.0431276     0.164794   0.00091248
    0.208578 -0.000985394   0.00091248     0.304619
IMAGINARY
          0   0.0144485 -0.00103778   0.0239471
 -0.0144485           0  0.00570809    0.021719
 0.00103778 -0.00570809           0  -0.0217478
 -0.0239471   -0.021719   0.0217478           0
Repeater1[0]<--->EndNode1[0]
REAL
  0.392031 -0.0174322 -0.0049044   0.180543
-0.0174322   0.133676  0.0497365 0.00108761
-0.0049044  0.0497365   0.119537  0.0187045
  0.180543 0.00108761  0.0187045   0.354756
IMAGINARY
          0  0.00694403   0.0124108  -0.0177802
-0.00694403           0  -0.0247865 -0.00140833
 -0.0124108   0.0247865           0  -0.0350614
  0.0177802  0.00140833   0.0350614           0
Repeater1[0]<--->HoM1[0]
REAL
    0.385768  0.000303266  -0.00432312     0.208578
 0.000303266     0.164794    0.0431276   0.00091248
 -0.00432312    0.0431276     0.144819 -0.000985394
    0.208578   0.00091248 -0.000985394     0.304619
IMAGINARY
          0 -0.00103778   0.0144485   0.0239471
 0.00103778           0 -0.00570809  -0.0217478
 -0.0144485  0.00570809           0    0.021719
 -0.0239471   0.0217478   -0.021719           0
EndNode1[0]<--->Repeater1[0]
REAL
   0.358696 -0.00178105  0.00570504    0.171411
-0.00178105     0.15625    0.049755  0.00506809
 0.00570504    0.049755    0.149457  -0.0254686
   0.171411  0.00506809  -0.0254686    0.335598
IMAGINARY
          0 -0.00508818  -0.0113772  -0.0065107
 0.00508818           0  0.00586554  0.00437083
  0.0113772 -0.00586554           0 -0.00701373
  0.0065107 -0.00437083  0.00701373           0
EndNode2[0]<--->HoM1[0]
REAL
    0.392031   0.00477274   -0.0034528     0.194082
  0.00477274     0.138817    0.0345612 -0.000316041
  -0.0034528    0.0345612      0.12982   -0.0010039
    0.194082 -0.000316041   -0.0010039     0.339332
IMAGINARY
          0 -0.00723094 -0.00101343   0.0156902
 0.00723094           0  -0.0137987 -0.00592226
 0.00101343   0.0137987           0  -0.0135761
 -0.0156902  0.00592226   0.0135761           0
Repeater1[0]<--->EndNode1[0]
REAL
   0.358696  0.00570504 -0.00178105    0.171411
 0.00570504    0.149457    0.049755  -0.0254686
-0.00178105    0.049755     0.15625  0.00506809
   0.171411  -0.0254686  0.00506809    0.335598
IMAGINARY
          0  -0.0113772 -0.00508818  -0.0065107
  0.0113772           0 -0.00586554 -0.00701373
 0.00508818  0.00586554           0  0.00437083
  0.0065107  0.00701373 -0.00437083           0
Repeater1[0]<--->HoM1[0]
REAL
    0.392031   -0.0034528   0.00477274     0.194082
  -0.0034528      0.12982    0.0345612   -0.0010039
  0.00477274    0.0345612     0.138817 -0.000316041
    0.194082   -0.0010039 -0.000316041     0.339332
IMAGINARY
          0 -0.00101343 -0.00723094   0.0156902
 0.00101343           0   0.0137987  -0.0135761
 0.00723094  -0.0137987           0 -0.00592226
 -0.0156902   0.0135761  0.00592226           0
EndNode1[0]<--->Repeater1[0]
REAL
    0.388312   0.00833264   0.00727034     0.176758
  0.00833264     0.163636    0.0238551 -0.000521871
  0.00727034    0.0238551     0.149351  -0.00649215
    0.176758 -0.000521871  -0.00649215     0.298701
IMAGINARY
           0    0.0135596 -0.000882594  -0.00214903
  -0.0135596            0  -0.00278924   0.00926969
 0.000882594   0.00278924            0     0.012892
  0.00214903  -0.00926969    -0.012892            0
EndNode2[0]<--->HoM1[0]
REAL
    0.371393 -0.000874255  -0.00112845     0.175243
-0.000874255     0.130489    0.0547447   -0.0150006
 -0.00112845    0.0547447     0.109159  -0.00330735
    0.175243   -0.0150006  -0.00330735     0.388959
IMAGINARY
