EndNode1[0]<--->Repeater1[0]
REAL
   0.445137  -0.0238311 -0.00114442    0.419072
 -0.0238311   0.0436409   0.0382685  -0.0157941
-0.00114442   0.0382685   0.0486284  -0.0106732
   0.419072  -0.0157941  -0.0106732    0.462594
IMAGINARY
           0    0.0128767   -0.0109708 -0.000298097
  -0.0128767            0   0.00955736   -0.0235336
   0.0109708  -0.00955736            0  -0.00723053
 0.000298097    0.0235336   0.00723053            0
EndNode2[0]<--->HoM1[0]
REAL
  0.420918 -0.0141903 0.00354497   0.414244
-0.0141903  0.0408163  0.0312106 -0.0100385
0.00354497  0.0312106  0.0395408  0.0102942
  0.414244 -0.0100385  0.0102942   0.498724
IMAGINARY
           0  -0.00770232    0.0107557  -0.00766418
  0.00770232            0   -0.0174681 -0.000472879
  -0.0107557    0.0174681            0   -0.0064365
  0.00766418  0.000472879    0.0064365            0
Repeater1[0]<--->EndNode1[0]
REAL
   0.445137 -0.00114442  -0.0238311    0.419072
-0.00114442   0.0486284   0.0382685  -0.0106732
 -0.0238311   0.0382685   0.0436409  -0.0157941
   0.419072  -0.0106732  -0.0157941    0.462594
IMAGINARY
           0   -0.0109708    0.0128767 -0.000298097
   0.0109708            0  -0.00955736  -0.00723053
  -0.0128767   0.00955736            0   -0.0235336
 0.000298097   0.00723053    0.0235336            0
Repeater1[0]<--->HoM1[0]
REAL
  0.420918 0.00354497 -0.0141903   0.414244
0.00354497  0.0395408  0.0312106  0.0102942
-0.0141903  0.0312106  0.0408163 -0.0100385
  0.414244  0.0102942 -0.0100385   0.498724
IMAGINARY
           0    0.0107557  -0.00770232  -0.00766418
  -0.0107557            0    0.0174681   -0.0064365
  0.00770232   -0.0174681            0 -0.000472879
  0.00766418    0.0064365  0.000472879            0
EndNode1[0]<--->Repeater1[0]
REAL
  0.460477 -0.0174758 -0.0049364   0.410134
-0.0174758  0.0414053   0.045166 -0.0097507
-0.0049364   0.045166   0.055207 0.00151155
  0.410134 -0.0097507 0.00151155   0.442911
IMAGINARY
          0  -0.0208982 -0.00335397 -0.00529803
  0.0208982           0  -0.0247281   0.0409336
 0.00335397   0.0247281           0 -0.00903807
 0.00529803  -0.0409336  0.00903807           0
EndNode2[0]<--->HoM1[0]
REAL
  0.479275  0.0114753 0.00628362   0.406008
 0.0114753  0.0375648  0.0279899 -0.0156236
0.00628362  0.0279899  0.0479275 -0.0120979
  0.406008 -0.0156236 -0.0120979   0.435233
IMAGINARY
          0  -0.0135439 -0.00303354  0.00232391
  0.0135439           0  0.00434275  0.00366887
 0.00303354 -0.00434275           0   -0.017587
-0.00232391 -0.00366887    0.017587           0
Repeater1[0]<--->EndNode1[0]
REAL
  0.460477 -0.0049364 -0.0174758   0.410134
-0.0049364   0.055207   0.045166 0.00151155
-0.0174758   0.045166  0.0414053 -0.0097507
  0.410134 0.00151155 -0.0097507   0.442911
IMAGINARY
          0 -0.00335397  -0.0208982 -0.00529803
 0.00335397           0   0.0247281 -0.00903807
  0.0208982  -0.0247281           0   0.0409336
 0.00529803  0.00903807  -0.0409336           0
Repeater1[0]<--->HoM1[0]
REAL
  0.479275 0.00628362  0.0114753   0.406008
0.00628362  0.0479275  0.0279899 -0.0120979
 0.0114753  0.0279899  0.0375648 -0.0156236
  0.406008 -0.0120979 -0.0156236   0.435233
IMAGINARY
          0 -0.00303354  -0.0135439  0.00232391
 0.00303354           0 -0.00434275   -0.017587
  0.0135439  0.00434275           0  0.00366887
-0.00232391    0.017587 -0.00366887           0
EndNode1[0]<--->Repeater1[0]
REAL
   0.445431  -0.0106604  -0.0139136    0.403475
 -0.0106604   0.0406091   0.0201002  0.00355087
 -0.0139136   0.0201002   0.0431472 -0.00617897
   0.403475  0.00355087 -0.00617897    0.470812
IMAGINARY
          0  0.00404295   0.0176153  0.00193798
-0.00404295           0  0.00452196   0.0034765
 -0.0176153 -0.00452196           0  -0.0251348
-0.00193798  -0.0034765   0.0251348           0
EndNode2[0]<--->HoM1[0]
REAL
   0.460576  -0.0106037 -0.00687688    0.407292
 -0.0106037   0.0463079    0.040625   0.0198977
-0.00687688    0.040625   0.0463079   0.0236245
   0.407292   0.0198977   0.0236245    0.446809
IMAGINARY
          0  0.00183773  0.00680709  0.00899143
-0.00183773           0 -0.00357138 -0.00983739
-0.00680709  0.00357138           0  0.00119257
-0.00899143  0.00983739 -0.00119257           0
Repeater1[0]<--->EndNode1[0]
REAL
   0.445431  -0.0139136  -0.0106604    0.403475
 -0.0139136   0.0431472   0.0201002 -0.00617897
 -0.0106604   0.0201002   0.0406091  0.00355087
   0.403475 -0.00617897  0.00355087    0.470812
IMAGINARY
          0   0.0176153  0.00404295  0.00193798
 -0.0176153           0 -0.00452196  -0.0251348
-0.00404295  0.00452196           0   0.0034765
-0.00193798   0.0251348  -0.0034765           0
Repeater1[0]<--->HoM1[0]
REAL
   0.460576 -0.00687688  -0.0106037    0.407292
-0.00687688   0.0463079    0.040625   0.0236245
 -0.0106037    0.040625   0.0463079   0.0198977
   0.407292   0.0236245   0.0198977    0.446809
IMAGINARY
          0  0.00680709  0.00183773  0.00899143
-0.00680709           0  0.00357138  0.00119257
-0.00183773 -0.00357138           0 -0.00983739
-0.00899143 -0.00119257  0.00983739           0
EndNode1[0]<--->Repeater1[0]
REAL
  0.460938   0.016682  0.0248274   0.422868
  0.016682  0.0507812  0.0228682  0.0152243
 0.0248274  0.0228682  0.0377604 0.00786584
  0.422868  0.0152243 0.00786584   0.450521
IMAGINARY
          0  0.00641451  -0.0182352  0.00707595
-0.00641451           0   0.0192398   0.0131719
  0.0182352  -0.0192398           0  0.00244625
-0.00707595  -0.0131719 -0.00244625           0
EndNode2[0]<--->HoM1[0]
REAL
  0.472222 0.00544715   0.011249   0.419453
0.00544715   0.042328  0.0320539  0.0156186
  0.011249  0.0320539  0.0410053  0.0227311
  0.419453  0.0156186  0.0227311   0.444444
IMAGINARY
           0   0.00374895  -0.00366806  -0.00289915
 -0.00374895            0 -0.000917644  -0.00303435
  0.00366806  0.000917644            0  -0.00508943
  0.00289915   0.00303435   0.00508943            0
Repeater1[0]<--->EndNode1[0]
REAL
  0.460938  0.0248274   0.016682   0.422868
 0.0248274  0.0377604  0.0228682 0.00786584
  0.016682  0.0228682  0.0507812  0.0152243
  0.422868 0.00786584  0.0152243   0.450521
IMAGINARY
          0  -0.0182352  0.00641451  0.00707595
  0.0182352           0  -0.0192398  0.00244625
-0.00641451   0.0192398           0   0.0131719
-0.00707595 -0.00244625  -0.0131719           0
Repeater1[0]<--->HoM1[0]
REAL
  0.472222   0.011249 0.00544715   0.419453
  0.011249  0.0410053  0.0320539  0.0227311
0.00544715  0.0320539   0.042328  0.0156186
  0.419453  0.0227311  0.0156186   0.444444
IMAGINARY
           0  -0.00366806   0.00374895  -0.00289915
  0.00366806            0  0.000917644  -0.00508943
 -0.00374895 -0.000917644            0  -0.00303435
  0.00289915   0.00508943   0.00303435            0
EndNode1[0]<--->Repeater1[0]
REAL
     0.455  0.0226647  0.0163161   0.411654
 0.0226647     0.0425  0.0422511  0.0176148
 0.0163161  0.0422511    0.05125 0.00870532
  0.411654  0.0176148 0.00870532    0.45125
IMAGINARY
          0  0.00229621  -0.0195564 -0.00804455
-0.00229621           0 -0.00804455  0.00836238
  0.0195564  0.00804455           0   0.0151167
 0.00804455 -0.00836238  -0.0151167           0
EndNode2[0]<--->HoM1[0]
REAL
  0.473973  0.0181093 0.00019275   0.416137
 0.0181093  0.0383562  0.0403288 0.00556909
0.00019275  0.0403288  0.0465753 -0.0123475
  0.416137 0.00556909 -0.0123475   0.441096
IMAGINARY
          0    0.006888 -0.00731214 -0.00473205
  -0.006888           0 -0.00976984  -0.0153269
 0.00731214  0.00976984           0   0.0183384
 0.00473205   0.0153269  -0.0183384           0
Repeater1[0]<--->EndNode1[0]
REAL
     0.455  0.0163161  0.0226647   0.411654
 0.0163161    0.05125  0.0422511 0.00870532
 0.0226647  0.0422511     0.0425  0.0176148
  0.411654 0.00870532  0.0176148    0.45125
IMAGINARY
          0  -0.0195564  0.00229621 -0.00804455
  0.0195564           0  0.00804455   0.0151167
-0.00229621 -0.00804455           0  0.00836238
 0.00804455  -0.0151167 -0.00836238           0
Repeater1[0]<--->HoM1[0]
REAL
  0.473973 0.00019275  0.0181093   0.416137
0.00019275  0.0465753  0.0403288 -0.0123475
 0.0181093  0.0403288  0.0383562 0.00556909
  0.416137 -0.0123475 0.00556909   0.441096
IMAGINARY
          0 -0.00731214    0.006888 -0.00473205
 0.00731214           0  0.00976984   0.0183384
  -0.006888 -0.00976984           0  -0.0153269
 0.00473205  -0.0183384   0.0153269           0
EndNode1[0]<--->Repeater1[0]
REAL
  0.451327  0.0115894 -0.0283232   0.406971
 0.0115894  0.0581542  0.0452257  0.0244472
-0.0283232  0.0452257  0.0480405 -0.0115894
  0.406971  0.0244472 -0.0115894   0.442478
IMAGINARY
          0 -0.00819024   0.0192645  0.00343916
 0.00819024           0 -0.00958167 -0.00114368
 -0.0192645  0.00958167           0  -0.0112729
-0.00343916  0.00114368   0.0112729           0
EndNode2[0]<--->HoM1[0]
REAL
   0.422222  -0.0141792 -0.00659719    0.412781
 -0.0141792   0.0457516   0.0339564  -0.0206998
-0.00659719   0.0339564   0.0535948 -0.00246527
   0.412781  -0.0206998 -0.00246527    0.478431
IMAGINARY
          0   0.0154101  0.00369893  -0.0154968
 -0.0154101           0  0.00143029  -0.0116549
-0.00369893 -0.00143029           0   0.0109056
  0.0154968   0.0116549  -0.0109056           0
Repeater1[0]<--->EndNode1[0]
REAL
  0.451327 -0.0283232  0.0115894   0.406971
-0.0283232  0.0480405  0.0452257 -0.0115894
 0.0115894  0.0452257  0.0581542  0.0244472
  0.406971 -0.0115894  0.0244472   0.442478
IMAGINARY
          0   0.0192645 -0.00819024  0.00343916
 -0.0192645           0  0.00958167  -0.0112729
 0.00819024 -0.00958167           0 -0.00114368
-0.00343916   0.0112729  0.00114368           0
Repeater1[0]<--->HoM1[0]
REAL
   0.422222 -0.00659719  -0.0141792    0.412781
-0.00659719   0.0535948   0.0339564 -0.00246527
 -0.0141792   0.0339564   0.0457516  -0.0206998
   0.412781 -0.00246527  -0.0206998    0.478431
IMAGINARY
          0  0.00369893   0.0154101  -0.0154968
-0.00369893           0 -0.00143029   0.0109056
 -0.0154101  0.00143029           0  -0.0116549
  0.0154968  -0.0109056   0.0116549           0
EndNode1[0]<--->Repeater1[0]
REAL
  0.438596 -0.0146997 0.00681523     0.4068
-0.0146997  0.0445344  0.0291474  0.0029887
0.00681523  0.0291474  0.0445344 0.00489576
    0.4068  0.0029887 0.00489576   0.472335
IMAGINARY
          0  0.00873908  0.00609523  -0.0163159
-0.00873908           0   0.0112008  -0.0179554
-0.00609523  -0.0112008           0 -0.00187266
  0.0163159   0.0179554  0.00187266           0
EndNode2[0]<--->HoM1[0]
REAL
   0.465054 -0.00215134   0.0127065    0.409722
-0.00215134   0.0362903   0.0242045  0.00952986
  0.0127065   0.0242045   0.0403226   0.0193051
   0.409722  0.00952986   0.0193051    0.458333
IMAGINARY
           0    0.0164084   -0.0291541  9.51656e-05
  -0.0164084            0   -0.0197512   -0.0115356
   0.0291541    0.0197512            0    0.0229019
-9.51656e-05    0.0115356   -0.0229019            0
Repeater1[0]<--->EndNode1[0]
REAL
  0.438596 0.00681523 -0.0146997     0.4068
0.00681523  0.0445344  0.0291474 0.00489576
-0.0146997  0.0291474  0.0445344  0.0029887
    0.4068 0.00489576  0.0029887   0.472335
IMAGINARY
          0  0.00609523  0.00873908  -0.0163159
-0.00609523           0  -0.0112008 -0.00187266
-0.00873908   0.0112008           0  -0.0179554
  0.0163159  0.00187266   0.0179554           0
Repeater1[0]<--->HoM1[0]
REAL
   0.465054   0.0127065 -0.00215134    0.409722
  0.0127065   0.0403226   0.0242045   0.0193051
-0.00215134   0.0242045   0.0362903  0.00952986
   0.409722   0.0193051  0.00952986    0.458333
IMAGINARY
           0   -0.0291541    0.0164084  9.51656e-05
   0.0291541            0    0.0197512    0.0229019
  -0.0164084   -0.0197512            0   -0.0115356
-9.51656e-05   -0.0229019    0.0115356            0
EndNode1[0]<--->Repeater1[0]
REAL
   0.46789 -0.0130876 -0.0270963   0.406225
-0.0130876  0.0550459  0.0342663  0.0135128
-0.0270963  0.0342663  0.0419397 0.00467885
  0.406225  0.0135128 0.00467885   0.435125
IMAGINARY
          0 -0.00831034  0.00212789 -0.00785069
 0.00831034           0  -0.0105317   0.0138772
-0.00212789   0.0105317           0  -0.0179381
 0.00785069  -0.0138772   0.0179381           0
EndNode2[0]<--->HoM1[0]
REAL
    0.456604    0.0186287 -0.000125932       0.4106
   0.0186287    0.0402516    0.0349248    0.0137446
-0.000125932    0.0349248    0.0515723   0.00536611
      0.4106    0.0137446   0.00536611     0.451572
IMAGINARY
           0   -0.0138301   0.00259579  0.000389215
   0.0138301            0   -0.0100917    0.0136204
 -0.00259579    0.0100917            0  -0.00779149
-0.000389215   -0.0136204   0.00779149            0
Repeater1[0]<--->EndNode1[0]
REAL
   0.46789 -0.0270963 -0.0130876   0.406225
-0.0270963  0.0419397  0.0342663 0.00467885
-0.0130876  0.0342663  0.0550459  0.0135128
  0.406225 0.00467885  0.0135128   0.435125
IMAGINARY
          0  0.00212789 -0.00831034 -0.00785069
-0.00212789           0   0.0105317  -0.0179381
 0.00831034  -0.0105317           0   0.0138772
 0.00785069   0.0179381  -0.0138772           0
Repeater1[0]<--->HoM1[0]
REAL
    0.456604 -0.000125932    0.0186287       0.4106
-0.000125932    0.0515723    0.0349248   0.00536611
   0.0186287    0.0349248    0.0402516    0.0137446
      0.4106   0.00536611    0.0137446     0.451572
IMAGINARY
           0   0.00259579   -0.0138301  0.000389215
 -0.00259579            0    0.0100917  -0.00779149
   0.0138301   -0.0100917            0    0.0136204
-0.000389215   0.00779149   -0.0136204            0
EndNode1[0]<--->Repeater1[0]
REAL
   0.469333  -0.0202013 -0.00316751      0.4067
 -0.0202013       0.052   0.0366735  -0.0257482
-0.00316751   0.0366735   0.0426667  -0.0195578
     0.4067  -0.0257482  -0.0195578       0.436
IMAGINARY
          0  0.00665399  0.00937903 -0.00968579
-0.00665399           0  0.00303686 -0.00142147
-0.00937903 -0.00303686           0 -0.00665399
 0.00968579  0.00142147  0.00665399           0
EndNode2[0]<--->HoM1[0]
REAL
    0.46144  0.00995175   0.0231644    0.406902
 0.00995175   0.0372751   0.0315777 -0.00446718
  0.0231644   0.0315777   0.0514139  0.00995175
   0.406902 -0.00446718  0.00995175    0.449871
IMAGINARY
          0 -0.00229926  -0.0013264   -0.011898
 0.00229926           0  -0.0105091   0.0156121
  0.0013264   0.0105091           0  -0.0431553
   0.011898  -0.0156121   0.0431553           0
Repeater1[0]<--->EndNode1[0]
REAL
   0.469333 -0.00316751  -0.0202013      0.4067
-0.00316751   0.0426667   0.0366735  -0.0195578
 -0.0202013   0.0366735       0.052  -0.0257482
     0.4067  -0.0195578  -0.0257482       0.436
IMAGINARY
          0  0.00937903  0.00665399 -0.00968579
-0.00937903           0 -0.00303686 -0.00665399
-0.00665399  0.00303686           0 -0.00142147
 0.00968579  0.00665399  0.00142147           0
Repeater1[0]<--->HoM1[0]
REAL
    0.46144   0.0231644  0.00995175    0.406902
  0.0231644   0.0514139   0.0315777  0.00995175
 0.00995175   0.0315777   0.0372751 -0.00446718
   0.406902  0.00995175 -0.00446718    0.449871
IMAGINARY
          0  -0.0013264 -0.00229926   -0.011898
  0.0013264           0   0.0105091  -0.0431553
 0.00229926  -0.0105091           0   0.0156121
   0.011898   0.0431553  -0.0156121           0
EndNode1[0]<--->Repeater1[0]
REAL
   0.473616  0.00289957 -0.00379729    0.410273
 0.00289957    0.041184   0.0311967  -0.0167507
-0.00379729   0.0311967    0.033462  -0.0222022
   0.410273  -0.0167507  -0.0222022    0.451737
IMAGINARY
           0   0.00998179   -0.0112555   0.00572525
 -0.00998179            0   0.00693298 -0.000972742
   0.0112555  -0.00693298            0    0.0144747
 -0.00572525  0.000972742   -0.0144747            0
EndNode2[0]<--->HoM1[0]
REAL
  0.424899 0.00330123 0.00743345   0.410661
0.00330123  0.0460081  0.0302129 0.00542002
0.00743345  0.0302129  0.0541272  0.0146936
  0.410661 0.00542002  0.0146936   0.474966
IMAGINARY
          0    0.023365  -0.0183185   0.0193709
  -0.023365           0 -0.00376538  -0.0221548
  0.0183185  0.00376538           0   0.0220895
 -0.0193709   0.0221548  -0.0220895           0
Repeater1[0]<--->EndNode1[0]
REAL
   0.473616 -0.00379729  0.00289957    0.410273
-0.00379729    0.033462   0.0311967  -0.0222022
 0.00289957   0.0311967    0.041184  -0.0167507
   0.410273  -0.0222022  -0.0167507    0.451737
IMAGINARY
           0   -0.0112555   0.00998179   0.00572525
   0.0112555            0  -0.00693298    0.0144747
 -0.00998179   0.00693298            0 -0.000972742
 -0.00572525   -0.0144747  0.000972742            0
Repeater1[0]<--->HoM1[0]
REAL
  0.424899 0.00743345 0.00330123   0.410661
0.00743345  0.0541272  0.0302129  0.0146936
0.00330123  0.0302129  0.0460081 0.00542002
  0.410661  0.0146936 0.00542002   0.474966
IMAGINARY
          0  -0.0183185    0.023365   0.0193709
  0.0183185           0  0.00376538   0.0220895
  -0.023365 -0.00376538           0  -0.0221548
 -0.0193709  -0.0220895   0.0221548           0
EndNode1[0]<--->Repeater1[0]
REAL
   0.446313   -0.010481   0.0279309     0.41078
  -0.010481   0.0375162   0.0324017  -0.0291936
  0.0279309   0.0324017   0.0491591 -0.00719581
    0.41078  -0.0291936 -0.00719581    0.467012
IMAGINARY
          0  -0.0040887 -0.00198344  -0.0355142
  0.0040887           0  -0.0257103   0.0141456
 0.00198344   0.0257103           0 -0.00537076
  0.0355142  -0.0141456  0.00537076           0
EndNode2[0]<--->HoM1[0]
REAL
    0.44335 -0.00392011  -0.0100311    0.419221
-0.00392011    0.046798   0.0401887   0.0118761
 -0.0100311   0.0401887   0.0357143  0.00207509
   0.419221   0.0118761  0.00207509    0.474138
IMAGINARY
          0   0.0179421 -0.00411052  0.00390668
 -0.0179421           0  0.00891383 -0.00664217
 0.00411052 -0.00891383           0   0.0008751
-0.00390668  0.00664217  -0.0008751           0
Repeater1[0]<--->EndNode1[0]
REAL
   0.446313   0.0279309   -0.010481     0.41078
  0.0279309   0.0491591   0.0324017 -0.00719581
  -0.010481   0.0324017   0.0375162  -0.0291936
    0.41078 -0.00719581  -0.0291936    0.467012
IMAGINARY
          0 -0.00198344  -0.0040887  -0.0355142
 0.00198344           0   0.0257103 -0.00537076
  0.0040887  -0.0257103           0   0.0141456
  0.0355142  0.00537076  -0.0141456           0
Repeater1[0]<--->HoM1[0]
REAL
    0.44335  -0.0100311 -0.00392011    0.419221
 -0.0100311   0.0357143   0.0401887  0.00207509
-0.00392011   0.0401887    0.046798   0.0118761
   0.419221  0.00207509   0.0118761    0.474138
IMAGINARY
          0 -0.00411052   0.0179421  0.00390668
 0.00411052           0 -0.00891383   0.0008751
 -0.0179421  0.00891383           0 -0.00664217
-0.00390668  -0.0008751  0.00664217           0
EndNode1[0]<--->Repeater1[0]
REAL
     0.4489 0.000113086  0.00382274    0.426237
0.000113086   0.0556274   0.0267659   -0.023405
 0.00382274   0.0267659   0.0491591  -0.0170844
   0.426237   -0.023405  -0.0170844    0.446313
IMAGINARY
          0 -0.00517121   0.0288424    0.010609
 0.00517121           0    0.035641 -0.00503291
 -0.0288424   -0.035641           0  -0.0133473
  -0.010609  0.00503291   0.0133473           0
EndNode2[0]<--->HoM1[0]
REAL
   0.478643  0.00663617 -0.00201765    0.418171
 0.00663617   0.0339196   0.0422117   0.0197772
-0.00201765   0.0422117   0.0464824  0.00975727
   0.418171   0.0197772  0.00975727    0.440955
IMAGINARY
          0 -0.00687129  0.00258984  -0.0126103
 0.00687129           0  -0.0017144  0.00764034
-0.00258984   0.0017144           0  -0.0174254
  0.0126103 -0.00764034   0.0174254           0
Repeater1[0]<--->EndNode1[0]
REAL
     0.4489  0.00382274 0.000113086    0.426237
 0.00382274   0.0491591   0.0267659  -0.0170844
0.000113086   0.0267659   0.0556274   -0.023405
   0.426237  -0.0170844   -0.023405    0.446313
IMAGINARY
          0   0.0288424 -0.00517121    0.010609
 -0.0288424           0   -0.035641  -0.0133473
 0.00517121    0.035641           0 -0.00503291
  -0.010609   0.0133473  0.00503291           0
Repeater1[0]<--->HoM1[0]
REAL
   0.478643 -0.00201765  0.00663617    0.418171
-0.00201765   0.0464824   0.0422117  0.00975727
 0.00663617   0.0422117   0.0339196   0.0197772
   0.418171  0.00975727   0.0197772    0.440955
IMAGINARY
          0  0.00258984 -0.00687129  -0.0126103
-0.00258984           0   0.0017144  -0.0174254
 0.00687129  -0.0017144           0  0.00764034
  0.0126103   0.0174254 -0.00764034           0
EndNode1[0]<--->Repeater1[0]
REAL
   0.488251  -0.0174013 -0.00211958    0.411778
 -0.0174013   0.0469974   0.0453653  0.00731438
-0.00211958   0.0453653   0.0456919   0.0238948
   0.411778  0.00731438   0.0238948     0.41906
IMAGINARY
         0 -0.0225863  0.0190998 -0.0115151
 0.0225863          0  0.0015284  0.0203404
-0.0190998 -0.0015284          0 -0.0283043
 0.0115151 -0.0203404  0.0283043          0
EndNode2[0]<--->HoM1[0]
REAL
   0.473132   0.0109672   0.0250786    0.415527
  0.0109672   0.0327654   0.0426943 -0.00755843
  0.0250786   0.0426943   0.0432503  0.00520533
   0.415527 -0.00755843  0.00520533    0.450852
IMAGINARY
           0    -0.011475 -6.93052e-05   0.00105478
    0.011475            0  -0.00295592   0.00758376
 6.93052e-05   0.00295592            0   0.00164838
 -0.00105478  -0.00758376  -0.00164838            0
Repeater1[0]<--->EndNode1[0]
REAL
   0.488251 -0.00211958  -0.0174013    0.411778
-0.00211958   0.0456919   0.0453653   0.0238948
 -0.0174013   0.0453653   0.0469974  0.00731438
   0.411778   0.0238948  0.00731438     0.41906
IMAGINARY
         0  0.0190998 -0.0225863 -0.0115151
-0.0190998          0 -0.0015284 -0.0283043
 0.0225863  0.0015284          0  0.0203404
 0.0115151  0.0283043 -0.0203404          0
Repeater1[0]<--->HoM1[0]
REAL
   0.473132   0.0250786   0.0109672    0.415527
  0.0250786   0.0432503   0.0426943  0.00520533
  0.0109672   0.0426943   0.0327654 -0.00755843
   0.415527  0.00520533 -0.00755843    0.450852
IMAGINARY
           0 -6.93052e-05    -0.011475   0.00105478
 6.93052e-05            0   0.00295592   0.00164838
    0.011475  -0.00295592            0   0.00758376
 -0.00105478  -0.00164838  -0.00758376            0
EndNode1[0]<--->Repeater1[0]
REAL
  0.463918 -0.0205644 -0.0170535   0.424167
-0.0205644  0.0438144  0.0312133 -0.0118179
-0.0170535  0.0312133  0.0425258 0.00481634
  0.424167 -0.0118179 0.00481634   0.449742
IMAGINARY
          0  -0.0167471    0.023478 -0.00066554
  0.0167471           0  -0.0189423   0.0185275
  -0.023478   0.0189423           0  -0.0103532
 0.00066554  -0.0185275   0.0103532           0
EndNode2[0]<--->HoM1[0]
REAL
    0.438131 -0.000171151  -0.00103296     0.420607
-0.000171151    0.0479798    0.0304415   0.00452946
 -0.00103296    0.0304415    0.0568182   0.00786346
    0.420607   0.00452946   0.00786346     0.457071
IMAGINARY
           0   -0.0140398  0.000330919    0.0103123
   0.0140398            0    0.0170509    0.0118019
-0.000330919   -0.0170509            0   -0.0134187
  -0.0103123   -0.0118019    0.0134187            0
Repeater1[0]<--->EndNode1[0]
REAL
  0.463918 -0.0170535 -0.0205644   0.424167
-0.0170535  0.0425258  0.0312133 0.00481634
-0.0205644  0.0312133  0.0438144 -0.0118179
  0.424167 0.00481634 -0.0118179   0.449742
IMAGINARY
          0    0.023478  -0.0167471 -0.00066554
  -0.023478           0   0.0189423  -0.0103532
  0.0167471  -0.0189423           0   0.0185275
 0.00066554   0.0103532  -0.0185275           0
Repeater1[0]<--->HoM1[0]
REAL
    0.438131  -0.00103296 -0.000171151     0.420607
 -0.00103296    0.0568182    0.0304415   0.00786346
-0.000171151    0.0304415    0.0479798   0.00452946
    0.420607   0.00786346   0.00452946     0.457071
IMAGINARY
           0  0.000330919   -0.0140398    0.0103123
-0.000330919            0   -0.0170509   -0.0134187
   0.0140398    0.0170509            0    0.0118019
  -0.0103123    0.0134187   -0.0118019            0
EndNode1[0]<--->Repeater1[0]
REAL
   0.478315 -0.00104352  0.00698117     0.42401
-0.00104352   0.0346964    0.038406  0.00577051
 0.00698117    0.038406   0.0483271   0.0137952
    0.42401  0.00577051   0.0137952    0.438662
IMAGINARY
           0   -0.0018435   0.00417532  -0.00517782
   0.0018435            0   0.00645009  0.000966073
 -0.00417532  -0.00645009            0  -0.00458323
  0.00517782 -0.000966073   0.00458323            0
EndNode2[0]<--->HoM1[0]
REAL
  0.469441 0.00105043  0.0142045    0.41547
0.00105043  0.0507152  0.0396933 0.00345858
 0.0142045  0.0396933  0.0351105 0.00166696
   0.41547 0.00345858 0.00166696   0.444733
IMAGINARY
          0   -0.012902   0.0323858 -0.00915284
   0.012902           0  -0.0110492   0.0129558
 -0.0323858   0.0110492           0  -0.0299552
 0.00915284  -0.0129558   0.0299552           0
Repeater1[0]<--->EndNode1[0]
REAL
   0.478315  0.00698117 -0.00104352     0.42401
 0.00698117   0.0483271    0.038406   0.0137952
-0.00104352    0.038406   0.0346964  0.00577051
    0.42401   0.0137952  0.00577051    0.438662
IMAGINARY
           0   0.00417532   -0.0018435  -0.00517782
 -0.00417532            0  -0.00645009  -0.00458323
   0.0018435   0.00645009            0  0.000966073
  0.00517782   0.00458323 -0.000966073            0
Repeater1[0]<--->HoM1[0]
REAL
  0.469441  0.0142045 0.00105043    0.41547
 0.0142045  0.0351105  0.0396933 0.00166696
0.00105043  0.0396933  0.0507152 0.00345858
   0.41547 0.00166696 0.00345858   0.444733
IMAGINARY
          0   0.0323858   -0.012902 -0.00915284
 -0.0323858           0   0.0110492  -0.0299552
   0.012902  -0.0110492           0   0.0129558
 0.00915284   0.0299552  -0.0129558           0
EndNode1[0]<--->Repeater1[0]
REAL
  0.485526 0.00608614 0.00315627   0.407972
0.00608614  0.0421053  0.0272132  0.0180078
0.00315627  0.0272132  0.0355263  0.0216916
  0.407972  0.0180078  0.0216916   0.436842
IMAGINARY
          0 -0.00948509  -0.0105083 -0.00834825
 0.00948509           0  -0.0031669  0.00237826
  0.0105083   0.0031669           0 -0.00948509
 0.00834825 -0.00237826  0.00948509           0
EndNode2[0]<--->HoM1[0]
REAL
   0.461001   0.0107552  -0.0106211    0.404799
  0.0107552   0.0407451    0.029341 -0.00281972
 -0.0106211    0.029341   0.0372526  -0.0174756
   0.404799 -0.00281972  -0.0174756    0.461001
IMAGINARY
          0   0.0265426  -0.0108182  0.00180297
 -0.0265426           0 -0.00855973 -0.00322329
  0.0108182  0.00855973           0  -0.0173851
-0.00180297  0.00322329   0.0173851           0
Repeater1[0]<--->EndNode1[0]
REAL
  0.485526 0.00315627 0.00608614   0.407972
0.00315627  0.0355263  0.0272132  0.0216916
0.00608614  0.0272132  0.0421053  0.0180078
  0.407972  0.0216916  0.0180078   0.436842
IMAGINARY
          0  -0.0105083 -0.00948509 -0.00834825
  0.0105083           0   0.0031669 -0.00948509
 0.00948509  -0.0031669           0  0.00237826
 0.00834825  0.00948509 -0.00237826           0
Repeater1[0]<--->HoM1[0]
REAL
   0.461001  -0.0106211   0.0107552    0.404799
 -0.0106211   0.0372526    0.029341  -0.0174756
  0.0107552    0.029341   0.0407451 -0.00281972
   0.404799  -0.0174756 -0.00281972    0.461001
IMAGINARY
          0  -0.0108182   0.0265426  0.00180297
  0.0108182           0  0.00855973  -0.0173851
 -0.0265426 -0.00855973           0 -0.00322329
-0.00180297   0.0173851  0.00322329           0
EndNode1[0]<--->Repeater1[0]
REAL
   0.465894  -0.0190418 -0.00439169    0.410328
 -0.0190418    0.037323   0.0331986 -0.00249536
-0.00439169   0.0331986     0.03861   0.0190418
   0.410328 -0.00249536   0.0190418    0.458172
IMAGINARY
          0  0.00216454  0.00291204  0.00980891
-0.00216454           0 -0.00729635  -0.0102113
-0.00291204  0.00729635           0 -0.00581418
-0.00980891   0.0102113  0.00581418           0
EndNode2[0]<--->HoM1[0]
REAL
   0.429139 -0.00257069 -0.00968505    0.414264
-0.00257069   0.0450331   0.0420344   0.0289653
-0.00968505   0.0420344   0.0410596  0.00899743
   0.414264   0.0289653  0.00899743    0.484768
IMAGINARY
          0    0.009872  -0.0228284  0.00764074
  -0.009872           0  0.00514698  0.00783492
  0.0228284 -0.00514698           0   0.0181593
-0.00764074 -0.00783492  -0.0181593           0
Repeater1[0]<--->EndNode1[0]
REAL
   0.465894 -0.00439169  -0.0190418    0.410328
-0.00439169     0.03861   0.0331986   0.0190418
 -0.0190418   0.0331986    0.037323 -0.00249536
   0.410328   0.0190418 -0.00249536    0.458172
IMAGINARY
          0  0.00291204  0.00216454  0.00980891
-0.00291204           0  0.00729635 -0.00581418
-0.00216454 -0.00729635           0  -0.0102113
-0.00980891  0.00581418   0.0102113           0
Repeater1[0]<--->HoM1[0]
REAL
   0.429139 -0.00968505 -0.00257069    0.414264
-0.00968505   0.0410596   0.0420344  0.00899743
-0.00257069   0.0420344   0.0450331   0.0289653
   0.414264  0.00899743   0.0289653    0.484768
IMAGINARY
          0  -0.0228284    0.009872  0.00764074
  0.0228284           0 -0.00514698   0.0181593
  -0.009872  0.00514698           0  0.00783492
-0.00764074  -0.0181593 -0.00783492           0
EndNode1[0]<--->Repeater1[0]
REAL
   0.451572  -0.0100069 -0.00744518    0.403095
 -0.0100069   0.0415094   0.0372418  -0.0139556
-0.00744518   0.0372418   0.0477987   -0.024364
   0.403095  -0.0139556   -0.024364    0.459119
IMAGINARY
          0  -0.0124342   0.0158904 -0.00783213
  0.0124342           0 -0.00719519   0.0060608
 -0.0158904  0.00719519           0   -0.014395
 0.00783213  -0.0060608    0.014395           0
EndNode2[0]<--->HoM1[0]
REAL
   0.474313 -0.00746551 -0.00715412    0.406819
-0.00746551   0.0442055   0.0485616  0.00584178
-0.00715412   0.0485616   0.0489845  0.00615317
   0.406819  0.00584178  0.00615317    0.432497
IMAGINARY
           0  -0.00755074 -0.000164576   0.00912362
  0.00755074            0  -0.00789209   0.00731672
 0.000164576   0.00789209            0   -0.0009018
 -0.00912362  -0.00731672    0.0009018            0
Repeater1[0]<--->EndNode1[0]
REAL
   0.451572 -0.00744518  -0.0100069    0.403095
-0.00744518   0.0477987   0.0372418   -0.024364
 -0.0100069   0.0372418   0.0415094  -0.0139556
   0.403095   -0.024364  -0.0139556    0.459119
IMAGINARY
          0   0.0158904  -0.0124342 -0.00783213
 -0.0158904           0  0.00719519   -0.014395
  0.0124342 -0.00719519           0   0.0060608
 0.00783213    0.014395  -0.0060608           0
Repeater1[0]<--->HoM1[0]
REAL
   0.474313 -0.00715412 -0.00746551    0.406819
-0.00715412   0.0489845   0.0485616  0.00615317
-0.00746551   0.0485616   0.0442055  0.00584178
   0.406819  0.00615317  0.00584178    0.432497
IMAGINARY
           0 -0.000164576  -0.00755074   0.00912362
 0.000164576            0   0.00789209   -0.0009018
  0.00755074  -0.00789209            0   0.00731672
 -0.00912362    0.0009018  -0.00731672            0
EndNode1[0]<--->Repeater1[0]
REAL
   0.479899 -0.00653086 -0.00241631    0.411067
-0.00653086   0.0477387   0.0415579   0.0120194
-0.00241631   0.0415579   0.0351759   0.0199752
   0.411067   0.0120194   0.0199752    0.437186
IMAGINARY
          0  -0.0109819  0.00487144    0.018827
  0.0109819           0  -0.0142519   0.0158004
-0.00487144   0.0142519           0  -0.0239018
  -0.018827  -0.0158004   0.0239018           0
EndNode2[0]<--->HoM1[0]
REAL
    0.44375   0.0169956 -0.00966483    0.419405
  0.0169956     0.05125   0.0386713   0.0213788
-0.00966483   0.0386713      0.0475 -0.00528165
   0.419405   0.0213788 -0.00528165      0.4575
IMAGINARY
          0   0.0215964  0.00904852 -0.00533805
 -0.0215964           0   0.0146088  -0.0149463
-0.00904852  -0.0146088           0 -0.00652431
 0.00533805   0.0149463  0.00652431           0
Repeater1[0]<--->EndNode1[0]
REAL
   0.479899 -0.00241631 -0.00653086    0.411067
-0.00241631   0.0351759   0.0415579   0.0199752
-0.00653086   0.0415579   0.0477387   0.0120194
   0.411067   0.0199752   0.0120194    0.437186
IMAGINARY
          0  0.00487144  -0.0109819    0.018827
-0.00487144           0   0.0142519  -0.0239018
  0.0109819  -0.0142519           0   0.0158004
  -0.018827   0.0239018  -0.0158004           0
Repeater1[0]<--->HoM1[0]
REAL
    0.44375 -0.00966483   0.0169956    0.419405
-0.00966483      0.0475   0.0386713 -0.00528165
  0.0169956   0.0386713     0.05125   0.0213788
   0.419405 -0.00528165   0.0213788      0.4575
IMAGINARY
          0  0.00904852   0.0215964 -0.00533805
-0.00904852           0  -0.0146088 -0.00652431
 -0.0215964   0.0146088           0  -0.0149463
 0.00533805  0.00652431   0.0149463           0
EndNode1[0]<--->Repeater1[0]
REAL
   0.442688  -0.0137218  -0.0194684    0.406878
 -0.0137218    0.030303     0.03794 -0.00946837
 -0.0194684     0.03794   0.0461133  -0.0111773
   0.406878 -0.00946837  -0.0111773    0.480896
IMAGINARY
          0  0.00670461   0.0131938  0.00579747
-0.00670461           0 -0.00324645  -0.0112278
 -0.0131938  0.00324645           0 -0.00867054
-0.00579747   0.0112278  0.00867054           0
EndNode2[0]<--->HoM1[0]
REAL
  0.463576 0.00967572 0.00820545   0.398074
0.00967572  0.0490066  0.0363718  0.0126527
0.00820545  0.0363718  0.0450331 0.00760676
  0.398074  0.0126527 0.00760676   0.442384
IMAGINARY
          0 -0.00388668  0.00748047  0.00686988
 0.00388668           0   0.0108069 -0.00881026
-0.00748047  -0.0108069           0   0.0264931
-0.00686988  0.00881026  -0.0264931           0
Repeater1[0]<--->EndNode1[0]
REAL
   0.442688  -0.0194684  -0.0137218    0.406878
 -0.0194684   0.0461133     0.03794  -0.0111773
 -0.0137218     0.03794    0.030303 -0.00946837
   0.406878  -0.0111773 -0.00946837    0.480896
IMAGINARY
          0   0.0131938  0.00670461  0.00579747
 -0.0131938           0  0.00324645 -0.00867054
-0.00670461 -0.00324645           0  -0.0112278
-0.00579747  0.00867054   0.0112278           0
Repeater1[0]<--->HoM1[0]
REAL
  0.463576 0.00820545 0.00967572   0.398074
0.00820545  0.0450331  0.0363718 0.00760676
0.00967572  0.0363718  0.0490066  0.0126527
  0.398074 0.00760676  0.0126527   0.442384
IMAGINARY
          0  0.00748047 -0.00388668  0.00686988
-0.00748047           0  -0.0108069   0.0264931
 0.00388668   0.0108069           0 -0.00881026
-0.00686988  -0.0264931  0.00881026           0
EndNode1[0]<--->Repeater1[0]
REAL
  0.458974 0.00128205 0.00930353   0.409995
0.00128205  0.0525641  0.0246199 0.00479903
0.00930353  0.0246199  0.0487179 0.00128205
  0.409995 0.00479903 0.00128205   0.439744
IMAGINARY
           0  -0.00898561 -0.000784037   -0.0152039
  0.00898561            0  -0.00708907   -0.0143675
 0.000784037   0.00708907            0    0.0359948
   0.0152039    0.0143675   -0.0359948            0
EndNode2[0]<--->HoM1[0]
REAL
   0.471503  0.00320139 -0.00183824    0.414505
 0.00320139   0.0336788    0.031405   0.0150309
-0.00183824    0.031405   0.0297927 0.000756398
   0.414505   0.0150309 0.000756398    0.465026
IMAGINARY
          0  -0.0140446   0.0256522  0.00838465
  0.0140446           0 -0.00324326  0.00801997
 -0.0256522  0.00324326           0  -0.0120037
-0.00838465 -0.00801997   0.0120037           0
Repeater1[0]<--->EndNode1[0]
REAL
  0.458974 0.00930353 0.00128205   0.409995
0.00930353  0.0487179  0.0246199 0.00128205
0.00128205  0.0246199  0.0525641 0.00479903
  0.409995 0.00128205 0.00479903   0.439744
IMAGINARY
           0 -0.000784037  -0.00898561   -0.0152039
 0.000784037            0   0.00708907    0.0359948
  0.00898561  -0.00708907            0   -0.0143675
   0.0152039   -0.0359948    0.0143675            0
Repeater1[0]<--->HoM1[0]
REAL
   0.471503 -0.00183824  0.00320139    0.414505
-0.00183824   0.0297927    0.031405 0.000756398
 0.00320139    0.031405   0.0336788   0.0150309
   0.414505 0.000756398   0.0150309    0.465026
IMAGINARY
          0   0.0256522  -0.0140446  0.00838465
 -0.0256522           0  0.00324326  -0.0120037
  0.0140446 -0.00324326           0  0.00801997
-0.00838465   0.0120037 -0.00801997           0
EndNode1[0]<--->Repeater1[0]
REAL
  0.425756 0.00620324 0.00402898   0.412411
0.00620324  0.0473062  0.0440566 0.00467749
0.00402898  0.0440566  0.0486202 0.00872213
  0.412411 0.00467749 0.00872213   0.478318
IMAGINARY
           0   -0.0121738    0.0306461 -0.000380323
   0.0121738            0   0.00101243  -0.00153215
  -0.0306461  -0.00101243            0   -0.0220034
 0.000380323   0.00153215    0.0220034            0
EndNode2[0]<--->HoM1[0]
REAL
 0.450932 0.0145119 0.0146809  0.421354
0.0145119 0.0434783 0.0298331 0.0235777
0.0146809 0.0298331 0.0409938 0.0171504
 0.421354 0.0235777 0.0171504  0.464596
IMAGINARY
          0   0.0144687   0.0137702 -0.00488546
 -0.0144687           0  0.00555841  -0.0200046
 -0.0137702 -0.00555841           0  0.00797519
 0.00488546   0.0200046 -0.00797519           0
Repeater1[0]<--->EndNode1[0]
REAL
  0.425756 0.00402898 0.00620324   0.412411
0.00402898  0.0486202  0.0440566 0.00872213
0.00620324  0.0440566  0.0473062 0.00467749
  0.412411 0.00872213 0.00467749   0.478318
IMAGINARY
           0    0.0306461   -0.0121738 -0.000380323
  -0.0306461            0  -0.00101243   -0.0220034
   0.0121738   0.00101243            0  -0.00153215
 0.000380323    0.0220034   0.00153215            0
Repeater1[0]<--->HoM1[0]
REAL
 0.450932 0.0146809 0.0145119  0.421354
0.0146809 0.0409938 0.0298331 0.0171504
0.0145119 0.0298331 0.0434783 0.0235777
 0.421354 0.0171504 0.0235777  0.464596
IMAGINARY
          0   0.0137702   0.0144687 -0.00488546
 -0.0137702           0 -0.00555841  0.00797519
 -0.0144687  0.00555841           0  -0.0200046
 0.00488546 -0.00797519   0.0200046           0
EndNode1[0]<--->Repeater1[0]
REAL
   0.425926 -0.00877941 -0.00410632    0.424919
-0.00877941   0.0462963   0.0270408 -0.00790379
-0.00410632   0.0270408   0.0436508  -0.0032307
   0.424919 -0.00790379  -0.0032307    0.484127
IMAGINARY
          0   0.0142792  -0.0138322 -0.00340627
 -0.0142792           0  0.00731252 -0.00208289
  0.0138322 -0.00731252           0   0.0162248
 0.00340627  0.00208289  -0.0162248           0
EndNode2[0]<--->HoM1[0]
REAL
   0.460927  0.00416592 -0.00842984    0.409954
 0.00416592   0.0370861    0.048434  0.00777964
-0.00842984    0.048434   0.0437086 -0.00481612
   0.409954  0.00777964 -0.00481612    0.458278
IMAGINARY
         0  0.0093742    0.01112 -0.0024544
-0.0093742          0  0.0120575 -0.0147965
  -0.01112 -0.0120575          0  0.0028807
 0.0024544  0.0147965 -0.0028807          0
Repeater1[0]<--->EndNode1[0]
REAL
   0.425926 -0.00410632 -0.00877941    0.424919
-0.00410632   0.0436508   0.0270408  -0.0032307
-0.00877941   0.0270408   0.0462963 -0.00790379
   0.424919  -0.0032307 -0.00790379    0.484127
IMAGINARY
          0  -0.0138322   0.0142792 -0.00340627
  0.0138322           0 -0.00731252   0.0162248
 -0.0142792  0.00731252           0 -0.00208289
 0.00340627  -0.0162248  0.00208289           0
Repeater1[0]<--->HoM1[0]
REAL
   0.460927 -0.00842984  0.00416592    0.409954
-0.00842984   0.0437086    0.048434 -0.00481612
 0.00416592    0.048434   0.0370861  0.00777964
   0.409954 -0.00481612  0.00777964    0.458278
IMAGINARY
         0    0.01112  0.0093742 -0.0024544
  -0.01112          0 -0.0120575  0.0028807
-0.0093742  0.0120575          0 -0.0147965
 0.0024544 -0.0028807  0.0147965          0
EndNode1[0]<--->Repeater1[0]
REAL
   0.447134  0.00557016 -0.00737818    0.404844
 0.00557016    0.044586   0.0344735  0.00168918
-0.00737818   0.0344735   0.0407643  -0.0264298
   0.404844  0.00168918  -0.0264298    0.467516
IMAGINARY
          0   0.0274649   0.0122697  0.00717703
 -0.0274649           0 -0.00717703  -0.0228517
 -0.0122697  0.00717703           0  -0.0036554
-0.00717703   0.0228517   0.0036554           0
EndNode2[0]<--->HoM1[0]
REAL
   0.462516 -0.00368753 -0.00986635    0.415284
-0.00368753   0.0419314   0.0413553  0.00851134
-0.00986635   0.0413553   0.0520966  0.00775257
   0.415284  0.00851134  0.00775257    0.443456
IMAGINARY
          0  0.00778073 -0.00145533  0.00877459
-0.00778073           0    0.042021   0.0130832
 0.00145533   -0.042021           0  -0.0181846
-0.00877459  -0.0130832   0.0181846           0
Repeater1[0]<--->EndNode1[0]
REAL
   0.447134 -0.00737818  0.00557016    0.404844
-0.00737818   0.0407643   0.0344735  -0.0264298
 0.00557016   0.0344735    0.044586  0.00168918
