EndNode1[0]<--->Repeater1[0]
REAL
   0.415655 -0.00722005  -0.0107141    0.353085
-0.00722005    0.101215   0.0715382 -0.00813012
 -0.0107141   0.0715382    0.097166  -0.0091116
   0.353085 -0.00813012  -0.0091116    0.385965
IMAGINARY
          0  -0.0107783  0.00739227  0.00583425
  0.0107783           0  0.00767927 -0.00400014
-0.00739227 -0.00767927           0  -0.0156803
-0.00583425  0.00400014   0.0156803           0
EndNode2[0]<--->HoM1[0]
REAL
   0.428571  0.00213225  -0.0133016    0.352036
 0.00213225   0.0973451   0.0624937 -0.00806596
 -0.0133016   0.0624937   0.0986094 -0.00355675
   0.352036 -0.00806596 -0.00355675    0.375474
IMAGINARY
          0    0.014665 -0.00193127  -0.0125009
  -0.014665           0  0.00809837  0.00258486
 0.00193127 -0.00809837           0  -0.0061683
  0.0125009 -0.00258486   0.0061683           0
Repeater1[0]<--->EndNode1[0]
REAL
   0.415655  -0.0107141 -0.00722005    0.353085
 -0.0107141    0.097166   0.0715382  -0.0091116
-0.00722005   0.0715382    0.101215 -0.00813012
   0.353085  -0.0091116 -0.00813012    0.385965
IMAGINARY
          0  0.00739227  -0.0107783  0.00583425
-0.00739227           0 -0.00767927  -0.0156803
  0.0107783  0.00767927           0 -0.00400014
-0.00583425   0.0156803  0.00400014           0
Repeater1[0]<--->HoM1[0]
REAL
   0.428571  -0.0133016  0.00213225    0.352036
 -0.0133016   0.0986094   0.0624937 -0.00355675
 0.00213225   0.0624937   0.0973451 -0.00806596
   0.352036 -0.00355675 -0.00806596    0.375474
IMAGINARY
          0 -0.00193127    0.014665  -0.0125009
 0.00193127           0 -0.00809837  -0.0061683
  -0.014665  0.00809837           0  0.00258486
  0.0125009   0.0061683 -0.00258486           0
EndNode1[0]<--->Repeater1[0]
REAL
   0.414268  -0.0202167 -0.00260518    0.340477
 -0.0202167   0.0913642   0.0605786  -0.0224608
-0.00260518   0.0605786    0.112641  0.00174708
   0.340477  -0.0224608  0.00174708    0.381727
IMAGINARY
          0   0.0131079  -0.0243314 -0.00468925
 -0.0131079           0  -0.0204125    0.012881
  0.0243314   0.0204125           0 -0.00801885
 0.00468925   -0.012881  0.00801885           0
EndNode2[0]<--->HoM1[0]
REAL
   0.405779  0.00578417 -0.00197912    0.342427
 0.00578417    0.080402   0.0617008  0.00797113
-0.00197912   0.0617008    0.101759   0.0108603
   0.342427  0.00797113   0.0108603     0.41206
IMAGINARY
          0  -0.0233366   0.0032441  0.00708763
  0.0233366           0 -0.00708763  -0.0144173
 -0.0032441  0.00708763           0 -0.00878632
-0.00708763   0.0144173  0.00878632           0
Repeater1[0]<--->EndNode1[0]
REAL
   0.414268 -0.00260518  -0.0202167    0.340477
-0.00260518    0.112641   0.0605786  0.00174708
 -0.0202167   0.0605786   0.0913642  -0.0224608
   0.340477  0.00174708  -0.0224608    0.381727
IMAGINARY
          0  -0.0243314   0.0131079 -0.00468925
  0.0243314           0   0.0204125 -0.00801885
 -0.0131079  -0.0204125           0    0.012881
 0.00468925  0.00801885   -0.012881           0
Repeater1[0]<--->HoM1[0]
REAL
   0.405779 -0.00197912  0.00578417    0.342427
-0.00197912    0.101759   0.0617008   0.0108603
 0.00578417   0.0617008    0.080402  0.00797113
   0.342427   0.0108603  0.00797113     0.41206
IMAGINARY
          0   0.0032441  -0.0233366  0.00708763
 -0.0032441           0  0.00708763 -0.00878632
  0.0233366 -0.00708763           0  -0.0144173
-0.00708763  0.00878632   0.0144173           0
EndNode1[0]<--->Repeater1[0]
REAL
   0.398487   -0.010088   0.0020201    0.362369
  -0.010088   0.0907945   0.0531587  -0.0175481
  0.0020201   0.0531587    0.124842 -0.00543994
   0.362369  -0.0175481 -0.00543994    0.385876
IMAGINARY
           0   0.00737394  0.000361971   0.00159539
 -0.00737394            0    0.0169705   0.00753277
-0.000361971   -0.0169705            0  -0.00342657
 -0.00159539  -0.00753277   0.00342657            0
EndNode2[0]<--->HoM1[0]
REAL
    0.374346   0.00464688 -3.86125e-05     0.330905
  0.00464688    0.0968586    0.0727532    0.0171118
-3.86125e-05    0.0727532     0.100785   0.00876776
    0.330905    0.0171118   0.00876776      0.42801
IMAGINARY
           0  -0.00244565   0.00323014  0.000130936
  0.00244565            0    0.0131099   -0.0113823
 -0.00323014   -0.0131099            0    0.0105978
-0.000130936    0.0113823   -0.0105978            0
Repeater1[0]<--->EndNode1[0]
REAL
   0.398487   0.0020201   -0.010088    0.362369
  0.0020201    0.124842   0.0531587 -0.00543994
  -0.010088   0.0531587   0.0907945  -0.0175481
   0.362369 -0.00543994  -0.0175481    0.385876
IMAGINARY
           0  0.000361971   0.00737394   0.00159539
-0.000361971            0   -0.0169705  -0.00342657
 -0.00737394    0.0169705            0   0.00753277
 -0.00159539   0.00342657  -0.00753277            0
Repeater1[0]<--->HoM1[0]
REAL
    0.374346 -3.86125e-05   0.00464688     0.330905
-3.86125e-05     0.100785    0.0727532   0.00876776
  0.00464688    0.0727532    0.0968586    0.0171118
    0.330905   0.00876776    0.0171118      0.42801
IMAGINARY
           0   0.00323014  -0.00244565  0.000130936
 -0.00323014            0   -0.0131099    0.0105978
  0.00244565    0.0131099            0   -0.0113823
-0.000130936   -0.0105978    0.0113823            0
EndNode1[0]<--->Repeater1[0]
REAL
    0.40915  0.00809076  0.00866442    0.356413
 0.00809076   0.0901961   0.0527956 -0.00412486
 0.00866442   0.0527956   0.0980392  0.00682494
   0.356413 -0.00412486  0.00682494    0.402614
IMAGINARY
          0  0.00876952   0.0101588  0.00959798
-0.00876952           0   0.0180726  -0.0140348
 -0.0101588  -0.0180726           0   0.0131943
-0.00959798   0.0140348  -0.0131943           0
EndNode2[0]<--->HoM1[0]
REAL
    0.40276   0.0179614   0.0166913     0.37004
  0.0179614   0.0790464   0.0514064 -0.00546936
  0.0166913   0.0514064    0.109159  0.00448254
    0.37004 -0.00546936  0.00448254    0.409034
IMAGINARY
           0   -0.0133042  -0.00434783 -0.000897438
   0.0133042            0     0.011024    0.0173913
  0.00434783    -0.011024            0   0.00274519
 0.000897438   -0.0173913  -0.00274519            0
Repeater1[0]<--->EndNode1[0]
REAL
    0.40915  0.00866442  0.00809076    0.356413
 0.00866442   0.0980392   0.0527956  0.00682494
 0.00809076   0.0527956   0.0901961 -0.00412486
   0.356413  0.00682494 -0.00412486    0.402614
IMAGINARY
          0   0.0101588  0.00876952  0.00959798
 -0.0101588           0  -0.0180726   0.0131943
-0.00876952   0.0180726           0  -0.0140348
-0.00959798  -0.0131943   0.0140348           0
Repeater1[0]<--->HoM1[0]
REAL
    0.40276   0.0166913   0.0179614     0.37004
  0.0166913    0.109159   0.0514064  0.00448254
  0.0179614   0.0514064   0.0790464 -0.00546936
    0.37004  0.00448254 -0.00546936    0.409034
IMAGINARY
           0  -0.00434783   -0.0133042 -0.000897438
  0.00434783            0    -0.011024   0.00274519
   0.0133042     0.011024            0    0.0173913
 0.000897438  -0.00274519   -0.0173913            0
EndNode1[0]<--->Repeater1[0]
REAL
    0.39895  -0.0156624 -0.00063693    0.352077
 -0.0156624   0.0905512   0.0716845 -0.00126904
-0.00063693   0.0716845    0.112861  0.00613251
   0.352077 -0.00126904  0.00613251    0.397638
IMAGINARY
          0    0.018927 -0.00716142  0.00358146
  -0.018927           0   0.0175628    0.014351
 0.00716142  -0.0175628           0  -0.0182735
-0.00358146   -0.014351   0.0182735           0
EndNode2[0]<--->HoM1[0]
REAL
   0.403509  -0.0352072  -0.0308114    0.351252
 -0.0352072   0.0977444   0.0618463 -0.00949089
 -0.0308114   0.0618463   0.0977444  -0.0265057
   0.351252 -0.00949089  -0.0265057    0.401003
IMAGINARY
           0 -0.000332544  -0.00357212    0.0268025
 0.000332544            0   -0.0214692  -0.00159584
  0.00357212    0.0214692            0   -0.0138793
  -0.0268025   0.00159584    0.0138793            0
Repeater1[0]<--->EndNode1[0]
REAL
    0.39895 -0.00063693  -0.0156624    0.352077
-0.00063693    0.112861   0.0716845  0.00613251
 -0.0156624   0.0716845   0.0905512 -0.00126904
   0.352077  0.00613251 -0.00126904    0.397638
IMAGINARY
          0 -0.00716142    0.018927  0.00358146
 0.00716142           0  -0.0175628  -0.0182735
  -0.018927   0.0175628           0    0.014351
-0.00358146   0.0182735   -0.014351           0
Repeater1[0]<--->HoM1[0]
REAL
   0.403509  -0.0308114  -0.0352072    0.351252
 -0.0308114   0.0977444   0.0618463  -0.0265057
 -0.0352072   0.0618463   0.0977444 -0.00949089
   0.351252  -0.0265057 -0.00949089    0.401003
IMAGINARY
           0  -0.00357212 -0.000332544    0.0268025
  0.00357212            0    0.0214692   -0.0138793
 0.000332544   -0.0214692            0  -0.00159584
  -0.0268025    0.0138793   0.00159584            0
EndNode1[0]<--->Repeater1[0]
REAL
    0.412329   -0.0127663   0.00251649     0.344619
  -0.0127663    0.0821918    0.0525776 -0.000513816
  0.00251649    0.0525776      0.10137   0.00809339
    0.344619 -0.000513816   0.00809339      0.40411
IMAGINARY
           0 -0.000499126  -0.00409839   0.00359655
 0.000499126            0   -0.0275293  0.000889144
  0.00409839    0.0275293            0   -0.0168308
 -0.00359655 -0.000889144    0.0168308            0
EndNode2[0]<--->HoM1[0]
REAL
    0.388021    -0.012838  -0.00761127     0.350741
   -0.012838    0.0924479    0.0649376   0.00168241
 -0.00761127    0.0649376     0.108073 -0.000995943
    0.350741   0.00168241 -0.000995943     0.411458
IMAGINARY
           0  -0.00998207  0.000294905  -0.00972983
  0.00998207            0    0.0144532   0.00406375
-0.000294905   -0.0144532            0   0.00562342
  0.00972983  -0.00406375  -0.00562342            0
Repeater1[0]<--->EndNode1[0]
REAL
    0.412329   0.00251649   -0.0127663     0.344619
  0.00251649      0.10137    0.0525776   0.00809339
  -0.0127663    0.0525776    0.0821918 -0.000513816
    0.344619   0.00809339 -0.000513816      0.40411
IMAGINARY
           0  -0.00409839 -0.000499126   0.00359655
  0.00409839            0    0.0275293   -0.0168308
 0.000499126   -0.0275293            0  0.000889144
 -0.00359655    0.0168308 -0.000889144            0
Repeater1[0]<--->HoM1[0]
REAL
    0.388021  -0.00761127    -0.012838     0.350741
 -0.00761127     0.108073    0.0649376 -0.000995943
   -0.012838    0.0649376    0.0924479   0.00168241
    0.350741 -0.000995943   0.00168241     0.411458
IMAGINARY
           0  0.000294905  -0.00998207  -0.00972983
-0.000294905            0   -0.0144532   0.00562342
  0.00998207    0.0144532            0   0.00406375
  0.00972983  -0.00562342  -0.00406375            0
EndNode1[0]<--->Repeater1[0]
REAL
    0.40276 -0.00841013 -0.00347865    0.350763
-0.00841013    0.111669   0.0546593  -0.0110232
-0.00347865   0.0546593    0.104141   -0.014919
   0.350763  -0.0110232   -0.014919     0.38143
IMAGINARY
          0  -0.0100126  0.00168088  -0.0065965
  0.0100126           0   0.0079054  -0.0146679
-0.00168088  -0.0079054           0  0.00611646
  0.0065965   0.0146679 -0.00611646           0
EndNode2[0]<--->HoM1[0]
REAL
   0.388608 -0.00287754  -0.0100311     0.34969
-0.00287754   0.0962025   0.0468175  0.00291592
 -0.0100311   0.0468175   0.0873418 -0.00682491
    0.34969  0.00291592 -0.00682491    0.427848
IMAGINARY
           0 -0.000340796    0.0117221    0.0068408
 0.000340796            0   0.00435323  -0.00911118
  -0.0117221  -0.00435323            0    0.0120901
  -0.0068408   0.00911118   -0.0120901            0
Repeater1[0]<--->EndNode1[0]
REAL
    0.40276 -0.00347865 -0.00841013    0.350763
-0.00347865    0.104141   0.0546593   -0.014919
-0.00841013   0.0546593    0.111669  -0.0110232
   0.350763   -0.014919  -0.0110232     0.38143
IMAGINARY
          0  0.00168088  -0.0100126  -0.0065965
-0.00168088           0  -0.0079054  0.00611646
  0.0100126   0.0079054           0  -0.0146679
  0.0065965 -0.00611646   0.0146679           0
Repeater1[0]<--->HoM1[0]
REAL
   0.388608  -0.0100311 -0.00287754     0.34969
 -0.0100311   0.0873418   0.0468175 -0.00682491
-0.00287754   0.0468175   0.0962025  0.00291592
    0.34969 -0.00682491  0.00291592    0.427848
IMAGINARY
           0    0.0117221 -0.000340796    0.0068408
  -0.0117221            0  -0.00435323    0.0120901
 0.000340796   0.00435323            0  -0.00911118
  -0.0068408   -0.0120901   0.00911118            0
EndNode1[0]<--->Repeater1[0]
REAL
   0.425422 -0.00936814 -0.00856409    0.355284
-0.00936814   0.0933852   0.0560273  0.00727875
-0.00856409   0.0560273    0.080415   0.0170802
   0.355284  0.00727875   0.0170802    0.400778
IMAGINARY
           0    0.0133294  -0.00804871    0.0103663
  -0.0133294            0   0.00840042 -5.81374e-06
  0.00804871  -0.00840042            0 -0.000318245
  -0.0103663  5.81374e-06  0.000318245            0
EndNode2[0]<--->HoM1[0]
REAL
  0.405298  0.0120994  0.0149576   0.361669
 0.0120994  0.0834437  0.0578714 -0.0104877
 0.0149576  0.0578714  0.0940397 -0.0114608
  0.361669 -0.0104877 -0.0114608   0.417219
IMAGINARY
          0  -0.0131025 -0.00866238 -0.00021254
  0.0131025           0  -0.0299971   0.0137257
 0.00866238   0.0299971           0  -0.0033532
 0.00021254  -0.0137257   0.0033532           0
Repeater1[0]<--->EndNode1[0]
REAL
   0.425422 -0.00856409 -0.00936814    0.355284
-0.00856409    0.080415   0.0560273   0.0170802
-0.00936814   0.0560273   0.0933852  0.00727875
   0.355284   0.0170802  0.00727875    0.400778
IMAGINARY
           0  -0.00804871    0.0133294    0.0103663
  0.00804871            0  -0.00840042 -0.000318245
  -0.0133294   0.00840042            0 -5.81374e-06
  -0.0103663  0.000318245  5.81374e-06            0
Repeater1[0]<--->HoM1[0]
REAL
  0.405298  0.0149576  0.0120994   0.361669
 0.0149576  0.0940397  0.0578714 -0.0114608
 0.0120994  0.0578714  0.0834437 -0.0104877
  0.361669 -0.0114608 -0.0104877   0.417219
IMAGINARY
          0 -0.00866238  -0.0131025 -0.00021254
 0.00866238           0   0.0299971  -0.0033532
  0.0131025  -0.0299971           0   0.0137257
 0.00021254   0.0033532  -0.0137257           0
EndNode1[0]<--->Repeater1[0]
REAL
    0.409326  -0.00656266  -0.00295139     0.343894
 -0.00656266    0.0997409    0.0709209  -0.00815972
 -0.00295139    0.0709209    0.0932642 -0.000844746
    0.343894  -0.00815972 -0.000844746     0.397668
IMAGINARY
          0  0.00444999  -0.0235181   0.0170711
-0.00444999           0  -0.0064891  0.00459922
  0.0235181   0.0064891           0  0.00636082
 -0.0170711 -0.00459922 -0.00636082           0
EndNode2[0]<--->HoM1[0]
REAL
   0.391417 2.96555e-05 -0.00247905    0.352676
2.96555e-05    0.110533   0.0474473  0.00802775
-0.00247905   0.0474473     0.10013   0.0215486
   0.352676  0.00802775   0.0215486    0.397919
IMAGINARY
          0  0.00259205 -0.00420063  -0.0167435
-0.00259205           0   0.0073852  -0.0160608
 0.00420063  -0.0073852           0   0.0111334
  0.0167435   0.0160608  -0.0111334           0
Repeater1[0]<--->EndNode1[0]
REAL
    0.409326  -0.00295139  -0.00656266     0.343894
 -0.00295139    0.0932642    0.0709209 -0.000844746
 -0.00656266    0.0709209    0.0997409  -0.00815972
    0.343894 -0.000844746  -0.00815972     0.397668
IMAGINARY
          0  -0.0235181  0.00444999   0.0170711
  0.0235181           0   0.0064891  0.00636082
-0.00444999  -0.0064891           0  0.00459922
 -0.0170711 -0.00636082 -0.00459922           0
Repeater1[0]<--->HoM1[0]
REAL
   0.391417 -0.00247905 2.96555e-05    0.352676
-0.00247905     0.10013   0.0474473   0.0215486
2.96555e-05   0.0474473    0.110533  0.00802775
   0.352676   0.0215486  0.00802775    0.397919
IMAGINARY
          0 -0.00420063  0.00259205  -0.0167435
 0.00420063           0  -0.0073852   0.0111334
-0.00259205   0.0073852           0  -0.0160608
  0.0167435  -0.0111334   0.0160608           0
EndNode1[0]<--->Repeater1[0]
REAL
   0.394558    0.020841 -0.00242418    0.340407
   0.020841   0.0938776   0.0633366  -0.0149555
-0.00242418   0.0633366   0.0993197 -0.00613514
   0.340407  -0.0149555 -0.00613514    0.412245
IMAGINARY
           0  -0.00580362  -0.00383772 -0.000894321
  0.00580362            0   0.00478033  -0.00699031
  0.00383772  -0.00478033            0      0.01281
 0.000894321   0.00699031     -0.01281            0
EndNode2[0]<--->HoM1[0]
REAL
   0.393316  -0.0104439  -0.0175147    0.345552
 -0.0104439    0.107969   0.0722023 -0.00990047
 -0.0175147   0.0722023   0.0951157  -0.0104439
   0.345552 -0.00990047  -0.0104439    0.403599
IMAGINARY
           0    0.0312346   0.00495163    -0.020856
  -0.0312346            0  0.000434358   -0.0118009
 -0.00495163 -0.000434358            0  -0.00944128
    0.020856    0.0118009   0.00944128            0
Repeater1[0]<--->EndNode1[0]
REAL
   0.394558 -0.00242418    0.020841    0.340407
-0.00242418   0.0993197   0.0633366 -0.00613514
   0.020841   0.0633366   0.0938776  -0.0149555
   0.340407 -0.00613514  -0.0149555    0.412245
IMAGINARY
           0  -0.00383772  -0.00580362 -0.000894321
  0.00383772            0  -0.00478033      0.01281
  0.00580362   0.00478033            0  -0.00699031
 0.000894321     -0.01281   0.00699031            0
Repeater1[0]<--->HoM1[0]
REAL
   0.393316  -0.0175147  -0.0104439    0.345552
 -0.0175147   0.0951157   0.0722023  -0.0104439
 -0.0104439   0.0722023    0.107969 -0.00990047
   0.345552  -0.0104439 -0.00990047    0.403599
IMAGINARY
           0   0.00495163    0.0312346    -0.020856
 -0.00495163            0 -0.000434358  -0.00944128
  -0.0312346  0.000434358            0   -0.0118009
    0.020856   0.00944128    0.0118009            0
EndNode1[0]<--->Repeater1[0]
REAL
   0.387887 0.000657895 -0.00376611    0.339641
0.000657895    0.112113   0.0629909  0.00771348
-0.00376611   0.0629909   0.0966495 0.000657895
   0.339641  0.00771348 0.000657895    0.403351
IMAGINARY
           0    0.0114069   0.00232863   0.00168428
  -0.0114069            0    0.0150942  -0.00867381
 -0.00232863   -0.0150942            0  1.44574e-05
 -0.00168428   0.00867381 -1.44574e-05            0
EndNode2[0]<--->HoM1[0]
REAL
   0.426593  0.00521363    0.014895    0.359403
 0.00521363   0.0927978    0.062728  -0.0107967
   0.014895    0.062728   0.0914127 0.000250851
   0.359403  -0.0107967 0.000250851    0.389197
IMAGINARY
           0  0.000466744   0.00393025  -0.00521092
-0.000466744            0    0.0101737   -0.0205543
 -0.00393025   -0.0101737            0   0.00464835
  0.00521092    0.0205543  -0.00464835            0
Repeater1[0]<--->EndNode1[0]
REAL
   0.387887 -0.00376611 0.000657895    0.339641
-0.00376611   0.0966495   0.0629909 0.000657895
0.000657895   0.0629909    0.112113  0.00771348
   0.339641 0.000657895  0.00771348    0.403351
IMAGINARY
           0   0.00232863    0.0114069   0.00168428
 -0.00232863            0   -0.0150942  1.44574e-05
  -0.0114069    0.0150942            0  -0.00867381
 -0.00168428 -1.44574e-05   0.00867381            0
Repeater1[0]<--->HoM1[0]
REAL
   0.426593    0.014895  0.00521363    0.359403
   0.014895   0.0914127    0.062728 0.000250851
 0.00521363    0.062728   0.0927978  -0.0107967
   0.359403 0.000250851  -0.0107967    0.389197
IMAGINARY
           0   0.00393025  0.000466744  -0.00521092
 -0.00393025            0   -0.0101737   0.00464835
-0.000466744    0.0101737            0   -0.0205543
  0.00521092  -0.00464835    0.0205543            0
EndNode1[0]<--->Repeater1[0]
REAL
   0.394402   0.0177338   0.0311599    0.348295
  0.0177338   0.0852417   0.0676166 -0.00334619
  0.0311599   0.0676166     0.10687  0.00102429
   0.348295 -0.00334619  0.00102429    0.413486
IMAGINARY
           0   0.00706799   -0.0279563   -0.0144384
 -0.00706799            0   0.00901837  0.000541133
   0.0279563  -0.00901837            0   0.00468136
   0.0144384 -0.000541133  -0.00468136            0
EndNode2[0]<--->HoM1[0]
REAL
   0.41573 -0.0172141 -0.0103694   0.346605
-0.0172141    0.11236  0.0683949  0.0191194
-0.0103694  0.0683949  0.0973783  0.0109641
  0.346605  0.0191194  0.0109641   0.374532
IMAGINARY
          0 -0.00422625   0.0116938   0.0015875
 0.00422625           0  0.00348864  0.00970701
 -0.0116938 -0.00348864           0   0.0126569
 -0.0015875 -0.00970701  -0.0126569           0
Repeater1[0]<--->EndNode1[0]
REAL
   0.394402   0.0311599   0.0177338    0.348295
  0.0311599     0.10687   0.0676166  0.00102429
  0.0177338   0.0676166   0.0852417 -0.00334619
   0.348295  0.00102429 -0.00334619    0.413486
IMAGINARY
           0   -0.0279563   0.00706799   -0.0144384
   0.0279563            0  -0.00901837   0.00468136
 -0.00706799   0.00901837            0  0.000541133
   0.0144384  -0.00468136 -0.000541133            0
Repeater1[0]<--->HoM1[0]
REAL
   0.41573 -0.0103694 -0.0172141   0.346605
-0.0103694  0.0973783  0.0683949  0.0109641
-0.0172141  0.0683949    0.11236  0.0191194
  0.346605  0.0109641  0.0191194   0.374532
IMAGINARY
          0   0.0116938 -0.00422625   0.0015875
 -0.0116938           0 -0.00348864   0.0126569
 0.00422625  0.00348864           0  0.00970701
 -0.0015875  -0.0126569 -0.00970701           0
EndNode1[0]<--->Repeater1[0]
REAL
   0.414842  -0.0195549  -0.0167845    0.349818
 -0.0195549    0.100973   0.0505804 -0.00911189
 -0.0167845   0.0505804    0.104623 -0.00235745
   0.349818 -0.00911189 -0.00235745    0.379562
IMAGINARY
           0    0.0196549 -0.000389858  -0.00624758
  -0.0196549            0    0.0306218   -0.0231171
 0.000389858   -0.0306218            0    0.0038521
  0.00624758    0.0231171   -0.0038521            0
EndNode2[0]<--->HoM1[0]
REAL
   0.381579   0.0127516   0.0104751    0.350936
  0.0127516   0.0944976   0.0355509 -0.00642103
  0.0104751   0.0355509    0.102871  0.00211328
   0.350936 -0.00642103  0.00211328    0.421053
IMAGINARY
          0   0.0128969 -0.00886466  0.00894603
 -0.0128969           0   0.0284773  -0.0142123
 0.00886466  -0.0284773           0 -0.00100879
-0.00894603   0.0142123  0.00100879           0
Repeater1[0]<--->EndNode1[0]
REAL
   0.414842  -0.0167845  -0.0195549    0.349818
 -0.0167845    0.104623   0.0505804 -0.00235745
 -0.0195549   0.0505804    0.100973 -0.00911189
   0.349818 -0.00235745 -0.00911189    0.379562
IMAGINARY
           0 -0.000389858    0.0196549  -0.00624758
 0.000389858            0   -0.0306218    0.0038521
  -0.0196549    0.0306218            0   -0.0231171
  0.00624758   -0.0038521    0.0231171            0
Repeater1[0]<--->HoM1[0]
REAL
   0.381579   0.0104751   0.0127516    0.350936
  0.0104751    0.102871   0.0355509  0.00211328
  0.0127516   0.0355509   0.0944976 -0.00642103
   0.350936  0.00211328 -0.00642103    0.421053
IMAGINARY
          0 -0.00886466   0.0128969  0.00894603
 0.00886466           0  -0.0284773 -0.00100879
 -0.0128969   0.0284773           0  -0.0142123
-0.00894603  0.00100879   0.0142123           0
EndNode1[0]<--->Repeater1[0]
REAL
   0.414982 -0.00659536   -0.017456    0.334786
-0.00659536   0.0903686   0.0660605  0.00717785
  -0.017456   0.0660605   0.0868014   0.0132459
   0.334786  0.00717785   0.0132459    0.407848
IMAGINARY
          0  0.00012619  0.00619689  0.00334835
-0.00012619           0  0.00653307  -0.0134242
-0.00619689 -0.00653307           0  0.00972926
-0.00334835   0.0134242 -0.00972926           0
EndNode2[0]<--->HoM1[0]
REAL
   0.434263  0.00534076   0.0103668    0.358786
 0.00534076   0.0836653   0.0553557 -0.00279107
  0.0103668   0.0553557    0.104914  0.00981075
   0.358786 -0.00279107  0.00981075    0.377158
IMAGINARY
           0   0.00929906   -0.0088163   0.00456701
 -0.00929906            0    -0.003952  -0.00173779
   0.0088163     0.003952            0 -6.42337e-05
 -0.00456701   0.00173779  6.42337e-05            0
Repeater1[0]<--->EndNode1[0]
REAL
   0.414982   -0.017456 -0.00659536    0.334786
  -0.017456   0.0868014   0.0660605   0.0132459
-0.00659536   0.0660605   0.0903686  0.00717785
   0.334786   0.0132459  0.00717785    0.407848
IMAGINARY
          0  0.00619689  0.00012619  0.00334835
-0.00619689           0 -0.00653307  0.00972926
-0.00012619  0.00653307           0  -0.0134242
-0.00334835 -0.00972926   0.0134242           0
Repeater1[0]<--->HoM1[0]
REAL
   0.434263   0.0103668  0.00534076    0.358786
  0.0103668    0.104914   0.0553557  0.00981075
 0.00534076   0.0553557   0.0836653 -0.00279107
   0.358786  0.00981075 -0.00279107    0.377158
IMAGINARY
           0   -0.0088163   0.00929906   0.00456701
   0.0088163            0     0.003952 -6.42337e-05
 -0.00929906    -0.003952            0  -0.00173779
 -0.00456701  6.42337e-05   0.00173779            0
EndNode1[0]<--->Repeater1[0]
REAL
   0.407547   -0.004572  -0.0101454    0.339011
  -0.004572    0.108176   0.0572653 -0.00182271
 -0.0101454   0.0572653    0.090566 0.000582639
   0.339011 -0.00182271 0.000582639    0.393711
IMAGINARY
          0 -0.00741758   0.0054369   0.0109202
 0.00741758           0 -0.00289885  0.00911337
 -0.0054369  0.00289885           0  -0.0163919
 -0.0109202 -0.00911337   0.0163919           0
EndNode2[0]<--->HoM1[0]
REAL
  0.403681  0.0259748  0.0104133   0.356847
 0.0259748   0.107975  0.0576188 0.00908353
 0.0104133  0.0576188  0.0957055 -0.0140252
  0.356847 0.00908353 -0.0140252   0.392638
IMAGINARY
          0  -0.0179858  0.00627159 -0.00980351
  0.0179858           0    0.014854 -0.00820209
-0.00627159   -0.014854           0  0.00704629
 0.00980351  0.00820209 -0.00704629           0
Repeater1[0]<--->EndNode1[0]
REAL
   0.407547  -0.0101454   -0.004572    0.339011
 -0.0101454    0.090566   0.0572653 0.000582639
  -0.004572   0.0572653    0.108176 -0.00182271
   0.339011 0.000582639 -0.00182271    0.393711
IMAGINARY
          0   0.0054369 -0.00741758   0.0109202
 -0.0054369           0  0.00289885  -0.0163919
 0.00741758 -0.00289885           0  0.00911337
 -0.0109202   0.0163919 -0.00911337           0
Repeater1[0]<--->HoM1[0]
REAL
  0.403681  0.0104133  0.0259748   0.356847
 0.0104133  0.0957055  0.0576188 -0.0140252
 0.0259748  0.0576188   0.107975 0.00908353
  0.356847 -0.0140252 0.00908353   0.392638
IMAGINARY
          0  0.00627159  -0.0179858 -0.00980351
-0.00627159           0   -0.014854  0.00704629
  0.0179858    0.014854           0 -0.00820209
 0.00980351 -0.00704629  0.00820209           0
EndNode1[0]<--->Repeater1[0]
REAL
   0.412807  0.00105105  0.00155988    0.355183
 0.00105105   0.0871935    0.056905 -0.00430713
 0.00155988    0.056905    0.103542  0.00169621
   0.355183 -0.00430713  0.00169621    0.396458
IMAGINARY
          0  0.00368698  0.00389955  0.00921393
-0.00368698           0    0.021472  0.00778556
-0.00389955   -0.021472           0   0.0043081
-0.00921393 -0.00778556  -0.0043081           0
EndNode2[0]<--->HoM1[0]
REAL
   0.414155  0.00426712  0.00923617    0.344733
 0.00426712   0.0799476   0.0481674 -0.00622775
 0.00923617   0.0481674   0.0917431  0.00235141
   0.344733 -0.00622775  0.00235141    0.414155
IMAGINARY
           0  -0.00293003   -0.0205723   0.00338459
  0.00293003            0  -0.00467993   -0.0104713
   0.0205723   0.00467993            0 -0.000372483
 -0.00338459    0.0104713  0.000372483            0
Repeater1[0]<--->EndNode1[0]
REAL
   0.412807  0.00155988  0.00105105    0.355183
 0.00155988    0.103542    0.056905  0.00169621
 0.00105105    0.056905   0.0871935 -0.00430713
   0.355183  0.00169621 -0.00430713    0.396458
IMAGINARY
          0  0.00389955  0.00368698  0.00921393
-0.00389955           0   -0.021472   0.0043081
-0.00368698    0.021472           0  0.00778556
-0.00921393  -0.0043081 -0.00778556           0
Repeater1[0]<--->HoM1[0]
REAL
   0.414155  0.00923617  0.00426712    0.344733
 0.00923617   0.0917431   0.0481674  0.00235141
 0.00426712   0.0481674   0.0799476 -0.00622775
   0.344733  0.00235141 -0.00622775    0.414155
IMAGINARY
           0   -0.0205723  -0.00293003   0.00338459
   0.0205723            0   0.00467993 -0.000372483
  0.00293003  -0.00467993            0   -0.0104713
 -0.00338459  0.000372483    0.0104713            0
EndNode1[0]<--->Repeater1[0]
REAL
  0.362205 -0.0101396 0.00944368   0.360592
-0.0101396   0.119423  0.0407241 0.00634579
0.00944368  0.0407241  0.0892388  0.0219817
  0.360592 0.00634579  0.0219817   0.429134
IMAGINARY
          0 -0.00202503  -0.0175802   0.0107418
 0.00202503           0   0.0113937  -0.0267907
  0.0175802  -0.0113937           0   0.0331509
 -0.0107418   0.0267907  -0.0331509           0
EndNode2[0]<--->HoM1[0]
REAL
   0.406085 -0.00991221 -0.00400896    0.345008
-0.00991221   0.0952381   0.0539821  -0.0111426
-0.00400896   0.0539821    0.111111 -0.00523931
   0.345008  -0.0111426 -0.00523931    0.387566
IMAGINARY
          0  -0.0121118  -0.0153749   0.0229027
  0.0121118           0  0.00186306  -0.0141123
  0.0153749 -0.00186306           0   0.0121118
 -0.0229027   0.0141123  -0.0121118           0
Repeater1[0]<--->EndNode1[0]
REAL
  0.362205 0.00944368 -0.0101396   0.360592
0.00944368  0.0892388  0.0407241  0.0219817
-0.0101396  0.0407241   0.119423 0.00634579
  0.360592  0.0219817 0.00634579   0.429134
IMAGINARY
          0  -0.0175802 -0.00202503   0.0107418
  0.0175802           0  -0.0113937   0.0331509
 0.00202503   0.0113937           0  -0.0267907
 -0.0107418  -0.0331509   0.0267907           0
Repeater1[0]<--->HoM1[0]
REAL
   0.406085 -0.00400896 -0.00991221    0.345008
-0.00400896    0.111111   0.0539821 -0.00523931
-0.00991221   0.0539821   0.0952381  -0.0111426
   0.345008 -0.00523931  -0.0111426    0.387566
IMAGINARY
          0  -0.0153749  -0.0121118   0.0229027
  0.0153749           0 -0.00186306   0.0121118
  0.0121118  0.00186306           0  -0.0141123
 -0.0229027  -0.0121118   0.0141123           0
EndNode1[0]<--->Repeater1[0]
REAL
  0.433465 0.00234524  0.0151068   0.358123
0.00234524  0.0948617  0.0619276 0.00773582
 0.0151068  0.0619276   0.100132  0.0192284
  0.358123 0.00773582  0.0192284   0.371542
IMAGINARY
          0 -0.00190372  0.00468617  -0.0106714
 0.00190372           0   0.0112925   0.0184117
-0.00468617  -0.0112925           0 -0.00760715
  0.0106714  -0.0184117  0.00760715           0
EndNode2[0]<--->HoM1[0]
REAL
   0.372716  0.00872409   0.0117232    0.348752
 0.00872409   0.0986602   0.0642912 -0.00660807
  0.0117232   0.0642912    0.105968  0.00406364
   0.348752 -0.00660807  0.00406364    0.422655
IMAGINARY
          0 -0.00596552  0.00716656  0.00822788
 0.00596552           0   0.0108457 -0.00967282
-0.00716656  -0.0108457           0 -0.00405955
-0.00822788  0.00967282  0.00405955           0
Repeater1[0]<--->EndNode1[0]
REAL
  0.433465  0.0151068 0.00234524   0.358123
 0.0151068   0.100132  0.0619276  0.0192284
0.00234524  0.0619276  0.0948617 0.00773582
  0.358123  0.0192284 0.00773582   0.371542
IMAGINARY
          0  0.00468617 -0.00190372  -0.0106714
-0.00468617           0  -0.0112925 -0.00760715
 0.00190372   0.0112925           0   0.0184117
  0.0106714  0.00760715  -0.0184117           0
Repeater1[0]<--->HoM1[0]
REAL
   0.372716   0.0117232  0.00872409    0.348752
  0.0117232    0.105968   0.0642912  0.00406364
 0.00872409   0.0642912   0.0986602 -0.00660807
   0.348752  0.00406364 -0.00660807    0.422655
IMAGINARY
          0  0.00716656 -0.00596552  0.00822788
-0.00716656           0  -0.0108457 -0.00405955
 0.00596552   0.0108457           0 -0.00967282
-0.00822788  0.00405955  0.00967282           0
EndNode1[0]<--->Repeater1[0]
REAL
   0.425127    0.015021 0.000372229    0.351435
   0.015021   0.0964467   0.0616088   0.0277608
0.000372229   0.0616088   0.0774112   0.0156695
   0.351435   0.0277608   0.0156695    0.401015
IMAGINARY
           0     0.010256  0.000947458  6.54354e-05
   -0.010256            0   0.00129696    -0.013665
-0.000947458  -0.00129696            0   0.00647763
-6.54354e-05     0.013665  -0.00647763            0
EndNode2[0]<--->HoM1[0]
REAL
    0.40847 0.000358721  0.00235173    0.342073
0.000358721   0.0942623   0.0517089   0.0144877
 0.00235173   0.0517089   0.0901639  0.00352729
   0.342073   0.0144877  0.00352729    0.407104
IMAGINARY
          0  0.00567757  -0.0110324 -0.00961569
-0.00567757           0   0.0167678 -0.00198845
  0.0110324  -0.0167678           0   0.0138537
 0.00961569  0.00198845  -0.0138537           0
Repeater1[0]<--->EndNode1[0]
REAL
   0.425127 0.000372229    0.015021    0.351435
0.000372229   0.0774112   0.0616088   0.0156695
   0.015021   0.0616088   0.0964467   0.0277608
   0.351435   0.0156695   0.0277608    0.401015
IMAGINARY
           0  0.000947458     0.010256  6.54354e-05
-0.000947458            0  -0.00129696   0.00647763
   -0.010256   0.00129696            0    -0.013665
-6.54354e-05  -0.00647763     0.013665            0
Repeater1[0]<--->HoM1[0]
REAL
    0.40847  0.00235173 0.000358721    0.342073
 0.00235173   0.0901639   0.0517089  0.00352729
0.000358721   0.0517089   0.0942623   0.0144877
   0.342073  0.00352729   0.0144877    0.407104
IMAGINARY
          0  -0.0110324  0.00567757 -0.00961569
  0.0110324           0  -0.0167678   0.0138537
-0.00567757   0.0167678           0 -0.00198845
 0.00961569  -0.0138537  0.00198845           0
EndNode1[0]<--->Repeater1[0]
REAL
  0.439667   0.001271 0.00496865   0.338404
  0.001271  0.0929265   0.066791  0.0339924
0.00496865   0.066791  0.0859917  0.0182095
  0.338404  0.0339924  0.0182095   0.381415
IMAGINARY
           0    0.0193428    -0.023082    0.0170581
  -0.0193428            0   -0.0195273 -0.000788987
    0.023082    0.0195273            0    0.0187217
  -0.0170581  0.000788987   -0.0187217            0
EndNode2[0]<--->HoM1[0]
REAL
    0.37367    0.018042   0.0140238    0.350541
   0.018042    0.121011   0.0547226   0.0017657
  0.0140238   0.0547226   0.0904255 0.000379005
   0.350541   0.0017657 0.000379005    0.414894
IMAGINARY
           0  -0.00250029  -0.00616322   -0.0100772
  0.00250029            0    0.0231725   0.00185817
  0.00616322   -0.0231725            0 -0.000574743
   0.0100772  -0.00185817  0.000574743            0
Repeater1[0]<--->EndNode1[0]
REAL
  0.439667 0.00496865   0.001271   0.338404
0.00496865  0.0859917   0.066791  0.0182095
  0.001271   0.066791  0.0929265  0.0339924
  0.338404  0.0182095  0.0339924   0.381415
IMAGINARY
           0    -0.023082    0.0193428    0.0170581
    0.023082            0    0.0195273    0.0187217
  -0.0193428   -0.0195273            0 -0.000788987
  -0.0170581   -0.0187217  0.000788987            0
Repeater1[0]<--->HoM1[0]
REAL
    0.37367   0.0140238    0.018042    0.350541
  0.0140238   0.0904255   0.0547226 0.000379005
   0.018042   0.0547226    0.121011   0.0017657
   0.350541 0.000379005   0.0017657    0.414894
IMAGINARY
           0  -0.00616322  -0.00250029   -0.0100772
  0.00616322            0   -0.0231725 -0.000574743
  0.00250029    0.0231725            0   0.00185817
   0.0100772  0.000574743  -0.00185817            0
EndNode1[0]<--->Repeater1[0]
REAL
   0.428571  0.00230246 0.000464047    0.347879
 0.00230246   0.0970874   0.0574383   0.0170457
0.000464047   0.0574383   0.0846047   0.0190983
   0.347879   0.0170457   0.0190983    0.389736
IMAGINARY
           0   -0.0198257     0.015017  0.000582144
   0.0198257            0   -0.0214155  0.000914404
   -0.015017    0.0214155            0    0.0173748
-0.000582144 -0.000914404   -0.0173748            0
EndNode2[0]<--->HoM1[0]
REAL
   0.410553  0.00877553 -0.00712266    0.352649
 0.00877553   0.0862291   0.0664778  -0.0140583
-0.00712266   0.0664778   0.0939511  -0.0158359
   0.352649  -0.0140583  -0.0158359    0.409266
IMAGINARY
          0  0.00417603  -0.0188943 -0.00436869
-0.00417603           0   0.0112351   -0.016317
  0.0188943  -0.0112351           0   0.0118291
 0.00436869    0.016317  -0.0118291           0
Repeater1[0]<--->EndNode1[0]
REAL
   0.428571 0.000464047  0.00230246    0.347879
0.000464047   0.0846047   0.0574383   0.0190983
 0.00230246   0.0574383   0.0970874   0.0170457
   0.347879   0.0190983   0.0170457    0.389736
IMAGINARY
           0     0.015017   -0.0198257  0.000582144
   -0.015017            0    0.0214155    0.0173748
   0.0198257   -0.0214155            0  0.000914404
-0.000582144   -0.0173748 -0.000914404            0
Repeater1[0]<--->HoM1[0]
REAL
   0.410553 -0.00712266  0.00877553    0.352649
-0.00712266   0.0939511   0.0664778  -0.0158359
 0.00877553   0.0664778   0.0862291  -0.0140583
   0.352649  -0.0158359  -0.0140583    0.409266
IMAGINARY
          0  -0.0188943  0.00417603 -0.00436869
  0.0188943           0  -0.0112351   0.0118291
-0.00417603   0.0112351           0   -0.016317
 0.00436869  -0.0118291    0.016317           0
EndNode1[0]<--->Repeater1[0]
REAL
  0.406863   0.033466 0.00506086   0.347976
  0.033466  0.0919118  0.0653669 -0.0043731
0.00506086  0.0653669   0.102941 -0.0259007
  0.347976 -0.0043731 -0.0259007   0.398284
IMAGINARY
          0  -0.0125517  0.00897078 -0.00981616
  0.0125517           0  0.00663954   0.0140859
-0.00897078 -0.00663954           0  0.00398777
 0.00981616  -0.0140859 -0.00398777           0
EndNode2[0]<--->HoM1[0]
REAL
   0.415601 0.000317661  0.00644901    0.359292
0.000317661    0.103581   0.0620281  -0.0026419
 0.00644901   0.0620281   0.0933504 0.000951375
   0.359292  -0.0026419 0.000951375    0.387468
IMAGINARY
           0 -0.000837861 -0.000227443   -0.0133685
 0.000837861            0   -0.0191156    0.0163966
 0.000227443    0.0191156            0   -0.0140875
   0.0133685   -0.0163966    0.0140875            0
Repeater1[0]<--->EndNode1[0]
REAL
  0.406863 0.00506086   0.033466   0.347976
0.00506086   0.102941  0.0653669 -0.0259007
  0.033466  0.0653669  0.0919118 -0.0043731
  0.347976 -0.0259007 -0.0043731   0.398284
IMAGINARY
          0  0.00897078  -0.0125517 -0.00981616
-0.00897078           0 -0.00663954  0.00398777
  0.0125517  0.00663954           0   0.0140859
 0.00981616 -0.00398777  -0.0140859           0
Repeater1[0]<--->HoM1[0]
REAL
   0.415601  0.00644901 0.000317661    0.359292
 0.00644901   0.0933504   0.0620281 0.000951375
0.000317661   0.0620281    0.103581  -0.0026419
   0.359292 0.000951375  -0.0026419    0.387468
IMAGINARY
           0 -0.000227443 -0.000837861   -0.0133685
 0.000227443            0    0.0191156   -0.0140875
 0.000837861   -0.0191156            0    0.0163966
   0.0133685    0.0140875   -0.0163966            0
EndNode1[0]<--->Repeater1[0]
REAL
   0.412214  -0.0130729 -0.00057673      0.3487
 -0.0130729    0.103053   0.0560013 -0.00387054
-0.00057673   0.0560013   0.0916031  0.00227238
     0.3487 -0.00387054  0.00227238     0.39313
IMAGINARY
          0  -0.0123573  0.00137105 -0.00279597
  0.0123573           0  0.00982023  0.00710353
-0.00137105 -0.00982023           0  0.00518653
 0.00279597 -0.00710353 -0.00518653           0
EndNode2[0]<--->HoM1[0]
REAL
    0.41721 -0.00139506 -0.00290886    0.365851
-0.00139506    0.101695   0.0451438  0.00814446
-0.00290886   0.0451438   0.0977836 -0.00645835
   0.365851  0.00814446 -0.00645835    0.383312
IMAGINARY
          0   0.0157665  -0.0132495  -0.0102697
 -0.0157665           0 -0.00772516  -0.0145283
  0.0132495  0.00772516           0   0.0170618
  0.0102697   0.0145283  -0.0170618           0
Repeater1[0]<--->EndNode1[0]
REAL
   0.412214 -0.00057673  -0.0130729      0.3487
-0.00057673   0.0916031   0.0560013  0.00227238
 -0.0130729   0.0560013    0.103053 -0.00387054
     0.3487  0.00227238 -0.00387054     0.39313
IMAGINARY
          0  0.00137105  -0.0123573 -0.00279597
-0.00137105           0 -0.00982023  0.00518653
  0.0123573  0.00982023           0  0.00710353
 0.00279597 -0.00518653 -0.00710353           0
Repeater1[0]<--->HoM1[0]
REAL
    0.41721 -0.00290886 -0.00139506    0.365851
-0.00290886   0.0977836   0.0451438 -0.00645835
-0.00139506   0.0451438    0.101695  0.00814446
   0.365851 -0.00645835  0.00814446    0.383312
IMAGINARY
          0  -0.0132495   0.0157665  -0.0102697
  0.0132495           0  0.00772516   0.0170618
 -0.0157665 -0.00772516           0  -0.0145283
  0.0102697  -0.0170618   0.0145283           0
EndNode1[0]<--->Repeater1[0]
REAL
   0.398515 -0.00384756 -0.00495964    0.352822
-0.00384756    0.102723   0.0612104 0.000534863
-0.00495964   0.0612104   0.0891089  0.00700812
   0.352822 0.000534863  0.00700812    0.409653
IMAGINARY
