EndNode1[0]<--->Repeater1[0]
REAL
   0.478093  0.00906269   0.0112953    0.265477
 0.00906269   0.0283505  0.00132645 -0.00237894
  0.0112953  0.00132645   0.0335052   0.0053406
   0.265477 -0.00237894   0.0053406    0.460052
IMAGINARY
           0   0.00304711   0.00697587 -0.000525592
 -0.00304711            0   0.00790814    -0.011019
 -0.00697587  -0.00790814            0   0.00503914
 0.000525592     0.011019  -0.00503914            0
EndNode2[0]<--->HoM1[0]
REAL
    0.47066   0.0177605 -0.00789408    0.260265
  0.0177605   0.0281174   0.0082539  0.00657133
-0.00789408   0.0082539   0.0342298  0.00340348
   0.260265  0.00657133  0.00340348    0.466993
IMAGINARY
          0  -0.0104601 -0.00645459   0.0101121
  0.0104601           0   -0.013441 -0.00963121
 0.00645459    0.013441           0  -0.0123281
 -0.0101121  0.00963121   0.0123281           0
Repeater1[0]<--->EndNode1[0]
REAL
   0.478093   0.0112953  0.00906269    0.265477
  0.0112953   0.0335052  0.00132645   0.0053406
 0.00906269  0.00132645   0.0283505 -0.00237894
   0.265477   0.0053406 -0.00237894    0.460052
IMAGINARY
           0   0.00697587   0.00304711 -0.000525592
 -0.00697587            0  -0.00790814   0.00503914
 -0.00304711   0.00790814            0    -0.011019
 0.000525592  -0.00503914     0.011019            0
Repeater1[0]<--->HoM1[0]
REAL
    0.47066 -0.00789408   0.0177605    0.260265
-0.00789408   0.0342298   0.0082539  0.00340348
  0.0177605   0.0082539   0.0281174  0.00657133
   0.260265  0.00340348  0.00657133    0.466993
IMAGINARY
          0 -0.00645459  -0.0104601   0.0101121
 0.00645459           0    0.013441  -0.0123281
  0.0104601   -0.013441           0 -0.00963121
 -0.0101121   0.0123281  0.00963121           0
EndNode1[0]<--->Repeater1[0]
REAL
   0.45297  0.0157883 0.00893734   0.281143
 0.0157883   0.039604  0.0155377  0.0290986
0.00893734  0.0155377  0.0383663  0.0208645
  0.281143  0.0290986  0.0208645   0.469059
IMAGINARY
          0   0.0143598  -0.0224573  0.00943287
 -0.0143598           0  0.00609508  -0.0151223
  0.0224573 -0.00609508           0  0.00538543
-0.00943287   0.0151223 -0.00538543           0
EndNode2[0]<--->HoM1[0]
REAL
   0.508015  0.00126381   0.0183764    0.294157
 0.00126381   0.0419236 7.59543e-05   0.0111125
  0.0183764 7.59543e-05   0.0382244    0.021672
   0.294157   0.0111125    0.021672    0.411837
IMAGINARY
          0   0.0003004  0.00471548  -0.0242791
 -0.0003004           0  -0.0138624  -0.0114972
-0.00471548   0.0138624           0 -0.00708215
  0.0242791   0.0114972  0.00708215           0
Repeater1[0]<--->EndNode1[0]
REAL
   0.45297 0.00893734  0.0157883   0.281143
0.00893734  0.0383663  0.0155377  0.0208645
 0.0157883  0.0155377   0.039604  0.0290986
  0.281143  0.0208645  0.0290986   0.469059
IMAGINARY
          0  -0.0224573   0.0143598  0.00943287
  0.0224573           0 -0.00609508  0.00538543
 -0.0143598  0.00609508           0  -0.0151223
-0.00943287 -0.00538543   0.0151223           0
Repeater1[0]<--->HoM1[0]
REAL
   0.508015   0.0183764  0.00126381    0.294157
  0.0183764   0.0382244 7.59543e-05    0.021672
 0.00126381 7.59543e-05   0.0419236   0.0111125
   0.294157    0.021672   0.0111125    0.411837
IMAGINARY
          0  0.00471548   0.0003004  -0.0242791
-0.00471548           0   0.0138624 -0.00708215
 -0.0003004  -0.0138624           0  -0.0114972
  0.0242791  0.00708215   0.0114972           0
EndNode1[0]<--->Repeater1[0]
REAL
   0.476253  0.00359184 -0.00692294    0.261385
 0.00359184   0.0356201   0.0175621  -0.0114981
-0.00692294   0.0175621   0.0422164  -0.0114866
   0.261385  -0.0114981  -0.0114866     0.44591
IMAGINARY
          0  -0.0127565 -0.00149995 -0.00469107
  0.0127565           0 -0.00667257  0.00345054
 0.00149995  0.00667257           0  0.00430392
 0.00469107 -0.00345054 -0.00430392           0
EndNode2[0]<--->HoM1[0]
REAL
   0.487705 -0.00645233  -0.0255309    0.271338
-0.00645233   0.0423497   0.0177341  -0.0170358
 -0.0255309   0.0177341    0.023224  -0.0259492
   0.271338  -0.0170358  -0.0259492    0.446721
IMAGINARY
          0  -0.0109938   0.0136425  0.00145486
  0.0109938           0 -0.00569728 -0.00905532
 -0.0136425  0.00569728           0 -0.00145703
-0.00145486  0.00905532  0.00145703           0
Repeater1[0]<--->EndNode1[0]
REAL
   0.476253 -0.00692294  0.00359184    0.261385
-0.00692294   0.0422164   0.0175621  -0.0114866
 0.00359184   0.0175621   0.0356201  -0.0114981
   0.261385  -0.0114866  -0.0114981     0.44591
IMAGINARY
          0 -0.00149995  -0.0127565 -0.00469107
 0.00149995           0  0.00667257  0.00430392
  0.0127565 -0.00667257           0  0.00345054
 0.00469107 -0.00430392 -0.00345054           0
Repeater1[0]<--->HoM1[0]
REAL
   0.487705  -0.0255309 -0.00645233    0.271338
 -0.0255309    0.023224   0.0177341  -0.0259492
-0.00645233   0.0177341   0.0423497  -0.0170358
   0.271338  -0.0259492  -0.0170358    0.446721
IMAGINARY
          0   0.0136425  -0.0109938  0.00145486
 -0.0136425           0  0.00569728 -0.00145703
  0.0109938 -0.00569728           0 -0.00905532
-0.00145486  0.00145703  0.00905532           0
EndNode1[0]<--->Repeater1[0]
REAL
   0.447368   0.0234576 -0.00442766    0.257871
  0.0234576   0.0473684   0.0124163    0.013791
-0.00442766   0.0124163   0.0421053 -0.00660371
   0.257871    0.013791 -0.00660371    0.463158
IMAGINARY
           0  -0.00966979   0.00740481    -0.015188
  0.00966979            0 -0.000500924   0.00558221
 -0.00740481  0.000500924            0     0.017462
    0.015188  -0.00558221    -0.017462            0
EndNode2[0]<--->HoM1[0]
REAL
    0.436767   0.00197223    -0.011072     0.265833
  0.00197223    0.0404172    0.0256242   0.00981572
   -0.011072    0.0256242    0.0430248 -0.000715945
    0.265833   0.00981572 -0.000715945     0.479791
IMAGINARY
          0    -0.01167   0.0250797 -0.00257611
    0.01167           0  0.00443026   0.0180012
 -0.0250797 -0.00443026           0 -0.00660674
 0.00257611  -0.0180012  0.00660674           0
Repeater1[0]<--->EndNode1[0]
REAL
   0.447368 -0.00442766   0.0234576    0.257871
-0.00442766   0.0421053   0.0124163 -0.00660371
  0.0234576   0.0124163   0.0473684    0.013791
   0.257871 -0.00660371    0.013791    0.463158
IMAGINARY
           0   0.00740481  -0.00966979    -0.015188
 -0.00740481            0  0.000500924     0.017462
  0.00966979 -0.000500924            0   0.00558221
    0.015188    -0.017462  -0.00558221            0
Repeater1[0]<--->HoM1[0]
REAL
    0.436767    -0.011072   0.00197223     0.265833
   -0.011072    0.0430248    0.0256242 -0.000715945
  0.00197223    0.0256242    0.0404172   0.00981572
    0.265833 -0.000715945   0.00981572     0.479791
IMAGINARY
          0   0.0250797    -0.01167 -0.00257611
 -0.0250797           0 -0.00443026 -0.00660674
    0.01167  0.00443026           0   0.0180012
 0.00257611  0.00660674  -0.0180012           0
EndNode1[0]<--->Repeater1[0]
REAL
      0.492  -0.0204267 -0.00424797    0.278258
 -0.0204267       0.032    0.010938  -0.0214437
-0.00424797    0.010938   0.0466667  -0.0210752
   0.278258  -0.0214437  -0.0210752    0.429333
IMAGINARY
          0    0.025023   0.0039307  -0.0178685
  -0.025023           0  -0.0121795  0.00456603
 -0.0039307   0.0121795           0 -0.00476155
  0.0178685 -0.00456603  0.00476155           0
EndNode2[0]<--->HoM1[0]
REAL
   0.44625  0.0165956  0.0138962   0.263776
 0.0165956       0.04  0.0159938  0.0379604
 0.0138962  0.0159938    0.03125 0.00453121
  0.263776  0.0379604 0.00453121     0.4825
IMAGINARY
          0  -0.0274629  0.00685911  0.00802924
  0.0274629           0   0.0118171 -0.00115569
-0.00685911  -0.0118171           0  -0.0048565
-0.00802924  0.00115569   0.0048565           0
Repeater1[0]<--->EndNode1[0]
REAL
      0.492 -0.00424797  -0.0204267    0.278258
-0.00424797   0.0466667    0.010938  -0.0210752
 -0.0204267    0.010938       0.032  -0.0214437
   0.278258  -0.0210752  -0.0214437    0.429333
IMAGINARY
          0   0.0039307    0.025023  -0.0178685
 -0.0039307           0   0.0121795 -0.00476155
  -0.025023  -0.0121795           0  0.00456603
  0.0178685  0.00476155 -0.00456603           0
Repeater1[0]<--->HoM1[0]
REAL
   0.44625  0.0138962  0.0165956   0.263776
 0.0138962    0.03125  0.0159938 0.00453121
 0.0165956  0.0159938       0.04  0.0379604
  0.263776 0.00453121  0.0379604     0.4825
IMAGINARY
          0  0.00685911  -0.0274629  0.00802924
-0.00685911           0  -0.0118171  -0.0048565
  0.0274629   0.0118171           0 -0.00115569
-0.00802924   0.0048565  0.00115569           0
EndNode1[0]<--->Repeater1[0]
REAL
    0.47375 -0.00946575 -0.00644429    0.261933
-0.00946575        0.04  -0.0040516  0.00581377
-0.00644429  -0.0040516        0.03 -0.00629718
   0.261933  0.00581377 -0.00629718     0.45625
IMAGINARY
           0  -0.00256082   0.00350647   -0.0289715
  0.00256082            0     0.015744  0.000329849
 -0.00350647    -0.015744            0   3.2789e-06
   0.0289715 -0.000329849  -3.2789e-06            0
EndNode2[0]<--->HoM1[0]
REAL
   0.458445   0.0182824  0.00489402    0.278802
  0.0182824    0.041555  -0.0026052  0.00998308
 0.00489402  -0.0026052   0.0321716 -0.00469896
   0.278802  0.00998308 -0.00469896    0.467828
IMAGINARY
           0 -0.000663849    0.0128868  -0.00962109
 0.000663849            0   0.00023436   -0.0292185
  -0.0128868  -0.00023436            0   0.00192013
  0.00962109    0.0292185  -0.00192013            0
Repeater1[0]<--->EndNode1[0]
REAL
    0.47375 -0.00644429 -0.00946575    0.261933
-0.00644429        0.03  -0.0040516 -0.00629718
-0.00946575  -0.0040516        0.04  0.00581377
   0.261933 -0.00629718  0.00581377     0.45625
IMAGINARY
           0   0.00350647  -0.00256082   -0.0289715
 -0.00350647            0    -0.015744   3.2789e-06
  0.00256082     0.015744            0  0.000329849
   0.0289715  -3.2789e-06 -0.000329849            0
Repeater1[0]<--->HoM1[0]
REAL
   0.458445  0.00489402   0.0182824    0.278802
 0.00489402   0.0321716  -0.0026052 -0.00469896
  0.0182824  -0.0026052    0.041555  0.00998308
   0.278802 -0.00469896  0.00998308    0.467828
IMAGINARY
           0    0.0128868 -0.000663849  -0.00962109
  -0.0128868            0  -0.00023436   0.00192013
 0.000663849   0.00023436            0   -0.0292185
  0.00962109  -0.00192013    0.0292185            0
EndNode1[0]<--->Repeater1[0]
REAL
   0.422336 -0.00769324 -0.00544383    0.257865
-0.00769324   0.0539153  0.00786479  -0.0086124
-0.00544383  0.00786479   0.0333761   0.0137173
   0.257865  -0.0086124   0.0137173    0.490372
IMAGINARY
           0   0.00740232    0.0026248  -0.00945782
 -0.00740232            0   0.00687384  -0.00125117
  -0.0026248  -0.00687384            0 -0.000534188
  0.00945782   0.00125117  0.000534188            0
EndNode2[0]<--->HoM1[0]
REAL
   0.452804  0.00759453 -0.00715896    0.260472
 0.00759453   0.0410397   0.0225835   0.0129356
-0.00715896   0.0225835   0.0246238  -0.0133712
   0.260472   0.0129356  -0.0133712    0.481532
IMAGINARY
          0  0.00289484 -0.00294416   0.0191912
-0.00289484           0   0.0171724   0.0234411
 0.00294416  -0.0171724           0   -0.024634
 -0.0191912  -0.0234411    0.024634           0
Repeater1[0]<--->EndNode1[0]
REAL
   0.422336 -0.00544383 -0.00769324    0.257865
-0.00544383   0.0333761  0.00786479   0.0137173
-0.00769324  0.00786479   0.0539153  -0.0086124
   0.257865   0.0137173  -0.0086124    0.490372
IMAGINARY
           0    0.0026248   0.00740232  -0.00945782
  -0.0026248            0  -0.00687384 -0.000534188
 -0.00740232   0.00687384            0  -0.00125117
  0.00945782  0.000534188   0.00125117            0
Repeater1[0]<--->HoM1[0]
REAL
   0.452804 -0.00715896  0.00759453    0.260472
-0.00715896   0.0246238   0.0225835  -0.0133712
 0.00759453   0.0225835   0.0410397   0.0129356
   0.260472  -0.0133712   0.0129356    0.481532
IMAGINARY
          0 -0.00294416  0.00289484   0.0191912
 0.00294416           0  -0.0171724   -0.024634
-0.00289484   0.0171724           0   0.0234411
 -0.0191912    0.024634  -0.0234411           0
EndNode1[0]<--->Repeater1[0]
REAL
   0.447596 0.000127907 -0.00864227    0.260372
0.000127907   0.0394575   0.0189471   0.0143169
-0.00864227   0.0189471     0.02836 -0.00832463
   0.260372   0.0143169 -0.00832463    0.484587
IMAGINARY
          0  -0.0029759 -0.00232221   0.0149516
  0.0029759           0  0.00400267   0.0181533
 0.00232221 -0.00400267           0 -0.00230114
 -0.0149516  -0.0181533  0.00230114           0
EndNode2[0]<--->HoM1[0]
REAL
    0.456821 -0.000722827   0.00258614     0.265979
-0.000722827    0.0362954    0.0220922    0.0215255
  0.00258614    0.0220922    0.0300375    0.0108751
    0.265979    0.0215255    0.0108751     0.476846
IMAGINARY
          0   0.0120846  0.00104909 -0.00386598
 -0.0120846           0  0.00386598  -0.0132756
-0.00104909 -0.00386598           0 -0.00629309
 0.00386598   0.0132756  0.00629309           0
Repeater1[0]<--->EndNode1[0]
REAL
   0.447596 -0.00864227 0.000127907    0.260372
-0.00864227     0.02836   0.0189471 -0.00832463
0.000127907   0.0189471   0.0394575   0.0143169
   0.260372 -0.00832463   0.0143169    0.484587
IMAGINARY
          0 -0.00232221  -0.0029759   0.0149516
 0.00232221           0 -0.00400267 -0.00230114
  0.0029759  0.00400267           0   0.0181533
 -0.0149516  0.00230114  -0.0181533           0
Repeater1[0]<--->HoM1[0]
REAL
    0.456821   0.00258614 -0.000722827     0.265979
  0.00258614    0.0300375    0.0220922    0.0108751
-0.000722827    0.0220922    0.0362954    0.0215255
    0.265979    0.0108751    0.0215255     0.476846
IMAGINARY
          0  0.00104909   0.0120846 -0.00386598
-0.00104909           0 -0.00386598 -0.00629309
 -0.0120846  0.00386598           0  -0.0132756
 0.00386598  0.00629309   0.0132756           0
EndNode1[0]<--->Repeater1[0]
REAL
   0.490729 -0.00922224  -0.0137844    0.272739
-0.00922224   0.0271941 -0.00108555  0.00984742
 -0.0137844 -0.00108555   0.0383189  -0.0183368
   0.272739  0.00984742  -0.0183368    0.443758
IMAGINARY
           0  -0.00129609   -0.0246731   -0.0158666
  0.00129609            0 -0.000715059     0.012602
   0.0246731  0.000715059            0    0.0260737
   0.0158666    -0.012602   -0.0260737            0
EndNode2[0]<--->HoM1[0]
REAL
    0.47861  0.00254942  -0.0118606    0.274183
 0.00254942   0.0360963 -0.00446287 -0.00340653
 -0.0118606 -0.00446287    0.026738  0.00126737
   0.274183 -0.00340653  0.00126737    0.458556
IMAGINARY
          0  0.00356591    0.003292   0.0152338
-0.00356591           0   0.0217783   0.0045205
  -0.003292  -0.0217783           0  -0.0191909
 -0.0152338  -0.0045205   0.0191909           0
Repeater1[0]<--->EndNode1[0]
REAL
   0.490729  -0.0137844 -0.00922224    0.272739
 -0.0137844   0.0383189 -0.00108555  -0.0183368
-0.00922224 -0.00108555   0.0271941  0.00984742
   0.272739  -0.0183368  0.00984742    0.443758
IMAGINARY
           0   -0.0246731  -0.00129609   -0.0158666
   0.0246731            0  0.000715059    0.0260737
  0.00129609 -0.000715059            0     0.012602
   0.0158666   -0.0260737    -0.012602            0
Repeater1[0]<--->HoM1[0]
REAL
    0.47861  -0.0118606  0.00254942    0.274183
 -0.0118606    0.026738 -0.00446287  0.00126737
 0.00254942 -0.00446287   0.0360963 -0.00340653
   0.274183  0.00126737 -0.00340653    0.458556
IMAGINARY
          0    0.003292  0.00356591   0.0152338
  -0.003292           0  -0.0217783  -0.0191909
-0.00356591   0.0217783           0   0.0045205
 -0.0152338   0.0191909  -0.0045205           0
EndNode1[0]<--->Repeater1[0]
REAL
    0.44337 0.000258025  -0.0162959    0.252565
0.000258025    0.038674   0.0281143   0.0345726
 -0.0162959   0.0281143   0.0276243  0.00496391
   0.252565   0.0345726  0.00496391    0.490331
IMAGINARY
           0 -0.000760175   0.00434382  -0.00516588
 0.000760175            0   -0.0312853    -0.011459
 -0.00434382    0.0312853            0    0.0117563
  0.00516588     0.011459   -0.0117563            0
EndNode2[0]<--->HoM1[0]
REAL
   0.447304 -0.00602921  -0.0275238    0.282061
-0.00602921   0.0477941   0.0105595  0.00589526
 -0.0275238   0.0105595   0.0355392   0.0238409
   0.282061  0.00589526   0.0238409    0.469363
IMAGINARY
          0 -0.00862489  -0.0206033  -0.0210134
 0.00862489           0 -0.00273662   0.0109756
  0.0206033  0.00273662           0    0.033657
  0.0210134  -0.0109756   -0.033657           0
Repeater1[0]<--->EndNode1[0]
REAL
    0.44337  -0.0162959 0.000258025    0.252565
 -0.0162959   0.0276243   0.0281143  0.00496391
0.000258025   0.0281143    0.038674   0.0345726
   0.252565  0.00496391   0.0345726    0.490331
IMAGINARY
           0   0.00434382 -0.000760175  -0.00516588
 -0.00434382            0    0.0312853    0.0117563
 0.000760175   -0.0312853            0    -0.011459
  0.00516588   -0.0117563     0.011459            0
Repeater1[0]<--->HoM1[0]
REAL
   0.447304  -0.0275238 -0.00602921    0.282061
 -0.0275238   0.0355392   0.0105595   0.0238409
-0.00602921   0.0105595   0.0477941  0.00589526
   0.282061   0.0238409  0.00589526    0.469363
IMAGINARY
          0  -0.0206033 -0.00862489  -0.0210134
  0.0206033           0  0.00273662    0.033657
 0.00862489 -0.00273662           0   0.0109756
  0.0210134   -0.033657  -0.0109756           0
EndNode1[0]<--->Repeater1[0]
REAL
    0.43828  -0.0164574    -0.03161    0.247644
 -0.0164574   0.0402219   0.0271552   -0.004583
   -0.03161   0.0271552   0.0485437 -0.00633081
   0.247644   -0.004583 -0.00633081    0.472954
IMAGINARY
          0  -0.0188961   -0.015109  0.00744056
  0.0188961           0  -0.0198784  0.00764627
   0.015109   0.0198784           0  -0.0062057
-0.00744056 -0.00764627   0.0062057           0
EndNode2[0]<--->HoM1[0]
REAL
    0.448454    0.0128057 -0.000715338     0.287953
   0.0128057     0.056701  -0.00152076   0.00699674
-0.000715338  -0.00152076    0.0335052    -0.014062
    0.287953   0.00699674    -0.014062      0.46134
IMAGINARY
          0   0.0171547  0.00755234 -0.00119286
 -0.0171547           0   0.0179887  -0.0030594
-0.00755234  -0.0179887           0 -0.00881067
 0.00119286   0.0030594  0.00881067           0
Repeater1[0]<--->EndNode1[0]
REAL
    0.43828    -0.03161  -0.0164574    0.247644
   -0.03161   0.0485437   0.0271552 -0.00633081
 -0.0164574   0.0271552   0.0402219   -0.004583
   0.247644 -0.00633081   -0.004583    0.472954
IMAGINARY
          0   -0.015109  -0.0188961  0.00744056
   0.015109           0   0.0198784  -0.0062057
  0.0188961  -0.0198784           0  0.00764627
-0.00744056   0.0062057 -0.00764627           0
Repeater1[0]<--->HoM1[0]
REAL
    0.448454 -0.000715338    0.0128057     0.287953
-0.000715338    0.0335052  -0.00152076    -0.014062
   0.0128057  -0.00152076     0.056701   0.00699674
    0.287953    -0.014062   0.00699674      0.46134
IMAGINARY
          0  0.00755234   0.0171547 -0.00119286
-0.00755234           0  -0.0179887 -0.00881067
 -0.0171547   0.0179887           0  -0.0030594
 0.00119286  0.00881067   0.0030594           0
EndNode1[0]<--->Repeater1[0]
REAL
  0.484888 -0.0156151 -0.0245173   0.276301
-0.0156151  0.0381078 -0.0152046 0.00232412
-0.0245173 -0.0152046  0.0367937 -0.0026617
  0.276301 0.00232412 -0.0026617    0.44021
IMAGINARY
           0   0.00159079  -0.00519621  -0.00210458
 -0.00159079            0    0.0163165  -0.00831731
  0.00519621   -0.0163165            0 -0.000947285
  0.00210458   0.00831731  0.000947285            0
EndNode2[0]<--->HoM1[0]
REAL
   0.516939  -0.0375646  -0.0106178    0.287525
 -0.0375646   0.0451694 -0.00860436   0.0106178
 -0.0106178 -0.00860436   0.0200753   0.0118577
   0.287525   0.0106178   0.0118577    0.417817
IMAGINARY
          0   0.0134716 -0.00962947  0.00727962
 -0.0134716           0 -0.00983064  0.00253269
 0.00962947  0.00983064           0 -0.00637479
-0.00727962 -0.00253269  0.00637479           0
Repeater1[0]<--->EndNode1[0]
REAL
  0.484888 -0.0245173 -0.0156151   0.276301
-0.0245173  0.0367937 -0.0152046 -0.0026617
-0.0156151 -0.0152046  0.0381078 0.00232412
  0.276301 -0.0026617 0.00232412    0.44021
IMAGINARY
           0  -0.00519621   0.00159079  -0.00210458
  0.00519621            0   -0.0163165 -0.000947285
 -0.00159079    0.0163165            0  -0.00831731
  0.00210458  0.000947285   0.00831731            0
Repeater1[0]<--->HoM1[0]
REAL
   0.516939  -0.0106178  -0.0375646    0.287525
 -0.0106178   0.0200753 -0.00860436   0.0118577
 -0.0375646 -0.00860436   0.0451694   0.0106178
   0.287525   0.0118577   0.0106178    0.417817
IMAGINARY
          0 -0.00962947   0.0134716  0.00727962
 0.00962947           0  0.00983064 -0.00637479
 -0.0134716 -0.00983064           0  0.00253269
-0.00727962  0.00637479 -0.00253269           0
EndNode1[0]<--->Repeater1[0]
REAL
  0.481061  0.0257764 0.00724892   0.271474
 0.0257764  0.0416667 0.00931134 -0.0106319
0.00724892 0.00931134  0.0378788 0.00602332
  0.271474 -0.0106319 0.00602332   0.439394
IMAGINARY
          0  -0.0187086   0.0089722 -0.00192961
  0.0187086           0 -0.00895387  0.00183861
 -0.0089722  0.00895387           0    0.024114
 0.00192961 -0.00183861   -0.024114           0
EndNode2[0]<--->HoM1[0]
REAL
  0.468983 0.00440596 -0.0100819   0.259565
0.00440596  0.0124069 0.00693294 0.00246766
-0.0100819 0.00693294  0.0496278   0.028589
  0.259565 0.00246766   0.028589   0.468983
IMAGINARY
          0 -0.00395084  0.00720114 -0.00232648
 0.00395084           0 -0.00493744  0.00332517
-0.00720114  0.00493744           0 -0.00131232
 0.00232648 -0.00332517  0.00131232           0
Repeater1[0]<--->EndNode1[0]
REAL
  0.481061 0.00724892  0.0257764   0.271474
0.00724892  0.0378788 0.00931134 0.00602332
 0.0257764 0.00931134  0.0416667 -0.0106319
  0.271474 0.00602332 -0.0106319   0.439394
IMAGINARY
          0   0.0089722  -0.0187086 -0.00192961
 -0.0089722           0  0.00895387    0.024114
  0.0187086 -0.00895387           0  0.00183861
 0.00192961   -0.024114 -0.00183861           0
Repeater1[0]<--->HoM1[0]
REAL
  0.468983 -0.0100819 0.00440596   0.259565
-0.0100819  0.0496278 0.00693294   0.028589
0.00440596 0.00693294  0.0124069 0.00246766
  0.259565   0.028589 0.00246766   0.468983
IMAGINARY
          0  0.00720114 -0.00395084 -0.00232648
-0.00720114           0  0.00493744 -0.00131232
 0.00395084 -0.00493744           0  0.00332517
 0.00232648  0.00131232 -0.00332517           0
EndNode1[0]<--->Repeater1[0]
REAL
    0.439147    0.0131872 -0.000954596     0.270008
   0.0131872    0.0464241   -0.0037243   0.00414744
-0.000954596   -0.0037243    0.0301129  -0.00360866
    0.270008   0.00414744  -0.00360866     0.484316
IMAGINARY
           0    0.0117095   -0.0243976  -0.00383629
  -0.0117095            0  -0.00574226 -0.000960054
   0.0243976   0.00574226            0    0.0110473
  0.00383629  0.000960054   -0.0110473            0
EndNode2[0]<--->HoM1[0]
REAL
  0.437811 -0.0313038 0.00305862   0.269861
-0.0313038  0.0497512 0.00732767 -0.0163212
0.00305862 0.00732767  0.0323383 0.00477864
  0.269861 -0.0163212 0.00477864     0.4801
IMAGINARY
           0   0.00189394   0.00595991  0.000711929
 -0.00189394            0  -0.00546091    0.0204253
 -0.00595991   0.00546091            0  -0.00189394
-0.000711929   -0.0204253   0.00189394            0
Repeater1[0]<--->EndNode1[0]
REAL
    0.439147 -0.000954596    0.0131872     0.270008
-0.000954596    0.0301129   -0.0037243  -0.00360866
   0.0131872   -0.0037243    0.0464241   0.00414744
    0.270008  -0.00360866   0.00414744     0.484316
IMAGINARY
           0   -0.0243976    0.0117095  -0.00383629
   0.0243976            0   0.00574226    0.0110473
  -0.0117095  -0.00574226            0 -0.000960054
  0.00383629   -0.0110473  0.000960054            0
Repeater1[0]<--->HoM1[0]
REAL
  0.437811 0.00305862 -0.0313038   0.269861
0.00305862  0.0323383 0.00732767 0.00477864
-0.0313038 0.00732767  0.0497512 -0.0163212
  0.269861 0.00477864 -0.0163212     0.4801
IMAGINARY
           0   0.00595991   0.00189394  0.000711929
 -0.00595991            0   0.00546091  -0.00189394
 -0.00189394  -0.00546091            0    0.0204253
-0.000711929   0.00189394   -0.0204253            0
EndNode1[0]<--->Repeater1[0]
REAL
   0.432193  0.00623865   0.0067511    0.285281
 0.00623865   0.0430925  0.00601246 0.000291153
  0.0067511  0.00601246   0.0544994 -0.00815926
   0.285281 0.000291153 -0.00815926    0.470215
IMAGINARY
          0  0.00760088 -0.00425346 -0.00586971
-0.00760088           0  0.00454696  -0.0176978
 0.00425346 -0.00454696           0  0.00825277
 0.00586971   0.0176978 -0.00825277           0
EndNode2[0]<--->HoM1[0]
REAL
    0.457908  -0.00440025   -0.0135912     0.272669
 -0.00440025    0.0369898    0.0303613  -0.00408553
  -0.0135912    0.0303613    0.0484694 -0.000650253
    0.272669  -0.00408553 -0.000650253     0.456633
IMAGINARY
          0  0.00405205 -0.00905491  0.00341236
-0.00405205           0   -0.013829  -0.0012015
 0.00905491    0.013829           0   0.0203069
-0.00341236   0.0012015  -0.0203069           0
Repeater1[0]<--->EndNode1[0]
REAL
   0.432193   0.0067511  0.00623865    0.285281
  0.0067511   0.0544994  0.00601246 -0.00815926
 0.00623865  0.00601246   0.0430925 0.000291153
   0.285281 -0.00815926 0.000291153    0.470215
IMAGINARY
          0 -0.00425346  0.00760088 -0.00586971
 0.00425346           0 -0.00454696  0.00825277
-0.00760088  0.00454696           0  -0.0176978
 0.00586971 -0.00825277   0.0176978           0
Repeater1[0]<--->HoM1[0]
REAL
    0.457908   -0.0135912  -0.00440025     0.272669
  -0.0135912    0.0484694    0.0303613 -0.000650253
 -0.00440025    0.0303613    0.0369898  -0.00408553
    0.272669 -0.000650253  -0.00408553     0.456633
IMAGINARY
          0 -0.00905491  0.00405205  0.00341236
 0.00905491           0    0.013829   0.0203069
-0.00405205   -0.013829           0  -0.0012015
-0.00341236  -0.0203069   0.0012015           0
EndNode1[0]<--->Repeater1[0]
REAL
   0.454435 -0.00585505   -0.020197    0.278617
-0.00585505   0.0267315  0.00625921   0.0260641
  -0.020197  0.00625921   0.0328068  -0.0104422
   0.278617   0.0260641  -0.0104422    0.486027
IMAGINARY
           0  -0.00029101   -0.0176152   0.00250548
  0.00029101            0 -0.000623427    0.0189702
   0.0176152  0.000623427            0    0.0097761
 -0.00250548   -0.0189702   -0.0097761            0
EndNode2[0]<--->HoM1[0]
REAL
    0.486807 -0.000824269   -0.0124939     0.279835
-0.000824269    0.0343008  -0.00362008  0.000984934
  -0.0124939  -0.00362008    0.0329815  -0.00684837
    0.279835  0.000984934  -0.00684837      0.44591
IMAGINARY
           0    0.0120024   0.00618998  -0.00827135
  -0.0120024            0   0.00128279 -0.000107252
 -0.00618998  -0.00128279            0   -0.0107858
  0.00827135  0.000107252    0.0107858            0
Repeater1[0]<--->EndNode1[0]
REAL
   0.454435   -0.020197 -0.00585505    0.278617
  -0.020197   0.0328068  0.00625921  -0.0104422
-0.00585505  0.00625921   0.0267315   0.0260641
   0.278617  -0.0104422   0.0260641    0.486027
IMAGINARY
           0   -0.0176152  -0.00029101   0.00250548
   0.0176152            0  0.000623427    0.0097761
  0.00029101 -0.000623427            0    0.0189702
 -0.00250548   -0.0097761   -0.0189702            0
Repeater1[0]<--->HoM1[0]
REAL
    0.486807   -0.0124939 -0.000824269     0.279835
  -0.0124939    0.0329815  -0.00362008  -0.00684837
-0.000824269  -0.00362008    0.0343008  0.000984934
    0.279835  -0.00684837  0.000984934      0.44591
IMAGINARY
           0   0.00618998    0.0120024  -0.00827135
 -0.00618998            0  -0.00128279   -0.0107858
  -0.0120024   0.00128279            0 -0.000107252
  0.00827135    0.0107858  0.000107252            0
EndNode1[0]<--->Repeater1[0]
REAL
   0.453988  0.00226535   0.0131831    0.271484
 0.00226535   0.0331288  -0.0051656 -0.00796117
  0.0131831  -0.0051656   0.0269939    0.012095
   0.271484 -0.00796117    0.012095     0.48589
IMAGINARY
          0 -0.00922597   0.0126343  0.00561432
 0.00922597           0  0.00830973  0.00259413
 -0.0126343 -0.00830973           0  0.00414983
-0.00561432 -0.00259413 -0.00414983           0
EndNode2[0]<--->HoM1[0]
REAL
   0.477573 -0.00872492 -0.00181389    0.282314
-0.00872492   0.0356201  0.00647344  -0.0157872
-0.00181389  0.00647344   0.0422164  0.00416168
   0.282314  -0.0157872  0.00416168    0.444591
IMAGINARY
          0  -0.0108875  0.00359143  0.00130702
  0.0108875           0  0.00194396  -0.0204034
-0.00359143 -0.00194396           0   0.0252088
-0.00130702   0.0204034  -0.0252088           0
Repeater1[0]<--->EndNode1[0]
REAL
   0.453988   0.0131831  0.00226535    0.271484
  0.0131831   0.0269939  -0.0051656    0.012095
 0.00226535  -0.0051656   0.0331288 -0.00796117
   0.271484    0.012095 -0.00796117     0.48589
IMAGINARY
          0   0.0126343 -0.00922597  0.00561432
 -0.0126343           0 -0.00830973  0.00414983
 0.00922597  0.00830973           0  0.00259413
-0.00561432 -0.00414983 -0.00259413           0
Repeater1[0]<--->HoM1[0]
REAL
   0.477573 -0.00181389 -0.00872492    0.282314
-0.00181389   0.0422164  0.00647344  0.00416168
-0.00872492  0.00647344   0.0356201  -0.0157872
   0.282314  0.00416168  -0.0157872    0.444591
IMAGINARY
          0  0.00359143  -0.0108875  0.00130702
-0.00359143           0 -0.00194396   0.0252088
  0.0108875  0.00194396           0  -0.0204034
-0.00130702  -0.0252088   0.0204034           0
EndNode1[0]<--->Repeater1[0]
REAL
    0.484043  -0.00342904 -0.000471069     0.274205
 -0.00342904    0.0319149     0.018942   -0.0249096
-0.000471069     0.018942    0.0359043  -0.00799228
    0.274205   -0.0249096  -0.00799228     0.448138
IMAGINARY
          0  0.00575637  0.00202057   -0.010706
-0.00575637           0   0.0209887   0.0150847
-0.00202057  -0.0209887           0   0.0166121
   0.010706  -0.0150847  -0.0166121           0
EndNode2[0]<--->HoM1[0]
REAL
   0.449153 -0.00603558   0.0208075    0.257052
-0.00603558   0.0460048   0.0142318  0.00524083
  0.0208075   0.0142318   0.0411622 -0.00603558
   0.257052  0.00524083 -0.00603558     0.46368
IMAGINARY
          0 -0.00405994 -0.00885481  -0.0193848
 0.00405994           0 -0.00077122 -0.00289454
 0.00885481  0.00077122           0  0.00928187
  0.0193848  0.00289454 -0.00928187           0
Repeater1[0]<--->EndNode1[0]
REAL
    0.484043 -0.000471069  -0.00342904     0.274205
-0.000471069    0.0359043     0.018942  -0.00799228
 -0.00342904     0.018942    0.0319149   -0.0249096
    0.274205  -0.00799228   -0.0249096     0.448138
IMAGINARY
          0  0.00202057  0.00575637   -0.010706
-0.00202057           0  -0.0209887   0.0166121
-0.00575637   0.0209887           0   0.0150847
   0.010706  -0.0166121  -0.0150847           0
Repeater1[0]<--->HoM1[0]
REAL
   0.449153   0.0208075 -0.00603558    0.257052
  0.0208075   0.0411622   0.0142318 -0.00603558
-0.00603558   0.0142318   0.0460048  0.00524083
   0.257052 -0.00603558  0.00524083     0.46368
IMAGINARY
          0 -0.00885481 -0.00405994  -0.0193848
 0.00885481           0  0.00077122  0.00928187
 0.00405994 -0.00077122           0 -0.00289454
  0.0193848 -0.00928187  0.00289454           0
EndNode1[0]<--->Repeater1[0]
REAL
   0.446092 -0.00720066 -0.00499371    0.292209
-0.00720066   0.0404313     0.01352  0.00561637
-0.00499371     0.01352   0.0336927 -0.00462997
   0.292209  0.00561637 -0.00462997    0.479784
IMAGINARY
          0 -0.00844715  0.00447256   0.0174897
 0.00844715           0 -0.00377398 -0.00857092
-0.00447256  0.00377398           0 -0.00384794
 -0.0174897  0.00857092  0.00384794           0
EndNode2[0]<--->HoM1[0]
REAL
   0.462532 1.97244e-05  -0.0163089    0.273094
1.97244e-05   0.0478036   0.0181433   0.0098656
 -0.0163089   0.0181433   0.0310078  0.00384625
   0.273094   0.0098656  0.00384625    0.458656
IMAGINARY
          0   0.0191389  0.00565958 -0.00667664
 -0.0191389           0   0.0092876  -0.0155606
-0.00565958  -0.0092876           0  -0.0166636
 0.00667664   0.0155606   0.0166636           0
Repeater1[0]<--->EndNode1[0]
REAL
   0.446092 -0.00499371 -0.00720066    0.292209
-0.00499371   0.0336927     0.01352 -0.00462997
-0.00720066     0.01352   0.0404313  0.00561637
   0.292209 -0.00462997  0.00561637    0.479784
IMAGINARY
          0  0.00447256 -0.00844715   0.0174897
-0.00447256           0  0.00377398 -0.00384794
 0.00844715 -0.00377398           0 -0.00857092
 -0.0174897  0.00384794  0.00857092           0
Repeater1[0]<--->HoM1[0]
REAL
   0.462532  -0.0163089 1.97244e-05    0.273094
 -0.0163089   0.0310078   0.0181433  0.00384625
1.97244e-05   0.0181433   0.0478036   0.0098656
   0.273094  0.00384625   0.0098656    0.458656
IMAGINARY
          0  0.00565958   0.0191389 -0.00667664
-0.00565958           0  -0.0092876  -0.0166636
 -0.0191389   0.0092876           0  -0.0155606
 0.00667664   0.0166636   0.0155606           0
EndNode1[0]<--->Repeater1[0]
REAL
   0.473752 0.000586902  0.00298561     0.28358
0.000586902   0.0371319   0.0174607  -0.0101378
 0.00298561   0.0174607   0.0384123 -0.00383788
    0.28358  -0.0101378 -0.00383788    0.450704
IMAGINARY
          0 -0.00915205   0.0120068  0.00346639
 0.00915205           0  -0.0155375  -0.0063178
 -0.0120068   0.0155375           0   0.0123126
-0.00346639   0.0063178  -0.0123126           0
EndNode2[0]<--->HoM1[0]
REAL
   0.466931  -0.0229284 -0.00430127    0.265403
 -0.0229284   0.0304233  -0.0128123 -0.00994744
-0.00430127  -0.0128123   0.0396825 -0.00297831
   0.265403 -0.00994744 -0.00297831    0.462963
IMAGINARY
          0   0.0064324  0.00227682 -0.00316104
 -0.0064324           0  -0.0221966  0.00428486
-0.00227682   0.0221966           0 -0.00905707
 0.00316104 -0.00428486  0.00905707           0
Repeater1[0]<--->EndNode1[0]
REAL
   0.473752  0.00298561 0.000586902     0.28358
 0.00298561   0.0384123   0.0174607 -0.00383788
0.000586902   0.0174607   0.0371319  -0.0101378
    0.28358 -0.00383788  -0.0101378    0.450704
IMAGINARY
          0   0.0120068 -0.00915205  0.00346639
 -0.0120068           0   0.0155375   0.0123126
 0.00915205  -0.0155375           0  -0.0063178
-0.00346639  -0.0123126   0.0063178           0
Repeater1[0]<--->HoM1[0]
REAL
   0.466931 -0.00430127  -0.0229284    0.265403
-0.00430127   0.0396825  -0.0128123 -0.00297831
 -0.0229284  -0.0128123   0.0304233 -0.00994744
   0.265403 -0.00297831 -0.00994744    0.462963
IMAGINARY
          0  0.00227682   0.0064324 -0.00316104
-0.00227682           0   0.0221966 -0.00905707
 -0.0064324  -0.0221966           0  0.00428486
 0.00316104  0.00905707 -0.00428486           0
EndNode1[0]<--->Repeater1[0]
REAL
   0.461929  0.00526305   0.0167207    0.264812
 0.00526305   0.0380711 -0.00234484   0.0108384
  0.0167207 -0.00234484   0.0329949    0.010485
   0.264812   0.0108384    0.010485    0.467005
IMAGINARY
          0  -0.0145843   0.0169757 -0.00678182
  0.0145843           0  -0.0368079   0.0124361
 -0.0169757   0.0368079           0   0.0121333
 0.00678182  -0.0124361  -0.0121333           0
EndNode2[0]<--->HoM1[0]
REAL
   0.444444  -0.0139557  0.00775705    0.285354
 -0.0139557   0.0306513 -0.00540314  -0.0114245
 0.00775705 -0.00540314   0.0344828   0.0176232
   0.285354  -0.0114245   0.0176232    0.490421
IMAGINARY
          0 -0.00386615   0.0132643   0.0214922
 0.00386615           0  0.00731698    0.006633
 -0.0132643 -0.00731698           0 -0.00191048
 -0.0214922   -0.006633  0.00191048           0
Repeater1[0]<--->EndNode1[0]
REAL
   0.461929   0.0167207  0.00526305    0.264812
  0.0167207   0.0329949 -0.00234484    0.010485
 0.00526305 -0.00234484   0.0380711   0.0108384
   0.264812    0.010485   0.0108384    0.467005
IMAGINARY
          0   0.0169757  -0.0145843 -0.00678182
 -0.0169757           0   0.0368079   0.0121333
  0.0145843  -0.0368079           0   0.0124361
 0.00678182  -0.0121333  -0.0124361           0
Repeater1[0]<--->HoM1[0]
REAL
   0.444444  0.00775705  -0.0139557    0.285354
 0.00775705   0.0344828 -0.00540314   0.0176232
 -0.0139557 -0.00540314   0.0306513  -0.0114245
   0.285354   0.0176232  -0.0114245    0.490421
IMAGINARY
          0   0.0132643 -0.00386615   0.0214922
 -0.0132643           0 -0.00731698 -0.00191048
 0.00386615  0.00731698           0    0.006633
 -0.0214922  0.00191048   -0.006633           0
EndNode1[0]<--->Repeater1[0]
REAL
   0.489172 -0.00775974  0.00489163    0.278677
-0.00775974   0.0369427 -0.00964445 -0.00682712
 0.00489163 -0.00964445   0.0356688 -0.00578865
   0.278677 -0.00682712 -0.00578865    0.438217
IMAGINARY
          0  0.00470687   0.0208039  0.00336313
-0.00470687           0   0.0117502  -0.0171542
 -0.0208039  -0.0117502           0  0.00867512
-0.00336313   0.0171542 -0.00867512           0
EndNode2[0]<--->HoM1[0]
REAL
   0.455979  -0.0188495 -0.00734982    0.277921
 -0.0188495   0.0315375 0.000567713  -0.0086553
-0.00734982 0.000567713   0.0275953  -0.0240443
   0.277921  -0.0086553  -0.0240443    0.484888
IMAGINARY
           0  -0.00805849    0.0131073  0.000512783
  0.00805849            0   0.00528768   -0.0143796
  -0.0131073  -0.00528768            0     0.010603
-0.000512783    0.0143796    -0.010603            0
Repeater1[0]<--->EndNode1[0]
REAL
   0.489172  0.00489163 -0.00775974    0.278677
 0.00489163   0.0356688 -0.00964445 -0.00578865
-0.00775974 -0.00964445   0.0369427 -0.00682712
   0.278677 -0.00578865 -0.00682712    0.438217
IMAGINARY
          0   0.0208039  0.00470687  0.00336313
 -0.0208039           0  -0.0117502  0.00867512
-0.00470687   0.0117502           0  -0.0171542
-0.00336313 -0.00867512   0.0171542           0
Repeater1[0]<--->HoM1[0]
REAL
   0.455979 -0.00734982  -0.0188495    0.277921
-0.00734982   0.0275953 0.000567713  -0.0240443
 -0.0188495 0.000567713   0.0315375  -0.0086553
   0.277921  -0.0240443  -0.0086553    0.484888
IMAGINARY
           0    0.0131073  -0.00805849  0.000512783
  -0.0131073            0  -0.00528768     0.010603
  0.00805849   0.00528768            0   -0.0143796
-0.000512783    -0.010603    0.0143796            0
EndNode1[0]<--->Repeater1[0]
REAL
   0.45568  0.0159177  0.0164282   0.281493
 0.0159177  0.0324594  0.0107152 0.00305236
 0.0164282  0.0107152  0.0461923  0.0165498
  0.281493 0.00305236  0.0165498   0.465668
IMAGINARY
           0    0.0262032  0.000226063   -0.0229078
  -0.0262032            0   0.00434187   -0.0122904
-0.000226063  -0.00434187            0  -0.00207447
   0.0229078    0.0122904   0.00207447            0
EndNode2[0]<--->HoM1[0]
REAL
   0.464501 -0.00633111 -0.00756951     0.25468
-0.00633111   0.0361011  0.00633516  0.00423173
-0.00756951  0.00633516   0.0361011  0.00966889
    0.25468  0.00423173  0.00966889    0.463297
IMAGINARY
           0   0.00332496  -0.00130811     0.013637
 -0.00332496            0  0.000429474   0.00859288
  0.00130811 -0.000429474            0    0.0026353
   -0.013637  -0.00859288   -0.0026353            0
Repeater1[0]<--->EndNode1[0]
REAL
   0.45568  0.0164282  0.0159177   0.281493
 0.0164282  0.0461923  0.0107152  0.0165498
 0.0159177  0.0107152  0.0324594 0.00305236
  0.281493  0.0165498 0.00305236   0.465668
IMAGINARY
           0  0.000226063    0.0262032   -0.0229078
-0.000226063            0  -0.00434187  -0.00207447
  -0.0262032   0.00434187            0   -0.0122904
   0.0229078   0.00207447    0.0122904            0
Repeater1[0]<--->HoM1[0]
REAL
   0.464501 -0.00756951 -0.00633111     0.25468
-0.00756951   0.0361011  0.00633516  0.00966889
-0.00633111  0.00633516   0.0361011  0.00423173
    0.25468  0.00966889  0.00423173    0.463297
IMAGINARY
           0  -0.00130811   0.00332496     0.013637
  0.00130811            0 -0.000429474    0.0026353
 -0.00332496  0.000429474            0   0.00859288
   -0.013637   -0.0026353  -0.00859288            0
EndNode1[0]<--->Repeater1[0]
REAL
   0.475159  0.00175583 -0.00393751    0.270238
 0.00175583   0.0369427  0.00387059 -0.00200701
-0.00393751  0.00387059   0.0305732 -0.00637934
   0.270238 -0.00200701 -0.00637934    0.457325
IMAGINARY
          0  0.00328247  0.00100534   0.0102348
-0.00328247           0  -0.0226207 -0.00164718
