EndNode1[0]<--->Repeater1[0]
REAL
    0.381258    0.0115675 -0.000709904     0.324369
   0.0115675     0.116816    0.0773809    0.0229172
-0.000709904    0.0773809     0.120668  -0.00685688
    0.324369    0.0229172  -0.00685688     0.381258
IMAGINARY
          0 -0.00669159 -0.00294864  0.00346193
 0.00669159           0 -0.00411382  -0.0187381
 0.00294864  0.00411382           0  0.00187231
-0.00346193   0.0187381 -0.00187231           0
EndNode2[0]<--->HoM1[0]
REAL
  0.380826 0.00295651  0.0220209   0.333776
0.00295651   0.118509  0.0881187 -0.0124179
 0.0220209  0.0881187   0.131824 0.00536615
  0.333776 -0.0124179 0.00536615   0.368842
IMAGINARY
           0    0.0126429    0.0059586 -0.000292508
  -0.0126429            0   -0.0103176  -0.00719929
  -0.0059586    0.0103176            0   0.00720817
 0.000292508   0.00719929  -0.00720817            0
Repeater1[0]<--->EndNode1[0]
REAL
    0.381258 -0.000709904    0.0115675     0.324369
-0.000709904     0.120668    0.0773809  -0.00685688
   0.0115675    0.0773809     0.116816    0.0229172
    0.324369  -0.00685688    0.0229172     0.381258
IMAGINARY
          0 -0.00294864 -0.00669159  0.00346193
 0.00294864           0  0.00411382  0.00187231
 0.00669159 -0.00411382           0  -0.0187381
-0.00346193 -0.00187231   0.0187381           0
Repeater1[0]<--->HoM1[0]
REAL
  0.380826  0.0220209 0.00295651   0.333776
 0.0220209   0.131824  0.0881187 0.00536615
0.00295651  0.0881187   0.118509 -0.0124179
  0.333776 0.00536615 -0.0124179   0.368842
IMAGINARY
           0    0.0059586    0.0126429 -0.000292508
  -0.0059586            0    0.0103176   0.00720817
  -0.0126429   -0.0103176            0  -0.00719929
 0.000292508  -0.00720817   0.00719929            0
EndNode1[0]<--->Repeater1[0]
REAL
    0.386243  -0.00596242 -0.000871062     0.330802
 -0.00596242     0.112434    0.0865532    0.0132678
-0.000871062    0.0865532     0.146825 -0.000924634
    0.330802    0.0132678 -0.000924634     0.354497
IMAGINARY
          0   0.0199493  -0.0176139  0.00344553
 -0.0199493           0 -0.00516374  0.00205235
  0.0176139  0.00516374           0  0.00508448
-0.00344553 -0.00205235 -0.00508448           0
EndNode2[0]<--->HoM1[0]
REAL
    0.3657 -0.0130814  0.0143759   0.332531
-0.0130814   0.123581   0.105989 -0.0200221
 0.0143759   0.105989   0.124842 0.00367114
  0.332531 -0.0200221 0.00367114   0.385876
IMAGINARY
          0   0.0126274   -0.010769 -0.00191327
 -0.0126274           0 -0.00191327  -0.0133597
   0.010769  0.00191327           0  0.00882031
 0.00191327   0.0133597 -0.00882031           0
Repeater1[0]<--->EndNode1[0]
REAL
    0.386243 -0.000871062  -0.00596242     0.330802
-0.000871062     0.146825    0.0865532 -0.000924634
 -0.00596242    0.0865532     0.112434    0.0132678
    0.330802 -0.000924634    0.0132678     0.354497
IMAGINARY
          0  -0.0176139   0.0199493  0.00344553
  0.0176139           0  0.00516374  0.00508448
 -0.0199493 -0.00516374           0  0.00205235
-0.00344553 -0.00508448 -0.00205235           0
Repeater1[0]<--->HoM1[0]
REAL
    0.3657  0.0143759 -0.0130814   0.332531
 0.0143759   0.124842   0.105989 0.00367114
-0.0130814   0.105989   0.123581 -0.0200221
  0.332531 0.00367114 -0.0200221   0.385876
IMAGINARY
          0   -0.010769   0.0126274 -0.00191327
   0.010769           0  0.00191327  0.00882031
 -0.0126274 -0.00191327           0  -0.0133597
 0.00191327 -0.00882031   0.0133597           0
EndNode1[0]<--->Repeater1[0]
REAL
   0.364964 0.000987012  0.00653717    0.322161
0.000987012    0.128954   0.0835716 0.000469204
 0.00653717   0.0835716    0.119221 -0.00162395
   0.322161 0.000469204 -0.00162395    0.386861
IMAGINARY
           0    0.0237841 -0.000315695   -0.0160497
  -0.0237841            0    0.0118362   -0.0211228
 0.000315695   -0.0118362            0    0.0101025
   0.0160497    0.0211228   -0.0101025            0
EndNode2[0]<--->HoM1[0]
REAL
   0.372549  -0.0243806 -0.00906476    0.348854
 -0.0243806    0.124183   0.0975516  -0.0190398
-0.00906476   0.0975516    0.121569 -0.00241678
   0.348854  -0.0190398 -0.00241678    0.381699
IMAGINARY
          0  -0.0135948   0.0136427  0.00546887
  0.0135948           0   0.0190157 -0.00192394
 -0.0136427  -0.0190157           0 -0.00203019
-0.00546887  0.00192394  0.00203019           0
Repeater1[0]<--->EndNode1[0]
REAL
   0.364964  0.00653717 0.000987012    0.322161
 0.00653717    0.119221   0.0835716 -0.00162395
0.000987012   0.0835716    0.128954 0.000469204
   0.322161 -0.00162395 0.000469204    0.386861
IMAGINARY
           0 -0.000315695    0.0237841   -0.0160497
 0.000315695            0   -0.0118362    0.0101025
  -0.0237841    0.0118362            0   -0.0211228
   0.0160497   -0.0101025    0.0211228            0
Repeater1[0]<--->HoM1[0]
REAL
   0.372549 -0.00906476  -0.0243806    0.348854
-0.00906476    0.121569   0.0975516 -0.00241678
 -0.0243806   0.0975516    0.124183  -0.0190398
   0.348854 -0.00241678  -0.0190398    0.381699
IMAGINARY
          0   0.0136427  -0.0135948  0.00546887
 -0.0136427           0  -0.0190157 -0.00203019
  0.0135948   0.0190157           0 -0.00192394
-0.00546887  0.00203019  0.00192394           0
EndNode1[0]<--->Repeater1[0]
REAL
   0.351634  -0.0129355  -0.0234506    0.341642
 -0.0129355    0.132026   0.0887462 -0.00131516
 -0.0234506   0.0887462    0.142484 -0.00647551
   0.341642 -0.00131516 -0.00647551    0.373856
IMAGINARY
         0 -0.0028314  0.0199411  -0.010779
 0.0028314          0  0.0202384  0.0180254
-0.0199411 -0.0202384          0 -0.0171171
  0.010779 -0.0180254  0.0171171          0
EndNode2[0]<--->HoM1[0]
REAL
  0.364078 -0.0234401 -0.0123766   0.318477
-0.0234401   0.133495    0.10711 0.00715466
-0.0123766    0.10711   0.103155  0.0221346
  0.318477 0.00715466  0.0221346   0.399272
IMAGINARY
          0  -0.0429104   0.0192348   0.0112242
  0.0429104           0  0.00028472  -0.0134877
 -0.0192348 -0.00028472           0  0.00651193
 -0.0112242   0.0134877 -0.00651193           0
Repeater1[0]<--->EndNode1[0]
REAL
   0.351634  -0.0234506  -0.0129355    0.341642
 -0.0234506    0.142484   0.0887462 -0.00647551
 -0.0129355   0.0887462    0.132026 -0.00131516
   0.341642 -0.00647551 -0.00131516    0.373856
IMAGINARY
         0  0.0199411 -0.0028314  -0.010779
-0.0199411          0 -0.0202384 -0.0171171
 0.0028314  0.0202384          0  0.0180254
  0.010779  0.0171171 -0.0180254          0
Repeater1[0]<--->HoM1[0]
REAL
  0.364078 -0.0123766 -0.0234401   0.318477
-0.0123766   0.103155    0.10711  0.0221346
-0.0234401    0.10711   0.133495 0.00715466
  0.318477  0.0221346 0.00715466   0.399272
IMAGINARY
          0   0.0192348  -0.0429104   0.0112242
 -0.0192348           0 -0.00028472  0.00651193
  0.0429104  0.00028472           0  -0.0134877
 -0.0112242 -0.00651193   0.0134877           0
EndNode1[0]<--->Repeater1[0]
REAL
  0.390428  -0.011953 -0.0129291   0.326981
 -0.011953   0.132242   0.108834  0.0110036
-0.0129291   0.108834   0.138539  0.0125948
  0.326981  0.0110036  0.0125948   0.338791
IMAGINARY
          0 -0.00615126   0.0183542 -0.00485629
 0.00615126           0   0.0161628   0.0170384
 -0.0183542  -0.0161628           0 -0.00221425
 0.00485629  -0.0170384  0.00221425           0
EndNode2[0]<--->HoM1[0]
REAL
   0.376101   0.0161451 -0.00229358    0.327052
  0.0161451    0.125786   0.0838262 -0.00229358
-0.00229358   0.0838262    0.133333  0.00548009
   0.327052 -0.00229358  0.00548009     0.36478
IMAGINARY
          0  0.00690627 -0.00367777  -0.0139671
-0.00690627           0 -0.00436408  0.00174229
 0.00367777  0.00436408           0 -0.00884176
  0.0139671 -0.00174229  0.00884176           0
Repeater1[0]<--->EndNode1[0]
REAL
  0.390428 -0.0129291  -0.011953   0.326981
-0.0129291   0.138539   0.108834  0.0125948
 -0.011953   0.108834   0.132242  0.0110036
  0.326981  0.0125948  0.0110036   0.338791
IMAGINARY
          0   0.0183542 -0.00615126 -0.00485629
 -0.0183542           0  -0.0161628 -0.00221425
 0.00615126   0.0161628           0   0.0170384
 0.00485629  0.00221425  -0.0170384           0
Repeater1[0]<--->HoM1[0]
REAL
   0.376101 -0.00229358   0.0161451    0.327052
-0.00229358    0.133333   0.0838262  0.00548009
  0.0161451   0.0838262    0.125786 -0.00229358
   0.327052  0.00548009 -0.00229358     0.36478
IMAGINARY
          0 -0.00367777  0.00690627  -0.0139671
 0.00367777           0  0.00436408 -0.00884176
-0.00690627 -0.00436408           0  0.00174229
  0.0139671  0.00884176 -0.00174229           0
EndNode1[0]<--->Repeater1[0]
REAL
   0.362092  0.00815626  0.00926989     0.33817
 0.00815626    0.124183   0.0893662  -0.0165163
 0.00926989   0.0893662    0.142484 -0.00881502
    0.33817  -0.0165163 -0.00881502    0.371242
IMAGINARY
          0 -0.00394113   0.0224645  0.00813959
 0.00394113           0  -0.0159804   0.0134206
 -0.0224645   0.0159804           0 -0.00323591
-0.00813959  -0.0134206  0.00323591           0
EndNode2[0]<--->HoM1[0]
REAL
   0.395225 -0.00884895 -0.00942381    0.322057
-0.00884895    0.112732   0.0860573   -0.004896
-0.00942381   0.0860573    0.124668  -0.0138241
   0.322057   -0.004896  -0.0138241    0.367374
IMAGINARY
          0  -0.0200452 -0.00408333 -0.00207007
  0.0200452           0   0.0131198  -0.0265833
 0.00408333  -0.0131198           0  0.00537853
 0.00207007   0.0265833 -0.00537853           0
Repeater1[0]<--->EndNode1[0]
REAL
   0.362092  0.00926989  0.00815626     0.33817
 0.00926989    0.142484   0.0893662 -0.00881502
 0.00815626   0.0893662    0.124183  -0.0165163
    0.33817 -0.00881502  -0.0165163    0.371242
IMAGINARY
          0   0.0224645 -0.00394113  0.00813959
 -0.0224645           0   0.0159804 -0.00323591
 0.00394113  -0.0159804           0   0.0134206
-0.00813959  0.00323591  -0.0134206           0
Repeater1[0]<--->HoM1[0]
REAL
   0.395225 -0.00942381 -0.00884895    0.322057
-0.00942381    0.124668   0.0860573  -0.0138241
-0.00884895   0.0860573    0.112732   -0.004896
   0.322057  -0.0138241   -0.004896    0.367374
IMAGINARY
          0 -0.00408333  -0.0200452 -0.00207007
 0.00408333           0  -0.0131198  0.00537853
  0.0200452   0.0131198           0  -0.0265833
 0.00207007 -0.00537853   0.0265833           0
EndNode1[0]<--->Repeater1[0]
REAL
   0.407455 -0.00685167 -0.00374207    0.329287
-0.00685167    0.125964   0.0950303  0.00498276
-0.00374207   0.0950303    0.106684  0.00437028
   0.329287  0.00498276  0.00437028    0.359897
IMAGINARY
           0   -0.0228048  -0.00095772   -0.0116487
   0.0228048            0 -0.000737247    0.0059955
  0.00095772  0.000737247            0  -0.00112463
   0.0116487   -0.0059955   0.00112463            0
EndNode2[0]<--->HoM1[0]
REAL
  0.367554 0.00209595 -0.0036169   0.332045
0.00209595   0.126743   0.101622 -0.0157823
-0.0036169   0.101622   0.119138 -0.0152374
  0.332045 -0.0157823 -0.0152374   0.386565
IMAGINARY
          0  -0.0115888   0.0158999   0.0105953
  0.0115888           0  0.00334892  -0.0229602
 -0.0158999 -0.00334892           0   0.0160817
 -0.0105953   0.0229602  -0.0160817           0
Repeater1[0]<--->EndNode1[0]
REAL
   0.407455 -0.00374207 -0.00685167    0.329287
-0.00374207    0.106684   0.0950303  0.00437028
-0.00685167   0.0950303    0.125964  0.00498276
   0.329287  0.00437028  0.00498276    0.359897
IMAGINARY
           0  -0.00095772   -0.0228048   -0.0116487
  0.00095772            0  0.000737247  -0.00112463
   0.0228048 -0.000737247            0    0.0059955
   0.0116487   0.00112463   -0.0059955            0
Repeater1[0]<--->HoM1[0]
REAL
  0.367554 -0.0036169 0.00209595   0.332045
-0.0036169   0.119138   0.101622 -0.0152374
0.00209595   0.101622   0.126743 -0.0157823
  0.332045 -0.0152374 -0.0157823   0.386565
IMAGINARY
          0   0.0158999  -0.0115888   0.0105953
 -0.0158999           0 -0.00334892   0.0160817
  0.0115888  0.00334892           0  -0.0229602
 -0.0105953  -0.0160817   0.0229602           0
EndNode1[0]<--->Repeater1[0]
REAL
  0.356021 0.00625746  -0.026133   0.339464
0.00625746   0.143979  0.0805357   0.030133
 -0.026133  0.0805357   0.136126 -0.0129241
  0.339464   0.030133 -0.0129241   0.363874
IMAGINARY
          0  -0.0162935  0.00960321   0.0174073
  0.0162935           0  -0.0128559  -0.0108787
-0.00960321   0.0128559           0 -0.00666573
 -0.0174073   0.0108787  0.00666573           0
EndNode2[0]<--->HoM1[0]
REAL
  0.360335  0.0110775 0.00370698   0.318038
 0.0110775   0.125698  0.0921497 0.00433591
0.00370698  0.0921497   0.148045 -0.0177799
  0.318038 0.00433591 -0.0177799   0.365922
IMAGINARY
           0  -0.00541557  -0.00126266   -0.0100133
  0.00541557            0    0.0166446 -6.37706e-06
  0.00126266   -0.0166446            0    0.0295272
   0.0100133  6.37706e-06   -0.0295272            0
Repeater1[0]<--->EndNode1[0]
REAL
  0.356021  -0.026133 0.00625746   0.339464
 -0.026133   0.136126  0.0805357 -0.0129241
0.00625746  0.0805357   0.143979   0.030133
  0.339464 -0.0129241   0.030133   0.363874
IMAGINARY
          0  0.00960321  -0.0162935   0.0174073
-0.00960321           0   0.0128559 -0.00666573
  0.0162935  -0.0128559           0  -0.0108787
 -0.0174073  0.00666573   0.0108787           0
Repeater1[0]<--->HoM1[0]
REAL
  0.360335 0.00370698  0.0110775   0.318038
0.00370698   0.148045  0.0921497 -0.0177799
 0.0110775  0.0921497   0.125698 0.00433591
  0.318038 -0.0177799 0.00433591   0.365922
IMAGINARY
           0  -0.00126266  -0.00541557   -0.0100133
  0.00126266            0   -0.0166446    0.0295272
  0.00541557    0.0166446            0 -6.37706e-06
   0.0100133   -0.0295272  6.37706e-06            0
EndNode1[0]<--->Repeater1[0]
REAL
   0.371184   0.0199029   0.0190484    0.323443
  0.0199029    0.112332   0.0892997 -0.00935315
  0.0190484   0.0892997    0.140415  -0.0254431
   0.323443 -0.00935315  -0.0254431    0.376068
IMAGINARY
           0   -1.648e-05   -0.0187479    0.0104276
   1.648e-05            0    0.0153176  0.000529242
   0.0187479   -0.0153176            0   0.00608935
  -0.0104276 -0.000529242  -0.00608935            0
EndNode2[0]<--->HoM1[0]
REAL
  0.394567 -0.0089008  0.0160841   0.346861
-0.0089008   0.131953  0.0736516  0.0134031
 0.0160841  0.0736516   0.124191   0.038388
  0.346861  0.0134031   0.038388   0.349288
IMAGINARY
          0   0.0131908 -0.00153981  0.00473277
 -0.0131908           0  0.00786168   0.0121499
 0.00153981 -0.00786168           0   -0.014517
-0.00473277  -0.0121499    0.014517           0
Repeater1[0]<--->EndNode1[0]
REAL
   0.371184   0.0190484   0.0199029    0.323443
  0.0190484    0.140415   0.0892997  -0.0254431
  0.0199029   0.0892997    0.112332 -0.00935315
   0.323443  -0.0254431 -0.00935315    0.376068
IMAGINARY
           0   -0.0187479   -1.648e-05    0.0104276
   0.0187479            0   -0.0153176   0.00608935
   1.648e-05    0.0153176            0  0.000529242
  -0.0104276  -0.00608935 -0.000529242            0
Repeater1[0]<--->HoM1[0]
REAL
  0.394567  0.0160841 -0.0089008   0.346861
 0.0160841   0.124191  0.0736516   0.038388
-0.0089008  0.0736516   0.131953  0.0134031
  0.346861   0.038388  0.0134031   0.349288
IMAGINARY
          0 -0.00153981   0.0131908  0.00473277
 0.00153981           0 -0.00786168   -0.014517
 -0.0131908  0.00786168           0   0.0121499
-0.00473277    0.014517  -0.0121499           0
EndNode1[0]<--->Repeater1[0]
REAL
   0.362708 -0.00686762 -0.00842379    0.340132
-0.00686762    0.130268   0.0929338  0.00373838
-0.00842379   0.0929338    0.122605  -0.0112047
   0.340132  0.00373838  -0.0112047    0.384419
IMAGINARY
          0   0.0144981 -0.00601855  -0.0115981
 -0.0144981           0  0.00687478  -0.0132841
 0.00601855 -0.00687478           0  -0.0163661
  0.0115981   0.0132841   0.0163661           0
EndNode2[0]<--->HoM1[0]
REAL
  0.363151  0.0113872 -0.0112167   0.344805
 0.0113872   0.116155  0.0688552  0.0228147
-0.0112167  0.0688552   0.132176 -0.0216965
  0.344805  0.0228147 -0.0216965   0.388518
IMAGINARY
           0   -0.0168839    0.0202367   -0.0123278
   0.0168839            0  -0.00782331    0.0215354
  -0.0202367   0.00782331            0 -0.000837653
   0.0123278   -0.0215354  0.000837653            0
Repeater1[0]<--->EndNode1[0]
REAL
   0.362708 -0.00842379 -0.00686762    0.340132
-0.00842379    0.122605   0.0929338  -0.0112047
-0.00686762   0.0929338    0.130268  0.00373838
   0.340132  -0.0112047  0.00373838    0.384419
IMAGINARY
          0 -0.00601855   0.0144981  -0.0115981
 0.00601855           0 -0.00687478  -0.0163661
 -0.0144981  0.00687478           0  -0.0132841
  0.0115981   0.0163661   0.0132841           0
Repeater1[0]<--->HoM1[0]
REAL
  0.363151 -0.0112167  0.0113872   0.344805
-0.0112167   0.132176  0.0688552 -0.0216965
 0.0113872  0.0688552   0.116155  0.0228147
  0.344805 -0.0216965  0.0228147   0.388518
IMAGINARY
           0    0.0202367   -0.0168839   -0.0123278
  -0.0202367            0   0.00782331 -0.000837653
   0.0168839  -0.00782331            0    0.0215354
   0.0123278  0.000837653   -0.0215354            0
EndNode1[0]<--->Repeater1[0]
REAL
    0.385013   -0.0146899   0.00230934     0.334054
  -0.0146899    0.0981912    0.0964481 -0.000378835
  0.00230934    0.0964481     0.138243    0.0217684
    0.334054 -0.000378835    0.0217684     0.378553
IMAGINARY
          0 -0.00114835   0.0139018   0.0216469
 0.00114835           0  -0.0143428  0.00242224
 -0.0139018   0.0143428           0   -0.004293
 -0.0216469 -0.00242224    0.004293           0
EndNode2[0]<--->HoM1[0]
REAL
   0.366879  0.00925125   0.0217044    0.334239
 0.00925125    0.132484   0.0851988 -0.00124409
  0.0217044   0.0851988    0.113376  0.00481525
   0.334239 -0.00124409  0.00481525    0.387261
IMAGINARY
           0   0.00237183  0.000383615  -0.00448324
 -0.00237183            0   -0.0215831  -0.00358464
-0.000383615    0.0215831            0  -0.00685326
  0.00448324   0.00358464   0.00685326            0
Repeater1[0]<--->EndNode1[0]
REAL
    0.385013   0.00230934   -0.0146899     0.334054
  0.00230934     0.138243    0.0964481    0.0217684
  -0.0146899    0.0964481    0.0981912 -0.000378835
    0.334054    0.0217684 -0.000378835     0.378553
IMAGINARY
          0   0.0139018 -0.00114835   0.0216469
 -0.0139018           0   0.0143428   -0.004293
 0.00114835  -0.0143428           0  0.00242224
 -0.0216469    0.004293 -0.00242224           0
Repeater1[0]<--->HoM1[0]
REAL
   0.366879   0.0217044  0.00925125    0.334239
  0.0217044    0.113376   0.0851988  0.00481525
 0.00925125   0.0851988    0.132484 -0.00124409
   0.334239  0.00481525 -0.00124409    0.387261
IMAGINARY
           0  0.000383615   0.00237183  -0.00448324
-0.000383615            0    0.0215831  -0.00685326
 -0.00237183   -0.0215831            0  -0.00358464
  0.00448324   0.00685326   0.00358464            0
EndNode1[0]<--->Repeater1[0]
REAL
   0.385542   0.0222825   0.0125118    0.320763
  0.0222825    0.133869   0.0970623 0.000762495
  0.0125118   0.0970623     0.11245 -0.00268705
   0.320763 0.000762495 -0.00268705    0.368139
IMAGINARY
          0   0.0271314  -0.0169029   0.0170067
 -0.0271314           0  0.00294016 -0.00781196
  0.0169029 -0.00294016           0  -0.0176257
 -0.0170067  0.00781196   0.0176257           0
EndNode2[0]<--->HoM1[0]
REAL
      0.372 -0.00541176   0.0024289     0.32226
-0.00541176       0.136   0.0816588 -0.00938212
  0.0024289   0.0816588       0.124  -0.0141837
    0.32226 -0.00938212  -0.0141837       0.368
IMAGINARY
          0  0.00719251   -0.011469  0.00448887
-0.00719251           0  0.00516364   0.0189878
   0.011469 -0.00516364           0   0.0141107
-0.00448887  -0.0189878  -0.0141107           0
Repeater1[0]<--->EndNode1[0]
REAL
   0.385542   0.0125118   0.0222825    0.320763
  0.0125118     0.11245   0.0970623 -0.00268705
  0.0222825   0.0970623    0.133869 0.000762495
   0.320763 -0.00268705 0.000762495    0.368139
IMAGINARY
          0  -0.0169029   0.0271314   0.0170067
  0.0169029           0 -0.00294016  -0.0176257
 -0.0271314  0.00294016           0 -0.00781196
 -0.0170067   0.0176257  0.00781196           0
Repeater1[0]<--->HoM1[0]
REAL
      0.372   0.0024289 -0.00541176     0.32226
  0.0024289       0.124   0.0816588  -0.0141837
-0.00541176   0.0816588       0.136 -0.00938212
    0.32226  -0.0141837 -0.00938212       0.368
IMAGINARY
          0   -0.011469  0.00719251  0.00448887
   0.011469           0 -0.00516364   0.0141107
-0.00719251  0.00516364           0   0.0189878
-0.00448887  -0.0141107  -0.0189878           0
EndNode1[0]<--->Repeater1[0]
REAL
   0.374836   0.0123118 -0.00868828    0.336933
  0.0123118    0.115334     0.10344    0.022974
-0.00868828     0.10344     0.12713  0.00445839
   0.336933    0.022974  0.00445839      0.3827
IMAGINARY
           0  0.000832766  -0.00899734   0.00864662
-0.000832766            0  -0.00388471   0.00599614
  0.00899734   0.00388471            0    0.0117723
 -0.00864662  -0.00599614   -0.0117723            0
EndNode2[0]<--->HoM1[0]
REAL
   0.346467 -0.00331433 -0.00549944    0.332876
-0.00331433    0.153533   0.0881116  -0.0105499
-0.00549944   0.0881116    0.138587  -0.0152042
   0.332876  -0.0105499  -0.0152042    0.361413
IMAGINARY
          0  -0.0171455  0.00686358  0.00285171
  0.0171455           0  0.00285171   0.0193144
-0.00686358 -0.00285171           0   0.0132188
-0.00285171  -0.0193144  -0.0132188           0
Repeater1[0]<--->EndNode1[0]
REAL
   0.374836 -0.00868828   0.0123118    0.336933
-0.00868828     0.12713     0.10344  0.00445839
  0.0123118     0.10344    0.115334    0.022974
   0.336933  0.00445839    0.022974      0.3827
IMAGINARY
           0  -0.00899734  0.000832766   0.00864662
  0.00899734            0   0.00388471    0.0117723
-0.000832766  -0.00388471            0   0.00599614
 -0.00864662   -0.0117723  -0.00599614            0
Repeater1[0]<--->HoM1[0]
REAL
   0.346467 -0.00549944 -0.00331433    0.332876
-0.00549944    0.138587   0.0881116  -0.0152042
-0.00331433   0.0881116    0.153533  -0.0105499
   0.332876  -0.0152042  -0.0105499    0.361413
IMAGINARY
          0  0.00686358  -0.0171455  0.00285171
-0.00686358           0 -0.00285171   0.0132188
  0.0171455  0.00285171           0   0.0193144
-0.00285171  -0.0132188  -0.0193144           0
EndNode1[0]<--->Repeater1[0]
REAL
   0.385013 -0.00555581   0.0140244    0.348549
-0.00555581    0.125323   0.0953018  -0.0140244
  0.0140244   0.0953018    0.112403 -0.00246558
   0.348549  -0.0140244 -0.00246558    0.377261
IMAGINARY
          0   0.0104559  -0.0052475 -0.00648538
 -0.0104559           0  0.00315649 -0.00644081
  0.0052475 -0.00315649           0  -0.0065598
 0.00648538  0.00644081   0.0065598           0
EndNode2[0]<--->HoM1[0]
REAL
   0.359638 -0.00513153   0.0039374    0.351713
-0.00513153    0.131953   0.0831826  -0.0247707
  0.0039374   0.0831826    0.134541  -0.0104935
   0.351713  -0.0247707  -0.0104935    0.373868
IMAGINARY
          0  -0.0136289  0.00357945  -0.0138869
  0.0136289           0 -0.00774773  0.00877426
-0.00357945  0.00774773           0  -0.0039264
  0.0138869 -0.00877426   0.0039264           0
Repeater1[0]<--->EndNode1[0]
REAL
   0.385013   0.0140244 -0.00555581    0.348549
  0.0140244    0.112403   0.0953018 -0.00246558
-0.00555581   0.0953018    0.125323  -0.0140244
   0.348549 -0.00246558  -0.0140244    0.377261
IMAGINARY
          0  -0.0052475   0.0104559 -0.00648538
  0.0052475           0 -0.00315649  -0.0065598
 -0.0104559  0.00315649           0 -0.00644081
 0.00648538   0.0065598  0.00644081           0
Repeater1[0]<--->HoM1[0]
REAL
   0.359638   0.0039374 -0.00513153    0.351713
  0.0039374    0.134541   0.0831826  -0.0104935
-0.00513153   0.0831826    0.131953  -0.0247707
   0.351713  -0.0104935  -0.0247707    0.373868
IMAGINARY
          0  0.00357945  -0.0136289  -0.0138869
-0.00357945           0  0.00774773  -0.0039264
  0.0136289 -0.00774773           0  0.00877426
  0.0138869   0.0039264 -0.00877426           0
EndNode1[0]<--->Repeater1[0]
REAL
    0.383117    -0.011446  -0.00876206     0.324772
   -0.011446    0.0987013     0.100545 -9.86966e-05
 -0.00876206     0.100545      0.12987    0.0139777
    0.324772 -9.86966e-05    0.0139777     0.388312
IMAGINARY
           0    0.0218147  0.000301637  -0.00576007
  -0.0218147            0   -0.0129496     0.004853
-0.000301637    0.0129496            0   -0.0140827
  0.00576007    -0.004853    0.0140827            0
EndNode2[0]<--->HoM1[0]
REAL
  0.387387 0.00485694  0.0104712   0.340806
0.00485694   0.123552  0.0911307  0.0104712
 0.0104712  0.0911307   0.140283  0.0160855
  0.340806  0.0104712  0.0160855   0.348777
IMAGINARY
           0 -1.50621e-05  -0.00736291   0.00203619
 1.50621e-05            0   0.00469576    -0.027008
  0.00736291  -0.00469576            0  -0.00582151
 -0.00203619     0.027008   0.00582151            0
Repeater1[0]<--->EndNode1[0]
REAL
    0.383117  -0.00876206    -0.011446     0.324772
 -0.00876206      0.12987     0.100545    0.0139777
   -0.011446     0.100545    0.0987013 -9.86966e-05
    0.324772    0.0139777 -9.86966e-05     0.388312
IMAGINARY
           0  0.000301637    0.0218147  -0.00576007
-0.000301637            0    0.0129496   -0.0140827
  -0.0218147   -0.0129496            0     0.004853
  0.00576007    0.0140827    -0.004853            0
Repeater1[0]<--->HoM1[0]
REAL
  0.387387  0.0104712 0.00485694   0.340806
 0.0104712   0.140283  0.0911307  0.0160855
0.00485694  0.0911307   0.123552  0.0104712
  0.340806  0.0160855  0.0104712   0.348777
IMAGINARY
           0  -0.00736291 -1.50621e-05   0.00203619
  0.00736291            0  -0.00469576  -0.00582151
 1.50621e-05   0.00469576            0    -0.027008
 -0.00203619   0.00582151     0.027008            0
EndNode1[0]<--->Repeater1[0]
REAL
   0.382576 -0.00704095  -0.0361789    0.323623
-0.00704095    0.118687   0.0947448 -0.00123607
 -0.0361789   0.0947448    0.147727  -0.0167686
   0.323623 -0.00123607  -0.0167686     0.35101
IMAGINARY
          0 -0.00089715   0.0144593   0.0175181
 0.00089715           0  0.00380239   0.0113919
 -0.0144593 -0.00380239           0 -0.00603854
 -0.0175181  -0.0113919  0.00603854           0
EndNode2[0]<--->HoM1[0]
REAL
    0.361399   0.00475799   -0.0109367     0.332706
  0.00475799      0.13342    0.0934156 -0.000936675
  -0.0109367    0.0934156     0.128238  -0.00343873
    0.332706 -0.000936675  -0.00343873     0.376943
IMAGINARY
           0    0.0196862   0.00694115 -0.000647615
  -0.0196862            0  -0.00457432   -0.0185691
 -0.00694115   0.00457432            0    0.0029576
 0.000647615    0.0185691   -0.0029576            0
Repeater1[0]<--->EndNode1[0]
REAL
   0.382576  -0.0361789 -0.00704095    0.323623
 -0.0361789    0.147727   0.0947448  -0.0167686
-0.00704095   0.0947448    0.118687 -0.00123607
   0.323623  -0.0167686 -0.00123607     0.35101
IMAGINARY
          0   0.0144593 -0.00089715   0.0175181
 -0.0144593           0 -0.00380239 -0.00603854
 0.00089715  0.00380239           0   0.0113919
 -0.0175181  0.00603854  -0.0113919           0
Repeater1[0]<--->HoM1[0]
REAL
    0.361399   -0.0109367   0.00475799     0.332706
  -0.0109367     0.128238    0.0934156  -0.00343873
  0.00475799    0.0934156      0.13342 -0.000936675
    0.332706  -0.00343873 -0.000936675     0.376943
IMAGINARY
           0   0.00694115    0.0196862 -0.000647615
 -0.00694115            0   0.00457432    0.0029576
  -0.0196862  -0.00457432            0   -0.0185691
 0.000647615   -0.0029576    0.0185691            0
EndNode1[0]<--->Repeater1[0]
REAL
  0.351852  -0.010437 -0.0191168   0.341849
 -0.010437   0.125926  0.0776628 -0.0150296
-0.0191168  0.0776628   0.120988 -0.0139532
  0.341849 -0.0150296 -0.0139532   0.401235
IMAGINARY
           0 -0.000873395    0.0192244  -0.00688088
 0.000873395            0   -0.0153555   0.00914885
  -0.0192244    0.0153555            0   -0.0136285
  0.00688088  -0.00914885    0.0136285            0
EndNode2[0]<--->HoM1[0]
REAL
   0.381935 -0.00597169  -0.0148925    0.333896
-0.00597169    0.130323   0.0838957    0.025322
 -0.0148925   0.0838957        0.12   0.0249901
   0.333896    0.025322   0.0249901    0.367742
IMAGINARY
          0   0.0144114 -0.00342955  0.00360605
 -0.0144114           0  0.00825412  0.00216051
 0.00342955 -0.00825412           0 -0.00933528
-0.00360605 -0.00216051  0.00933528           0
Repeater1[0]<--->EndNode1[0]
REAL
  0.351852 -0.0191168  -0.010437   0.341849
-0.0191168   0.120988  0.0776628 -0.0139532
 -0.010437  0.0776628   0.125926 -0.0150296
  0.341849 -0.0139532 -0.0150296   0.401235
IMAGINARY
           0    0.0192244 -0.000873395  -0.00688088
  -0.0192244            0    0.0153555   -0.0136285
 0.000873395   -0.0153555            0   0.00914885
  0.00688088    0.0136285  -0.00914885            0
Repeater1[0]<--->HoM1[0]
REAL
   0.381935  -0.0148925 -0.00597169    0.333896
 -0.0148925        0.12   0.0838957   0.0249901
-0.00597169   0.0838957    0.130323    0.025322
   0.333896   0.0249901    0.025322    0.367742
IMAGINARY
          0 -0.00342955   0.0144114  0.00360605
 0.00342955           0 -0.00825412 -0.00933528
 -0.0144114  0.00825412           0  0.00216051
-0.00360605  0.00933528 -0.00216051           0
EndNode1[0]<--->Repeater1[0]
REAL
   0.375635 -0.00160462 -0.00387833    0.326188
-0.00160462    0.139594   0.0986751   0.0161734
-0.00387833   0.0986751    0.134518  0.00160462
   0.326188   0.0161734  0.00160462    0.350254
IMAGINARY
          0  -0.0145825   0.0225324 -0.00198356
  0.0145825           0  -0.0135831  -0.0119504
 -0.0225324   0.0135831           0  -0.0118725
 0.00198356   0.0119504   0.0118725           0
EndNode2[0]<--->HoM1[0]
REAL
  0.378691 0.00903133  0.0198966     0.3212
0.00903133   0.119384  0.0868879  0.0144171
 0.0198966  0.0868879    0.12837   0.016704
    0.3212  0.0144171   0.016704   0.373556
IMAGINARY
         0   0.022925  0.0145816  0.0186475
 -0.022925          0 -0.0249766 -0.0125789
-0.0145816  0.0249766          0 -0.0102414
-0.0186475  0.0125789  0.0102414          0
Repeater1[0]<--->EndNode1[0]
REAL
   0.375635 -0.00387833 -0.00160462    0.326188
-0.00387833    0.134518   0.0986751  0.00160462
-0.00160462   0.0986751    0.139594   0.0161734
   0.326188  0.00160462   0.0161734    0.350254
IMAGINARY
          0   0.0225324  -0.0145825 -0.00198356
 -0.0225324           0   0.0135831  -0.0118725
  0.0145825  -0.0135831           0  -0.0119504
 0.00198356   0.0118725   0.0119504           0
Repeater1[0]<--->HoM1[0]
REAL
  0.378691  0.0198966 0.00903133     0.3212
 0.0198966    0.12837  0.0868879   0.016704
0.00903133  0.0868879   0.119384  0.0144171
    0.3212   0.016704  0.0144171   0.373556
IMAGINARY
         0  0.0145816   0.022925  0.0186475
-0.0145816          0  0.0249766 -0.0102414
 -0.022925 -0.0249766          0 -0.0125789
-0.0186475  0.0102414  0.0125789          0
EndNode1[0]<--->Repeater1[0]
REAL
   0.352564   -0.017834  -0.0151707    0.331607
  -0.017834    0.121795    0.100028 -0.00225557
 -0.0151707    0.100028    0.116667  0.00174823
   0.331607 -0.00225557  0.00174823    0.408974
IMAGINARY
           0  -0.00423263   0.00216199   -0.0310129
  0.00423263            0  0.000400684    0.0109959
 -0.00216199 -0.000400684            0   -0.0299779
   0.0310129   -0.0109959    0.0299779            0
EndNode2[0]<--->HoM1[0]
REAL
  0.363196  0.0159561 -0.0078593   0.349683
 0.0159561   0.135593  0.0736933 0.00136579
-0.0078593  0.0736933   0.136804 -0.0211509
  0.349683 0.00136579 -0.0211509   0.364407
IMAGINARY
          0  0.00390136   0.0197726  -0.0337875
-0.00390136           0  0.00159301 -0.00987164
 -0.0197726 -0.00159301           0 -0.00513898
  0.0337875  0.00987164  0.00513898           0
Repeater1[0]<--->EndNode1[0]
REAL
   0.352564  -0.0151707   -0.017834    0.331607
 -0.0151707    0.116667    0.100028  0.00174823
  -0.017834    0.100028    0.121795 -0.00225557
   0.331607  0.00174823 -0.00225557    0.408974
IMAGINARY
           0   0.00216199  -0.00423263   -0.0310129
 -0.00216199            0 -0.000400684   -0.0299779
  0.00423263  0.000400684            0    0.0109959
   0.0310129    0.0299779   -0.0109959            0
Repeater1[0]<--->HoM1[0]
REAL
  0.363196 -0.0078593  0.0159561   0.349683
-0.0078593   0.136804  0.0736933 -0.0211509
 0.0159561  0.0736933   0.135593 0.00136579
  0.349683 -0.0211509 0.00136579   0.364407
IMAGINARY
          0   0.0197726  0.00390136  -0.0337875
 -0.0197726           0 -0.00159301 -0.00513898
-0.00390136  0.00159301           0 -0.00987164
  0.0337875  0.00513898  0.00987164           0
EndNode1[0]<--->Repeater1[0]
REAL
  0.376344  -0.029372 -0.0220304   0.331989
 -0.029372   0.123656  0.0987415 0.00691701
-0.0220304  0.0987415   0.126344 0.00040471
  0.331989 0.00691701 0.00040471   0.373656
IMAGINARY
          0  -0.0232073  0.00708763  -0.0224556
  0.0232073           0 -0.00778893  0.00708763
-0.00708763  0.00778893           0  0.00516601
  0.0224556 -0.00708763 -0.00516601           0
EndNode2[0]<--->HoM1[0]
REAL
    0.36409  0.00642442 -0.00382779    0.332719
 0.00642442    0.112219   0.0891955 -0.00120999
-0.00382779   0.0891955     0.13217     -0.0165
   0.332719 -0.00120999     -0.0165    0.391521
IMAGINARY
          0  -0.0145463    0.011447  -0.0188919
  0.0145463           0  0.00089703 -0.00108432
  -0.011447 -0.00089703           0  0.00677424
  0.0188919  0.00108432 -0.00677424           0
Repeater1[0]<--->EndNode1[0]
REAL
  0.376344 -0.0220304  -0.029372   0.331989
-0.0220304   0.126344  0.0987415 0.00040471
 -0.029372  0.0987415   0.123656 0.00691701
  0.331989 0.00040471 0.00691701   0.373656
IMAGINARY
          0  0.00708763  -0.0232073  -0.0224556
-0.00708763           0  0.00778893  0.00516601
  0.0232073 -0.00778893           0  0.00708763
  0.0224556 -0.00516601 -0.00708763           0
Repeater1[0]<--->HoM1[0]
REAL
    0.36409 -0.00382779  0.00642442    0.332719
-0.00382779     0.13217   0.0891955     -0.0165
 0.00642442   0.0891955    0.112219 -0.00120999
   0.332719     -0.0165 -0.00120999    0.391521
IMAGINARY
          0    0.011447  -0.0145463  -0.0188919
  -0.011447           0 -0.00089703  0.00677424
  0.0145463  0.00089703           0 -0.00108432
  0.0188919 -0.00677424  0.00108432           0
EndNode1[0]<--->Repeater1[0]
REAL
    0.37931  0.00656934  0.00675796    0.328557
 0.00656934    0.140485    0.093679  0.00113998
 0.00675796    0.093679    0.136654 -0.00353167
   0.328557  0.00113998 -0.00353167     0.34355
IMAGINARY
           0  0.000366955   -0.0117005   0.00636776
-0.000366955            0  -0.00235707     0.017492
   0.0117005   0.00235707            0  -0.00101046
 -0.00636776    -0.017492   0.00101046            0
EndNode2[0]<--->HoM1[0]
REAL
   0.381137 -0.00798675 -0.00187954    0.327988
-0.00798675    0.111111    0.083529  -0.0276148
-0.00187954    0.083529    0.133075  -0.0229121
   0.327988  -0.0276148  -0.0229121    0.374677
IMAGINARY
           0  -0.00727102  9.53986e-05 -2.34299e-05
  0.00727102            0   -0.0181113    0.0122905
-9.53986e-05    0.0181113            0    0.0183532
 2.34299e-05   -0.0122905   -0.0183532            0
Repeater1[0]<--->EndNode1[0]
REAL
    0.37931  0.00675796  0.00656934    0.328557
 0.00675796    0.136654    0.093679 -0.00353167
 0.00656934    0.093679    0.140485  0.00113998
   0.328557 -0.00353167  0.00113998     0.34355
IMAGINARY
           0   -0.0117005  0.000366955   0.00636776
   0.0117005            0   0.00235707  -0.00101046
-0.000366955  -0.00235707            0     0.017492
 -0.00636776   0.00101046    -0.017492            0
Repeater1[0]<--->HoM1[0]
REAL
   0.381137 -0.00187954 -0.00798675    0.327988
-0.00187954    0.133075    0.083529  -0.0229121
-0.00798675    0.083529    0.111111  -0.0276148
   0.327988  -0.0229121  -0.0276148    0.374677
IMAGINARY
           0  9.53986e-05  -0.00727102 -2.34299e-05
-9.53986e-05            0    0.0181113    0.0183532
  0.00727102   -0.0181113            0    0.0122905
 2.34299e-05   -0.0183532   -0.0122905            0
EndNode1[0]<--->Repeater1[0]
REAL
   0.406634  0.00574132 -0.00592734    0.329979
 0.00574132    0.117936   0.0963231  0.00148007
-0.00592734   0.0963231    0.133907  0.00505919
   0.329979  0.00148007  0.00505919    0.341523
IMAGINARY
           0 -0.000540412  -0.00888756   -0.0163717
 0.000540412            0   0.00900896   0.00646625
  0.00888756  -0.00900896            0   -0.0018809
   0.0163717  -0.00646625    0.0018809            0
EndNode2[0]<--->HoM1[0]
REAL
   0.394133 -0.00579676  -0.0215433    0.333085
-0.00579676    0.117347   0.0957637   0.0170155
 -0.0215433   0.0957637    0.117347 -0.00261204
   0.333085   0.0170155 -0.00261204    0.371173
IMAGINARY
           0   0.00649099  0.000967653    0.0021768
 -0.00649099            0  -0.00927358    0.0048841
-0.000967653   0.00927358            0  -0.00193962
  -0.0021768   -0.0048841   0.00193962            0
Repeater1[0]<--->EndNode1[0]
REAL
   0.406634 -0.00592734  0.00574132    0.329979
-0.00592734    0.133907   0.0963231  0.00505919
 0.00574132   0.0963231    0.117936  0.00148007
   0.329979  0.00505919  0.00148007    0.341523
IMAGINARY
           0  -0.00888756 -0.000540412   -0.0163717
  0.00888756            0  -0.00900896   -0.0018809
 0.000540412   0.00900896            0   0.00646625
   0.0163717    0.0018809  -0.00646625            0
Repeater1[0]<--->HoM1[0]
REAL
   0.394133  -0.0215433 -0.00579676    0.333085
 -0.0215433    0.117347   0.0957637 -0.00261204
-0.00579676   0.0957637    0.117347   0.0170155
   0.333085 -0.00261204   0.0170155    0.371173
IMAGINARY
           0  0.000967653   0.00649099    0.0021768
-0.000967653            0   0.00927358  -0.00193962
 -0.00649099  -0.00927358            0    0.0048841
  -0.0021768   0.00193962   -0.0048841            0
EndNode1[0]<--->Repeater1[0]
REAL
  0.383929 -0.0112484 -0.0121769   0.343325
-0.0112484   0.126276  0.0804254 -0.0278231
-0.0121769  0.0804254   0.114796 -0.0125016
  0.343325 -0.0278231 -0.0125016      0.375
IMAGINARY
          0 -0.00766433  -0.0123291   0.0117185
 0.00766433           0   0.0215225  0.00495811
  0.0123291  -0.0215225           0 -0.00830618
 -0.0117185 -0.00495811  0.00830618           0
EndNode2[0]<--->HoM1[0]
REAL
  0.367478  0.0198809 0.00556657   0.350653
 0.0198809   0.140845  0.0768281   0.021151
0.00556657  0.0768281   0.145967 0.00810891
  0.350653   0.021151 0.00810891   0.345711
IMAGINARY
          0   0.0121351 -0.00697804   0.0288657
 -0.0121351           0   0.0323045  -0.0152583
 0.00697804  -0.0323045           0   0.0177251
 -0.0288657   0.0152583  -0.0177251           0
Repeater1[0]<--->EndNode1[0]
REAL
  0.383929 -0.0121769 -0.0112484   0.343325
-0.0121769   0.114796  0.0804254 -0.0125016
-0.0112484  0.0804254   0.126276 -0.0278231
  0.343325 -0.0125016 -0.0278231      0.375
IMAGINARY
          0  -0.0123291 -0.00766433   0.0117185
  0.0123291           0  -0.0215225 -0.00830618
 0.00766433   0.0215225           0  0.00495811
 -0.0117185  0.00830618 -0.00495811           0
Repeater1[0]<--->HoM1[0]
REAL
  0.367478 0.00556657  0.0198809   0.350653
0.00556657   0.145967  0.0768281 0.00810891
 0.0198809  0.0768281   0.140845   0.021151
  0.350653 0.00810891   0.021151   0.345711
IMAGINARY
          0 -0.00697804   0.0121351   0.0288657
 0.00697804           0  -0.0323045   0.0177251
 -0.0121351   0.0323045           0  -0.0152583
 -0.0288657  -0.0177251   0.0152583           0
EndNode1[0]<--->Repeater1[0]
REAL
  0.378003 -0.0199267 -0.0236689   0.333752
-0.0199267   0.126422  0.0984969 -0.0074964
-0.0236689  0.0984969   0.151707 -0.0166587
  0.333752 -0.0074964 -0.0166587   0.343869
IMAGINARY
           0 -4.20069e-05  -0.00149391  -0.00203076
 4.20069e-05            0    -0.020072   -0.0188206
  0.00149391     0.020072            0     0.025599
  0.00203076    0.0188206    -0.025599            0
EndNode2[0]<--->HoM1[0]
REAL
  0.373212 0.00608532  0.0132275   0.347539
0.00608532   0.137841   0.074419  0.0132275
 0.0132275   0.074419   0.127438  0.0111104
  0.347539  0.0132275  0.0111104   0.361508
IMAGINARY
           0  7.42497e-05    0.0157711  -0.00882114
