EndNode1[0]<--->Repeater1[0]
REAL
 0.314028 0.0135053 0.0127976  0.278817
0.0135053  0.168597   0.12212  0.021339
0.0127976   0.12212  0.181467 0.0340181
 0.278817  0.021339 0.0340181  0.335907
IMAGINARY
          0  -0.0174426 -0.00950755 -0.00355295
  0.0174426           0   0.0106315   0.0114581
 0.00950755  -0.0106315           0  0.00768967
 0.00355295  -0.0114581 -0.00768967           0
EndNode2[0]<--->HoM1[0]
REAL
     0.32254   -0.0012628  -0.00120764     0.273391
  -0.0012628      0.16812     0.132199    -0.018047
 -0.00120764     0.132199     0.185554 -0.000600551
    0.273391    -0.018047 -0.000600551     0.323786
IMAGINARY
          0 -0.00358143  0.00103049  0.00755126
 0.00358143           0  -0.0100958  0.00803686
-0.00103049   0.0100958           0 -0.00159992
-0.00755126 -0.00803686  0.00159992           0
Repeater1[0]<--->EndNode1[0]
REAL
 0.314028 0.0127976 0.0135053  0.278817
0.0127976  0.181467   0.12212 0.0340181
0.0135053   0.12212  0.168597  0.021339
 0.278817 0.0340181  0.021339  0.335907
IMAGINARY
          0 -0.00950755  -0.0174426 -0.00355295
 0.00950755           0  -0.0106315  0.00768967
  0.0174426   0.0106315           0   0.0114581
 0.00355295 -0.00768967  -0.0114581           0
Repeater1[0]<--->HoM1[0]
REAL
     0.32254  -0.00120764   -0.0012628     0.273391
 -0.00120764     0.185554     0.132199 -0.000600551
  -0.0012628     0.132199      0.16812    -0.018047
    0.273391 -0.000600551    -0.018047     0.323786
IMAGINARY
          0  0.00103049 -0.00358143  0.00755126
-0.00103049           0   0.0100958 -0.00159992
 0.00358143  -0.0100958           0  0.00803686
-0.00755126  0.00159992 -0.00803686           0
EndNode1[0]<--->Repeater1[0]
REAL
  0.368831  0.0124046 0.00256173   0.276364
 0.0124046   0.163636   0.144165  0.0219416
0.00256173   0.144165   0.187013 0.00680066
  0.276364  0.0219416 0.00680066   0.280519
IMAGINARY
           0  -0.00650881    0.0110346  -0.00579134
  0.00650881            0    0.0105403 -0.000563367
  -0.0110346   -0.0105403            0    0.0025821
  0.00579134  0.000563367   -0.0025821            0
EndNode2[0]<--->HoM1[0]
REAL
   0.353165   0.0148377   0.0102249    0.291086
  0.0148377    0.170886    0.115581  0.00371449
  0.0102249    0.115581     0.18481 -0.00695889
   0.291086  0.00371449 -0.00695889    0.291139
IMAGINARY
           0    0.0067188 -0.000621796  -0.00773276
  -0.0067188            0  -0.00266946   0.00314705
 0.000621796   0.00266946            0   0.00211959
  0.00773276  -0.00314705  -0.00211959            0
Repeater1[0]<--->EndNode1[0]
REAL
  0.368831 0.00256173  0.0124046   0.276364
0.00256173   0.187013   0.144165 0.00680066
 0.0124046   0.144165   0.163636  0.0219416
  0.276364 0.00680066  0.0219416   0.280519
IMAGINARY
           0    0.0110346  -0.00650881  -0.00579134
  -0.0110346            0   -0.0105403    0.0025821
  0.00650881    0.0105403            0 -0.000563367
  0.00579134   -0.0025821  0.000563367            0
Repeater1[0]<--->HoM1[0]
REAL
   0.353165   0.0102249   0.0148377    0.291086
  0.0102249     0.18481    0.115581 -0.00695889
  0.0148377    0.115581    0.170886  0.00371449
   0.291086 -0.00695889  0.00371449    0.291139
IMAGINARY
           0 -0.000621796    0.0067188  -0.00773276
 0.000621796            0   0.00266946   0.00211959
  -0.0067188  -0.00266946            0   0.00314705
  0.00773276  -0.00211959  -0.00314705            0
EndNode1[0]<--->Repeater1[0]
REAL
    0.359435   0.00233285  -0.00172285     0.260859
  0.00233285     0.172015     0.120497   -0.0210933
 -0.00172285     0.120497     0.186136 -0.000377178
    0.260859   -0.0210933 -0.000377178     0.282413
IMAGINARY
          0   0.0189002   0.0261986     0.01317
 -0.0189002           0 -0.00525441   0.0158454
 -0.0261986  0.00525441           0  0.00891351
   -0.01317  -0.0158454 -0.00891351           0
EndNode2[0]<--->HoM1[0]
REAL
    0.34264   0.0089973 -0.00519215     0.28177
  0.0089973    0.178934    0.123368   0.0177086
-0.00519215    0.123368    0.175127  -0.0149261
    0.28177   0.0177086  -0.0149261    0.303299
IMAGINARY
           0   -0.0299338   0.00210998  4.69363e-05
   0.0299338            0   -0.0225337    0.0116641
 -0.00210998    0.0225337            0   0.00238559
-4.69363e-05   -0.0116641  -0.00238559            0
Repeater1[0]<--->EndNode1[0]
REAL
    0.359435  -0.00172285   0.00233285     0.260859
 -0.00172285     0.186136     0.120497 -0.000377178
  0.00233285     0.120497     0.172015   -0.0210933
    0.260859 -0.000377178   -0.0210933     0.282413
IMAGINARY
          0   0.0261986   0.0189002     0.01317
 -0.0261986           0  0.00525441  0.00891351
 -0.0189002 -0.00525441           0   0.0158454
   -0.01317 -0.00891351  -0.0158454           0
Repeater1[0]<--->HoM1[0]
REAL
    0.34264 -0.00519215   0.0089973     0.28177
-0.00519215    0.175127    0.123368  -0.0149261
  0.0089973    0.123368    0.178934   0.0177086
    0.28177  -0.0149261   0.0177086    0.303299
IMAGINARY
           0   0.00210998   -0.0299338  4.69363e-05
 -0.00210998            0    0.0225337   0.00238559
   0.0299338   -0.0225337            0    0.0116641
-4.69363e-05  -0.00238559   -0.0116641            0
EndNode1[0]<--->Repeater1[0]
REAL
   0.341755  -0.0137395    0.010767    0.258506
 -0.0137395    0.176862     0.13194 -0.00121284
   0.010767     0.13194      0.1875 -0.00727958
   0.258506 -0.00121284 -0.00727958    0.293883
IMAGINARY
           0    0.0203065   0.00279663  0.000762728
  -0.0203065            0    0.0094692   0.00472217
 -0.00279663   -0.0094692            0  -0.00526893
-0.000762728  -0.00472217   0.00526893            0
EndNode2[0]<--->HoM1[0]
REAL
  0.305556  0.0228179  0.0156305   0.289968
 0.0228179   0.171958   0.141996 0.00426683
 0.0156305   0.141996   0.191799  0.0060653
  0.289968 0.00426683  0.0060653   0.330688
IMAGINARY
          0 -0.00724689 -0.00377731   0.0117004
 0.00724689           0   0.0012195  -0.0153158
 0.00377731  -0.0012195           0   0.0132135
 -0.0117004   0.0153158  -0.0132135           0
Repeater1[0]<--->EndNode1[0]
REAL
   0.341755    0.010767  -0.0137395    0.258506
   0.010767      0.1875     0.13194 -0.00727958
 -0.0137395     0.13194    0.176862 -0.00121284
   0.258506 -0.00727958 -0.00121284    0.293883
IMAGINARY
           0   0.00279663    0.0203065  0.000762728
 -0.00279663            0   -0.0094692  -0.00526893
  -0.0203065    0.0094692            0   0.00472217
-0.000762728   0.00526893  -0.00472217            0
Repeater1[0]<--->HoM1[0]
REAL
  0.305556  0.0156305  0.0228179   0.289968
 0.0156305   0.191799   0.141996  0.0060653
 0.0228179   0.141996   0.171958 0.00426683
  0.289968  0.0060653 0.00426683   0.330688
IMAGINARY
          0 -0.00377731 -0.00724689   0.0117004
 0.00377731           0  -0.0012195   0.0132135
 0.00724689   0.0012195           0  -0.0153158
 -0.0117004  -0.0132135   0.0153158           0
EndNode1[0]<--->Repeater1[0]
REAL
   0.34018 0.00851957 0.00971113    0.26724
0.00851957    0.17715   0.134849 0.00726015
0.00971113   0.134849   0.182285 0.00975719
   0.26724 0.00726015 0.00975719   0.300385
IMAGINARY
          0 -0.00287507  -0.0101296   0.0173538
 0.00287507           0  -0.0153565   0.0242684
  0.0101296   0.0153565           0 -0.00355166
 -0.0173538  -0.0242684  0.00355166           0
EndNode2[0]<--->HoM1[0]
REAL
   0.333747 -0.00334141  0.00226897    0.289533
-0.00334141     0.19603     0.13736  0.00295296
 0.00226897     0.13736     0.16005  0.00856335
   0.289533  0.00295296  0.00856335    0.310174
IMAGINARY
           0   -0.0021476  0.000606796  -0.00851549
   0.0021476            0   0.00403405 -0.000606796
-0.000606796  -0.00403405            0   0.00726269
  0.00851549  0.000606796  -0.00726269            0
Repeater1[0]<--->EndNode1[0]
REAL
   0.34018 0.00971113 0.00851957    0.26724
0.00971113   0.182285   0.134849 0.00975719
0.00851957   0.134849    0.17715 0.00726015
   0.26724 0.00975719 0.00726015   0.300385
IMAGINARY
          0  -0.0101296 -0.00287507   0.0173538
  0.0101296           0   0.0153565 -0.00355166
 0.00287507  -0.0153565           0   0.0242684
 -0.0173538  0.00355166  -0.0242684           0
Repeater1[0]<--->HoM1[0]
REAL
   0.333747  0.00226897 -0.00334141    0.289533
 0.00226897     0.16005     0.13736  0.00856335
-0.00334141     0.13736     0.19603  0.00295296
   0.289533  0.00856335  0.00295296    0.310174
IMAGINARY
           0  0.000606796   -0.0021476  -0.00851549
-0.000606796            0  -0.00403405   0.00726269
   0.0021476   0.00403405            0 -0.000606796
  0.00851549  -0.00726269  0.000606796            0
EndNode1[0]<--->Repeater1[0]
REAL
   0.345758   0.0125209 -0.00795296    0.254645
  0.0125209    0.161954    0.138776  0.00532138
-0.00795296    0.138776    0.199229   0.0072159
   0.254645  0.00532138   0.0072159    0.293059
IMAGINARY
          0 -0.00956762  0.00929639 -0.00497783
 0.00956762           0     0.01277 -0.00803694
-0.00929639    -0.01277           0   0.0146054
 0.00497783  0.00803694  -0.0146054           0
EndNode2[0]<--->HoM1[0]
REAL
   0.339237  0.00335815 -0.00156686    0.285649
 0.00335815    0.186649    0.129161   0.0048434
-0.00156686    0.129161    0.155313  0.00647147
   0.285649   0.0048434  0.00647147    0.318801
IMAGINARY
          0 -0.00121359 -0.00969466  0.00100279
 0.00121359           0    0.021782 -0.00302799
 0.00969466   -0.021782           0  0.00121359
-0.00100279  0.00302799 -0.00121359           0
Repeater1[0]<--->EndNode1[0]
REAL
   0.345758 -0.00795296   0.0125209    0.254645
-0.00795296    0.199229    0.138776   0.0072159
  0.0125209    0.138776    0.161954  0.00532138
   0.254645   0.0072159  0.00532138    0.293059
IMAGINARY
          0  0.00929639 -0.00956762 -0.00497783
-0.00929639           0    -0.01277   0.0146054
 0.00956762     0.01277           0 -0.00803694
 0.00497783  -0.0146054  0.00803694           0
Repeater1[0]<--->HoM1[0]
REAL
   0.339237 -0.00156686  0.00335815    0.285649
-0.00156686    0.155313    0.129161  0.00647147
 0.00335815    0.129161    0.186649   0.0048434
   0.285649  0.00647147   0.0048434    0.318801
IMAGINARY
          0 -0.00969466 -0.00121359  0.00100279
 0.00969466           0   -0.021782  0.00121359
 0.00121359    0.021782           0 -0.00302799
-0.00100279 -0.00121359  0.00302799           0
EndNode1[0]<--->Repeater1[0]
REAL
    0.30179   0.0049739 -0.00701975    0.263411
  0.0049739    0.191816    0.108282 0.000405993
-0.00701975    0.108282    0.193095  -0.0155559
   0.263411 0.000405993  -0.0155559    0.313299
IMAGINARY
          0 -0.00237133   0.0133913   0.0178328
 0.00237133           0 -0.00125117 -0.00782887
 -0.0133913  0.00125117           0  0.00546157
 -0.0178328  0.00782887 -0.00546157           0
EndNode2[0]<--->HoM1[0]
REAL
  0.333777  0.0146591 0.00989067   0.274902
 0.0146591   0.172872   0.136441 -0.0144539
0.00989067   0.136441   0.168883  0.0120684
  0.274902 -0.0144539  0.0120684   0.324468
IMAGINARY
          0  0.00769231   0.0208308 -0.00014321
-0.00769231           0  0.00567827 -0.00672825
 -0.0208308 -0.00567827           0   0.0115385
 0.00014321  0.00672825  -0.0115385           0
Repeater1[0]<--->EndNode1[0]
REAL
    0.30179 -0.00701975   0.0049739    0.263411
-0.00701975    0.193095    0.108282  -0.0155559
  0.0049739    0.108282    0.191816 0.000405993
   0.263411  -0.0155559 0.000405993    0.313299
IMAGINARY
          0   0.0133913 -0.00237133   0.0178328
 -0.0133913           0  0.00125117  0.00546157
 0.00237133 -0.00125117           0 -0.00782887
 -0.0178328 -0.00546157  0.00782887           0
Repeater1[0]<--->HoM1[0]
REAL
  0.333777 0.00989067  0.0146591   0.274902
0.00989067   0.168883   0.136441  0.0120684
 0.0146591   0.136441   0.172872 -0.0144539
  0.274902  0.0120684 -0.0144539   0.324468
IMAGINARY
          0   0.0208308  0.00769231 -0.00014321
 -0.0208308           0 -0.00567827   0.0115385
-0.00769231  0.00567827           0 -0.00672825
 0.00014321  -0.0115385  0.00672825           0
EndNode1[0]<--->Repeater1[0]
REAL
   0.340426  0.00944168 -0.00144939    0.266655
 0.00944168    0.177722    0.129678  0.00587417
-0.00144939    0.129678    0.162703  -0.0100738
   0.266655  0.00587417  -0.0100738    0.319149
IMAGINARY
          0   0.0191103  0.00261012  -0.0244184
 -0.0191103           0  -0.0104943  -0.0221783
-0.00261012   0.0104943           0  0.00720551
  0.0244184   0.0221783 -0.00720551           0
EndNode2[0]<--->HoM1[0]
REAL
   0.308707  0.00447137  0.00998272    0.271234
 0.00447137    0.187335    0.134307 -0.00242604
 0.00998272    0.134307    0.182058  0.00182586
   0.271234 -0.00242604  0.00182586      0.3219
IMAGINARY
          0  0.00717923  0.00303809   0.0170745
-0.00717923           0  0.00282276  0.00625559
-0.00303809 -0.00282276           0  -0.0102771
 -0.0170745 -0.00625559   0.0102771           0
Repeater1[0]<--->EndNode1[0]
REAL
   0.340426 -0.00144939  0.00944168    0.266655
-0.00144939    0.162703    0.129678  -0.0100738
 0.00944168    0.129678    0.177722  0.00587417
   0.266655  -0.0100738  0.00587417    0.319149
IMAGINARY
          0  0.00261012   0.0191103  -0.0244184
-0.00261012           0   0.0104943  0.00720551
 -0.0191103  -0.0104943           0  -0.0221783
  0.0244184 -0.00720551   0.0221783           0
Repeater1[0]<--->HoM1[0]
REAL
   0.308707  0.00998272  0.00447137    0.271234
 0.00998272    0.182058    0.134307  0.00182586
 0.00447137    0.134307    0.187335 -0.00242604
   0.271234  0.00182586 -0.00242604      0.3219
IMAGINARY
          0  0.00303809  0.00717923   0.0170745
-0.00303809           0 -0.00282276  -0.0102771
-0.00717923  0.00282276           0  0.00625559
 -0.0170745   0.0102771 -0.00625559           0
EndNode1[0]<--->Repeater1[0]
REAL
   0.347701 -0.00222293  0.00605948      0.2523
-0.00222293    0.175287    0.133743  -0.0118213
 0.00605948    0.133743    0.173851 0.000302319
     0.2523  -0.0118213 0.000302319    0.303161
IMAGINARY
           0    0.0261477   -0.0110064 -0.000290124
  -0.0261477            0  -0.00219127    0.0135837
   0.0110064   0.00219127            0   -0.0132611
 0.000290124   -0.0135837    0.0132611            0
EndNode2[0]<--->HoM1[0]
REAL
   0.363151    0.010872   0.0190615     0.28939
   0.010872    0.190921      0.1236 -0.00803209
  0.0190615      0.1236    0.176235  0.00628485
    0.28939 -0.00803209  0.00628485    0.269693
IMAGINARY
          0  0.00754477 -0.00464997 -0.00548953
-0.00754477           0   -0.021228  0.00991313
 0.00464997    0.021228           0  0.00298154
 0.00548953 -0.00991313 -0.00298154           0
Repeater1[0]<--->EndNode1[0]
REAL
   0.347701  0.00605948 -0.00222293      0.2523
 0.00605948    0.173851    0.133743 0.000302319
-0.00222293    0.133743    0.175287  -0.0118213
     0.2523 0.000302319  -0.0118213    0.303161
IMAGINARY
           0   -0.0110064    0.0261477 -0.000290124
   0.0110064            0   0.00219127   -0.0132611
  -0.0261477  -0.00219127            0    0.0135837
 0.000290124    0.0132611   -0.0135837            0
Repeater1[0]<--->HoM1[0]
REAL
   0.363151   0.0190615    0.010872     0.28939
  0.0190615    0.176235      0.1236  0.00628485
   0.010872      0.1236    0.190921 -0.00803209
    0.28939  0.00628485 -0.00803209    0.269693
IMAGINARY
          0 -0.00464997  0.00754477 -0.00548953
 0.00464997           0    0.021228  0.00298154
-0.00754477   -0.021228           0  0.00991313
 0.00548953 -0.00298154 -0.00991313           0
EndNode1[0]<--->Repeater1[0]
REAL
   0.351562   0.0167726   0.0169991    0.279732
  0.0167726     0.19401    0.105281   0.0101327
  0.0169991    0.105281    0.190104 -0.00126868
   0.279732   0.0101327 -0.00126868    0.264323
IMAGINARY
          0   0.0263485  -0.0074868  -0.0110521
 -0.0263485           0 -0.00719607 -0.00487584
  0.0074868  0.00719607           0 -0.00986498
  0.0110521  0.00487584  0.00986498           0
EndNode2[0]<--->HoM1[0]
REAL
   0.35528  -0.018116 -0.0134241   0.254632
 -0.018116   0.170186   0.138929  -0.010886
-0.0134241   0.138929   0.165217 0.00563241
  0.254632  -0.010886 0.00563241   0.309317
IMAGINARY
          0  0.00762969  -0.0224483  -0.0106241
-0.00762969           0   0.0100151  -0.0161192
  0.0224483  -0.0100151           0   0.0185411
  0.0106241   0.0161192  -0.0185411           0
Repeater1[0]<--->EndNode1[0]
REAL
   0.351562   0.0169991   0.0167726    0.279732
  0.0169991    0.190104    0.105281 -0.00126868
  0.0167726    0.105281     0.19401   0.0101327
   0.279732 -0.00126868   0.0101327    0.264323
IMAGINARY
          0  -0.0074868   0.0263485  -0.0110521
  0.0074868           0  0.00719607 -0.00986498
 -0.0263485 -0.00719607           0 -0.00487584
  0.0110521  0.00986498  0.00487584           0
Repeater1[0]<--->HoM1[0]
REAL
   0.35528 -0.0134241  -0.018116   0.254632
-0.0134241   0.165217   0.138929 0.00563241
 -0.018116   0.138929   0.170186  -0.010886
  0.254632 0.00563241  -0.010886   0.309317
IMAGINARY
          0  -0.0224483  0.00762969  -0.0106241
  0.0224483           0  -0.0100151   0.0185411
-0.00762969   0.0100151           0  -0.0161192
  0.0106241  -0.0185411   0.0161192           0
EndNode1[0]<--->Repeater1[0]
REAL
    0.34927 -0.00840931  -0.0206125    0.258883
-0.00840931    0.172643    0.118463  0.00997423
 -0.0206125    0.118463    0.171315  0.00528039
   0.258883  0.00997423  0.00528039    0.306773
IMAGINARY
          0  -0.0121603  -0.0110985   0.0106972
  0.0121603           0  -0.0224692  0.00322445
  0.0110985   0.0224692           0   0.0174096
 -0.0106972 -0.00322445  -0.0174096           0
EndNode2[0]<--->HoM1[0]
REAL
   0.343832   0.0107909 -0.00120269    0.274376
  0.0107909    0.177165     0.11825   0.0160798
-0.00120269     0.11825    0.170604   0.0157292
   0.274376   0.0160798   0.0157292    0.308399
IMAGINARY
          0 -0.00964501  0.00194402   0.0120246
 0.00964501           0 -0.00179446  0.00398484
-0.00194402  0.00179446           0 -0.00023641
 -0.0120246 -0.00398484  0.00023641           0
Repeater1[0]<--->EndNode1[0]
REAL
    0.34927  -0.0206125 -0.00840931    0.258883
 -0.0206125    0.171315    0.118463  0.00528039
-0.00840931    0.118463    0.172643  0.00997423
   0.258883  0.00528039  0.00997423    0.306773
IMAGINARY
          0  -0.0110985  -0.0121603   0.0106972
  0.0110985           0   0.0224692   0.0174096
  0.0121603  -0.0224692           0  0.00322445
 -0.0106972  -0.0174096 -0.00322445           0
Repeater1[0]<--->HoM1[0]
REAL
   0.343832 -0.00120269   0.0107909    0.274376
-0.00120269    0.170604     0.11825   0.0157292
  0.0107909     0.11825    0.177165   0.0160798
   0.274376   0.0157292   0.0160798    0.308399
IMAGINARY
          0  0.00194402 -0.00964501   0.0120246
-0.00194402           0  0.00179446 -0.00023641
 0.00964501 -0.00179446           0  0.00398484
 -0.0120246  0.00023641 -0.00398484           0
EndNode1[0]<--->Repeater1[0]
REAL
  0.376866 0.00221745  0.0216932   0.254629
0.00221745   0.152985   0.123189  0.0121146
 0.0216932   0.123189   0.190299  0.0327766
  0.254629  0.0121146  0.0327766   0.279851
IMAGINARY
          0 -0.00211023   0.0107403  -0.0202151
 0.00211023           0  0.00352787 -0.00215373
 -0.0107403 -0.00352787           0 -0.00515529
  0.0202151  0.00215373  0.00515529           0
EndNode2[0]<--->HoM1[0]
REAL
   0.357143   0.0134338   0.0214996    0.274076
  0.0134338    0.178571    0.119209  -0.0179025
  0.0214996    0.119209    0.181217 -0.00144335
   0.274076  -0.0179025 -0.00144335    0.283069
IMAGINARY
          0   0.0156195  -0.0266531 -0.00423729
 -0.0156195           0 -0.00423729  -0.0207553
  0.0266531  0.00423729           0   0.0305246
 0.00423729   0.0207553  -0.0305246           0
Repeater1[0]<--->EndNode1[0]
REAL
  0.376866  0.0216932 0.00221745   0.254629
 0.0216932   0.190299   0.123189  0.0327766
0.00221745   0.123189   0.152985  0.0121146
  0.254629  0.0327766  0.0121146   0.279851
IMAGINARY
          0   0.0107403 -0.00211023  -0.0202151
 -0.0107403           0 -0.00352787 -0.00515529
 0.00211023  0.00352787           0 -0.00215373
  0.0202151  0.00515529  0.00215373           0
Repeater1[0]<--->HoM1[0]
REAL
   0.357143   0.0214996   0.0134338    0.274076
  0.0214996    0.181217    0.119209 -0.00144335
  0.0134338    0.119209    0.178571  -0.0179025
   0.274076 -0.00144335  -0.0179025    0.283069
IMAGINARY
          0  -0.0266531   0.0156195 -0.00423729
  0.0266531           0  0.00423729   0.0305246
 -0.0156195 -0.00423729           0  -0.0207553
 0.00423729  -0.0305246   0.0207553           0
EndNode1[0]<--->Repeater1[0]
REAL
   0.318066   0.0292249   0.0264052     0.26805
  0.0292249     0.19084    0.115762  0.00753732
  0.0264052    0.115762    0.201018 0.000801169
    0.26805  0.00753732 0.000801169    0.290076
IMAGINARY
           0   -0.0299763  -0.00595579   -0.0122078
   0.0299763            0  0.000519481  -0.00907689
  0.00595579 -0.000519481            0  -0.00727855
   0.0122078   0.00907689   0.00727855            0
EndNode2[0]<--->HoM1[0]
REAL
   0.343874 -0.00261856   0.0172376    0.267045
-0.00261856     0.15415    0.142045  -0.0231664
  0.0172376    0.142045    0.183136 -0.00199277
   0.267045  -0.0231664 -0.00199277    0.318841
IMAGINARY
          0  0.00277842 -0.00371476  -0.0243721
-0.00277842           0  0.00997908   -0.025622
 0.00371476 -0.00997908           0 -0.00660495
  0.0243721    0.025622  0.00660495           0
Repeater1[0]<--->EndNode1[0]
REAL
   0.318066   0.0264052   0.0292249     0.26805
  0.0264052    0.201018    0.115762 0.000801169
  0.0292249    0.115762     0.19084  0.00753732
    0.26805 0.000801169  0.00753732    0.290076
IMAGINARY
           0  -0.00595579   -0.0299763   -0.0122078
  0.00595579            0 -0.000519481  -0.00727855
   0.0299763  0.000519481            0  -0.00907689
   0.0122078   0.00727855   0.00907689            0
Repeater1[0]<--->HoM1[0]
REAL
   0.343874   0.0172376 -0.00261856    0.267045
  0.0172376    0.183136    0.142045 -0.00199277
-0.00261856    0.142045     0.15415  -0.0231664
   0.267045 -0.00199277  -0.0231664    0.318841
IMAGINARY
          0 -0.00371476  0.00277842  -0.0243721
 0.00371476           0 -0.00997908 -0.00660495
-0.00277842  0.00997908           0   -0.025622
  0.0243721  0.00660495    0.025622           0
EndNode1[0]<--->Repeater1[0]
REAL
   0.323377  0.00401731  0.00795655    0.271532
 0.00401731    0.167532    0.111039 -0.00115803
 0.00795655    0.111039    0.203896  0.00401731
   0.271532 -0.00115803  0.00401731    0.305195
IMAGINARY
          0   0.0169208  -0.0183251 -0.00510037
 -0.0169208           0  -0.0164186  -0.0137737
  0.0183251   0.0164186           0  -0.0033406
 0.00510037   0.0137737   0.0033406           0
EndNode2[0]<--->HoM1[0]
REAL
   0.345912   0.0121828 -0.00221776    0.269833
  0.0121828    0.167296    0.135779   0.0136974
-0.00221776    0.135779    0.198742  -0.0134583
   0.269833   0.0136974  -0.0134583     0.28805
IMAGINARY
          0   0.0220849  -0.0294038  -0.0106023
 -0.0220849           0   0.0180047 -0.00045643
  0.0294038  -0.0180047           0  -0.0176377
  0.0106023  0.00045643   0.0176377           0
Repeater1[0]<--->EndNode1[0]
REAL
   0.323377  0.00795655  0.00401731    0.271532
 0.00795655    0.203896    0.111039  0.00401731
 0.00401731    0.111039    0.167532 -0.00115803
   0.271532  0.00401731 -0.00115803    0.305195
IMAGINARY
          0  -0.0183251   0.0169208 -0.00510037
  0.0183251           0   0.0164186  -0.0033406
 -0.0169208  -0.0164186           0  -0.0137737
 0.00510037   0.0033406   0.0137737           0
Repeater1[0]<--->HoM1[0]
REAL
   0.345912 -0.00221776   0.0121828    0.269833
-0.00221776    0.198742    0.135779  -0.0134583
  0.0121828    0.135779    0.167296   0.0136974
   0.269833  -0.0134583   0.0136974     0.28805
IMAGINARY
          0  -0.0294038   0.0220849  -0.0106023
  0.0294038           0  -0.0180047  -0.0176377
 -0.0220849   0.0180047           0 -0.00045643
  0.0106023   0.0176377  0.00045643           0
EndNode1[0]<--->Repeater1[0]
REAL
   0.361039  -0.0152037 -0.00667092    0.258909
 -0.0152037    0.161039    0.132811  0.00221233
-0.00667092    0.132811    0.187013  0.00182792
   0.258909  0.00221233  0.00182792    0.290909
IMAGINARY
          0   -0.028528  0.00584033  -0.0111798
   0.028528           0  0.00344785 -0.00521298
-0.00584033 -0.00344785           0 -0.00221224
  0.0111798  0.00521298  0.00221224           0
EndNode2[0]<--->HoM1[0]
REAL
  0.345342  0.0354564  0.0177324   0.269268
 0.0354564   0.178882   0.133838  0.0139446
 0.0177324   0.133838   0.170186 -0.0062638
  0.269268  0.0139446 -0.0062638    0.30559
IMAGINARY
          0   0.0105219  0.00552747 -0.00949165
 -0.0105219           0   0.0252397  -0.0267085
-0.00552747  -0.0252397           0 -0.00474527
 0.00949165   0.0267085  0.00474527           0
Repeater1[0]<--->EndNode1[0]
REAL
   0.361039 -0.00667092  -0.0152037    0.258909
-0.00667092    0.187013    0.132811  0.00182792
 -0.0152037    0.132811    0.161039  0.00221233
   0.258909  0.00182792  0.00221233    0.290909
IMAGINARY
          0  0.00584033   -0.028528  -0.0111798
-0.00584033           0 -0.00344785 -0.00221224
   0.028528  0.00344785           0 -0.00521298
  0.0111798  0.00221224  0.00521298           0
Repeater1[0]<--->HoM1[0]
REAL
  0.345342  0.0177324  0.0354564   0.269268
 0.0177324   0.170186   0.133838 -0.0062638
 0.0354564   0.133838   0.178882  0.0139446
  0.269268 -0.0062638  0.0139446    0.30559
IMAGINARY
          0  0.00552747   0.0105219 -0.00949165
-0.00552747           0  -0.0252397 -0.00474527
 -0.0105219   0.0252397           0  -0.0267085
 0.00949165  0.00474527   0.0267085           0
EndNode1[0]<--->Repeater1[0]
REAL
    0.377451   0.00881677    0.0117767     0.272178
  0.00881677     0.193627     0.113915 -0.000518402
   0.0117767     0.113915     0.166667  -0.00815451
    0.272178 -0.000518402  -0.00815451     0.262255
IMAGINARY
           0   -0.0146592  -0.00664381 -0.000431908
   0.0146592            0   -0.0076027    0.0276522
  0.00664381    0.0076027            0  -0.00354809
 0.000431908   -0.0276522   0.00354809            0
EndNode2[0]<--->HoM1[0]
REAL
    0.36541 -0.00823551  -0.0220905     0.29471
-0.00823551    0.172952    0.119576  -0.0166851
 -0.0220905    0.119576    0.159948  -0.0101318
    0.29471  -0.0166851  -0.0101318    0.301691
IMAGINARY
          0  -0.0144417 -0.00155319 -0.00145569
  0.0144417           0   -0.010866  -0.0131527
 0.00155319    0.010866           0 -0.00962245
 0.00145569   0.0131527  0.00962245           0
Repeater1[0]<--->EndNode1[0]
REAL
    0.377451    0.0117767   0.00881677     0.272178
   0.0117767     0.166667     0.113915  -0.00815451
  0.00881677     0.113915     0.193627 -0.000518402
    0.272178  -0.00815451 -0.000518402     0.262255
IMAGINARY
           0  -0.00664381   -0.0146592 -0.000431908
  0.00664381            0    0.0076027  -0.00354809
   0.0146592   -0.0076027            0    0.0276522
 0.000431908   0.00354809   -0.0276522            0
Repeater1[0]<--->HoM1[0]
REAL
    0.36541  -0.0220905 -0.00823551     0.29471
 -0.0220905    0.159948    0.119576  -0.0101318
-0.00823551    0.119576    0.172952  -0.0166851
    0.29471  -0.0101318  -0.0166851    0.301691
IMAGINARY
          0 -0.00155319  -0.0144417 -0.00145569
 0.00155319           0    0.010866 -0.00962245
  0.0144417   -0.010866           0  -0.0131527
 0.00145569  0.00962245   0.0131527           0
EndNode1[0]<--->Repeater1[0]
REAL
   0.360892 -0.00911942 -0.00438511    0.271172
-0.00911942    0.182415    0.110622 -0.00376706
-0.00438511    0.110622    0.190289  -0.0221306
   0.271172 -0.00376706  -0.0221306    0.266404
IMAGINARY
          0  0.00872594 -0.00629922  0.00342914
-0.00872594           0 -0.00592914   0.0213713
 0.00629922  0.00592914           0  -0.0251086
-0.00342914  -0.0213713   0.0251086           0
EndNode2[0]<--->HoM1[0]
REAL
   0.343583  -0.0106654 -0.00336659    0.298593
 -0.0106654    0.183155    0.105066 -0.00760902
-0.00336659    0.105066    0.167112  0.00822633
   0.298593 -0.00760902  0.00822633     0.30615
IMAGINARY
          0  0.00759316 -0.00293457  -0.0083883
-0.00759316           0   0.0256297 -0.00565196
 0.00293457  -0.0256297           0  0.00363538
  0.0083883  0.00565196 -0.00363538           0
Repeater1[0]<--->EndNode1[0]
REAL
   0.360892 -0.00438511 -0.00911942    0.271172
-0.00438511    0.190289    0.110622  -0.0221306
-0.00911942    0.110622    0.182415 -0.00376706
   0.271172  -0.0221306 -0.00376706    0.266404
IMAGINARY
          0 -0.00629922  0.00872594  0.00342914
 0.00629922           0  0.00592914  -0.0251086
-0.00872594 -0.00592914           0   0.0213713
-0.00342914   0.0251086  -0.0213713           0
Repeater1[0]<--->HoM1[0]
REAL
   0.343583 -0.00336659  -0.0106654    0.298593
-0.00336659    0.167112    0.105066  0.00822633
 -0.0106654    0.105066    0.183155 -0.00760902
   0.298593  0.00822633 -0.00760902     0.30615
IMAGINARY
          0 -0.00293457  0.00759316  -0.0083883
 0.00293457           0  -0.0256297  0.00363538
-0.00759316   0.0256297           0 -0.00565196
  0.0083883 -0.00363538  0.00565196           0
EndNode1[0]<--->Repeater1[0]
REAL
   0.323641 0.000238018   0.0114164    0.271262
0.000238018    0.178255    0.118601   0.0179954
  0.0114164    0.118601     0.17952   0.0241675
   0.271262   0.0179954   0.0241675    0.318584
IMAGINARY
          0 -0.00331286 -0.00902334 -0.00407587
 0.00331286           0   0.0118884  0.00762278
 0.00902334  -0.0118884           0   0.0159179
 0.00407587 -0.00762278  -0.0159179           0
EndNode2[0]<--->HoM1[0]
REAL
       0.32 -0.00043885  0.00363742    0.268557
-0.00043885       0.185    0.117863 -0.00240285
 0.00363742    0.117863     0.16875   0.0164882
   0.268557 -0.00240285   0.0164882     0.32625
IMAGINARY
          0  -0.0135612  -0.0016868  0.00060354
  0.0135612           0 -0.00190902  0.00862248
  0.0016868  0.00190902           0  0.00788653
-0.00060354 -0.00862248 -0.00788653           0
Repeater1[0]<--->EndNode1[0]
REAL
   0.323641   0.0114164 0.000238018    0.271262
  0.0114164     0.17952    0.118601   0.0241675
0.000238018    0.118601    0.178255   0.0179954
   0.271262   0.0241675   0.0179954    0.318584
IMAGINARY
          0 -0.00902334 -0.00331286 -0.00407587
 0.00902334           0  -0.0118884   0.0159179
 0.00331286   0.0118884           0  0.00762278
 0.00407587  -0.0159179 -0.00762278           0
Repeater1[0]<--->HoM1[0]
REAL
       0.32  0.00363742 -0.00043885    0.268557
 0.00363742     0.16875    0.117863   0.0164882
-0.00043885    0.117863       0.185 -0.00240285
   0.268557   0.0164882 -0.00240285     0.32625
IMAGINARY
          0  -0.0016868  -0.0135612  0.00060354
  0.0016868           0  0.00190902  0.00788653
  0.0135612 -0.00190902           0  0.00862248
-0.00060354 -0.00788653 -0.00862248           0
EndNode1[0]<--->Repeater1[0]
REAL
  0.330656 0.00546708 -0.0087346   0.266787
0.00546708   0.188755   0.108699 -0.0191513
-0.0087346   0.108699   0.188755 -0.0177887
  0.266787 -0.0191513 -0.0177887   0.291834
IMAGINARY
          0 -0.00564497   0.0054342    0.013879
 0.00564497           0  -0.0111836  -0.0164636
 -0.0054342   0.0111836           0 -0.00170797
  -0.013879   0.0164636  0.00170797           0
EndNode2[0]<--->HoM1[0]
REAL
  0.358289 -0.0132423  0.0147752   0.277803
-0.0132423   0.167112    0.13728 -0.0116067
 0.0147752    0.13728   0.201872  0.0100737
  0.277803 -0.0116067  0.0100737   0.272727
IMAGINARY
          0 -0.00143791   0.0247856  0.00897004
 0.00143791           0  0.00300978   0.0229268
 -0.0247856 -0.00300978           0  -0.0214379
-0.00897004  -0.0229268   0.0214379           0
Repeater1[0]<--->EndNode1[0]
REAL
  0.330656 -0.0087346 0.00546708   0.266787
-0.0087346   0.188755   0.108699 -0.0177887
0.00546708   0.108699   0.188755 -0.0191513
  0.266787 -0.0177887 -0.0191513   0.291834
IMAGINARY
          0   0.0054342 -0.00564497    0.013879
 -0.0054342           0   0.0111836 -0.00170797
 0.00564497  -0.0111836           0  -0.0164636
  -0.013879  0.00170797   0.0164636           0
Repeater1[0]<--->HoM1[0]
REAL
  0.358289  0.0147752 -0.0132423   0.277803
 0.0147752   0.201872    0.13728  0.0100737
-0.0132423    0.13728   0.167112 -0.0116067
  0.277803  0.0100737 -0.0116067   0.272727
IMAGINARY
          0   0.0247856 -0.00143791  0.00897004
 -0.0247856           0 -0.00300978  -0.0214379
 0.00143791  0.00300978           0   0.0229268
-0.00897004   0.0214379  -0.0229268           0
EndNode1[0]<--->Repeater1[0]
REAL
   0.334187  0.00795534 -0.00290464    0.267764
 0.00795534    0.184379    0.127314  0.00679065
-0.00290464    0.127314    0.194622  -0.0260901
   0.267764  0.00679065  -0.0260901    0.286812
IMAGINARY
          0 -0.00425265   0.0109408   0.0230647
 0.00425265           0  0.00903408   0.0134038
 -0.0109408 -0.00903408           0  -0.0101044
 -0.0230647  -0.0134038   0.0101044           0
EndNode2[0]<--->HoM1[0]
REAL
   0.346203    0.015414 0.000190112    0.274495
   0.015414    0.168597    0.127362 -0.00151637
0.000190112    0.127362    0.148005 -0.00347767
   0.274495 -0.00151637 -0.00347767    0.337194
IMAGINARY
          0  0.00922157 -0.00345745  -0.0168958
-0.00922157           0  0.00131143   0.0130116
 0.00345745 -0.00131143           0   0.0105237
  0.0168958  -0.0130116  -0.0105237           0
Repeater1[0]<--->EndNode1[0]
REAL
   0.334187 -0.00290464  0.00795534    0.267764
-0.00290464    0.194622    0.127314  -0.0260901
 0.00795534    0.127314    0.184379  0.00679065
   0.267764  -0.0260901  0.00679065    0.286812
IMAGINARY
          0   0.0109408 -0.00425265   0.0230647
 -0.0109408           0 -0.00903408  -0.0101044
 0.00425265  0.00903408           0   0.0134038
 -0.0230647   0.0101044  -0.0134038           0
Repeater1[0]<--->HoM1[0]
REAL
   0.346203 0.000190112    0.015414    0.274495
0.000190112    0.148005    0.127362 -0.00347767
   0.015414    0.127362    0.168597 -0.00151637
   0.274495 -0.00347767 -0.00151637    0.337194
IMAGINARY
          0 -0.00345745  0.00922157  -0.0168958
 0.00345745           0 -0.00131143   0.0105237
-0.00922157  0.00131143           0   0.0130116
  0.0168958  -0.0105237  -0.0130116           0
EndNode1[0]<--->Repeater1[0]
REAL
   0.326733  0.00191675 -0.00987872    0.273067
 0.00191675    0.183168    0.123267  -0.0021314
-0.00987872    0.123267    0.191832   0.0012438
   0.273067  -0.0021314   0.0012438    0.298267
IMAGINARY
          0  -0.0203222 -0.00815064  0.00566193
  0.0203222           0   0.0122409  0.00215863
 0.00815064  -0.0122409           0  0.00367776
-0.00566193 -0.00215863 -0.00367776           0
EndNode2[0]<--->HoM1[0]
REAL
   0.358871 6.52727e-05  0.00789992    0.277279
6.52727e-05    0.173387    0.149551  -0.0226624
 0.00789992    0.149551    0.169355  -0.0084093
   0.277279  -0.0226624  -0.0084093    0.298387
IMAGINARY
          0 -0.00482624  -0.0233535  -0.0117374
 0.00482624           0   0.0153432  0.00345617
  0.0233535  -0.0153432           0    0.014454
  0.0117374 -0.00345617   -0.014454           0
Repeater1[0]<--->EndNode1[0]
REAL
   0.326733 -0.00987872  0.00191675    0.273067
-0.00987872    0.191832    0.123267   0.0012438
 0.00191675    0.123267    0.183168  -0.0021314
   0.273067   0.0012438  -0.0021314    0.298267
IMAGINARY
          0 -0.00815064  -0.0203222  0.00566193
 0.00815064           0  -0.0122409  0.00367776
  0.0203222   0.0122409           0  0.00215863
-0.00566193 -0.00367776 -0.00215863           0
Repeater1[0]<--->HoM1[0]
REAL
   0.358871  0.00789992 6.52727e-05    0.277279
 0.00789992    0.169355    0.149551  -0.0084093
6.52727e-05    0.149551    0.173387  -0.0226624
   0.277279  -0.0084093  -0.0226624    0.298387
IMAGINARY
          0  -0.0233535 -0.00482624  -0.0117374
  0.0233535           0  -0.0153432    0.014454
 0.00482624   0.0153432           0  0.00345617
  0.0117374   -0.014454 -0.00345617           0
EndNode1[0]<--->Repeater1[0]
REAL
  0.366755 -0.0267411  -0.023514   0.266267
-0.0267411   0.180739   0.123319  -0.017264
 -0.023514   0.123319   0.191293 -0.0240744
  0.266267  -0.017264 -0.0240744   0.261214
IMAGINARY
          0  0.00228105  -0.0122002   0.0081026
-0.00228105           0  0.00746403 -0.00622415
  0.0122002 -0.00746403           0   0.0250379
 -0.0081026  0.00622415  -0.0250379           0
EndNode2[0]<--->HoM1[0]
REAL
  0.354839 -0.0169856 -0.0153008   0.281733
-0.0169856   0.140645    0.12606 -0.0119719
-0.0153008    0.12606   0.183226 0.00140115
  0.281733 -0.0119719 0.00140115    0.32129
IMAGINARY
          0  -0.0150995  -0.0111311   0.0117282
  0.0150995           0  -0.0190713  0.00453475
  0.0111311   0.0190713           0 -0.00600864
 -0.0117282 -0.00453475  0.00600864           0
Repeater1[0]<--->EndNode1[0]
REAL
  0.366755  -0.023514 -0.0267411   0.266267
 -0.023514   0.191293   0.123319 -0.0240744
-0.0267411   0.123319   0.180739  -0.017264
  0.266267 -0.0240744  -0.017264   0.261214
IMAGINARY
          0  -0.0122002  0.00228105   0.0081026
  0.0122002           0 -0.00746403   0.0250379
-0.00228105  0.00746403           0 -0.00622415
 -0.0081026  -0.0250379  0.00622415           0
Repeater1[0]<--->HoM1[0]
REAL
  0.354839 -0.0153008 -0.0169856   0.281733
-0.0153008   0.183226    0.12606 0.00140115
-0.0169856    0.12606   0.140645 -0.0119719
  0.281733 0.00140115 -0.0119719    0.32129
IMAGINARY
          0  -0.0111311  -0.0150995   0.0117282
  0.0111311           0   0.0190713 -0.00600864
  0.0150995  -0.0190713           0  0.00453475
 -0.0117282  0.00600864 -0.00453475           0
EndNode1[0]<--->Repeater1[0]
REAL
   0.379001  -0.0236034  0.00895527    0.266246
 -0.0236034    0.151088    0.131867   -0.020905
 0.00895527    0.131867    0.162612 -0.00469853
   0.266246   -0.020905 -0.00469853    0.307298
IMAGINARY
          0   0.0180103   0.0215087   0.0142248
 -0.0180103           0   -0.022484  0.00918706
 -0.0215087    0.022484           0  -0.0105068
 -0.0142248 -0.00918706   0.0105068           0
EndNode2[0]<--->HoM1[0]
REAL
   0.348344  0.00761839 -0.00769824     0.26155
 0.00761839     0.15894     0.13168   0.0324378
-0.00769824     0.13168    0.189404   0.0119129
    0.26155   0.0324378   0.0119129    0.303311
IMAGINARY
          0  0.00175735   0.0133155  0.00655194
-0.00175735           0   0.0026959   0.0126585
 -0.0133155  -0.0026959           0  0.00733356
-0.00655194  -0.0126585 -0.00733356           0
Repeater1[0]<--->EndNode1[0]
REAL
   0.379001  0.00895527  -0.0236034    0.266246
 0.00895527    0.162612    0.131867 -0.00469853
 -0.0236034    0.131867    0.151088   -0.020905
   0.266246 -0.00469853   -0.020905    0.307298
IMAGINARY
          0   0.0215087   0.0180103   0.0142248
 -0.0215087           0    0.022484  -0.0105068
 -0.0180103   -0.022484           0  0.00918706
 -0.0142248   0.0105068 -0.00918706           0
Repeater1[0]<--->HoM1[0]
REAL
   0.348344 -0.00769824  0.00761839     0.26155
-0.00769824    0.189404     0.13168   0.0119129
 0.00761839     0.13168     0.15894   0.0324378
    0.26155   0.0119129   0.0324378    0.303311
IMAGINARY
          0   0.0133155  0.00175735  0.00655194
 -0.0133155           0  -0.0026959  0.00733356
-0.00175735   0.0026959           0   0.0126585
-0.00655194 -0.00733356  -0.0126585           0
EndNode1[0]<--->Repeater1[0]
REAL
   0.318804 0.000962773 2.92129e-05     0.27579
0.000962773    0.198007    0.109961 -0.00452215
2.92129e-05    0.109961    0.166874 0.000962773
    0.27579 -0.00452215 0.000962773    0.316314
IMAGINARY
          0 -0.00950699 -0.00381294  0.00445924
 0.00950699           0   0.0217892   0.0100943
 0.00381294  -0.0217892           0   0.0107633
-0.00445924  -0.0100943  -0.0107633           0
EndNode2[0]<--->HoM1[0]
REAL
    0.344262   0.00458083   0.00902634     0.283569
  0.00458083     0.180328     0.113971   0.00463487
  0.00902634     0.113971     0.176545 -0.000482465
    0.283569   0.00463487 -0.000482465     0.298865
IMAGINARY
          0  0.00579131  0.00473818 -0.00642774
-0.00579131           0   0.0170098   0.0191312
-0.00473818  -0.0170098           0  -0.0208667
 0.00642774  -0.0191312   0.0208667           0
