EndNode1[0]<--->Repeater1[0]
REAL
  0.441019  0.0156772  -0.029627   0.348969
 0.0156772  0.0616622  0.0354979  0.0302688
 -0.029627  0.0354979    0.10992 -0.0150353
  0.348969  0.0302688 -0.0150353   0.387399
IMAGINARY
           0   0.00744608 -0.000694168   -0.0171746
 -0.00744608            0  -0.00328573  -0.00966853
 0.000694168   0.00328573            0   0.00809797
   0.0171746   0.00966853  -0.00809797            0
EndNode2[0]<--->HoM1[0]
REAL
  0.413015 -0.0302603 -0.0150424   0.349929
-0.0302603  0.0836653  0.0315145 -0.0120194
-0.0150424  0.0315145  0.0677291 -0.0122655
  0.349929 -0.0120194 -0.0122655   0.435591
IMAGINARY
           0   -0.0162212   0.00861817   -0.0222026
   0.0162212            0  -0.00892827    0.0156785
 -0.00861817   0.00892827            0 -0.000402805
   0.0222026   -0.0156785  0.000402805            0
Repeater1[0]<--->EndNode1[0]
REAL
  0.441019  -0.029627  0.0156772   0.348969
 -0.029627    0.10992  0.0354979 -0.0150353
 0.0156772  0.0354979  0.0616622  0.0302688
  0.348969 -0.0150353  0.0302688   0.387399
IMAGINARY
           0 -0.000694168   0.00744608   -0.0171746
 0.000694168            0   0.00328573   0.00809797
 -0.00744608  -0.00328573            0  -0.00966853
   0.0171746  -0.00809797   0.00966853            0
Repeater1[0]<--->HoM1[0]
REAL
  0.413015 -0.0150424 -0.0302603   0.349929
-0.0150424  0.0677291  0.0315145 -0.0122655
-0.0302603  0.0315145  0.0836653 -0.0120194
  0.349929 -0.0122655 -0.0120194   0.435591
IMAGINARY
           0   0.00861817   -0.0162212   -0.0222026
 -0.00861817            0   0.00892827 -0.000402805
   0.0162212  -0.00892827            0    0.0156785
   0.0222026  0.000402805   -0.0156785            0
EndNode1[0]<--->Repeater1[0]
REAL
    0.404792 -0.000425652    5.682e-05     0.351606
-0.000425652    0.0870113    0.0344702   0.00753812
   5.682e-05    0.0344702    0.0819672    0.0029573
    0.351606   0.00753812    0.0029573      0.42623
IMAGINARY
           0   -0.0205515 -0.000116252   0.00537516
   0.0205515            0   -0.0153502   0.00523134
 0.000116252    0.0153502            0  -0.00630276
 -0.00537516  -0.00523134   0.00630276            0
EndNode2[0]<--->HoM1[0]
REAL
   0.411141   0.0149814 -0.00839202    0.342479
  0.0149814    0.066313   0.0482455  0.00902734
-0.00839202   0.0482455   0.0782493  0.00344297
   0.342479  0.00902734  0.00344297    0.444297
IMAGINARY
          0  -0.0304897   0.0219262   0.0150708
  0.0304897           0   0.0302607 -0.00292228
 -0.0219262  -0.0302607           0  -0.0107947
 -0.0150708  0.00292228   0.0107947           0
Repeater1[0]<--->EndNode1[0]
REAL
    0.404792    5.682e-05 -0.000425652     0.351606
   5.682e-05    0.0819672    0.0344702    0.0029573
-0.000425652    0.0344702    0.0870113   0.00753812
    0.351606    0.0029573   0.00753812      0.42623
IMAGINARY
           0 -0.000116252   -0.0205515   0.00537516
 0.000116252            0    0.0153502  -0.00630276
   0.0205515   -0.0153502            0   0.00523134
 -0.00537516   0.00630276  -0.00523134            0
Repeater1[0]<--->HoM1[0]
REAL
   0.411141 -0.00839202   0.0149814    0.342479
-0.00839202   0.0782493   0.0482455  0.00344297
  0.0149814   0.0482455    0.066313  0.00902734
   0.342479  0.00344297  0.00902734    0.444297
IMAGINARY
          0   0.0219262  -0.0304897   0.0150708
 -0.0219262           0  -0.0302607  -0.0107947
  0.0304897   0.0302607           0 -0.00292228
 -0.0150708   0.0107947  0.00292228           0
EndNode1[0]<--->Repeater1[0]
REAL
  0.430693 0.00334979 -0.0126886   0.357819
0.00334979  0.0928218  0.0187237 -0.0126886
-0.0126886  0.0187237  0.0606436 -0.0259835
  0.357819 -0.0126886 -0.0259835   0.415842
IMAGINARY
          0  -0.0185198 -0.00966091 -0.00192823
  0.0185198           0  -0.0226001    0.021629
 0.00966091   0.0226001           0 -0.00275684
 0.00192823   -0.021629  0.00275684           0
EndNode2[0]<--->HoM1[0]
REAL
   0.402831 -0.00275305 -0.00929542    0.354056
-0.00275305   0.0952381   0.0222199  -0.0200413
-0.00929542   0.0222199   0.0888031 -0.00745103
   0.354056  -0.0200413 -0.00745103    0.413127
IMAGINARY
          0  -0.0109304 -0.00133795   0.0089607
  0.0109304           0   0.0139985  0.00711459
 0.00133795  -0.0139985           0  0.00387009
 -0.0089607 -0.00711459 -0.00387009           0
Repeater1[0]<--->EndNode1[0]
REAL
  0.430693 -0.0126886 0.00334979   0.357819
-0.0126886  0.0606436  0.0187237 -0.0259835
0.00334979  0.0187237  0.0928218 -0.0126886
  0.357819 -0.0259835 -0.0126886   0.415842
IMAGINARY
          0 -0.00966091  -0.0185198 -0.00192823
 0.00966091           0   0.0226001 -0.00275684
  0.0185198  -0.0226001           0    0.021629
 0.00192823  0.00275684   -0.021629           0
Repeater1[0]<--->HoM1[0]
REAL
   0.402831 -0.00929542 -0.00275305    0.354056
-0.00929542   0.0888031   0.0222199 -0.00745103
-0.00275305   0.0222199   0.0952381  -0.0200413
   0.354056 -0.00745103  -0.0200413    0.413127
IMAGINARY
          0 -0.00133795  -0.0109304   0.0089607
 0.00133795           0  -0.0139985  0.00387009
  0.0109304   0.0139985           0  0.00711459
 -0.0089607 -0.00387009 -0.00711459           0
EndNode1[0]<--->Repeater1[0]
REAL
   0.429119   0.0226366  0.00942805    0.346661
  0.0226366   0.0485313   0.0426615 -0.00291763
 0.00942805   0.0426615    0.106003 -0.00440743
   0.346661 -0.00291763 -0.00440743    0.416347
IMAGINARY
          0  -0.0199646   0.0052425 -0.00335622
  0.0199646           0   0.0173156   0.0360908
 -0.0052425  -0.0173156           0 -0.00670203
 0.00335622  -0.0360908  0.00670203           0
EndNode2[0]<--->HoM1[0]
REAL
   0.43375  0.0170455 0.00948284   0.348371
 0.0170455     0.0725  0.0338346  0.0218455
0.00948284  0.0338346    0.07875 0.00425777
  0.348371  0.0218455 0.00425777      0.415
IMAGINARY
          0  0.00348156  0.00594033  -0.0178866
-0.00348156           0 -0.00144327  -0.0009278
-0.00594033  0.00144327           0  0.00153097
  0.0178866   0.0009278 -0.00153097           0
Repeater1[0]<--->EndNode1[0]
REAL
   0.429119  0.00942805   0.0226366    0.346661
 0.00942805    0.106003   0.0426615 -0.00440743
  0.0226366   0.0426615   0.0485313 -0.00291763
   0.346661 -0.00440743 -0.00291763    0.416347
IMAGINARY
          0   0.0052425  -0.0199646 -0.00335622
 -0.0052425           0  -0.0173156 -0.00670203
  0.0199646   0.0173156           0   0.0360908
 0.00335622  0.00670203  -0.0360908           0
Repeater1[0]<--->HoM1[0]
REAL
   0.43375 0.00948284  0.0170455   0.348371
0.00948284    0.07875  0.0338346 0.00425777
 0.0170455  0.0338346     0.0725  0.0218455
  0.348371 0.00425777  0.0218455      0.415
IMAGINARY
          0  0.00594033  0.00348156  -0.0178866
-0.00594033           0  0.00144327  0.00153097
-0.00348156 -0.00144327           0  -0.0009278
  0.0178866 -0.00153097   0.0009278           0
EndNode1[0]<--->Repeater1[0]
REAL
  0.418694  0.0188306 0.00761854   0.344605
 0.0188306  0.0742638  0.0158892  0.0183074
0.00761854  0.0158892  0.0819462  0.0182064
  0.344605  0.0183074  0.0182064   0.425096
IMAGINARY
           0  0.000417805  -0.00296222   0.00825882
-0.000417805            0   -0.0068927    0.0130378
  0.00296222    0.0068927            0     -0.01805
 -0.00825882   -0.0130378      0.01805            0
EndNode2[0]<--->HoM1[0]
REAL
  0.396226 0.00248305  0.0140685   0.343174
0.00248305  0.0855346  0.0319938  0.0188174
 0.0140685  0.0319938  0.0792453  0.0317451
  0.343174  0.0188174  0.0317451   0.438994
IMAGINARY
           0   -0.0298849     0.027419  -0.00382439
   0.0298849            0 -0.000102309    0.0129536
   -0.027419  0.000102309            0 -0.000549855
  0.00382439   -0.0129536  0.000549855            0
Repeater1[0]<--->EndNode1[0]
REAL
  0.418694 0.00761854  0.0188306   0.344605
0.00761854  0.0819462  0.0158892  0.0182064
 0.0188306  0.0158892  0.0742638  0.0183074
  0.344605  0.0182064  0.0183074   0.425096
IMAGINARY
           0  -0.00296222  0.000417805   0.00825882
  0.00296222            0    0.0068927     -0.01805
-0.000417805   -0.0068927            0    0.0130378
 -0.00825882      0.01805   -0.0130378            0
Repeater1[0]<--->HoM1[0]
REAL
  0.396226  0.0140685 0.00248305   0.343174
 0.0140685  0.0792453  0.0319938  0.0317451
0.00248305  0.0319938  0.0855346  0.0188174
  0.343174  0.0317451  0.0188174   0.438994
IMAGINARY
           0     0.027419   -0.0298849  -0.00382439
   -0.027419            0  0.000102309 -0.000549855
   0.0298849 -0.000102309            0    0.0129536
  0.00382439  0.000549855   -0.0129536            0
EndNode1[0]<--->Repeater1[0]
REAL
   0.42973  0.0258342 -0.0089025   0.350875
 0.0258342  0.0891892  0.0260091  0.0277467
-0.0089025  0.0260091  0.0756757  0.0055728
  0.350875  0.0277467  0.0055728   0.405405
IMAGINARY
          0 -0.00234954   0.0125658   0.0200243
 0.00234954           0   0.0200243  0.00481387
 -0.0125658  -0.0200243           0 -0.00299805
 -0.0200243 -0.00481387  0.00299805           0
EndNode2[0]<--->HoM1[0]
REAL
   0.446292   0.0177268  0.00576054    0.362993
  0.0177268   0.0754476   0.0374112   0.0177926
 0.00576054   0.0374112   0.0690537 0.000442816
   0.362993   0.0177926 0.000442816    0.409207
IMAGINARY
          0  -0.0146606   0.0125472   0.0143548
  0.0146606           0  0.00615805   0.0184605
 -0.0125472 -0.00615805           0  -0.0202231
 -0.0143548  -0.0184605   0.0202231           0
Repeater1[0]<--->EndNode1[0]
REAL
   0.42973 -0.0089025  0.0258342   0.350875
-0.0089025  0.0756757  0.0260091  0.0055728
 0.0258342  0.0260091  0.0891892  0.0277467
  0.350875  0.0055728  0.0277467   0.405405
IMAGINARY
          0   0.0125658 -0.00234954   0.0200243
 -0.0125658           0  -0.0200243 -0.00299805
 0.00234954   0.0200243           0  0.00481387
 -0.0200243  0.00299805 -0.00481387           0
Repeater1[0]<--->HoM1[0]
REAL
   0.446292  0.00576054   0.0177268    0.362993
 0.00576054   0.0690537   0.0374112 0.000442816
  0.0177268   0.0374112   0.0754476   0.0177926
   0.362993 0.000442816   0.0177926    0.409207
IMAGINARY
          0   0.0125472  -0.0146606   0.0143548
 -0.0125472           0 -0.00615805  -0.0202231
  0.0146606  0.00615805           0   0.0184605
 -0.0143548   0.0202231  -0.0184605           0
EndNode1[0]<--->Repeater1[0]
REAL
   0.42236 -0.0160182 -0.0159701   0.347828
-0.0160182  0.0720497  0.0240678  -0.029128
-0.0159701  0.0240678  0.0857143 -0.0081648
  0.347828  -0.029128 -0.0081648   0.419876
IMAGINARY
           0 -0.000633945    0.0336462    -0.014426
 0.000633945            0  -0.00111803  -0.00623108
  -0.0336462   0.00111803            0   -0.0150319
    0.014426   0.00623108    0.0150319            0
EndNode2[0]<--->HoM1[0]
REAL
   0.435115  0.00581532  0.00947318    0.366106
 0.00581532   0.0763359   0.0185612 -0.00879475
 0.00947318   0.0185612    0.062341  0.00707477
   0.366106 -0.00879475  0.00707477    0.426209
IMAGINARY
          0  -0.0088515 -0.00472061 -0.00747041
  0.0088515           0   0.0139304  0.00859658
 0.00472061  -0.0139304           0   0.0230634
 0.00747041 -0.00859658  -0.0230634           0
Repeater1[0]<--->EndNode1[0]
REAL
   0.42236 -0.0159701 -0.0160182   0.347828
-0.0159701  0.0857143  0.0240678 -0.0081648
-0.0160182  0.0240678  0.0720497  -0.029128
  0.347828 -0.0081648  -0.029128   0.419876
IMAGINARY
           0    0.0336462 -0.000633945    -0.014426
  -0.0336462            0   0.00111803   -0.0150319
 0.000633945  -0.00111803            0  -0.00623108
    0.014426    0.0150319   0.00623108            0
Repeater1[0]<--->HoM1[0]
REAL
   0.435115  0.00947318  0.00581532    0.366106
 0.00947318    0.062341   0.0185612  0.00707477
 0.00581532   0.0185612   0.0763359 -0.00879475
   0.366106  0.00707477 -0.00879475    0.426209
IMAGINARY
          0 -0.00472061  -0.0088515 -0.00747041
 0.00472061           0  -0.0139304   0.0230634
  0.0088515   0.0139304           0  0.00859658
 0.00747041  -0.0230634 -0.00859658           0
EndNode1[0]<--->Repeater1[0]
REAL
   0.421833 -0.00485679   0.0102503    0.354097
-0.00485679   0.0700809   0.0375594   0.0127883
  0.0102503   0.0375594   0.0781671  0.00423412
   0.354097   0.0127883  0.00423412    0.429919
IMAGINARY
           0 -0.000331772   -0.0153905    0.0303751
 0.000331772            0    0.0329003   -0.0233692
   0.0153905   -0.0329003            0    0.0132517
  -0.0303751    0.0233692   -0.0132517            0
EndNode2[0]<--->HoM1[0]
REAL
   0.447268   0.0200993  -0.0139843    0.358406
  0.0200993   0.0673443    0.021349  0.00723585
 -0.0139843    0.021349   0.0711563 -0.00230788
   0.358406  0.00723585 -0.00230788    0.414231
IMAGINARY
           0   -0.0232686    0.0176937 -0.000904876
   0.0232686            0  -0.00791125    0.0145008
  -0.0176937   0.00791125            0   -0.0273227
 0.000904876   -0.0145008    0.0273227            0
Repeater1[0]<--->EndNode1[0]
REAL
   0.421833   0.0102503 -0.00485679    0.354097
  0.0102503   0.0781671   0.0375594  0.00423412
-0.00485679   0.0375594   0.0700809   0.0127883
   0.354097  0.00423412   0.0127883    0.429919
IMAGINARY
           0   -0.0153905 -0.000331772    0.0303751
   0.0153905            0   -0.0329003    0.0132517
 0.000331772    0.0329003            0   -0.0233692
  -0.0303751   -0.0132517    0.0233692            0
Repeater1[0]<--->HoM1[0]
REAL
   0.447268  -0.0139843   0.0200993    0.358406
 -0.0139843   0.0711563    0.021349 -0.00230788
  0.0200993    0.021349   0.0673443  0.00723585
   0.358406 -0.00230788  0.00723585    0.414231
IMAGINARY
           0    0.0176937   -0.0232686 -0.000904876
  -0.0176937            0   0.00791125   -0.0273227
   0.0232686  -0.00791125            0    0.0145008
 0.000904876    0.0273227   -0.0145008            0
EndNode1[0]<--->Repeater1[0]
REAL
  0.387805  0.0125948 0.00906384   0.337363
 0.0125948  0.0829268  0.0246193 0.00160115
0.00906384  0.0246193  0.0890244 0.00308906
  0.337363 0.00160115 0.00308906   0.440244
IMAGINARY
         0  0.0162582 -0.0275141  0.0134098
-0.0162582          0 -0.0101504 -0.0108474
 0.0275141  0.0101504          0  0.0169017
-0.0134098  0.0108474 -0.0169017          0
EndNode2[0]<--->HoM1[0]
REAL
   0.430079  0.00451449    0.000445    0.348909
 0.00451449   0.0725594   0.0408152  -0.0079638
   0.000445   0.0408152   0.0646438 -0.00952702
   0.348909  -0.0079638 -0.00952702    0.432718
IMAGINARY
          0 -0.00782273  0.00127157   0.0153018
 0.00782273           0   0.0109431  -0.0117154
-0.00127157  -0.0109431           0 -0.00392662
 -0.0153018   0.0117154  0.00392662           0
Repeater1[0]<--->EndNode1[0]
REAL
  0.387805 0.00906384  0.0125948   0.337363
0.00906384  0.0890244  0.0246193 0.00308906
 0.0125948  0.0246193  0.0829268 0.00160115
  0.337363 0.00308906 0.00160115   0.440244
IMAGINARY
         0 -0.0275141  0.0162582  0.0134098
 0.0275141          0  0.0101504  0.0169017
-0.0162582 -0.0101504          0 -0.0108474
-0.0134098 -0.0169017  0.0108474          0
Repeater1[0]<--->HoM1[0]
REAL
   0.430079    0.000445  0.00451449    0.348909
   0.000445   0.0646438   0.0408152 -0.00952702
 0.00451449   0.0408152   0.0725594  -0.0079638
   0.348909 -0.00952702  -0.0079638    0.432718
IMAGINARY
          0  0.00127157 -0.00782273   0.0153018
-0.00127157           0  -0.0109431 -0.00392662
 0.00782273   0.0109431           0  -0.0117154
 -0.0153018  0.00392662   0.0117154           0
EndNode1[0]<--->Repeater1[0]
REAL
   0.457405  0.00824257  -0.0144306    0.342558
 0.00824257   0.0668414    0.039075 0.000144849
 -0.0144306    0.039075   0.0642202 -0.00212012
   0.342558 0.000144849 -0.00212012    0.411533
IMAGINARY
          0   0.0134465 -0.00465457  0.00431368
 -0.0134465           0  0.00366178 -0.00156434
 0.00465457 -0.00366178           0  0.00272265
-0.00431368  0.00156434 -0.00272265           0
EndNode2[0]<--->HoM1[0]
REAL
    0.380952   0.00388567 -0.000937891     0.374161
  0.00388567    0.0823681    0.0307198  0.000312109
-0.000937891    0.0307198    0.0990991    0.0155136
    0.374161  0.000312109    0.0155136      0.43758
IMAGINARY
          0  0.00108415   0.0130043  -0.0113489
-0.00108415           0   0.0113489  0.00180532
 -0.0130043  -0.0113489           0 -0.00319981
  0.0113489 -0.00180532  0.00319981           0
Repeater1[0]<--->EndNode1[0]
REAL
   0.457405  -0.0144306  0.00824257    0.342558
 -0.0144306   0.0642202    0.039075 -0.00212012
 0.00824257    0.039075   0.0668414 0.000144849
   0.342558 -0.00212012 0.000144849    0.411533
IMAGINARY
          0 -0.00465457   0.0134465  0.00431368
 0.00465457           0 -0.00366178  0.00272265
 -0.0134465  0.00366178           0 -0.00156434
-0.00431368 -0.00272265  0.00156434           0
Repeater1[0]<--->HoM1[0]
REAL
    0.380952 -0.000937891   0.00388567     0.374161
-0.000937891    0.0990991    0.0307198    0.0155136
  0.00388567    0.0307198    0.0823681  0.000312109
    0.374161    0.0155136  0.000312109      0.43758
IMAGINARY
          0   0.0130043  0.00108415  -0.0113489
 -0.0130043           0  -0.0113489 -0.00319981
-0.00108415   0.0113489           0  0.00180532
  0.0113489  0.00319981 -0.00180532           0
EndNode1[0]<--->Repeater1[0]
REAL
   0.416223 -0.00475531  -0.0241618    0.367526
-0.00475531   0.0771277   0.0306107  0.00739161
 -0.0241618   0.0306107   0.0638298   0.0078609
   0.367526  0.00739161   0.0078609    0.442819
IMAGINARY
          0   0.0231418  0.00295889  0.00404952
 -0.0231418           0   0.0288537 -0.00106256
-0.00295889  -0.0288537           0  -0.0136602
-0.00404952  0.00106256   0.0136602           0
EndNode2[0]<--->HoM1[0]
REAL
   0.450122  -0.0307354 -0.00705531    0.351997
 -0.0307354    0.080292   0.0465913  -0.0077072
-0.00705531   0.0465913   0.0583942   0.0121218
   0.351997  -0.0077072   0.0121218    0.411192
IMAGINARY
          0  0.00449869  -0.0027027  -0.0104396
-0.00449869           0 -0.00667071  -0.0027027
  0.0027027  0.00667071           0  0.00901482
  0.0104396   0.0027027 -0.00901482           0
Repeater1[0]<--->EndNode1[0]
REAL
   0.416223  -0.0241618 -0.00475531    0.367526
 -0.0241618   0.0638298   0.0306107   0.0078609
-0.00475531   0.0306107   0.0771277  0.00739161
   0.367526   0.0078609  0.00739161    0.442819
IMAGINARY
          0  0.00295889   0.0231418  0.00404952
-0.00295889           0  -0.0288537  -0.0136602
 -0.0231418   0.0288537           0 -0.00106256
-0.00404952   0.0136602  0.00106256           0
Repeater1[0]<--->HoM1[0]
REAL
   0.450122 -0.00705531  -0.0307354    0.351997
-0.00705531   0.0583942   0.0465913   0.0121218
 -0.0307354   0.0465913    0.080292  -0.0077072
   0.351997   0.0121218  -0.0077072    0.411192
IMAGINARY
          0  -0.0027027  0.00449869  -0.0104396
  0.0027027           0  0.00667071  0.00901482
-0.00449869 -0.00667071           0  -0.0027027
  0.0104396 -0.00901482   0.0027027           0
EndNode1[0]<--->Repeater1[0]
REAL
  0.405836 -0.0133809  0.0103609   0.367205
-0.0133809   0.100796  0.0237039 -0.0170276
 0.0103609  0.0237039  0.0769231  0.0212597
  0.367205 -0.0170276  0.0212597   0.416446
IMAGINARY
          0  -0.0241219   0.0223178  -0.0125002
  0.0241219           0   0.0131063   0.0267538
 -0.0223178  -0.0131063           0 -0.00638208
  0.0125002  -0.0267538  0.00638208           0
EndNode2[0]<--->HoM1[0]
REAL
    0.427673 -0.000579421   -0.0151379     0.350928
-0.000579421    0.0704403     0.036063  -0.00391597
  -0.0151379     0.036063    0.0754717  -0.00796197
    0.350928  -0.00391597  -0.00796197     0.426415
IMAGINARY
          0   0.0148523 -0.00602154 -0.00681308
 -0.0148523           0 -0.00619807  -0.0156001
 0.00602154  0.00619807           0   0.0135261
 0.00681308   0.0156001  -0.0135261           0
Repeater1[0]<--->EndNode1[0]
REAL
  0.405836  0.0103609 -0.0133809   0.367205
 0.0103609  0.0769231  0.0237039  0.0212597
-0.0133809  0.0237039   0.100796 -0.0170276
  0.367205  0.0212597 -0.0170276   0.416446
IMAGINARY
          0   0.0223178  -0.0241219  -0.0125002
 -0.0223178           0  -0.0131063 -0.00638208
  0.0241219   0.0131063           0   0.0267538
  0.0125002  0.00638208  -0.0267538           0
Repeater1[0]<--->HoM1[0]
REAL
    0.427673   -0.0151379 -0.000579421     0.350928
  -0.0151379    0.0754717     0.036063  -0.00796197
-0.000579421     0.036063    0.0704403  -0.00391597
    0.350928  -0.00796197  -0.00391597     0.426415
IMAGINARY
          0 -0.00602154   0.0148523 -0.00681308
 0.00602154           0  0.00619807   0.0135261
 -0.0148523 -0.00619807           0  -0.0156001
 0.00681308  -0.0135261   0.0156001           0
EndNode1[0]<--->Repeater1[0]
REAL
     0.4525  -0.0172473  0.00334125     0.35388
 -0.0172473     0.06875   0.0296905  -0.0104564
 0.00334125   0.0296905        0.07 -0.00280442
    0.35388  -0.0104564 -0.00280442     0.40875
IMAGINARY
          0  0.00200228 -0.00781062  0.00867229
-0.00200228           0  -0.0164242 -0.00216444
 0.00781062   0.0164242           0   0.0241823
-0.00867229  0.00216444  -0.0241823           0
EndNode2[0]<--->HoM1[0]
REAL
   0.428962  0.00384919 -0.00101729    0.354897
 0.00384919    0.079235   0.0184883   0.0139372
-0.00101729   0.0184883    0.068306   0.0245746
   0.354897   0.0139372   0.0245746    0.423497
IMAGINARY
          0  -0.0149795  0.00655088  -0.0118864
  0.0149795           0  -0.0200013   0.0174344
-0.00655088   0.0200013           0  0.00698437
  0.0118864  -0.0174344 -0.00698437           0
Repeater1[0]<--->EndNode1[0]
REAL
     0.4525  0.00334125  -0.0172473     0.35388
 0.00334125        0.07   0.0296905 -0.00280442
 -0.0172473   0.0296905     0.06875  -0.0104564
    0.35388 -0.00280442  -0.0104564     0.40875
IMAGINARY
          0 -0.00781062  0.00200228  0.00867229
 0.00781062           0   0.0164242   0.0241823
-0.00200228  -0.0164242           0 -0.00216444
-0.00867229  -0.0241823  0.00216444           0
Repeater1[0]<--->HoM1[0]
REAL
   0.428962 -0.00101729  0.00384919    0.354897
-0.00101729    0.068306   0.0184883   0.0245746
 0.00384919   0.0184883    0.079235   0.0139372
   0.354897   0.0245746   0.0139372    0.423497
IMAGINARY
          0  0.00655088  -0.0149795  -0.0118864
-0.00655088           0   0.0200013  0.00698437
  0.0149795  -0.0200013           0   0.0174344
  0.0118864 -0.00698437  -0.0174344           0
EndNode1[0]<--->Repeater1[0]
REAL
   0.438392 -0.00391251  -0.0233694    0.347138
-0.00391251   0.0907912   0.0173779   0.0162726
 -0.0233694   0.0173779   0.0817121 0.000686703
   0.347138   0.0162726 0.000686703    0.389105
IMAGINARY
          0  0.00942242 -0.00954366   0.0339454
-0.00942242           0 -0.00931159   0.0328728
 0.00954366  0.00931159           0  0.00381844
 -0.0339454  -0.0328728 -0.00381844           0
EndNode2[0]<--->HoM1[0]
REAL
  0.438788  0.0368232  0.0146545    0.35247
 0.0368232   0.070303  0.0327336 0.00447813
 0.0146545  0.0327336  0.0690909 0.00271764
   0.35247 0.00447813 0.00271764   0.421818
IMAGINARY
          0  0.00460526  -0.0154004  0.00901225
-0.00460526           0    0.013265   0.0101372
  0.0154004   -0.013265           0  0.00460526
-0.00901225  -0.0101372 -0.00460526           0
Repeater1[0]<--->EndNode1[0]
REAL
   0.438392  -0.0233694 -0.00391251    0.347138
 -0.0233694   0.0817121   0.0173779 0.000686703
-0.00391251   0.0173779   0.0907912   0.0162726
   0.347138 0.000686703   0.0162726    0.389105
IMAGINARY
          0 -0.00954366  0.00942242   0.0339454
 0.00954366           0  0.00931159  0.00381844
-0.00942242 -0.00931159           0   0.0328728
 -0.0339454 -0.00381844  -0.0328728           0
Repeater1[0]<--->HoM1[0]
REAL
  0.438788  0.0146545  0.0368232    0.35247
 0.0146545  0.0690909  0.0327336 0.00271764
 0.0368232  0.0327336   0.070303 0.00447813
   0.35247 0.00271764 0.00447813   0.421818
IMAGINARY
          0  -0.0154004  0.00460526  0.00901225
  0.0154004           0   -0.013265  0.00460526
-0.00460526    0.013265           0   0.0101372
-0.00901225 -0.00460526  -0.0101372           0
EndNode1[0]<--->Repeater1[0]
REAL
   0.43375  0.0105681  0.0229234   0.356694
 0.0105681       0.06   0.029821 -0.0102398
 0.0229234   0.029821    0.08625 0.00612083
  0.356694 -0.0102398 0.00612083       0.42
IMAGINARY
          0  -0.0030396  0.00419171  -0.0111453
  0.0030396           0  -0.0117905  0.00485221
-0.00419171   0.0117905           0 -0.00858831
  0.0111453 -0.00485221  0.00858831           0
EndNode2[0]<--->HoM1[0]
REAL
   0.429907  -0.0116685  -0.0105992    0.350567
 -0.0116685    0.070761   0.0346784 -0.00264165
 -0.0105992   0.0346784   0.0761015 -0.00535541
   0.350567 -0.00264165 -0.00535541    0.423231
IMAGINARY
          0  -0.0122565   0.0301088   0.0159663
  0.0122565           0  -0.0132925  0.00204757
 -0.0301088   0.0132925           0 -0.00981155
 -0.0159663 -0.00204757  0.00981155           0
Repeater1[0]<--->EndNode1[0]
REAL
   0.43375  0.0229234  0.0105681   0.356694
 0.0229234    0.08625   0.029821 0.00612083
 0.0105681   0.029821       0.06 -0.0102398
  0.356694 0.00612083 -0.0102398       0.42
IMAGINARY
          0  0.00419171  -0.0030396  -0.0111453
-0.00419171           0   0.0117905 -0.00858831
  0.0030396  -0.0117905           0  0.00485221
  0.0111453  0.00858831 -0.00485221           0
Repeater1[0]<--->HoM1[0]
REAL
   0.429907  -0.0105992  -0.0116685    0.350567
 -0.0105992   0.0761015   0.0346784 -0.00535541
 -0.0116685   0.0346784    0.070761 -0.00264165
   0.350567 -0.00535541 -0.00264165    0.423231
IMAGINARY
          0   0.0301088  -0.0122565   0.0159663
 -0.0301088           0   0.0132925 -0.00981155
  0.0122565  -0.0132925           0  0.00204757
 -0.0159663  0.00981155 -0.00204757           0
EndNode1[0]<--->Repeater1[0]
REAL
   0.423515  -0.0106802  0.00302573    0.347569
 -0.0106802   0.0670038   0.0217712  -0.0191965
 0.00302573   0.0217712   0.0745891 0.000977787
   0.347569  -0.0191965 0.000977787    0.434893
IMAGINARY
          0 -0.00130845 -0.00386143  -0.0165827
 0.00130845           0  0.00605638  0.00120186
 0.00386143 -0.00605638           0  -0.0186384
  0.0165827 -0.00120186   0.0186384           0
EndNode2[0]<--->HoM1[0]
REAL
  0.421734 -0.0165371 -0.0229845   0.347333
-0.0165371  0.0789133  0.0451793  0.0121149
-0.0229845  0.0451793  0.0737387 0.00929072
  0.347333  0.0121149 0.00929072   0.425614
IMAGINARY
          0 -0.00727931  0.00824546  0.00907963
 0.00727931           0  -0.0363749    0.024729
-0.00824546   0.0363749           0    0.010644
-0.00907963   -0.024729   -0.010644           0
Repeater1[0]<--->EndNode1[0]
REAL
   0.423515  0.00302573  -0.0106802    0.347569
 0.00302573   0.0745891   0.0217712 0.000977787
 -0.0106802   0.0217712   0.0670038  -0.0191965
   0.347569 0.000977787  -0.0191965    0.434893
IMAGINARY
          0 -0.00386143 -0.00130845  -0.0165827
 0.00386143           0 -0.00605638  -0.0186384
 0.00130845  0.00605638           0  0.00120186
  0.0165827   0.0186384 -0.00120186           0
Repeater1[0]<--->HoM1[0]
REAL
  0.421734 -0.0229845 -0.0165371   0.347333
-0.0229845  0.0737387  0.0451793 0.00929072
-0.0165371  0.0451793  0.0789133  0.0121149
  0.347333 0.00929072  0.0121149   0.425614
IMAGINARY
          0  0.00824546 -0.00727931  0.00907963
-0.00824546           0   0.0363749    0.010644
 0.00727931  -0.0363749           0    0.024729
-0.00907963   -0.010644   -0.024729           0
EndNode1[0]<--->Repeater1[0]
REAL
   0.434893  0.00100806 -0.00849976    0.359255
 0.00100806    0.079646   0.0312384  0.00428797
-0.00849976   0.0312384   0.0644753 -0.00160974
   0.359255  0.00428797 -0.00160974    0.420986
IMAGINARY
          0   0.0370543  0.00373943  -0.0119186
 -0.0370543           0  0.00354536  -0.0321722
-0.00373943 -0.00354536           0  0.00802201
  0.0119186   0.0321722 -0.00802201           0
EndNode2[0]<--->HoM1[0]
REAL
  0.422589  0.0119918 0.00950151   0.355009
 0.0119918  0.0799492  0.0225158 0.00817525
0.00950151  0.0225158  0.0951777 0.00947288
  0.355009 0.00817525 0.00947288   0.402284
IMAGINARY
          0   0.0116384  0.00159393 -0.00327992
 -0.0116384           0   0.0120739 -0.00789116
-0.00159393  -0.0120739           0 -0.00660061
 0.00327992  0.00789116  0.00660061           0
Repeater1[0]<--->EndNode1[0]
REAL
   0.434893 -0.00849976  0.00100806    0.359255
-0.00849976   0.0644753   0.0312384 -0.00160974
 0.00100806   0.0312384    0.079646  0.00428797
   0.359255 -0.00160974  0.00428797    0.420986
IMAGINARY
          0  0.00373943   0.0370543  -0.0119186
-0.00373943           0 -0.00354536  0.00802201
 -0.0370543  0.00354536           0  -0.0321722
  0.0119186 -0.00802201   0.0321722           0
Repeater1[0]<--->HoM1[0]
REAL
  0.422589 0.00950151  0.0119918   0.355009
0.00950151  0.0951777  0.0225158 0.00947288
 0.0119918  0.0225158  0.0799492 0.00817525
  0.355009 0.00947288 0.00817525   0.402284
IMAGINARY
          0  0.00159393   0.0116384 -0.00327992
-0.00159393           0  -0.0120739 -0.00660061
 -0.0116384   0.0120739           0 -0.00789116
 0.00327992  0.00660061  0.00789116           0
EndNode1[0]<--->Repeater1[0]
REAL
   0.447205  0.00561097 -0.00977248    0.365417
 0.00561097   0.0596273   0.0263361   0.0149271
-0.00977248   0.0263361   0.0670807 -0.00561097
   0.365417   0.0149271 -0.00561097    0.426087
IMAGINARY
          0   0.0118662 -0.00144182 -0.00892889
 -0.0118662           0 -0.00827013  -0.0119681
 0.00144182  0.00827013           0  0.00920661
 0.00892889   0.0119681 -0.00920661           0
EndNode2[0]<--->HoM1[0]
REAL
  0.433002 -0.0154887 -0.0297597   0.331475
-0.0154887  0.0781638   0.020962 -0.0341402
-0.0297597   0.020962  0.0657568 -0.0115205
  0.331475 -0.0341402 -0.0115205   0.423077
IMAGINARY
          0  0.00357618   0.0246622  -0.0268326
-0.00357618           0  0.00959123  -0.0271072
 -0.0246622 -0.00959123           0  -0.0268036
  0.0268326   0.0271072   0.0268036           0
Repeater1[0]<--->EndNode1[0]
REAL
   0.447205 -0.00977248  0.00561097    0.365417
-0.00977248   0.0670807   0.0263361 -0.00561097
 0.00561097   0.0263361   0.0596273   0.0149271
   0.365417 -0.00561097   0.0149271    0.426087
IMAGINARY
          0 -0.00144182   0.0118662 -0.00892889
 0.00144182           0  0.00827013  0.00920661
 -0.0118662 -0.00827013           0  -0.0119681
 0.00892889 -0.00920661   0.0119681           0
Repeater1[0]<--->HoM1[0]
REAL
  0.433002 -0.0297597 -0.0154887   0.331475
-0.0297597  0.0657568   0.020962 -0.0115205
-0.0154887   0.020962  0.0781638 -0.0341402
  0.331475 -0.0115205 -0.0341402   0.423077
IMAGINARY
          0   0.0246622  0.00357618  -0.0268326
 -0.0246622           0 -0.00959123  -0.0268036
-0.00357618  0.00959123           0  -0.0271072
  0.0268326   0.0268036   0.0271072           0
EndNode1[0]<--->Repeater1[0]
REAL
 0.444595 0.0130947 0.0182081  0.350784
0.0130947 0.0810811  0.017236 0.0262081
0.0182081  0.017236  0.072973 0.0211692
 0.350784 0.0262081 0.0211692  0.401351
IMAGINARY
          0  -0.0180152   0.0193182   0.0145549
  0.0180152           0 -0.00497635   0.0161656
 -0.0193182  0.00497635           0  0.00704746
 -0.0145549  -0.0161656 -0.00704746           0
EndNode2[0]<--->HoM1[0]
REAL
   0.413095   0.0063921  0.00999088    0.348093
  0.0063921   0.0738095   0.0376601   0.0142027
 0.00999088   0.0376601    0.077381 -0.00504801
   0.348093   0.0142027 -0.00504801    0.435714
IMAGINARY
          0  0.00921173   0.0191526   0.0137178
-0.00921173           0   0.0043545  -0.0267862
 -0.0191526  -0.0043545           0  0.00987224
 -0.0137178   0.0267862 -0.00987224           0
Repeater1[0]<--->EndNode1[0]
REAL
 0.444595 0.0182081 0.0130947  0.350784
0.0182081  0.072973  0.017236 0.0211692
0.0130947  0.017236 0.0810811 0.0262081
 0.350784 0.0211692 0.0262081  0.401351
IMAGINARY
          0   0.0193182  -0.0180152   0.0145549
 -0.0193182           0  0.00497635  0.00704746
  0.0180152 -0.00497635           0   0.0161656
 -0.0145549 -0.00704746  -0.0161656           0
Repeater1[0]<--->HoM1[0]
REAL
   0.413095  0.00999088   0.0063921    0.348093
 0.00999088    0.077381   0.0376601 -0.00504801
  0.0063921   0.0376601   0.0738095   0.0142027
   0.348093 -0.00504801   0.0142027    0.435714
IMAGINARY
          0   0.0191526  0.00921173   0.0137178
 -0.0191526           0  -0.0043545  0.00987224
-0.00921173   0.0043545           0  -0.0267862
 -0.0137178 -0.00987224   0.0267862           0
EndNode1[0]<--->Repeater1[0]
REAL
   0.433498 -0.00317934  0.00247298    0.351496
-0.00317934   0.0640394   0.0387474  -0.0173781
 0.00247298   0.0387474   0.0812808 -0.00766077
   0.351496  -0.0173781 -0.00766077    0.421182
IMAGINARY
           0  0.000391047   0.00317184  -0.00444555
-0.000391047            0   -0.0109391    0.0121004
 -0.00317184    0.0109391            0   0.00425703
  0.00444555   -0.0121004  -0.00425703            0
EndNode2[0]<--->HoM1[0]
REAL
  0.454194  -0.011746 0.00170973   0.346899
 -0.011746  0.0709677  0.0344784 -0.0195669
0.00170973  0.0344784  0.0670968 -0.0150398
  0.346899 -0.0195669 -0.0150398   0.407742
IMAGINARY
          0  -0.0131876 -0.00641101   0.0340184
  0.0131876           0 -0.00491103   0.0298584
 0.00641101  0.00491103           0  0.00748421
 -0.0340184  -0.0298584 -0.00748421           0
Repeater1[0]<--->EndNode1[0]
REAL
   0.433498  0.00247298 -0.00317934    0.351496
 0.00247298   0.0812808   0.0387474 -0.00766077
-0.00317934   0.0387474   0.0640394  -0.0173781
   0.351496 -0.00766077  -0.0173781    0.421182
IMAGINARY
           0   0.00317184  0.000391047  -0.00444555
 -0.00317184            0    0.0109391   0.00425703
-0.000391047   -0.0109391            0    0.0121004
  0.00444555  -0.00425703   -0.0121004            0
Repeater1[0]<--->HoM1[0]
REAL
  0.454194 0.00170973  -0.011746   0.346899
0.00170973  0.0670968  0.0344784 -0.0150398
 -0.011746  0.0344784  0.0709677 -0.0195669
  0.346899 -0.0150398 -0.0195669   0.407742
IMAGINARY
          0 -0.00641101  -0.0131876   0.0340184
 0.00641101           0  0.00491103  0.00748421
  0.0131876 -0.00491103           0   0.0298584
 -0.0340184 -0.00748421  -0.0298584           0
EndNode1[0]<--->Repeater1[0]
REAL
   0.435696  0.00709721 -0.00287688    0.370533
 0.00709721   0.0629921   0.0341697  0.00163925
-0.00287688   0.0341697   0.0813648  0.00527903
   0.370533  0.00163925  0.00527903    0.419948
IMAGINARY
          0   0.0181599  0.00334699  -0.0100002
 -0.0181599           0  -0.0041024  -0.0228275
-0.00334699   0.0041024           0  0.00132057
  0.0100002   0.0228275 -0.00132057           0
EndNode2[0]<--->HoM1[0]
REAL
  0.412322 0.00720219 -0.0101698   0.354586
0.00720219  0.0936019  0.0303817  0.0265097
-0.0101698  0.0303817  0.0805687 0.00913768
  0.354586  0.0265097 0.00913768   0.413507
IMAGINARY
           0    0.0177254 -9.00121e-05   -0.0217934
  -0.0177254            0     0.010401   0.00327473
 9.00121e-05    -0.010401            0   0.00456755
   0.0217934  -0.00327473  -0.00456755            0
Repeater1[0]<--->EndNode1[0]
REAL
   0.435696 -0.00287688  0.00709721    0.370533
-0.00287688   0.0813648   0.0341697  0.00527903
 0.00709721   0.0341697   0.0629921  0.00163925
   0.370533  0.00527903  0.00163925    0.419948
IMAGINARY
          0  0.00334699   0.0181599  -0.0100002
-0.00334699           0   0.0041024  0.00132057
 -0.0181599  -0.0041024           0  -0.0228275
  0.0100002 -0.00132057   0.0228275           0
Repeater1[0]<--->HoM1[0]
REAL
  0.412322 -0.0101698 0.00720219   0.354586
-0.0101698  0.0805687  0.0303817 0.00913768
0.00720219  0.0303817  0.0936019  0.0265097
  0.354586 0.00913768  0.0265097   0.413507
IMAGINARY
           0 -9.00121e-05    0.0177254   -0.0217934
 9.00121e-05            0    -0.010401   0.00456755
  -0.0177254     0.010401            0   0.00327473
   0.0217934  -0.00456755  -0.00327473            0
EndNode1[0]<--->Repeater1[0]
REAL
  0.425422  0.0203757  0.0145983    0.35568
 0.0203757   0.076524   0.029816  0.0210251
 0.0145983   0.029816  0.0856031 0.00506959
   0.35568  0.0210251 0.00506959   0.412451
IMAGINARY
           0   0.00542681  -0.00692159   0.00192665
 -0.00542681            0 -0.000664024     0.011403
  0.00692159  0.000664024            0   0.00801749
 -0.00192665    -0.011403  -0.00801749            0
EndNode2[0]<--->HoM1[0]
REAL
   0.415197  0.00447384   0.0126746    0.362777
 0.00447384   0.0868385   0.0307358 -0.00716666
  0.0126746   0.0307358   0.0841248  0.00960205
   0.362777 -0.00716666  0.00960205     0.41384
IMAGINARY
          0  0.00319427 -0.00673024  0.00587834
-0.00319427           0  -0.0164901   0.0196501
 0.00673024   0.0164901           0  0.00714164
-0.00587834  -0.0196501 -0.00714164           0
Repeater1[0]<--->EndNode1[0]
REAL
  0.425422  0.0145983  0.0203757    0.35568
 0.0145983  0.0856031   0.029816 0.00506959
 0.0203757   0.029816   0.076524  0.0210251
   0.35568 0.00506959  0.0210251   0.412451
IMAGINARY
           0  -0.00692159   0.00542681   0.00192665
  0.00692159            0  0.000664024   0.00801749
 -0.00542681 -0.000664024            0     0.011403
 -0.00192665  -0.00801749    -0.011403            0
Repeater1[0]<--->HoM1[0]
REAL
   0.415197   0.0126746  0.00447384    0.362777
  0.0126746   0.0841248   0.0307358  0.00960205
 0.00447384   0.0307358   0.0868385 -0.00716666
   0.362777  0.00960205 -0.00716666     0.41384
IMAGINARY
          0 -0.00673024  0.00319427  0.00587834
 0.00673024           0   0.0164901  0.00714164
-0.00319427  -0.0164901           0   0.0196501
-0.00587834 -0.00714164  -0.0196501           0
EndNode1[0]<--->Repeater1[0]
REAL
   0.403439  -0.0149611 0.000849915    0.365674
 -0.0149611   0.0780423  0.00853149  -0.0230863
0.000849915  0.00853149   0.0767196  -0.0187111
   0.365674  -0.0230863  -0.0187111    0.441799
IMAGINARY
          0 -0.00477283  -0.0197053  0.00702918
 0.00477283           0 -0.00510364 -0.00365914
  0.0197053  0.00510364           0  0.00811061
-0.00702918  0.00365914 -0.00811061           0
EndNode2[0]<--->HoM1[0]
REAL
    0.404632    0.0130224   -0.0026329     0.344053
   0.0130224    0.0681199    0.0155958  -0.00989843
  -0.0026329    0.0155958    0.0803815 -0.000491093
    0.344053  -0.00989843 -0.000491093     0.446866
IMAGINARY
          0  -0.0135359   0.0246277  0.00384205
  0.0135359           0   0.0032002  0.00462766
 -0.0246277  -0.0032002           0  -0.0197088
-0.00384205 -0.00462766   0.0197088           0
Repeater1[0]<--->EndNode1[0]
REAL
   0.403439 0.000849915  -0.0149611    0.365674
0.000849915   0.0767196  0.00853149  -0.0187111
 -0.0149611  0.00853149   0.0780423  -0.0230863
   0.365674  -0.0187111  -0.0230863    0.441799
IMAGINARY
          0  -0.0197053 -0.00477283  0.00702918
  0.0197053           0  0.00510364  0.00811061
 0.00477283 -0.00510364           0 -0.00365914
-0.00702918 -0.00811061  0.00365914           0
Repeater1[0]<--->HoM1[0]
REAL
    0.404632   -0.0026329    0.0130224     0.344053
  -0.0026329    0.0803815    0.0155958 -0.000491093
   0.0130224    0.0155958    0.0681199  -0.00989843
    0.344053 -0.000491093  -0.00989843     0.446866
IMAGINARY
          0   0.0246277  -0.0135359  0.00384205
 -0.0246277           0  -0.0032002  -0.0197088
  0.0135359   0.0032002           0  0.00462766
-0.00384205   0.0197088 -0.00462766           0
EndNode1[0]<--->Repeater1[0]
REAL
   0.419562  -0.0229314  -0.0223226    0.362211
 -0.0229314   0.0746461   0.0385334  0.00371215
 -0.0223226   0.0385334   0.0888031 -0.00560462
   0.362211  0.00371215 -0.00560462    0.416988
IMAGINARY
          0 -0.00183333   0.0169004   0.0140268
 0.00183333           0   0.0022775 -0.00304645
 -0.0169004  -0.0022775           0  0.00309278
 -0.0140268  0.00304645 -0.00309278           0
EndNode2[0]<--->HoM1[0]
REAL
  0.417655 -0.0029524 -0.0234402   0.359775
-0.0029524  0.0843215  0.0323573 0.00567371
-0.0234402  0.0323573   0.083004 0.00168336
  0.359775 0.00567371 0.00168336    0.41502
IMAGINARY
          0 -0.00122565 -0.00250728 -0.00361325
 0.00122565           0  -0.0321492  0.00556725
 0.00250728   0.0321492           0   0.0116296
 0.00361325 -0.00556725  -0.0116296           0
Repeater1[0]<--->EndNode1[0]
REAL
   0.419562  -0.0223226  -0.0229314    0.362211
 -0.0223226   0.0888031   0.0385334 -0.00560462
 -0.0229314   0.0385334   0.0746461  0.00371215
