EndNode1[0]<--->Repeater1[0]
REAL
    0.403774   0.00250628    0.0059316     0.359837
  0.00250628    0.0767296     0.051413    0.0078184
   0.0059316     0.051413    0.0842767 -6.28141e-06
    0.359837    0.0078184 -6.28141e-06      0.43522
IMAGINARY
           0  -0.00562022    0.0266019   0.00625365
  0.00562022            0    0.0188481 -0.000786659
  -0.0266019   -0.0188481            0   -0.0161189
 -0.00625365  0.000786659    0.0161189            0
EndNode2[0]<--->HoM1[0]
REAL
     0.4375  0.00693569 -0.00366304    0.352731
 0.00693569    0.081117   0.0211658  -0.0146219
-0.00366304   0.0211658   0.0890957  -0.0075662
   0.352731  -0.0146219  -0.0075662    0.392287
IMAGINARY
           0   0.00222368    0.0111627    0.0127425
 -0.00222368            0    0.0166692   0.00475243
  -0.0111627   -0.0166692            0 -0.000897419
  -0.0127425  -0.00475243  0.000897419            0
Repeater1[0]<--->EndNode1[0]
REAL
    0.403774    0.0059316   0.00250628     0.359837
   0.0059316    0.0842767     0.051413 -6.28141e-06
  0.00250628     0.051413    0.0767296    0.0078184
    0.359837 -6.28141e-06    0.0078184      0.43522
IMAGINARY
           0    0.0266019  -0.00562022   0.00625365
  -0.0266019            0   -0.0188481   -0.0161189
  0.00562022    0.0188481            0 -0.000786659
 -0.00625365    0.0161189  0.000786659            0
Repeater1[0]<--->HoM1[0]
REAL
     0.4375 -0.00366304  0.00693569    0.352731
-0.00366304   0.0890957   0.0211658  -0.0075662
 0.00693569   0.0211658    0.081117  -0.0146219
   0.352731  -0.0075662  -0.0146219    0.392287
IMAGINARY
           0    0.0111627   0.00222368    0.0127425
  -0.0111627            0   -0.0166692 -0.000897419
 -0.00222368    0.0166692            0   0.00475243
  -0.0127425  0.000897419  -0.00475243            0
EndNode1[0]<--->Repeater1[0]
REAL
    0.419137 -0.000634518    0.0063646     0.336643
-0.000634518    0.0727763    0.0491434  -0.00128846
   0.0063646    0.0491434    0.0876011   -0.0069797
    0.336643  -0.00128846   -0.0069797     0.420485
IMAGINARY
          0  0.00858164  0.00405694  -0.0100512
-0.00858164           0  -0.0236988  -0.0103069
-0.00405694   0.0236988           0  0.00266836
  0.0100512   0.0103069 -0.00266836           0
EndNode2[0]<--->HoM1[0]
REAL
    0.447581   0.00493589    0.0187368     0.351811
  0.00493589    0.0819892    0.0439676 -0.000267137
   0.0187368    0.0439676    0.0658602   0.00429894
    0.351811 -0.000267137   0.00429894      0.40457
IMAGINARY
          0   0.0154881  -0.0055592   0.0160883
 -0.0154881           0   0.0222764  0.00621279
  0.0055592  -0.0222764           0  -0.0148345
 -0.0160883 -0.00621279   0.0148345           0
Repeater1[0]<--->EndNode1[0]
REAL
    0.419137    0.0063646 -0.000634518     0.336643
   0.0063646    0.0876011    0.0491434   -0.0069797
-0.000634518    0.0491434    0.0727763  -0.00128846
    0.336643   -0.0069797  -0.00128846     0.420485
IMAGINARY
          0  0.00405694  0.00858164  -0.0100512
-0.00405694           0   0.0236988  0.00266836
-0.00858164  -0.0236988           0  -0.0103069
  0.0100512 -0.00266836   0.0103069           0
Repeater1[0]<--->HoM1[0]
REAL
    0.447581    0.0187368   0.00493589     0.351811
   0.0187368    0.0658602    0.0439676   0.00429894
  0.00493589    0.0439676    0.0819892 -0.000267137
    0.351811   0.00429894 -0.000267137      0.40457
IMAGINARY
          0  -0.0055592   0.0154881   0.0160883
  0.0055592           0  -0.0222764  -0.0148345
 -0.0154881   0.0222764           0  0.00621279
 -0.0160883   0.0148345 -0.00621279           0
EndNode1[0]<--->Repeater1[0]
REAL
   0.420849 0.000554325 -0.00332913    0.355734
0.000554325   0.0990991   0.0340861 -0.00206009
-0.00332913   0.0340861   0.0746461  0.00124208
   0.355734 -0.00206009  0.00124208    0.405405
IMAGINARY
          0  -0.0236482   0.0188759  -0.0117834
  0.0236482           0   0.0117834  0.00756937
 -0.0188759  -0.0117834           0 -0.00402708
  0.0117834 -0.00756937  0.00402708           0
EndNode2[0]<--->HoM1[0]
REAL
  0.422589 0.00891499 -0.0110155   0.366885
0.00891499  0.0659898  0.0472564 0.00217711
-0.0110155  0.0472564  0.0913706 -0.0127029
  0.366885 0.00217711 -0.0127029   0.420051
IMAGINARY
          0 -0.00775546   0.0221594 -0.00533765
 0.00775546           0   0.0246885  0.00171329
 -0.0221594  -0.0246885           0  -0.0267273
 0.00533765 -0.00171329   0.0267273           0
Repeater1[0]<--->EndNode1[0]
REAL
   0.420849 -0.00332913 0.000554325    0.355734
-0.00332913   0.0746461   0.0340861  0.00124208
0.000554325   0.0340861   0.0990991 -0.00206009
   0.355734  0.00124208 -0.00206009    0.405405
IMAGINARY
          0   0.0188759  -0.0236482  -0.0117834
 -0.0188759           0  -0.0117834 -0.00402708
  0.0236482   0.0117834           0  0.00756937
  0.0117834  0.00402708 -0.00756937           0
Repeater1[0]<--->HoM1[0]
REAL
  0.422589 -0.0110155 0.00891499   0.366885
-0.0110155  0.0913706  0.0472564 -0.0127029
0.00891499  0.0472564  0.0659898 0.00217711
  0.366885 -0.0127029 0.00217711   0.420051
IMAGINARY
          0   0.0221594 -0.00775546 -0.00533765
 -0.0221594           0  -0.0246885  -0.0267273
 0.00775546   0.0246885           0  0.00171329
 0.00533765   0.0267273 -0.00171329           0
EndNode1[0]<--->Repeater1[0]
REAL
  0.419274 0.00999382   -0.01502   0.328059
0.00999382   0.077597  0.0484196 -0.0237448
  -0.01502  0.0484196  0.0838548 -0.0251055
  0.328059 -0.0237448 -0.0251055   0.419274
IMAGINARY
          0    0.018363  -0.0356675  0.00860423
  -0.018363           0  -0.0151487 -0.00685828
  0.0356675   0.0151487           0   0.0177195
-0.00860423  0.00685828  -0.0177195           0
EndNode2[0]<--->HoM1[0]
REAL
  0.413882 0.00349075  0.0067576   0.358355
0.00349075  0.0912596  0.0502611  0.0193521
 0.0067576  0.0502611  0.0976864  0.0252299
  0.358355  0.0193521  0.0252299   0.397172
IMAGINARY
           0 -0.000232242   -0.0181283     0.030962
 0.000232242            0  -0.00679842    0.0102954
   0.0181283   0.00679842            0    0.0145926
   -0.030962   -0.0102954   -0.0145926            0
Repeater1[0]<--->EndNode1[0]
REAL
  0.419274   -0.01502 0.00999382   0.328059
  -0.01502  0.0838548  0.0484196 -0.0251055
0.00999382  0.0484196   0.077597 -0.0237448
  0.328059 -0.0251055 -0.0237448   0.419274
IMAGINARY
          0  -0.0356675    0.018363  0.00860423
  0.0356675           0   0.0151487   0.0177195
  -0.018363  -0.0151487           0 -0.00685828
-0.00860423  -0.0177195  0.00685828           0
Repeater1[0]<--->HoM1[0]
REAL
  0.413882  0.0067576 0.00349075   0.358355
 0.0067576  0.0976864  0.0502611  0.0252299
0.00349075  0.0502611  0.0912596  0.0193521
  0.358355  0.0252299  0.0193521   0.397172
IMAGINARY
           0   -0.0181283 -0.000232242     0.030962
   0.0181283            0   0.00679842    0.0145926
 0.000232242  -0.00679842            0    0.0102954
   -0.030962   -0.0145926   -0.0102954            0
EndNode1[0]<--->Repeater1[0]
REAL
   0.402548  0.00731073 -0.00217746     0.36422
 0.00731073   0.0802548    0.050298 -0.00799893
-0.00217746    0.050298   0.0840764 -0.00798915
    0.36422 -0.00799893 -0.00798915    0.433121
IMAGINARY
          0  0.00186015  -0.0159665 -0.00612614
-0.00186015           0  0.00152692   0.0193133
  0.0159665 -0.00152692           0   0.0121961
 0.00612614  -0.0193133  -0.0121961           0
EndNode2[0]<--->HoM1[0]
REAL
   0.409548   0.0167444  0.00719479    0.354522
  0.0167444   0.0917085   0.0477336  0.00909593
 0.00719479   0.0477336   0.0778894 -0.00295999
   0.354522  0.00909593 -0.00295999    0.420854
IMAGINARY
          0   0.0053483 -0.00915889 -0.00192482
 -0.0053483           0 -0.00522733  0.00654792
 0.00915889  0.00522733           0   0.0233723
 0.00192482 -0.00654792  -0.0233723           0
Repeater1[0]<--->EndNode1[0]
REAL
   0.402548 -0.00217746  0.00731073     0.36422
-0.00217746   0.0840764    0.050298 -0.00798915
 0.00731073    0.050298   0.0802548 -0.00799893
    0.36422 -0.00798915 -0.00799893    0.433121
IMAGINARY
          0  -0.0159665  0.00186015 -0.00612614
  0.0159665           0 -0.00152692   0.0121961
-0.00186015  0.00152692           0   0.0193133
 0.00612614  -0.0121961  -0.0193133           0
Repeater1[0]<--->HoM1[0]
REAL
   0.409548  0.00719479   0.0167444    0.354522
 0.00719479   0.0778894   0.0477336 -0.00295999
  0.0167444   0.0477336   0.0917085  0.00909593
   0.354522 -0.00295999  0.00909593    0.420854
IMAGINARY
          0 -0.00915889   0.0053483 -0.00192482
 0.00915889           0  0.00522733   0.0233723
 -0.0053483 -0.00522733           0  0.00654792
 0.00192482  -0.0233723 -0.00654792           0
EndNode1[0]<--->Repeater1[0]
REAL
   0.408468   0.0161668   0.0294929    0.361396
  0.0161668   0.0834371   0.0303235 -0.00974764
  0.0294929   0.0303235   0.0809465  0.00994787
   0.361396 -0.00974764  0.00994787    0.427148
IMAGINARY
           0   -0.0251925  0.000962712  -0.00449493
   0.0251925            0    0.0151901 -0.000346189
-0.000962712   -0.0151901            0    -0.001318
  0.00449493  0.000346189     0.001318            0
EndNode2[0]<--->HoM1[0]
REAL
   0.435561  0.00690015 -0.00887707    0.348994
 0.00690015   0.0930788   0.0266339   0.0164148
-0.00887707   0.0266339   0.0787589  0.00440638
   0.348994   0.0164148  0.00440638    0.392601
IMAGINARY
          0  -0.0181419  0.00650143   0.0256064
  0.0181419           0  -0.0230423 -0.00712255
-0.00650143   0.0230423           0   0.0200052
 -0.0256064  0.00712255  -0.0200052           0
Repeater1[0]<--->EndNode1[0]
REAL
   0.408468   0.0294929   0.0161668    0.361396
  0.0294929   0.0809465   0.0303235  0.00994787
  0.0161668   0.0303235   0.0834371 -0.00974764
   0.361396  0.00994787 -0.00974764    0.427148
IMAGINARY
           0  0.000962712   -0.0251925  -0.00449493
-0.000962712            0   -0.0151901    -0.001318
   0.0251925    0.0151901            0 -0.000346189
  0.00449493     0.001318  0.000346189            0
Repeater1[0]<--->HoM1[0]
REAL
   0.435561 -0.00887707  0.00690015    0.348994
-0.00887707   0.0787589   0.0266339  0.00440638
 0.00690015   0.0266339   0.0930788   0.0164148
   0.348994  0.00440638   0.0164148    0.392601
IMAGINARY
          0  0.00650143  -0.0181419   0.0256064
-0.00650143           0   0.0230423   0.0200052
  0.0181419  -0.0230423           0 -0.00712255
 -0.0256064  -0.0200052  0.00712255           0
EndNode1[0]<--->Repeater1[0]
REAL
   0.428571 -0.00783733  -0.0145889     0.35221
-0.00783733   0.0673854   0.0375435   -0.018485
 -0.0145889   0.0375435   0.0673854  -0.0291277
    0.35221   -0.018485  -0.0291277    0.436658
IMAGINARY
          0  -0.0263019  0.00749702 -0.00288793
  0.0263019           0  0.00348962   0.0151697
-0.00749702 -0.00348962           0 -0.00303145
 0.00288793  -0.0151697  0.00303145           0
EndNode2[0]<--->HoM1[0]
REAL
  0.409429 -0.0112464  0.0124318   0.347772
-0.0112464  0.0868486  0.0462255 0.00608667
 0.0124318  0.0462255  0.0955335  0.0106079
  0.347772 0.00608667  0.0106079   0.408189
IMAGINARY
          0  0.00626821  0.00419102 -0.00573499
-0.00626821           0 -0.00694859  0.00482959
-0.00419102  0.00694859           0   0.0130617
 0.00573499 -0.00482959  -0.0130617           0
Repeater1[0]<--->EndNode1[0]
REAL
   0.428571  -0.0145889 -0.00783733     0.35221
 -0.0145889   0.0673854   0.0375435  -0.0291277
-0.00783733   0.0375435   0.0673854   -0.018485
    0.35221  -0.0291277   -0.018485    0.436658
IMAGINARY
          0  0.00749702  -0.0263019 -0.00288793
-0.00749702           0 -0.00348962 -0.00303145
  0.0263019  0.00348962           0   0.0151697
 0.00288793  0.00303145  -0.0151697           0
Repeater1[0]<--->HoM1[0]
REAL
  0.409429  0.0124318 -0.0112464   0.347772
 0.0124318  0.0955335  0.0462255  0.0106079
-0.0112464  0.0462255  0.0868486 0.00608667
  0.347772  0.0106079 0.00608667   0.408189
IMAGINARY
          0  0.00419102  0.00626821 -0.00573499
-0.00419102           0  0.00694859   0.0130617
-0.00626821 -0.00694859           0  0.00482959
 0.00573499  -0.0130617 -0.00482959           0
EndNode1[0]<--->Repeater1[0]
REAL
    0.41507  0.00891734 -0.00340599    0.345864
 0.00891734   0.0868455   0.0356075 -0.00340599
-0.00340599   0.0356075   0.0676884 -0.00619255
   0.345864 -0.00340599 -0.00619255    0.430396
IMAGINARY
          0   0.0138162 -0.00451632  -0.0245924
 -0.0138162           0  -0.0141485  -0.0083042
 0.00451632   0.0141485           0    0.016953
  0.0245924   0.0083042   -0.016953           0
EndNode2[0]<--->HoM1[0]
REAL
  0.430025 0.00161517  0.0114138   0.337454
0.00161517  0.0801527  0.0489687  0.0120849
 0.0114138  0.0489687  0.0954198  0.0101342
  0.337454  0.0120849  0.0101342   0.394402
IMAGINARY
          0 -0.00577452  0.00934153  -0.0105518
 0.00577452           0  0.00104612 -0.00871575
-0.00934153 -0.00104612           0   0.0414441
  0.0105518  0.00871575  -0.0414441           0
Repeater1[0]<--->EndNode1[0]
REAL
    0.41507 -0.00340599  0.00891734    0.345864
-0.00340599   0.0676884   0.0356075 -0.00619255
 0.00891734   0.0356075   0.0868455 -0.00340599
   0.345864 -0.00619255 -0.00340599    0.430396
IMAGINARY
          0 -0.00451632   0.0138162  -0.0245924
 0.00451632           0   0.0141485    0.016953
 -0.0138162  -0.0141485           0  -0.0083042
  0.0245924   -0.016953   0.0083042           0
Repeater1[0]<--->HoM1[0]
REAL
  0.430025  0.0114138 0.00161517   0.337454
 0.0114138  0.0954198  0.0489687  0.0101342
0.00161517  0.0489687  0.0801527  0.0120849
  0.337454  0.0101342  0.0120849   0.394402
IMAGINARY
          0  0.00934153 -0.00577452  -0.0105518
-0.00934153           0 -0.00104612   0.0414441
 0.00577452  0.00104612           0 -0.00871575
  0.0105518  -0.0414441  0.00871575           0
EndNode1[0]<--->Repeater1[0]
REAL
   0.442543 -0.00677583 -0.00879153    0.358813
-0.00677583   0.0782396   0.0331129  -0.0228855
-0.00879153   0.0331129   0.0782396 -0.00875212
   0.358813  -0.0228855 -0.00875212    0.400978
IMAGINARY
          0 -0.00261062  0.00421979  0.00525381
 0.00261062           0   0.0092116   -0.024576
-0.00421979  -0.0092116           0  0.00388289
-0.00525381    0.024576 -0.00388289           0
EndNode2[0]<--->HoM1[0]
REAL
   0.42789  0.0099323 0.00134596   0.370273
 0.0099323  0.0822408  0.0357321  0.0090979
0.00134596  0.0357321  0.0738975  0.0266212
  0.370273  0.0090979  0.0266212   0.415971
IMAGINARY
          0 -0.00685679  0.00914193 -0.00596087
 0.00685679           0   0.0232979   -0.017596
-0.00914193  -0.0232979           0  0.00927225
 0.00596087    0.017596 -0.00927225           0
Repeater1[0]<--->EndNode1[0]
REAL
   0.442543 -0.00879153 -0.00677583    0.358813
-0.00879153   0.0782396   0.0331129 -0.00875212
-0.00677583   0.0331129   0.0782396  -0.0228855
   0.358813 -0.00875212  -0.0228855    0.400978
IMAGINARY
          0  0.00421979 -0.00261062  0.00525381
-0.00421979           0  -0.0092116  0.00388289
 0.00261062   0.0092116           0   -0.024576
-0.00525381 -0.00388289    0.024576           0
Repeater1[0]<--->HoM1[0]
REAL
   0.42789 0.00134596  0.0099323   0.370273
0.00134596  0.0738975  0.0357321  0.0266212
 0.0099323  0.0357321  0.0822408  0.0090979
  0.370273  0.0266212  0.0090979   0.415971
IMAGINARY
          0  0.00914193 -0.00685679 -0.00596087
-0.00914193           0  -0.0232979  0.00927225
 0.00685679   0.0232979           0   -0.017596
 0.00596087 -0.00927225    0.017596           0
EndNode1[0]<--->Repeater1[0]
REAL
    0.37062 -0.00334048  0.00485317    0.360083
-0.00334048   0.0849057   0.0390564 -0.00177813
 0.00485317   0.0390564   0.0633423   0.0236357
   0.360083 -0.00177813   0.0236357    0.481132
IMAGINARY
          0   0.0154257 -0.00836964  0.00959479
 -0.0154257           0    0.005637  -0.0222937
 0.00836964   -0.005637           0 -0.00603896
-0.00959479   0.0222937  0.00603896           0
EndNode2[0]<--->HoM1[0]
REAL
  0.416244 0.00984818 0.00876109   0.340784
0.00984818  0.0761421  0.0471136  0.0199013
0.00876109  0.0471136   0.072335  0.0111709
  0.340784  0.0199013  0.0111709   0.435279
IMAGINARY
          0   0.0158097  0.00108993  -0.0165026
 -0.0158097           0  0.00608593  -0.0162798
-0.00108993 -0.00608593           0 -0.00694893
  0.0165026   0.0162798  0.00694893           0
Repeater1[0]<--->EndNode1[0]
REAL
    0.37062  0.00485317 -0.00334048    0.360083
 0.00485317   0.0633423   0.0390564   0.0236357
-0.00334048   0.0390564   0.0849057 -0.00177813
   0.360083   0.0236357 -0.00177813    0.481132
IMAGINARY
          0 -0.00836964   0.0154257  0.00959479
 0.00836964           0   -0.005637 -0.00603896
 -0.0154257    0.005637           0  -0.0222937
-0.00959479  0.00603896   0.0222937           0
Repeater1[0]<--->HoM1[0]
REAL
  0.416244 0.00876109 0.00984818   0.340784
0.00876109   0.072335  0.0471136  0.0111709
0.00984818  0.0471136  0.0761421  0.0199013
  0.340784  0.0111709  0.0199013   0.435279
IMAGINARY
          0  0.00108993   0.0158097  -0.0165026
-0.00108993           0 -0.00608593 -0.00694893
 -0.0158097  0.00608593           0  -0.0162798
  0.0165026  0.00694893   0.0162798           0
EndNode1[0]<--->Repeater1[0]
REAL
    0.40721 -0.00179753 0.000927847    0.356358
-0.00179753   0.0921228   0.0459258  -0.0148872
0.000927847   0.0459258    0.070761   -0.018507
   0.356358  -0.0148872   -0.018507    0.429907
IMAGINARY
          0  -0.0152573    0.013683 -0.00988601
  0.0152573           0  0.00211399   0.0117623
  -0.013683 -0.00211399           0  -0.0165493
 0.00988601  -0.0117623   0.0165493           0
EndNode2[0]<--->HoM1[0]
REAL
   0.424321  -0.0028663 -0.00844931     0.36372
 -0.0028663    0.076326    0.038658   0.0228423
-0.00844931    0.038658    0.076326   0.0097499
    0.36372   0.0228423   0.0097499    0.423027
IMAGINARY
          0   0.0133035 -0.00586351  0.00120822
 -0.0133035           0  -0.0232763 -0.00778413
 0.00586351   0.0232763           0  0.00158479
-0.00120822  0.00778413 -0.00158479           0
Repeater1[0]<--->EndNode1[0]
REAL
    0.40721 0.000927847 -0.00179753    0.356358
0.000927847    0.070761   0.0459258   -0.018507
-0.00179753   0.0459258   0.0921228  -0.0148872
   0.356358   -0.018507  -0.0148872    0.429907
IMAGINARY
          0    0.013683  -0.0152573 -0.00988601
  -0.013683           0 -0.00211399  -0.0165493
  0.0152573  0.00211399           0   0.0117623
 0.00988601   0.0165493  -0.0117623           0
Repeater1[0]<--->HoM1[0]
REAL
   0.424321 -0.00844931  -0.0028663     0.36372
-0.00844931    0.076326    0.038658   0.0097499
 -0.0028663    0.038658    0.076326   0.0228423
    0.36372   0.0097499   0.0228423    0.423027
IMAGINARY
          0 -0.00586351   0.0133035  0.00120822
 0.00586351           0   0.0232763  0.00158479
 -0.0133035  -0.0232763           0 -0.00778413
-0.00120822 -0.00158479  0.00778413           0
EndNode1[0]<--->Repeater1[0]
REAL
   0.441624 -0.00538268   0.0190151    0.362199
-0.00538268   0.0824873   0.0290763 -0.00492111
  0.0190151   0.0290763   0.0926396  0.00471154
   0.362199 -0.00492111  0.00471154    0.383249
IMAGINARY
          0 -0.00240676  -0.0138946   -0.012971
 0.00240676           0   0.0162304   -0.012022
  0.0138946  -0.0162304           0   0.0156811
   0.012971    0.012022  -0.0156811           0
EndNode2[0]<--->HoM1[0]
REAL
  0.413437  0.0196043  0.0331365   0.349295
 0.0196043  0.0930233  0.0469076 -0.0128834
 0.0331365  0.0469076  0.0956072  0.0133071
  0.349295 -0.0128834  0.0133071   0.397933
IMAGINARY
          0 -0.00335675   0.0026087  0.00343291
 0.00335675           0   0.0173218   -0.014545
 -0.0026087  -0.0173218           0 -0.00194829
-0.00343291    0.014545  0.00194829           0
Repeater1[0]<--->EndNode1[0]
REAL
   0.441624   0.0190151 -0.00538268    0.362199
  0.0190151   0.0926396   0.0290763  0.00471154
-0.00538268   0.0290763   0.0824873 -0.00492111
   0.362199  0.00471154 -0.00492111    0.383249
IMAGINARY
          0  -0.0138946 -0.00240676   -0.012971
  0.0138946           0  -0.0162304   0.0156811
 0.00240676   0.0162304           0   -0.012022
   0.012971  -0.0156811    0.012022           0
Repeater1[0]<--->HoM1[0]
REAL
  0.413437  0.0331365  0.0196043   0.349295
 0.0331365  0.0956072  0.0469076  0.0133071
 0.0196043  0.0469076  0.0930233 -0.0128834
  0.349295  0.0133071 -0.0128834   0.397933
IMAGINARY
          0   0.0026087 -0.00335675  0.00343291
 -0.0026087           0  -0.0173218 -0.00194829
 0.00335675   0.0173218           0   -0.014545
-0.00343291  0.00194829    0.014545           0
EndNode1[0]<--->Repeater1[0]
REAL
  0.420054 0.00685209  0.0145323   0.364542
0.00685209  0.0880759  0.0491181  0.0125296
 0.0145323  0.0491181  0.0718157  0.0111891
  0.364542  0.0125296  0.0111891   0.420054
IMAGINARY
          0   0.0397327  -0.0135413 -0.00888945
 -0.0397327           0  -0.0182228 -0.00984677
  0.0135413   0.0182228           0  -0.0112877
 0.00888945  0.00984677   0.0112877           0
EndNode2[0]<--->HoM1[0]
REAL
   0.419525  -0.0115419  0.00384973    0.359767
 -0.0115419   0.0738786   0.0354944 -0.00759038
 0.00384973   0.0354944   0.0804749 -0.00716138
   0.359767 -0.00759038 -0.00716138    0.426121
IMAGINARY
          0 -0.00387749 -0.00618584  -0.0232219
 0.00387749           0  0.00437763   0.0169317
 0.00618584 -0.00437763           0   0.0045096
  0.0232219  -0.0169317  -0.0045096           0
Repeater1[0]<--->EndNode1[0]
REAL
  0.420054  0.0145323 0.00685209   0.364542
 0.0145323  0.0718157  0.0491181  0.0111891
0.00685209  0.0491181  0.0880759  0.0125296
  0.364542  0.0111891  0.0125296   0.420054
IMAGINARY
          0  -0.0135413   0.0397327 -0.00888945
  0.0135413           0   0.0182228  -0.0112877
 -0.0397327  -0.0182228           0 -0.00984677
 0.00888945   0.0112877  0.00984677           0
Repeater1[0]<--->HoM1[0]
REAL
   0.419525  0.00384973  -0.0115419    0.359767
 0.00384973   0.0804749   0.0354944 -0.00716138
 -0.0115419   0.0354944   0.0738786 -0.00759038
   0.359767 -0.00716138 -0.00759038    0.426121
IMAGINARY
          0 -0.00618584 -0.00387749  -0.0232219
 0.00618584           0 -0.00437763   0.0045096
 0.00387749  0.00437763           0   0.0169317
  0.0232219  -0.0045096  -0.0169317           0
EndNode1[0]<--->Repeater1[0]
REAL
   0.401985  -0.0194498  -0.0310904     0.36044
 -0.0194498   0.0967742   0.0297112 -0.00300051
 -0.0310904   0.0297112   0.0806452  -0.0159037
    0.36044 -0.00300051  -0.0159037    0.420596
IMAGINARY
          0  -0.0143467  -0.0136906  0.00102007
  0.0143467           0   0.0206652  0.00066974
  0.0136906  -0.0206652           0  0.00393005
-0.00102007 -0.00066974 -0.00393005           0
EndNode2[0]<--->HoM1[0]
REAL
   0.416887   0.0212115  0.00275545    0.349105
  0.0212115   0.0831135   0.0434783 -0.00914931
 0.00275545   0.0434783   0.0699208  -0.0224903
   0.349105 -0.00914931  -0.0224903    0.430079
IMAGINARY
          0   0.0001237  0.00786196  -0.0082166
 -0.0001237           0  -0.0170999  -0.0168134
-0.00786196   0.0170999           0   0.0139428
  0.0082166   0.0168134  -0.0139428           0
Repeater1[0]<--->EndNode1[0]
REAL
   0.401985  -0.0310904  -0.0194498     0.36044
 -0.0310904   0.0806452   0.0297112  -0.0159037
 -0.0194498   0.0297112   0.0967742 -0.00300051
    0.36044  -0.0159037 -0.00300051    0.420596
IMAGINARY
          0  -0.0136906  -0.0143467  0.00102007
  0.0136906           0  -0.0206652  0.00393005
  0.0143467   0.0206652           0  0.00066974
-0.00102007 -0.00393005 -0.00066974           0
Repeater1[0]<--->HoM1[0]
REAL
   0.416887  0.00275545   0.0212115    0.349105
 0.00275545   0.0699208   0.0434783  -0.0224903
  0.0212115   0.0434783   0.0831135 -0.00914931
   0.349105  -0.0224903 -0.00914931    0.430079
IMAGINARY
          0  0.00786196   0.0001237  -0.0082166
-0.00786196           0   0.0170999   0.0139428
 -0.0001237  -0.0170999           0  -0.0168134
  0.0082166  -0.0139428   0.0168134           0
EndNode1[0]<--->Repeater1[0]
REAL
   0.423639 0.000374584 -0.00192355    0.357938
0.000374584   0.0796813    0.057406   0.0125056
-0.00192355    0.057406   0.0916335  0.00227092
   0.357938   0.0125056  0.00227092    0.405046
IMAGINARY
          0  -0.0016647  0.00617401  -0.0139168
  0.0016647           0 -0.00391678   0.0151026
-0.00617401  0.00391678           0  -0.0275906
  0.0139168  -0.0151026   0.0275906           0
EndNode2[0]<--->HoM1[0]
REAL
  0.460976  0.0406517   0.002009   0.359898
 0.0406517  0.0841463  0.0380352  0.0225388
  0.002009  0.0380352  0.0780488 -0.0173958
  0.359898  0.0225388 -0.0173958   0.376829
IMAGINARY
          0  -0.0183174   0.0162983  0.00466515
  0.0183174           0    0.016555   0.0248622
 -0.0162983   -0.016555           0   -0.014746
-0.00466515  -0.0248622    0.014746           0
Repeater1[0]<--->EndNode1[0]
REAL
   0.423639 -0.00192355 0.000374584    0.357938
-0.00192355   0.0916335    0.057406  0.00227092
0.000374584    0.057406   0.0796813   0.0125056
   0.357938  0.00227092   0.0125056    0.405046
IMAGINARY
          0  0.00617401  -0.0016647  -0.0139168
-0.00617401           0  0.00391678  -0.0275906
  0.0016647 -0.00391678           0   0.0151026
  0.0139168   0.0275906  -0.0151026           0
Repeater1[0]<--->HoM1[0]
REAL
  0.460976   0.002009  0.0406517   0.359898
  0.002009  0.0780488  0.0380352 -0.0173958
 0.0406517  0.0380352  0.0841463  0.0225388
  0.359898 -0.0173958  0.0225388   0.376829
IMAGINARY
          0   0.0162983  -0.0183174  0.00466515
 -0.0162983           0   -0.016555   -0.014746
  0.0183174    0.016555           0   0.0248622
-0.00466515    0.014746  -0.0248622           0
EndNode1[0]<--->Repeater1[0]
REAL
   0.421981   0.0198553   -0.005689    0.346028
  0.0198553   0.0909091   0.0439846   0.0126422
  -0.005689   0.0439846   0.0719132 -0.00152404
   0.346028   0.0126422 -0.00152404    0.415197
IMAGINARY
          0 -0.00482109  0.00738667  0.00436703
 0.00482109           0  0.00167161  0.00219187
-0.00738667 -0.00167161           0  0.00418252
-0.00436703 -0.00219187 -0.00418252           0
EndNode2[0]<--->HoM1[0]
REAL
   0.434088 -0.00812997 -0.00640573    0.359173
-0.00812997   0.0732357   0.0525151   0.0154966
-0.00640573   0.0525151   0.0772304   0.0120261
   0.359173   0.0154966   0.0120261    0.415446
IMAGINARY
          0 -0.00157208  0.00480561 -0.00314406
 0.00157208           0    -0.01348  0.00607787
-0.00480561     0.01348           0   0.0047731
 0.00314406 -0.00607787  -0.0047731           0
Repeater1[0]<--->EndNode1[0]
REAL
   0.421981   -0.005689   0.0198553    0.346028
  -0.005689   0.0719132   0.0439846 -0.00152404
  0.0198553   0.0439846   0.0909091   0.0126422
   0.346028 -0.00152404   0.0126422    0.415197
IMAGINARY
          0  0.00738667 -0.00482109  0.00436703
-0.00738667           0 -0.00167161  0.00418252
 0.00482109  0.00167161           0  0.00219187
-0.00436703 -0.00418252 -0.00219187           0
Repeater1[0]<--->HoM1[0]
REAL
   0.434088 -0.00640573 -0.00812997    0.359173
-0.00640573   0.0772304   0.0525151   0.0120261
-0.00812997   0.0525151   0.0732357   0.0154966
   0.359173   0.0120261   0.0154966    0.415446
IMAGINARY
          0  0.00480561 -0.00157208 -0.00314406
-0.00480561           0     0.01348   0.0047731
 0.00157208    -0.01348           0  0.00607787
 0.00314406  -0.0047731 -0.00607787           0
EndNode1[0]<--->Repeater1[0]
REAL
   0.401544  -0.0124898 -0.00518098    0.352595
 -0.0124898   0.0978121   0.0438661   -0.013823
-0.00518098   0.0438661   0.0913771 -0.00258228
   0.352595   -0.013823 -0.00258228    0.409266
IMAGINARY
          0   0.0306983  -0.0214619  -0.0141212
 -0.0306983           0  0.00473446  0.00284826
  0.0214619 -0.00473446           0  0.00203593
  0.0141212 -0.00284826 -0.00203593           0
EndNode2[0]<--->HoM1[0]
REAL
   0.411392 -0.00408086   0.0102206    0.356728
-0.00408086   0.0873418   0.0298053   0.0122233
  0.0102206   0.0298053   0.0873418  0.00532774
   0.356728   0.0122233  0.00532774    0.413924
IMAGINARY
          0   0.0109173   -0.020135  0.00966734
 -0.0109173           0  0.00249655   0.0150068
   0.020135 -0.00249655           0   0.0031853
-0.00966734  -0.0150068  -0.0031853           0
Repeater1[0]<--->EndNode1[0]
REAL
   0.401544 -0.00518098  -0.0124898    0.352595
-0.00518098   0.0913771   0.0438661 -0.00258228
 -0.0124898   0.0438661   0.0978121   -0.013823
   0.352595 -0.00258228   -0.013823    0.409266
IMAGINARY
          0  -0.0214619   0.0306983  -0.0141212
  0.0214619           0 -0.00473446  0.00203593
 -0.0306983  0.00473446           0  0.00284826
  0.0141212 -0.00203593 -0.00284826           0
Repeater1[0]<--->HoM1[0]
REAL
   0.411392   0.0102206 -0.00408086    0.356728
  0.0102206   0.0873418   0.0298053  0.00532774
-0.00408086   0.0298053   0.0873418   0.0122233
   0.356728  0.00532774   0.0122233    0.413924
IMAGINARY
          0   -0.020135   0.0109173  0.00966734
   0.020135           0 -0.00249655   0.0031853
 -0.0109173  0.00249655           0   0.0150068
-0.00966734  -0.0031853  -0.0150068           0
EndNode1[0]<--->Repeater1[0]
REAL
   0.414338   0.0260903  0.00458151    0.351299
  0.0260903   0.0789793   0.0232154   0.0128829
 0.00458151   0.0232154   0.0996355 -0.00733219
   0.351299   0.0128829 -0.00733219    0.407047
IMAGINARY
           0   -0.0179401   0.00207773 -0.000226639
   0.0179401            0   -0.0163974   -0.0112641
 -0.00207773    0.0163974            0   0.00481673
 0.000226639    0.0112641  -0.00481673            0
EndNode2[0]<--->HoM1[0]
REAL
   0.423177   0.0133812 -0.00772904    0.350787
  0.0133812   0.0885417   0.0392127    0.018979
-0.00772904   0.0392127   0.0911458 -0.00463121
   0.350787    0.018979 -0.00463121    0.397135
IMAGINARY
          0  0.00043312   0.0063025  0.00473851
-0.00043312           0   0.0218438   -0.012359
 -0.0063025  -0.0218438           0   0.0163906
-0.00473851    0.012359  -0.0163906           0
Repeater1[0]<--->EndNode1[0]
REAL
   0.414338  0.00458151   0.0260903    0.351299
 0.00458151   0.0996355   0.0232154 -0.00733219
  0.0260903   0.0232154   0.0789793   0.0128829
   0.351299 -0.00733219   0.0128829    0.407047
IMAGINARY
           0   0.00207773   -0.0179401 -0.000226639
 -0.00207773            0    0.0163974   0.00481673
   0.0179401   -0.0163974            0   -0.0112641
 0.000226639  -0.00481673    0.0112641            0
Repeater1[0]<--->HoM1[0]
REAL
   0.423177 -0.00772904   0.0133812    0.350787
-0.00772904   0.0911458   0.0392127 -0.00463121
  0.0133812   0.0392127   0.0885417    0.018979
   0.350787 -0.00463121    0.018979    0.397135
IMAGINARY
          0   0.0063025  0.00043312  0.00473851
 -0.0063025           0  -0.0218438   0.0163906
-0.00043312   0.0218438           0   -0.012359
-0.00473851  -0.0163906    0.012359           0
EndNode1[0]<--->Repeater1[0]
REAL
   0.404639  -0.0128688 -0.00204841    0.357224
 -0.0128688   0.0837629   0.0272835  -0.0092192
-0.00204841   0.0272835   0.0824742  0.00723498
   0.357224  -0.0092192  0.00723498    0.429124
IMAGINARY
          0  -0.0184092 -0.00805483  -0.0324138
  0.0184092           0   0.0265924   0.0194321
 0.00805483  -0.0265924           0  0.00224157
  0.0324138  -0.0194321 -0.00224157           0
EndNode2[0]<--->HoM1[0]
REAL
   0.428198 -0.00812713  -0.0161786    0.345236
-0.00812713    0.075718    0.039285  0.00143658
 -0.0161786    0.039285   0.0809399 0.000756121
   0.345236  0.00143658 0.000756121    0.415144
IMAGINARY
          0  0.00111327  0.00154435  -0.0148001
-0.00111327           0  0.00789925  0.00815811
-0.00154435 -0.00789925           0   0.0150575
  0.0148001 -0.00815811  -0.0150575           0
Repeater1[0]<--->EndNode1[0]
REAL
   0.404639 -0.00204841  -0.0128688    0.357224
-0.00204841   0.0824742   0.0272835  0.00723498
 -0.0128688   0.0272835   0.0837629  -0.0092192
   0.357224  0.00723498  -0.0092192    0.429124
IMAGINARY
          0 -0.00805483  -0.0184092  -0.0324138
 0.00805483           0  -0.0265924  0.00224157
  0.0184092   0.0265924           0   0.0194321
  0.0324138 -0.00224157  -0.0194321           0
Repeater1[0]<--->HoM1[0]
REAL
   0.428198  -0.0161786 -0.00812713    0.345236
 -0.0161786   0.0809399    0.039285 0.000756121
-0.00812713    0.039285    0.075718  0.00143658
   0.345236 0.000756121  0.00143658    0.415144
IMAGINARY
          0  0.00154435  0.00111327  -0.0148001
-0.00154435           0 -0.00789925   0.0150575
-0.00111327  0.00789925           0  0.00815811
  0.0148001  -0.0150575 -0.00815811           0
EndNode1[0]<--->Repeater1[0]
REAL
  0.464332 0.00765905  0.0290243   0.364022
0.00765905  0.0817121  0.0533862  0.0122717
 0.0290243  0.0533862   0.080415  0.0145773
  0.364022  0.0122717  0.0145773   0.373541
IMAGINARY
          0    0.014691 -0.00725312  -0.0191887
  -0.014691           0  0.00810657   0.0234658
 0.00725312 -0.00810657           0 -0.00236935
  0.0191887  -0.0234658  0.00236935           0
EndNode2[0]<--->HoM1[0]
REAL
   0.429521 -0.00956912  -0.0180327    0.371766
-0.00956912    0.099734   0.0201937   0.0142639
 -0.0180327   0.0201937   0.0744681 -0.00424997
   0.371766   0.0142639 -0.00424997    0.396277
IMAGINARY
          0   0.0034115 -0.00715007    0.017035
 -0.0034115           0  -0.0112136 -0.00228389
 0.00715007   0.0112136           0  0.00602246
  -0.017035  0.00228389 -0.00602246           0
Repeater1[0]<--->EndNode1[0]
REAL
  0.464332  0.0290243 0.00765905   0.364022
 0.0290243   0.080415  0.0533862  0.0145773
0.00765905  0.0533862  0.0817121  0.0122717
  0.364022  0.0145773  0.0122717   0.373541
IMAGINARY
          0 -0.00725312    0.014691  -0.0191887
 0.00725312           0 -0.00810657 -0.00236935
  -0.014691  0.00810657           0   0.0234658
  0.0191887  0.00236935  -0.0234658           0
Repeater1[0]<--->HoM1[0]
REAL
   0.429521  -0.0180327 -0.00956912    0.371766
 -0.0180327   0.0744681   0.0201937 -0.00424997
-0.00956912   0.0201937    0.099734   0.0142639
   0.371766 -0.00424997   0.0142639    0.396277
IMAGINARY
          0 -0.00715007   0.0034115    0.017035
 0.00715007           0   0.0112136  0.00602246
 -0.0034115  -0.0112136           0 -0.00228389
  -0.017035 -0.00602246  0.00228389           0
EndNode1[0]<--->Repeater1[0]
REAL
    0.453083  0.000604584 -0.000358797     0.348837
 0.000604584    0.0831099    0.0498359  -0.00506943
-0.000358797    0.0498359    0.0723861   0.00120482
    0.348837  -0.00506943   0.00120482     0.391421
IMAGINARY
          0  0.00280899 -0.00589532   0.0167302
-0.00280899           0  0.00783823  -0.0109586
 0.00589532 -0.00783823           0  0.00280899
 -0.0167302   0.0109586 -0.00280899           0
EndNode2[0]<--->HoM1[0]
REAL
   0.438819  -0.0158688  -0.0229863    0.334721
 -0.0158688   0.0829817   0.0395083 -0.00722335
 -0.0229863   0.0395083   0.0815752 -0.00447642
   0.334721 -0.00722335 -0.00447642    0.396624
IMAGINARY
          0  0.00750664   0.0121175 -0.00933778
-0.00750664           0   -0.013306  0.00649952
 -0.0121175    0.013306           0 -0.00484707
 0.00933778 -0.00649952  0.00484707           0
Repeater1[0]<--->EndNode1[0]
REAL
    0.453083 -0.000358797  0.000604584     0.348837
-0.000358797    0.0723861    0.0498359   0.00120482
 0.000604584    0.0498359    0.0831099  -0.00506943
    0.348837   0.00120482  -0.00506943     0.391421
IMAGINARY
          0 -0.00589532  0.00280899   0.0167302
 0.00589532           0 -0.00783823  0.00280899
-0.00280899  0.00783823           0  -0.0109586
 -0.0167302 -0.00280899   0.0109586           0
Repeater1[0]<--->HoM1[0]
REAL
   0.438819  -0.0229863  -0.0158688    0.334721
 -0.0229863   0.0815752   0.0395083 -0.00447642
 -0.0158688   0.0395083   0.0829817 -0.00722335
   0.334721 -0.00447642 -0.00722335    0.396624
IMAGINARY
          0   0.0121175  0.00750664 -0.00933778
 -0.0121175           0    0.013306 -0.00484707
-0.00750664   -0.013306           0  0.00649952
 0.00933778  0.00484707 -0.00649952           0
EndNode1[0]<--->Repeater1[0]
REAL
   0.395522 0.000978521 -0.00834489    0.352248
0.000978521    0.090796    0.041749 -0.00634222
-0.00834489    0.041749   0.0783582   -0.019497
   0.352248 -0.00634222   -0.019497    0.435323
IMAGINARY
          0   0.0140795 -0.00704225 -0.00911609
 -0.0140795           0  -0.0229352  0.00640205
 0.00704225   0.0229352           0   0.0147297
 0.00911609 -0.00640205  -0.0147297           0
EndNode2[0]<--->HoM1[0]
REAL
    0.422553   0.00487263 -0.000323415     0.342277
  0.00487263    0.0755886    0.0387059 -0.000323415
-0.000323415    0.0387059    0.0904585   0.00741715
    0.342277 -0.000323415   0.00741715       0.4114
IMAGINARY
          0  -0.0134239 -0.00712977  0.00428787
  0.0134239           0   0.0157675  0.00202773
 0.00712977  -0.0157675           0  -0.0350455
-0.00428787 -0.00202773   0.0350455           0
Repeater1[0]<--->EndNode1[0]
REAL
   0.395522 -0.00834489 0.000978521    0.352248
-0.00834489   0.0783582    0.041749   -0.019497
0.000978521    0.041749    0.090796 -0.00634222
   0.352248   -0.019497 -0.00634222    0.435323
IMAGINARY
          0 -0.00704225   0.0140795 -0.00911609
 0.00704225           0   0.0229352   0.0147297
 -0.0140795  -0.0229352           0  0.00640205
 0.00911609  -0.0147297 -0.00640205           0
Repeater1[0]<--->HoM1[0]
REAL
    0.422553 -0.000323415   0.00487263     0.342277
-0.000323415    0.0904585    0.0387059   0.00741715
  0.00487263    0.0387059    0.0755886 -0.000323415
    0.342277   0.00741715 -0.000323415       0.4114
IMAGINARY
          0 -0.00712977  -0.0134239  0.00428787
 0.00712977           0  -0.0157675  -0.0350455
  0.0134239   0.0157675           0  0.00202773
-0.00428787   0.0350455 -0.00202773           0
EndNode1[0]<--->Repeater1[0]
REAL
   0.407947 -0.00956489   0.0153336    0.353588
-0.00956489   0.0794702     0.04149 -0.00497094
  0.0153336     0.04149   0.0913907   0.0160416
   0.353588 -0.00497094   0.0160416    0.421192
IMAGINARY
          0   -0.025776   0.0104549  -0.0019514
   0.025776           0  0.00647921  -0.0201074
 -0.0104549 -0.00647921           0   0.0277065
  0.0019514   0.0201074  -0.0277065           0
EndNode2[0]<--->HoM1[0]
REAL
   0.396396  0.00278023 -0.00701864    0.372131
 0.00278023   0.0656371   0.0421911 -0.00321154
-0.00701864   0.0421911   0.0759331  -0.0117316
   0.372131 -0.00321154  -0.0117316    0.462033
IMAGINARY
          0  -0.0151593  0.00591413  -0.0140124
  0.0151593           0   0.0233209   0.0186368
-0.00591413  -0.0233209           0 -0.00220595
  0.0140124  -0.0186368  0.00220595           0
Repeater1[0]<--->EndNode1[0]
REAL
   0.407947   0.0153336 -0.00956489    0.353588
  0.0153336   0.0913907     0.04149   0.0160416
-0.00956489     0.04149   0.0794702 -0.00497094
   0.353588   0.0160416 -0.00497094    0.421192
IMAGINARY
          0   0.0104549   -0.025776  -0.0019514
 -0.0104549           0 -0.00647921   0.0277065
   0.025776  0.00647921           0  -0.0201074
  0.0019514  -0.0277065   0.0201074           0
Repeater1[0]<--->HoM1[0]
REAL
   0.396396 -0.00701864  0.00278023    0.372131
-0.00701864   0.0759331   0.0421911  -0.0117316
 0.00278023   0.0421911   0.0656371 -0.00321154
   0.372131  -0.0117316 -0.00321154    0.462033
IMAGINARY
          0  0.00591413  -0.0151593  -0.0140124
-0.00591413           0  -0.0233209 -0.00220595
  0.0151593   0.0233209           0   0.0186368
  0.0140124  0.00220595  -0.0186368           0
EndNode1[0]<--->Repeater1[0]
REAL
  0.426582 0.00632224  0.0155186   0.354761
0.00632224   0.078481  0.0372702 0.00633227
 0.0155186  0.0372702  0.0708861  0.0103873
  0.354761 0.00633227  0.0103873   0.424051
IMAGINARY
          0 -0.00485457  0.00346849   0.0022716
 0.00485457           0  0.00103091  -0.0180439
-0.00346849 -0.00103091           0  0.00929057
 -0.0022716   0.0180439 -0.00929057           0
EndNode2[0]<--->HoM1[0]
REAL
    0.424967 -0.000197271  -0.00613798     0.348094
-0.000197271    0.0810093    0.0528684  -0.00142735
 -0.00613798    0.0528684    0.0783533  -0.00736807
    0.348094  -0.00142735  -0.00736807     0.415671
IMAGINARY
          0  0.00842035 -0.00250956  0.00682527
-0.00842035           0   0.0256588   0.0226101
 0.00250956  -0.0256588           0 -0.00716407
-0.00682527  -0.0226101  0.00716407           0
