EndNode1[0]<--->Repeater1[0]
REAL
    0.471204   0.00216316   0.00667353     0.351384
  0.00216316    0.0942408 -0.000766627  -0.00173526
  0.00667353 -0.000766627    0.0837696   0.00647882
    0.351384  -0.00173526   0.00647882     0.350785
IMAGINARY
          0  0.00715784  -0.0130212  -0.0109018
-0.00715784           0  0.00561077 -0.00982831
  0.0130212 -0.00561077           0   0.0183798
  0.0109018  0.00982831  -0.0183798           0
EndNode2[0]<--->HoM1[0]
REAL
   0.481297  0.00978845    0.010952    0.367165
 0.00978845   0.0610973 -0.00267273  -0.0103246
   0.010952 -0.00267273   0.0673317 -0.00163287
   0.367165  -0.0103246 -0.00163287    0.390274
IMAGINARY
          0  -0.0113465  0.00653196  0.00830439
  0.0113465           0  -0.0236105 -0.00715774
-0.00653196   0.0236105           0 -0.00805272
-0.00830439  0.00715774  0.00805272           0
Repeater1[0]<--->EndNode1[0]
REAL
    0.471204   0.00667353   0.00216316     0.351384
  0.00667353    0.0837696 -0.000766627   0.00647882
  0.00216316 -0.000766627    0.0942408  -0.00173526
    0.351384   0.00647882  -0.00173526     0.350785
IMAGINARY
          0  -0.0130212  0.00715784  -0.0109018
  0.0130212           0 -0.00561077   0.0183798
-0.00715784  0.00561077           0 -0.00982831
  0.0109018  -0.0183798  0.00982831           0
Repeater1[0]<--->HoM1[0]
REAL
   0.481297    0.010952  0.00978845    0.367165
   0.010952   0.0673317 -0.00267273 -0.00163287
 0.00978845 -0.00267273   0.0610973  -0.0103246
   0.367165 -0.00163287  -0.0103246    0.390274
IMAGINARY
          0  0.00653196  -0.0113465  0.00830439
-0.00653196           0   0.0236105 -0.00805272
  0.0113465  -0.0236105           0 -0.00715774
-0.00830439  0.00805272  0.00715774           0
EndNode1[0]<--->Repeater1[0]
REAL
   0.484496  -0.0104876 -0.00091473    0.321101
 -0.0104876   0.0865633 -0.00314936   0.0167175
-0.00091473 -0.00314936   0.0826873    0.018705
   0.321101   0.0167175    0.018705    0.346253
IMAGINARY
          0 -0.00693527 -0.00652744   -0.012355
 0.00693527           0  -0.0173676    0.018789
 0.00652744   0.0173676           0  0.00693527
   0.012355   -0.018789 -0.00693527           0
EndNode2[0]<--->HoM1[0]
REAL
   0.506868  0.00108732   0.0037242    0.367689
 0.00108732   0.0645604 -0.00462325   0.0126075
  0.0037242 -0.00462325   0.0563187   0.0340886
   0.367689   0.0126075   0.0340886    0.372253
IMAGINARY
           0    0.0015805 -0.000990379    0.0120232
  -0.0015805            0  -0.00149034  -0.00976231
 0.000990379   0.00149034            0  -0.00830093
  -0.0120232   0.00976231   0.00830093            0
Repeater1[0]<--->EndNode1[0]
REAL
   0.484496 -0.00091473  -0.0104876    0.321101
-0.00091473   0.0826873 -0.00314936    0.018705
 -0.0104876 -0.00314936   0.0865633   0.0167175
   0.321101    0.018705   0.0167175    0.346253
IMAGINARY
          0 -0.00652744 -0.00693527   -0.012355
 0.00652744           0   0.0173676  0.00693527
 0.00693527  -0.0173676           0    0.018789
   0.012355 -0.00693527   -0.018789           0
Repeater1[0]<--->HoM1[0]
REAL
   0.506868   0.0037242  0.00108732    0.367689
  0.0037242   0.0563187 -0.00462325   0.0340886
 0.00108732 -0.00462325   0.0645604   0.0126075
   0.367689   0.0340886   0.0126075    0.372253
IMAGINARY
           0 -0.000990379    0.0015805    0.0120232
 0.000990379            0   0.00149034  -0.00830093
  -0.0015805  -0.00149034            0  -0.00976231
  -0.0120232   0.00830093   0.00976231            0
EndNode1[0]<--->Repeater1[0]
REAL
   0.487148 0.000373065  -0.0215295    0.342391
0.000373065   0.0807834 -0.00181159 -0.00811482
 -0.0215295 -0.00181159   0.0709914  -0.0128895
   0.342391 -0.00811482  -0.0128895    0.361077
IMAGINARY
          0   0.0138325 -0.00836621   0.0116832
 -0.0138325           0    -0.02122   0.0131971
 0.00836621     0.02122           0   0.0066989
 -0.0116832  -0.0131971  -0.0066989           0
EndNode2[0]<--->HoM1[0]
REAL
   0.486239 -0.00795946  0.00316436    0.373527
-0.00795946   0.0432503  -0.0105131 -0.00503236
 0.00316436  -0.0105131   0.0524246 -0.00138051
   0.373527 -0.00503236 -0.00138051    0.418087
IMAGINARY
         0 -0.0288544  0.0183747 -0.0173006
 0.0288544          0  0.0179474  0.0190318
-0.0183747 -0.0179474          0  0.0051636
 0.0173006 -0.0190318 -0.0051636          0
Repeater1[0]<--->EndNode1[0]
REAL
   0.487148  -0.0215295 0.000373065    0.342391
 -0.0215295   0.0709914 -0.00181159  -0.0128895
0.000373065 -0.00181159   0.0807834 -0.00811482
   0.342391  -0.0128895 -0.00811482    0.361077
IMAGINARY
          0 -0.00836621   0.0138325   0.0116832
 0.00836621           0     0.02122   0.0066989
 -0.0138325    -0.02122           0   0.0131971
 -0.0116832  -0.0066989  -0.0131971           0
Repeater1[0]<--->HoM1[0]
REAL
   0.486239  0.00316436 -0.00795946    0.373527
 0.00316436   0.0524246  -0.0105131 -0.00138051
-0.00795946  -0.0105131   0.0432503 -0.00503236
   0.373527 -0.00138051 -0.00503236    0.418087
IMAGINARY
         0  0.0183747 -0.0288544 -0.0173006
-0.0183747          0 -0.0179474  0.0051636
 0.0288544  0.0179474          0  0.0190318
 0.0173006 -0.0051636 -0.0190318          0
EndNode1[0]<--->Repeater1[0]
REAL
   0.471023  -0.0159022 0.000271406     0.33239
 -0.0159022   0.0776819 -0.00284451  -0.0242613
0.000271406 -0.00284451   0.0863132  0.00327591
    0.33239  -0.0242613  0.00327591    0.364982
IMAGINARY
          0   0.0334362 -0.00256507   0.0109253
 -0.0334362           0  -0.0137743  -0.0373589
 0.00256507   0.0137743           0 -0.00618648
 -0.0109253   0.0373589  0.00618648           0
EndNode2[0]<--->HoM1[0]
REAL
    0.477876   -0.0164551    -0.019036     0.376948
  -0.0164551      0.05689 -0.000914769   -0.0264185
   -0.019036 -0.000914769    0.0594185   -0.0278188
    0.376948   -0.0264185   -0.0278188     0.405815
IMAGINARY
           0  -0.00119127    0.0130296   0.00498718
  0.00119127            0   -0.0250389  0.000965284
  -0.0130296    0.0250389            0  -0.00517005
 -0.00498718 -0.000965284   0.00517005            0
Repeater1[0]<--->EndNode1[0]
REAL
   0.471023 0.000271406  -0.0159022     0.33239
0.000271406   0.0863132 -0.00284451  0.00327591
 -0.0159022 -0.00284451   0.0776819  -0.0242613
    0.33239  0.00327591  -0.0242613    0.364982
IMAGINARY
          0 -0.00256507   0.0334362   0.0109253
 0.00256507           0   0.0137743 -0.00618648
 -0.0334362  -0.0137743           0  -0.0373589
 -0.0109253  0.00618648   0.0373589           0
Repeater1[0]<--->HoM1[0]
REAL
    0.477876    -0.019036   -0.0164551     0.376948
   -0.019036    0.0594185 -0.000914769   -0.0278188
  -0.0164551 -0.000914769      0.05689   -0.0264185
    0.376948   -0.0278188   -0.0264185     0.405815
IMAGINARY
           0    0.0130296  -0.00119127   0.00498718
  -0.0130296            0    0.0250389  -0.00517005
  0.00119127   -0.0250389            0  0.000965284
 -0.00498718   0.00517005 -0.000965284            0
EndNode1[0]<--->Repeater1[0]
REAL
  0.510612 0.00118029 -0.0245299     0.3212
0.00118029  0.0861423 -0.0033611 -0.0219525
-0.0245299 -0.0033611  0.0774032 -0.0187682
    0.3212 -0.0219525 -0.0187682   0.325843
IMAGINARY
           0   0.00325016   -0.0110489  0.000473303
 -0.00325016            0    0.0224859   0.00632559
   0.0110489   -0.0224859            0   -0.0120221
-0.000473303  -0.00632559    0.0120221            0
EndNode2[0]<--->HoM1[0]
REAL
     0.49455   0.00383634   0.00155595     0.369825
  0.00383634    0.0531335   0.00281061 -0.000925436
  0.00155595   0.00281061    0.0708447    0.0157097
    0.369825 -0.000925436    0.0157097     0.381471
IMAGINARY
          0  -0.0120532   0.0079049  -0.0252681
  0.0120532           0 -0.00341019   0.0149113
 -0.0079049  0.00341019           0 -0.00294024
  0.0252681  -0.0149113  0.00294024           0
Repeater1[0]<--->EndNode1[0]
REAL
  0.510612 -0.0245299 0.00118029     0.3212
-0.0245299  0.0774032 -0.0033611 -0.0187682
0.00118029 -0.0033611  0.0861423 -0.0219525
    0.3212 -0.0187682 -0.0219525   0.325843
IMAGINARY
           0   -0.0110489   0.00325016  0.000473303
   0.0110489            0   -0.0224859   -0.0120221
 -0.00325016    0.0224859            0   0.00632559
-0.000473303    0.0120221  -0.00632559            0
Repeater1[0]<--->HoM1[0]
REAL
     0.49455   0.00155595   0.00383634     0.369825
  0.00155595    0.0708447   0.00281061    0.0157097
  0.00383634   0.00281061    0.0531335 -0.000925436
    0.369825    0.0157097 -0.000925436     0.381471
IMAGINARY
          0   0.0079049  -0.0120532  -0.0252681
 -0.0079049           0  0.00341019 -0.00294024
  0.0120532 -0.00341019           0   0.0149113
  0.0252681  0.00294024  -0.0149113           0
EndNode1[0]<--->Repeater1[0]
REAL
   0.491699   -0.019612 -0.00551653    0.347787
  -0.019612   0.0689655  0.00416062  -0.0100679
-0.00551653  0.00416062   0.0613027  0.00922237
   0.347787  -0.0100679  0.00922237    0.378033
IMAGINARY
           0     0.012162   0.00601786   -0.0152624
   -0.012162            0  -0.00533685 -0.000104588
 -0.00601786   0.00533685            0   0.00163566
   0.0152624  0.000104588  -0.00163566            0
EndNode2[0]<--->HoM1[0]
REAL
  0.481576  0.0089832 0.00384959   0.367889
 0.0089832   0.068615 0.00591028  0.0256429
0.00384959 0.00591028  0.0660737  0.0314832
  0.367889  0.0256429  0.0314832   0.383736
IMAGINARY
           0    0.0176859      0.01145  -0.00995511
  -0.0176859            0  0.000768754   -0.0192625
    -0.01145 -0.000768754            0   0.00314739
  0.00995511    0.0192625  -0.00314739            0
Repeater1[0]<--->EndNode1[0]
REAL
   0.491699 -0.00551653   -0.019612    0.347787
-0.00551653   0.0613027  0.00416062  0.00922237
  -0.019612  0.00416062   0.0689655  -0.0100679
   0.347787  0.00922237  -0.0100679    0.378033
IMAGINARY
           0   0.00601786     0.012162   -0.0152624
 -0.00601786            0   0.00533685   0.00163566
   -0.012162  -0.00533685            0 -0.000104588
   0.0152624  -0.00163566  0.000104588            0
Repeater1[0]<--->HoM1[0]
REAL
  0.481576 0.00384959  0.0089832   0.367889
0.00384959  0.0660737 0.00591028  0.0314832
 0.0089832 0.00591028   0.068615  0.0256429
  0.367889  0.0314832  0.0256429   0.383736
IMAGINARY
           0      0.01145    0.0176859  -0.00995511
    -0.01145            0 -0.000768754   0.00314739
  -0.0176859  0.000768754            0   -0.0192625
  0.00995511  -0.00314739    0.0192625            0
EndNode1[0]<--->Repeater1[0]
REAL
   0.497475   0.0042847 -0.00645568    0.326772
  0.0042847   0.0643939  0.00262467    0.019579
-0.00645568  0.00262467   0.0820707 0.000964645
   0.326772    0.019579 0.000964645    0.356061
IMAGINARY
           0   0.00455333   0.00663101  -0.00849759
 -0.00455333            0  0.000462981  -0.00531867
 -0.00663101 -0.000462981            0   -0.0163644
  0.00849759   0.00531867    0.0163644            0
EndNode2[0]<--->HoM1[0]
REAL
  0.450932 0.00508484  -0.006529   0.362697
0.00508484  0.0757764 0.00320336 -0.0145438
 -0.006529 0.00320336  0.0720497 -0.0121091
  0.362697 -0.0145438 -0.0121091   0.401242
IMAGINARY
          0 -0.00134442   0.0193641  -0.0353163
 0.00134442           0   -0.026154 -0.00544006
 -0.0193641    0.026154           0  -0.0163771
  0.0353163  0.00544006   0.0163771           0
Repeater1[0]<--->EndNode1[0]
REAL
   0.497475 -0.00645568   0.0042847    0.326772
-0.00645568   0.0820707  0.00262467 0.000964645
  0.0042847  0.00262467   0.0643939    0.019579
   0.326772 0.000964645    0.019579    0.356061
IMAGINARY
           0   0.00663101   0.00455333  -0.00849759
 -0.00663101            0 -0.000462981   -0.0163644
 -0.00455333  0.000462981            0  -0.00531867
  0.00849759    0.0163644   0.00531867            0
Repeater1[0]<--->HoM1[0]
REAL
  0.450932  -0.006529 0.00508484   0.362697
 -0.006529  0.0720497 0.00320336 -0.0121091
0.00508484 0.00320336  0.0757764 -0.0145438
  0.362697 -0.0121091 -0.0145438   0.401242
IMAGINARY
          0   0.0193641 -0.00134442  -0.0353163
 -0.0193641           0    0.026154  -0.0163771
 0.00134442   -0.026154           0 -0.00544006
  0.0353163   0.0163771  0.00544006           0
EndNode1[0]<--->Repeater1[0]
REAL
  0.476698   -0.01407 0.00531915   0.328606
  -0.01407   0.069241  0.0144794 0.00531915
0.00531915  0.0144794  0.0838881 0.00609128
  0.328606 0.00531915 0.00609128   0.370173
IMAGINARY
           0    0.0070756   0.00728594   0.00256881
  -0.0070756            0 -0.000544517   -0.0227754
 -0.00728594  0.000544517            0  -0.00397771
 -0.00256881    0.0227754   0.00397771            0
EndNode2[0]<--->HoM1[0]
REAL
   0.481771 -0.00355065  0.00069729    0.382231
-0.00355065   0.0546875 -0.00884555  0.00317868
 0.00069729 -0.00884555   0.0742188  0.00484264
   0.382231  0.00317868  0.00484264    0.389323
IMAGINARY
          0   0.0175536  0.00431316   0.0158126
 -0.0175536           0  -0.0066742  0.00749787
-0.00431316   0.0066742           0 -0.00180556
 -0.0158126 -0.00749787  0.00180556           0
Repeater1[0]<--->EndNode1[0]
REAL
  0.476698 0.00531915   -0.01407   0.328606
0.00531915  0.0838881  0.0144794 0.00609128
  -0.01407  0.0144794   0.069241 0.00531915
  0.328606 0.00609128 0.00531915   0.370173
IMAGINARY
           0   0.00728594    0.0070756   0.00256881
 -0.00728594            0  0.000544517  -0.00397771
  -0.0070756 -0.000544517            0   -0.0227754
 -0.00256881   0.00397771    0.0227754            0
Repeater1[0]<--->HoM1[0]
REAL
   0.481771  0.00069729 -0.00355065    0.382231
 0.00069729   0.0742187 -0.00884555  0.00484264
-0.00355065 -0.00884555   0.0546875  0.00317868
   0.382231  0.00484264  0.00317868    0.389323
IMAGINARY
          0  0.00431316   0.0175536   0.0158126
-0.00431316           0   0.0066742 -0.00180556
 -0.0175536  -0.0066742           0  0.00749787
 -0.0158126  0.00180556 -0.00749787           0
EndNode1[0]<--->Repeater1[0]
REAL
    0.478098   0.00641667 -0.000672437     0.326524
  0.00641667    0.0938673    0.0134755  -0.00932756
-0.000672437    0.0134755    0.0838548   -0.0189167
    0.326524  -0.00932756   -0.0189167      0.34418
IMAGINARY
          0   0.0201345  0.00399406    -0.01161
 -0.0201345           0 -0.00509955  -0.0221873
-0.00399406  0.00509955           0 -0.00570534
    0.01161   0.0221873  0.00570534           0
EndNode2[0]<--->HoM1[0]
REAL
    0.449393   0.00459005   0.00512169     0.377801
  0.00459005    0.0553306   0.00493991 -0.000510355
  0.00512169   0.00493991    0.0593792   0.00660889
    0.377801 -0.000510355   0.00660889     0.435897
IMAGINARY
           0 -0.000854071    0.0168976  -0.00651782
 0.000854071            0    0.0117672   -0.0010052
  -0.0168976   -0.0117672            0  -0.00770339
  0.00651782    0.0010052   0.00770339            0
Repeater1[0]<--->EndNode1[0]
REAL
    0.478098 -0.000672437   0.00641667     0.326524
-0.000672437    0.0838548    0.0134755   -0.0189167
  0.00641667    0.0134755    0.0938673  -0.00932756
    0.326524   -0.0189167  -0.00932756      0.34418
IMAGINARY
          0  0.00399406   0.0201345    -0.01161
-0.00399406           0  0.00509955 -0.00570534
 -0.0201345 -0.00509955           0  -0.0221873
    0.01161  0.00570534   0.0221873           0
Repeater1[0]<--->HoM1[0]
REAL
    0.449393   0.00512169   0.00459005     0.377801
  0.00512169    0.0593792   0.00493991   0.00660889
  0.00459005   0.00493991    0.0553306 -0.000510355
    0.377801   0.00660889 -0.000510355     0.435897
IMAGINARY
           0    0.0168976 -0.000854071  -0.00651782
  -0.0168976            0   -0.0117672  -0.00770339
 0.000854071    0.0117672            0   -0.0010052
  0.00651782   0.00770339    0.0010052            0
EndNode1[0]<--->Repeater1[0]
REAL
  0.468992 -0.0222307  -0.023958   0.338428
-0.0222307  0.0762274  0.0179823 -0.0196317
 -0.023958  0.0179823  0.0762274 -0.0136668
  0.338428 -0.0196317 -0.0136668   0.378553
IMAGINARY
           0    0.0128277  0.000671584    0.0266116
  -0.0128277            0   -0.0111605    0.0130899
-0.000671584    0.0111605            0   -0.0121723
  -0.0266116   -0.0130899    0.0121723            0
EndNode2[0]<--->HoM1[0]
REAL
   0.458913   0.0174724  0.00195734     0.36475
  0.0174724   0.0695322 -0.00583867    0.016607
 0.00195734 -0.00583867   0.0670038 -0.00138327
    0.36475    0.016607 -0.00138327    0.404551
IMAGINARY
         0  0.0133541  -0.021898  -0.001858
-0.0133541          0  0.0108324 -0.0258144
  0.021898 -0.0108324          0  0.0173648
  0.001858  0.0258144 -0.0173648          0
Repeater1[0]<--->EndNode1[0]
REAL
  0.468992  -0.023958 -0.0222307   0.338428
 -0.023958  0.0762274  0.0179823 -0.0136668
-0.0222307  0.0179823  0.0762274 -0.0196317
  0.338428 -0.0136668 -0.0196317   0.378553
IMAGINARY
           0  0.000671584    0.0128277    0.0266116
-0.000671584            0    0.0111605   -0.0121723
  -0.0128277   -0.0111605            0    0.0130899
  -0.0266116    0.0121723   -0.0130899            0
Repeater1[0]<--->HoM1[0]
REAL
   0.458913  0.00195734   0.0174724     0.36475
 0.00195734   0.0670038 -0.00583867 -0.00138327
  0.0174724 -0.00583867   0.0695322    0.016607
    0.36475 -0.00138327    0.016607    0.404551
IMAGINARY
         0  -0.021898  0.0133541  -0.001858
  0.021898          0 -0.0108324  0.0173648
-0.0133541  0.0108324          0 -0.0258144
  0.001858 -0.0173648  0.0258144          0
EndNode1[0]<--->Repeater1[0]
REAL
   0.473024 0.000531926 -0.00315349    0.343539
0.000531926   0.0715182  0.00633007  0.00576446
-0.00315349  0.00633007   0.0915935  -0.0148922
   0.343539  0.00576446  -0.0148922    0.363864
IMAGINARY
          0  0.00447347  -0.0106527 -0.00168968
-0.00447347           0 -0.00105757 -0.00872715
  0.0106527  0.00105757           0  0.00715444
 0.00168968  0.00872715 -0.00715444           0
EndNode2[0]<--->HoM1[0]
REAL
   0.465177  -0.0108933 0.000968502     0.37545
 -0.0108933   0.0709593   0.0116465  -0.0245417
0.000968502   0.0116465   0.0670171 -0.00895782
    0.37545  -0.0245417 -0.00895782    0.396846
IMAGINARY
           0  0.000317042   0.00560481   0.00192506
-0.000317042            0    0.0197586   0.00237065
 -0.00560481   -0.0197586            0  -0.00706551
 -0.00192506  -0.00237065   0.00706551            0
Repeater1[0]<--->EndNode1[0]
REAL
   0.473024 -0.00315349 0.000531926    0.343539
-0.00315349   0.0915935  0.00633007  -0.0148922
0.000531926  0.00633007   0.0715182  0.00576446
   0.343539  -0.0148922  0.00576446    0.363864
IMAGINARY
          0  -0.0106527  0.00447347 -0.00168968
  0.0106527           0  0.00105757  0.00715444
-0.00447347 -0.00105757           0 -0.00872715
 0.00168968 -0.00715444  0.00872715           0
Repeater1[0]<--->HoM1[0]
REAL
   0.465177 0.000968502  -0.0108933     0.37545
0.000968502   0.0670171   0.0116465 -0.00895782
 -0.0108933   0.0116465   0.0709593  -0.0245417
    0.37545 -0.00895782  -0.0245417    0.396846
IMAGINARY
           0   0.00560481  0.000317042   0.00192506
 -0.00560481            0   -0.0197586  -0.00706551
-0.000317042    0.0197586            0   0.00237065
 -0.00192506   0.00706551  -0.00237065            0
EndNode1[0]<--->Repeater1[0]
REAL
   0.496741   -0.022643  -0.0248157    0.320301
  -0.022643   0.0730117 -0.00322812  -0.0144797
 -0.0248157 -0.00322812   0.0795306   0.0036728
   0.320301  -0.0144797   0.0036728    0.350717
IMAGINARY
          0   -0.016203  -0.0148012  -0.0105109
   0.016203           0   0.0271776   0.0111247
  0.0148012  -0.0271776           0  0.00272256
  0.0105109  -0.0111247 -0.00272256           0
EndNode2[0]<--->HoM1[0]
REAL
   0.466321  0.00941575 -0.00825386    0.383594
 0.00941575   0.0595855  -0.0006424   0.0069816
-0.00825386  -0.0006424   0.0751295   -0.010688
   0.383594   0.0069816   -0.010688    0.398964
IMAGINARY
          0  -0.0119414   0.0030038   0.0168119
  0.0119414           0   0.0212592  0.00807994
 -0.0030038  -0.0212592           0 -0.00160544
 -0.0168119 -0.00807994  0.00160544           0
Repeater1[0]<--->EndNode1[0]
REAL
   0.496741  -0.0248157   -0.022643    0.320301
 -0.0248157   0.0795306 -0.00322812   0.0036728
  -0.022643 -0.00322812   0.0730117  -0.0144797
   0.320301   0.0036728  -0.0144797    0.350717
IMAGINARY
          0  -0.0148012   -0.016203  -0.0105109
  0.0148012           0  -0.0271776  0.00272256
   0.016203   0.0271776           0   0.0111247
  0.0105109 -0.00272256  -0.0111247           0
Repeater1[0]<--->HoM1[0]
REAL
   0.466321 -0.00825386  0.00941575    0.383594
-0.00825386   0.0751295  -0.0006424   -0.010688
 0.00941575  -0.0006424   0.0595855   0.0069816
   0.383594   -0.010688   0.0069816    0.398964
IMAGINARY
          0   0.0030038  -0.0119414   0.0168119
 -0.0030038           0  -0.0212592 -0.00160544
  0.0119414   0.0212592           0  0.00807994
 -0.0168119  0.00160544 -0.00807994           0
EndNode1[0]<--->Repeater1[0]
REAL
    0.461441    0.0127313   0.00902363     0.339217
   0.0127313    0.0859671 -0.000468065    0.0192556
  0.00902363 -0.000468065    0.0960809   -0.0012993
    0.339217    0.0192556   -0.0012993     0.356511
IMAGINARY
          0   -0.010623   0.0138062   0.0206569
   0.010623           0  0.00905891   0.0170742
 -0.0138062 -0.00905891           0  -0.0176293
 -0.0206569  -0.0170742   0.0176293           0
EndNode2[0]<--->HoM1[0]
REAL
   0.498711   0.0178412  -0.0115852    0.374097
  0.0178412   0.0579897 -0.00635102  0.00416281
 -0.0115852 -0.00635102   0.0425258 -0.00367117
   0.374097  0.00416281 -0.00367117    0.400773
IMAGINARY
           0  0.000596883   0.00603248   0.00774175
-0.000596883            0    -0.018908   -0.0215991
 -0.00603248     0.018908            0   0.00749776
 -0.00774175    0.0215991  -0.00749776            0
Repeater1[0]<--->EndNode1[0]
REAL
    0.461441   0.00902363    0.0127313     0.339217
  0.00902363    0.0960809 -0.000468065   -0.0012993
   0.0127313 -0.000468065    0.0859671    0.0192556
    0.339217   -0.0012993    0.0192556     0.356511
IMAGINARY
          0   0.0138062   -0.010623   0.0206569
 -0.0138062           0 -0.00905891  -0.0176293
   0.010623  0.00905891           0   0.0170742
 -0.0206569   0.0176293  -0.0170742           0
Repeater1[0]<--->HoM1[0]
REAL
   0.498711  -0.0115852   0.0178412    0.374097
 -0.0115852   0.0425258 -0.00635102 -0.00367117
  0.0178412 -0.00635102   0.0579897  0.00416281
   0.374097 -0.00367117  0.00416281    0.400773
IMAGINARY
           0   0.00603248  0.000596883   0.00774175
 -0.00603248            0     0.018908   0.00749776
-0.000596883    -0.018908            0   -0.0215991
 -0.00774175  -0.00749776    0.0215991            0
EndNode1[0]<--->Repeater1[0]
REAL
   0.486146   0.0122492 -0.00380583    0.320466
  0.0122492   0.0566751  -0.0115654   0.0247482
-0.00380583  -0.0115654    0.102015 0.000839805
   0.320466   0.0247482 0.000839805    0.355164
IMAGINARY
          0  0.00660201  -0.0124824  -0.0180879
-0.00660201           0  0.00144339   0.0150865
  0.0124824 -0.00144339           0  -0.0105083
  0.0180879  -0.0150865   0.0105083           0
EndNode2[0]<--->HoM1[0]
REAL
  0.483651 -0.0062651 -0.0139714   0.367392
-0.0062651  0.0667575 0.00123042  0.0203489
-0.0139714 0.00123042  0.0531335  0.0113671
  0.367392  0.0203489  0.0113671   0.396458
IMAGINARY
           0   0.00570567   -0.0155759    0.0111341
 -0.00570567            0  0.000523976   -0.0197776
   0.0155759 -0.000523976            0    0.0245974
  -0.0111341    0.0197776   -0.0245974            0
Repeater1[0]<--->EndNode1[0]
REAL
   0.486146 -0.00380583   0.0122492    0.320466
-0.00380583    0.102015  -0.0115654 0.000839805
  0.0122492  -0.0115654   0.0566751   0.0247482
   0.320466 0.000839805   0.0247482    0.355164
IMAGINARY
          0  -0.0124824  0.00660201  -0.0180879
  0.0124824           0 -0.00144339  -0.0105083
-0.00660201  0.00144339           0   0.0150865
  0.0180879   0.0105083  -0.0150865           0
Repeater1[0]<--->HoM1[0]
REAL
  0.483651 -0.0139714 -0.0062651   0.367392
-0.0139714  0.0531335 0.00123042  0.0113671
-0.0062651 0.00123042  0.0667575  0.0203489
  0.367392  0.0113671  0.0203489   0.396458
IMAGINARY
           0   -0.0155759   0.00570567    0.0111341
   0.0155759            0 -0.000523976    0.0245974
 -0.00570567  0.000523976            0   -0.0197776
  -0.0111341   -0.0245974    0.0197776            0
EndNode1[0]<--->Repeater1[0]
REAL
   0.474874   0.0164332  -0.0108976    0.325519
  0.0164332   0.0741206  -0.0119812 4.19138e-05
 -0.0108976  -0.0119812   0.0816583  0.00080819
   0.325519 4.19138e-05  0.00080819    0.369347
IMAGINARY
           0  -0.00999369    0.0196867  0.000573167
  0.00999369            0    0.0012764   0.00656332
  -0.0196867   -0.0012764            0   -0.0112563
-0.000573167  -0.00656332    0.0112563            0
EndNode2[0]<--->HoM1[0]
REAL
   0.463415  -0.0255985  -0.0104449    0.380482
 -0.0255985   0.0564827 -0.00285088 -0.00271297
 -0.0104449 -0.00285088   0.0487805   0.0137564
   0.380482 -0.00271297   0.0137564    0.431322
IMAGINARY
          0   0.0213025  -0.0076774  -0.0109095
 -0.0213025           0   0.0121471  -0.0115534
  0.0076774  -0.0121471           0 -0.00848201
  0.0109095   0.0115534  0.00848201           0
Repeater1[0]<--->EndNode1[0]
REAL
   0.474874  -0.0108976   0.0164332    0.325519
 -0.0108976   0.0816583  -0.0119812  0.00080819
  0.0164332  -0.0119812   0.0741206 4.19138e-05
   0.325519  0.00080819 4.19138e-05    0.369347
IMAGINARY
           0    0.0196867  -0.00999369  0.000573167
  -0.0196867            0   -0.0012764   -0.0112563
  0.00999369    0.0012764            0   0.00656332
-0.000573167    0.0112563  -0.00656332            0
Repeater1[0]<--->HoM1[0]
REAL
   0.463415  -0.0104449  -0.0255985    0.380482
 -0.0104449   0.0487805 -0.00285088   0.0137564
 -0.0255985 -0.00285088   0.0564827 -0.00271297
   0.380482   0.0137564 -0.00271297    0.431322
IMAGINARY
          0  -0.0076774   0.0213025  -0.0109095
  0.0076774           0  -0.0121471 -0.00848201
 -0.0213025   0.0121471           0  -0.0115534
  0.0109095  0.00848201   0.0115534           0
EndNode1[0]<--->Repeater1[0]
REAL
  0.475836 0.00482334 0.00336259   0.347717
0.00482334  0.0780669 -0.0047419  0.0196598
0.00336259 -0.0047419  0.0817844  0.0170185
  0.347717  0.0196598  0.0170185   0.364312
IMAGINARY
          0   0.0153663  0.00409836  0.00940341
 -0.0153663           0  0.00624285   -0.010929
-0.00409836 -0.00624285           0  -0.0167324
-0.00940341    0.010929   0.0167324           0
EndNode2[0]<--->HoM1[0]
REAL
   0.470064 -0.00628702 -0.00695299    0.380592
-0.00628702    0.066242  0.00652668 -0.00433519
-0.00695299  0.00652668   0.0738854  0.00429499
   0.380592 -0.00433519  0.00429499    0.389809
IMAGINARY
          0  -0.0265759    0.017025 -0.00170166
  0.0265759           0 -0.00589328    0.025369
  -0.017025  0.00589328           0   -0.017065
 0.00170166   -0.025369    0.017065           0
Repeater1[0]<--->EndNode1[0]
REAL
  0.475836 0.00336259 0.00482334   0.347717
0.00336259  0.0817844 -0.0047419  0.0170185
0.00482334 -0.0047419  0.0780669  0.0196598
  0.347717  0.0170185  0.0196598   0.364312
IMAGINARY
          0  0.00409836   0.0153663  0.00940341
-0.00409836           0 -0.00624285  -0.0167324
 -0.0153663  0.00624285           0   -0.010929
-0.00940341   0.0167324    0.010929           0
Repeater1[0]<--->HoM1[0]
REAL
   0.470064 -0.00695299 -0.00628702    0.380592
-0.00695299   0.0738854  0.00652668  0.00429499
-0.00628702  0.00652668    0.066242 -0.00433519
   0.380592  0.00429499 -0.00433519    0.389809
IMAGINARY
          0    0.017025  -0.0265759 -0.00170166
  -0.017025           0  0.00589328   -0.017065
  0.0265759 -0.00589328           0    0.025369
 0.00170166    0.017065   -0.025369           0
EndNode1[0]<--->Repeater1[0]
REAL
  0.469677  0.0193361 -0.0246476   0.340243
 0.0193361  0.0851613 0.00219669  0.0151177
-0.0246476 0.00219669  0.0890323  0.0143361
  0.340243  0.0151177  0.0143361   0.356129
IMAGINARY
           0   0.00518194   0.00952296    0.0158951
 -0.00518194            0  0.000857492  -0.00566692
 -0.00952296 -0.000857492            0    0.0140983
  -0.0158951   0.00566692   -0.0140983            0
EndNode2[0]<--->HoM1[0]
REAL
   0.450307  -0.0287499  -0.0128589    0.365562
 -0.0287499   0.0588957   0.0195109 -0.00233261
 -0.0128589   0.0195109   0.0674847 -0.00889875
   0.365562 -0.00233261 -0.00889875    0.423313
IMAGINARY
          0   0.0204573  -0.0194329  -0.0108962
 -0.0204573           0   0.0070987  0.00805403
  0.0194329  -0.0070987           0  0.00832449
  0.0108962 -0.00805403 -0.00832449           0
Repeater1[0]<--->EndNode1[0]
REAL
  0.469677 -0.0246476  0.0193361   0.340243
-0.0246476  0.0890323 0.00219669  0.0143361
 0.0193361 0.00219669  0.0851613  0.0151177
  0.340243  0.0143361  0.0151177   0.356129
IMAGINARY
           0   0.00952296   0.00518194    0.0158951
 -0.00952296            0 -0.000857492    0.0140983
 -0.00518194  0.000857492            0  -0.00566692
  -0.0158951   -0.0140983   0.00566692            0
Repeater1[0]<--->HoM1[0]
REAL
   0.450307  -0.0128589  -0.0287499    0.365562
 -0.0128589   0.0674847   0.0195109 -0.00889875
 -0.0287499   0.0195109   0.0588957 -0.00233261
   0.365562 -0.00889875 -0.00233261    0.423313
IMAGINARY
          0  -0.0194329   0.0204573  -0.0108962
  0.0194329           0  -0.0070987  0.00832449
 -0.0204573   0.0070987           0  0.00805403
  0.0108962 -0.00832449 -0.00805403           0
EndNode1[0]<--->Repeater1[0]
REAL
   0.485571  0.00129529   0.0137723    0.321099
 0.00129529   0.0890841  0.00303449   0.0112598
  0.0137723  0.00303449   0.0740276 -0.00322084
   0.321099   0.0112598 -0.00322084    0.351317
IMAGINARY
          0  0.00731101   0.0178346  -0.0249946
-0.00731101           0   0.0180237   0.0253912
 -0.0178346  -0.0180237           0 -0.00795617
  0.0249946  -0.0253912  0.00795617           0
EndNode2[0]<--->HoM1[0]
REAL
   0.492228 -0.00741483  -0.0178849    0.385263
-0.00741483   0.0595855 -0.00133468  0.00385426
 -0.0178849 -0.00133468   0.0556995  0.00231279
   0.385263  0.00385426  0.00231279    0.392487
IMAGINARY
          0 -0.00963191  0.00790483   0.0113174
 0.00963191           0   0.0151342   0.0140024
-0.00790483  -0.0151342           0  0.00318861
 -0.0113174  -0.0140024 -0.00318861           0
Repeater1[0]<--->EndNode1[0]
REAL
   0.485571   0.0137723  0.00129529    0.321099
  0.0137723   0.0740276  0.00303449 -0.00322084
 0.00129529  0.00303449   0.0890841   0.0112598
   0.321099 -0.00322084   0.0112598    0.351317
IMAGINARY
          0   0.0178346  0.00731101  -0.0249946
 -0.0178346           0  -0.0180237 -0.00795617
-0.00731101   0.0180237           0   0.0253912
  0.0249946  0.00795617  -0.0253912           0
Repeater1[0]<--->HoM1[0]
REAL
   0.492228  -0.0178849 -0.00741483    0.385263
 -0.0178849   0.0556995 -0.00133468  0.00231279
-0.00741483 -0.00133468   0.0595855  0.00385426
   0.385263  0.00231279  0.00385426    0.392487
IMAGINARY
          0  0.00790483 -0.00963191   0.0113174
-0.00790483           0  -0.0151342  0.00318861
 0.00963191   0.0151342           0   0.0140024
 -0.0113174 -0.00318861  -0.0140024           0
EndNode1[0]<--->Repeater1[0]
REAL
   0.495737   0.0091042  -0.0115246    0.338402
  0.0091042   0.0791717 -0.00307708  0.00156442
 -0.0115246 -0.00307708   0.0779537 -0.00578414
   0.338402  0.00156442 -0.00578414    0.347138
IMAGINARY
          0   0.0112106 -0.00409976  -0.0125777
 -0.0112106           0  0.00431845  0.00740227
 0.00409976 -0.00431845           0  -0.0197971
  0.0125777 -0.00740227   0.0197971           0
EndNode2[0]<--->HoM1[0]
REAL
   0.498146   0.0327121 -0.00107094    0.375528
  0.0327121    0.053152   -0.002049  0.00472057
-0.00107094   -0.002049   0.0593325  -0.0193301
   0.375528  0.00472057  -0.0193301     0.38937
IMAGINARY
          0  0.00140276  0.00772207  0.00717695
-0.00140276           0  -0.0242822  0.00516453
-0.00772207   0.0242822           0  -0.0207327
-0.00717695 -0.00516453   0.0207327           0
Repeater1[0]<--->EndNode1[0]
REAL
   0.495737  -0.0115246   0.0091042    0.338402
 -0.0115246   0.0779537 -0.00307708 -0.00578414
  0.0091042 -0.00307708   0.0791717  0.00156442
   0.338402 -0.00578414  0.00156442    0.347138
IMAGINARY
          0 -0.00409976   0.0112106  -0.0125777
 0.00409976           0 -0.00431845  -0.0197971
 -0.0112106  0.00431845           0  0.00740227
  0.0125777   0.0197971 -0.00740227           0
Repeater1[0]<--->HoM1[0]
REAL
   0.498146 -0.00107094   0.0327121    0.375528
-0.00107094   0.0593325   -0.002049  -0.0193301
  0.0327121   -0.002049    0.053152  0.00472057
   0.375528  -0.0193301  0.00472057     0.38937
IMAGINARY
          0  0.00772207  0.00140276  0.00717695
-0.00772207           0   0.0242822  -0.0207327
-0.00140276  -0.0242822           0  0.00516453
-0.00717695   0.0207327 -0.00516453           0
EndNode1[0]<--->Repeater1[0]
REAL
   0.512227 -0.00842125  -0.0139282    0.341469
-0.00842125   0.0862291 -0.00791373  0.00926771
 -0.0139282 -0.00791373   0.0772201  -0.0135495
   0.341469  0.00926771  -0.0135495    0.324324
IMAGINARY
          0  -0.0202139  0.00956982 -0.00755886
  0.0202139           0  0.00949434   0.0089487
-0.00956982 -0.00949434           0 -0.00571202
 0.00755886  -0.0089487  0.00571202           0
EndNode2[0]<--->HoM1[0]
REAL
   0.467026  0.00696427    0.014894    0.380176
 0.00696427   0.0565276 -0.00486731  -0.0124249
   0.014894 -0.00486731   0.0592194   -0.010668
   0.380176  -0.0124249   -0.010668    0.417227
IMAGINARY
           0    0.0114087  0.000174277   -0.0035519
  -0.0114087            0   -0.0028914  -0.00326451
-0.000174277    0.0028914            0   -0.0268598
   0.0035519   0.00326451    0.0268598            0
Repeater1[0]<--->EndNode1[0]
REAL
   0.512227  -0.0139282 -0.00842125    0.341469
 -0.0139282   0.0772201 -0.00791373  -0.0135495
-0.00842125 -0.00791373   0.0862291  0.00926771
   0.341469  -0.0135495  0.00926771    0.324324
IMAGINARY
          0  0.00956982  -0.0202139 -0.00755886
-0.00956982           0 -0.00949434 -0.00571202
  0.0202139  0.00949434           0   0.0089487
 0.00755886  0.00571202  -0.0089487           0
Repeater1[0]<--->HoM1[0]
REAL
   0.467026    0.014894  0.00696427    0.380176
   0.014894   0.0592194 -0.00486731   -0.010668
 0.00696427 -0.00486731   0.0565276  -0.0124249
   0.380176   -0.010668  -0.0124249    0.417227
IMAGINARY
           0  0.000174277    0.0114087   -0.0035519
-0.000174277            0    0.0028914   -0.0268598
  -0.0114087   -0.0028914            0  -0.00326451
   0.0035519    0.0268598   0.00326451            0
EndNode1[0]<--->Repeater1[0]
REAL
  0.449682 -0.0127145 -0.0186661   0.333407
-0.0127145   0.077707 -0.0198476 0.00758393
-0.0186661 -0.0198476  0.0573248   0.015974
  0.333407 0.00758393   0.015974   0.415287
IMAGINARY
          0  -0.0109514  0.00345053   0.0103822
  0.0109514           0 -0.00211777 -0.00877598
-0.00345053  0.00211777           0   0.0281111
 -0.0103822  0.00877598  -0.0281111           0
EndNode2[0]<--->HoM1[0]
REAL
   0.494396 0.000985768   0.0105629    0.381972
0.000985768   0.0684932  -0.0106982  0.00298719
  0.0105629  -0.0106982   0.0523039 0.000369245
   0.381972  0.00298719 0.000369245    0.384807
IMAGINARY
          0  0.00913667  -0.0069578 -0.00620915
-0.00913667           0   0.0255167  -0.0126757
  0.0069578  -0.0255167           0  -0.0104456
 0.00620915   0.0126757   0.0104456           0
Repeater1[0]<--->EndNode1[0]
REAL
  0.449682 -0.0186661 -0.0127145   0.333407
-0.0186661  0.0573248 -0.0198476   0.015974
-0.0127145 -0.0198476   0.077707 0.00758393
  0.333407   0.015974 0.00758393   0.415287
IMAGINARY
          0  0.00345053  -0.0109514   0.0103822
-0.00345053           0  0.00211777   0.0281111
  0.0109514 -0.00211777           0 -0.00877598
 -0.0103822  -0.0281111  0.00877598           0
Repeater1[0]<--->HoM1[0]
REAL
   0.494396   0.0105629 0.000985768    0.381972
  0.0105629   0.0523039  -0.0106982 0.000369245
0.000985768  -0.0106982   0.0684932  0.00298719
   0.381972 0.000369245  0.00298719    0.384807
IMAGINARY
          0  -0.0069578  0.00913667 -0.00620915
  0.0069578           0  -0.0255167  -0.0104456
-0.00913667   0.0255167           0  -0.0126757
 0.00620915   0.0104456   0.0126757           0
EndNode1[0]<--->Repeater1[0]
REAL
    0.485275  -0.00277352   -0.0163441     0.323456
 -0.00277352    0.0819462 -7.31636e-05  -0.00853156
  -0.0163441 -7.31636e-05    0.0755442   0.00526109
    0.323456  -0.00853156   0.00526109     0.357234
IMAGINARY
          0   0.0137515 -0.00805341  0.00823012
 -0.0137515           0  0.00104058  -0.0174368
 0.00805341 -0.00104058           0   0.0104315
-0.00823012   0.0174368  -0.0104315           0
EndNode2[0]<--->HoM1[0]
REAL
  0.466408 0.00717916 0.00639484   0.357135
0.00717916  0.0516796  0.0086114  0.0256001
0.00639484  0.0086114  0.0671835  0.0285799
  0.357135  0.0256001  0.0285799   0.414729
IMAGINARY
          0 -0.00732874   0.0241978   0.0125039
 0.00732874           0 -0.00252881  -0.0132863
 -0.0241978  0.00252881           0  -0.0164197
 -0.0125039   0.0132863   0.0164197           0
Repeater1[0]<--->EndNode1[0]
REAL
    0.485275   -0.0163441  -0.00277352     0.323456
  -0.0163441    0.0755442 -7.31636e-05   0.00526109
 -0.00277352 -7.31636e-05    0.0819462  -0.00853156
    0.323456   0.00526109  -0.00853156     0.357234
IMAGINARY
          0 -0.00805341   0.0137515  0.00823012
 0.00805341           0 -0.00104058   0.0104315
 -0.0137515  0.00104058           0  -0.0174368
-0.00823012  -0.0104315   0.0174368           0
Repeater1[0]<--->HoM1[0]
REAL
  0.466408 0.00639484 0.00717916   0.357135
0.00639484  0.0671835  0.0086114  0.0285799
0.00717916  0.0086114  0.0516796  0.0256001
  0.357135  0.0285799  0.0256001   0.414729
IMAGINARY
          0   0.0241978 -0.00732874   0.0125039
 -0.0241978           0  0.00252881  -0.0164197
 0.00732874 -0.00252881           0  -0.0132863
 -0.0125039   0.0164197   0.0132863           0
EndNode1[0]<--->Repeater1[0]
REAL
   0.468244 -0.00079503  0.00249141    0.319321
-0.00079503   0.0884184 -0.00330104 -0.00687189
 0.00249141 -0.00330104   0.0871731  0.00267238
   0.319321 -0.00687189  0.00267238    0.356164
IMAGINARY
          0   0.0173634  -0.0102348   0.0218144
 -0.0173634           0  0.00968162  -0.0129015
  0.0102348 -0.00968162           0 -0.00193923
 -0.0218144   0.0129015  0.00193923           0
EndNode2[0]<--->HoM1[0]
REAL
  0.459495  0.0193399  0.0318385   0.385417
 0.0193399  0.0690571 0.00762443 0.00295532
 0.0318385 0.00762443  0.0584329  0.0115879
  0.385417 0.00295532  0.0115879   0.413015
IMAGINARY
          0 -0.00737316   0.0133399    0.004001
 0.00737316           0   0.0107995  0.00177179
 -0.0133399  -0.0107995           0  -0.0143088
  -0.004001 -0.00177179   0.0143088           0
Repeater1[0]<--->EndNode1[0]
REAL
   0.468244  0.00249141 -0.00079503    0.319321
 0.00249141   0.0871731 -0.00330104  0.00267238
-0.00079503 -0.00330104   0.0884184 -0.00687189
   0.319321  0.00267238 -0.00687189    0.356164
IMAGINARY
          0  -0.0102348   0.0173634   0.0218144
  0.0102348           0 -0.00968162 -0.00193923
 -0.0173634  0.00968162           0  -0.0129015
 -0.0218144  0.00193923   0.0129015           0
Repeater1[0]<--->HoM1[0]
REAL
  0.459495  0.0318385  0.0193399   0.385417
 0.0318385  0.0584329 0.00762443  0.0115879
 0.0193399 0.00762443  0.0690571 0.00295532
  0.385417  0.0115879 0.00295532   0.413015
IMAGINARY
          0   0.0133399 -0.00737316    0.004001
 -0.0133399           0  -0.0107995  -0.0143088
 0.00737316   0.0107995           0  0.00177179
  -0.004001   0.0143088 -0.00177179           0
EndNode1[0]<--->Repeater1[0]
REAL
   0.510667   0.0111205  0.00426031     0.33962
  0.0111205        0.08 -0.00192414  0.00621089
 0.00426031 -0.00192414   0.0906667   0.0124397
    0.33962  0.00621089   0.0124397    0.318667
IMAGINARY
          0  -0.0115966  0.00101277  0.00152893
  0.0115966           0  0.00526958   0.0196264
-0.00101277 -0.00526958           0  -0.0103741
-0.00152893  -0.0196264   0.0103741           0
EndNode2[0]<--->HoM1[0]
REAL
    0.478205 -0.000239917   0.00627377     0.385983
