EndNode1[0]<--->Repeater1[0]
REAL
  0.434211 0.00339278 0.00495864   0.399851
0.00339278  0.0473684 0.00748523  0.0162769
0.00495864 0.00748523  0.0407895  0.0204167
  0.399851  0.0162769  0.0204167   0.477632
IMAGINARY
          0  0.00172502  -0.0259672 -0.00229039
-0.00172502           0 -0.00353108  0.00156165
  0.0259672  0.00353108           0 -0.00485393
 0.00229039 -0.00156165  0.00485393           0
EndNode2[0]<--->HoM1[0]
REAL
   0.413655  -0.0139062 -0.00183657    0.388363
 -0.0139062   0.0562249   0.0232935  -0.0171818
-0.00183657   0.0232935   0.0562249  -0.0100202
   0.388363  -0.0171818  -0.0100202    0.473896
IMAGINARY
          0  -0.0041509 -0.00367675 -0.00987688
  0.0041509           0   0.0138139   0.0143955
 0.00367675  -0.0138139           0  0.00225935
 0.00987688  -0.0143955 -0.00225935           0
Repeater1[0]<--->EndNode1[0]
REAL
  0.434211 0.00495864 0.00339278   0.399851
0.00495864  0.0407895 0.00748523  0.0204167
0.00339278 0.00748523  0.0473684  0.0162769
  0.399851  0.0204167  0.0162769   0.477632
IMAGINARY
          0  -0.0259672  0.00172502 -0.00229039
  0.0259672           0  0.00353108 -0.00485393
-0.00172502 -0.00353108           0  0.00156165
 0.00229039  0.00485393 -0.00156165           0
Repeater1[0]<--->HoM1[0]
REAL
   0.413655 -0.00183657  -0.0139062    0.388363
-0.00183657   0.0562249   0.0232935  -0.0100202
 -0.0139062   0.0232935   0.0562249  -0.0171818
   0.388363  -0.0100202  -0.0171818    0.473896
IMAGINARY
          0 -0.00367675  -0.0041509 -0.00987688
 0.00367675           0  -0.0138139  0.00225935
  0.0041509   0.0138139           0   0.0143955
 0.00987688 -0.00225935  -0.0143955           0
EndNode1[0]<--->Repeater1[0]
REAL
  0.452926 0.00481713  0.0136744   0.406335
0.00481713  0.0547074  0.0127183  0.0143455
 0.0136744  0.0127183  0.0547074  0.0194668
  0.406335  0.0143455  0.0194668   0.437659
IMAGINARY
           0   0.00652794  -0.00412323  -0.00147315
 -0.00652794            0     0.004666 -0.000257248
  0.00412323    -0.004666            0    0.0141229
  0.00147315  0.000257248   -0.0141229            0
EndNode2[0]<--->HoM1[0]
REAL
    0.470366   0.00373901 -9.06373e-05     0.406655
  0.00373901    0.0554855   0.00291209   0.00336718
-9.06373e-05   0.00291209    0.0617907  -0.00963678
    0.406655   0.00336718  -0.00963678     0.412358
IMAGINARY
          0  0.00808312 -0.00693004  0.00381735
-0.00808312           0  0.00500219  -0.0171341
 0.00693004 -0.00500219           0   0.0159811
-0.00381735   0.0171341  -0.0159811           0
Repeater1[0]<--->EndNode1[0]
REAL
  0.452926  0.0136744 0.00481713   0.406335
 0.0136744  0.0547074  0.0127183  0.0194668
0.00481713  0.0127183  0.0547074  0.0143455
  0.406335  0.0194668  0.0143455   0.437659
IMAGINARY
           0  -0.00412323   0.00652794  -0.00147315
  0.00412323            0    -0.004666    0.0141229
 -0.00652794     0.004666            0 -0.000257248
  0.00147315   -0.0141229  0.000257248            0
Repeater1[0]<--->HoM1[0]
REAL
    0.470366 -9.06373e-05   0.00373901     0.406655
-9.06373e-05    0.0617907   0.00291209  -0.00963678
  0.00373901   0.00291209    0.0554855   0.00336718
    0.406655  -0.00963678   0.00336718     0.412358
IMAGINARY
          0 -0.00693004  0.00808312  0.00381735
 0.00693004           0 -0.00500219   0.0159811
-0.00808312  0.00500219           0  -0.0171341
-0.00381735  -0.0159811   0.0171341           0
EndNode1[0]<--->Repeater1[0]
REAL
   0.425997  0.00549451   0.0113251    0.396147
 0.00549451    0.041184   0.0200623 -0.00995148
  0.0113251   0.0200623   0.0527671  0.00549451
   0.396147 -0.00995148  0.00549451    0.480051
IMAGINARY
          0 -0.00353611  -0.0170553  0.00112983
 0.00353611           0   -0.012212     0.01024
  0.0170553    0.012212           0   0.0153081
-0.00112983    -0.01024  -0.0153081           0
EndNode2[0]<--->HoM1[0]
REAL
  0.438048    0.01991 0.00393156   0.405598
   0.01991  0.0525657 0.00806206  0.0141097
0.00393156 0.00806206  0.0413016 -0.0108894
  0.405598  0.0141097 -0.0108894   0.468085
IMAGINARY
          0  0.00549216  0.00582365   0.0143774
-0.00549216           0   0.0012884  0.00520099
-0.00582365  -0.0012884           0  -0.0255959
 -0.0143774 -0.00520099   0.0255959           0
Repeater1[0]<--->EndNode1[0]
REAL
   0.425997   0.0113251  0.00549451    0.396147
  0.0113251   0.0527671   0.0200623  0.00549451
 0.00549451   0.0200623    0.041184 -0.00995148
   0.396147  0.00549451 -0.00995148    0.480051
IMAGINARY
          0  -0.0170553 -0.00353611  0.00112983
  0.0170553           0    0.012212   0.0153081
 0.00353611   -0.012212           0     0.01024
-0.00112983  -0.0153081    -0.01024           0
Repeater1[0]<--->HoM1[0]
REAL
  0.438048 0.00393156    0.01991   0.405598
0.00393156  0.0413016 0.00806206 -0.0108894
   0.01991 0.00806206  0.0525657  0.0141097
  0.405598 -0.0108894  0.0141097   0.468085
IMAGINARY
          0  0.00582365  0.00549216   0.0143774
-0.00582365           0  -0.0012884  -0.0255959
-0.00549216   0.0012884           0  0.00520099
 -0.0143774   0.0255959 -0.00520099           0
EndNode1[0]<--->Repeater1[0]
REAL
  0.460189   0.020817 0.00363542   0.409807
  0.020817  0.0512821 0.00759016  0.0195185
0.00363542 0.00759016  0.0458839 -0.0126818
  0.409807  0.0195185 -0.0126818   0.442645
IMAGINARY
          0  -0.0192639   0.0159404  0.00826031
  0.0192639           0   0.0216098   0.0212174
 -0.0159404  -0.0216098           0  -0.0165901
-0.00826031  -0.0212174   0.0165901           0
EndNode2[0]<--->HoM1[0]
REAL
   0.442536  0.00184885   0.0125561    0.402035
 0.00184885   0.0541612   0.0081736 -0.00825101
  0.0125561   0.0081736   0.0554822  0.00122618
   0.402035 -0.00825101  0.00122618     0.44782
IMAGINARY
          0  -0.0242264  0.00861673  -0.0041739
  0.0242264           0   0.0117497  0.00928608
-0.00861673  -0.0117497           0  -0.0077429
  0.0041739 -0.00928608   0.0077429           0
Repeater1[0]<--->EndNode1[0]
REAL
  0.460189 0.00363542   0.020817   0.409807
0.00363542  0.0458839 0.00759016 -0.0126818
  0.020817 0.00759016  0.0512821  0.0195185
  0.409807 -0.0126818  0.0195185   0.442645
IMAGINARY
          0   0.0159404  -0.0192639  0.00826031
 -0.0159404           0  -0.0216098  -0.0165901
  0.0192639   0.0216098           0   0.0212174
-0.00826031   0.0165901  -0.0212174           0
Repeater1[0]<--->HoM1[0]
REAL
   0.442536   0.0125561  0.00184885    0.402035
  0.0125561   0.0554822   0.0081736  0.00122618
 0.00184885   0.0081736   0.0541612 -0.00825101
   0.402035  0.00122618 -0.00825101     0.44782
IMAGINARY
          0  0.00861673  -0.0242264  -0.0041739
-0.00861673           0  -0.0117497  -0.0077429
  0.0242264   0.0117497           0  0.00928608
  0.0041739   0.0077429 -0.00928608           0
EndNode1[0]<--->Repeater1[0]
REAL
   0.469577 -0.00715203 -0.00444191    0.409165
-0.00715203   0.0343915   0.0118877  0.00193564
-0.00444191   0.0118877   0.0542328   -0.011645
   0.409165  0.00193564   -0.011645    0.441799
IMAGINARY
          0  -0.0167729   0.0134257 -0.00408954
  0.0167729           0  0.00952432  0.00142574
 -0.0134257 -0.00952432           0  0.00563428
 0.00408954 -0.00142574 -0.00563428           0
EndNode2[0]<--->HoM1[0]
REAL
   0.447742  -0.0117248 -0.00546073    0.406732
 -0.0117248   0.0477419   0.0123218   0.0148007
-0.00546073   0.0123218   0.0580645  0.00487548
   0.406732   0.0148007  0.00487548    0.446452
IMAGINARY
           0  -0.00563236  -0.00329969  -0.00919035
  0.00563236            0  -0.00051211   -0.0122283
  0.00329969   0.00051211            0  4.22956e-05
  0.00919035    0.0122283 -4.22956e-05            0
Repeater1[0]<--->EndNode1[0]
REAL
   0.469577 -0.00444191 -0.00715203    0.409165
-0.00444191   0.0542328   0.0118877   -0.011645
-0.00715203   0.0118877   0.0343915  0.00193564
   0.409165   -0.011645  0.00193564    0.441799
IMAGINARY
          0   0.0134257  -0.0167729 -0.00408954
 -0.0134257           0 -0.00952432  0.00563428
  0.0167729  0.00952432           0  0.00142574
 0.00408954 -0.00563428 -0.00142574           0
Repeater1[0]<--->HoM1[0]
REAL
   0.447742 -0.00546073  -0.0117248    0.406732
-0.00546073   0.0580645   0.0123218  0.00487548
 -0.0117248   0.0123218   0.0477419   0.0148007
   0.406732  0.00487548   0.0148007    0.446452
IMAGINARY
           0  -0.00329969  -0.00563236  -0.00919035
  0.00329969            0   0.00051211  4.22956e-05
  0.00563236  -0.00051211            0   -0.0122283
  0.00919035 -4.22956e-05    0.0122283            0
EndNode1[0]<--->Repeater1[0]
REAL
   0.462567  -0.0129201  0.00126909     0.40275
 -0.0129201   0.0708556   0.0220912 0.000641738
 0.00126909   0.0220912   0.0601604   0.0110093
    0.40275 0.000641738   0.0110093    0.406417
IMAGINARY
           0  -0.00881614  0.000433648  0.000745944
  0.00881614            0   -0.0181589    0.0359175
-0.000433648    0.0181589            0   -0.0206763
-0.000745944   -0.0359175    0.0206763            0
EndNode2[0]<--->HoM1[0]
REAL
  0.457393 0.00419421  0.0048188    0.38885
0.00419421  0.0501253 0.00858637 -0.0125111
 0.0048188 0.00858637  0.0451128  0.0060622
   0.38885 -0.0125111  0.0060622   0.447368
IMAGINARY
           0    -0.020103   -0.0188278 -0.000928251
    0.020103            0    0.0126201   0.00961724
   0.0188278   -0.0126201            0    0.0148398
 0.000928251  -0.00961724   -0.0148398            0
Repeater1[0]<--->EndNode1[0]
REAL
   0.462567  0.00126909  -0.0129201     0.40275
 0.00126909   0.0601604   0.0220912   0.0110093
 -0.0129201   0.0220912   0.0708556 0.000641738
    0.40275   0.0110093 0.000641738    0.406417
IMAGINARY
           0  0.000433648  -0.00881614  0.000745944
-0.000433648            0    0.0181589   -0.0206763
  0.00881614   -0.0181589            0    0.0359175
-0.000745944    0.0206763   -0.0359175            0
Repeater1[0]<--->HoM1[0]
REAL
  0.457393  0.0048188 0.00419421    0.38885
 0.0048188  0.0451128 0.00858637  0.0060622
0.00419421 0.00858637  0.0501253 -0.0125111
   0.38885  0.0060622 -0.0125111   0.447368
IMAGINARY
           0   -0.0188278    -0.020103 -0.000928251
   0.0188278            0   -0.0126201    0.0148398
    0.020103    0.0126201            0   0.00961724
 0.000928251   -0.0148398  -0.00961724            0
EndNode1[0]<--->Repeater1[0]
REAL
   0.459873  -0.0177313  -0.0265901    0.395426
 -0.0177313   0.0573248   0.0215756 0.000485697
 -0.0265901   0.0215756   0.0522293  -0.0190826
   0.395426 0.000485697  -0.0190826    0.430573
IMAGINARY
           0    0.0180355  -0.00397135    0.0126595
  -0.0180355            0     0.028221    0.0151409
  0.00397135    -0.028221            0 -0.000295705
  -0.0126595   -0.0151409  0.000295705            0
EndNode2[0]<--->HoM1[0]
REAL
   0.460317 -0.00622812  -0.0140111    0.407843
-0.00622812   0.0561661    0.012555   0.0015733
 -0.0140111    0.012555   0.0537241 -0.00869725
   0.407843   0.0015733 -0.00869725    0.429792
IMAGINARY
          0   0.0071565   0.0103063 -0.00251924
 -0.0071565           0 -0.00442521 -0.00114404
 -0.0103063  0.00442521           0   0.0098592
 0.00251924  0.00114404  -0.0098592           0
Repeater1[0]<--->EndNode1[0]
REAL
   0.459873  -0.0265901  -0.0177313    0.395426
 -0.0265901   0.0522293   0.0215756  -0.0190826
 -0.0177313   0.0215756   0.0573248 0.000485697
   0.395426  -0.0190826 0.000485697    0.430573
IMAGINARY
           0  -0.00397135    0.0180355    0.0126595
  0.00397135            0    -0.028221 -0.000295705
  -0.0180355     0.028221            0    0.0151409
  -0.0126595  0.000295705   -0.0151409            0
Repeater1[0]<--->HoM1[0]
REAL
   0.460317  -0.0140111 -0.00622812    0.407843
 -0.0140111   0.0537241    0.012555 -0.00869725
-0.00622812    0.012555   0.0561661   0.0015733
   0.407843 -0.00869725   0.0015733    0.429792
IMAGINARY
          0   0.0103063   0.0071565 -0.00251924
 -0.0103063           0  0.00442521   0.0098592
 -0.0071565 -0.00442521           0 -0.00114404
 0.00251924  -0.0098592  0.00114404           0
EndNode1[0]<--->Repeater1[0]
REAL
    0.4375 -0.0110369 -0.0043497   0.400391
-0.0110369  0.0502451  0.0176417  0.0125464
-0.0043497  0.0176417  0.0563725  0.0204946
  0.400391  0.0125464  0.0204946   0.455882
IMAGINARY
          0  -0.0135395  -0.0125621  0.00841947
  0.0135395           0  -0.0206811   0.0193006
  0.0125621   0.0206811           0   0.0027578
-0.00841947  -0.0193006  -0.0027578           0
EndNode2[0]<--->HoM1[0]
REAL
   0.469281 -0.00459887   0.0014279    0.404601
-0.00459887   0.0562092   0.0191715  0.00761602
  0.0014279   0.0191715   0.0535948  0.00201489
   0.404601  0.00761602  0.00201489    0.420915
IMAGINARY
           0 -1.56077e-05   0.00391265  -0.00212286
 1.56077e-05            0   0.00907608    0.0166353
 -0.00391265  -0.00907608            0   -0.0105697
  0.00212286   -0.0166353    0.0105697            0
Repeater1[0]<--->EndNode1[0]
REAL
    0.4375 -0.0043497 -0.0110369   0.400391
-0.0043497  0.0563725  0.0176417  0.0204946
-0.0110369  0.0176417  0.0502451  0.0125464
  0.400391  0.0204946  0.0125464   0.455882
IMAGINARY
          0  -0.0125621  -0.0135395  0.00841947
  0.0125621           0   0.0206811   0.0027578
  0.0135395  -0.0206811           0   0.0193006
-0.00841947  -0.0027578  -0.0193006           0
Repeater1[0]<--->HoM1[0]
REAL
   0.469281   0.0014279 -0.00459887    0.404601
  0.0014279   0.0535948   0.0191715  0.00201489
-0.00459887   0.0191715   0.0562092  0.00761602
   0.404601  0.00201489  0.00761602    0.420915
IMAGINARY
           0   0.00391265 -1.56077e-05  -0.00212286
 -0.00391265            0  -0.00907608   -0.0105697
 1.56077e-05   0.00907608            0    0.0166353
  0.00212286    0.0105697   -0.0166353            0
EndNode1[0]<--->Repeater1[0]
REAL
   0.447134 -0.00466937 -0.00466125    0.411986
-0.00466937    0.044586   0.0102225  -0.0110226
-0.00466125   0.0102225    0.056051 -0.00599563
   0.411986  -0.0110226 -0.00599563    0.452229
IMAGINARY
          0 -0.00626566 -0.00536979  -0.0316209
 0.00626566           0 -0.00119763 -0.00470578
 0.00536979  0.00119763           0  0.00626566
  0.0316209  0.00470578 -0.00626566           0
EndNode2[0]<--->HoM1[0]
REAL
   0.464567    0.016015   0.0153772    0.392106
   0.016015   0.0433071   0.0150461 -0.00722164
  0.0153772   0.0150461   0.0538058 -0.00785945
   0.392106 -0.00722164 -0.00785945     0.43832
IMAGINARY
          0 -0.00266589  0.00452823  -0.0131344
 0.00266589           0  0.00882939   0.0227215
-0.00452823 -0.00882939           0 -0.00810724
  0.0131344  -0.0227215  0.00810724           0
Repeater1[0]<--->EndNode1[0]
REAL
   0.447134 -0.00466125 -0.00466937    0.411986
-0.00466125    0.056051   0.0102225 -0.00599563
-0.00466937   0.0102225    0.044586  -0.0110226
   0.411986 -0.00599563  -0.0110226    0.452229
IMAGINARY
          0 -0.00536979 -0.00626566  -0.0316209
 0.00536979           0  0.00119763  0.00626566
 0.00626566 -0.00119763           0 -0.00470578
  0.0316209 -0.00626566  0.00470578           0
Repeater1[0]<--->HoM1[0]
REAL
   0.464567   0.0153772    0.016015    0.392106
  0.0153772   0.0538058   0.0150461 -0.00785945
   0.016015   0.0150461   0.0433071 -0.00722164
   0.392106 -0.00785945 -0.00722164     0.43832
IMAGINARY
          0  0.00452823 -0.00266589  -0.0131344
-0.00452823           0 -0.00882939 -0.00810724
 0.00266589  0.00882939           0   0.0227215
  0.0131344  0.00810724  -0.0227215           0
EndNode1[0]<--->Repeater1[0]
REAL
    0.43884 -0.00301739  -0.0262482    0.390549
-0.00301739   0.0529634   0.0158684 -0.00182664
 -0.0262482   0.0158684   0.0554855  -0.0170361
   0.390549 -0.00182664  -0.0170361    0.452711
IMAGINARY
          0   0.0159047 -0.00386861 -0.00444175
 -0.0159047           0 -0.00837876 -0.00891911
 0.00386861  0.00837876           0   0.0122283
 0.00444175  0.00891911  -0.0122283           0
EndNode2[0]<--->HoM1[0]
REAL
   0.42203 0.00903992 0.00865785   0.403468
0.00903992  0.0519802 0.00859257 -0.0174518
0.00865785 0.00859257  0.0457921 -0.0303967
  0.403468 -0.0174518 -0.0303967   0.480198
IMAGINARY
          0   0.0224755 -0.00830503 -0.00906078
 -0.0224755           0 -0.00414677  -0.0238894
 0.00830503  0.00414677           0  0.00709087
 0.00906078   0.0238894 -0.00709087           0
Repeater1[0]<--->EndNode1[0]
REAL
    0.43884  -0.0262482 -0.00301739    0.390549
 -0.0262482   0.0554855   0.0158684  -0.0170361
-0.00301739   0.0158684   0.0529634 -0.00182664
   0.390549  -0.0170361 -0.00182664    0.452711
IMAGINARY
          0 -0.00386861   0.0159047 -0.00444175
 0.00386861           0  0.00837876   0.0122283
 -0.0159047 -0.00837876           0 -0.00891911
 0.00444175  -0.0122283  0.00891911           0
Repeater1[0]<--->HoM1[0]
REAL
   0.42203 0.00865785 0.00903992   0.403468
0.00865785  0.0457921 0.00859257 -0.0303967
0.00903992 0.00859257  0.0519802 -0.0174518
  0.403468 -0.0303967 -0.0174518   0.480198
IMAGINARY
          0 -0.00830503   0.0224755 -0.00906078
 0.00830503           0  0.00414677  0.00709087
 -0.0224755 -0.00414677           0  -0.0238894
 0.00906078 -0.00709087   0.0238894           0
EndNode1[0]<--->Repeater1[0]
REAL
   0.423529 0.000955222  0.00361179    0.402993
0.000955222   0.0470588  0.00657403  -0.0134414
 0.00361179  0.00657403   0.0575163 -0.00947423
   0.402993  -0.0134414 -0.00947423    0.471895
IMAGINARY
          0   0.0124652   -0.016945 -0.00362063
 -0.0124652           0 -0.00623159  -0.0150243
   0.016945  0.00623159           0  0.00799519
 0.00362063   0.0150243 -0.00799519           0
EndNode2[0]<--->HoM1[0]
REAL
   0.450777   0.0092628 -0.00754358     0.41174
  0.0092628   0.0582902  0.00920849 -0.00497289
-0.00754358  0.00920849   0.0492228 -0.00596899
    0.41174 -0.00497289 -0.00596899     0.44171
IMAGINARY
          0 -0.00792944 -0.00505187   0.0165832
 0.00792944           0   0.0165832 -0.00634053
 0.00505187  -0.0165832           0   0.0205877
 -0.0165832  0.00634053  -0.0205877           0
Repeater1[0]<--->EndNode1[0]
REAL
   0.423529  0.00361179 0.000955222    0.402993
 0.00361179   0.0575163  0.00657403 -0.00947423
0.000955222  0.00657403   0.0470588  -0.0134414
   0.402993 -0.00947423  -0.0134414    0.471895
IMAGINARY
          0   -0.016945   0.0124652 -0.00362063
   0.016945           0  0.00623159  0.00799519
 -0.0124652 -0.00623159           0  -0.0150243
 0.00362063 -0.00799519   0.0150243           0
Repeater1[0]<--->HoM1[0]
REAL
   0.450777 -0.00754358   0.0092628     0.41174
-0.00754358   0.0492228  0.00920849 -0.00596899
  0.0092628  0.00920849   0.0582902 -0.00497289
    0.41174 -0.00596899 -0.00497289     0.44171
IMAGINARY
          0 -0.00505187 -0.00792944   0.0165832
 0.00505187           0  -0.0165832   0.0205877
 0.00792944   0.0165832           0 -0.00634053
 -0.0165832  -0.0205877  0.00634053           0
EndNode1[0]<--->Repeater1[0]
REAL
    0.472292  0.000332005  -0.00460526     0.397667
 0.000332005    0.0541562    0.0194382  -0.00460526
 -0.00460526    0.0194382    0.0503778 -0.000332005
    0.397667  -0.00460526 -0.000332005     0.423174
IMAGINARY
          0  0.00988722  0.00253857   0.0134696
-0.00988722           0 -0.00984644  -0.0056136
-0.00253857  0.00984644           0  -0.0129622
 -0.0134696   0.0056136   0.0129622           0
EndNode2[0]<--->HoM1[0]
REAL
  0.470303 0.00467724 0.00922094   0.393978
0.00467724   0.049697  0.0113112 0.00246418
0.00922094  0.0113112  0.0521212 -0.0163624
  0.393978 0.00246418 -0.0163624   0.427879
IMAGINARY
          0  0.00674725  -0.0325238  -0.0143188
-0.00674725           0 -0.00314562  0.00319048
  0.0325238  0.00314562           0  0.00125275
  0.0143188 -0.00319048 -0.00125275           0
Repeater1[0]<--->EndNode1[0]
REAL
    0.472292  -0.00460526  0.000332005     0.397667
 -0.00460526    0.0503778    0.0194382 -0.000332005
 0.000332005    0.0194382    0.0541562  -0.00460526
    0.397667 -0.000332005  -0.00460526     0.423174
IMAGINARY
          0  0.00253857  0.00988722   0.0134696
-0.00253857           0  0.00984644  -0.0129622
-0.00988722 -0.00984644           0  -0.0056136
 -0.0134696   0.0129622   0.0056136           0
Repeater1[0]<--->HoM1[0]
REAL
  0.470303 0.00922094 0.00467724   0.393978
0.00922094  0.0521212  0.0113112 -0.0163624
0.00467724  0.0113112   0.049697 0.00246418
  0.393978 -0.0163624 0.00246418   0.427879
IMAGINARY
          0  -0.0325238  0.00674725  -0.0143188
  0.0325238           0  0.00314562  0.00125275
-0.00674725 -0.00314562           0  0.00319048
  0.0143188 -0.00125275 -0.00319048           0
EndNode1[0]<--->Repeater1[0]
REAL
  0.495098  0.0151848  0.0211432   0.400893
 0.0151848  0.0379902  0.0190525 -0.0109669
 0.0211432  0.0190525  0.0588235 0.00448958
  0.400893 -0.0109669 0.00448958   0.408088
IMAGINARY
          0   0.0101302 -0.00407894 -0.00246077
 -0.0101302           0  -0.0231634  -0.0232842
 0.00407894   0.0231634           0  -0.0039113
 0.00246077   0.0232842   0.0039113           0
EndNode2[0]<--->HoM1[0]
REAL
     0.50625   0.00115123 -0.000598355     0.413836
  0.00115123       0.0425   0.00589169   -0.0136874
-0.000598355   0.00589169      0.04375   -0.0167975
    0.413836   -0.0136874   -0.0167975       0.4075
IMAGINARY
          0 -0.00450287   0.0186026 -0.00166213
 0.00450287           0 -0.00567283   0.0148148
 -0.0186026  0.00567283           0  -0.0200873
 0.00166213  -0.0148148   0.0200873           0
Repeater1[0]<--->EndNode1[0]
REAL
  0.495098  0.0211432  0.0151848   0.400893
 0.0211432  0.0588235  0.0190525 0.00448958
 0.0151848  0.0190525  0.0379902 -0.0109669
  0.400893 0.00448958 -0.0109669   0.408088
IMAGINARY
          0 -0.00407894   0.0101302 -0.00246077
 0.00407894           0   0.0231634  -0.0039113
 -0.0101302  -0.0231634           0  -0.0232842
 0.00246077   0.0039113   0.0232842           0
Repeater1[0]<--->HoM1[0]
REAL
     0.50625 -0.000598355   0.00115123     0.413836
-0.000598355      0.04375   0.00589169   -0.0167975
  0.00115123   0.00589169       0.0425   -0.0136874
    0.413836   -0.0167975   -0.0136874       0.4075
IMAGINARY
          0   0.0186026 -0.00450287 -0.00166213
 -0.0186026           0  0.00567283  -0.0200873
 0.00450287 -0.00567283           0   0.0148148
 0.00166213   0.0200873  -0.0148148           0
EndNode1[0]<--->Repeater1[0]
REAL
   0.435669 -0.00571493  -0.0083758    0.388484
-0.00571493   0.0624204   0.0166546  -0.0133633
 -0.0083758   0.0166546   0.0535032  -0.0160242
   0.388484  -0.0133633  -0.0160242    0.448408
IMAGINARY
           0    -0.011253     0.009054   0.00869909
    0.011253            0 -0.000684291  0.000959353
   -0.009054  0.000684291            0  -0.00410083
 -0.00869909 -0.000959353   0.00410083            0
EndNode2[0]<--->HoM1[0]
REAL
   0.446313   0.0125341 -0.00140166    0.399133
  0.0125341   0.0375162  0.00703715  -0.0165932
-0.00140166  0.00703715   0.0582147 -0.00867804
   0.399133  -0.0165932 -0.00867804    0.457956
IMAGINARY
          0 -0.00815558    0.013629  0.00214022
 0.00815558           0 -0.00643821   0.0208754
  -0.013629  0.00643821           0  -0.0112923
-0.00214022  -0.0208754   0.0112923           0
Repeater1[0]<--->EndNode1[0]
REAL
   0.435669  -0.0083758 -0.00571493    0.388484
 -0.0083758   0.0535032   0.0166546  -0.0160242
-0.00571493   0.0166546   0.0624204  -0.0133633
   0.388484  -0.0160242  -0.0133633    0.448408
IMAGINARY
           0     0.009054    -0.011253   0.00869909
   -0.009054            0  0.000684291  -0.00410083
    0.011253 -0.000684291            0  0.000959353
 -0.00869909   0.00410083 -0.000959353            0
Repeater1[0]<--->HoM1[0]
REAL
   0.446313 -0.00140166   0.0125341    0.399133
-0.00140166   0.0582147  0.00703715 -0.00867804
  0.0125341  0.00703715   0.0375162  -0.0165932
   0.399133 -0.00867804  -0.0165932    0.457956
IMAGINARY
          0    0.013629 -0.00815558  0.00214022
  -0.013629           0  0.00643821  -0.0112923
 0.00815558 -0.00643821           0   0.0208754
-0.00214022   0.0112923  -0.0208754           0
EndNode1[0]<--->Repeater1[0]
REAL
   0.459756   0.0159948 -0.00891678    0.396987
  0.0159948   0.0573171   0.0192694  0.00891678
-0.00891678   0.0192694   0.0463415 -0.00367954
   0.396987  0.00891678 -0.00367954    0.436585
IMAGINARY
          0 -0.00235654   0.0170335   0.0272743
 0.00235654           0  0.00389772   0.0196513
 -0.0170335 -0.00389772           0   -0.039763
 -0.0272743  -0.0196513    0.039763           0
EndNode2[0]<--->HoM1[0]
REAL
   0.512821   0.0118102   0.0211901    0.393092
  0.0118102   0.0333333   0.0222055 -0.00159468
  0.0211901   0.0222055   0.0448718   0.0216917
   0.393092 -0.00159468   0.0216917    0.408974
IMAGINARY
          0  -0.0106516 -0.00346099  -0.0232105
  0.0106516           0  -0.0137288 -0.00413394
 0.00346099   0.0137288           0   0.0106516
  0.0232105  0.00413394  -0.0106516           0
Repeater1[0]<--->EndNode1[0]
REAL
   0.459756 -0.00891678   0.0159948    0.396987
-0.00891678   0.0463415   0.0192694 -0.00367954
  0.0159948   0.0192694   0.0573171  0.00891678
   0.396987 -0.00367954  0.00891678    0.436585
IMAGINARY
          0   0.0170335 -0.00235654   0.0272743
 -0.0170335           0 -0.00389772   -0.039763
 0.00235654  0.00389772           0   0.0196513
 -0.0272743    0.039763  -0.0196513           0
Repeater1[0]<--->HoM1[0]
REAL
   0.512821   0.0211901   0.0118102    0.393092
  0.0211901   0.0448718   0.0222055   0.0216917
  0.0118102   0.0222055   0.0333333 -0.00159468
   0.393092   0.0216917 -0.00159468    0.408974
IMAGINARY
          0 -0.00346099  -0.0106516  -0.0232105
 0.00346099           0   0.0137288   0.0106516
  0.0106516  -0.0137288           0 -0.00413394
  0.0232105  -0.0106516  0.00413394           0
EndNode1[0]<--->Repeater1[0]
REAL
   0.423729  -0.0130545 -0.00408984    0.406557
 -0.0130545   0.0612777   0.0112688  -0.0180341
-0.00408984   0.0112688   0.0508475 -0.00780516
   0.406557  -0.0180341 -0.00780516    0.464146
IMAGINARY
          0  0.00933953  0.00298429 -0.00818059
-0.00933953           0    0.012732  -0.0370157
-0.00298429   -0.012732           0  0.00374947
 0.00818059   0.0370157 -0.00374947           0
EndNode2[0]<--->HoM1[0]
REAL
     0.45603   -0.0115995 -8.37131e-05     0.403783
  -0.0115995    0.0452261   0.00262746   0.00777602
-8.37131e-05   0.00262746    0.0477387  -0.00763126
    0.403783   0.00777602  -0.00763126     0.451005
IMAGINARY
           0  3.20513e-05  -0.00259276    0.0092712
-3.20513e-05            0    0.0138464 -0.000616479
  0.00259276   -0.0138464            0        0.025
  -0.0092712  0.000616479       -0.025            0
Repeater1[0]<--->EndNode1[0]
REAL
   0.423729 -0.00408984  -0.0130545    0.406557
-0.00408984   0.0508475   0.0112688 -0.00780516
 -0.0130545   0.0112688   0.0612777  -0.0180341
   0.406557 -0.00780516  -0.0180341    0.464146
IMAGINARY
          0  0.00298429  0.00933953 -0.00818059
-0.00298429           0   -0.012732  0.00374947
-0.00933953    0.012732           0  -0.0370157
 0.00818059 -0.00374947   0.0370157           0
Repeater1[0]<--->HoM1[0]
REAL
     0.45603 -8.37131e-05   -0.0115995     0.403783
-8.37131e-05    0.0477387   0.00262746  -0.00763126
  -0.0115995   0.00262746    0.0452261   0.00777602
    0.403783  -0.00763126   0.00777602     0.451005
IMAGINARY
           0  -0.00259276  3.20513e-05    0.0092712
  0.00259276            0   -0.0138464        0.025
-3.20513e-05    0.0138464            0 -0.000616479
  -0.0092712       -0.025  0.000616479            0
EndNode1[0]<--->Repeater1[0]
REAL
    0.445652  -0.00918106 -3.06206e-05     0.410505
 -0.00918106    0.0410628   0.00028059  -0.00462983
-3.06206e-05   0.00028059    0.0567633    -0.020779
    0.410505  -0.00462983    -0.020779     0.456522
IMAGINARY
           0  -0.00468168   0.00433649 -0.000199533
  0.00468168            0   -0.0234116   0.00563857
 -0.00433649    0.0234116            0  -0.00279962
 0.000199533  -0.00563857   0.00279962            0
EndNode2[0]<--->HoM1[0]
REAL
   0.459016 -0.00542964  0.00249377    0.412351
-0.00542964   0.0605296 -0.00462062  0.00249377
 0.00249377 -0.00462062   0.0453972  0.00293587
   0.412351  0.00249377  0.00293587    0.435057
IMAGINARY
           0   0.00462053    0.0144312 -0.000417038
 -0.00462053            0   0.00359366   -0.0174837
  -0.0144312  -0.00359366            0      0.02041
 0.000417038    0.0174837     -0.02041            0
Repeater1[0]<--->EndNode1[0]
REAL
    0.445652 -3.06206e-05  -0.00918106     0.410505
-3.06206e-05    0.0567633   0.00028059    -0.020779
 -0.00918106   0.00028059    0.0410628  -0.00462983
    0.410505    -0.020779  -0.00462983     0.456522
IMAGINARY
           0   0.00433649  -0.00468168 -0.000199533
 -0.00433649            0    0.0234116  -0.00279962
  0.00468168   -0.0234116            0   0.00563857
 0.000199533   0.00279962  -0.00563857            0
Repeater1[0]<--->HoM1[0]
REAL
   0.459016  0.00249377 -0.00542964    0.412351
 0.00249377   0.0453972 -0.00462062  0.00293587
-0.00542964 -0.00462062   0.0605296  0.00249377
   0.412351  0.00293587  0.00249377    0.435057
IMAGINARY
           0    0.0144312   0.00462053 -0.000417038
  -0.0144312            0  -0.00359366      0.02041
 -0.00462053   0.00359366            0   -0.0174837
 0.000417038     -0.02041    0.0174837            0
EndNode1[0]<--->Repeater1[0]
REAL
   0.429293 -0.00963344  -0.0174489    0.401711
-0.00963344   0.0505051   0.0119675  0.00748875
 -0.0174489   0.0119675   0.0555556   -0.017591
   0.401711  0.00748875   -0.017591    0.464646
IMAGINARY
           0  -0.00869391  -0.00576923    0.0133582
  0.00869391            0   -0.0173905    0.0275641
  0.00576923    0.0173905            0 -0.000280449
  -0.0133582   -0.0275641  0.000280449            0
EndNode2[0]<--->HoM1[0]
REAL
  0.440551  0.0108941 0.00391415   0.402119
 0.0108941  0.0413016 0.00907784  0.0121734
0.00391415 0.00907784  0.0525657  0.0167764
  0.402119  0.0121734  0.0167764   0.465582
IMAGINARY
          0  -0.0204447  0.00231942  -0.0018797
  0.0204447           0   0.0018797 -0.00876272
-0.00231942  -0.0018797           0   0.0255994
  0.0018797  0.00876272  -0.0255994           0
Repeater1[0]<--->EndNode1[0]
REAL
   0.429293  -0.0174489 -0.00963344    0.401711
 -0.0174489   0.0555556   0.0119675   -0.017591
-0.00963344   0.0119675   0.0505051  0.00748875
   0.401711   -0.017591  0.00748875    0.464646
IMAGINARY
           0  -0.00576923  -0.00869391    0.0133582
  0.00576923            0    0.0173905 -0.000280449
  0.00869391   -0.0173905            0    0.0275641
  -0.0133582  0.000280449   -0.0275641            0
Repeater1[0]<--->HoM1[0]
REAL
  0.440551 0.00391415  0.0108941   0.402119
0.00391415  0.0525657 0.00907784  0.0167764
 0.0108941 0.00907784  0.0413016  0.0121734
  0.402119  0.0167764  0.0121734   0.465582
IMAGINARY
          0  0.00231942  -0.0204447  -0.0018797
-0.00231942           0  -0.0018797   0.0255994
  0.0204447   0.0018797           0 -0.00876272
  0.0018797  -0.0255994  0.00876272           0
EndNode1[0]<--->Repeater1[0]
REAL
   0.446335 -0.00662964  0.00985467    0.399162
-0.00662964   0.0575916   0.0180523  -0.0210242
 0.00985467   0.0180523    0.052356  0.00465854
   0.399162  -0.0210242  0.00465854    0.443717
IMAGINARY
          0   0.0115735  -0.0110321 -0.00780934
 -0.0115735           0 -0.00448044  -0.0266165
  0.0110321  0.00448044           0  0.00493903
 0.00780934   0.0266165 -0.00493903           0
EndNode2[0]<--->HoM1[0]
REAL
   0.435967   0.0126202  -0.0159843    0.398299
  0.0126202   0.0531335 -0.00105587  0.00846554
 -0.0159843 -0.00105587   0.0531335 -0.00510136
   0.398299  0.00846554 -0.00510136    0.457766
IMAGINARY
          0 -0.00653591  0.00807279   0.0169712
 0.00653591           0 -0.00842984   0.0106369
-0.00807279  0.00842984           0    0.011052
 -0.0169712  -0.0106369   -0.011052           0
Repeater1[0]<--->EndNode1[0]
REAL
   0.446335  0.00985467 -0.00662964    0.399162
 0.00985467    0.052356   0.0180523  0.00465854
-0.00662964   0.0180523   0.0575916  -0.0210242
   0.399162  0.00465854  -0.0210242    0.443717
IMAGINARY
          0  -0.0110321   0.0115735 -0.00780934
  0.0110321           0  0.00448044  0.00493903
 -0.0115735 -0.00448044           0  -0.0266165
 0.00780934 -0.00493903   0.0266165           0
Repeater1[0]<--->HoM1[0]
REAL
   0.435967  -0.0159843   0.0126202    0.398299
 -0.0159843   0.0531335 -0.00105587 -0.00510136
  0.0126202 -0.00105587   0.0531335  0.00846554
   0.398299 -0.00510136  0.00846554    0.457766
IMAGINARY
          0  0.00807279 -0.00653591   0.0169712
-0.00807279           0  0.00842984    0.011052
 0.00653591 -0.00842984           0   0.0106369
 -0.0169712   -0.011052  -0.0106369           0
EndNode1[0]<--->Repeater1[0]
REAL
    0.431877   -0.0189782   0.00531377     0.383344
  -0.0189782    0.0449871 -1.09218e-05  -0.00915992
  0.00531377 -1.09218e-05    0.0642674      0.01385
    0.383344  -0.00915992      0.01385     0.458869
IMAGINARY
          0   0.0105441   0.0193949   0.0133623
 -0.0105441           0 -0.00552939 -0.00301224
 -0.0193949  0.00552939           0 -0.00726758
 -0.0133623  0.00301224  0.00726758           0
EndNode2[0]<--->HoM1[0]
REAL
   0.444733 -0.00497594  -0.0110455     0.39045
-0.00497594    0.046814  0.00854018  -0.0230455
 -0.0110455  0.00854018   0.0676203 -0.00891295
    0.39045  -0.0230455 -0.00891295    0.440832
IMAGINARY
           0   -0.0291531   -0.0028223    0.0105274
   0.0291531            0    0.0188077   0.00407858
   0.0028223   -0.0188077            0  0.000258646
  -0.0105274  -0.00407858 -0.000258646            0
Repeater1[0]<--->EndNode1[0]
REAL
    0.431877   0.00531377   -0.0189782     0.383344
  0.00531377    0.0642674 -1.09218e-05      0.01385
  -0.0189782 -1.09218e-05    0.0449871  -0.00915992
    0.383344      0.01385  -0.00915992     0.458869
IMAGINARY
          0   0.0193949   0.0105441   0.0133623
 -0.0193949           0  0.00552939 -0.00726758
 -0.0105441 -0.00552939           0 -0.00301224
 -0.0133623  0.00726758  0.00301224           0
Repeater1[0]<--->HoM1[0]
REAL
   0.444733  -0.0110455 -0.00497594     0.39045
 -0.0110455   0.0676203  0.00854018 -0.00891295
-0.00497594  0.00854018    0.046814  -0.0230455
    0.39045 -0.00891295  -0.0230455    0.440832
IMAGINARY
           0   -0.0028223   -0.0291531    0.0105274
   0.0028223            0   -0.0188077  0.000258646
   0.0291531    0.0188077            0   0.00407858
  -0.0105274 -0.000258646  -0.00407858            0
EndNode1[0]<--->Repeater1[0]
REAL
  0.458445 -0.0241327  0.0118451    0.40284
-0.0241327  0.0469169  0.0271855 -0.0296568
 0.0118451  0.0271855  0.0442359 0.00759322
   0.40284 -0.0296568 0.00759322   0.450402
IMAGINARY
          0  -0.0147815  0.00291634 -0.00751248
  0.0147815           0   0.0100314  0.00101036
-0.00291634  -0.0100314           0   0.0147815
 0.00751248 -0.00101036  -0.0147815           0
EndNode2[0]<--->HoM1[0]
REAL
 0.472292 0.0295924 0.0169006  0.391286
0.0295924 0.0415617 0.0096902 0.0340059
0.0169006 0.0096902 0.0440806 0.0115512
 0.391286 0.0340059 0.0115512  0.442065
IMAGINARY
           0   -0.0104915   0.00696045    0.0113547
   0.0104915            0  0.000716429  -0.00502995
 -0.00696045 -0.000716429            0    0.0162831
  -0.0113547   0.00502995   -0.0162831            0
Repeater1[0]<--->EndNode1[0]
REAL
  0.458445  0.0118451 -0.0241327    0.40284
 0.0118451  0.0442359  0.0271855 0.00759322
-0.0241327  0.0271855  0.0469169 -0.0296568
   0.40284 0.00759322 -0.0296568   0.450402
IMAGINARY
          0  0.00291634  -0.0147815 -0.00751248
-0.00291634           0  -0.0100314   0.0147815
  0.0147815   0.0100314           0  0.00101036
 0.00751248  -0.0147815 -0.00101036           0
Repeater1[0]<--->HoM1[0]
REAL
 0.472292 0.0169006 0.0295924  0.391286
0.0169006 0.0440806 0.0096902 0.0115512
0.0295924 0.0096902 0.0415617 0.0340059
 0.391286 0.0115512 0.0340059  0.442065
IMAGINARY
           0   0.00696045   -0.0104915    0.0113547
 -0.00696045            0 -0.000716429    0.0162831
   0.0104915  0.000716429            0  -0.00502995
  -0.0113547   -0.0162831   0.00502995            0
EndNode1[0]<--->Repeater1[0]
REAL
   0.420918   0.0192593   0.0201561    0.404175
  0.0192593   0.0497449    0.010825 -0.00765606
  0.0201561    0.010825   0.0586735 0.000740741
   0.404175 -0.00765606 0.000740741    0.470663
IMAGINARY
          0   0.0104145    0.014168 -0.00923808
 -0.0104145           0  0.00311563  -0.0223236
  -0.014168 -0.00311563           0  -0.0110419
 0.00923808   0.0223236   0.0110419           0
EndNode2[0]<--->HoM1[0]
REAL
   0.484076 -0.00148491  0.00784951    0.402048
-0.00148491   0.0535032  0.00568229 0.000878665
 0.00784951  0.00568229    0.044586  -0.0122308
   0.402048 0.000878665  -0.0122308    0.417834
IMAGINARY
          0  -0.0209078  -0.0121811  -0.0180089
  0.0209078           0  -0.0238759  0.00881632
  0.0121811   0.0238759           0   0.0148513
  0.0180089 -0.00881632  -0.0148513           0
Repeater1[0]<--->EndNode1[0]
REAL
   0.420918   0.0201561   0.0192593    0.404175
  0.0201561   0.0586735    0.010825 0.000740741
  0.0192593    0.010825   0.0497449 -0.00765606
   0.404175 0.000740741 -0.00765606    0.470663
IMAGINARY
          0    0.014168   0.0104145 -0.00923808
  -0.014168           0 -0.00311563  -0.0110419
 -0.0104145  0.00311563           0  -0.0223236
 0.00923808   0.0110419   0.0223236           0
Repeater1[0]<--->HoM1[0]
REAL
   0.484076  0.00784951 -0.00148491    0.402048
 0.00784951    0.044586  0.00568229  -0.0122308
-0.00148491  0.00568229   0.0535032 0.000878665
   0.402048  -0.0122308 0.000878665    0.417834
IMAGINARY
          0  -0.0121811  -0.0209078  -0.0180089
  0.0121811           0   0.0238759   0.0148513
  0.0209078  -0.0238759           0  0.00881632
  0.0180089  -0.0148513 -0.00881632           0
EndNode1[0]<--->Repeater1[0]
REAL
   0.450593  0.00404149 -0.00587754    0.399444
 0.00404149   0.0447958   0.0157231   0.0123043
-0.00587754   0.0157231   0.0566535  -0.0233217
   0.399444   0.0123043  -0.0233217    0.447958
IMAGINARY
           0 -0.000897323    0.0134909   0.00701531
 0.000897323            0   -0.0172194  -0.00186295
  -0.0134909    0.0172194            0  -0.00950659
 -0.00701531   0.00186295   0.00950659            0
EndNode2[0]<--->HoM1[0]
REAL
   0.445283  0.00643003  -0.0104607    0.392371
 0.00643003   0.0540881   0.0050651 0.000204292
 -0.0104607   0.0050651   0.0566038 -0.00899413
   0.392371 0.000204292 -0.00899413    0.444025
IMAGINARY
          0 -0.00621691  0.00319888  0.00118214
 0.00621691           0   0.0160592  -0.0226289
-0.00319888  -0.0160592           0   0.0113983
-0.00118214   0.0226289  -0.0113983           0
Repeater1[0]<--->EndNode1[0]
REAL
   0.450593 -0.00587754  0.00404149    0.399444
-0.00587754   0.0566535   0.0157231  -0.0233217
 0.00404149   0.0157231   0.0447958   0.0123043
   0.399444  -0.0233217   0.0123043    0.447958
IMAGINARY
           0    0.0134909 -0.000897323   0.00701531
  -0.0134909            0    0.0172194  -0.00950659
 0.000897323   -0.0172194            0  -0.00186295
 -0.00701531   0.00950659   0.00186295            0
Repeater1[0]<--->HoM1[0]
REAL
   0.445283  -0.0104607  0.00643003    0.392371
 -0.0104607   0.0566038   0.0050651 -0.00899413
 0.00643003   0.0050651   0.0540881 0.000204292
   0.392371 -0.00899413 0.000204292    0.444025
IMAGINARY
          0  0.00319888 -0.00621691  0.00118214
-0.00319888           0  -0.0160592   0.0113983
 0.00621691   0.0160592           0  -0.0226289
-0.00118214  -0.0113983   0.0226289           0
EndNode1[0]<--->Repeater1[0]
REAL
  0.454318  -0.010262 -0.0126184   0.384044
 -0.010262  0.0450563  0.0231081 -0.0294142
-0.0126184  0.0231081  0.0600751  -0.021733
  0.384044 -0.0294142  -0.021733   0.440551
IMAGINARY
          0 -0.00469987   0.0144732 -0.00265069
 0.00469987           0   0.0178791 -0.00499153
 -0.0144732  -0.0178791           0  0.00280354
 0.00265069  0.00499153 -0.00280354           0
EndNode2[0]<--->HoM1[0]
REAL
   0.435724  0.00372591  0.00393396    0.391388
 0.00372591   0.0487145   0.0189386 -0.00665135
 0.00393396   0.0189386   0.0608931 -0.00916069
