EndNode1[0]<--->Repeater1[0]
REAL
   0.326708 -0.00196662  0.00464417    0.306491
-0.00196662    0.162733    0.110608  -0.0124162
 0.00464417    0.110608    0.137888  0.00714797
   0.306491  -0.0124162  0.00714797    0.372671
IMAGINARY
          0  0.00447821 -0.00746468 -0.00466637
-0.00447821           0 -0.00838846 -0.00116745
 0.00746468  0.00838846           0   0.0161061
 0.00466637  0.00116745  -0.0161061           0
EndNode2[0]<--->HoM1[0]
REAL
    0.351351   0.00451905    0.0020759     0.318911
  0.00451905     0.148005     0.109319   0.00868965
   0.0020759     0.109319     0.149292 -0.000930537
    0.318911   0.00868965 -0.000930537     0.351351
IMAGINARY
          0 -0.00862584 -0.00660106   0.0234981
 0.00862584           0 -0.00950317  -0.0124528
 0.00660106  0.00950317           0   0.0132251
 -0.0234981   0.0124528  -0.0132251           0
Repeater1[0]<--->EndNode1[0]
REAL
   0.326708  0.00464417 -0.00196662    0.306491
 0.00464417    0.137888    0.110608  0.00714797
-0.00196662    0.110608    0.162733  -0.0124162
   0.306491  0.00714797  -0.0124162    0.372671
IMAGINARY
          0 -0.00746468  0.00447821 -0.00466637
 0.00746468           0  0.00838846   0.0161061
-0.00447821 -0.00838846           0 -0.00116745
 0.00466637  -0.0161061  0.00116745           0
Repeater1[0]<--->HoM1[0]
REAL
    0.351351    0.0020759   0.00451905     0.318911
   0.0020759     0.149292     0.109319 -0.000930537
  0.00451905     0.109319     0.148005   0.00868965
    0.318911 -0.000930537   0.00868965     0.351351
IMAGINARY
          0 -0.00660106 -0.00862584   0.0234981
 0.00660106           0  0.00950317   0.0132251
 0.00862584 -0.00950317           0  -0.0124528
 -0.0234981  -0.0132251   0.0124528           0
EndNode1[0]<--->Repeater1[0]
REAL
   0.357236  0.00424219  -0.0142717    0.299828
 0.00424219    0.143416    0.130495  0.00330401
 -0.0142717    0.130495    0.162973 0.000273938
   0.299828  0.00330401 0.000273938    0.336375
IMAGINARY
          0 -0.00913838  0.00440397  -0.0151768
 0.00913838           0  0.00988583   0.0062627
-0.00440397 -0.00988583           0  0.00913838
  0.0151768  -0.0062627 -0.00913838           0
EndNode2[0]<--->HoM1[0]
REAL
   0.359948   0.0165016   0.0116023    0.313255
  0.0165016    0.162304    0.125831 -0.00271902
  0.0116023    0.125831    0.138743  -0.0101564
   0.313255 -0.00271902  -0.0101564    0.339005
IMAGINARY
          0  0.00412864  -0.0141393  -0.0204026
-0.00412864           0  -0.0131942   0.0184128
  0.0141393   0.0131942           0  0.00869187
  0.0204026  -0.0184128 -0.00869187           0
Repeater1[0]<--->EndNode1[0]
REAL
   0.357236  -0.0142717  0.00424219    0.299828
 -0.0142717    0.162973    0.130495 0.000273938
 0.00424219    0.130495    0.143416  0.00330401
   0.299828 0.000273938  0.00330401    0.336375
IMAGINARY
          0  0.00440397 -0.00913838  -0.0151768
-0.00440397           0 -0.00988583  0.00913838
 0.00913838  0.00988583           0   0.0062627
  0.0151768 -0.00913838  -0.0062627           0
Repeater1[0]<--->HoM1[0]
REAL
   0.359948   0.0116023   0.0165016    0.313255
  0.0116023    0.138743    0.125831  -0.0101564
  0.0165016    0.125831    0.162304 -0.00271902
   0.313255  -0.0101564 -0.00271902    0.339005
IMAGINARY
          0  -0.0141393  0.00412864  -0.0204026
  0.0141393           0   0.0131942  0.00869187
-0.00412864  -0.0131942           0   0.0184128
  0.0204026 -0.00869187  -0.0184128           0
EndNode1[0]<--->Repeater1[0]
REAL
    0.35854  -0.0224819 -0.00306009    0.312602
 -0.0224819    0.142112      0.1005  -0.0290255
-0.00306009      0.1005    0.161669 -0.00826679
   0.312602  -0.0290255 -0.00826679    0.337679
IMAGINARY
          0   0.0160955  -0.0136237 -0.00856406
 -0.0160955           0   0.0163766  0.00406959
  0.0136237  -0.0163766           0  0.00110199
 0.00856406 -0.00406959 -0.00110199           0
EndNode2[0]<--->HoM1[0]
REAL
   0.370323 -0.00530587 -0.00370014    0.320352
-0.00530587    0.154839    0.105524   0.0104387
-0.00370014    0.105524    0.136774  0.00530587
   0.320352   0.0104387  0.00530587    0.338065
IMAGINARY
          0  0.00159233   0.0123587   -0.019459
-0.00159233           0    0.014291 -0.00158555
 -0.0123587   -0.014291           0   -0.011098
   0.019459  0.00158555    0.011098           0
Repeater1[0]<--->EndNode1[0]
REAL
    0.35854 -0.00306009  -0.0224819    0.312602
-0.00306009    0.161669      0.1005 -0.00826679
 -0.0224819      0.1005    0.142112  -0.0290255
   0.312602 -0.00826679  -0.0290255    0.337679
IMAGINARY
          0  -0.0136237   0.0160955 -0.00856406
  0.0136237           0  -0.0163766  0.00110199
 -0.0160955   0.0163766           0  0.00406959
 0.00856406 -0.00110199 -0.00406959           0
Repeater1[0]<--->HoM1[0]
REAL
   0.370323 -0.00370014 -0.00530587    0.320352
-0.00370014    0.136774    0.105524  0.00530587
-0.00530587    0.105524    0.154839   0.0104387
   0.320352  0.00530587   0.0104387    0.338065
IMAGINARY
          0   0.0123587  0.00159233   -0.019459
 -0.0123587           0   -0.014291   -0.011098
-0.00159233    0.014291           0 -0.00158555
   0.019459    0.011098  0.00158555           0
EndNode1[0]<--->Repeater1[0]
REAL
   0.376135 -0.00527603  0.00744368    0.300918
-0.00527603    0.150454    0.118298  0.00418423
 0.00744368    0.118298    0.133593   0.0169039
   0.300918  0.00418423   0.0169039    0.339818
IMAGINARY
           0   0.00112288  -0.00670199    0.0209233
 -0.00112288            0  0.000515144  -0.00463302
  0.00670199 -0.000515144            0  -0.00490122
  -0.0209233   0.00463302   0.00490122            0
EndNode2[0]<--->HoM1[0]
REAL
   0.342857    0.028736   0.0242119    0.328909
   0.028736    0.163975    0.111904  0.00846384
  0.0242119    0.111904    0.141615 -0.00345852
   0.328909  0.00846384 -0.00345852    0.351553
IMAGINARY
           0  0.000523754 -0.000183918    0.0172642
-0.000523754            0   0.00246369   -0.0074303
 0.000183918  -0.00246369            0   -0.0119451
  -0.0172642    0.0074303    0.0119451            0
Repeater1[0]<--->EndNode1[0]
REAL
   0.376135  0.00744368 -0.00527603    0.300918
 0.00744368    0.133593    0.118298   0.0169039
-0.00527603    0.118298    0.150454  0.00418423
   0.300918   0.0169039  0.00418423    0.339818
IMAGINARY
           0  -0.00670199   0.00112288    0.0209233
  0.00670199            0 -0.000515144  -0.00490122
 -0.00112288  0.000515144            0  -0.00463302
  -0.0209233   0.00490122   0.00463302            0
Repeater1[0]<--->HoM1[0]
REAL
   0.342857   0.0242119    0.028736    0.328909
  0.0242119    0.141615    0.111904 -0.00345852
   0.028736    0.111904    0.163975  0.00846384
   0.328909 -0.00345852  0.00846384    0.351553
IMAGINARY
           0 -0.000183918  0.000523754    0.0172642
 0.000183918            0  -0.00246369   -0.0119451
-0.000523754   0.00246369            0   -0.0074303
  -0.0172642    0.0119451    0.0074303            0
EndNode1[0]<--->Repeater1[0]
REAL
    0.35309 -0.00759312 -0.00291513       0.309
-0.00759312    0.143758    0.124246  -0.0127917
-0.00291513    0.124246    0.165195  -0.0120404
      0.309  -0.0127917  -0.0120404    0.337957
IMAGINARY
          0   0.0109819  0.00281627  -0.0035142
 -0.0109819           0  -0.0048729 -0.00798423
-0.00281627   0.0048729           0 -0.00322997
  0.0035142  0.00798423  0.00322997           0
EndNode2[0]<--->HoM1[0]
REAL
   0.345758 -0.00673293  -0.0164516    0.312247
-0.00673293    0.140103    0.120237 -0.00329366
 -0.0164516    0.120237     0.16581  -0.0168339
   0.312247 -0.00329366  -0.0168339    0.348329
IMAGINARY
          0  0.00764664   0.0144871   0.0102415
-0.00764664           0  -0.0237899 -0.00160046
 -0.0144871   0.0237899           0  -0.0295539
 -0.0102415  0.00160046   0.0295539           0
Repeater1[0]<--->EndNode1[0]
REAL
    0.35309 -0.00291513 -0.00759312       0.309
-0.00291513    0.165195    0.124246  -0.0120404
-0.00759312    0.124246    0.143758  -0.0127917
      0.309  -0.0120404  -0.0127917    0.337957
IMAGINARY
          0  0.00281627   0.0109819  -0.0035142
-0.00281627           0   0.0048729 -0.00322997
 -0.0109819  -0.0048729           0 -0.00798423
  0.0035142  0.00322997  0.00798423           0
Repeater1[0]<--->HoM1[0]
REAL
   0.345758  -0.0164516 -0.00673293    0.312247
 -0.0164516     0.16581    0.120237  -0.0168339
-0.00673293    0.120237    0.140103 -0.00329366
   0.312247  -0.0168339 -0.00329366    0.348329
IMAGINARY
          0   0.0144871  0.00764664   0.0102415
 -0.0144871           0   0.0237899  -0.0295539
-0.00764664  -0.0237899           0 -0.00160046
 -0.0102415   0.0295539  0.00160046           0
EndNode1[0]<--->Repeater1[0]
REAL
  0.366995 0.00672096 0.00184978   0.326406
0.00672096   0.147783  0.0933387   -0.01013
0.00184978  0.0933387   0.135468 -0.0162751
  0.326406   -0.01013 -0.0162751   0.349754
IMAGINARY
          0 -0.00198946    0.010699   0.0114054
 0.00198946           0   0.0309023 -0.00339492
  -0.010699  -0.0309023           0   0.0199178
 -0.0114054  0.00339492  -0.0199178           0
EndNode2[0]<--->HoM1[0]
REAL
   0.364796  -0.0153927  -0.0210502    0.309943
 -0.0153927    0.132653    0.115324  0.00978091
 -0.0210502    0.115324    0.155612 0.000564726
   0.309943  0.00978091 0.000564726    0.346939
IMAGINARY
          0  -0.0108597    0.022273 -0.00218346
  0.0108597           0  0.00872796  -0.0153894
  -0.022273 -0.00872796           0 -0.00103012
 0.00218346   0.0153894  0.00103012           0
Repeater1[0]<--->EndNode1[0]
REAL
  0.366995 0.00184978 0.00672096   0.326406
0.00184978   0.135468  0.0933387 -0.0162751
0.00672096  0.0933387   0.147783   -0.01013
  0.326406 -0.0162751   -0.01013   0.349754
IMAGINARY
          0    0.010699 -0.00198946   0.0114054
  -0.010699           0  -0.0309023   0.0199178
 0.00198946   0.0309023           0 -0.00339492
 -0.0114054  -0.0199178  0.00339492           0
Repeater1[0]<--->HoM1[0]
REAL
   0.364796  -0.0210502  -0.0153927    0.309943
 -0.0210502    0.155612    0.115324 0.000564726
 -0.0153927    0.115324    0.132653  0.00978091
   0.309943 0.000564726  0.00978091    0.346939
IMAGINARY
          0    0.022273  -0.0108597 -0.00218346
  -0.022273           0 -0.00872796 -0.00103012
  0.0108597  0.00872796           0  -0.0153894
 0.00218346  0.00103012   0.0153894           0
EndNode1[0]<--->Repeater1[0]
REAL
   0.362092 -0.00684121  0.00828162     0.30993
-0.00684121    0.124183    0.110838  -0.0064809
 0.00828162    0.110838    0.133333  0.00143905
    0.30993  -0.0064809  0.00143905    0.380392
IMAGINARY
          0  -0.0161401  0.00952302  -0.0226342
  0.0161401           0   -0.032783  0.00150163
-0.00952302    0.032783           0  0.00252142
  0.0226342 -0.00150163 -0.00252142           0
EndNode2[0]<--->HoM1[0]
REAL
   0.363402  -0.0177008  -0.0206969    0.320059
 -0.0177008    0.180412    0.112647 -0.00958576
 -0.0206969    0.112647     0.14433  -0.0152736
   0.320059 -0.00958576  -0.0152736    0.311856
IMAGINARY
          0  -0.0141779  0.00749516   0.0106674
  0.0141779           0 -0.00873188  0.00355815
-0.00749516  0.00873188           0 -0.00337738
 -0.0106674 -0.00355815  0.00337738           0
Repeater1[0]<--->EndNode1[0]
REAL
   0.362092  0.00828162 -0.00684121     0.30993
 0.00828162    0.133333    0.110838  0.00143905
-0.00684121    0.110838    0.124183  -0.0064809
    0.30993  0.00143905  -0.0064809    0.380392
IMAGINARY
          0  0.00952302  -0.0161401  -0.0226342
-0.00952302           0    0.032783  0.00252142
  0.0161401   -0.032783           0  0.00150163
  0.0226342 -0.00252142 -0.00150163           0
Repeater1[0]<--->HoM1[0]
REAL
   0.363402  -0.0206969  -0.0177008    0.320059
 -0.0206969     0.14433    0.112647  -0.0152736
 -0.0177008    0.112647    0.180412 -0.00958576
   0.320059  -0.0152736 -0.00958576    0.311856
IMAGINARY
          0  0.00749516  -0.0141779   0.0106674
-0.00749516           0  0.00873188 -0.00337738
  0.0141779 -0.00873188           0  0.00355815
 -0.0106674  0.00337738 -0.00355815           0
EndNode1[0]<--->Repeater1[0]
REAL
   0.381333  0.00885693  0.00411502    0.313801
 0.00885693    0.142667    0.128801  -0.0117681
 0.00411502    0.128801        0.12 -0.00758142
   0.313801  -0.0117681 -0.00758142       0.356
IMAGINARY
          0   0.0184199  -0.0263564    0.020021
 -0.0184199           0  0.00779273   0.0113564
  0.0263564 -0.00779273           0  -0.0109199
  -0.020021  -0.0113564   0.0109199           0
EndNode2[0]<--->HoM1[0]
REAL
   0.348635   0.0103896   0.0240311    0.323377
  0.0103896    0.151365         0.1 -0.00584933
  0.0240311         0.1    0.132754  -0.0038961
   0.323377 -0.00584933  -0.0038961    0.367246
IMAGINARY
          0   0.0129372 -0.00500829  -0.0179356
 -0.0129372           0  0.00770542  -0.0209657
 0.00500829 -0.00770542           0  0.00654333
  0.0179356   0.0209657 -0.00654333           0
Repeater1[0]<--->EndNode1[0]
REAL
   0.381333  0.00411502  0.00885693    0.313801
 0.00411502        0.12    0.128801 -0.00758142
 0.00885693    0.128801    0.142667  -0.0117681
   0.313801 -0.00758142  -0.0117681       0.356
IMAGINARY
          0  -0.0263564   0.0184199    0.020021
  0.0263564           0 -0.00779273  -0.0109199
 -0.0184199  0.00779273           0   0.0113564
  -0.020021   0.0109199  -0.0113564           0
Repeater1[0]<--->HoM1[0]
REAL
   0.348635   0.0240311   0.0103896    0.323377
  0.0240311    0.132754         0.1  -0.0038961
  0.0103896         0.1    0.151365 -0.00584933
   0.323377  -0.0038961 -0.00584933    0.367246
IMAGINARY
          0 -0.00500829   0.0129372  -0.0179356
 0.00500829           0 -0.00770542  0.00654333
 -0.0129372  0.00770542           0  -0.0209657
  0.0179356 -0.00654333   0.0209657           0
EndNode1[0]<--->Repeater1[0]
REAL
    0.35668  -0.0150954 -0.00277058    0.303314
 -0.0150954    0.145266     0.11767  -0.0166595
-0.00277058     0.11767    0.142672  -0.0108114
   0.303314  -0.0166595  -0.0108114    0.355383
IMAGINARY
          0  -0.0188935   0.0264048 -0.00586911
  0.0188935           0 -0.00280913  -0.0115533
 -0.0264048  0.00280913           0  0.00156681
 0.00586911   0.0115533 -0.00156681           0
EndNode2[0]<--->HoM1[0]
REAL
   0.361675 0.000508405 -0.00783169    0.314048
0.000508405    0.138325    0.113271 -0.00720591
-0.00783169    0.113271    0.149746  -0.0230648
   0.314048 -0.00720591  -0.0230648    0.350254
IMAGINARY
          0  0.00983402   0.0212063    0.017807
-0.00983402           0  -0.0111404  -0.0134343
 -0.0212063   0.0111404           0 -0.00853868
  -0.017807   0.0134343  0.00853868           0
Repeater1[0]<--->EndNode1[0]
REAL
    0.35668 -0.00277058  -0.0150954    0.303314
-0.00277058    0.142672     0.11767  -0.0108114
 -0.0150954     0.11767    0.145266  -0.0166595
   0.303314  -0.0108114  -0.0166595    0.355383
IMAGINARY
          0   0.0264048  -0.0188935 -0.00586911
 -0.0264048           0  0.00280913  0.00156681
  0.0188935 -0.00280913           0  -0.0115533
 0.00586911 -0.00156681   0.0115533           0
Repeater1[0]<--->HoM1[0]
REAL
   0.361675 -0.00783169 0.000508405    0.314048
-0.00783169    0.149746    0.113271  -0.0230648
0.000508405    0.113271    0.138325 -0.00720591
   0.314048  -0.0230648 -0.00720591    0.350254
IMAGINARY
          0   0.0212063  0.00983402    0.017807
 -0.0212063           0   0.0111404 -0.00853868
-0.00983402  -0.0111404           0  -0.0134343
  -0.017807  0.00853868   0.0134343           0
EndNode1[0]<--->Repeater1[0]
REAL
   0.384428  -0.0115177 -0.00371815    0.330645
 -0.0115177    0.144769    0.104454  -0.0207852
-0.00371815    0.104454    0.147202 -0.00636308
   0.330645  -0.0207852 -0.00636308    0.323601
IMAGINARY
          0  -0.0161719   0.0059489 -0.00341327
  0.0161719           0   0.0139201  0.00463311
 -0.0059489  -0.0139201           0  -0.0142513
 0.00341327 -0.00463311   0.0142513           0
EndNode2[0]<--->HoM1[0]
REAL
   0.347769 -0.00273432   0.0257864    0.313671
-0.00273432    0.158793    0.127655  0.00610136
  0.0257864    0.127655    0.164042    0.024418
   0.313671  0.00610136    0.024418    0.329396
IMAGINARY
           0   -0.0227596   0.00226838   -0.0213626
   0.0227596            0   0.00750874 -0.000949121
 -0.00226838  -0.00750874            0    0.0056092
   0.0213626  0.000949121   -0.0056092            0
Repeater1[0]<--->EndNode1[0]
REAL
   0.384428 -0.00371815  -0.0115177    0.330645
-0.00371815    0.147202    0.104454 -0.00636308
 -0.0115177    0.104454    0.144769  -0.0207852
   0.330645 -0.00636308  -0.0207852    0.323601
IMAGINARY
          0   0.0059489  -0.0161719 -0.00341327
 -0.0059489           0  -0.0139201  -0.0142513
  0.0161719   0.0139201           0  0.00463311
 0.00341327   0.0142513 -0.00463311           0
Repeater1[0]<--->HoM1[0]
REAL
   0.347769   0.0257864 -0.00273432    0.313671
  0.0257864    0.164042    0.127655    0.024418
-0.00273432    0.127655    0.158793  0.00610136
   0.313671    0.024418  0.00610136    0.329396
IMAGINARY
           0   0.00226838   -0.0227596   -0.0213626
 -0.00226838            0  -0.00750874    0.0056092
   0.0227596   0.00750874            0 -0.000949121
   0.0213626   -0.0056092  0.000949121            0
EndNode1[0]<--->Repeater1[0]
REAL
   0.379447  -0.0120987  -0.0113689    0.310304
 -0.0120987    0.160738    0.110165  -0.0101434
 -0.0113689    0.110165    0.125165 -0.00550237
   0.310304  -0.0101434 -0.00550237    0.334651
IMAGINARY
          0  -0.0011757   0.0118458  0.00488309
  0.0011757           0   0.0113264   0.0237191
 -0.0118458  -0.0113264           0  -0.0218369
-0.00488309  -0.0237191   0.0218369           0
EndNode2[0]<--->HoM1[0]
REAL
    0.348101   -0.0181157    0.0069797     0.324857
  -0.0181157     0.136709     0.114229   -0.0158629
   0.0069797     0.114229     0.160759 -0.000919883
    0.324857   -0.0158629 -0.000919883      0.35443
IMAGINARY
          0  -0.0156254 -0.00365584   0.0115256
  0.0156254           0 -0.00431723   0.0132589
 0.00365584  0.00431723           0  -0.0119034
 -0.0115256  -0.0132589   0.0119034           0
Repeater1[0]<--->EndNode1[0]
REAL
   0.379447  -0.0113689  -0.0120987    0.310304
 -0.0113689    0.125165    0.110165 -0.00550237
 -0.0120987    0.110165    0.160738  -0.0101434
   0.310304 -0.00550237  -0.0101434    0.334651
IMAGINARY
          0   0.0118458  -0.0011757  0.00488309
 -0.0118458           0  -0.0113264  -0.0218369
  0.0011757   0.0113264           0   0.0237191
-0.00488309   0.0218369  -0.0237191           0
Repeater1[0]<--->HoM1[0]
REAL
    0.348101    0.0069797   -0.0181157     0.324857
   0.0069797     0.160759     0.114229 -0.000919883
  -0.0181157     0.114229     0.136709   -0.0158629
    0.324857 -0.000919883   -0.0158629      0.35443
IMAGINARY
          0 -0.00365584  -0.0156254   0.0115256
 0.00365584           0  0.00431723  -0.0119034
  0.0156254 -0.00431723           0   0.0132589
 -0.0115256   0.0119034  -0.0132589           0
EndNode1[0]<--->Repeater1[0]
REAL
  0.364796  -0.020989 -0.0125739   0.319468
 -0.020989   0.158163   0.103012  0.0164499
-0.0125739   0.103012   0.142857  0.0119451
  0.319468  0.0164499  0.0119451   0.334184
IMAGINARY
           0  0.000811382  -0.00889145   -0.0083992
-0.000811382            0  -0.00573962    0.0114231
  0.00889145   0.00573962            0    -0.010938
   0.0083992   -0.0114231     0.010938            0
EndNode2[0]<--->HoM1[0]
REAL
 0.346784 0.0218411 0.0211418  0.329131
0.0218411  0.138714  0.100429 0.0134494
0.0211418  0.100429  0.151324 0.0127501
 0.329131 0.0134494 0.0127501  0.363178
IMAGINARY
          0 -0.00501934    0.011328  0.00221882
 0.00501934           0   0.0248252  0.00636527
  -0.011328  -0.0248252           0  0.00436404
-0.00221882 -0.00636527 -0.00436404           0
Repeater1[0]<--->EndNode1[0]
REAL
  0.364796 -0.0125739  -0.020989   0.319468
-0.0125739   0.142857   0.103012  0.0119451
 -0.020989   0.103012   0.158163  0.0164499
  0.319468  0.0119451  0.0164499   0.334184
IMAGINARY
           0  -0.00889145  0.000811382   -0.0083992
  0.00889145            0   0.00573962    -0.010938
-0.000811382  -0.00573962            0    0.0114231
   0.0083992     0.010938   -0.0114231            0
Repeater1[0]<--->HoM1[0]
REAL
 0.346784 0.0211418 0.0218411  0.329131
0.0211418  0.151324  0.100429 0.0127501
0.0218411  0.100429  0.138714 0.0134494
 0.329131 0.0127501 0.0134494  0.363178
IMAGINARY
          0    0.011328 -0.00501934  0.00221882
  -0.011328           0  -0.0248252  0.00436404
 0.00501934   0.0248252           0  0.00636527
-0.00221882 -0.00436404 -0.00636527           0
EndNode1[0]<--->Repeater1[0]
REAL
   0.356322 -0.00966887  0.00129205    0.318971
-0.00966887    0.144317    0.117966 0.000638454
 0.00129205    0.117966    0.172414 1.63602e-05
   0.318971 0.000638454 1.63602e-05    0.326948
IMAGINARY
          0  0.00990417   0.0191612  -0.0198676
-0.00990417           0  0.00701412 -0.00659838
 -0.0191612 -0.00701412           0  -0.0249795
  0.0198676  0.00659838   0.0249795           0
EndNode2[0]<--->HoM1[0]
REAL
   0.352406   0.0114613 -0.00159877    0.303784
  0.0114613     0.16775    0.106284  -0.0111529
-0.00159877    0.106284    0.154746  -0.0228707
   0.303784  -0.0111529  -0.0228707    0.325098
IMAGINARY
          0 -0.00532738  0.00503477   0.0162133
 0.00532738           0 -0.00470436 -0.00378477
-0.00503477  0.00470436           0  0.00657738
 -0.0162133  0.00378477 -0.00657738           0
Repeater1[0]<--->EndNode1[0]
REAL
   0.356322  0.00129205 -0.00966887    0.318971
 0.00129205    0.172414    0.117966 1.63602e-05
-0.00966887    0.117966    0.144317 0.000638454
   0.318971 1.63602e-05 0.000638454    0.326948
IMAGINARY
          0   0.0191612  0.00990417  -0.0198676
 -0.0191612           0 -0.00701412  -0.0249795
-0.00990417  0.00701412           0 -0.00659838
  0.0198676   0.0249795  0.00659838           0
Repeater1[0]<--->HoM1[0]
REAL
   0.352406 -0.00159877   0.0114613    0.303784
-0.00159877    0.154746    0.106284  -0.0228707
  0.0114613    0.106284     0.16775  -0.0111529
   0.303784  -0.0228707  -0.0111529    0.325098
IMAGINARY
          0  0.00503477 -0.00532738   0.0162133
-0.00503477           0  0.00470436  0.00657738
 0.00532738 -0.00470436           0 -0.00378477
 -0.0162133 -0.00657738  0.00378477           0
EndNode1[0]<--->Repeater1[0]
REAL
   0.355128   0.0141672  0.00402064    0.305706
  0.0141672    0.170513    0.116372 -0.00531934
 0.00402064    0.116372    0.152564  -0.0024789
   0.305706 -0.00531934  -0.0024789    0.321795
IMAGINARY
           0  0.000878788    -0.014416  -0.00420602
-0.000878788            0   0.00735861   0.00908268
    0.014416  -0.00735861            0   0.00845455
  0.00420602  -0.00908268  -0.00845455            0
EndNode2[0]<--->HoM1[0]
REAL
   0.350943  -0.0163497  -0.0217328     0.30008
 -0.0163497    0.145912    0.116065  -0.0151883
 -0.0217328    0.116065    0.171069 -0.00930741
    0.30008  -0.0151883 -0.00930741    0.332075
IMAGINARY
          0  0.00755936 -0.00613218   0.0100834
-0.00755936           0  -0.0033266  -0.0118356
 0.00613218   0.0033266           0 -0.00322231
 -0.0100834   0.0118356  0.00322231           0
Repeater1[0]<--->EndNode1[0]
REAL
   0.355128  0.00402064   0.0141672    0.305706
 0.00402064    0.152564    0.116372  -0.0024789
  0.0141672    0.116372    0.170513 -0.00531934
   0.305706  -0.0024789 -0.00531934    0.321795
IMAGINARY
           0    -0.014416  0.000878788  -0.00420602
    0.014416            0  -0.00735861   0.00845455
-0.000878788   0.00735861            0   0.00908268
  0.00420602  -0.00845455  -0.00908268            0
Repeater1[0]<--->HoM1[0]
REAL
   0.350943  -0.0217328  -0.0163497     0.30008
 -0.0217328    0.171069    0.116065 -0.00930741
 -0.0163497    0.116065    0.145912  -0.0151883
    0.30008 -0.00930741  -0.0151883    0.332075
IMAGINARY
          0 -0.00613218  0.00755936   0.0100834
 0.00613218           0   0.0033266 -0.00322231
-0.00755936  -0.0033266           0  -0.0118356
 -0.0100834  0.00322231   0.0118356           0
EndNode1[0]<--->Repeater1[0]
REAL
  0.348806 -0.0045709 -0.0107233   0.329126
-0.0045709   0.145889   0.102811  0.0251212
-0.0107233   0.102811   0.153846   0.003262
  0.329126  0.0251212   0.003262   0.351459
IMAGINARY
          0 -0.00437989  -0.0151419   0.0124228
 0.00437989           0   0.0136918  -0.0177529
  0.0151419  -0.0136918           0  0.00569568
 -0.0124228   0.0177529 -0.00569568           0
EndNode2[0]<--->HoM1[0]
REAL
  0.334988 -0.0213837 0.00376865   0.316403
-0.0213837   0.145161   0.116403  0.0113829
0.00376865   0.116403   0.171216  0.0115022
  0.316403  0.0113829  0.0115022   0.348635
IMAGINARY
          0  0.00707696  -0.0144231   -0.019642
-0.00707696           0   0.0046044   0.0144231
  0.0144231  -0.0046044           0 -0.00577825
   0.019642  -0.0144231  0.00577825           0
Repeater1[0]<--->EndNode1[0]
REAL
  0.348806 -0.0107233 -0.0045709   0.329126
-0.0107233   0.153846   0.102811   0.003262
-0.0045709   0.102811   0.145889  0.0251212
  0.329126   0.003262  0.0251212   0.351459
IMAGINARY
          0  -0.0151419 -0.00437989   0.0124228
  0.0151419           0  -0.0136918  0.00569568
 0.00437989   0.0136918           0  -0.0177529
 -0.0124228 -0.00569568   0.0177529           0
Repeater1[0]<--->HoM1[0]
REAL
  0.334988 0.00376865 -0.0213837   0.316403
0.00376865   0.171216   0.116403  0.0115022
-0.0213837   0.116403   0.145161  0.0113829
  0.316403  0.0115022  0.0113829   0.348635
IMAGINARY
          0  -0.0144231  0.00707696   -0.019642
  0.0144231           0  -0.0046044 -0.00577825
-0.00707696   0.0046044           0   0.0144231
   0.019642  0.00577825  -0.0144231           0
EndNode1[0]<--->Repeater1[0]
REAL
   0.359109 -0.00421813  0.00434096    0.310788
-0.00421813    0.142857    0.110916  0.00252717
 0.00434096    0.110916    0.179554  0.00147087
   0.310788  0.00252717  0.00147087     0.31848
IMAGINARY
          0 -0.00805054   0.0143996 -0.00767166
 0.00805054           0  -0.0114123   0.0117818
 -0.0143996   0.0114123           0 -0.00408228
 0.00767166  -0.0117818  0.00408228           0
EndNode2[0]<--->HoM1[0]
REAL
  0.348525 0.00478521 0.00930511   0.334742
0.00478521   0.168901  0.0925542 -0.0220602
0.00930511  0.0925542   0.140751 0.00414336
  0.334742 -0.0220602 0.00414336   0.341823
IMAGINARY
          0    0.011035  -0.0222185 -0.00246002
  -0.011035           0  -0.0112557  -0.0142398
  0.0222185   0.0112557           0    0.020215
 0.00246002   0.0142398   -0.020215           0
Repeater1[0]<--->EndNode1[0]
REAL
   0.359109  0.00434096 -0.00421813    0.310788
 0.00434096    0.179554    0.110916  0.00147087
-0.00421813    0.110916    0.142857  0.00252717
   0.310788  0.00147087  0.00252717     0.31848
IMAGINARY
          0   0.0143996 -0.00805054 -0.00767166
 -0.0143996           0   0.0114123 -0.00408228
 0.00805054  -0.0114123           0   0.0117818
 0.00767166  0.00408228  -0.0117818           0
Repeater1[0]<--->HoM1[0]
REAL
  0.348525 0.00930511 0.00478521   0.334742
0.00930511   0.140751  0.0925542 0.00414336
0.00478521  0.0925542   0.168901 -0.0220602
  0.334742 0.00414336 -0.0220602   0.341823
IMAGINARY
          0  -0.0222185    0.011035 -0.00246002
  0.0222185           0   0.0112557    0.020215
  -0.011035  -0.0112557           0  -0.0142398
 0.00246002   -0.020215   0.0142398           0
EndNode1[0]<--->Repeater1[0]
REAL
  0.369779 -0.0103575 -0.0271661   0.298108
-0.0103575   0.146192   0.116289 0.00187429
-0.0271661   0.116289   0.137592 -0.0175283
  0.298108 0.00187429 -0.0175283   0.346437
IMAGINARY
          0   -0.023386   0.0167366   0.0217346
   0.023386           0  0.00195293  0.00599069
 -0.0167366 -0.00195293           0   -0.006917
 -0.0217346 -0.00599069    0.006917           0
EndNode2[0]<--->HoM1[0]
REAL
   0.353947  -0.0177983 -0.00352414    0.310073
 -0.0177983    0.136842    0.110744 -0.00477727
-0.00352414    0.110744    0.143421  0.00949694
   0.310073 -0.00477727  0.00949694    0.365789
IMAGINARY
          0   0.0114218   0.0199699  -0.0213765
 -0.0114218           0  0.00122993  -0.0219833
 -0.0199699 -0.00122993           0  0.00401442
  0.0213765   0.0219833 -0.00401442           0
Repeater1[0]<--->EndNode1[0]
REAL
  0.369779 -0.0271661 -0.0103575   0.298108
-0.0271661   0.137592   0.116289 -0.0175283
-0.0103575   0.116289   0.146192 0.00187429
  0.298108 -0.0175283 0.00187429   0.346437
IMAGINARY
          0   0.0167366   -0.023386   0.0217346
 -0.0167366           0 -0.00195293   -0.006917
   0.023386  0.00195293           0  0.00599069
 -0.0217346    0.006917 -0.00599069           0
Repeater1[0]<--->HoM1[0]
REAL
   0.353947 -0.00352414  -0.0177983    0.310073
-0.00352414    0.143421    0.110744  0.00949694
 -0.0177983    0.110744    0.136842 -0.00477727
   0.310073  0.00949694 -0.00477727    0.365789
IMAGINARY
          0   0.0199699   0.0114218  -0.0213765
 -0.0199699           0 -0.00122993  0.00401442
 -0.0114218  0.00122993           0  -0.0219833
  0.0213765 -0.00401442   0.0219833           0
EndNode1[0]<--->Repeater1[0]
REAL
    0.356307    0.0184341 -2.31018e-05     0.294849
   0.0184341     0.154746     0.100515    0.0139304
-2.31018e-05     0.100515     0.153446 -0.000553274
    0.294849    0.0139304 -0.000553274     0.335501
IMAGINARY
          0 -0.00729095   0.0236763  -0.0164685
 0.00729095           0  -0.0145912 -0.00457225
 -0.0236763   0.0145912           0   -0.003908
  0.0164685  0.00457225    0.003908           0
EndNode2[0]<--->HoM1[0]
REAL
  0.356784 0.00888331  0.0117478   0.300977
0.00888331   0.136935   0.107994 0.00540261
 0.0117478   0.107994   0.125628 0.00694783
  0.300977 0.00540261 0.00694783   0.380653
IMAGINARY
          0   0.0109854  -0.0053416 -0.00745222
 -0.0109854           0 -0.00417568  0.00659474
  0.0053416  0.00417568           0  -0.0109854
 0.00745222 -0.00659474   0.0109854           0
Repeater1[0]<--->EndNode1[0]
REAL
    0.356307 -2.31018e-05    0.0184341     0.294849
-2.31018e-05     0.153446     0.100515 -0.000553274
   0.0184341     0.100515     0.154746    0.0139304
    0.294849 -0.000553274    0.0139304     0.335501
IMAGINARY
          0   0.0236763 -0.00729095  -0.0164685
 -0.0236763           0   0.0145912   -0.003908
 0.00729095  -0.0145912           0 -0.00457225
  0.0164685    0.003908  0.00457225           0
Repeater1[0]<--->HoM1[0]
REAL
  0.356784  0.0117478 0.00888331   0.300977
 0.0117478   0.125628   0.107994 0.00694783
0.00888331   0.107994   0.136935 0.00540261
  0.300977 0.00694783 0.00540261   0.380653
IMAGINARY
          0  -0.0053416   0.0109854 -0.00745222
  0.0053416           0  0.00417568  -0.0109854
 -0.0109854 -0.00417568           0  0.00659474
 0.00745222   0.0109854 -0.00659474           0
EndNode1[0]<--->Repeater1[0]
REAL
  0.343789  0.0289275 0.00815109   0.332061
 0.0289275   0.139272  0.0928753  0.0122051
0.00815109  0.0928753   0.158093 0.00287917
  0.332061  0.0122051 0.00287917   0.358846
IMAGINARY
          0  -0.0110826   0.0115995   -0.010555
  0.0110826           0  -0.0215306 -0.00142136
 -0.0115995   0.0215306           0   0.0123549
   0.010555  0.00142136  -0.0123549           0
EndNode2[0]<--->HoM1[0]
REAL
   0.329857 -0.00907337  -0.0174531    0.314671
-0.00907337    0.146023    0.115196 -0.00249857
 -0.0174531    0.115196    0.142112 -0.00845988
   0.314671 -0.00249857 -0.00845988    0.382008
IMAGINARY
           0 -0.000989842    0.0182212    0.0184718
 0.000989842            0   -0.0272201    0.0093379
  -0.0182212    0.0272201            0  -0.00950885
  -0.0184718   -0.0093379   0.00950885            0
Repeater1[0]<--->EndNode1[0]
REAL
  0.343789 0.00815109  0.0289275   0.332061
0.00815109   0.158093  0.0928753 0.00287917
 0.0289275  0.0928753   0.139272  0.0122051
  0.332061 0.00287917  0.0122051   0.358846
IMAGINARY
          0   0.0115995  -0.0110826   -0.010555
 -0.0115995           0   0.0215306   0.0123549
  0.0110826  -0.0215306           0 -0.00142136
   0.010555  -0.0123549  0.00142136           0
Repeater1[0]<--->HoM1[0]
REAL
   0.329857  -0.0174531 -0.00907337    0.314671
 -0.0174531    0.142112    0.115196 -0.00845988
-0.00907337    0.115196    0.146023 -0.00249857
   0.314671 -0.00845988 -0.00249857    0.382008
IMAGINARY
           0    0.0182212 -0.000989842    0.0184718
  -0.0182212            0    0.0272201  -0.00950885
 0.000989842   -0.0272201            0    0.0093379
  -0.0184718   0.00950885   -0.0093379            0
EndNode1[0]<--->Repeater1[0]
REAL
    0.384217   -0.0121613   -0.0140862     0.298197
  -0.0121613     0.121604     0.110778  -0.00770866
  -0.0140862     0.110778     0.156533 -0.000659242
    0.298197  -0.00770866 -0.000659242     0.337646
IMAGINARY
           0    0.0100519  0.000630099   0.00373604
  -0.0100519            0 -1.39578e-05  -0.00646668
-0.000630099  1.39578e-05            0    0.0100519
 -0.00373604   0.00646668   -0.0100519            0
EndNode2[0]<--->HoM1[0]
REAL
  0.341837  0.0108028  0.0198341   0.317797
 0.0108028   0.139031   0.104775 0.00378792
 0.0198341   0.104775   0.170918 0.00888221
  0.317797 0.00378792 0.00888221   0.348214
IMAGINARY
          0  0.00886894 -0.00623308 -0.00454077
-0.00886894           0  0.00327173    0.016979
 0.00623308 -0.00327173           0  -0.0284644
 0.00454077   -0.016979   0.0284644           0
Repeater1[0]<--->EndNode1[0]
REAL
    0.384217   -0.0140862   -0.0121613     0.298197
  -0.0140862     0.156533     0.110778 -0.000659242
  -0.0121613     0.110778     0.121604  -0.00770866
    0.298197 -0.000659242  -0.00770866     0.337646
IMAGINARY
           0  0.000630099    0.0100519   0.00373604
-0.000630099            0  1.39578e-05    0.0100519
  -0.0100519 -1.39578e-05            0  -0.00646668
 -0.00373604   -0.0100519   0.00646668            0
Repeater1[0]<--->HoM1[0]
REAL
  0.341837  0.0198341  0.0108028   0.317797
 0.0198341   0.170918   0.104775 0.00888221
 0.0108028   0.104775   0.139031 0.00378792
  0.317797 0.00888221 0.00378792   0.348214
IMAGINARY
          0 -0.00623308  0.00886894 -0.00454077
 0.00623308           0 -0.00327173  -0.0284644
-0.00886894  0.00327173           0    0.016979
 0.00454077   0.0284644   -0.016979           0
EndNode1[0]<--->Repeater1[0]
REAL
  0.372152  0.0100471 0.00818368   0.308868
 0.0100471   0.153165    0.11073 0.00689169
0.00818368    0.11073   0.151899 0.00754084
  0.308868 0.00689169 0.00754084   0.322785
IMAGINARY
          0 -0.00829151 -0.00525042   -0.031213
 0.00829151           0 -0.00970767  0.00658021
 0.00525042  0.00970767           0 -0.00500636
   0.031213 -0.00658021  0.00500636           0
EndNode2[0]<--->HoM1[0]
REAL
   0.371795  -0.0133046  -0.0041678    0.313732
 -0.0133046    0.135897    0.102826 0.000908345
 -0.0041678    0.102826    0.138462  0.00483007
   0.313732 0.000908345  0.00483007    0.353846
IMAGINARY
           0  -0.00336676   0.00522054  -0.00550122
  0.00336676            0  -0.00550122  0.000692729
 -0.00522054   0.00550122            0  -0.00780275
  0.00550122 -0.000692729   0.00780275            0
Repeater1[0]<--->EndNode1[0]
REAL
  0.372152 0.00818368  0.0100471   0.308868
0.00818368   0.151899    0.11073 0.00754084
 0.0100471    0.11073   0.153165 0.00689169
  0.308868 0.00754084 0.00689169   0.322785
IMAGINARY
          0 -0.00525042 -0.00829151   -0.031213
 0.00525042           0  0.00970767 -0.00500636
 0.00829151 -0.00970767           0  0.00658021
   0.031213  0.00500636 -0.00658021           0
Repeater1[0]<--->HoM1[0]
REAL
   0.371795  -0.0041678  -0.0133046    0.313732
 -0.0041678    0.138462    0.102826  0.00483007
 -0.0133046    0.102826    0.135897 0.000908345
   0.313732  0.00483007 0.000908345    0.353846
IMAGINARY
           0   0.00522054  -0.00336676  -0.00550122
 -0.00522054            0   0.00550122  -0.00780275
  0.00336676  -0.00550122            0  0.000692729
  0.00550122   0.00780275 -0.000692729            0
EndNode1[0]<--->Repeater1[0]
REAL
   0.364648 -0.00783872    0.007007    0.314273
-0.00783872    0.145859    0.113644  -0.0247003
   0.007007    0.113644    0.137206  -0.0268926
   0.314273  -0.0247003  -0.0268926    0.352287
IMAGINARY
           0  -0.00125242  -0.00516903   0.00182936
  0.00125242            0    0.0363121   -0.0155857
  0.00516903   -0.0363121            0 -0.000634373
 -0.00182936    0.0155857  0.000634373            0
EndNode2[0]<--->HoM1[0]
REAL
  0.324224 0.00879649 0.00791509   0.317895
0.00879649    0.16646   0.116613 0.00593881
0.00791509   0.116613   0.146584  0.0100952
  0.317895 0.00593881  0.0100952   0.362733
IMAGINARY
           0  0.000346784   0.00509839    0.0168342
-0.000346784            0    0.0090622    0.0128503
 -0.00509839   -0.0090622            0   0.00349937
  -0.0168342   -0.0128503  -0.00349937            0
Repeater1[0]<--->EndNode1[0]
REAL
   0.364648    0.007007 -0.00783872    0.314273
   0.007007    0.137206    0.113644  -0.0268926
-0.00783872    0.113644    0.145859  -0.0247003
   0.314273  -0.0268926  -0.0247003    0.352287
IMAGINARY
           0  -0.00516903  -0.00125242   0.00182936
  0.00516903            0   -0.0363121 -0.000634373
  0.00125242    0.0363121            0   -0.0155857
 -0.00182936  0.000634373    0.0155857            0
Repeater1[0]<--->HoM1[0]
REAL
  0.324224 0.00791509 0.00879649   0.317895
0.00791509   0.146584   0.116613  0.0100952
0.00879649   0.116613    0.16646 0.00593881
  0.317895  0.0100952 0.00593881   0.362733
IMAGINARY
           0   0.00509839  0.000346784    0.0168342
 -0.00509839            0   -0.0090622   0.00349937
-0.000346784    0.0090622            0    0.0128503
  -0.0168342  -0.00349937   -0.0128503            0
EndNode1[0]<--->Repeater1[0]
REAL
   0.363049   0.0202468    0.016918    0.318403
  0.0202468    0.148579    0.106474 -0.00829728
   0.016918    0.106474    0.143411 -0.00793149
   0.318403 -0.00829728 -0.00793149    0.344961
IMAGINARY
          0  -0.0141441 -0.00381809 -0.00484875
  0.0141441           0   0.0298826   0.0101633
 0.00381809  -0.0298826           0  0.00906795
 0.00484875  -0.0101633 -0.00906795           0
EndNode2[0]<--->HoM1[0]
REAL
   0.355995  0.00109431   0.0103501    0.319782
 0.00109431    0.140915     0.10796  -0.0109953
  0.0103501     0.10796    0.150803 -0.00690077
   0.319782  -0.0109953 -0.00690077    0.352287
IMAGINARY
          0  -0.0212912 -0.00184729  0.00185413
  0.0212912           0  -0.0064899 -0.00184729
 0.00184729   0.0064899           0  -0.0144231
-0.00185413  0.00184729   0.0144231           0
Repeater1[0]<--->EndNode1[0]
REAL
   0.363049    0.016918   0.0202468    0.318403
   0.016918    0.143411    0.106474 -0.00793149
  0.0202468    0.106474    0.148579 -0.00829728
   0.318403 -0.00793149 -0.00829728    0.344961
IMAGINARY
          0 -0.00381809  -0.0141441 -0.00484875
 0.00381809           0  -0.0298826  0.00906795
  0.0141441   0.0298826           0   0.0101633
 0.00484875 -0.00906795  -0.0101633           0
Repeater1[0]<--->HoM1[0]
REAL
   0.355995   0.0103501  0.00109431    0.319782
  0.0103501    0.150803     0.10796 -0.00690077
 0.00109431     0.10796    0.140915  -0.0109953
   0.319782 -0.00690077  -0.0109953    0.352287
IMAGINARY
          0 -0.00184729  -0.0212912  0.00185413
 0.00184729           0   0.0064899  -0.0144231
  0.0212912  -0.0064899           0 -0.00184729
-0.00185413   0.0144231  0.00184729           0
EndNode1[0]<--->Repeater1[0]
REAL
    0.351515 -0.000348682  -0.00319098     0.300472
-0.000348682     0.156364     0.102503  -0.00133684
 -0.00319098     0.102503     0.156364   0.00746382
    0.300472  -0.00133684   0.00746382     0.335758
IMAGINARY
           0   -0.0029514    -0.018323    0.0158394
   0.0029514            0   0.00543719  0.000556459
    0.018323  -0.00543719            0  0.000413333
  -0.0158394 -0.000556459 -0.000413333            0
EndNode2[0]<--->HoM1[0]
REAL
   0.37218  0.0140668  0.0189907   0.307671
 0.0140668   0.146617   0.122532  0.0203494
 0.0189907   0.122532   0.132832 0.00877582
  0.307671  0.0203494 0.00877582   0.348371
IMAGINARY
           0  7.55668e-05  -0.00340768    0.0265169
-7.55668e-05            0   0.00122505   0.00340768
