EndNode1[0]<--->Repeater1[0]
REAL
   0.474684  0.00770442   0.0171588    0.406781
 0.00770442   0.0405063 -0.00207968   -0.021606
  0.0171588 -0.00207968   0.0493671  -0.0134223
   0.406781   -0.021606  -0.0134223    0.435443
IMAGINARY
          0   0.0119309  -0.0300384 -0.00439507
 -0.0119309           0   0.0191198 -0.00540461
  0.0300384  -0.0191198           0   0.0285754
 0.00439507  0.00540461  -0.0285754           0
EndNode2[0]<--->HoM1[0]
REAL
    0.459921  -0.00541886 -0.000918667     0.401056
 -0.00541886    0.0473062    0.0123198   -0.0124571
-0.000918667    0.0123198     0.043364  -0.00795693
    0.401056   -0.0124571  -0.00795693     0.449409
IMAGINARY
          0  -0.0114074   0.0085202 -0.00604877
  0.0114074           0   0.0151634  0.00658969
 -0.0085202  -0.0151634           0  -0.0215597
 0.00604877 -0.00658969   0.0215597           0
Repeater1[0]<--->EndNode1[0]
REAL
   0.474684   0.0171588  0.00770442    0.406781
  0.0171588   0.0493671 -0.00207968  -0.0134223
 0.00770442 -0.00207968   0.0405063   -0.021606
   0.406781  -0.0134223   -0.021606    0.435443
IMAGINARY
          0  -0.0300384   0.0119309 -0.00439507
  0.0300384           0  -0.0191198   0.0285754
 -0.0119309   0.0191198           0 -0.00540461
 0.00439507  -0.0285754  0.00540461           0
Repeater1[0]<--->HoM1[0]
REAL
    0.459921 -0.000918667  -0.00541886     0.401056
-0.000918667     0.043364    0.0123198  -0.00795693
 -0.00541886    0.0123198    0.0473062   -0.0124571
    0.401056  -0.00795693   -0.0124571     0.449409
IMAGINARY
          0   0.0085202  -0.0114074 -0.00604877
 -0.0085202           0  -0.0151634  -0.0215597
  0.0114074   0.0151634           0  0.00658969
 0.00604877   0.0215597 -0.00658969           0
EndNode1[0]<--->Repeater1[0]
REAL
   0.493606 -0.00601913  -0.0115786    0.406016
-0.00601913   0.0460358 0.000960629 -0.00521727
 -0.0115786 0.000960629   0.0677749  -0.0159447
   0.406016 -0.00521727  -0.0159447    0.392583
IMAGINARY
          0 -0.00714851 -0.00367715  0.00123196
 0.00714851           0   0.0113842 -0.00433765
 0.00367715  -0.0113842           0  0.00159981
-0.00123196  0.00433765 -0.00159981           0
EndNode2[0]<--->HoM1[0]
REAL
  0.474555 0.00028253  0.0170126   0.406606
0.00028253  0.0547074 0.00325003 0.00702589
 0.0170126 0.00325003   0.043257  0.0249579
  0.406606 0.00702589  0.0249579   0.427481
IMAGINARY
          0  -0.0163633 -0.00316952 -0.00733459
  0.0163633           0  0.00669602    0.019948
 0.00316952 -0.00669602           0   -0.013838
 0.00733459   -0.019948    0.013838           0
Repeater1[0]<--->EndNode1[0]
REAL
   0.493606  -0.0115786 -0.00601913    0.406016
 -0.0115786   0.0677749 0.000960629  -0.0159447
-0.00601913 0.000960629   0.0460358 -0.00521727
   0.406016  -0.0159447 -0.00521727    0.392583
IMAGINARY
          0 -0.00367715 -0.00714851  0.00123196
 0.00367715           0  -0.0113842  0.00159981
 0.00714851   0.0113842           0 -0.00433765
-0.00123196 -0.00159981  0.00433765           0
Repeater1[0]<--->HoM1[0]
REAL
  0.474555  0.0170126 0.00028253   0.406606
 0.0170126   0.043257 0.00325003  0.0249579
0.00028253 0.00325003  0.0547074 0.00702589
  0.406606  0.0249579 0.00702589   0.427481
IMAGINARY
          0 -0.00316952  -0.0163633 -0.00733459
 0.00316952           0 -0.00669602   -0.013838
  0.0163633  0.00669602           0    0.019948
 0.00733459    0.013838   -0.019948           0
EndNode1[0]<--->Repeater1[0]
REAL
   0.44757  0.0127017 0.00670585   0.389816
 0.0127017  0.0498721  0.0148161  0.0137301
0.00670585  0.0148161  0.0511509 0.00500943
  0.389816  0.0137301 0.00500943   0.451407
IMAGINARY
           0    0.0311598   -0.0241055  0.000959505
  -0.0311598            0   -0.0119556   -0.0110507
   0.0241055    0.0119556            0     0.011809
-0.000959505    0.0110507    -0.011809            0
EndNode2[0]<--->HoM1[0]
REAL
   0.482759  -0.0182368  -0.0127682    0.422364
 -0.0182368    0.035809  0.00474637 -0.00513461
 -0.0127682  0.00474637    0.035809  0.00417034
   0.422364 -0.00513461  0.00417034    0.445623
IMAGINARY
           0  -0.00536936  0.000686973    0.0421294
  0.00536936            0    0.0127176   -0.0279367
-0.000686973   -0.0127176            0   0.00853793
  -0.0421294    0.0279367  -0.00853793            0
Repeater1[0]<--->EndNode1[0]
REAL
   0.44757 0.00670585  0.0127017   0.389816
0.00670585  0.0511509  0.0148161 0.00500943
 0.0127017  0.0148161  0.0498721  0.0137301
  0.389816 0.00500943  0.0137301   0.451407
IMAGINARY
           0   -0.0241055    0.0311598  0.000959505
   0.0241055            0    0.0119556     0.011809
  -0.0311598   -0.0119556            0   -0.0110507
-0.000959505    -0.011809    0.0110507            0
Repeater1[0]<--->HoM1[0]
REAL
   0.482759  -0.0127682  -0.0182368    0.422364
 -0.0127682    0.035809  0.00474637  0.00417034
 -0.0182368  0.00474637    0.035809 -0.00513461
   0.422364  0.00417034 -0.00513461    0.445623
IMAGINARY
           0  0.000686973  -0.00536936    0.0421294
-0.000686973            0   -0.0127176   0.00853793
  0.00536936    0.0127176            0   -0.0279367
  -0.0421294  -0.00853793    0.0279367            0
EndNode1[0]<--->Repeater1[0]
REAL
   0.491569 -0.00984423   0.0110118    0.391288
-0.00984423   0.0389105  0.00211288  0.00167851
  0.0110118  0.00211288   0.0440986  0.00730616
   0.391288  0.00167851  0.00730616    0.425422
IMAGINARY
         0  0.0113978  0.0115979  0.0165784
-0.0113978          0  0.0153094  0.0115979
-0.0115979 -0.0153094          0 -0.0165525
-0.0165784 -0.0115979  0.0165525          0
EndNode2[0]<--->HoM1[0]
REAL
  0.464096 -0.0137529 -0.0129702   0.404798
-0.0137529   0.043883 0.00441036 -0.0214008
-0.0129702 0.00441036   0.037234 -0.0309942
  0.404798 -0.0214008 -0.0309942   0.454787
IMAGINARY
          0  -0.0115064 -0.00464502   0.0120512
  0.0115064           0  0.00693613  -0.0128194
 0.00464502 -0.00693613           0   0.0173279
 -0.0120512   0.0128194  -0.0173279           0
Repeater1[0]<--->EndNode1[0]
REAL
   0.491569   0.0110118 -0.00984423    0.391288
  0.0110118   0.0440986  0.00211288  0.00730616
-0.00984423  0.00211288   0.0389105  0.00167851
   0.391288  0.00730616  0.00167851    0.425422
IMAGINARY
         0  0.0115979  0.0113978  0.0165784
-0.0115979          0 -0.0153094 -0.0165525
-0.0113978  0.0153094          0  0.0115979
-0.0165784  0.0165525 -0.0115979          0
Repeater1[0]<--->HoM1[0]
REAL
  0.464096 -0.0129702 -0.0137529   0.404798
-0.0129702   0.037234 0.00441036 -0.0309942
-0.0137529 0.00441036   0.043883 -0.0214008
  0.404798 -0.0309942 -0.0214008   0.454787
IMAGINARY
          0 -0.00464502  -0.0115064   0.0120512
 0.00464502           0 -0.00693613   0.0173279
  0.0115064  0.00693613           0  -0.0128194
 -0.0120512  -0.0173279   0.0128194           0
EndNode1[0]<--->Repeater1[0]
REAL
    0.466125 -0.000677807  -0.00752273     0.396623
-0.000677807    0.0569106    0.0128158   -0.0116099
 -0.00752273    0.0128158    0.0609756   -0.0248324
    0.396623   -0.0116099   -0.0248324     0.415989
IMAGINARY
          0  -0.0216153  0.00370284 -0.00620915
  0.0216153           0  0.00620915  0.00433177
-0.00370284 -0.00620915           0  -0.0235021
 0.00620915 -0.00433177   0.0235021           0
EndNode2[0]<--->HoM1[0]
REAL
   0.472798  -0.0054191   0.0159357     0.40537
 -0.0054191   0.0544041 0.000290082  0.00859259
  0.0159357 0.000290082   0.0297927  0.00353231
    0.40537  0.00859259  0.00353231    0.443005
IMAGINARY
          0  -0.0142372 -0.00331647  -0.0257237
  0.0142372           0  -0.0164758 -0.00203112
 0.00331647   0.0164758           0 -0.00849007
  0.0257237  0.00203112  0.00849007           0
Repeater1[0]<--->EndNode1[0]
REAL
    0.466125  -0.00752273 -0.000677807     0.396623
 -0.00752273    0.0609756    0.0128158   -0.0248324
-0.000677807    0.0128158    0.0569106   -0.0116099
    0.396623   -0.0248324   -0.0116099     0.415989
IMAGINARY
          0  0.00370284  -0.0216153 -0.00620915
-0.00370284           0 -0.00620915  -0.0235021
  0.0216153  0.00620915           0  0.00433177
 0.00620915   0.0235021 -0.00433177           0
Repeater1[0]<--->HoM1[0]
REAL
   0.472798   0.0159357  -0.0054191     0.40537
  0.0159357   0.0297927 0.000290082  0.00353231
 -0.0054191 0.000290082   0.0544041  0.00859259
    0.40537  0.00353231  0.00859259    0.443005
IMAGINARY
          0 -0.00331647  -0.0142372  -0.0257237
 0.00331647           0   0.0164758 -0.00849007
  0.0142372  -0.0164758           0 -0.00203112
  0.0257237  0.00849007  0.00203112           0
EndNode1[0]<--->Repeater1[0]
REAL
    0.49434   -0.006578 0.000627586    0.391449
  -0.006578   0.0440252 -0.00932442  -0.0148763
0.000627586 -0.00932442   0.0540881  -0.0037847
   0.391449  -0.0148763  -0.0037847    0.407547
IMAGINARY
           0  -0.00226285   0.00847856   -0.0117428
  0.00226285            0   0.00107776  0.000542055
 -0.00847856  -0.00107776            0  -0.00289178
   0.0117428 -0.000542055   0.00289178            0
EndNode2[0]<--->HoM1[0]
REAL
   0.477064   0.0136674    0.019504     0.41476
  0.0136674   0.0484928   0.0055481 -0.00536515
   0.019504   0.0055481   0.0366972 -0.00466999
    0.41476 -0.00536515 -0.00466999    0.437746
IMAGINARY
          0  -0.0107701   0.0372315 -0.00721086
  0.0107701           0   -0.015665  0.00882992
 -0.0372315    0.015665           0   -0.032621
 0.00721086 -0.00882992    0.032621           0
Repeater1[0]<--->EndNode1[0]
REAL
    0.49434 0.000627586   -0.006578    0.391449
0.000627586   0.0540881 -0.00932442  -0.0037847
  -0.006578 -0.00932442   0.0440252  -0.0148763
   0.391449  -0.0037847  -0.0148763    0.407547
IMAGINARY
           0   0.00847856  -0.00226285   -0.0117428
 -0.00847856            0  -0.00107776  -0.00289178
  0.00226285   0.00107776            0  0.000542055
   0.0117428   0.00289178 -0.000542055            0
Repeater1[0]<--->HoM1[0]
REAL
   0.477064    0.019504   0.0136674     0.41476
   0.019504   0.0366972   0.0055481 -0.00466999
  0.0136674   0.0055481   0.0484928 -0.00536515
    0.41476 -0.00466999 -0.00536515    0.437746
IMAGINARY
          0   0.0372315  -0.0107701 -0.00721086
 -0.0372315           0    0.015665   -0.032621
  0.0107701   -0.015665           0  0.00882992
 0.00721086    0.032621 -0.00882992           0
EndNode1[0]<--->Repeater1[0]
REAL
   0.462532   0.0103853  0.00761365    0.402158
  0.0103853   0.0465116 -0.00481917  0.00696176
 0.00761365 -0.00481917   0.0503876  0.00292265
   0.402158  0.00696176  0.00292265    0.440568
IMAGINARY
           0   0.00616425   0.00140418  0.000608273
 -0.00616425            0 -0.000608273    0.0102237
 -0.00140418  0.000608273            0  -0.00228828
-0.000608273   -0.0102237   0.00228828            0
EndNode2[0]<--->HoM1[0]
REAL
    0.484808 -0.000649351  -0.00283935     0.414566
-0.000649351    0.0435931  -0.00287755  -0.00884896
 -0.00283935  -0.00287755    0.0369881 -0.000649351
    0.414566  -0.00884896 -0.000649351      0.43461
IMAGINARY
           0   -0.0106983   0.00192518 -3.33948e-05
   0.0106983            0  -0.00882736  -0.00259095
 -0.00192518   0.00882736            0   0.00870096
 3.33948e-05   0.00259095  -0.00870096            0
Repeater1[0]<--->EndNode1[0]
REAL
   0.462532  0.00761365   0.0103853    0.402158
 0.00761365   0.0503876 -0.00481917  0.00292265
  0.0103853 -0.00481917   0.0465116  0.00696176
   0.402158  0.00292265  0.00696176    0.440568
IMAGINARY
           0   0.00140418   0.00616425  0.000608273
 -0.00140418            0  0.000608273  -0.00228828
 -0.00616425 -0.000608273            0    0.0102237
-0.000608273   0.00228828   -0.0102237            0
Repeater1[0]<--->HoM1[0]
REAL
    0.484808  -0.00283935 -0.000649351     0.414566
 -0.00283935    0.0369881  -0.00287755 -0.000649351
-0.000649351  -0.00287755    0.0435931  -0.00884896
    0.414566 -0.000649351  -0.00884896      0.43461
IMAGINARY
           0   0.00192518   -0.0106983 -3.33948e-05
 -0.00192518            0   0.00882736   0.00870096
   0.0106983  -0.00882736            0  -0.00259095
 3.33948e-05  -0.00870096   0.00259095            0
EndNode1[0]<--->Repeater1[0]
REAL
   0.444444  -0.0179873  -0.0144634    0.406653
 -0.0179873   0.0516796   0.0108466 -0.00803663
 -0.0144634   0.0108466   0.0490956 -0.00951271
   0.406653 -0.00803663 -0.00951271     0.45478
IMAGINARY
          0  -0.0237659   0.0193846  -0.0036723
  0.0237659           0  0.00746976  0.00920497
 -0.0193846 -0.00746976           0  -0.0124476
  0.0036723 -0.00920497   0.0124476           0
EndNode2[0]<--->HoM1[0]
REAL
   0.421326 -0.00373129   0.0101573    0.419688
-0.00373129   0.0494148 -0.00720452  -0.0108008
  0.0101573 -0.00720452   0.0507152  -0.0149302
   0.419688  -0.0108008  -0.0149302    0.478544
IMAGINARY
          0  -0.0130259 -0.00258012 -0.00133835
  0.0130259           0 -0.00264043 -0.00133633
 0.00258012  0.00264043           0  0.00910948
 0.00133835  0.00133633 -0.00910948           0
Repeater1[0]<--->EndNode1[0]
REAL
   0.444444  -0.0144634  -0.0179873    0.406653
 -0.0144634   0.0490956   0.0108466 -0.00951271
 -0.0179873   0.0108466   0.0516796 -0.00803663
   0.406653 -0.00951271 -0.00803663     0.45478
IMAGINARY
          0   0.0193846  -0.0237659  -0.0036723
 -0.0193846           0 -0.00746976  -0.0124476
  0.0237659  0.00746976           0  0.00920497
  0.0036723   0.0124476 -0.00920497           0
Repeater1[0]<--->HoM1[0]
REAL
   0.421326   0.0101573 -0.00373129    0.419688
  0.0101573   0.0507152 -0.00720452  -0.0149302
-0.00373129 -0.00720452   0.0494148  -0.0108008
   0.419688  -0.0149302  -0.0108008    0.478544
IMAGINARY
          0 -0.00258012  -0.0130259 -0.00133835
 0.00258012           0  0.00264043  0.00910948
  0.0130259 -0.00264043           0 -0.00133633
 0.00133835 -0.00910948  0.00133633           0
EndNode1[0]<--->Repeater1[0]
REAL
   0.464752  0.00665085  0.00111581     0.39354
 0.00665085   0.0509138 0.000516796  -0.0140357
 0.00111581 0.000516796   0.0417755  -0.0118188
    0.39354  -0.0140357  -0.0118188    0.442559
IMAGINARY
          0  -0.0111528   0.0136218 -0.00349245
  0.0111528           0  -0.0138821 -0.00548227
 -0.0136218   0.0138821           0  0.00766442
 0.00349245  0.00548227 -0.00766442           0
EndNode2[0]<--->HoM1[0]
REAL
   0.474747  -0.0136629  -0.0124678    0.423002
 -0.0136629    0.037518 -0.00665755  0.00538932
 -0.0124678 -0.00665755    0.037518   0.0181674
   0.423002  0.00538932   0.0181674    0.450216
IMAGINARY
          0   0.0157727  -0.0275991   0.0156075
 -0.0157727           0  0.00304471  0.00356624
  0.0275991 -0.00304471           0   0.0106048
 -0.0156075 -0.00356624  -0.0106048           0
Repeater1[0]<--->EndNode1[0]
REAL
   0.464752  0.00111581  0.00665085     0.39354
 0.00111581   0.0417755 0.000516796  -0.0118188
 0.00665085 0.000516796   0.0509138  -0.0140357
    0.39354  -0.0118188  -0.0140357    0.442559
IMAGINARY
          0   0.0136218  -0.0111528 -0.00349245
 -0.0136218           0   0.0138821  0.00766442
  0.0111528  -0.0138821           0 -0.00548227
 0.00349245 -0.00766442  0.00548227           0
Repeater1[0]<--->HoM1[0]
REAL
   0.474747  -0.0124678  -0.0136629    0.423002
 -0.0124678    0.037518 -0.00665755   0.0181674
 -0.0136629 -0.00665755    0.037518  0.00538932
   0.423002   0.0181674  0.00538932    0.450216
IMAGINARY
          0  -0.0275991   0.0157727   0.0156075
  0.0275991           0 -0.00304471   0.0106048
 -0.0157727  0.00304471           0  0.00356624
 -0.0156075  -0.0106048 -0.00356624           0
EndNode1[0]<--->Repeater1[0]
REAL
   0.4379   0.01197 0.0118636  0.397094
  0.01197 0.0448143 0.0115354 0.0160552
0.0118636 0.0115354 0.0435339 0.0159488
 0.397094 0.0160552 0.0159488  0.473752
IMAGINARY
          0  -0.0119101  -0.0233524  -0.0190907
  0.0119101           0  0.00484201   0.0124532
  0.0233524 -0.00484201           0   0.0309836
  0.0190907  -0.0124532  -0.0309836           0
EndNode2[0]<--->HoM1[0]
REAL
   0.468009  -0.0193794  -0.0334499    0.404239
 -0.0193794   0.0414692 -0.00167494  -0.0152681
 -0.0334499 -0.00167494    0.049763  -0.0242103
   0.404239  -0.0152681  -0.0242103    0.440758
IMAGINARY
          0   0.0131198  -0.0164359  -0.0292362
 -0.0131198           0   0.0122756 -0.00775766
  0.0164359  -0.0122756           0   0.0056974
  0.0292362  0.00775766  -0.0056974           0
Repeater1[0]<--->EndNode1[0]
REAL
   0.4379 0.0118636   0.01197  0.397094
0.0118636 0.0435339 0.0115354 0.0159488
  0.01197 0.0115354 0.0448143 0.0160552
 0.397094 0.0159488 0.0160552  0.473752
IMAGINARY
          0  -0.0233524  -0.0119101  -0.0190907
  0.0233524           0 -0.00484201   0.0309836
  0.0119101  0.00484201           0   0.0124532
  0.0190907  -0.0309836  -0.0124532           0
Repeater1[0]<--->HoM1[0]
REAL
   0.468009  -0.0334499  -0.0193794    0.404239
 -0.0334499    0.049763 -0.00167494  -0.0242103
 -0.0193794 -0.00167494   0.0414692  -0.0152681
   0.404239  -0.0242103  -0.0152681    0.440758
IMAGINARY
          0  -0.0164359   0.0131198  -0.0292362
  0.0164359           0  -0.0122756   0.0056974
 -0.0131198   0.0122756           0 -0.00775766
  0.0292362  -0.0056974  0.00775766           0
EndNode1[0]<--->Repeater1[0]
REAL
    0.459184  -0.00421012    0.0102783     0.401695
 -0.00421012    0.0446429 -0.000625192  -0.00359382
   0.0102783 -0.000625192    0.0471939   0.00822082
    0.401695  -0.00359382   0.00822082      0.44898
IMAGINARY
           0   0.00935818   0.00181596 -8.87531e-05
 -0.00935818            0    0.0144867  -0.00242646
 -0.00181596   -0.0144867            0  -0.00874767
 8.87531e-05   0.00242646   0.00874767            0
EndNode2[0]<--->HoM1[0]
REAL
   0.441212   0.0225751   0.0198905    0.401617
  0.0225751   0.0424242  0.00215366  0.00156591
  0.0198905  0.00215366   0.0387879 -0.00892098
   0.401617  0.00156591 -0.00892098    0.477576
IMAGINARY
           0  -0.00924686    0.0267382    0.0275754
  0.00924686            0   -0.0232059  7.14924e-05
  -0.0267382    0.0232059            0   -0.0135413
  -0.0275754 -7.14924e-05    0.0135413            0
Repeater1[0]<--->EndNode1[0]
REAL
    0.459184    0.0102783  -0.00421012     0.401695
   0.0102783    0.0471939 -0.000625192   0.00822082
 -0.00421012 -0.000625192    0.0446429  -0.00359382
    0.401695   0.00822082  -0.00359382      0.44898
IMAGINARY
           0   0.00181596   0.00935818 -8.87531e-05
 -0.00181596            0   -0.0144867  -0.00874767
 -0.00935818    0.0144867            0  -0.00242646
 8.87531e-05   0.00874767   0.00242646            0
Repeater1[0]<--->HoM1[0]
REAL
   0.441212   0.0198905   0.0225751    0.401617
  0.0198905   0.0387879  0.00215366 -0.00892098
  0.0225751  0.00215366   0.0424242  0.00156591
   0.401617 -0.00892098  0.00156591    0.477576
IMAGINARY
           0    0.0267382  -0.00924686    0.0275754
  -0.0267382            0    0.0232059   -0.0135413
  0.00924686   -0.0232059            0  7.14924e-05
  -0.0275754    0.0135413 -7.14924e-05            0
EndNode1[0]<--->Repeater1[0]
REAL
  0.471939 -0.0171025  0.0168036   0.408851
-0.0171025  0.0535714  0.0206596 -0.0114273
 0.0168036  0.0206596  0.0369898  0.0165052
  0.408851 -0.0114273  0.0165052     0.4375
IMAGINARY
           0   0.00554107     0.004544  -0.00529533
 -0.00554107            0   -0.0147548 -0.000775152
   -0.004544    0.0147548            0  -0.00554107
  0.00529533  0.000775152   0.00554107            0
EndNode2[0]<--->HoM1[0]
REAL
   0.460823   -0.017977  -0.0143101    0.417804
  -0.017977   0.0411687 -0.00649344 -0.00497012
 -0.0143101 -0.00649344   0.0464807  0.00255282
   0.417804 -0.00497012  0.00255282    0.451527
IMAGINARY
          0   0.0140695  -0.0149961   -0.011252
 -0.0140695           0  -0.0176953  -0.0136974
  0.0149961   0.0176953           0 -0.00246996
   0.011252   0.0136974  0.00246996           0
Repeater1[0]<--->EndNode1[0]
REAL
  0.471939  0.0168036 -0.0171025   0.408851
 0.0168036  0.0369898  0.0206596  0.0165052
-0.0171025  0.0206596  0.0535714 -0.0114273
  0.408851  0.0165052 -0.0114273     0.4375
IMAGINARY
           0     0.004544   0.00554107  -0.00529533
   -0.004544            0    0.0147548  -0.00554107
 -0.00554107   -0.0147548            0 -0.000775152
  0.00529533   0.00554107  0.000775152            0
Repeater1[0]<--->HoM1[0]
REAL
   0.460823  -0.0143101   -0.017977    0.417804
 -0.0143101   0.0464807 -0.00649344  0.00255282
  -0.017977 -0.00649344   0.0411687 -0.00497012
   0.417804  0.00255282 -0.00497012    0.451527
IMAGINARY
          0  -0.0149961   0.0140695   -0.011252
  0.0149961           0   0.0176953 -0.00246996
 -0.0140695  -0.0176953           0  -0.0136974
   0.011252  0.00246996   0.0136974           0
EndNode1[0]<--->Repeater1[0]
REAL
   0.427123 -0.00129015  0.00645491    0.394663
-0.00129015   0.0506971  0.00290415  0.00186775
 0.00645491  0.00290415   0.0659062 -0.00319129
   0.394663  0.00186775 -0.00319129    0.456274
IMAGINARY
          0  -0.0173142  0.00507677   0.0282949
  0.0173142           0  0.00996367 -0.00200174
-0.00507677 -0.00996367           0   0.0117792
 -0.0282949  0.00200174  -0.0117792           0
EndNode2[0]<--->HoM1[0]
REAL
  0.482947  0.0118083 -0.0170413   0.400133
 0.0118083   0.042292  0.0111019  0.0218957
-0.0170413  0.0111019  0.0286494 -0.0125018
  0.400133  0.0218957 -0.0125018   0.446112
IMAGINARY
           0   -0.0112397   0.00440362 -0.000150096
   0.0112397            0    0.0207344    0.0160045
 -0.00440362   -0.0207344            0  -0.00534193
 0.000150096   -0.0160045   0.00534193            0
Repeater1[0]<--->EndNode1[0]
REAL
   0.427123  0.00645491 -0.00129015    0.394663
 0.00645491   0.0659062  0.00290415 -0.00319129
-0.00129015  0.00290415   0.0506971  0.00186775
   0.394663 -0.00319129  0.00186775    0.456274
IMAGINARY
          0  0.00507677  -0.0173142   0.0282949
-0.00507677           0 -0.00996367   0.0117792
  0.0173142  0.00996367           0 -0.00200174
 -0.0282949  -0.0117792  0.00200174           0
Repeater1[0]<--->HoM1[0]
REAL
  0.482947 -0.0170413  0.0118083   0.400133
-0.0170413  0.0286494  0.0111019 -0.0125018
 0.0118083  0.0111019   0.042292  0.0218957
  0.400133 -0.0125018  0.0218957   0.446112
IMAGINARY
           0   0.00440362   -0.0112397 -0.000150096
 -0.00440362            0   -0.0207344  -0.00534193
   0.0112397    0.0207344            0    0.0160045
 0.000150096   0.00534193   -0.0160045            0
EndNode1[0]<--->Repeater1[0]
REAL
   0.475533 -0.00187586  -0.0020725    0.411804
-0.00187586   0.0439147 -0.00331565  -0.0125164
 -0.0020725 -0.00331565   0.0526976  -0.0113867
   0.411804  -0.0125164  -0.0113867    0.427854
IMAGINARY
          0  0.00362362   0.0192593 -0.00335302
-0.00362362           0  -0.0240784 -0.00732297
 -0.0192593   0.0240784           0  -0.0235175
 0.00335302  0.00732297   0.0235175           0
EndNode2[0]<--->HoM1[0]
REAL
   0.479644 -0.00229014   0.0072327    0.417074
-0.00229014   0.0356234  0.00590279  -0.0072327
  0.0072327  0.00590279   0.0419847  0.00620659
   0.417074  -0.0072327  0.00620659    0.442748
IMAGINARY
          0  -0.0193444  0.00259779 -0.00990359
  0.0193444           0 -0.00202958   0.0182636
-0.00259779  0.00202958           0  -0.0122841
 0.00990359  -0.0182636   0.0122841           0
Repeater1[0]<--->EndNode1[0]
REAL
   0.475533  -0.0020725 -0.00187586    0.411804
 -0.0020725   0.0526976 -0.00331565  -0.0113867
-0.00187586 -0.00331565   0.0439147  -0.0125164
   0.411804  -0.0113867  -0.0125164    0.427854
IMAGINARY
          0   0.0192593  0.00362362 -0.00335302
 -0.0192593           0   0.0240784  -0.0235175
-0.00362362  -0.0240784           0 -0.00732297
 0.00335302   0.0235175  0.00732297           0
Repeater1[0]<--->HoM1[0]
REAL
   0.479644   0.0072327 -0.00229014    0.417074
  0.0072327   0.0419847  0.00590279  0.00620659
-0.00229014  0.00590279   0.0356234  -0.0072327
   0.417074  0.00620659  -0.0072327    0.442748
IMAGINARY
          0  0.00259779  -0.0193444 -0.00990359
-0.00259779           0  0.00202958  -0.0122841
  0.0193444 -0.00202958           0   0.0182636
 0.00990359   0.0122841  -0.0182636           0
EndNode1[0]<--->Repeater1[0]
REAL
   0.47141 0.00747632 0.00318674   0.398811
0.00747632  0.0419314 0.00171297  0.0125201
0.00318674 0.00171297  0.0457433 0.00299489
  0.398811  0.0125201 0.00299489   0.440915
IMAGINARY
          0   0.0295392  -0.0076807  -0.0125474
 -0.0295392           0  0.00823178  -0.0266201
  0.0076807 -0.00823178           0  0.00476158
  0.0125474   0.0266201 -0.00476158           0
EndNode2[0]<--->HoM1[0]
REAL
   0.483696 -0.00375977  0.00126622    0.407963
-0.00375977   0.0434783 -0.00124122  -0.0115543
 0.00126622 -0.00124122   0.0557065  0.00718913
   0.407963  -0.0115543  0.00718913     0.41712
IMAGINARY
           0  -0.00505166   0.00493724  -0.00161448
  0.00505166            0   -0.0175908   0.00874435
 -0.00493724    0.0175908            0  7.65404e-05
  0.00161448  -0.00874435 -7.65404e-05            0
Repeater1[0]<--->EndNode1[0]
REAL
   0.47141 0.00318674 0.00747632   0.398811
0.00318674  0.0457433 0.00171297 0.00299489
0.00747632 0.00171297  0.0419314  0.0125201
  0.398811 0.00299489  0.0125201   0.440915
IMAGINARY
          0  -0.0076807   0.0295392  -0.0125474
  0.0076807           0 -0.00823178  0.00476158
 -0.0295392  0.00823178           0  -0.0266201
  0.0125474 -0.00476158   0.0266201           0
Repeater1[0]<--->HoM1[0]
REAL
   0.483696  0.00126622 -0.00375977    0.407963
 0.00126622   0.0557065 -0.00124122  0.00718913
-0.00375977 -0.00124122   0.0434783  -0.0115543
   0.407963  0.00718913  -0.0115543     0.41712
IMAGINARY
           0   0.00493724  -0.00505166  -0.00161448
 -0.00493724            0    0.0175908  7.65404e-05
  0.00505166   -0.0175908            0   0.00874435
  0.00161448 -7.65404e-05  -0.00874435            0
EndNode1[0]<--->Repeater1[0]
REAL
   0.505882  0.00556594 -0.00842071    0.402442
 0.00556594   0.0601307  0.00676726   0.0259304
-0.00842071  0.00676726   0.0366013 -0.00362041
   0.402442   0.0259304 -0.00362041    0.397386
IMAGINARY
           0    0.0181231  -0.00453183  0.000557405
  -0.0181231            0   -0.0031281   0.00580409
  0.00453183    0.0031281            0   -0.0041282
-0.000557405  -0.00580409    0.0041282            0
EndNode2[0]<--->HoM1[0]
REAL
    0.499332 -0.000127541    0.0126078     0.428342
-0.000127541    0.0360481    0.0138687   0.00749271
   0.0126078    0.0138687    0.0373832    0.0252532
    0.428342   0.00749271    0.0252532     0.427236
IMAGINARY
          0 -0.00101806 -0.00954248    0.017879
 0.00101806           0  -0.0121611  -0.0101944
 0.00954248   0.0121611           0  0.00628121
  -0.017879   0.0101944 -0.00628121           0
Repeater1[0]<--->EndNode1[0]
REAL
   0.505882 -0.00842071  0.00556594    0.402442
-0.00842071   0.0366013  0.00676726 -0.00362041
 0.00556594  0.00676726   0.0601307   0.0259304
   0.402442 -0.00362041   0.0259304    0.397386
IMAGINARY
           0  -0.00453183    0.0181231  0.000557405
  0.00453183            0    0.0031281   -0.0041282
  -0.0181231   -0.0031281            0   0.00580409
-0.000557405    0.0041282  -0.00580409            0
Repeater1[0]<--->HoM1[0]
REAL
    0.499332    0.0126078 -0.000127541     0.428342
   0.0126078    0.0373832    0.0138687    0.0252532
-0.000127541    0.0138687    0.0360481   0.00749271
    0.428342    0.0252532   0.00749271     0.427236
IMAGINARY
          0 -0.00954248 -0.00101806    0.017879
 0.00954248           0   0.0121611  0.00628121
 0.00101806  -0.0121611           0  -0.0101944
  -0.017879 -0.00628121   0.0101944           0
EndNode1[0]<--->Repeater1[0]
REAL
   0.441919  0.00858157   0.0191178    0.412893
 0.00858157   0.0542929 -0.00478535  -0.0164151
  0.0191178 -0.00478535   0.0555556  0.00493194
   0.412893  -0.0164151  0.00493194    0.448232
IMAGINARY
          0   0.0164791  -0.0102112 -0.00699179
 -0.0164791           0   0.0202326 -0.00125979
  0.0102112  -0.0202326           0  0.00443856
 0.00699179  0.00125979 -0.00443856           0
EndNode2[0]<--->HoM1[0]
REAL
    0.45509  -0.0106461   0.0033062     0.40609
 -0.0106461   0.0479042   0.0080511  -0.0146698
  0.0033062   0.0080511   0.0443114 -0.00576805
    0.40609  -0.0146698 -0.00576805    0.452695
IMAGINARY
          0  0.00618655  -0.0371514  0.00564538
-0.00618655           0  -0.0273291   0.0116612
  0.0371514   0.0273291           0  0.00884613
-0.00564538  -0.0116612 -0.00884613           0
Repeater1[0]<--->EndNode1[0]
REAL
   0.441919   0.0191178  0.00858157    0.412893
  0.0191178   0.0555556 -0.00478535  0.00493194
 0.00858157 -0.00478535   0.0542929  -0.0164151
   0.412893  0.00493194  -0.0164151    0.448232
IMAGINARY
          0  -0.0102112   0.0164791 -0.00699179
  0.0102112           0  -0.0202326  0.00443856
 -0.0164791   0.0202326           0 -0.00125979
 0.00699179 -0.00443856  0.00125979           0
Repeater1[0]<--->HoM1[0]
REAL
    0.45509   0.0033062  -0.0106461     0.40609
  0.0033062   0.0443114   0.0080511 -0.00576805
 -0.0106461   0.0080511   0.0479042  -0.0146698
    0.40609 -0.00576805  -0.0146698    0.452695
IMAGINARY
          0  -0.0371514  0.00618655  0.00564538
  0.0371514           0   0.0273291  0.00884613
-0.00618655  -0.0273291           0   0.0116612
-0.00564538 -0.00884613  -0.0116612           0
EndNode1[0]<--->Repeater1[0]
REAL
   0.413534  0.00921601  0.00341931    0.405237
 0.00921601    0.047619  0.00340476  0.00275353
 0.00341931  0.00340476   0.0576441 -0.00798144
   0.405237  0.00275353 -0.00798144    0.481203
IMAGINARY
           0  -0.00117452   0.00296016  -0.00545619
  0.00117452            0   0.00361117 -0.000342354
 -0.00296016  -0.00361117            0   -0.0158412
  0.00545619  0.000342354    0.0158412            0
EndNode2[0]<--->HoM1[0]
REAL
   0.466334  0.00316433  -0.0188104    0.422323
 0.00316433   0.0473815 0.000754148  0.00820036
 -0.0188104 0.000754148   0.0386534   -0.027037
   0.422323  0.00820036   -0.027037    0.447631
IMAGINARY
           0 -0.000335397   -0.0104789   0.00759684
 0.000335397            0   0.00121928   0.00590377
   0.0104789  -0.00121928            0   0.00229618
 -0.00759684  -0.00590377  -0.00229618            0
Repeater1[0]<--->EndNode1[0]
REAL
   0.413534  0.00341931  0.00921601    0.405237
 0.00341931   0.0576441  0.00340476 -0.00798144
 0.00921601  0.00340476    0.047619  0.00275353
   0.405237 -0.00798144  0.00275353    0.481203
IMAGINARY
           0   0.00296016  -0.00117452  -0.00545619
 -0.00296016            0  -0.00361117   -0.0158412
  0.00117452   0.00361117            0 -0.000342354
  0.00545619    0.0158412  0.000342354            0
Repeater1[0]<--->HoM1[0]
REAL
   0.466334  -0.0188104  0.00316433    0.422323
 -0.0188104   0.0386534 0.000754148   -0.027037
 0.00316433 0.000754148   0.0473815  0.00820036
   0.422323   -0.027037  0.00820036    0.447631
IMAGINARY
           0   -0.0104789 -0.000335397   0.00759684
   0.0104789            0  -0.00121928   0.00229618
 0.000335397   0.00121928            0   0.00590377
 -0.00759684  -0.00229618  -0.00590377            0
EndNode1[0]<--->Repeater1[0]
REAL
   0.445679  -0.0126995 -0.00536633    0.409936
 -0.0126995   0.0604938  0.00650565 -0.00406763
-0.00536633  0.00650565   0.0530864 -0.00482071
   0.409936 -0.00406763 -0.00482071    0.440741
IMAGINARY
          0   0.0199502 -0.00798968 -0.00057173
 -0.0199502           0  -0.0177657  -0.0231412
 0.00798968   0.0177657           0   0.0238872
 0.00057173   0.0231412  -0.0238872           0
EndNode2[0]<--->HoM1[0]
REAL
   0.489089 0.000159037  -0.0119409     0.41502
0.000159037   0.0526316  0.00258322 -0.00116774
 -0.0119409  0.00258322   0.0462131  -0.0157645
    0.41502 -0.00116774  -0.0157645    0.412067
IMAGINARY
          0 -0.00220894 -0.00346633   0.0212666
 0.00220894           0   0.0129439 -0.00541692
 0.00346633  -0.0129439           0  0.00982315
 -0.0212666  0.00541692 -0.00982315           0
Repeater1[0]<--->EndNode1[0]
REAL
   0.445679 -0.00536633  -0.0126995    0.409936
-0.00536633   0.0530864  0.00650565 -0.00482071
 -0.0126995  0.00650565   0.0604938 -0.00406763
   0.409936 -0.00482071 -0.00406763    0.440741
IMAGINARY
          0 -0.00798968   0.0199502 -0.00057173
 0.00798968           0   0.0177657   0.0238872
 -0.0199502  -0.0177657           0  -0.0231412
 0.00057173  -0.0238872   0.0231412           0
Repeater1[0]<--->HoM1[0]
REAL
   0.489089  -0.0119409 0.000159037     0.41502
 -0.0119409   0.0462131  0.00258322  -0.0157645
0.000159037  0.00258322   0.0526316 -0.00116774
    0.41502  -0.0157645 -0.00116774    0.412067
IMAGINARY
          0 -0.00346633 -0.00220894   0.0212666
 0.00346633           0  -0.0129439  0.00982315
 0.00220894   0.0129439           0 -0.00541692
 -0.0212666 -0.00982315  0.00541692           0
EndNode1[0]<--->Repeater1[0]
REAL
   0.441176 -0.00155553 -0.00121951    0.386641
-0.00155553   0.0601604   0.0170174  -0.0158537
-0.00121951   0.0170174   0.0508021 0.000336019
   0.386641  -0.0158537 0.000336019    0.447861
IMAGINARY
          0   0.0227335  -0.0111918 -0.00502593
 -0.0227335           0   0.0125293  0.00984776
  0.0111918  -0.0125293           0 -0.00929264
 0.00502593 -0.00984776  0.00929264           0
EndNode2[0]<--->HoM1[0]
REAL
   0.473965   0.0169684   0.0219385    0.409262
  0.0169684    0.034713  0.00730105 -0.00139059
  0.0219385  0.00730105   0.0413885  0.00233423
   0.409262 -0.00139059  0.00233423    0.449933
IMAGINARY
          0  -0.0123554   0.0101716 -0.00268395
  0.0123554           0 -0.00852053 -0.00821078
 -0.0101716  0.00852053           0   0.0117018
 0.00268395  0.00821078  -0.0117018           0
Repeater1[0]<--->EndNode1[0]
REAL
   0.441176 -0.00121951 -0.00155553    0.386641
-0.00121951   0.0508021   0.0170174 0.000336019
-0.00155553   0.0170174   0.0601604  -0.0158537
   0.386641 0.000336019  -0.0158537    0.447861
IMAGINARY
          0  -0.0111918   0.0227335 -0.00502593
  0.0111918           0  -0.0125293 -0.00929264
 -0.0227335   0.0125293           0  0.00984776
 0.00502593  0.00929264 -0.00984776           0
Repeater1[0]<--->HoM1[0]
REAL
   0.473965   0.0219385   0.0169684    0.409262
  0.0219385   0.0413885  0.00730105  0.00233423
  0.0169684  0.00730105    0.034713 -0.00139059
   0.409262  0.00233423 -0.00139059    0.449933
IMAGINARY
          0   0.0101716  -0.0123554 -0.00268395
 -0.0101716           0  0.00852053   0.0117018
  0.0123554 -0.00852053           0 -0.00821078
 0.00268395  -0.0117018  0.00821078           0
EndNode1[0]<--->Repeater1[0]
REAL
   0.473826   -0.017638  -0.0191375    0.394577
  -0.017638   0.0563758  0.00117594 -0.00467206
 -0.0191375  0.00117594   0.0456376  0.00283752
   0.394577 -0.00467206  0.00283752    0.424161
IMAGINARY
           0   -0.0204967  0.000634518   0.00417267
   0.0204967            0  -0.00603141  0.000634518
-0.000634518   0.00603141            0    0.0116134
 -0.00417267 -0.000634518   -0.0116134            0
EndNode2[0]<--->HoM1[0]
REAL
   0.439374   0.0180133   0.0122239    0.413457
  0.0180133   0.0547588 -0.00199871  -0.0161302
  0.0122239 -0.00199871   0.0378096  -0.0297321
   0.413457  -0.0161302  -0.0297321    0.468057
IMAGINARY
          0 -0.00831074   0.0324836   0.0156934
 0.00831074           0  -0.0013736    0.003844
 -0.0324836   0.0013736           0  -0.0200908
 -0.0156934   -0.003844   0.0200908           0
Repeater1[0]<--->EndNode1[0]
REAL
   0.473826  -0.0191375   -0.017638    0.394577
 -0.0191375   0.0456376  0.00117594  0.00283752
  -0.017638  0.00117594   0.0563758 -0.00467206
   0.394577  0.00283752 -0.00467206    0.424161
IMAGINARY
           0  0.000634518   -0.0204967   0.00417267
-0.000634518            0   0.00603141    0.0116134
   0.0204967  -0.00603141            0  0.000634518
 -0.00417267   -0.0116134 -0.000634518            0
Repeater1[0]<--->HoM1[0]
REAL
   0.439374   0.0122239   0.0180133    0.413457
  0.0122239   0.0378096 -0.00199871  -0.0297321
  0.0180133 -0.00199871   0.0547588  -0.0161302
   0.413457  -0.0297321  -0.0161302    0.468057
IMAGINARY
          0   0.0324836 -0.00831074   0.0156934
 -0.0324836           0   0.0013736  -0.0200908
 0.00831074  -0.0013736           0    0.003844
 -0.0156934   0.0200908   -0.003844           0
EndNode1[0]<--->Repeater1[0]
REAL
   0.481283  -0.0187254   0.0095665    0.411017
 -0.0187254   0.0414439  0.00925352 -0.00280974
  0.0095665  0.00925352   0.0534759   0.0187254
   0.411017 -0.00280974   0.0187254    0.423797
IMAGINARY
           0  0.000922475   -0.0147227   0.00127868
-0.000922475            0  -0.00193057   -0.0218012
   0.0147227   0.00193057            0    0.0154503
 -0.00127868    0.0218012   -0.0154503            0
EndNode2[0]<--->HoM1[0]
REAL
  0.463535  0.0315884  0.0202854   0.416725
 0.0315884  0.0543881 0.00425545  0.0328482
 0.0202854 0.00425545  0.0593325   0.010646
  0.416725  0.0328482   0.010646   0.422744
IMAGINARY
          0  0.00676356   0.0127203 -0.00392801
-0.00676356           0   0.0243496  -0.0235116
 -0.0127203  -0.0243496           0    0.010023
 0.00392801   0.0235116   -0.010023           0
Repeater1[0]<--->EndNode1[0]
REAL
   0.481283   0.0095665  -0.0187254    0.411017
  0.0095665   0.0534759  0.00925352   0.0187254
 -0.0187254  0.00925352   0.0414439 -0.00280974
   0.411017   0.0187254 -0.00280974    0.423797
IMAGINARY
           0   -0.0147227  0.000922475   0.00127868
   0.0147227            0   0.00193057    0.0154503
-0.000922475  -0.00193057            0   -0.0218012
 -0.00127868   -0.0154503    0.0218012            0
Repeater1[0]<--->HoM1[0]
REAL
  0.463535  0.0202854  0.0315884   0.416725
 0.0202854  0.0593325 0.00425545   0.010646
 0.0315884 0.00425545  0.0543881  0.0328482
  0.416725   0.010646  0.0328482   0.422744
IMAGINARY
          0   0.0127203  0.00676356 -0.00392801
 -0.0127203           0  -0.0243496    0.010023
-0.00676356   0.0243496           0  -0.0235116
 0.00392801   -0.010023   0.0235116           0
EndNode1[0]<--->Repeater1[0]
REAL
   0.443299 0.000192905 -0.00178411     0.38998
0.000192905   0.0489691 -0.00541258 -0.00888088
-0.00178411 -0.00541258   0.0528351 -0.00834849
    0.38998 -0.00888088 -0.00834849    0.454897
IMAGINARY
         0 -0.0122738  0.0143109 -0.0188121
 0.0122738          0  -0.006057  0.0149544
-0.0143109   0.006057          0 -0.0194822
 0.0188121 -0.0149544  0.0194822          0
EndNode2[0]<--->HoM1[0]
REAL
    0.446727  0.000981081   -0.0102916     0.423718
 0.000981081    0.0577664 -0.000641026   -0.0109286
  -0.0102916 -0.000641026    0.0397946   -0.0195487
    0.423718   -0.0109286   -0.0195487     0.455712
IMAGINARY
          0   0.0139939  0.00192308  0.00235093
 -0.0139939           0  0.00494834  0.00192308
-0.00192308 -0.00494834           0  -0.0114298
-0.00235093 -0.00192308   0.0114298           0
Repeater1[0]<--->EndNode1[0]
REAL
   0.443299 -0.00178411 0.000192905     0.38998
-0.00178411   0.0528351 -0.00541258 -0.00834849
0.000192905 -0.00541258   0.0489691 -0.00888088
    0.38998 -0.00834849 -0.00888088    0.454897
IMAGINARY
         0  0.0143109 -0.0122738 -0.0188121
-0.0143109          0   0.006057 -0.0194822
 0.0122738  -0.006057          0  0.0149544
 0.0188121  0.0194822 -0.0149544          0
Repeater1[0]<--->HoM1[0]
REAL
    0.446727   -0.0102916  0.000981081     0.423718
  -0.0102916    0.0397946 -0.000641026   -0.0195487
 0.000981081 -0.000641026    0.0577664   -0.0109286
    0.423718   -0.0195487   -0.0109286     0.455712
IMAGINARY
          0  0.00192308   0.0139939  0.00235093
-0.00192308           0 -0.00494834  -0.0114298
 -0.0139939  0.00494834           0  0.00192308
-0.00235093   0.0114298 -0.00192308           0
EndNode1[0]<--->Repeater1[0]
REAL
   0.428215  -0.0106798   0.0321564     0.39874
 -0.0106798   0.0636704 -0.00844975 -0.00630517
  0.0321564 -0.00844975   0.0474407   0.0150934
    0.39874 -0.00630517   0.0150934    0.460674
IMAGINARY
           0    0.0134056  -0.00947712   -0.0123058
  -0.0134056            0   0.00910478  -0.00947712
  0.00947712  -0.00910478            0 -0.000987345
   0.0123058   0.00947712  0.000987345            0
EndNode2[0]<--->HoM1[0]
REAL
