EndNode1[0]<--->Repeater1[0]
REAL
  0.401596  0.0100071 -0.0125991   0.334216
 0.0100071   0.103723  0.0709914  0.0159369
-0.0125991  0.0709914    0.12234 0.00534668
  0.334216  0.0159369 0.00534668    0.37234
IMAGINARY
           0    -0.029549    0.0182478   -0.0149352
    0.029549            0  -0.00782005    0.0144978
  -0.0182478   0.00782005            0 -0.000677655
   0.0149352   -0.0144978  0.000677655            0
EndNode2[0]<--->HoM1[0]
REAL
  0.403023  0.0144022  0.0125055    0.32369
 0.0144022    0.11461  0.0483096  0.0234945
 0.0125055  0.0483096  0.0906801 0.00293117
   0.32369  0.0234945 0.00293117   0.391688
IMAGINARY
          0    0.014317  -0.0291042 -0.00742917
  -0.014317           0  -0.0015314  0.00626161
  0.0291042   0.0015314           0  0.00725664
 0.00742917 -0.00626161 -0.00725664           0
Repeater1[0]<--->EndNode1[0]
REAL
  0.401596 -0.0125991  0.0100071   0.334216
-0.0125991    0.12234  0.0709914 0.00534668
 0.0100071  0.0709914   0.103723  0.0159369
  0.334216 0.00534668  0.0159369    0.37234
IMAGINARY
           0    0.0182478    -0.029549   -0.0149352
  -0.0182478            0   0.00782005 -0.000677655
    0.029549  -0.00782005            0    0.0144978
   0.0149352  0.000677655   -0.0144978            0
Repeater1[0]<--->HoM1[0]
REAL
  0.403023  0.0125055  0.0144022    0.32369
 0.0125055  0.0906801  0.0483096 0.00293117
 0.0144022  0.0483096    0.11461  0.0234945
   0.32369 0.00293117  0.0234945   0.391688
IMAGINARY
          0  -0.0291042    0.014317 -0.00742917
  0.0291042           0   0.0015314  0.00725664
  -0.014317  -0.0015314           0  0.00626161
 0.00742917 -0.00725664 -0.00626161           0
EndNode1[0]<--->Repeater1[0]
REAL
  0.401596  0.0100071 -0.0125991   0.334216
 0.0100071   0.103723  0.0709914  0.0159369
-0.0125991  0.0709914    0.12234 0.00534668
  0.334216  0.0159369 0.00534668    0.37234
IMAGINARY
           0    -0.029549    0.0182478   -0.0149352
    0.029549            0  -0.00782005    0.0144978
  -0.0182478   0.00782005            0 -0.000677655
   0.0149352   -0.0144978  0.000677655            0
EndNode2[0]<--->HoM1[0]
REAL
  0.403023  0.0144022  0.0125055    0.32369
 0.0144022    0.11461  0.0483096  0.0234945
 0.0125055  0.0483096  0.0906801 0.00293117
   0.32369  0.0234945 0.00293117   0.391688
IMAGINARY
          0    0.014317  -0.0291042 -0.00742917
  -0.014317           0  -0.0015314  0.00626161
  0.0291042   0.0015314           0  0.00725664
 0.00742917 -0.00626161 -0.00725664           0
Repeater1[0]<--->EndNode1[0]
REAL
  0.401596 -0.0125991  0.0100071   0.334216
-0.0125991    0.12234  0.0709914 0.00534668
 0.0100071  0.0709914   0.103723  0.0159369
  0.334216 0.00534668  0.0159369    0.37234
IMAGINARY
           0    0.0182478    -0.029549   -0.0149352
  -0.0182478            0   0.00782005 -0.000677655
    0.029549  -0.00782005            0    0.0144978
   0.0149352  0.000677655   -0.0144978            0
Repeater1[0]<--->HoM1[0]
REAL
  0.403023  0.0125055  0.0144022    0.32369
 0.0125055  0.0906801  0.0483096 0.00293117
 0.0144022  0.0483096    0.11461  0.0234945
   0.32369 0.00293117  0.0234945   0.391688
IMAGINARY
          0  -0.0291042    0.014317 -0.00742917
  0.0291042           0   0.0015314  0.00725664
  -0.014317  -0.0015314           0  0.00626161
 0.00742917 -0.00725664 -0.00626161           0
EndNode1[0]<--->Repeater1[0]
REAL
  0.381378  0.0113086   0.017926   0.336129
 0.0113086   0.122449  0.0639939  -0.033339
  0.017926  0.0639939    0.11352 -0.0131582
  0.336129  -0.033339 -0.0131582   0.382653
IMAGINARY
          0 -0.00455058 -0.00033192 -0.00276323
 0.00455058           0   0.0128034    0.001634
 0.00033192  -0.0128034           0 -0.00326192
 0.00276323   -0.001634  0.00326192           0
EndNode2[0]<--->HoM1[0]
REAL
 0.384807 0.0258013 0.0282419  0.334013
0.0258013  0.113325 0.0665101 0.0201874
0.0282419 0.0665101  0.113325 0.0173925
 0.334013 0.0201874 0.0173925  0.388543
IMAGINARY
           0   -0.0125997    0.0058885  -0.00248554
   0.0125997            0   -0.0125865    -0.011833
  -0.0058885    0.0125865            0  5.01313e-05
  0.00248554     0.011833 -5.01313e-05            0
Repeater1[0]<--->EndNode1[0]
REAL
  0.381378   0.017926  0.0113086   0.336129
  0.017926    0.11352  0.0639939 -0.0131582
 0.0113086  0.0639939   0.122449  -0.033339
  0.336129 -0.0131582  -0.033339   0.382653
IMAGINARY
          0 -0.00033192 -0.00455058 -0.00276323
 0.00033192           0  -0.0128034 -0.00326192
 0.00455058   0.0128034           0    0.001634
 0.00276323  0.00326192   -0.001634           0
Repeater1[0]<--->HoM1[0]
REAL
 0.384807 0.0282419 0.0258013  0.334013
0.0282419  0.113325 0.0665101 0.0173925
0.0258013 0.0665101  0.113325 0.0201874
 0.334013 0.0173925 0.0201874  0.388543
IMAGINARY
           0    0.0058885   -0.0125997  -0.00248554
  -0.0058885            0    0.0125865  5.01313e-05
   0.0125997   -0.0125865            0    -0.011833
  0.00248554 -5.01313e-05     0.011833            0
EndNode1[0]<--->Repeater1[0]
REAL
   0.372523 -0.00556513 -0.00832728    0.319632
-0.00556513   0.0845443    0.057787   -0.012963
-0.00832728    0.057787    0.116248  -0.0170155
   0.319632   -0.012963  -0.0170155    0.426684
IMAGINARY
          0  0.00882385 -0.00781111  0.00740596
-0.00882385           0 -0.00356965  0.00905799
 0.00781111  0.00356965           0  0.00115121
-0.00740596 -0.00905799 -0.00115121           0
EndNode2[0]<--->HoM1[0]
REAL
   0.393711 -0.00802723 -0.00769721    0.313987
-0.00802723     0.12327   0.0833171  -0.0096327
-0.00769721   0.0833171    0.127044  -0.0016005
   0.313987  -0.0096327  -0.0016005    0.355975
IMAGINARY
          0   0.0220923 -0.00956647 -0.00290255
 -0.0220923           0  -0.0273241   0.0108551
 0.00956647   0.0273241           0 -0.00662835
 0.00290255  -0.0108551  0.00662835           0
Repeater1[0]<--->EndNode1[0]
REAL
   0.372523 -0.00832728 -0.00556513    0.319632
-0.00832728    0.116248    0.057787  -0.0170155
-0.00556513    0.057787   0.0845443   -0.012963
   0.319632  -0.0170155   -0.012963    0.426684
IMAGINARY
          0 -0.00781111  0.00882385  0.00740596
 0.00781111           0  0.00356965  0.00115121
-0.00882385 -0.00356965           0  0.00905799
-0.00740596 -0.00115121 -0.00905799           0
Repeater1[0]<--->HoM1[0]
REAL
   0.393711 -0.00769721 -0.00802723    0.313987
-0.00769721    0.127044   0.0833171  -0.0016005
-0.00802723   0.0833171     0.12327  -0.0096327
   0.313987  -0.0016005  -0.0096327    0.355975
IMAGINARY
          0 -0.00956647   0.0220923 -0.00290255
 0.00956647           0   0.0273241 -0.00662835
 -0.0220923  -0.0273241           0   0.0108551
 0.00290255  0.00662835  -0.0108551           0
EndNode1[0]<--->Repeater1[0]
REAL
  0.403622 0.00752891 -0.0122193   0.341616
0.00752891  0.0905563  0.0830863 -0.0122193
-0.0122193  0.0830863   0.121604 -0.0200784
  0.341616 -0.0122193 -0.0200784   0.384217
IMAGINARY
          0  -0.0186077   0.0157688  0.00121644
  0.0186077           0  -0.0186809  0.00785324
 -0.0157688   0.0186809           0  -0.0102637
-0.00121644 -0.00785324   0.0102637           0
EndNode2[0]<--->HoM1[0]
REAL
   0.395319 -0.00154484 -0.00966361    0.337612
-0.00154484    0.118336   0.0609756  -0.0166522
-0.00966361   0.0609756    0.128739  -0.0260546
   0.337612  -0.0166522  -0.0260546    0.357607
IMAGINARY
          0  0.00809665  0.00582798  0.00865071
-0.00809665           0    0.015282   -0.014172
-0.00582798   -0.015282           0 -0.00232001
-0.00865071    0.014172  0.00232001           0
Repeater1[0]<--->EndNode1[0]
REAL
  0.403622 -0.0122193 0.00752891   0.341616
-0.0122193   0.121604  0.0830863 -0.0200784
0.00752891  0.0830863  0.0905563 -0.0122193
  0.341616 -0.0200784 -0.0122193   0.384217
IMAGINARY
          0   0.0157688  -0.0186077  0.00121644
 -0.0157688           0   0.0186809  -0.0102637
  0.0186077  -0.0186809           0  0.00785324
-0.00121644   0.0102637 -0.00785324           0
Repeater1[0]<--->HoM1[0]
REAL
   0.395319 -0.00966361 -0.00154484    0.337612
-0.00966361    0.128739   0.0609756  -0.0260546
-0.00154484   0.0609756    0.118336  -0.0166522
   0.337612  -0.0260546  -0.0166522    0.357607
IMAGINARY
          0  0.00582798  0.00809665  0.00865071
-0.00582798           0   -0.015282 -0.00232001
-0.00809665    0.015282           0   -0.014172
-0.00865071  0.00232001    0.014172           0
EndNode1[0]<--->Repeater1[0]
REAL
  0.424845 0.00350564 -0.0108188    0.32471
0.00350564   0.104348  0.0616532  0.0234451
-0.0108188  0.0616532    0.10559 0.00154486
   0.32471  0.0234451 0.00154486   0.365217
IMAGINARY
           0   -0.0146582   0.00602186  -0.00704698
   0.0146582            0  -0.00704698  -0.00920657
 -0.00602186   0.00704698            0  8.49257e-06
  0.00704698   0.00920657 -8.49257e-06            0
EndNode2[0]<--->HoM1[0]
REAL
  0.385542 -0.0103896 0.00962701   0.328926
-0.0103896   0.119143  0.0667149 -0.0116085
0.00962701  0.0667149   0.124498  0.0150131
  0.328926 -0.0116085  0.0150131   0.370817
IMAGINARY
          0 -0.00286044   0.0289538  -0.0274979
 0.00286044           0  0.00591955  -0.0212417
 -0.0289538 -0.00591955           0 -0.00613698
  0.0274979   0.0212417  0.00613698           0
Repeater1[0]<--->EndNode1[0]
REAL
  0.424845 -0.0108188 0.00350564    0.32471
-0.0108188    0.10559  0.0616532 0.00154486
0.00350564  0.0616532   0.104348  0.0234451
   0.32471 0.00154486  0.0234451   0.365217
IMAGINARY
           0   0.00602186   -0.0146582  -0.00704698
 -0.00602186            0   0.00704698  8.49257e-06
   0.0146582  -0.00704698            0  -0.00920657
  0.00704698 -8.49257e-06   0.00920657            0
Repeater1[0]<--->HoM1[0]
REAL
  0.385542 0.00962701 -0.0103896   0.328926
0.00962701   0.124498  0.0667149  0.0150131
-0.0103896  0.0667149   0.119143 -0.0116085
  0.328926  0.0150131 -0.0116085   0.370817
IMAGINARY
          0   0.0289538 -0.00286044  -0.0274979
 -0.0289538           0 -0.00591955 -0.00613698
 0.00286044  0.00591955           0  -0.0212417
  0.0274979  0.00613698   0.0212417           0
EndNode1[0]<--->Repeater1[0]
REAL
   0.399729   0.0085488 -0.00765901    0.332777
  0.0085488    0.116531    0.062285 -0.00962494
-0.00765901    0.062285    0.102981  -0.0147216
   0.332777 -0.00962494  -0.0147216    0.380759
IMAGINARY
          0 -0.00260209  0.00629027  -0.0115727
 0.00260209           0  -0.0159863  -0.0185854
-0.00629027   0.0159863           0 -0.00696075
  0.0115727   0.0185854  0.00696075           0
EndNode2[0]<--->HoM1[0]
REAL
   0.38481 0.00087668 0.00337047   0.326444
0.00087668   0.121519  0.0614309  0.0155344
0.00337047  0.0614309   0.120253   0.012813
  0.326444  0.0155344   0.012813   0.373418
IMAGINARY
          0 -0.00908791  -0.0113574   0.0188339
 0.00908791           0  -0.0107258  -0.0251961
  0.0113574   0.0107258           0 -0.00135595
 -0.0188339   0.0251961  0.00135595           0
Repeater1[0]<--->EndNode1[0]
REAL
   0.399729 -0.00765901   0.0085488    0.332777
-0.00765901    0.102981    0.062285  -0.0147216
  0.0085488    0.062285    0.116531 -0.00962494
   0.332777  -0.0147216 -0.00962494    0.380759
IMAGINARY
          0  0.00629027 -0.00260209  -0.0115727
-0.00629027           0   0.0159863 -0.00696075
 0.00260209  -0.0159863           0  -0.0185854
  0.0115727  0.00696075   0.0185854           0
Repeater1[0]<--->HoM1[0]
REAL
   0.38481 0.00337047 0.00087668   0.326444
0.00337047   0.120253  0.0614309   0.012813
0.00087668  0.0614309   0.121519  0.0155344
  0.326444   0.012813  0.0155344   0.373418
IMAGINARY
          0  -0.0113574 -0.00908791   0.0188339
  0.0113574           0   0.0107258 -0.00135595
 0.00908791  -0.0107258           0  -0.0251961
 -0.0188339  0.00135595   0.0251961           0
EndNode1[0]<--->Repeater1[0]
REAL
  0.397208 -0.0159352  0.0276625    0.31852
-0.0159352  0.0989848  0.0738934 -0.0200762
 0.0276625  0.0738934   0.123096  0.0235214
   0.31852 -0.0200762  0.0235214   0.380711
IMAGINARY
          0  -0.0136372   0.0104741   0.0272524
  0.0136372           0  0.00171481 -0.00352084
 -0.0104741 -0.00171481           0   0.0218547
 -0.0272524  0.00352084  -0.0218547           0
EndNode2[0]<--->HoM1[0]
REAL
  0.371324 0.00703247  0.0149249    0.32678
0.00703247   0.101716  0.0724641 -0.0224816
 0.0149249  0.0724641   0.131127 -0.0145891
   0.32678 -0.0224816 -0.0145891   0.395833
IMAGINARY
           0   0.00564409   0.00830635   -0.0184138
 -0.00564409            0  0.000869943    0.0189181
 -0.00830635 -0.000869943            0   0.00564409
   0.0184138   -0.0189181  -0.00564409            0
Repeater1[0]<--->EndNode1[0]
REAL
  0.397208  0.0276625 -0.0159352    0.31852
 0.0276625   0.123096  0.0738934  0.0235214
-0.0159352  0.0738934  0.0989848 -0.0200762
   0.31852  0.0235214 -0.0200762   0.380711
IMAGINARY
          0   0.0104741  -0.0136372   0.0272524
 -0.0104741           0 -0.00171481   0.0218547
  0.0136372  0.00171481           0 -0.00352084
 -0.0272524  -0.0218547  0.00352084           0
Repeater1[0]<--->HoM1[0]
REAL
  0.371324  0.0149249 0.00703247    0.32678
 0.0149249   0.131127  0.0724641 -0.0145891
0.00703247  0.0724641   0.101716 -0.0224816
   0.32678 -0.0145891 -0.0224816   0.395833
IMAGINARY
           0   0.00830635   0.00564409   -0.0184138
 -0.00830635            0 -0.000869943   0.00564409
 -0.00564409  0.000869943            0    0.0189181
   0.0184138  -0.00564409   -0.0189181            0
EndNode1[0]<--->Repeater1[0]
REAL
   0.393711  0.00888277 -0.00205686     0.33497
 0.00888277   0.0943396   0.0599054   0.0289951
-0.00205686   0.0599054    0.130818   0.0127992
    0.33497   0.0289951   0.0127992    0.381132
IMAGINARY
          0    0.033059  -0.0306531  0.00746065
  -0.033059           0 -0.00247312 -0.00533663
  0.0306531  0.00247312           0  0.00164538
-0.00746065  0.00533663 -0.00164538           0
EndNode2[0]<--->HoM1[0]
REAL
    0.38295  -0.0199299  -0.0261661    0.336897
 -0.0199299    0.124493    0.080858 -0.00647102
 -0.0261661    0.080858    0.116373  -0.0218456
   0.336897 -0.00647102  -0.0218456    0.376184
IMAGINARY
          0 -0.00245876  -0.0131579   0.0138899
 0.00245876           0  -0.0106134   0.0131579
  0.0131579   0.0106134           0  0.00970513
 -0.0138899  -0.0131579 -0.00970513           0
Repeater1[0]<--->EndNode1[0]
REAL
   0.393711 -0.00205686  0.00888277     0.33497
-0.00205686    0.130818   0.0599054   0.0127992
 0.00888277   0.0599054   0.0943396   0.0289951
    0.33497   0.0127992   0.0289951    0.381132
IMAGINARY
          0  -0.0306531    0.033059  0.00746065
  0.0306531           0  0.00247312  0.00164538
  -0.033059 -0.00247312           0 -0.00533663
-0.00746065 -0.00164538  0.00533663           0
Repeater1[0]<--->HoM1[0]
REAL
    0.38295  -0.0261661  -0.0199299    0.336897
 -0.0261661    0.116373    0.080858  -0.0218456
 -0.0199299    0.080858    0.124493 -0.00647102
   0.336897  -0.0218456 -0.00647102    0.376184
IMAGINARY
          0  -0.0131579 -0.00245876   0.0138899
  0.0131579           0   0.0106134  0.00970513
 0.00245876  -0.0106134           0   0.0131579
 -0.0138899 -0.00970513  -0.0131579           0
EndNode1[0]<--->Repeater1[0]
REAL
    0.40448  0.00632726 -0.00323671    0.311751
 0.00632726    0.113307   0.0726203  -0.0189996
-0.00323671   0.0726203    0.125165 -0.00950388
   0.311751  -0.0189996 -0.00950388    0.357049
IMAGINARY
          0  0.00806828  0.00910995 -0.00869026
-0.00806828           0  0.00435321  0.00340652
-0.00910995 -0.00435321           0 -0.00740952
 0.00869026 -0.00340652  0.00740952           0
EndNode2[0]<--->HoM1[0]
REAL
   0.406977  0.00781881 -0.00232382    0.331811
 0.00781881    0.100775   0.0658266   0.0115102
-0.00232382   0.0658266    0.104651  0.00661689
   0.331811   0.0115102  0.00661689    0.387597
IMAGINARY
          0  0.00662881 -0.00473583   0.0161288
-0.00662881           0  -0.0115417  0.00857215
 0.00473583   0.0115417           0  -0.0117439
 -0.0161288 -0.00857215   0.0117439           0
Repeater1[0]<--->EndNode1[0]
REAL
    0.40448 -0.00323671  0.00632726    0.311751
-0.00323671    0.125165   0.0726203 -0.00950388
 0.00632726   0.0726203    0.113307  -0.0189996
   0.311751 -0.00950388  -0.0189996    0.357049
IMAGINARY
          0  0.00910995  0.00806828 -0.00869026
-0.00910995           0 -0.00435321 -0.00740952
-0.00806828  0.00435321           0  0.00340652
 0.00869026  0.00740952 -0.00340652           0
Repeater1[0]<--->HoM1[0]
REAL
   0.406977 -0.00232382  0.00781881    0.331811
-0.00232382    0.104651   0.0658266  0.00661689
 0.00781881   0.0658266    0.100775   0.0115102
   0.331811  0.00661689   0.0115102    0.387597
IMAGINARY
          0 -0.00473583  0.00662881   0.0161288
 0.00473583           0   0.0115417  -0.0117439
-0.00662881  -0.0115417           0  0.00857215
 -0.0161288   0.0117439 -0.00857215           0
EndNode1[0]<--->Repeater1[0]
REAL
    0.374168 -0.000981782   -0.0191497     0.325844
-0.000981782     0.114514    0.0662879  -0.00115485
  -0.0191497    0.0662879     0.111851   -0.0104395
    0.325844  -0.00115485   -0.0104395     0.399467
IMAGINARY
          0 -0.00338119  0.00443416 -0.00990012
 0.00338119           0  0.00314336   -0.012449
-0.00443416 -0.00314336           0   0.0175612
 0.00990012    0.012449  -0.0175612           0
EndNode2[0]<--->HoM1[0]
REAL
   0.36536  0.0235807 0.00671079   0.337218
 0.0235807   0.118837  0.0535388 0.00349329
0.00671079  0.0535388   0.111252 -0.0145771
  0.337218 0.00349329 -0.0145771   0.404551
IMAGINARY
          0  0.00140737 -0.00618029   0.0058981
-0.00140737           0 -0.00929023  0.00229428
 0.00618029  0.00929023           0 -0.00399804
 -0.0058981 -0.00229428  0.00399804           0
Repeater1[0]<--->EndNode1[0]
REAL
    0.374168   -0.0191497 -0.000981782     0.325844
  -0.0191497     0.111851    0.0662879   -0.0104395
-0.000981782    0.0662879     0.114514  -0.00115485
    0.325844   -0.0104395  -0.00115485     0.399467
IMAGINARY
          0  0.00443416 -0.00338119 -0.00990012
-0.00443416           0 -0.00314336   0.0175612
 0.00338119  0.00314336           0   -0.012449
 0.00990012  -0.0175612    0.012449           0
Repeater1[0]<--->HoM1[0]
REAL
   0.36536 0.00671079  0.0235807   0.337218
0.00671079   0.111252  0.0535388 -0.0145771
 0.0235807  0.0535388   0.118837 0.00349329
  0.337218 -0.0145771 0.00349329   0.404551
IMAGINARY
          0 -0.00618029  0.00140737   0.0058981
 0.00618029           0  0.00929023 -0.00399804
-0.00140737 -0.00929023           0  0.00229428
 -0.0058981  0.00399804 -0.00229428           0
EndNode1[0]<--->Repeater1[0]
REAL
   0.371356 -0.00443599 0.000437763    0.323973
-0.00443599    0.114068   0.0657605 -0.00614118
0.000437763   0.0657605    0.131812 -0.00760456
   0.323973 -0.00614118 -0.00760456    0.382763
IMAGINARY
          0  0.00824881  -0.0202937 -0.00418188
-0.00824881           0   0.0061274   -0.017157
  0.0202937  -0.0061274           0   0.0160613
 0.00418188    0.017157  -0.0160613           0
EndNode2[0]<--->HoM1[0]
REAL
   0.383632  0.00121175 -0.00186456    0.347549
 0.00121175    0.112532   0.0538779  0.00381009
-0.00186456   0.0538779    0.121483  0.00851587
   0.347549  0.00381009  0.00851587    0.382353
IMAGINARY
          0  0.00421446   0.0165008  -0.0140242
-0.00421446           0   0.0197421 -0.00131092
 -0.0165008  -0.0197421           0  -0.0257335
  0.0140242  0.00131092   0.0257335           0
Repeater1[0]<--->EndNode1[0]
REAL
   0.371356 0.000437763 -0.00443599    0.323973
0.000437763    0.131812   0.0657605 -0.00760456
-0.00443599   0.0657605    0.114068 -0.00614118
   0.323973 -0.00760456 -0.00614118    0.382763
IMAGINARY
          0  -0.0202937  0.00824881 -0.00418188
  0.0202937           0  -0.0061274   0.0160613
-0.00824881   0.0061274           0   -0.017157
 0.00418188  -0.0160613    0.017157           0
Repeater1[0]<--->HoM1[0]
REAL
   0.383632 -0.00186456  0.00121175    0.347549
-0.00186456    0.121483   0.0538779  0.00851587
 0.00121175   0.0538779    0.112532  0.00381009
   0.347549  0.00851587  0.00381009    0.382353
IMAGINARY
          0   0.0165008  0.00421446  -0.0140242
 -0.0165008           0  -0.0197421  -0.0257335
-0.00421446   0.0197421           0 -0.00131092
  0.0140242   0.0257335  0.00131092           0
EndNode1[0]<--->Repeater1[0]
REAL
  0.395833 0.00635709  0.0254726   0.340319
0.00635709   0.106618  0.0508457 -0.0081871
 0.0254726  0.0508457   0.118873  0.0122088
  0.340319 -0.0081871  0.0122088   0.378676
IMAGINARY
           0   0.00296347    0.0103689 -0.000864641
 -0.00296347            0   -0.0214126   0.00763665
  -0.0103689    0.0214126            0     0.012272
 0.000864641  -0.00763665    -0.012272            0
EndNode2[0]<--->HoM1[0]
REAL
   0.367574   0.0050892 -0.00199663    0.318499
  0.0050892    0.131188   0.0684994    0.017185
-0.00199663   0.0684994    0.111386   0.0137443
   0.318499    0.017185   0.0137443    0.389851
IMAGINARY
           0   0.00277939  0.000678034    0.0121777
 -0.00277939            0    0.0075173  -0.00195354
-0.000678034   -0.0075173            0  -0.00915695
  -0.0121777   0.00195354   0.00915695            0
Repeater1[0]<--->EndNode1[0]
REAL
  0.395833  0.0254726 0.00635709   0.340319
 0.0254726   0.118873  0.0508457  0.0122088
0.00635709  0.0508457   0.106618 -0.0081871
  0.340319  0.0122088 -0.0081871   0.378676
IMAGINARY
           0    0.0103689   0.00296347 -0.000864641
  -0.0103689            0    0.0214126     0.012272
 -0.00296347   -0.0214126            0   0.00763665
 0.000864641    -0.012272  -0.00763665            0
Repeater1[0]<--->HoM1[0]
REAL
   0.367574 -0.00199663   0.0050892    0.318499
-0.00199663    0.111386   0.0684994   0.0137443
  0.0050892   0.0684994    0.131188    0.017185
   0.318499   0.0137443    0.017185    0.389851
IMAGINARY
           0  0.000678034   0.00277939    0.0121777
-0.000678034            0   -0.0075173  -0.00915695
 -0.00277939    0.0075173            0  -0.00195354
  -0.0121777   0.00915695   0.00195354            0
EndNode1[0]<--->Repeater1[0]
REAL
   0.386881   0.0183941  -0.0300523     0.34072
  0.0183941    0.125837    0.047891 -0.00311411
 -0.0300523    0.047891    0.109772   -0.032787
    0.34072 -0.00311411   -0.032787     0.37751
IMAGINARY
          0  0.00637384   0.0110753 -0.00316758
-0.00637384           0  0.00573827   0.0227892
 -0.0110753 -0.00573827           0  -0.0216461
 0.00316758  -0.0227892   0.0216461           0
EndNode2[0]<--->HoM1[0]
REAL
   0.392405 -0.00660013  0.00549473    0.336786
-0.00660013    0.116456   0.0568586  -0.0035492
 0.00549473   0.0568586     0.11519   0.0111397
   0.336786  -0.0035492   0.0111397    0.375949
IMAGINARY
          0  0.00188409 -0.00341357  -0.0131832
-0.00188409           0  -0.0125621   0.0136917
 0.00341357   0.0125621           0 -0.00974382
  0.0131832  -0.0136917  0.00974382           0
Repeater1[0]<--->EndNode1[0]
REAL
   0.386881  -0.0300523   0.0183941     0.34072
 -0.0300523    0.109772    0.047891   -0.032787
  0.0183941    0.047891    0.125837 -0.00311411
    0.34072   -0.032787 -0.00311411     0.37751
IMAGINARY
          0   0.0110753  0.00637384 -0.00316758
 -0.0110753           0 -0.00573827  -0.0216461
-0.00637384  0.00573827           0   0.0227892
 0.00316758   0.0216461  -0.0227892           0
Repeater1[0]<--->HoM1[0]
REAL
   0.392405  0.00549473 -0.00660013    0.336786
 0.00549473     0.11519   0.0568586   0.0111397
-0.00660013   0.0568586    0.116456  -0.0035492
   0.336786   0.0111397  -0.0035492    0.375949
IMAGINARY
          0 -0.00341357  0.00188409  -0.0131832
 0.00341357           0   0.0125621 -0.00974382
-0.00188409  -0.0125621           0   0.0136917
  0.0131832  0.00974382  -0.0136917           0
EndNode1[0]<--->Repeater1[0]
REAL
   0.366162  0.00754597 -0.00145592    0.342513
 0.00754597    0.119949   0.0529119   0.0282533
-0.00145592   0.0529119    0.132576   0.0140227
   0.342513   0.0282533   0.0140227    0.381313
IMAGINARY
          0   0.0272716  -0.0160174  0.00700158
 -0.0272716           0 -0.00104132 -0.00877101
  0.0160174  0.00104132           0    0.024119
-0.00700158  0.00877101   -0.024119           0
EndNode2[0]<--->HoM1[0]
REAL
   0.385678 -0.00323828  -0.0114361    0.333675
-0.00323828    0.110553   0.0703459   0.0146786
 -0.0114361   0.0703459    0.120603 -0.00389531
   0.333675   0.0146786 -0.00389531    0.383166
IMAGINARY
          0   0.0145412  0.00688674  -0.0227913
 -0.0145412           0   0.0066205  0.00936813
-0.00688674  -0.0066205           0  -0.0125906
  0.0227913 -0.00936813   0.0125906           0
Repeater1[0]<--->EndNode1[0]
REAL
   0.366162 -0.00145592  0.00754597    0.342513
-0.00145592    0.132576   0.0529119   0.0140227
 0.00754597   0.0529119    0.119949   0.0282533
   0.342513   0.0140227   0.0282533    0.381313
IMAGINARY
          0  -0.0160174   0.0272716  0.00700158
  0.0160174           0  0.00104132    0.024119
 -0.0272716 -0.00104132           0 -0.00877101
-0.00700158   -0.024119  0.00877101           0
Repeater1[0]<--->HoM1[0]
REAL
   0.385678  -0.0114361 -0.00323828    0.333675
 -0.0114361    0.120603   0.0703459 -0.00389531
-0.00323828   0.0703459    0.110553   0.0146786
   0.333675 -0.00389531   0.0146786    0.383166
IMAGINARY
          0  0.00688674   0.0145412  -0.0227913
-0.00688674           0  -0.0066205  -0.0125906
 -0.0145412   0.0066205           0  0.00936813
  0.0227913   0.0125906 -0.00936813           0
EndNode1[0]<--->Repeater1[0]
REAL
   0.392677  0.00890125  0.00559374    0.336851
 0.00890125    0.108586   0.0617186 -0.00234277
 0.00559374   0.0617186    0.122475  -0.0108518
   0.336851 -0.00234277  -0.0108518    0.376263
IMAGINARY
          0  -0.0143746  0.00130198 -0.00147569
  0.0143746           0  0.00342627 -0.00262473
-0.00130198 -0.00342627           0  0.00776083
 0.00147569  0.00262473 -0.00776083           0
EndNode2[0]<--->HoM1[0]
REAL
   0.362595  0.00224233 0.000621574    0.335994
 0.00224233    0.129771     0.06706  -0.0119098
0.000621574     0.06706    0.114504 -0.00423436
   0.335994  -0.0119098 -0.00423436     0.39313
IMAGINARY
          0  -0.0070787  0.00899175  0.00915919
  0.0070787           0    -0.02161  0.00833816
-0.00899175     0.02161           0   -0.028223
-0.00915919 -0.00833816    0.028223           0
Repeater1[0]<--->EndNode1[0]
REAL
   0.392677  0.00559374  0.00890125    0.336851
 0.00559374    0.122475   0.0617186  -0.0108518
 0.00890125   0.0617186    0.108586 -0.00234277
   0.336851  -0.0108518 -0.00234277    0.376263
IMAGINARY
          0  0.00130198  -0.0143746 -0.00147569
-0.00130198           0 -0.00342627  0.00776083
  0.0143746  0.00342627           0 -0.00262473
 0.00147569 -0.00776083  0.00262473           0
Repeater1[0]<--->HoM1[0]
REAL
   0.362595 0.000621574  0.00224233    0.335994
0.000621574    0.114504     0.06706 -0.00423436
 0.00224233     0.06706    0.129771  -0.0119098
   0.335994 -0.00423436  -0.0119098     0.39313
IMAGINARY
          0  0.00899175  -0.0070787  0.00915919
-0.00899175           0     0.02161   -0.028223
  0.0070787    -0.02161           0  0.00833816
-0.00915919    0.028223 -0.00833816           0
EndNode1[0]<--->Repeater1[0]
REAL
  0.371505  0.0163474 0.00493702   0.329704
 0.0163474   0.121172  0.0665461 0.00881298
0.00493702  0.0665461   0.135819  0.0111526
  0.329704 0.00881298  0.0111526   0.371505
IMAGINARY
          0 -0.00557305 -0.00927666   0.0121524
 0.00557305           0 -0.00899186   0.0158556
 0.00927666  0.00899186           0   -0.019427
 -0.0121524  -0.0158556    0.019427           0
EndNode2[0]<--->HoM1[0]
REAL
   0.386881  0.00126521  -0.0078673    0.343257
 0.00126521    0.133869   0.0562204  0.00656181
 -0.0078673   0.0562204    0.123159 -0.00387618
   0.343257  0.00656181 -0.00387618    0.356091
IMAGINARY
          0   0.0305026  -0.0118783   0.0294541
 -0.0305026           0  0.00413764   -0.018545
  0.0118783 -0.00413764           0 -0.00404758
 -0.0294541    0.018545  0.00404758           0
Repeater1[0]<--->EndNode1[0]
REAL
  0.371505 0.00493702  0.0163474   0.329704
0.00493702   0.135819  0.0665461  0.0111526
 0.0163474  0.0665461   0.121172 0.00881298
  0.329704  0.0111526 0.00881298   0.371505
IMAGINARY
          0 -0.00927666 -0.00557305   0.0121524
 0.00927666           0  0.00899186   -0.019427
 0.00557305 -0.00899186           0   0.0158556
 -0.0121524    0.019427  -0.0158556           0
Repeater1[0]<--->HoM1[0]
REAL
   0.386881  -0.0078673  0.00126521    0.343257
 -0.0078673    0.123159   0.0562204 -0.00387618
 0.00126521   0.0562204    0.133869  0.00656181
   0.343257 -0.00387618  0.00656181    0.356091
IMAGINARY
          0  -0.0118783   0.0305026   0.0294541
  0.0118783           0 -0.00413764 -0.00404758
 -0.0305026  0.00413764           0   -0.018545
 -0.0294541  0.00404758    0.018545           0
EndNode1[0]<--->Repeater1[0]
REAL
   0.384807   0.0157189  0.00523639    0.337962
  0.0157189    0.103362   0.0455335 -0.00592987
 0.00523639   0.0455335    0.117061 -0.00809061
   0.337962 -0.00592987 -0.00809061     0.39477
IMAGINARY
          0   0.0235745   -0.012788 -0.00218632
 -0.0235745           0   0.0241989  -0.0159326
   0.012788  -0.0241989           0   0.0090626
 0.00218632   0.0159326  -0.0090626           0
EndNode2[0]<--->HoM1[0]
REAL
  0.386029 0.00323721  0.0135741   0.327185
0.00323721  0.0980392  0.0596814 0.00918268
 0.0135741  0.0596814   0.113971 0.00261455
  0.327185 0.00918268 0.00261455   0.401961
IMAGINARY
           0   0.00509478   -0.0107651  0.000580836
 -0.00509478            0  -0.00892487    0.0180307
   0.0107651   0.00892487            0  -0.00179227
-0.000580836   -0.0180307   0.00179227            0
Repeater1[0]<--->EndNode1[0]
REAL
   0.384807  0.00523639   0.0157189    0.337962
 0.00523639    0.117061   0.0455335 -0.00809061
  0.0157189   0.0455335    0.103362 -0.00592987
   0.337962 -0.00809061 -0.00592987     0.39477
IMAGINARY
          0   -0.012788   0.0235745 -0.00218632
   0.012788           0  -0.0241989   0.0090626
 -0.0235745   0.0241989           0  -0.0159326
 0.00218632  -0.0090626   0.0159326           0
Repeater1[0]<--->HoM1[0]
REAL
  0.386029  0.0135741 0.00323721   0.327185
 0.0135741   0.113971  0.0596814 0.00261455
0.00323721  0.0596814  0.0980392 0.00918268
  0.327185 0.00261455 0.00918268   0.401961
IMAGINARY
           0   -0.0107651   0.00509478  0.000580836
   0.0107651            0   0.00892487  -0.00179227
 -0.00509478  -0.00892487            0    0.0180307
-0.000580836   0.00179227   -0.0180307            0
EndNode1[0]<--->Repeater1[0]
REAL
  0.419619 -0.0169325  0.0190504   0.342145
-0.0169325   0.121253  0.0639192 -0.0101325
 0.0190504  0.0639192  0.0980926  0.0222832
  0.342145 -0.0101325  0.0222832   0.361035
IMAGINARY
          0 -0.00381615 -0.00994861 -0.00917739
 0.00381615           0   0.0125063   0.0139809
 0.00994861  -0.0125063           0  -0.0123129
 0.00917739  -0.0139809   0.0123129           0
EndNode2[0]<--->HoM1[0]
REAL
    0.373526 -0.000901491   0.00279133     0.327514
-0.000901491     0.119266    0.0630261   -0.0122508
  0.00279133    0.0630261     0.110092    0.0063069
    0.327514   -0.0122508    0.0063069     0.397117
IMAGINARY
          0 -0.00208106  0.00509734   0.0099214
 0.00208106           0   0.0118177  -0.0180443
-0.00509734  -0.0118177           0   0.0113289
 -0.0099214   0.0180443  -0.0113289           0
Repeater1[0]<--->EndNode1[0]
REAL
  0.419619  0.0190504 -0.0169325   0.342145
 0.0190504  0.0980926  0.0639192  0.0222832
-0.0169325  0.0639192   0.121253 -0.0101325
  0.342145  0.0222832 -0.0101325   0.361035
IMAGINARY
          0 -0.00994861 -0.00381615 -0.00917739
 0.00994861           0  -0.0125063  -0.0123129
 0.00381615   0.0125063           0   0.0139809
 0.00917739   0.0123129  -0.0139809           0
Repeater1[0]<--->HoM1[0]
REAL
    0.373526   0.00279133 -0.000901491     0.327514
  0.00279133     0.110092    0.0630261    0.0063069
-0.000901491    0.0630261     0.119266   -0.0122508
    0.327514    0.0063069   -0.0122508     0.397117
IMAGINARY
          0  0.00509734 -0.00208106   0.0099214
-0.00509734           0  -0.0118177   0.0113289
 0.00208106   0.0118177           0  -0.0180443
 -0.0099214  -0.0113289   0.0180443           0
EndNode1[0]<--->Repeater1[0]
REAL
    0.39923 -0.00967724  0.00618629     0.33959
-0.00967724    0.109114   0.0759775 -0.00486703
 0.00618629   0.0759775    0.121951 -0.00483463
    0.33959 -0.00486703 -0.00483463    0.369705
IMAGINARY
           0     0.014398  -0.00128499    0.0057047
   -0.014398            0   -0.0057047  0.000620981
  0.00128499    0.0057047            0   0.00751437
  -0.0057047 -0.000620981  -0.00751437            0
EndNode2[0]<--->HoM1[0]
REAL
   0.382244  0.00820066 -0.00812434    0.324822
 0.00820066    0.106042   0.0601909 0.000372397
-0.00812434   0.0601909    0.115906 -0.00949265
   0.324822 0.000372397 -0.00949265    0.395808
IMAGINARY
          0   0.0101401   0.0066187 -0.00982302
 -0.0101401           0 -0.00125912  0.00864847
 -0.0066187  0.00125912           0   0.0089439
 0.00982302 -0.00864847  -0.0089439           0
Repeater1[0]<--->EndNode1[0]
REAL
    0.39923  0.00618629 -0.00967724     0.33959
 0.00618629    0.121951   0.0759775 -0.00483463
-0.00967724   0.0759775    0.109114 -0.00486703
    0.33959 -0.00483463 -0.00486703    0.369705
IMAGINARY
           0  -0.00128499     0.014398    0.0057047
  0.00128499            0    0.0057047   0.00751437
   -0.014398   -0.0057047            0  0.000620981
  -0.0057047  -0.00751437 -0.000620981            0
Repeater1[0]<--->HoM1[0]
REAL
   0.382244 -0.00812434  0.00820066    0.324822
-0.00812434    0.115906   0.0601909 -0.00949265
 0.00820066   0.0601909    0.106042 0.000372397
   0.324822 -0.00949265 0.000372397    0.395808
IMAGINARY
          0   0.0066187   0.0101401 -0.00982302
 -0.0066187           0  0.00125912   0.0089439
 -0.0101401 -0.00125912           0  0.00864847
 0.00982302  -0.0089439 -0.00864847           0
EndNode1[0]<--->Repeater1[0]
REAL
  0.376101  -0.011666  0.0161248   0.322912
 -0.011666   0.119497   0.084185 -0.0167699
 0.0161248   0.084185   0.116981  0.0161821
  0.322912 -0.0167699  0.0161821   0.387421
IMAGINARY
          0 -0.00395422  -0.0134591   0.0122503
 0.00395422           0 -0.00230001 -0.00643482
  0.0134591  0.00230001           0   0.0145643
 -0.0122503  0.00643482  -0.0145643           0
EndNode2[0]<--->HoM1[0]
REAL
   0.401003   -0.014187 -0.00476244    0.334118
  -0.014187    0.122807   0.0699551  -0.0116633
-0.00476244   0.0699551   0.0977444  0.00433153
   0.334118  -0.0116633  0.00433153    0.378446
IMAGINARY
          0   0.0256764  -0.0213456  -0.0057952
 -0.0256764           0 -0.00517254  0.00619413
  0.0213456  0.00517254           0  0.00660287
  0.0057952 -0.00619413 -0.00660287           0
Repeater1[0]<--->EndNode1[0]
REAL
  0.376101  0.0161248  -0.011666   0.322912
 0.0161248   0.116981   0.084185  0.0161821
 -0.011666   0.084185   0.119497 -0.0167699
  0.322912  0.0161821 -0.0167699   0.387421
IMAGINARY
          0  -0.0134591 -0.00395422   0.0122503
  0.0134591           0  0.00230001   0.0145643
 0.00395422 -0.00230001           0 -0.00643482
 -0.0122503  -0.0145643  0.00643482           0
Repeater1[0]<--->HoM1[0]
REAL
   0.401003 -0.00476244   -0.014187    0.334118
-0.00476244   0.0977444   0.0699551  0.00433153
  -0.014187   0.0699551    0.122807  -0.0116633
   0.334118  0.00433153  -0.0116633    0.378446
IMAGINARY
          0  -0.0213456   0.0256764  -0.0057952
  0.0213456           0  0.00517254  0.00660287
 -0.0256764 -0.00517254           0  0.00619413
  0.0057952 -0.00660287 -0.00619413           0
EndNode1[0]<--->Repeater1[0]
REAL
   0.381935 -0.00218857  -0.0143459    0.316489
-0.00218857    0.105806   0.0843898   0.0124638
 -0.0143459   0.0843898    0.132903  -0.0034576
   0.316489   0.0124638  -0.0034576    0.379355
IMAGINARY
          0 -0.00271734 -0.00361367  -0.0151781
 0.00271734           0 -0.00881674  0.00361367
 0.00361367  0.00881674           0  0.00642104
  0.0151781 -0.00361367 -0.00642104           0
EndNode2[0]<--->HoM1[0]
REAL
   0.399471  -0.0280242 -0.00978533    0.327433
 -0.0280242    0.101852   0.0518975 0.000824753
-0.00978533   0.0518975    0.109788   0.0130899
   0.327433 0.000824753   0.0130899    0.388889
IMAGINARY
          0 -0.00326512  -0.0161938   0.0163104
 0.00326512           0   0.0169393 -0.00209121
  0.0161938  -0.0169393           0 -0.00871471
 -0.0163104  0.00209121  0.00871471           0
Repeater1[0]<--->EndNode1[0]
REAL
   0.381935  -0.0143459 -0.00218857    0.316489
 -0.0143459    0.132903   0.0843898  -0.0034576
-0.00218857   0.0843898    0.105806   0.0124638
   0.316489  -0.0034576   0.0124638    0.379355
IMAGINARY
          0 -0.00361367 -0.00271734  -0.0151781
 0.00361367           0  0.00881674  0.00642104
 0.00271734 -0.00881674           0  0.00361367
  0.0151781 -0.00642104 -0.00361367           0
Repeater1[0]<--->HoM1[0]
REAL
   0.399471 -0.00978533  -0.0280242    0.327433
-0.00978533    0.109788   0.0518975   0.0130899
 -0.0280242   0.0518975    0.101852 0.000824753
   0.327433   0.0130899 0.000824753    0.388889
IMAGINARY
          0  -0.0161938 -0.00326512   0.0163104
  0.0161938           0  -0.0169393 -0.00871471
 0.00326512   0.0169393           0 -0.00209121
 -0.0163104  0.00871471  0.00209121           0
EndNode1[0]<--->Repeater1[0]
REAL
  0.357947 0.00566955  0.0161266   0.331504
0.00566955   0.107635  0.0609693 -0.0201588
 0.0161266  0.0609693   0.117647 0.00373905
  0.331504 -0.0201588 0.00373905   0.416771
IMAGINARY
          0 -0.00619211  0.00128518   0.0112433
 0.00619211           0  0.00188003 -0.00584841
-0.00128518 -0.00188003           0 -0.00749759
 -0.0112433  0.00584841  0.00749759           0
EndNode2[0]<--->HoM1[0]
REAL
  0.391892  0.0129759 -0.0157206   0.331474
 0.0129759   0.117936  0.0535556   0.011529
-0.0157206  0.0535556   0.132678 0.00438937
  0.331474   0.011529 0.00438937   0.357494
IMAGINARY
           0  -0.00229784      0.01699   0.00347781
  0.00229784            0   0.00154731 -0.000492528
    -0.01699  -0.00154731            0 -0.000240229
 -0.00347781  0.000492528  0.000240229            0
Repeater1[0]<--->EndNode1[0]
REAL
  0.357947  0.0161266 0.00566955   0.331504
 0.0161266   0.117647  0.0609693 0.00373905
0.00566955  0.0609693   0.107635 -0.0201588
  0.331504 0.00373905 -0.0201588   0.416771
IMAGINARY
          0  0.00128518 -0.00619211   0.0112433
-0.00128518           0 -0.00188003 -0.00749759
 0.00619211  0.00188003           0 -0.00584841
 -0.0112433  0.00749759  0.00584841           0
Repeater1[0]<--->HoM1[0]
REAL
  0.391892 -0.0157206  0.0129759   0.331474
-0.0157206   0.132678  0.0535556 0.00438937
 0.0129759  0.0535556   0.117936   0.011529
  0.331474 0.00438937   0.011529   0.357494
IMAGINARY
           0      0.01699  -0.00229784   0.00347781
    -0.01699            0  -0.00154731 -0.000240229
  0.00229784   0.00154731            0 -0.000492528
 -0.00347781  0.000240229  0.000492528            0
EndNode1[0]<--->Repeater1[0]
REAL
   0.399749  0.00250344 0.000526407    0.333325
 0.00250344    0.134085   0.0711769  0.00424849
0.000526407   0.0711769    0.106516 -0.00318556
   0.333325  0.00424849 -0.00318556    0.359649
IMAGINARY
          0 -0.00451067   0.0102566 -0.00302861
 0.00451067           0   0.0141688  0.00508865
 -0.0102566  -0.0141688           0 -0.00060442
 0.00302861 -0.00508865  0.00060442           0
EndNode2[0]<--->HoM1[0]
REAL
   0.408088  0.00358202 -0.00662291    0.317758
 0.00358202   0.0906863   0.0531251   0.0112342
-0.00662291   0.0531251    0.116422  0.00629941
   0.317758   0.0112342  0.00629941    0.384804
IMAGINARY
          0   0.0175905   -0.010771  -0.0049684
 -0.0175905           0  0.00222114  0.00267639
   0.010771 -0.00222114           0 -0.00326919
  0.0049684 -0.00267639  0.00326919           0
Repeater1[0]<--->EndNode1[0]
REAL
   0.399749 0.000526407  0.00250344    0.333325
0.000526407    0.106516   0.0711769 -0.00318556
 0.00250344   0.0711769    0.134085  0.00424849
   0.333325 -0.00318556  0.00424849    0.359649
IMAGINARY
